# 121 angles,  1 tensor ranks for 0=projectile
@subtitle   "12C(d,p)13C"                                                                   
@legend ON
@legend x1 0.2
@legend y1 0.8
@g0 type LOGY
@yaxis ticklabel format power
@legend string   0 "Lab energy =   30.0000"
#legend string   0 "Partition=  2 Excit=  4 near/far= 1"
#  Theta       sigma       iT11        T20         T21         T22         Kyy for projectile
   0.000       55.33    
  0.5000       55.33    
   1.000       55.33    
   1.500       55.34    
   2.000       55.34    
   2.500       55.35    
   3.000       55.35    
   3.500       55.36    
   4.000       55.35    
   4.500       55.34    
   5.000       55.31    
   5.500       55.28    
   6.000       55.22    
   6.500       55.15    
   7.000       55.05    
   7.500       54.93    
   8.000       54.78    
   8.500       54.60    
   9.000       54.38    
   9.500       54.12    
   10.00       53.82    
   10.50       53.47    
   11.00       53.08    
   11.50       52.63    
   12.00       52.13    
   12.50       51.58    
   13.00       50.97    
   13.50       50.31    
   14.00       49.59    
   14.50       48.81    
   15.00       47.97    
   15.50       47.08    
   16.00       46.13    
   16.50       45.13    
   17.00       44.08    
   17.50       42.98    
   18.00       41.83    
   18.50       40.65    
   19.00       39.43    
   19.50       38.18    
   20.00       36.91    
   20.50       35.61    
   21.00       34.30    
   21.50       32.99    
   22.00       31.67    
   22.50       30.35    
   23.00       29.05    
   23.50       27.75    
   24.00       26.48    
   24.50       25.23    
   25.00       24.01    
   25.50       22.83    
   26.00       21.68    
   26.50       20.56    
   27.00       19.49    
   27.50       18.47    
   28.00       17.49    
   28.50       16.55    
   29.00       15.67    
   29.50       14.82    
   30.00       14.03    
   30.50       13.28    
   31.00       12.58    
   31.50       11.92    
   32.00       11.31    
   32.50       10.74    
   33.00       10.21    
   33.50       9.713    
   34.00       9.257    
   34.50       8.837    
   35.00       8.451    
   35.50       8.097    
   36.00       7.774    
   36.50       7.482    
   37.00       7.217    
   37.50       6.979    
   38.00       6.767    
   38.50       6.580    
   39.00       6.417    
   39.50       6.275    
   40.00       6.155    
   40.50       6.056    
   41.00       5.975    
   41.50       5.912    
   42.00       5.866    
   42.50       5.835    
   43.00       5.818    
   43.50       5.814    
   44.00       5.822    
   44.50       5.839    
   45.00       5.864    
   45.50       5.896    
   46.00       5.934    
   46.50       5.975    
   47.00       6.019    
   47.50       6.063    
   48.00       6.106    
   48.50       6.148    
   49.00       6.186    
   49.50       6.220    
   50.00       6.249    
   50.50       6.272    
   51.00       6.288    
   51.50       6.296    
   52.00       6.297    
   52.50       6.289    
   53.00       6.274    
   53.50       6.250    
   54.00       6.218    
   54.50       6.178    
   55.00       6.131    
   55.50       6.076    
   56.00       6.015    
   56.50       5.947    
   57.00       5.873    
   57.50       5.794    
   58.00       5.710    
   58.50       5.622    
   59.00       5.529    
   59.50       5.433    
   60.00       5.335    
 END
