# 121 angles,  1 tensor ranks for 0=projectile
@subtitle   "12C(d,p)13C"                                                                   
@legend ON
@legend x1 0.2
@legend y1 0.8
@g0 type LOGY
@yaxis ticklabel format power
@legend string   0 "Lab energy =   30.0000"
#legend string   0 "Partition=  2 Excit=  1 near/far= 1"
#  Theta       sigma       iT11        T20         T21         T22         Kyy for projectile
   0.000       10.97    
  0.5000       10.97    
   1.000       10.99    
   1.500       11.01    
   2.000       11.04    
   2.500       11.08    
   3.000       11.12    
   3.500       11.16    
   4.000       11.21    
   4.500       11.25    
   5.000       11.30    
   5.500       11.33    
   6.000       11.36    
   6.500       11.37    
   7.000       11.38    
   7.500       11.37    
   8.000       11.34    
   8.500       11.29    
   9.000       11.22    
   9.500       11.13    
   10.00       11.02    
   10.50       10.88    
   11.00       10.72    
   11.50       10.54    
   12.00       10.34    
   12.50       10.12    
   13.00       9.871    
   13.50       9.607    
   14.00       9.325    
   14.50       9.028    
   15.00       8.717    
   15.50       8.395    
   16.00       8.063    
   16.50       7.724    
   17.00       7.381    
   17.50       7.035    
   18.00       6.688    
   18.50       6.344    
   19.00       6.003    
   19.50       5.668    
   20.00       5.341    
   20.50       5.023    
   21.00       4.716    
   21.50       4.420    
   22.00       4.138    
   22.50       3.870    
   23.00       3.617    
   23.50       3.379    
   24.00       3.157    
   24.50       2.951    
   25.00       2.761    
   25.50       2.587    
   26.00       2.429    
   26.50       2.285    
   27.00       2.157    
   27.50       2.043    
   28.00       1.943    
   28.50       1.856    
   29.00       1.782    
   29.50       1.718    
   30.00       1.666    
   30.50       1.623    
   31.00       1.589    
   31.50       1.563    
   32.00       1.544    
   32.50       1.531    
   33.00       1.524    
   33.50       1.521    
   34.00       1.522    
   34.50       1.527    
   35.00       1.533    
   35.50       1.541    
   36.00       1.550    
   36.50       1.560    
   37.00       1.569    
   37.50       1.578    
   38.00       1.586    
   38.50       1.593    
   39.00       1.597    
   39.50       1.600    
   40.00       1.600    
   40.50       1.599    
   41.00       1.594    
   41.50       1.587    
   42.00       1.577    
   42.50       1.564    
   43.00       1.549    
   43.50       1.531    
   44.00       1.510    
   44.50       1.487    
   45.00       1.461    
   45.50       1.433    
   46.00       1.404    
   46.50       1.372    
   47.00       1.338    
   47.50       1.303    
   48.00       1.267    
   48.50       1.230    
   49.00       1.191    
   49.50       1.152    
   50.00       1.113    
   50.50       1.073    
   51.00       1.033    
   51.50      0.9937    
   52.00      0.9542    
   52.50      0.9153    
   53.00      0.8769    
   53.50      0.8393    
   54.00      0.8026    
   54.50      0.7670    
   55.00      0.7324    
   55.50      0.6991    
   56.00      0.6671    
   56.50      0.6365    
   57.00      0.6073    
   57.50      0.5796    
   58.00      0.5535    
   58.50      0.5289    
   59.00      0.5059    
   59.50      0.4845    
   60.00      0.4646    
 END
