# 181 angles,  3 tensor ranks for 0=projectile
@subtitle   "9Be(6Li,d)13C CDCC+CRC, adapted from 58Ni(6Li,d) 31-channel card"              
@legend ON
@legend x1 0.2
@legend y1 0.8
@g0 type LOGY
@yaxis ticklabel format power
@legend string   0 "Lab energy =   32.0000"
#legend string   0 "Partition=  1 Excit=  9 near/far= 1"
#  Theta       sigma       iT11        T20         T21         T22         Kyy for projectile
   0.000      0.1252       0.000      0.2910E-01   0.000       0.000    
   1.000      0.1234      0.3278E-01  0.2935E-01 -0.3802E-02 -0.2008E-02
   2.000      0.1180      0.5748E-01  0.2996E-01 -0.9001E-02 -0.8033E-02
   3.000      0.1097      0.6647E-01  0.3052E-01 -0.1655E-01 -0.1817E-01
   4.000      0.9933E-01  0.5295E-01  0.3033E-01 -0.2647E-01 -0.3278E-01
   5.000      0.8836E-01  0.1192E-01  0.2834E-01 -0.3717E-01 -0.5249E-01
   6.000      0.7829E-01 -0.5689E-01  0.2316E-01 -0.4491E-01 -0.7758E-01
   7.000      0.7030E-01 -0.1445      0.1329E-01 -0.4430E-01 -0.1068    
   8.000      0.6477E-01 -0.2319     -0.2204E-02 -0.3107E-01 -0.1368    
   9.000      0.6106E-01 -0.2995     -0.2342E-01 -0.5404E-02 -0.1632    
   10.00      0.5775E-01 -0.3396     -0.5035E-01  0.2851E-01 -0.1838    
   11.00      0.5327E-01 -0.3569     -0.8424E-01  0.6638E-01 -0.1992    
   12.00      0.4654E-01 -0.3615     -0.1286      0.1066     -0.2113    
   13.00      0.3749E-01 -0.3615     -0.1901      0.1507     -0.2220    
   14.00      0.2710E-01 -0.3620     -0.2819      0.2022     -0.2317    
   15.00      0.1705E-01 -0.3648     -0.4291      0.2655     -0.2374    
   16.00      0.9059E-02 -0.3660     -0.6753      0.3339     -0.2217    
   17.00      0.4289E-02 -0.3410     -0.9792      0.3014     -0.1116    
   18.00      0.3039E-02 -0.2637     -0.6239     -0.1078      0.1156    
   19.00      0.4747E-02 -0.2546      0.7717E-01 -0.3275      0.9530E-01
   20.00      0.8286E-02 -0.2808      0.2626     -0.2680     -0.7493E-02
   21.00      0.1237E-01 -0.2950      0.2615     -0.1853     -0.8001E-01
   22.00      0.1594E-01 -0.2914      0.2146     -0.1166     -0.1319    
   23.00      0.1835E-01 -0.2660      0.1520     -0.5951E-01 -0.1741    
   24.00      0.1943E-01 -0.2119      0.7903E-01 -0.1006E-01 -0.2120    
   25.00      0.1938E-01 -0.1209     -0.3332E-02  0.3305E-01 -0.2473    
   26.00      0.1864E-01  0.1251E-01 -0.9244E-01  0.6834E-01 -0.2782    
   27.00      0.1769E-01  0.1840     -0.1805      0.9197E-01 -0.2999    
   28.00      0.1694E-01  0.3714     -0.2539      0.9940E-01 -0.3059    
   29.00      0.1665E-01  0.5362     -0.2975      0.8896E-01 -0.2915    
   30.00      0.1690E-01  0.6408     -0.3038      0.6441E-01 -0.2583    
   31.00      0.1761E-01  0.6699     -0.2781      0.3361E-01 -0.2135    
   32.00      0.1856E-01  0.6337     -0.2330      0.4022E-02 -0.1659    
   33.00      0.1950E-01  0.5542     -0.1811     -0.2001E-01 -0.1217    
   34.00      0.2017E-01  0.4519     -0.1306     -0.3719E-01 -0.8336E-01
   35.00      0.2040E-01  0.3409     -0.8575E-01 -0.4779E-01 -0.5130E-01
   36.00      0.2010E-01  0.2292     -0.4815E-01 -0.5259E-01 -0.2470E-01
   37.00      0.1930E-01  0.1218     -0.1855E-01 -0.5228E-01 -0.2503E-02
   38.00      0.1810E-01  0.2210E-01  0.2365E-02 -0.4727E-01  0.1624E-01
   39.00      0.1663E-01 -0.6615E-01  0.1366E-01 -0.3779E-01  0.3226E-01
   40.00      0.1506E-01 -0.1383      0.1413E-01 -0.2403E-01  0.4600E-01
   41.00      0.1352E-01 -0.1891      0.2693E-02 -0.6378E-02  0.5759E-01
   42.00      0.1212E-01 -0.2135     -0.2092E-01  0.1436E-01  0.6696E-01
   43.00      0.1091E-01 -0.2092     -0.5544E-01  0.3687E-01  0.7391E-01
   44.00      0.9915E-02 -0.1781     -0.9771E-01  0.5950E-01  0.7837E-01
   45.00      0.9107E-02 -0.1271     -0.1431      0.8061E-01  0.8056E-01
   46.00      0.8453E-02 -0.6651E-01 -0.1865      0.9902E-01  0.8100E-01
   47.00      0.7908E-02 -0.7138E-02 -0.2239      0.1142      0.8041E-01
   48.00      0.7429E-02  0.4236E-01 -0.2531      0.1263      0.7946E-01
   49.00      0.6982E-02  0.7701E-01 -0.2735      0.1356      0.7862E-01
   50.00      0.6544E-02  0.9545E-01 -0.2861      0.1427      0.7811E-01
   51.00      0.6101E-02  0.9910E-01 -0.2925      0.1477      0.7797E-01
   52.00      0.5651E-02  0.9101E-01 -0.2946      0.1509      0.7815E-01
   53.00      0.5198E-02  0.7487E-01 -0.2942      0.1522      0.7859E-01
   54.00      0.4747E-02  0.5428E-01 -0.2928      0.1516      0.7931E-01
   55.00      0.4309E-02  0.3225E-01 -0.2916      0.1489      0.8038E-01
   56.00      0.3892E-02  0.1096E-01 -0.2914      0.1441      0.8184E-01
   57.00      0.3504E-02 -0.8225E-02 -0.2929      0.1373      0.8371E-01
   58.00      0.3150E-02 -0.2469E-01 -0.2963      0.1286      0.8589E-01
   59.00      0.2832E-02 -0.3841E-01 -0.3016      0.1181      0.8816E-01
   60.00      0.2552E-02 -0.4977E-01 -0.3084      0.1062      0.9019E-01
   61.00      0.2306E-02 -0.5944E-01 -0.3164      0.9317E-01  0.9159E-01
   62.00      0.2092E-02 -0.6832E-01 -0.3250      0.7956E-01  0.9193E-01
   63.00      0.1903E-02 -0.7740E-01 -0.3334      0.6571E-01  0.9072E-01
   64.00      0.1736E-02 -0.8771E-01 -0.3410      0.5194E-01  0.8743E-01
   65.00      0.1588E-02 -0.1002     -0.3474      0.3836E-01  0.8146E-01
   66.00      0.1455E-02 -0.1155     -0.3521      0.2495E-01  0.7221E-01
   67.00      0.1336E-02 -0.1340     -0.3549      0.1148E-01  0.5917E-01
   68.00      0.1231E-02 -0.1558     -0.3559     -0.2279E-02  0.4211E-01
   69.00      0.1138E-02 -0.1806     -0.3555     -0.1648E-01  0.2118E-01
   70.00      0.1054E-02 -0.2079     -0.3542     -0.3111E-01 -0.3117E-02
   71.00      0.9799E-03 -0.2371     -0.3526     -0.4591E-01 -0.2997E-01
   72.00      0.9121E-03 -0.2677     -0.3513     -0.6047E-01 -0.5850E-01
   73.00      0.8498E-03 -0.2993     -0.3503     -0.7432E-01 -0.8786E-01
   74.00      0.7924E-03 -0.3314     -0.3497     -0.8700E-01 -0.1174    
   75.00      0.7396E-03 -0.3632     -0.3490     -0.9822E-01 -0.1465    
   76.00      0.6916E-03 -0.3942     -0.3477     -0.1079     -0.1748    
   77.00      0.6487E-03 -0.4238     -0.3456     -0.1160     -0.2018    
   78.00      0.6110E-03 -0.4511     -0.3424     -0.1228     -0.2272    
   79.00      0.5779E-03 -0.4758     -0.3382     -0.1286     -0.2508    
   80.00      0.5487E-03 -0.4975     -0.3332     -0.1335     -0.2724    
   81.00      0.5221E-03 -0.5161     -0.3276     -0.1379     -0.2921    
   82.00      0.4971E-03 -0.5318     -0.3212     -0.1420     -0.3099    
   83.00      0.4724E-03 -0.5448     -0.3138     -0.1460     -0.3260    
   84.00      0.4477E-03 -0.5556     -0.3051     -0.1501     -0.3403    
   85.00      0.4224E-03 -0.5646     -0.2945     -0.1543     -0.3529    
   86.00      0.3967E-03 -0.5722     -0.2817     -0.1587     -0.3636    
   87.00      0.3707E-03 -0.5791     -0.2665     -0.1630     -0.3725    
   88.00      0.3450E-03 -0.5858     -0.2492     -0.1671     -0.3796    
   89.00      0.3198E-03 -0.5929     -0.2303     -0.1705     -0.3851    
   90.00      0.2957E-03 -0.6005     -0.2107     -0.1729     -0.3892    
   91.00      0.2731E-03 -0.6080     -0.1917     -0.1736     -0.3922    
   92.00      0.2521E-03 -0.6147     -0.1748     -0.1724     -0.3945    
   93.00      0.2329E-03 -0.6190     -0.1616     -0.1688     -0.3966    
   94.00      0.2158E-03 -0.6189     -0.1535     -0.1627     -0.3987    
   95.00      0.2007E-03 -0.6121     -0.1516     -0.1539     -0.4008    
   96.00      0.1876E-03 -0.5963     -0.1563     -0.1426     -0.4026    
   97.00      0.1763E-03 -0.5703     -0.1670     -0.1295     -0.4034    
   98.00      0.1665E-03 -0.5338     -0.1823     -0.1151     -0.4022    
   99.00      0.1578E-03 -0.4882     -0.2003     -0.9998E-01 -0.3979    
   100.0      0.1499E-03 -0.4358     -0.2185     -0.8474E-01 -0.3895    
   101.0      0.1426E-03 -0.3792     -0.2346     -0.6958E-01 -0.3766    
   102.0      0.1359E-03 -0.3213     -0.2469     -0.5455E-01 -0.3592    
   103.0      0.1298E-03 -0.2645     -0.2543     -0.3963E-01 -0.3385    
   104.0      0.1245E-03 -0.2109     -0.2568     -0.2481E-01 -0.3161    
   105.0      0.1200E-03 -0.1613     -0.2552     -0.1008E-01 -0.2944    
   106.0      0.1163E-03 -0.1156     -0.2507      0.4591E-02 -0.2753    
   107.0      0.1135E-03 -0.7253E-01 -0.2444      0.1929E-01 -0.2606    
   108.0      0.1116E-03 -0.3015E-01 -0.2370      0.3415E-01 -0.2511    
   109.0      0.1103E-03  0.1348E-01 -0.2291      0.4926E-01 -0.2468    
   110.0      0.1094E-03  0.5955E-01 -0.2209      0.6461E-01 -0.2474    
   111.0      0.1088E-03  0.1079     -0.2128      0.7996E-01 -0.2516    
   112.0      0.1079E-03  0.1569     -0.2051      0.9492E-01 -0.2578    
   113.0      0.1065E-03  0.2039     -0.1980      0.1091     -0.2642    
   114.0      0.1040E-03  0.2454     -0.1919      0.1221     -0.2689    
   115.0      0.9996E-04  0.2786     -0.1866      0.1339     -0.2704    
   116.0      0.9412E-04  0.3007     -0.1817      0.1446     -0.2681    
   117.0      0.8640E-04  0.3100     -0.1766      0.1544     -0.2616    
   118.0      0.7706E-04  0.3049     -0.1701      0.1632     -0.2514    
   119.0      0.6662E-04  0.2844     -0.1610      0.1708     -0.2379    
   120.0      0.5578E-04  0.2473     -0.1480      0.1763     -0.2223    
   121.0      0.4528E-04  0.1930     -0.1300      0.1784     -0.2058    
   122.0      0.3585E-04  0.1214     -0.1066      0.1755     -0.1908    
   123.0      0.2804E-04  0.3478E-01 -0.7957E-01  0.1664     -0.1809    
   124.0      0.2224E-04 -0.5637E-01 -0.5444E-01  0.1528     -0.1820    
   125.0      0.1863E-04 -0.1288     -0.4104E-01  0.1431     -0.2007    
   126.0      0.1708E-04 -0.1559     -0.4713E-01  0.1501     -0.2381    
   127.0      0.1726E-04 -0.1344     -0.6853E-01  0.1800     -0.2849    
   128.0      0.1869E-04 -0.8997E-01 -0.9216E-01  0.2249     -0.3285    
   129.0      0.2079E-04 -0.4932E-01 -0.1085      0.2726     -0.3630    
   130.0      0.2305E-04 -0.2467E-01 -0.1149      0.3147     -0.3884    
   131.0      0.2499E-04 -0.1704E-01 -0.1129      0.3475     -0.4072    
   132.0      0.2625E-04 -0.2294E-01 -0.1042      0.3698     -0.4218    
   133.0      0.2661E-04 -0.3774E-01 -0.9050E-01  0.3815     -0.4340    
   134.0      0.2599E-04 -0.5661E-01 -0.7263E-01  0.3825     -0.4445    
   135.0      0.2445E-04 -0.7442E-01 -0.5100E-01  0.3727     -0.4528    
   136.0      0.2216E-04 -0.8548E-01 -0.2584E-01  0.3527     -0.4570    
   137.0      0.1937E-04 -0.8363E-01  0.2184E-02  0.3243     -0.4544    
   138.0      0.1637E-04 -0.6308E-01  0.3103E-01  0.2918     -0.4422    
   139.0      0.1347E-04 -0.2038E-01  0.5536E-01  0.2644     -0.4178    
   140.0      0.1102E-04  0.4064E-01  0.6349E-01  0.2574     -0.3808    
   141.0      0.9401E-05  0.1003      0.3700E-01  0.2890     -0.3393    
   142.0      0.8933E-05  0.1244     -0.3363E-01  0.3591     -0.3139    
   143.0      0.9849E-05  0.1017     -0.1231      0.4275     -0.3223    
   144.0      0.1223E-04  0.6696E-01 -0.1924      0.4533     -0.3546    
   145.0      0.1600E-04  0.5484E-01 -0.2312      0.4363     -0.3891    
   146.0      0.2095E-04  0.7302E-01 -0.2499      0.3957     -0.4141    
   147.0      0.2672E-04  0.1150     -0.2596      0.3466     -0.4277    
   148.0      0.3286E-04  0.1724     -0.2662      0.2969     -0.4314    
   149.0      0.3878E-04  0.2390     -0.2719      0.2503     -0.4273    
   150.0      0.4390E-04  0.3105     -0.2772      0.2081     -0.4169    
   151.0      0.4766E-04  0.3843     -0.2815      0.1705     -0.4008    
   152.0      0.4971E-04  0.4581     -0.2839      0.1372     -0.3792    
   153.0      0.4992E-04  0.5287     -0.2827      0.1078     -0.3513    
   154.0      0.4843E-04  0.5907     -0.2755      0.8178E-01 -0.3169    
   155.0      0.4562E-04  0.6347     -0.2592      0.5863E-01 -0.2759    
   156.0      0.4206E-04  0.6443     -0.2300      0.3778E-01 -0.2300    
   157.0      0.3846E-04  0.5949     -0.1843      0.1836E-01 -0.1840    
   158.0      0.3565E-04  0.4597     -0.1220     -0.8426E-03 -0.1470    
   159.0      0.3448E-04  0.2322     -0.5240E-01 -0.2069E-01 -0.1319    
   160.0      0.3570E-04 -0.4443E-01  0.4885E-02 -0.4063E-01 -0.1477    
   161.0      0.3986E-04 -0.2867      0.3110E-01 -0.5840E-01 -0.1893    
   162.0      0.4724E-04 -0.4306      0.2341E-01 -0.7160E-01 -0.2398    
   163.0      0.5785E-04 -0.4683     -0.6628E-02 -0.7937E-01 -0.2839    
   164.0      0.7136E-04 -0.4271     -0.4486E-01 -0.8225E-01 -0.3149    
   165.0      0.8716E-04 -0.3389     -0.8150E-01 -0.8138E-01 -0.3326    
   166.0      0.1043E-03 -0.2271     -0.1115     -0.7792E-01 -0.3392    
   167.0      0.1217E-03 -0.1057     -0.1330     -0.7290E-01 -0.3375    
   168.0      0.1382E-03  0.1735E-01 -0.1453     -0.6711E-01 -0.3293    
   169.0      0.1527E-03  0.1373     -0.1490     -0.6121E-01 -0.3158    
   170.0      0.1642E-03  0.2509     -0.1446     -0.5570E-01 -0.2977    
   171.0      0.1723E-03  0.3546     -0.1330     -0.5093E-01 -0.2751    
   172.0      0.1768E-03  0.4448     -0.1152     -0.4709E-01 -0.2480    
   173.0      0.1776E-03  0.5163     -0.9248E-01 -0.4412E-01 -0.2167    
   174.0      0.1753E-03  0.5630     -0.6616E-01 -0.4166E-01 -0.1814    
   175.0      0.1706E-03  0.5772     -0.3779E-01 -0.3909E-01 -0.1428    
   176.0      0.1646E-03  0.5506     -0.9246E-02 -0.3553E-01 -0.1027    
   177.0      0.1584E-03  0.4764      0.1717E-01 -0.3007E-01 -0.6386E-01
   178.0      0.1532E-03  0.3532      0.3881E-01 -0.2213E-01 -0.3069E-01
   179.0      0.1497E-03  0.1886      0.5310E-01 -0.1180E-01 -0.8065E-02
   180.0      0.1485E-03   0.000      0.5810E-01   0.000       0.000    
 END
