# 181 angles,  3 tensor ranks for 0=projectile
@subtitle   "9Be(6Li,d)13C CDCC+CRC, adapted from 58Ni(6Li,d) 31-channel card"              
@legend ON
@legend x1 0.2
@legend y1 0.8
@g0 type LOGY
@yaxis ticklabel format power
@legend string   0 "Lab energy =   32.0000"
#legend string   0 "Partition=  1 Excit=  1 near/far= 1"
#  Theta       sigma       iT11        T20         T21         T22         Kyy for projectile
  0.1000E-01   1.000      0.2119E-10 -0.8646E-08  0.9255E-12 -0.1753E-14
   1.000       1.013      0.1214E-04 -0.4334E-04  0.4715E-06 -0.9749E-07
   2.000      0.9585     -0.8691E-04  0.1956E-03 -0.4114E-05  0.1477E-05
   3.000      0.8354     -0.5743E-03  0.7729E-03 -0.2446E-04  0.1440E-04
   4.000      0.7087     -0.1528E-02  0.1431E-02 -0.5999E-04  0.5109E-04
   5.000      0.6265     -0.2516E-02  0.1679E-02 -0.8700E-04  0.1054E-03
   6.000      0.6092     -0.2582E-02  0.1073E-02 -0.6594E-04  0.1296E-03
   7.000      0.6520     -0.1158E-02 -0.2278E-03  0.1474E-04  0.6335E-04
   8.000      0.7333      0.1390E-02 -0.1651E-02  0.1249E-03 -0.1126E-03
   9.000      0.8224      0.4441E-02 -0.2817E-02  0.2295E-03 -0.3881E-03
   10.00      0.8888      0.7660E-02 -0.3635E-02  0.3075E-03 -0.7592E-03
   11.00      0.9083      0.1097E-01 -0.4121E-02  0.3446E-03 -0.1241E-02
   12.00      0.8691      0.1442E-01 -0.4283E-02  0.3221E-03 -0.1871E-02
   13.00      0.7725      0.1807E-01 -0.4053E-02  0.2059E-03 -0.2712E-02
   14.00      0.6330      0.2195E-01 -0.3226E-02 -0.7205E-04 -0.3866E-02
   15.00      0.4743      0.2584E-01 -0.1302E-02 -0.6522E-03 -0.5483E-02
   16.00      0.3241      0.2866E-01  0.2853E-02 -0.1821E-02 -0.7708E-02
   17.00      0.2086      0.2652E-01  0.1130E-01 -0.4019E-02 -0.1018E-01
   18.00      0.1469      0.1174E-01  0.2369E-01 -0.6850E-02 -0.1025E-01
   19.00      0.1480     -0.8979E-02  0.2821E-01 -0.7182E-02 -0.4910E-02
   20.00      0.2089     -0.1398E-01  0.2112E-01 -0.4797E-02  0.4503E-03
   21.00      0.3158     -0.8182E-02  0.1345E-01 -0.2681E-02  0.2587E-02
   22.00      0.4470     -0.4330E-03  0.8553E-02 -0.1447E-02  0.2921E-02
   23.00      0.5774      0.6914E-02  0.5744E-02 -0.8157E-03  0.2519E-02
   24.00      0.6828      0.1373E-01  0.4251E-02 -0.5694E-03  0.1769E-02
   25.00      0.7443      0.2029E-01  0.3645E-02 -0.6111E-03  0.7764E-03
   26.00      0.7514      0.2693E-01  0.3734E-02 -0.9213E-03 -0.4744E-03
   27.00      0.7030      0.3402E-01  0.4479E-02 -0.1538E-02 -0.2071E-02
   28.00      0.6073      0.4198E-01  0.5965E-02 -0.2561E-02 -0.4185E-02
   29.00      0.4798      0.5147E-01  0.8433E-02 -0.4190E-02 -0.7142E-02
   30.00      0.3401      0.6363E-01  0.1239E-01 -0.6822E-02 -0.1160E-01
   31.00      0.2083      0.8081E-01  0.1885E-01 -0.1131E-01 -0.1909E-01
   32.00      0.1023      0.1086      0.2987E-01 -0.1973E-01 -0.3407E-01
   33.00      0.3446E-01  0.1583      0.4511E-01 -0.3651E-01 -0.7283E-01
   34.00      0.1045E-01  0.8284E-01 -0.5021E-01 -0.8343E-02 -0.1117    
   35.00      0.2895E-01 -0.6271E-01 -0.1045      0.4863E-01  0.1246E-01
   36.00      0.8238E-01 -0.2483E-01 -0.6938E-01  0.3734E-01  0.2260E-01
   37.00      0.1587      0.2108E-02 -0.5243E-01  0.2978E-01  0.1968E-01
   38.00      0.2434      0.2085E-01 -0.4337E-01  0.2522E-01  0.1630E-01
   39.00      0.3224      0.3588E-01 -0.3784E-01  0.2211E-01  0.1328E-01
   40.00      0.3835      0.4935E-01 -0.3411E-01  0.1967E-01  0.1052E-01
   41.00      0.4185      0.6250E-01 -0.3142E-01  0.1747E-01  0.7829E-02
   42.00      0.4234      0.7619E-01 -0.2941E-01  0.1524E-01  0.5053E-02
   43.00      0.3993      0.9122E-01 -0.2789E-01  0.1269E-01  0.2021E-02
   44.00      0.3509      0.1086     -0.2686E-01  0.9543E-02 -0.1466E-02
   45.00      0.2860      0.1296     -0.2655E-01  0.5345E-02 -0.5690E-02
   46.00      0.2139      0.1567     -0.2766E-01 -0.6184E-03 -0.1111E-01
   47.00      0.1437      0.1942     -0.3230E-01 -0.9696E-02 -0.1858E-01
   48.00      0.8341E-01  0.2512     -0.4744E-01 -0.2473E-01 -0.2989E-01
   49.00      0.3878E-01  0.3484     -0.1025     -0.5220E-01 -0.4928E-01
   50.00      0.1282E-01  0.5021     -0.3675     -0.9784E-01 -0.8214E-01
   51.00      0.5749E-02  0.8590E-01  -1.063      0.3089E-01 -0.1597E-01
   52.00      0.1529E-01 -0.2461     -0.5252      0.1388      0.5139E-01
   53.00      0.3729E-01 -0.1616     -0.2757      0.1171      0.3772E-01
   54.00      0.6653E-01 -0.9430E-01 -0.1901      0.1003      0.2465E-01
   55.00      0.9753E-01 -0.4851E-01 -0.1529      0.9019E-01  0.1453E-01
   56.00      0.1253     -0.1463E-01 -0.1347      0.8404E-01  0.5910E-02
   57.00      0.1460      0.1270E-01 -0.1259      0.8029E-01 -0.2173E-02
   58.00      0.1572      0.3640E-01 -0.1228      0.7818E-01 -0.1034E-01
   59.00      0.1580      0.5821E-01 -0.1240      0.7731E-01 -0.1908E-01
   60.00      0.1490      0.7925E-01 -0.1290      0.7754E-01 -0.2885E-01
   61.00      0.1322      0.1003     -0.1382      0.7891E-01 -0.4019E-01
   62.00      0.1101      0.1216     -0.1525      0.8160E-01 -0.5373E-01
   63.00      0.8572E-01  0.1430     -0.1738      0.8595E-01 -0.7028E-01
   64.00      0.6208E-01  0.1620     -0.2049      0.9240E-01 -0.9057E-01
   65.00      0.4169E-01  0.1699     -0.2489      0.1009     -0.1140    
   66.00      0.2641E-01  0.1399     -0.3023      0.1082     -0.1328    
   67.00      0.1729E-01  0.1535E-01 -0.3265      0.9946E-01 -0.1173    
   68.00      0.1455E-01 -0.1975     -0.2362      0.5384E-01 -0.3207E-01
   69.00      0.1770E-01 -0.3086     -0.8034E-01  0.3003E-03  0.5748E-01
   70.00      0.2563E-01 -0.2859      0.1420E-01 -0.2658E-01  0.8926E-01
   71.00      0.3689E-01 -0.2276      0.5158E-01 -0.3656E-01  0.8792E-01
   72.00      0.4985E-01 -0.1742      0.6401E-01 -0.4134E-01  0.7676E-01
   73.00      0.6294E-01 -0.1314      0.6730E-01 -0.4545E-01  0.6400E-01
   74.00      0.7479E-01 -0.9732E-01  0.6755E-01 -0.5032E-01  0.5192E-01
   75.00      0.8437E-01 -0.6947E-01  0.6703E-01 -0.5634E-01  0.4106E-01
   76.00      0.9102E-01 -0.4575E-01  0.6660E-01 -0.6357E-01  0.3148E-01
   77.00      0.9447E-01 -0.2458E-01  0.6653E-01 -0.7193E-01  0.2319E-01
   78.00      0.9482E-01 -0.4694E-02  0.6686E-01 -0.8125E-01  0.1623E-01
   79.00      0.9242E-01  0.1490E-01  0.6745E-01 -0.9124E-01  0.1070E-01
   80.00      0.8785E-01  0.3502E-01  0.6808E-01 -0.1015      0.6800E-02
   81.00      0.8175E-01  0.5620E-01  0.6846E-01 -0.1114      0.4751E-02
   82.00      0.7482E-01  0.7859E-01  0.6820E-01 -0.1201      0.4800E-02
   83.00      0.6768E-01  0.1017      0.6689E-01 -0.1266      0.7134E-02
   84.00      0.6088E-01  0.1240      0.6419E-01 -0.1295      0.1179E-01
   85.00      0.5485E-01  0.1429      0.5995E-01 -0.1274      0.1852E-01
   86.00      0.4991E-01  0.1546      0.5442E-01 -0.1194      0.2671E-01
   87.00      0.4624E-01  0.1551      0.4837E-01 -0.1051      0.3536E-01
   88.00      0.4398E-01  0.1417      0.4298E-01 -0.8569E-01  0.4330E-01
   89.00      0.4316E-01  0.1151      0.3945E-01 -0.6332E-01  0.4958E-01
   90.00      0.4378E-01  0.7989E-01  0.3848E-01 -0.4088E-01  0.5384E-01
   91.00      0.4577E-01  0.4320E-01  0.3982E-01 -0.2084E-01  0.5639E-01
   92.00      0.4906E-01  0.1224E-01  0.4246E-01 -0.4536E-02  0.5794E-01
   93.00      0.5349E-01 -0.8018E-02  0.4507E-01  0.7891E-02  0.5924E-01
   94.00      0.5887E-01 -0.1560E-01  0.4645E-01  0.1707E-01  0.6077E-01
   95.00      0.6495E-01 -0.1100E-01  0.4579E-01  0.2387E-01  0.6272E-01
   96.00      0.7142E-01  0.3800E-02  0.4271E-01  0.2907E-01  0.6499E-01
   97.00      0.7790E-01  0.2626E-01  0.3718E-01  0.3325E-01  0.6740E-01
   98.00      0.8394E-01  0.5384E-01  0.2935E-01  0.3670E-01  0.6970E-01
   99.00      0.8912E-01  0.8429E-01  0.1947E-01  0.3958E-01  0.7167E-01
   100.0      0.9299E-01  0.1158      0.7833E-02  0.4191E-01  0.7313E-01
   101.0      0.9515E-01  0.1468     -0.5307E-02  0.4363E-01  0.7392E-01
   102.0      0.9535E-01  0.1761     -0.1971E-01  0.4471E-01  0.7393E-01
   103.0      0.9342E-01  0.2026     -0.3514E-01  0.4508E-01  0.7304E-01
   104.0      0.8940E-01  0.2251     -0.5132E-01  0.4475E-01  0.7113E-01
   105.0      0.8353E-01  0.2424     -0.6786E-01  0.4386E-01  0.6805E-01
   106.0      0.7620E-01  0.2525     -0.8406E-01  0.4274E-01  0.6363E-01
   107.0      0.6799E-01  0.2530     -0.9870E-01  0.4212E-01  0.5767E-01
   108.0      0.5959E-01  0.2406     -0.1096      0.4338E-01  0.5005E-01
   109.0      0.5175E-01  0.2119     -0.1133      0.4881E-01  0.4093E-01
   110.0      0.4518E-01  0.1650     -0.1051      0.6164E-01  0.3114E-01
   111.0      0.4052E-01  0.1037     -0.8088E-01  0.8486E-01  0.2259E-01
   112.0      0.3820E-01  0.4114E-01 -0.4126E-01  0.1184      0.1803E-01
   113.0      0.3844E-01 -0.3534E-02  0.5164E-02  0.1570      0.1947E-01
   114.0      0.4122E-01 -0.1784E-01  0.4563E-01  0.1919      0.2636E-01
   115.0      0.4622E-01 -0.3850E-02  0.7168E-01  0.2173      0.3608E-01
   116.0      0.5288E-01  0.2728E-01  0.8247E-01  0.2321      0.4592E-01
   117.0      0.6044E-01  0.6446E-01  0.8157E-01  0.2385      0.5435E-01
   118.0      0.6804E-01  0.1006      0.7318E-01  0.2392      0.6085E-01
   119.0      0.7479E-01  0.1321      0.6047E-01  0.2361      0.6539E-01
   120.0      0.7987E-01  0.1576      0.4548E-01  0.2305      0.6809E-01
   121.0      0.8264E-01  0.1763      0.2943E-01  0.2229      0.6898E-01
   122.0      0.8272E-01  0.1877      0.1314E-01  0.2134      0.6792E-01
   123.0      0.8002E-01  0.1909     -0.2682E-02  0.2017      0.6454E-01
   124.0      0.7479E-01  0.1845     -0.1709E-01  0.1872      0.5817E-01
   125.0      0.6758E-01  0.1656     -0.2844E-01  0.1690      0.4777E-01
   126.0      0.5919E-01  0.1306     -0.3381E-01  0.1459      0.3183E-01
   127.0      0.5056E-01  0.7475E-01 -0.2805E-01  0.1167      0.8656E-02
   128.0      0.4272E-01 -0.5412E-02 -0.3349E-02  0.8184E-01 -0.2268E-01
   129.0      0.3659E-01 -0.1053      0.4880E-01  0.4516E-01 -0.5970E-01
   130.0      0.3292E-01 -0.2028      0.1293      0.1689E-01 -0.9309E-01
   131.0      0.3219E-01 -0.2608      0.2204      0.9811E-02 -0.1084    
   132.0      0.3450E-01 -0.2555      0.2920      0.2752E-01 -0.9779E-01
   133.0      0.3959E-01 -0.1997      0.3267      0.6011E-01 -0.6797E-01
   134.0      0.4686E-01 -0.1239      0.3290      0.9479E-01 -0.3150E-01
   135.0      0.5539E-01 -0.5030E-01  0.3120      0.1245      0.3052E-02
   136.0      0.6410E-01  0.1197E-01  0.2858      0.1475      0.3242E-01
   137.0      0.7184E-01  0.6124E-01  0.2563      0.1645      0.5615E-01
   138.0      0.7755E-01  0.9855E-01  0.2258      0.1764      0.7462E-01
   139.0      0.8039E-01  0.1253      0.1949      0.1840      0.8806E-01
   140.0      0.7987E-01  0.1421      0.1635      0.1877      0.9616E-01
   141.0      0.7593E-01  0.1485      0.1308      0.1867      0.9762E-01
   142.0      0.6897E-01  0.1422      0.9618E-01  0.1794      0.8964E-01
   143.0      0.5981E-01  0.1176      0.5946E-01  0.1624      0.6688E-01
   144.0      0.4964E-01  0.6488E-01  0.2251E-01  0.1289      0.1991E-01
   145.0      0.3989E-01 -0.3180E-01 -0.7156E-02  0.6848E-01 -0.6560E-01
   146.0      0.3207E-01 -0.1866     -0.9911E-02 -0.2972E-01 -0.2022    
   147.0      0.2759E-01 -0.3788      0.4532E-01 -0.1560     -0.3705    
   148.0      0.2760E-01 -0.5147      0.1635     -0.2532     -0.4860    
   149.0      0.3280E-01 -0.5137      0.2864     -0.2659     -0.4773    
   150.0      0.4339E-01 -0.4171      0.3608     -0.2146     -0.3835    
   151.0      0.5894E-01 -0.3019      0.3883     -0.1468     -0.2742    
   152.0      0.7845E-01 -0.2030      0.3892     -0.8626E-01 -0.1809    
   153.0      0.1004     -0.1261      0.3779     -0.3769E-01 -0.1082    
   154.0      0.1229     -0.6756E-01  0.3614      0.4233E-03 -0.5285E-01
   155.0      0.1439     -0.2279E-01  0.3425      0.3060E-01 -0.1102E-01
   156.0      0.1613      0.1165E-01  0.3219      0.5494E-01  0.2026E-01
   157.0      0.1734      0.3797E-01  0.2994      0.7488E-01  0.4267E-01
   158.0      0.1789      0.5721E-01  0.2740      0.9123E-01  0.5674E-01
   159.0      0.1773      0.6918E-01  0.2443      0.1041      0.6179E-01
   160.0      0.1688      0.7217E-01  0.2080      0.1129      0.5568E-01
   161.0      0.1546      0.6219E-01  0.1619      0.1155      0.3422E-01
   162.0      0.1368      0.3181E-01  0.1021      0.1077     -0.9541E-02
   163.0      0.1181     -0.3084E-01  0.2553E-01  0.8219E-01 -0.8517E-01
   164.0      0.1019     -0.1393     -0.6474E-01  0.2876E-01 -0.2001    
   165.0      0.9183E-01 -0.2934     -0.1484     -0.5780E-01 -0.3436    
   166.0      0.9135E-01 -0.4520     -0.1850     -0.1597     -0.4662    
   167.0      0.1037     -0.5450     -0.1487     -0.2354     -0.5072    
   168.0      0.1312     -0.5463     -0.6460E-01 -0.2603     -0.4621    
   169.0      0.1753     -0.4896      0.2425E-01 -0.2467     -0.3765    
   170.0      0.2360     -0.4150      0.9608E-01 -0.2163     -0.2888    
   171.0      0.3121     -0.3432      0.1483     -0.1827     -0.2145    
   172.0      0.4009     -0.2806      0.1848     -0.1514     -0.1557    
   173.0      0.4984     -0.2276      0.2102     -0.1239     -0.1105    
   174.0      0.5997     -0.1827      0.2279     -0.1000     -0.7609E-01
   175.0      0.6992     -0.1442      0.2402     -0.7921E-01 -0.5006E-01
   176.0      0.7909     -0.1104      0.2489     -0.6078E-01 -0.3068E-01
   177.0      0.8691     -0.8006E-01  0.2548     -0.4414E-01 -0.1670E-01
   178.0      0.9290     -0.5213E-01  0.2586     -0.2876E-01 -0.7253E-02
   179.0      0.9666     -0.2570E-01  0.2608     -0.1418E-01 -0.1788E-02
   180.0      0.9794     -0.2557E-03  0.2615     -0.1411E-03 -0.1778E-06
 END
