# 181 angles,  3 tensor ranks for 0=projectile
@subtitle   "9Be(6Li,d)13C CDCC+CRC, adapted from 58Ni(6Li,d) 31-channel card"              
@legend ON
@legend x1 0.2
@legend y1 0.8
@g0 type LOGY
@yaxis ticklabel format power
@legend string   0 "Lab energy =   32.0000"
#legend string   0 "Partition=  1 Excit=  3 near/far= 1"
#  Theta       sigma       iT11        T20         T21         T22         Kyy for projectile
   0.000       1.600       0.000      0.1402E-01   0.000       0.000    
   1.000       1.524      0.2199E-02  0.1320E-01  0.9560E-02 -0.2938E-03
   2.000       1.313      0.5240E-02  0.1030E-01  0.2019E-01 -0.1287E-02
   3.000       1.016      0.1049E-01  0.3666E-02  0.3325E-01 -0.3389E-02
   4.000      0.6949      0.2095E-01 -0.1122E-01  0.5078E-01 -0.7634E-02
   5.000      0.4094      0.4476E-01 -0.4748E-01  0.7592E-01 -0.1670E-01
   6.000      0.2001      0.1080     -0.1486      0.1113     -0.3835E-01
   7.000      0.8167E-01  0.2948     -0.4599      0.1301     -0.9318E-01
   8.000      0.4473E-01  0.5713     -0.9448     -0.3968E-01 -0.1487    
   9.000      0.6398E-01  0.4060     -0.6811     -0.2044     -0.7803E-01
   10.00      0.1093      0.2327     -0.3813     -0.2006     -0.2711E-01
   11.00      0.1551      0.1553     -0.2393     -0.1783     -0.5994E-02
   12.00      0.1851      0.1189     -0.1654     -0.1630      0.4302E-02
   13.00      0.1937      0.9933E-01 -0.1195     -0.1545      0.1035E-01
   14.00      0.1830      0.8564E-01 -0.8589E-01 -0.1508      0.1424E-01
   15.00      0.1595      0.7036E-01 -0.5793E-01 -0.1499      0.1642E-01
   16.00      0.1306      0.4543E-01 -0.3384E-01 -0.1498      0.1644E-01
   17.00      0.1023      0.9737E-03 -0.1604E-01 -0.1474      0.1316E-01
   18.00      0.7803E-01 -0.7310E-01 -0.1171E-01 -0.1388      0.5182E-02
   19.00      0.5903E-01 -0.1813     -0.3200E-01 -0.1201     -0.8223E-02
   20.00      0.4487E-01 -0.3150     -0.8796E-01 -0.9017E-01 -0.2583E-01
   21.00      0.3440E-01 -0.4510     -0.1842     -0.5291E-01 -0.4392E-01
   22.00      0.2641E-01 -0.5603     -0.3163     -0.1714E-01 -0.5740E-01
   23.00      0.2005E-01 -0.6205     -0.4728      0.5210E-02 -0.6144E-01
   24.00      0.1491E-01 -0.6193     -0.6373     -0.5871E-03 -0.5237E-01
   25.00      0.1089E-01 -0.5556     -0.7813     -0.5330E-01 -0.2894E-01
   26.00      0.8010E-02 -0.4468     -0.8508     -0.1707      0.2534E-02
   27.00      0.6307E-02 -0.3448     -0.7738     -0.3404      0.1848E-01
   28.00      0.5725E-02 -0.3151     -0.5488     -0.4822     -0.1417E-01
   29.00      0.6125E-02 -0.3509     -0.3162     -0.5110     -0.9354E-01
   30.00      0.7307E-02 -0.3779     -0.1984     -0.4454     -0.1798    
   31.00      0.9026E-02 -0.3549     -0.1895     -0.3527     -0.2467    
   32.00      0.1102E-01 -0.2859     -0.2379     -0.2707     -0.2921    
   33.00      0.1305E-01 -0.1861     -0.3068     -0.2081     -0.3217    
   34.00      0.1490E-01 -0.6790E-01 -0.3774     -0.1623     -0.3402    
   35.00      0.1643E-01  0.6014E-01 -0.4412     -0.1289     -0.3506    
   36.00      0.1756E-01  0.1910     -0.4935     -0.1043     -0.3540    
   37.00      0.1826E-01  0.3176     -0.5318     -0.8624E-01 -0.3510    
   38.00      0.1853E-01  0.4325     -0.5552     -0.7349E-01 -0.3425    
   39.00      0.1842E-01  0.5285     -0.5644     -0.6549E-01 -0.3295    
   40.00      0.1797E-01  0.6009     -0.5614     -0.6178E-01 -0.3140    
   41.00      0.1725E-01  0.6479     -0.5495     -0.6182E-01 -0.2980    
   42.00      0.1631E-01  0.6718     -0.5325     -0.6488E-01 -0.2837    
   43.00      0.1525E-01  0.6785     -0.5134     -0.7023E-01 -0.2726    
   44.00      0.1414E-01  0.6759     -0.4947     -0.7734E-01 -0.2649    
   45.00      0.1306E-01  0.6717     -0.4771     -0.8604E-01 -0.2595    
   46.00      0.1209E-01  0.6710     -0.4608     -0.9639E-01 -0.2540    
   47.00      0.1128E-01  0.6751     -0.4454     -0.1083     -0.2454    
   48.00      0.1065E-01  0.6812     -0.4314     -0.1212     -0.2314    
   49.00      0.1017E-01  0.6853     -0.4203     -0.1335     -0.2110    
   50.00      0.9833E-02  0.6839     -0.4139     -0.1431     -0.1846    
   51.00      0.9583E-02  0.6759     -0.4133     -0.1480     -0.1540    
   52.00      0.9379E-02  0.6625     -0.4183     -0.1469     -0.1212    
   53.00      0.9181E-02  0.6456     -0.4273     -0.1392     -0.8788E-01
   54.00      0.8957E-02  0.6271     -0.4385     -0.1255     -0.5539E-01
   55.00      0.8681E-02  0.6083     -0.4500     -0.1070     -0.2485E-01
   56.00      0.8336E-02  0.5903     -0.4610     -0.8505E-01  0.2838E-02
   57.00      0.7919E-02  0.5738     -0.4711     -0.6083E-01  0.2700E-01
   58.00      0.7445E-02  0.5594     -0.4800     -0.3544E-01  0.4718E-01
   59.00      0.6939E-02  0.5474     -0.4876     -0.9952E-02  0.6323E-01
   60.00      0.6430E-02  0.5378     -0.4935      0.1434E-01  0.7541E-01
   61.00      0.5939E-02  0.5298     -0.4972      0.3593E-01  0.8446E-01
   62.00      0.5476E-02  0.5220     -0.4990      0.5334E-01  0.9147E-01
   63.00      0.5036E-02  0.5132     -0.4999      0.6556E-01  0.9765E-01
   64.00      0.4608E-02  0.5020     -0.5017      0.7240E-01  0.1040    
   65.00      0.4175E-02  0.4879     -0.5070      0.7445E-01  0.1112    
   66.00      0.3728E-02  0.4711     -0.5184      0.7282E-01  0.1194    
   67.00      0.3267E-02  0.4516     -0.5386      0.6872E-01  0.1285    
   68.00      0.2804E-02  0.4289     -0.5696      0.6322E-01  0.1383    
   69.00      0.2356E-02  0.4011     -0.6127      0.5703E-01  0.1484    
   70.00      0.1942E-02  0.3649     -0.6677      0.5058E-01  0.1577    
   71.00      0.1578E-02  0.3150     -0.7326      0.4403E-01  0.1645    
   72.00      0.1271E-02  0.2451     -0.8028      0.3742E-01  0.1659    
   73.00      0.1023E-02  0.1498     -0.8704      0.3074E-01  0.1580    
   74.00      0.8299E-03  0.2768E-01 -0.9244      0.2395E-01  0.1357    
   75.00      0.6854E-03 -0.1156     -0.9516      0.1695E-01  0.9505E-01
   76.00      0.5818E-03 -0.2651     -0.9411      0.9520E-02  0.3578E-01
   77.00      0.5104E-03 -0.3998     -0.8912      0.1379E-02 -0.3633E-01
   78.00      0.4615E-03 -0.5026     -0.8130     -0.7683E-02 -0.1109    
   79.00      0.4256E-03 -0.5676     -0.7248     -0.1769E-01 -0.1783    
   80.00      0.3947E-03 -0.5997     -0.6422     -0.2847E-01 -0.2335    
   81.00      0.3639E-03 -0.6073     -0.5722     -0.3972E-01 -0.2764    
   82.00      0.3310E-03 -0.5980     -0.5149     -0.5100E-01 -0.3094    
   83.00      0.2964E-03 -0.5767     -0.4660     -0.6182E-01 -0.3357    
   84.00      0.2617E-03 -0.5468     -0.4202     -0.7167E-01 -0.3584    
   85.00      0.2290E-03 -0.5104     -0.3724     -0.8013E-01 -0.3800    
   86.00      0.2005E-03 -0.4697     -0.3194     -0.8696E-01 -0.4016    
   87.00      0.1778E-03 -0.4270     -0.2613     -0.9230E-01 -0.4222    
   88.00      0.1613E-03 -0.3857     -0.2026     -0.9697E-01 -0.4391    
   89.00      0.1501E-03 -0.3496     -0.1504     -0.1025     -0.4498    
   90.00      0.1425E-03 -0.3208     -0.1106     -0.1106     -0.4538    
   91.00      0.1367E-03 -0.2985     -0.8504E-01 -0.1224     -0.4518    
   92.00      0.1315E-03 -0.2797     -0.7182E-01 -0.1387     -0.4450    
   93.00      0.1264E-03 -0.2621     -0.6829E-01 -0.1595     -0.4346    
   94.00      0.1212E-03 -0.2448     -0.7305E-01 -0.1851     -0.4225    
   95.00      0.1156E-03 -0.2294     -0.8709E-01 -0.2161     -0.4112    
   96.00      0.1097E-03 -0.2180     -0.1138     -0.2532     -0.4029    
   97.00      0.1036E-03 -0.2116     -0.1576     -0.2956     -0.3975    
   98.00      0.9836E-04 -0.2092     -0.2212     -0.3385     -0.3920    
   99.00      0.9499E-04 -0.2071     -0.3018     -0.3719     -0.3811    
   100.0      0.9446E-04 -0.1997     -0.3889     -0.3836     -0.3617    
   101.0      0.9722E-04 -0.1817     -0.4669     -0.3659     -0.3350    
   102.0      0.1033E-03 -0.1506     -0.5220     -0.3203     -0.3057    
   103.0      0.1123E-03 -0.1081     -0.5470     -0.2562     -0.2783    
   104.0      0.1238E-03 -0.5983E-01 -0.5427     -0.1862     -0.2548    
   105.0      0.1366E-03 -0.1268E-01 -0.5161     -0.1210     -0.2345    
   106.0      0.1492E-03  0.2801E-01 -0.4774     -0.6704E-01 -0.2163    
   107.0      0.1596E-03  0.6003E-01 -0.4361     -0.2609E-01 -0.1991    
   108.0      0.1663E-03  0.8414E-01 -0.3987      0.3019E-02 -0.1831    
   109.0      0.1687E-03  0.1031     -0.3693      0.2258E-01 -0.1692    
   110.0      0.1670E-03  0.1208     -0.3498      0.3496E-01 -0.1594    
   111.0      0.1621E-03  0.1422     -0.3410      0.4222E-01 -0.1557    
   112.0      0.1552E-03  0.1722     -0.3426      0.4613E-01 -0.1597    
   113.0      0.1474E-03  0.2151     -0.3523      0.4816E-01 -0.1715    
   114.0      0.1400E-03  0.2717     -0.3658      0.4955E-01 -0.1889    
   115.0      0.1345E-03  0.3376     -0.3762      0.5127E-01 -0.2075    
   116.0      0.1320E-03  0.4019     -0.3767      0.5399E-01 -0.2221    
   117.0      0.1328E-03  0.4520     -0.3639      0.5801E-01 -0.2291    
   118.0      0.1364E-03  0.4793     -0.3403      0.6328E-01 -0.2281    
   119.0      0.1413E-03  0.4827     -0.3113      0.6949E-01 -0.2206    
   120.0      0.1458E-03  0.4643     -0.2821      0.7615E-01 -0.2083    
   121.0      0.1485E-03  0.4255     -0.2555      0.8278E-01 -0.1919    
   122.0      0.1486E-03  0.3657     -0.2325      0.8900E-01 -0.1721    
   123.0      0.1454E-03  0.2827     -0.2140      0.9467E-01 -0.1502    
   124.0      0.1391E-03  0.1743     -0.2005      0.9991E-01 -0.1295    
   125.0      0.1303E-03  0.4048E-01 -0.1924      0.1049     -0.1146    
   126.0      0.1200E-03 -0.1147     -0.1889      0.1096     -0.1116    
   127.0      0.1092E-03 -0.2802     -0.1870      0.1133     -0.1260    
   128.0      0.9876E-04 -0.4380     -0.1814      0.1154     -0.1602    
   129.0      0.8874E-04 -0.5685     -0.1661      0.1151     -0.2122    
   130.0      0.7879E-04 -0.6584     -0.1358      0.1125     -0.2766    
   131.0      0.6865E-04 -0.7021     -0.8641E-01  0.1086     -0.3462    
   132.0      0.5855E-04 -0.6988     -0.1492E-01  0.1061     -0.4135    
   133.0      0.4926E-04 -0.6498      0.7798E-01  0.1094     -0.4689    
   134.0      0.4161E-04 -0.5636      0.1820      0.1257     -0.4996    
   135.0      0.3613E-04 -0.4651      0.2720      0.1627     -0.4953    
   136.0      0.3287E-04 -0.3906      0.3149      0.2218     -0.4570    
   137.0      0.3167E-04 -0.3637      0.2901      0.2915     -0.3994    
   138.0      0.3233E-04 -0.3762      0.2057      0.3493     -0.3419    
   139.0      0.3455E-04 -0.3998      0.9468E-01  0.3754     -0.2978    
   140.0      0.3772E-04 -0.4121     -0.7952E-02  0.3656     -0.2702    
   141.0      0.4077E-04 -0.4088     -0.8428E-01  0.3286     -0.2555    
   142.0      0.4252E-04 -0.3956     -0.1329      0.2748     -0.2482    
   143.0      0.4205E-04 -0.3784     -0.1589      0.2097     -0.2430    
   144.0      0.3903E-04 -0.3601     -0.1679      0.1341     -0.2353    
   145.0      0.3370E-04 -0.3418     -0.1642      0.4687E-01 -0.2214    
   146.0      0.2670E-04 -0.3230     -0.1528     -0.5303E-01 -0.1989    
   147.0      0.1906E-04 -0.2981     -0.1418     -0.1614     -0.1676    
   148.0      0.1235E-04 -0.2368     -0.1457     -0.2362     -0.1358    
   149.0      0.8818E-05 -0.5702E-01 -0.1746     -0.8661E-01 -0.1494    
   150.0      0.1110E-04  0.1396     -0.1673      0.2860     -0.2307    
   151.0      0.2149E-04  0.1559     -0.1185      0.3871     -0.2634    
   152.0      0.4116E-04  0.1258     -0.8375E-01  0.3351     -0.2580    
   153.0      0.6980E-04  0.1065     -0.6588E-01  0.2664     -0.2461    
   154.0      0.1057E-03  0.9923E-01 -0.5905E-01  0.2063     -0.2349    
   155.0      0.1459E-03  0.9898E-01 -0.5941E-01  0.1559     -0.2245    
   156.0      0.1867E-03  0.1017     -0.6430E-01  0.1133     -0.2141    
   157.0      0.2236E-03  0.1046     -0.7174E-01  0.7704E-01 -0.2029    
   158.0      0.2517E-03  0.1062     -0.8030E-01  0.4561E-01 -0.1902    
   159.0      0.2668E-03  0.1056     -0.8916E-01  0.1772E-01 -0.1757    
   160.0      0.2663E-03  0.1024     -0.9806E-01 -0.8012E-02 -0.1587    
   161.0      0.2502E-03  0.9612E-01 -0.1072     -0.3304E-01 -0.1391    
   162.0      0.2206E-03  0.8600E-01 -0.1174     -0.5893E-01 -0.1167    
   163.0      0.1818E-03  0.7040E-01 -0.1296     -0.8763E-01 -0.9244E-01
   164.0      0.1388E-03  0.4645E-01 -0.1454     -0.1221     -0.6886E-01
   165.0      0.9695E-04  0.9023E-02 -0.1655     -0.1671     -0.5304E-01
   166.0      0.6169E-04 -0.4920E-01 -0.1837     -0.2280     -0.6561E-01
   167.0      0.3809E-04 -0.1212     -0.1590     -0.2900     -0.1594    
   168.0      0.3015E-04 -0.1167     -0.5071E-02 -0.2530     -0.3462    
   169.0      0.4005E-04  0.6769E-02  0.1626     -0.1061     -0.3997    
   170.0      0.6782E-04  0.9495E-01  0.2078     -0.1799E-01 -0.3173    
   171.0      0.1117E-03  0.1289      0.2036      0.1130E-01 -0.2315    
   172.0      0.1689E-03  0.1377      0.1929      0.1839E-01 -0.1670    
   173.0      0.2360E-03  0.1349      0.1845      0.1820E-01 -0.1194    
   174.0      0.3089E-03  0.1254      0.1792      0.1573E-01 -0.8353E-01
   175.0      0.3824E-03  0.1112      0.1763      0.1270E-01 -0.5614E-01
   176.0      0.4510E-03  0.9326E-01  0.1753      0.9739E-02 -0.3526E-01
   177.0      0.5091E-03  0.7253E-01  0.1753      0.7009E-02 -0.1968E-01
   178.0      0.5526E-03  0.4963E-01  0.1760      0.4521E-02 -0.8742E-02
   179.0      0.5793E-03  0.2522E-01  0.1767      0.2214E-02 -0.2190E-02
   180.0      0.5882E-03   0.000      0.1770       0.000       0.000    
 END
