 Integrated cross sections for all states
  1  1  3  3.2000E+01  1.4737
   1  31
  1.0  1  0.0000  1.5 -1  0.0000  1.7076E+03  2.8821E+03  1.1745E+03
  3.0  1  2.1860  1.5 -1  0.0000  2.1388E+01
  1.0  1  1.5571  1.5 -1  0.0000  1.0515E-01
  1.0  1  1.8657  1.5 -1  0.0000  2.4157E+00
  1.0  1  2.4930  1.5 -1  0.0000  2.0547E+00
  1.0  1  3.4338  1.5 -1  0.0000  6.9613E+00
  0.0 -1  1.5571  1.5 -1  0.0000  5.3039E-03
  1.0 -1  1.5571  1.5 -1  0.0000  1.5925E-02
  2.0 -1  1.5571  1.5 -1  0.0000  4.7389E-02
  0.0 -1  1.8657  1.5 -1  0.0000  2.6489E-01
  1.0 -1  1.8657  1.5 -1  0.0000  7.0932E-01
  2.0 -1  1.8657  1.5 -1  0.0000  1.4422E+00
  0.0 -1  2.4930  1.5 -1  0.0000  8.7386E-01
  1.0 -1  2.4930  1.5 -1  0.0000  2.5617E+00
  2.0 -1  2.4930  1.5 -1  0.0000  2.7551E+00
  0.0 -1  3.4338  1.5 -1  0.0000  1.0896E+00
  1.0 -1  3.4338  1.5 -1  0.0000  4.3336E+00
  2.0 -1  3.4338  1.5 -1  0.0000  3.4378E+00
  3.0  1  3.2182  1.5 -1  0.0000  4.9048E+00
  2.0 -1  1.5571  1.5 -1  0.0000  3.0109E-03
  3.0 -1  1.5571  1.5 -1  0.0000  3.6559E-03
  4.0 -1  1.5571  1.5 -1  0.0000  6.0971E-03
  2.0 -1  1.8657  1.5 -1  0.0000  8.4933E-01
  3.0 -1  1.8657  1.5 -1  0.0000  9.6401E-01
  4.0 -1  1.8657  1.5 -1  0.0000  1.3586E+00
  2.0 -1  2.4930  1.5 -1  0.0000  1.4498E+00
  3.0 -1  2.4930  1.5 -1  0.0000  1.8276E+00
  4.0 -1  2.4930  1.5 -1  0.0000  3.2859E+00
  2.0 -1  3.4338  1.5 -1  0.0000  6.2029E-01
  3.0 -1  3.4338  1.5 -1  0.0000  1.0743E+00
  4.0 -1  3.4338  1.5 -1  0.0000  2.7541E+00
   2   1
  0.0  1  0.0000  1.5 -1  0.0000  0.0000E+00
   3   2
  1.0  1  0.0000  0.5 -1  0.0000  1.1351E-01
  1.0  1  0.0000  1.5 -1  9.9894  8.0134E-01
