# 181 angles,  3 tensor ranks for 0=projectile
@subtitle   "9Be(6Li,d)13C CDCC+CRC, adapted from 58Ni(6Li,d) 31-channel card"              
@legend ON
@legend x1 0.2
@legend y1 0.8
@g0 type LOGY
@yaxis ticklabel format power
@legend string   0 "Lab energy =   32.0000"
#legend string   0 "Partition=  1 Excit=  5 near/far= 1"
#  Theta       sigma       iT11        T20         T21         T22         Kyy for projectile
   0.000       29.71       0.000     -0.2375       0.000       0.000    
   1.000       28.71      0.6817E-01 -0.2401     -0.1316E-01 -0.1470E-02
   2.000       25.88      0.1399     -0.2483     -0.2728E-01 -0.6148E-02
   3.000       21.70      0.2190     -0.2632     -0.4347E-01 -0.1493E-01
   4.000       16.84      0.3103     -0.2869     -0.6305E-01 -0.2966E-01
   5.000       12.01      0.4187     -0.3232     -0.8760E-01 -0.5389E-01
   6.000       7.819      0.5469     -0.3777     -0.1182     -0.9419E-01
   7.000       4.654      0.6788     -0.4554     -0.1515     -0.1613    
   8.000       2.641      0.7220     -0.5407     -0.1636     -0.2613    
   9.000       1.672      0.4392     -0.5394     -0.8880E-01 -0.3406    
   10.00       1.477     -0.1338     -0.3649      0.7134E-01 -0.2808    
   11.00       1.720     -0.4676     -0.1855      0.1733     -0.1477    
   12.00       2.094     -0.5150     -0.1013      0.1966     -0.5384E-01
   13.00       2.379     -0.4517     -0.7736E-01  0.1862     -0.3462E-02
   14.00       2.464     -0.3584     -0.8212E-01  0.1630      0.2129E-01
   15.00       2.339     -0.2582     -0.1026      0.1318      0.3075E-01
   16.00       2.055     -0.1564     -0.1343      0.9163E-01  0.2903E-01
   17.00       1.689     -0.5510E-01 -0.1763      0.3958E-01  0.1696E-01
   18.00       1.312      0.4196E-01 -0.2274     -0.2690E-01 -0.6254E-02
   19.00      0.9709      0.1269     -0.2853     -0.1079     -0.4187E-01
   20.00      0.6890      0.1871     -0.3438     -0.1985     -0.9054E-01
   21.00      0.4706      0.2065     -0.3909     -0.2847     -0.1512    
   22.00      0.3111      0.1651     -0.4029     -0.3371     -0.2185    
   23.00      0.2044      0.4214E-01 -0.3325     -0.2975     -0.2735    
   24.00      0.1461     -0.1529     -0.1200     -0.9043E-01 -0.2659    
   25.00      0.1330     -0.3006      0.1651      0.2140     -0.1537    
   26.00      0.1609     -0.2960      0.3010      0.3609     -0.2202E-01
   27.00      0.2223     -0.2272      0.2776      0.3287      0.4503E-01
   28.00      0.3057     -0.1749      0.2064      0.2424      0.6353E-01
   29.00      0.3967     -0.1499      0.1387      0.1615      0.6221E-01
   30.00      0.4799     -0.1441      0.8402E-01  0.9781E-01  0.5480E-01
   31.00      0.5423     -0.1498      0.4062E-01  0.4972E-01  0.4630E-01
   32.00      0.5745     -0.1621      0.4769E-02  0.1354E-01  0.3829E-01
   33.00      0.5727     -0.1779     -0.2707E-01 -0.1383E-01  0.3109E-01
   34.00      0.5388     -0.1944     -0.5824E-01 -0.3449E-01  0.2456E-01
   35.00      0.4796     -0.2085     -0.9230E-01 -0.4948E-01  0.1838E-01
   36.00      0.4053     -0.2144     -0.1334     -0.5869E-01  0.1211E-01
   37.00      0.3275     -0.2009     -0.1862     -0.6049E-01  0.5224E-02
   38.00      0.2575     -0.1486     -0.2543     -0.5138E-01 -0.2788E-02
   39.00      0.2039     -0.3179E-01 -0.3327     -0.2726E-01 -0.1202E-01
   40.00      0.1721      0.1561     -0.3980      0.1053E-01 -0.2126E-01
   41.00      0.1628      0.3629     -0.4151      0.4783E-01 -0.2810E-01
   42.00      0.1733      0.5067     -0.3771      0.6725E-01 -0.3147E-01
   43.00      0.1978      0.5627     -0.3134      0.6624E-01 -0.3294E-01
   44.00      0.2290      0.5612     -0.2520      0.5314E-01 -0.3452E-01
   45.00      0.2596      0.5358     -0.2032      0.3534E-01 -0.3721E-01
   46.00      0.2836      0.5058     -0.1673      0.1626E-01 -0.4132E-01
   47.00      0.2968      0.4792     -0.1416     -0.3164E-02 -0.4695E-01
   48.00      0.2976      0.4590     -0.1235     -0.2313E-01 -0.5420E-01
   49.00      0.2863      0.4459     -0.1114     -0.4431E-01 -0.6331E-01
   50.00      0.2646      0.4400     -0.1040     -0.6760E-01 -0.7467E-01
   51.00      0.2357      0.4414     -0.1010     -0.9401E-01 -0.8884E-01
   52.00      0.2028      0.4503     -0.1026     -0.1247     -0.1065    
   53.00      0.1691      0.4670     -0.1096     -0.1606     -0.1287    
   54.00      0.1371      0.4919     -0.1239     -0.2028     -0.1560    
   55.00      0.1089      0.5244     -0.1477     -0.2510     -0.1892    
   56.00      0.8541E-01  0.5626     -0.1839     -0.3034     -0.2278    
   57.00      0.6698E-01  0.6018     -0.2347     -0.3546     -0.2695    
   58.00      0.5332E-01  0.6341     -0.2991     -0.3952     -0.3096    
   59.00      0.4377E-01  0.6506     -0.3710     -0.4141     -0.3416    
   60.00      0.3746E-01  0.6459     -0.4391     -0.4035     -0.3603    
   61.00      0.3350E-01  0.6229     -0.4917     -0.3656     -0.3649    
   62.00      0.3111E-01  0.5911     -0.5225     -0.3110     -0.3596    
   63.00      0.2969E-01  0.5611     -0.5317     -0.2539     -0.3512    
   64.00      0.2882E-01  0.5404     -0.5240     -0.2054     -0.3450    
   65.00      0.2823E-01  0.5318     -0.5050     -0.1722     -0.3441    
   66.00      0.2780E-01  0.5346     -0.4795     -0.1573     -0.3493    
   67.00      0.2747E-01  0.5461     -0.4519     -0.1608     -0.3595    
   68.00      0.2723E-01  0.5624     -0.4253     -0.1810     -0.3727    
   69.00      0.2707E-01  0.5797     -0.4028     -0.2149     -0.3864    
   70.00      0.2700E-01  0.5948     -0.3868     -0.2583     -0.3979    
   71.00      0.2697E-01  0.6055     -0.3791     -0.3067     -0.4054    
   72.00      0.2694E-01  0.6108     -0.3806     -0.3557     -0.4077    
   73.00      0.2688E-01  0.6105     -0.3914     -0.4016     -0.4042    
   74.00      0.2674E-01  0.6053     -0.4107     -0.4416     -0.3955    
   75.00      0.2648E-01  0.5962     -0.4369     -0.4736     -0.3821    
   76.00      0.2610E-01  0.5840     -0.4677     -0.4965     -0.3651    
   77.00      0.2558E-01  0.5694     -0.5007     -0.5095     -0.3456    
   78.00      0.2495E-01  0.5530     -0.5332     -0.5125     -0.3246    
   79.00      0.2421E-01  0.5352     -0.5627     -0.5060     -0.3032    
   80.00      0.2338E-01  0.5163     -0.5873     -0.4910     -0.2821    
   81.00      0.2249E-01  0.4969     -0.6054     -0.4689     -0.2624    
   82.00      0.2154E-01  0.4772     -0.6167     -0.4420     -0.2446    
   83.00      0.2056E-01  0.4580     -0.6216     -0.4128     -0.2294    
   84.00      0.1954E-01  0.4400     -0.6219     -0.3842     -0.2171    
   85.00      0.1851E-01  0.4238     -0.6202     -0.3589     -0.2078    
   86.00      0.1746E-01  0.4100     -0.6197     -0.3392     -0.2011    
   87.00      0.1642E-01  0.3991     -0.6242     -0.3269     -0.1966    
   88.00      0.1541E-01  0.3910     -0.6370     -0.3226     -0.1932    
   89.00      0.1445E-01  0.3856     -0.6606     -0.3259     -0.1900    
   90.00      0.1357E-01  0.3819     -0.6961     -0.3351     -0.1857    
   91.00      0.1277E-01  0.3790     -0.7424     -0.3473     -0.1791    
   92.00      0.1208E-01  0.3753     -0.7962     -0.3591     -0.1694    
   93.00      0.1150E-01  0.3693     -0.8526     -0.3672     -0.1563    
   94.00      0.1100E-01  0.3599     -0.9060     -0.3687     -0.1402    
   95.00      0.1056E-01  0.3461     -0.9518     -0.3624     -0.1218    
   96.00      0.1014E-01  0.3276     -0.9871     -0.3483     -0.1024    
   97.00      0.9700E-02  0.3043      -1.012     -0.3276     -0.8304E-01
   98.00      0.9201E-02  0.2763      -1.027     -0.3019     -0.6470E-01
   99.00      0.8619E-02  0.2434      -1.036     -0.2722     -0.4796E-01
   100.0      0.7946E-02  0.2053      -1.042     -0.2391     -0.3321E-01
   101.0      0.7195E-02  0.1614      -1.049     -0.2019     -0.2077E-01
   102.0      0.6396E-02  0.1114      -1.058     -0.1586     -0.1111E-01
   103.0      0.5594E-02  0.5570E-01  -1.070     -0.1057     -0.5019E-02
   104.0      0.4837E-02 -0.3316E-02  -1.084     -0.3917E-01 -0.3800E-02
   105.0      0.4172E-02 -0.6008E-01  -1.092      0.4485E-01 -0.9130E-02
   106.0      0.3634E-02 -0.1050      -1.086      0.1465     -0.2251E-01
   107.0      0.3241E-02 -0.1263      -1.055      0.2592     -0.4414E-01
   108.0      0.2993E-02 -0.1156     -0.9937      0.3686     -0.7191E-01
   109.0      0.2872E-02 -0.7444E-01 -0.9069      0.4579     -0.1017    
   110.0      0.2847E-02 -0.1416E-01 -0.8096      0.5170     -0.1294    
   111.0      0.2878E-02  0.5029E-01 -0.7174      0.5461     -0.1528    
   112.0      0.2925E-02  0.1077     -0.6400      0.5527     -0.1716    
   113.0      0.2953E-02  0.1526     -0.5799      0.5454     -0.1864    
   114.0      0.2938E-02  0.1843     -0.5340      0.5311     -0.1976    
   115.0      0.2871E-02  0.2042     -0.4960      0.5133     -0.2046    
   116.0      0.2759E-02  0.2142     -0.4582      0.4927     -0.2058    
   117.0      0.2619E-02  0.2165     -0.4121      0.4682     -0.1984    
   118.0      0.2478E-02  0.2131     -0.3504      0.4374     -0.1796    
   119.0      0.2360E-02  0.2057     -0.2694      0.3985     -0.1481    
   120.0      0.2283E-02  0.1959     -0.1728      0.3520     -0.1055    
   121.0      0.2252E-02  0.1848     -0.7126E-01  0.3017     -0.5765E-01
   122.0      0.2256E-02  0.1728      0.2172E-01  0.2532     -0.1236E-01
   123.0      0.2271E-02  0.1598      0.9608E-01  0.2117      0.2377E-01
   124.0      0.2266E-02  0.1454      0.1483      0.1798      0.4712E-01
   125.0      0.2213E-02  0.1292      0.1800      0.1580      0.5670E-01
   126.0      0.2092E-02  0.1110      0.1957      0.1454      0.5282E-01
   127.0      0.1901E-02  0.9048E-01  0.2009      0.1406      0.3613E-01
   128.0      0.1658E-02  0.6808E-01  0.2020      0.1417      0.7767E-02
   129.0      0.1397E-02  0.4557E-01  0.2082      0.1450     -0.2859E-01
   130.0      0.1166E-02  0.2871E-01  0.2330      0.1426     -0.6143E-01
   131.0      0.1017E-02  0.2960E-01  0.2892      0.1211     -0.6572E-01
   132.0      0.9947E-03  0.5948E-01  0.3684      0.7220E-01 -0.1626E-01
   133.0      0.1128E-02  0.1097      0.4321      0.1138E-01  0.7226E-01
   134.0      0.1423E-02  0.1576      0.4544     -0.3609E-01  0.1538    
   135.0      0.1857E-02  0.1928      0.4447     -0.6299E-01  0.2054    
   136.0      0.2383E-02  0.2181      0.4208     -0.7538E-01  0.2306    
   137.0      0.2938E-02  0.2384      0.3933     -0.8018E-01  0.2390    
   138.0      0.3449E-02  0.2573      0.3662     -0.8181E-01  0.2378    
   139.0      0.3849E-02  0.2769      0.3403     -0.8272E-01  0.2306    
   140.0      0.4086E-02  0.2984      0.3149     -0.8434E-01  0.2191    
   141.0      0.4132E-02  0.3224      0.2887     -0.8763E-01  0.2036    
   142.0      0.3985E-02  0.3491      0.2597     -0.9335E-01  0.1837    
   143.0      0.3672E-02  0.3783      0.2256     -0.1022      0.1585    
   144.0      0.3238E-02  0.4090      0.1835     -0.1149      0.1269    
   145.0      0.2739E-02  0.4390      0.1307     -0.1318      0.8822E-01
   146.0      0.2234E-02  0.4632      0.6541E-01 -0.1528      0.4337E-01
   147.0      0.1775E-02  0.4731     -0.1073E-01 -0.1761     -0.2530E-02
   148.0      0.1400E-02  0.4557     -0.8721E-01 -0.1964     -0.3611E-01
   149.0      0.1132E-02  0.3990     -0.1395     -0.2039     -0.3332E-01
   150.0      0.9797E-03  0.3081     -0.1357     -0.1878      0.2944E-01
   151.0      0.9418E-03  0.2182     -0.6922E-01 -0.1488      0.1446    
   152.0      0.1008E-02  0.1718      0.1849E-01 -0.1046      0.2635    
   153.0      0.1166E-02  0.1780      0.7472E-01 -0.7397E-01  0.3400    
   154.0      0.1397E-02  0.2163      0.7845E-01 -0.6209E-01  0.3631    
   155.0      0.1683E-02  0.2632      0.3714E-01 -0.6465E-01  0.3458    
   156.0      0.1998E-02  0.3040     -0.3281E-01 -0.7531E-01  0.3050    
   157.0      0.2312E-02  0.3328     -0.1169     -0.8912E-01  0.2542    
   158.0      0.2585E-02  0.3481     -0.2053     -0.1030      0.2018    
   159.0      0.2777E-02  0.3506     -0.2927     -0.1152      0.1525    
   160.0      0.2847E-02  0.3409     -0.3774     -0.1247      0.1084    
   161.0      0.2769E-02  0.3183     -0.4602     -0.1306      0.6992E-01
   162.0      0.2533E-02  0.2799     -0.5443     -0.1310      0.3612E-01
   163.0      0.2161E-02  0.2187     -0.6349     -0.1217      0.5020E-02
   164.0      0.1705E-02  0.1197     -0.7383     -0.9220E-01 -0.2690E-01
   165.0      0.1255E-02 -0.4173E-01 -0.8524     -0.1700E-01 -0.6495E-01
   166.0      0.9256E-03 -0.2663     -0.9213      0.1449     -0.1104    
   167.0      0.8561E-03 -0.3844     -0.7879      0.3456     -0.1349    
   168.0      0.1188E-02 -0.2201     -0.5108      0.3789     -0.1072    
   169.0      0.2049E-02 -0.1181E-01 -0.3503      0.2851     -0.6904E-01
   170.0      0.3530E-02  0.1066     -0.3005      0.1947     -0.4464E-01
   171.0      0.5668E-02  0.1593     -0.2936      0.1328     -0.3048E-01
   172.0      0.8436E-02  0.1768     -0.2998      0.9220E-01 -0.2162E-01
   173.0      0.1173E-01  0.1752     -0.3087      0.6505E-01 -0.1552E-01
   174.0      0.1537E-01  0.1626     -0.3171      0.4633E-01 -0.1098E-01
   175.0      0.1914E-01  0.1430     -0.3241      0.3301E-01 -0.7465E-02
   176.0      0.2275E-01  0.1189     -0.3295      0.2321E-01 -0.4722E-02
   177.0      0.2593E-01  0.9161E-01 -0.3336      0.1573E-01 -0.2640E-02
   178.0      0.2841E-01  0.6218E-01 -0.3364      0.9749E-02 -0.1170E-02
   179.0      0.3000E-01  0.3141E-01 -0.3380      0.4664E-02 -0.2922E-03
   180.0      0.3054E-01   0.000     -0.3385       0.000       0.000    
 END
