# 181 angles,  3 tensor ranks for 0=projectile
@subtitle   "9Be(6Li,d)13C CDCC+CRC, adapted from 58Ni(6Li,d) 31-channel card"              
@legend ON
@legend x1 0.2
@legend y1 0.8
@g0 type LOGY
@yaxis ticklabel format power
@legend string   0 "Lab energy =   32.0000"
#legend string   0 "Partition=  1 Excit=  4 near/far= 1"
#  Theta       sigma       iT11        T20         T21         T22         Kyy for projectile
   0.000       36.89       0.000     -0.8774E-02   0.000       0.000    
   1.000       35.13     -0.5263E-02 -0.9642E-02  0.5972E-03  0.6893E-05
   2.000       30.25     -0.1021E-01 -0.1247E-01  0.1350E-02 -0.2492E-05
   3.000       23.32     -0.1428E-01 -0.1809E-01  0.2461E-02 -0.1457E-03
   4.000       15.76     -0.1602E-01 -0.2863E-01  0.4236E-02 -0.7540E-03
   5.000       8.965     -0.1110E-01 -0.5001E-01  0.7161E-02 -0.2858E-02
   6.000       3.936      0.1770E-01 -0.1034      0.1153E-01 -0.1060E-01
   7.000       1.105      0.1750     -0.3016      0.7670E-02 -0.4972E-01
   8.000      0.3213      0.7000     -0.7577     -0.1392     -0.1845    
   9.000       1.018      0.1442     -0.1554     -0.1063     -0.4955E-01
   10.00       2.449     -0.1036E-01 -0.3891E-01 -0.7064E-01 -0.1131E-01
   11.00       3.920     -0.6389E-01 -0.1640E-01 -0.5842E-01  0.1477E-02
   12.00       4.945     -0.9606E-01 -0.1311E-01 -0.5411E-01  0.8797E-02
   13.00       5.305     -0.1225     -0.1660E-01 -0.5347E-01  0.1462E-01
   14.00       5.017     -0.1478     -0.2402E-01 -0.5512E-01  0.2012E-01
   15.00       4.254     -0.1743     -0.3494E-01 -0.5874E-01  0.2567E-01
   16.00       3.252     -0.2036     -0.5004E-01 -0.6463E-01  0.3124E-01
   17.00       2.232     -0.2378     -0.7117E-01 -0.7389E-01  0.3616E-01
   18.00       1.357     -0.2808     -0.1023     -0.8906E-01  0.3819E-01
   19.00      0.7130     -0.3409     -0.1519     -0.1160      0.2975E-01
   20.00      0.3186     -0.4328     -0.2346     -0.1661     -0.1624E-01
   21.00      0.1420     -0.5238     -0.3169     -0.2234     -0.1620    
   22.00      0.1234     -0.4108     -0.1925     -0.1445     -0.2450    
   23.00      0.1954     -0.2937     -0.6690E-01 -0.4765E-01 -0.1394    
   24.00      0.2974     -0.2736     -0.4204E-01 -0.1410E-01 -0.5524E-01
   25.00      0.3846     -0.2846     -0.5150E-01 -0.2358E-02 -0.3620E-02
   26.00      0.4310     -0.3037     -0.7377E-01  0.3500E-02  0.3237E-01
   27.00      0.4291     -0.3237     -0.1052      0.7890E-02  0.6115E-01
   28.00      0.3853     -0.3397     -0.1479      0.1183E-01  0.8627E-01
   29.00      0.3152     -0.3442     -0.2075      0.1449E-01  0.1083    
   30.00      0.2370     -0.3209     -0.2938      0.1225E-01  0.1238    
   31.00      0.1670     -0.2379     -0.4190     -0.4590E-02  0.1213    
   32.00      0.1162     -0.4818E-01 -0.5829     -0.5538E-01  0.7471E-01
   33.00      0.8858E-01  0.2447     -0.7280     -0.1544     -0.4112E-01
   34.00      0.8242E-01  0.4823     -0.7526     -0.2640     -0.1855    
   35.00      0.9176E-01  0.5329     -0.6707     -0.3242     -0.2763    
   36.00      0.1092      0.4712     -0.5814     -0.3368     -0.3064    
   37.00      0.1284      0.3970     -0.5272     -0.3292     -0.3087    
   38.00      0.1450      0.3510     -0.5049     -0.3163     -0.3040    
   39.00      0.1577      0.3421     -0.5012     -0.3020     -0.2992    
   40.00      0.1676      0.3674     -0.5024     -0.2859     -0.2942    
   41.00      0.1772      0.4181     -0.4968     -0.2665     -0.2866    
   42.00      0.1889      0.4797     -0.4760     -0.2435     -0.2737    
   43.00      0.2049      0.5369     -0.4382     -0.2184     -0.2546    
   44.00      0.2261      0.5779     -0.3872     -0.1943     -0.2305    
   45.00      0.2521      0.5988     -0.3305     -0.1737     -0.2038    
   46.00      0.2814      0.6012     -0.2746     -0.1583     -0.1770    
   47.00      0.3117      0.5896     -0.2240     -0.1483     -0.1518    
   48.00      0.3403      0.5687     -0.1807     -0.1432     -0.1292    
   49.00      0.3645      0.5423     -0.1453     -0.1422     -0.1094    
   50.00      0.3820      0.5134     -0.1179     -0.1442     -0.9229E-01
   51.00      0.3912      0.4842     -0.9786E-01 -0.1484     -0.7754E-01
   52.00      0.3915      0.4564     -0.8464E-01 -0.1541     -0.6466E-01
   53.00      0.3834      0.4311     -0.7755E-01 -0.1605     -0.5311E-01
   54.00      0.3680      0.4093     -0.7593E-01 -0.1669     -0.4235E-01
   55.00      0.3471      0.3913     -0.7912E-01 -0.1728     -0.3192E-01
   56.00      0.3226      0.3774     -0.8651E-01 -0.1775     -0.2150E-01
   57.00      0.2961      0.3678     -0.9752E-01 -0.1806     -0.1101E-01
   58.00      0.2693      0.3624     -0.1116     -0.1816     -0.5567E-03
   59.00      0.2433      0.3614     -0.1280     -0.1804      0.9585E-02
   60.00      0.2190      0.3644     -0.1459     -0.1766      0.1905E-01
   61.00      0.1970      0.3710     -0.1642     -0.1706      0.2745E-01
   62.00      0.1774      0.3796     -0.1816     -0.1627      0.3445E-01
   63.00      0.1604      0.3880     -0.1965     -0.1536      0.3977E-01
   64.00      0.1457      0.3936     -0.2080     -0.1446      0.4318E-01
   65.00      0.1329      0.3941     -0.2158     -0.1368      0.4454E-01
   66.00      0.1213      0.3881     -0.2208     -0.1312      0.4382E-01
   67.00      0.1106      0.3758     -0.2243     -0.1286      0.4116E-01
   68.00      0.1001      0.3584     -0.2282     -0.1293      0.3684E-01
   69.00      0.8979E-01  0.3378     -0.2343     -0.1333      0.3129E-01
   70.00      0.7951E-01  0.3155     -0.2440     -0.1403      0.2499E-01
   71.00      0.6941E-01  0.2927     -0.2582     -0.1496      0.1839E-01
   72.00      0.5968E-01  0.2700     -0.2776     -0.1606      0.1187E-01
   73.00      0.5057E-01  0.2469     -0.3023     -0.1724      0.5604E-02
   74.00      0.4229E-01  0.2223     -0.3324     -0.1837     -0.4847E-03
   75.00      0.3496E-01  0.1943     -0.3672     -0.1928     -0.6728E-02
   76.00      0.2867E-01  0.1605     -0.4057     -0.1975     -0.1366E-01
   77.00      0.2343E-01  0.1185     -0.4455     -0.1946     -0.2189E-01
   78.00      0.1920E-01  0.6603E-01 -0.4830     -0.1809     -0.3183E-01
   79.00      0.1590E-01  0.2411E-02 -0.5128     -0.1531     -0.4344E-01
   80.00      0.1340E-01 -0.7059E-01 -0.5285     -0.1102     -0.5599E-01
   81.00      0.1157E-01 -0.1480     -0.5250     -0.5412E-01 -0.6804E-01
   82.00      0.1026E-01 -0.2224     -0.5005      0.9592E-02 -0.7782E-01
   83.00      0.9319E-02 -0.2866     -0.4581      0.7409E-01 -0.8377E-01
   84.00      0.8626E-02 -0.3359     -0.4041      0.1338     -0.8499E-01
   85.00      0.8075E-02 -0.3686     -0.3453      0.1861     -0.8118E-01
   86.00      0.7600E-02 -0.3855     -0.2867      0.2309     -0.7250E-01
   87.00      0.7163E-02 -0.3886     -0.2314      0.2693     -0.5944E-01
   88.00      0.6751E-02 -0.3807     -0.1809      0.3025     -0.4285E-01
   89.00      0.6360E-02 -0.3650     -0.1353      0.3312     -0.2408E-01
   90.00      0.5984E-02 -0.3457     -0.9403E-01  0.3556     -0.4940E-02
   91.00      0.5618E-02 -0.3267     -0.5604E-01  0.3756      0.1255E-01
   92.00      0.5251E-02 -0.3116     -0.1959E-01  0.3911      0.2645E-01
   93.00      0.4877E-02 -0.3028      0.1724E-01  0.4020      0.3518E-01
   94.00      0.4495E-02 -0.3013      0.5638E-01  0.4079      0.3762E-01
   95.00      0.4114E-02 -0.3065      0.9929E-01  0.4079      0.3314E-01
   96.00      0.3757E-02 -0.3164      0.1463      0.4003      0.2171E-01
   97.00      0.3456E-02 -0.3266      0.1957      0.3823      0.4224E-02
   98.00      0.3250E-02 -0.3314      0.2424      0.3512     -0.1698E-01
   99.00      0.3174E-02 -0.3247      0.2788      0.3074     -0.3798E-01
   100.0      0.3251E-02 -0.3042      0.2985      0.2563     -0.5443E-01
   101.0      0.3488E-02 -0.2726      0.3008      0.2065     -0.6382E-01
   102.0      0.3868E-02 -0.2359      0.2911      0.1651     -0.6637E-01
   103.0      0.4359E-02 -0.1996      0.2766      0.1345     -0.6381E-01
   104.0      0.4911E-02 -0.1668      0.2631      0.1133     -0.5777E-01
   105.0      0.5467E-02 -0.1386      0.2534      0.9882E-01 -0.4918E-01
   106.0      0.5966E-02 -0.1150      0.2486      0.8843E-01 -0.3835E-01
   107.0      0.6350E-02 -0.9581E-01  0.2481      0.8006E-01 -0.2542E-01
   108.0      0.6574E-02 -0.8031E-01  0.2512      0.7230E-01 -0.1058E-01
   109.0      0.6612E-02 -0.6785E-01  0.2564      0.6426E-01  0.5784E-02
   110.0      0.6462E-02 -0.5748E-01  0.2622      0.5539E-01  0.2303E-01
   111.0      0.6140E-02 -0.4799E-01  0.2669      0.4545E-01  0.4040E-01
   112.0      0.5682E-02 -0.3786E-01  0.2688      0.3444E-01  0.5717E-01
   113.0      0.5135E-02 -0.2522E-01  0.2664      0.2263E-01  0.7281E-01
   114.0      0.4554E-02 -0.8032E-02  0.2581      0.1058E-01  0.8719E-01
   115.0      0.3992E-02  0.1561E-01  0.2432     -0.7111E-03  0.1006    
   116.0      0.3496E-02  0.4668E-01  0.2217     -0.9801E-02  0.1136    
   117.0      0.3098E-02  0.8418E-01  0.1954     -0.1502E-01  0.1267    
   118.0      0.2812E-02  0.1244      0.1680     -0.1517E-01  0.1401    
   119.0      0.2635E-02  0.1617      0.1442     -0.1038E-01  0.1533    
   120.0      0.2549E-02  0.1906      0.1273     -0.2351E-02  0.1656    
   121.0      0.2530E-02  0.2078      0.1178      0.6355E-02  0.1768    
   122.0      0.2549E-02  0.2127      0.1137      0.1353E-01  0.1870    
   123.0      0.2579E-02  0.2058      0.1115      0.1793E-01  0.1964    
   124.0      0.2596E-02  0.1878      0.1079      0.1931E-01  0.2048    
   125.0      0.2585E-02  0.1593      0.9982E-01  0.1804E-01  0.2110    
   126.0      0.2536E-02  0.1210      0.8500E-01  0.1491E-01  0.2132    
   127.0      0.2445E-02  0.7390E-01  0.6201E-01  0.1088E-01  0.2092    
   128.0      0.2314E-02  0.1975E-01  0.3065E-01  0.7005E-02  0.1977    
   129.0      0.2148E-02 -0.3873E-01 -0.7929E-02  0.4381E-02  0.1787    
   130.0      0.1956E-02 -0.9810E-01 -0.5109E-01  0.4169E-02  0.1543    
   131.0      0.1753E-02 -0.1539     -0.9454E-01  0.7702E-02  0.1293    
   132.0      0.1562E-02 -0.2001     -0.1319      0.1658E-01  0.1108    
   133.0      0.1404E-02 -0.2283     -0.1551      0.3231E-01  0.1068    
   134.0      0.1304E-02 -0.2299     -0.1569      0.5508E-01  0.1224    
   135.0      0.1275E-02 -0.2016     -0.1372      0.8210E-01  0.1533    
   136.0      0.1320E-02 -0.1497     -0.1058      0.1078      0.1854    
   137.0      0.1432E-02 -0.8723E-01 -0.7624E-01  0.1270      0.2038    
   138.0      0.1593E-02 -0.2496E-01 -0.5693E-01  0.1371      0.2025    
   139.0      0.1775E-02  0.3243E-01 -0.4870E-01  0.1386      0.1844    
   140.0      0.1946E-02  0.8463E-01 -0.4853E-01  0.1325      0.1557    
   141.0      0.2072E-02  0.1329     -0.5306E-01  0.1199      0.1223    
   142.0      0.2122E-02  0.1787     -0.6022E-01  0.1012      0.8791E-01
   143.0      0.2077E-02  0.2228     -0.6965E-01  0.7616E-01  0.5432E-01
   144.0      0.1930E-02  0.2652     -0.8285E-01  0.4360E-01  0.2184E-01
   145.0      0.1693E-02  0.3046     -0.1039      0.1490E-02 -0.1040E-01
   146.0      0.1393E-02  0.3373     -0.1409     -0.5332E-01 -0.4420E-01
   147.0      0.1068E-02  0.3537     -0.2103     -0.1246     -0.8214E-01
   148.0      0.7664E-03  0.3298     -0.3416     -0.2114     -0.1260    
   149.0      0.5385E-03  0.2158     -0.5672     -0.2851     -0.1686    
   150.0      0.4286E-03 -0.1356E-01 -0.8148     -0.2445     -0.1742    
   151.0      0.4674E-03 -0.1847     -0.8228     -0.4222E-01 -0.1156    
   152.0      0.6653E-03 -0.1542     -0.6062      0.1376     -0.5379E-01
   153.0      0.1010E-02 -0.4066E-01 -0.3963      0.2117     -0.2667E-01
   154.0      0.1467E-02  0.6746E-01 -0.2553      0.2240     -0.2260E-01
   155.0      0.1986E-02  0.1528     -0.1667      0.2102     -0.2875E-01
   156.0      0.2508E-02  0.2175     -0.1112      0.1858     -0.3876E-01
   157.0      0.2965E-02  0.2659     -0.7712E-01  0.1568     -0.4969E-01
   158.0      0.3295E-02  0.3018     -0.5782E-01  0.1254     -0.6011E-01
   159.0      0.3451E-02  0.3277     -0.4996E-01  0.9261E-01 -0.6942E-01
   160.0      0.3403E-02  0.3461     -0.5239E-01  0.5834E-01 -0.7750E-01
   161.0      0.3153E-02  0.3587     -0.6592E-01  0.2223E-01 -0.8476E-01
   162.0      0.2733E-02  0.3674     -0.9379E-01 -0.1637E-01 -0.9209E-01
   163.0      0.2197E-02  0.3742     -0.1432     -0.5804E-01 -0.1011    
   164.0      0.1623E-02  0.3818     -0.2287     -0.1021     -0.1145    
   165.0      0.1096E-02  0.3932     -0.3778     -0.1408     -0.1353    
   166.0      0.7060E-03  0.4034     -0.6145     -0.1364     -0.1589    
   167.0      0.5384E-03  0.3710     -0.7936     -0.2919E-02 -0.1439    
   168.0      0.6649E-03  0.2719     -0.6002      0.1736     -0.6326E-01
   169.0      0.1136E-02  0.1942     -0.3192      0.2100     -0.3519E-02
   170.0      0.1976E-02  0.1530     -0.1711      0.1784      0.1855E-01
   171.0      0.3178E-02  0.1268     -0.1098      0.1399      0.2423E-01
   172.0      0.4708E-02  0.1062     -0.8846E-01  0.1075      0.2373E-01
   173.0      0.6499E-02  0.8806E-01 -0.8527E-01  0.8200E-01  0.2071E-01
   174.0      0.8457E-02  0.7166E-01 -0.9031E-01  0.6204E-01  0.1667E-01
   175.0      0.1046E-01  0.5680E-01 -0.9867E-01  0.4632E-01  0.1238E-01
   176.0      0.1237E-01  0.4338E-01 -0.1077      0.3376E-01  0.8320E-02
   177.0      0.1404E-01  0.3125E-01 -0.1159      0.2350E-01  0.4849E-02
   178.0      0.1534E-01  0.2019E-01 -0.1224      0.1484E-01  0.2207E-02
   179.0      0.1617E-01  0.9898E-02 -0.1264      0.7177E-02  0.5596E-03
   180.0      0.1645E-01   0.000     -0.1278       0.000       0.000    
 END
