# 501  0.2000   32.0000 = NLN,RINTP,ELAB
   0.000    0.000000    0.000000
   0.200   -2.171944    0.684481
   0.400   -2.303785    0.162823
   0.600   -2.330742   -0.118900
   0.800   -2.287833   -0.430497
   1.000   -2.255389   -0.460416
   1.200   -2.257495   -0.375458
   1.400   -2.251282   -0.379032
   1.600   -2.212438   -0.491541
   1.800   -2.146043   -0.650117
   2.000   -2.098987   -0.792985
   2.200   -2.102856   -0.961647
   2.400   -2.129947   -1.236994
   2.600   -2.080370   -1.629620
   2.800   -1.921454   -2.039205
   3.000   -1.725076   -2.393715
   3.200   -1.551876   -2.696132
   3.400   -1.381508   -2.958186
   3.600   -1.160240   -3.166557
   3.800   -0.884587   -3.274774
   4.000   -0.604644   -3.244036
   4.200   -0.366405   -3.081301
   4.400   -0.174238   -2.827523
   4.600   -0.007436   -2.523154
   4.800    0.143938   -2.184449
   5.000    0.270396   -1.829068
   5.200    0.354814   -1.476218
   5.400    0.397332   -1.152725
   5.600    0.403401   -0.874837
   5.800    0.386822   -0.648054
   6.000    0.357745   -0.469002
   6.200    0.322810   -0.330514
   6.400    0.285609   -0.225312
   6.600    0.248258   -0.147074
   6.800    0.212156   -0.090428
   7.000    0.178588   -0.050878
   7.200    0.148344   -0.024323
   7.400    0.121942   -0.007344
   7.600    0.099358    0.002933
   7.800    0.080407    0.008635
   8.000    0.064615    0.011381
   8.200    0.051599    0.012190
   8.400    0.040947    0.011797
   8.600    0.032341    0.010648
   8.800    0.025434    0.009116
   9.000    0.020090    0.007407
   9.200    0.015997    0.005750
   9.400    0.012944    0.004255
   9.600    0.010679    0.003020
   9.800    0.009048    0.002061
  10.000    0.007790    0.001350
  10.200    0.006902    0.000865
  10.400    0.006186    0.000530
  10.600    0.005666    0.000365
  10.800    0.005233    0.000304
  11.000    0.004847    0.000379
  11.200    0.004468    0.000547
  11.400    0.004012    0.000811
  11.600    0.003511    0.001128
  11.800    0.002882    0.001423
  12.000    0.002263    0.001784
  12.200    0.001540    0.001995
  12.400    0.000968    0.002118
  12.600    0.000400    0.002172
  12.800   -0.000129    0.002123
  13.000   -0.000467    0.002010
  13.200   -0.000787    0.001773
  13.400   -0.000960    0.001460
  13.600   -0.001062    0.001098
  13.800   -0.001261    0.000535
  14.000   -0.001195    0.000380
  14.200   -0.001043   -0.000330
  14.400   -0.001255   -0.000813
  14.600   -0.000920   -0.001060
  14.800   -0.001121   -0.001681
  15.000   -0.001089   -0.001518
  15.200   -0.000696   -0.001570
  15.400   -0.000796   -0.001695
  15.600   -0.000309   -0.001199
  15.800   -0.000003   -0.001313
  16.000    0.000171   -0.001018
  16.200    0.000651   -0.000748
  16.400    0.000786   -0.000732
  16.600    0.000732   -0.000430
  16.800    0.000920   -0.000158
  17.000    0.000742   -0.000129
  17.200    0.000303    0.000096
  17.400    0.000221    0.000229
  17.600   -0.000296    0.000274
  17.800   -0.000445    0.000468
  18.000   -0.000738    0.000397
  18.200   -0.000934    0.000554
  18.400   -0.001041    0.000537
  18.600   -0.001143    0.000569
  18.800   -0.001082    0.000551
  19.000   -0.000996    0.000504
  19.200   -0.000751    0.000391
  19.400   -0.000569    0.000306
  19.600   -0.000333    0.000204
  19.800   -0.000168    0.000142
  20.000   -0.000051    0.000100
  20.200    0.000031    0.000077
  20.400    0.000080    0.000073
  20.600    0.000119    0.000073
  20.800    0.000150    0.000068
  21.000    0.000152    0.000074
  21.200    0.000172    0.000073
  21.400    0.000157    0.000076
  21.600    0.000147    0.000074
  21.800    0.000129    0.000074
  22.000    0.000111    0.000068
  22.200    0.000101    0.000066
  22.400    0.000085    0.000057
  22.600    0.000077    0.000056
  22.800    0.000071    0.000049
  23.000    0.000060    0.000047
  23.200    0.000050    0.000043
  23.400    0.000043    0.000042
  23.600    0.000032    0.000034
  23.800    0.000025    0.000032
  24.000    0.000019    0.000028
  24.200    0.000018    0.000023
  24.400    0.000014    0.000022
  24.600    0.000013    0.000020
  24.800    0.000010    0.000019
  25.000    0.000007    0.000019
  25.200    0.000006    0.000017
  25.400    0.000001    0.000013
  25.600   -0.000001    0.000014
  25.800   -0.000001    0.000009
  26.000   -0.000002    0.000009
  26.200   -0.000001    0.000007
  26.400   -0.000001    0.000008
  26.600   -0.000001    0.000008
  26.800   -0.000002    0.000008
  27.000   -0.000004    0.000008
  27.200   -0.000005    0.000007
  27.400   -0.000006    0.000006
  27.600   -0.000006    0.000004
  27.800   -0.000006    0.000003
  28.000   -0.000004    0.000003
  28.200   -0.000004    0.000003
  28.400   -0.000004    0.000005
  28.600   -0.000004    0.000005
  28.800   -0.000005    0.000005
  29.000   -0.000006    0.000005
  29.200   -0.000007    0.000003
  29.400   -0.000006    0.000003
  29.600   -0.000006    0.000002
  29.800   -0.000004    0.000002
  30.000   -0.000004    0.000002
  30.200   -0.000003    0.000003
  30.400   -0.000004    0.000004
  30.600   -0.000004    0.000004
  30.800   -0.000005    0.000004
  31.000   -0.000006    0.000003
  31.200   -0.000006    0.000002
  31.400   -0.000005    0.000002
  31.600   -0.000004    0.000002
  31.800   -0.000003    0.000002
  32.000   -0.000003    0.000003
  32.200   -0.000003    0.000004
  32.400   -0.000003    0.000004
  32.600   -0.000004    0.000004
  32.800   -0.000004    0.000003
  33.000   -0.000004    0.000002
  33.200   -0.000004    0.000002
  33.400   -0.000003    0.000002
  33.600   -0.000002    0.000002
  33.800   -0.000002    0.000003
  34.000   -0.000002    0.000004
  34.200   -0.000002    0.000004
  34.400   -0.000003    0.000004
  34.600   -0.000003    0.000003
  34.800   -0.000003    0.000003
  35.000   -0.000003    0.000002
  35.200   -0.000002    0.000002
  35.400   -0.000001    0.000002
  35.600   -0.000001    0.000003
  35.800   -0.000001    0.000003
  36.000   -0.000001    0.000004
  36.200   -0.000002    0.000004
  36.400   -0.000002    0.000003
  36.600   -0.000002    0.000003
  36.800   -0.000002    0.000002
  37.000   -0.000001    0.000002
  37.200   -0.000001    0.000002
  37.400   -0.000000    0.000003
  37.600   -0.000000    0.000003
  37.800   -0.000001    0.000004
  38.000   -0.000001    0.000004
  38.200   -0.000002    0.000003
  38.400   -0.000002    0.000003
  38.600   -0.000001    0.000002
  38.800   -0.000001    0.000002
  39.000   -0.000000    0.000002
  39.200    0.000000    0.000002
  39.400    0.000000    0.000003
  39.600   -0.000000    0.000003
  39.800   -0.000000    0.000003
  40.000   -0.000001    0.000003
  40.200   -0.000001    0.000002
  40.400   -0.000001    0.000002
  40.600   -0.000000    0.000002
  40.800    0.000000    0.000002
  41.000    0.000001    0.000002
  41.200    0.000001    0.000003
  41.400    0.000000    0.000003
  41.600    0.000000    0.000003
  41.800   -0.000000    0.000003
  42.000   -0.000000    0.000002
  42.200   -0.000000    0.000002
  42.400    0.000000    0.000001
  42.600    0.000001    0.000001
  42.800    0.000001    0.000002
  43.000    0.000001    0.000002
  43.200    0.000001    0.000002
  43.400    0.000000    0.000002
  43.600    0.000000    0.000002
  43.800    0.000000    0.000002
  44.000    0.000000    0.000001
  44.200    0.000001    0.000001
  44.400    0.000001    0.000001
  44.600    0.000001    0.000001
  44.800    0.000001    0.000002
  45.000    0.000001    0.000002
  45.200    0.000001    0.000002
  45.400    0.000000    0.000002
  45.600    0.000000    0.000001
  45.800    0.000000    0.000001
  46.000    0.000001    0.000001
  46.200    0.000001    0.000001
  46.400    0.000001    0.000001
  46.600    0.000001    0.000001
  46.800    0.000001    0.000002
  47.000    0.000001    0.000002
  47.200    0.000001    0.000001
  47.400    0.000001    0.000001
  47.600    0.000001    0.000001
  47.800    0.000001    0.000000
  48.000    0.000001    0.000000
  48.200    0.000001    0.000001
  48.400    0.000002    0.000001
  48.600    0.000001    0.000001
  48.800    0.000001    0.000001
  49.000    0.000001    0.000001
  49.200    0.000001    0.000001
  49.400    0.000001    0.000000
  49.600    0.000001    0.000000
  49.800    0.000001    0.000000
  50.000    0.000001    0.000000
  50.200    0.000002    0.000001
  50.400    0.000001    0.000001
  50.600    0.000001    0.000001
  50.800    0.000001    0.000001
  51.000    0.000001    0.000001
  51.200    0.000001    0.000000
  51.400    0.000001   -0.000000
  51.600    0.000001   -0.000000
  51.800    0.000001    0.000000
  52.000    0.000001    0.000000
  52.200    0.000001    0.000001
  52.400    0.000001    0.000001
  52.600    0.000001    0.000001
  52.800    0.000001    0.000000
  53.000    0.000001   -0.000000
  53.200    0.000001   -0.000000
  53.400    0.000001   -0.000000
  53.600    0.000001   -0.000000
  53.800    0.000001    0.000000
  54.000    0.000001    0.000000
  54.200    0.000001    0.000000
  54.400    0.000001    0.000000
  54.600    0.000001    0.000000
  54.800    0.000001   -0.000000
  55.000    0.000001   -0.000000
  55.200    0.000001   -0.000000
  55.400    0.000001   -0.000000
  55.600    0.000001   -0.000000
  55.800    0.000001    0.000000
  56.000    0.000001    0.000000
  56.200    0.000001    0.000000
  56.400    0.000000   -0.000000
  56.600    0.000000   -0.000000
  56.800    0.000001   -0.000001
  57.000    0.000001   -0.000001
  57.200    0.000001   -0.000000
  57.400    0.000001   -0.000000
  57.600    0.000001   -0.000000
  57.800    0.000001    0.000000
  58.000    0.000001   -0.000000
  58.200    0.000000   -0.000000
  58.400    0.000000   -0.000000
  58.600    0.000001   -0.000001
  58.800    0.000001   -0.000001
  59.000    0.000001   -0.000001
  59.200    0.000001   -0.000000
  59.400    0.000001   -0.000000
  59.600    0.000001   -0.000000
  59.800    0.000000   -0.000000
  60.000    0.000000   -0.000000
  60.200    0.000000   -0.000001
  60.400    0.000000   -0.000001
  60.600    0.000001   -0.000001
  60.800    0.000001   -0.000001
  61.000    0.000001   -0.000000
  61.200    0.000001   -0.000000
  61.400    0.000000   -0.000000
  61.600    0.000000   -0.000000
  61.800    0.000000   -0.000000
  62.000    0.000000   -0.000001
  62.200    0.000000   -0.000001
  62.400    0.000000   -0.000001
  62.600    0.000001   -0.000001
  62.800    0.000001   -0.000000
  63.000    0.000000   -0.000000
  63.200    0.000000   -0.000000
  63.400    0.000000   -0.000000
  63.600    0.000000   -0.000000
  63.800    0.000000   -0.000001
  64.000    0.000000   -0.000001
  64.200    0.000000   -0.000001
  64.400    0.000000   -0.000001
  64.600    0.000000   -0.000000
  64.800    0.000000   -0.000000
  65.000    0.000000   -0.000000
  65.200    0.000000   -0.000000
  65.400   -0.000000   -0.000000
  65.600   -0.000000   -0.000001
  65.800    0.000000   -0.000001
  66.000    0.000000   -0.000001
  66.200    0.000000   -0.000001
  66.400    0.000000   -0.000000
  66.600    0.000000   -0.000000
  66.800    0.000000   -0.000000
  67.000   -0.000000   -0.000000
  67.200   -0.000000   -0.000000
  67.400   -0.000000   -0.000001
  67.600   -0.000000   -0.000001
  67.800    0.000000   -0.000001
  68.000    0.000000   -0.000001
  68.200    0.000000   -0.000000
  68.400    0.000000   -0.000000
  68.600   -0.000000   -0.000000
  68.800   -0.000000   -0.000000
  69.000   -0.000000   -0.000000
  69.200   -0.000000   -0.000000
  69.400   -0.000000   -0.000001
  69.600   -0.000000   -0.000001
  69.800    0.000000   -0.000000
  70.000    0.000000   -0.000000
  70.200    0.000000   -0.000000
  70.400   -0.000000   -0.000000
  70.600   -0.000000   -0.000000
  70.800   -0.000000   -0.000000
  71.000   -0.000000   -0.000000
  71.200   -0.000000   -0.000000
  71.400   -0.000000   -0.000000
  71.600    0.000000   -0.000000
  71.800    0.000000   -0.000000
  72.000   -0.000000   -0.000000
  72.200   -0.000000   -0.000000
  72.400   -0.000000   -0.000000
  72.600   -0.000000   -0.000000
  72.800   -0.000000   -0.000000
  73.000   -0.000000   -0.000000
  73.200   -0.000000   -0.000000
  73.400   -0.000000   -0.000000
  73.600   -0.000000   -0.000000
  73.800   -0.000000   -0.000000
  74.000   -0.000000   -0.000000
  74.200   -0.000000   -0.000000
  74.400   -0.000000   -0.000000
  74.600   -0.000000   -0.000000
  74.800   -0.000000   -0.000000
  75.000   -0.000000   -0.000000
  75.200   -0.000000   -0.000000
  75.400   -0.000000   -0.000000
  75.600   -0.000000   -0.000000
  75.800   -0.000000   -0.000000
  76.000   -0.000000   -0.000000
  76.200   -0.000000   -0.000000
  76.400   -0.000000   -0.000000
  76.600   -0.000000   -0.000000
  76.800   -0.000000   -0.000000
  77.000   -0.000000   -0.000000
  77.200   -0.000000   -0.000000
  77.400   -0.000000   -0.000000
  77.600   -0.000000    0.000000
  77.800   -0.000000   -0.000000
  78.000   -0.000000   -0.000000
  78.200   -0.000000   -0.000000
  78.400   -0.000000   -0.000000
  78.600   -0.000000   -0.000000
  78.800   -0.000000   -0.000000
  79.000   -0.000000   -0.000000
  79.200   -0.000000    0.000000
  79.400   -0.000000    0.000000
  79.600   -0.000000    0.000000
  79.800   -0.000000   -0.000000
  80.000   -0.000000   -0.000000
  80.200   -0.000000   -0.000000
  80.400   -0.000000   -0.000000
  80.600   -0.000000   -0.000000
  80.800   -0.000000   -0.000000
  81.000   -0.000000    0.000000
  81.200   -0.000000    0.000000
  81.400   -0.000000    0.000000
  81.600   -0.000000   -0.000000
  81.800   -0.000000   -0.000000
  82.000   -0.000000   -0.000000
  82.200   -0.000000   -0.000000
  82.400   -0.000000   -0.000000
  82.600   -0.000000    0.000000
  82.800   -0.000000    0.000000
  83.000   -0.000000    0.000000
  83.200   -0.000000    0.000000
  83.400   -0.000000    0.000000
  83.600   -0.000000   -0.000000
  83.800   -0.000000   -0.000000
  84.000   -0.000000   -0.000000
  84.200   -0.000000   -0.000000
  84.400   -0.000000    0.000000
  84.600   -0.000000    0.000000
  84.800   -0.000000    0.000000
  85.000   -0.000000    0.000000
  85.200   -0.000000    0.000000
  85.400   -0.000000   -0.000000
  85.600   -0.000000   -0.000000
  85.800   -0.000000   -0.000000
  86.000   -0.000000   -0.000000
  86.200   -0.000000    0.000000
  86.400   -0.000000    0.000000
  86.600   -0.000000    0.000000
  86.800   -0.000000    0.000000
  87.000   -0.000000    0.000000
  87.200   -0.000000   -0.000000
  87.400   -0.000000   -0.000000
  87.600   -0.000000   -0.000000
  87.800   -0.000000    0.000000
  88.000   -0.000000    0.000000
  88.200   -0.000000    0.000000
  88.400   -0.000000    0.000000
  88.600   -0.000000    0.000000
  88.800   -0.000000    0.000000
  89.000   -0.000000    0.000000
  89.200   -0.000000   -0.000000
  89.400   -0.000000   -0.000000
  89.600   -0.000000    0.000000
  89.800   -0.000000    0.000000
  90.000   -0.000000    0.000000
  90.200   -0.000000    0.000000
  90.400   -0.000000    0.000000
  90.600   -0.000000    0.000000
  90.800   -0.000000    0.000000
  91.000   -0.000000   -0.000000
  91.200   -0.000000    0.000000
  91.400   -0.000000    0.000000
  91.600   -0.000000    0.000000
  91.800   -0.000000    0.000000
  92.000   -0.000000    0.000000
  92.200   -0.000000    0.000000
  92.400   -0.000000    0.000000
  92.600   -0.000000    0.000000
  92.800   -0.000000    0.000000
  93.000   -0.000000    0.000000
  93.200   -0.000000    0.000000
  93.400   -0.000000    0.000000
  93.600   -0.000000    0.000000
  93.800   -0.000000    0.000000
  94.000   -0.000000    0.000000
  94.200   -0.000000    0.000000
  94.400   -0.000000    0.000000
  94.600   -0.000000    0.000000
  94.800   -0.000000    0.000000
  95.000    0.000000    0.000000
  95.200    0.000000    0.000000
  95.400   -0.000000    0.000000
  95.600   -0.000000    0.000000
  95.800   -0.000000    0.000000
  96.000   -0.000000    0.000000
  96.200   -0.000000    0.000000
  96.400   -0.000000    0.000000
  96.600   -0.000000    0.000000
  96.800    0.000000    0.000000
  97.000    0.000000    0.000000
  97.200   -0.000000    0.000000
  97.400   -0.000000    0.000000
  97.600   -0.000000    0.000000
  97.800   -0.000000    0.000000
  98.000   -0.000000    0.000000
  98.200   -0.000000    0.000000
  98.400    0.000000    0.000000
  98.600    0.000000    0.000000
  98.800    0.000000    0.000000
  99.000   -0.000000    0.000000
  99.200   -0.000000    0.000000
  99.400   -0.000000    0.000000
  99.600   -0.000000    0.000000
  99.800   -0.000000    0.000000
 100.000   -0.000000    0.000000
 END
