#1001 angles,  1 tensor ranks for 0=projectile
@subtitle   "28Si(d,p)29Si, 0.5+1 0.000 MeV 1s0.5"                                          
@legend ON
@legend x1 0.2
@legend y1 0.8
@g0 type LOGY
@yaxis ticklabel format power
@legend string   0 "Lab energy =   12.0000"
#legend string   0 "Partition=  1 Excit=  1 near/far= 1"
#  Theta       sigma       iT11        T20         T21         T22         Kyy for projectile
  0.1000E-01   1.000    
  0.1000       1.000    
  0.2000      0.9998    
  0.3000      0.9996    
  0.4000      0.9995    
  0.5000      0.9996    
  0.6000       1.000    
  0.7000       1.001    
  0.8000       1.001    
  0.9000       1.002    
   1.000       1.004    
   1.100       1.005    
   1.200       1.006    
   1.300       1.008    
   1.400       1.009    
   1.500       1.010    
   1.600       1.012    
   1.700       1.013    
   1.800       1.014    
   1.900       1.015    
   2.000       1.015    
   2.100       1.016    
   2.200       1.016    
   2.300       1.016    
   2.400       1.016    
   2.500       1.016    
   2.600       1.015    
   2.700       1.014    
   2.800       1.013    
   2.900       1.012    
   3.000       1.010    
   3.100       1.009    
   3.200       1.007    
   3.300       1.004    
   3.400       1.002    
   3.500      0.9992    
   3.600      0.9962    
   3.700      0.9931    
   3.800      0.9897    
   3.900      0.9861    
   4.000      0.9823    
   4.100      0.9783    
   4.200      0.9741    
   4.300      0.9698    
   4.400      0.9653    
   4.500      0.9606    
   4.600      0.9557    
   4.700      0.9508    
   4.800      0.9456    
   4.900      0.9404    
   5.000      0.9350    
   5.100      0.9295    
   5.200      0.9239    
   5.300      0.9183    
   5.400      0.9125    
   5.500      0.9066    
   5.600      0.9007    
   5.700      0.8947    
   5.800      0.8887    
   5.900      0.8826    
   6.000      0.8765    
   6.100      0.8703    
   6.200      0.8641    
   6.300      0.8579    
   6.400      0.8517    
   6.500      0.8455    
   6.600      0.8393    
   6.700      0.8331    
   6.800      0.8270    
   6.900      0.8208    
   7.000      0.8147    
   7.100      0.8087    
   7.200      0.8027    
   7.300      0.7967    
   7.400      0.7908    
   7.500      0.7849    
   7.600      0.7792    
   7.700      0.7735    
   7.800      0.7678    
   7.900      0.7623    
   8.000      0.7568    
   8.100      0.7515    
   8.200      0.7462    
   8.300      0.7411    
   8.400      0.7360    
   8.500      0.7311    
   8.600      0.7262    
   8.700      0.7215    
   8.800      0.7169    
   8.900      0.7124    
   9.000      0.7081    
   9.100      0.7039    
   9.200      0.6998    
   9.300      0.6958    
   9.400      0.6920    
   9.500      0.6883    
   9.600      0.6848    
   9.700      0.6814    
   9.800      0.6781    
   9.900      0.6750    
   10.00      0.6720    
   10.10      0.6692    
   10.20      0.6665    
   10.30      0.6640    
   10.40      0.6616    
   10.50      0.6594    
   10.60      0.6573    
   10.70      0.6553    
   10.80      0.6535    
   10.90      0.6519    
   11.00      0.6504    
   11.10      0.6491    
   11.20      0.6478    
   11.30      0.6468    
   11.40      0.6459    
   11.50      0.6451    
   11.60      0.6445    
   11.70      0.6440    
   11.80      0.6437    
   11.90      0.6435    
   12.00      0.6434    
   12.10      0.6435    
   12.20      0.6437    
   12.30      0.6440    
   12.40      0.6445    
   12.50      0.6451    
   12.60      0.6459    
   12.70      0.6467    
   12.80      0.6477    
   12.90      0.6488    
   13.00      0.6500    
   13.10      0.6513    
   13.20      0.6528    
   13.30      0.6543    
   13.40      0.6560    
   13.50      0.6577    
   13.60      0.6596    
   13.70      0.6615    
   13.80      0.6636    
   13.90      0.6657    
   14.00      0.6680    
   14.10      0.6703    
   14.20      0.6727    
   14.30      0.6752    
   14.40      0.6778    
   14.50      0.6804    
   14.60      0.6831    
   14.70      0.6859    
   14.80      0.6887    
   14.90      0.6916    
   15.00      0.6945    
   15.10      0.6975    
   15.20      0.7006    
   15.30      0.7037    
   15.40      0.7068    
   15.50      0.7100    
   15.60      0.7132    
   15.70      0.7164    
   15.80      0.7197    
   15.90      0.7230    
   16.00      0.7263    
   16.10      0.7296    
   16.20      0.7329    
   16.30      0.7363    
   16.40      0.7397    
   16.50      0.7430    
   16.60      0.7464    
   16.70      0.7497    
   16.80      0.7531    
   16.90      0.7564    
   17.00      0.7597    
   17.10      0.7631    
   17.20      0.7663    
   17.30      0.7696    
   17.40      0.7728    
   17.50      0.7760    
   17.60      0.7792    
   17.70      0.7823    
   17.80      0.7854    
   17.90      0.7885    
   18.00      0.7915    
   18.10      0.7944    
   18.20      0.7973    
   18.30      0.8002    
   18.40      0.8030    
   18.50      0.8057    
   18.60      0.8084    
   18.70      0.8110    
   18.80      0.8135    
   18.90      0.8159    
   19.00      0.8183    
   19.10      0.8206    
   19.20      0.8229    
   19.30      0.8250    
   19.40      0.8271    
   19.50      0.8290    
   19.60      0.8309    
   19.70      0.8327    
   19.80      0.8344    
   19.90      0.8361    
   20.00      0.8376    
   20.10      0.8390    
   20.20      0.8403    
   20.30      0.8416    
   20.40      0.8427    
   20.50      0.8437    
   20.60      0.8446    
   20.70      0.8454    
   20.80      0.8461    
   20.90      0.8467    
   21.00      0.8472    
   21.10      0.8475    
   21.20      0.8478    
   21.30      0.8479    
   21.40      0.8480    
   21.50      0.8479    
   21.60      0.8477    
   21.70      0.8474    
   21.80      0.8469    
   21.90      0.8464    
   22.00      0.8457    
   22.10      0.8450    
   22.20      0.8440    
   22.30      0.8430    
   22.40      0.8419    
   22.50      0.8406    
   22.60      0.8393    
   22.70      0.8378    
   22.80      0.8362    
   22.90      0.8345    
   23.00      0.8326    
   23.10      0.8307    
   23.20      0.8286    
   23.30      0.8264    
   23.40      0.8241    
   23.50      0.8217    
   23.60      0.8192    
   23.70      0.8165    
   23.80      0.8138    
   23.90      0.8109    
   24.00      0.8079    
   24.10      0.8049    
   24.20      0.8017    
   24.30      0.7984    
   24.40      0.7950    
   24.50      0.7915    
   24.60      0.7879    
   24.70      0.7842    
   24.80      0.7804    
   24.90      0.7766    
   25.00      0.7726    
   25.10      0.7685    
   25.20      0.7643    
   25.30      0.7601    
   25.40      0.7557    
   25.50      0.7513    
   25.60      0.7468    
   25.70      0.7422    
   25.80      0.7375    
   25.90      0.7328    
   26.00      0.7280    
   26.10      0.7231    
   26.20      0.7181    
   26.30      0.7131    
   26.40      0.7080    
   26.50      0.7028    
   26.60      0.6976    
   26.70      0.6923    
   26.80      0.6870    
   26.90      0.6816    
   27.00      0.6762    
   27.10      0.6707    
   27.20      0.6651    
   27.30      0.6596    
   27.40      0.6539    
   27.50      0.6483    
   27.60      0.6426    
   27.70      0.6369    
   27.80      0.6311    
   27.90      0.6253    
   28.00      0.6195    
   28.10      0.6137    
   28.20      0.6079    
   28.30      0.6020    
   28.40      0.5961    
   28.50      0.5902    
   28.60      0.5843    
   28.70      0.5784    
   28.80      0.5725    
   28.90      0.5666    
   29.00      0.5607    
   29.10      0.5548    
   29.20      0.5490    
   29.30      0.5431    
   29.40      0.5372    
   29.50      0.5314    
   29.60      0.5256    
   29.70      0.5198    
   29.80      0.5140    
   29.90      0.5082    
   30.00      0.5025    
   30.10      0.4968    
   30.20      0.4912    
   30.30      0.4856    
   30.40      0.4800    
   30.50      0.4745    
   30.60      0.4690    
   30.70      0.4636    
   30.80      0.4582    
   30.90      0.4528    
   31.00      0.4476    
   31.10      0.4423    
   31.20      0.4372    
   31.30      0.4321    
   31.40      0.4271    
   31.50      0.4221    
   31.60      0.4172    
   31.70      0.4124    
   31.80      0.4076    
   31.90      0.4029    
   32.00      0.3983    
   32.10      0.3938    
   32.20      0.3894    
   32.30      0.3850    
   32.40      0.3807    
   32.50      0.3766    
   32.60      0.3725    
   32.70      0.3684    
   32.80      0.3645    
   32.90      0.3607    
   33.00      0.3570    
   33.10      0.3533    
   33.20      0.3498    
   33.30      0.3464    
   33.40      0.3430    
   33.50      0.3398    
   33.60      0.3366    
   33.70      0.3336    
   33.80      0.3307    
   33.90      0.3279    
   34.00      0.3251    
   34.10      0.3225    
   34.20      0.3200    
   34.30      0.3177    
   34.40      0.3154    
   34.50      0.3132    
   34.60      0.3111    
   34.70      0.3092    
   34.80      0.3074    
   34.90      0.3057    
   35.00      0.3040    
   35.10      0.3026    
   35.20      0.3012    
   35.30      0.2999    
   35.40      0.2988    
   35.50      0.2977    
   35.60      0.2968    
   35.70      0.2960    
   35.80      0.2953    
   35.90      0.2947    
   36.00      0.2943    
   36.10      0.2939    
   36.20      0.2937    
   36.30      0.2935    
   36.40      0.2935    
   36.50      0.2936    
   36.60      0.2938    
   36.70      0.2942    
   36.80      0.2946    
   36.90      0.2952    
   37.00      0.2958    
   37.10      0.2966    
   37.20      0.2974    
   37.30      0.2984    
   37.40      0.2995    
   37.50      0.3007    
   37.60      0.3020    
   37.70      0.3034    
   37.80      0.3048    
   37.90      0.3064    
   38.00      0.3081    
   38.10      0.3099    
   38.20      0.3118    
   38.30      0.3138    
   38.40      0.3159    
   38.50      0.3180    
   38.60      0.3203    
   38.70      0.3226    
   38.80      0.3250    
   38.90      0.3276    
   39.00      0.3302    
   39.10      0.3328    
   39.20      0.3356    
   39.30      0.3384    
   39.40      0.3414    
   39.50      0.3444    
   39.60      0.3474    
   39.70      0.3506    
   39.80      0.3538    
   39.90      0.3570    
   40.00      0.3604    
   40.10      0.3638    
   40.20      0.3672    
   40.30      0.3707    
   40.40      0.3743    
   40.50      0.3780    
   40.60      0.3816    
   40.70      0.3854    
   40.80      0.3891    
   40.90      0.3930    
   41.00      0.3968    
   41.10      0.4008    
   41.20      0.4047    
   41.30      0.4087    
   41.40      0.4127    
   41.50      0.4168    
   41.60      0.4208    
   41.70      0.4250    
   41.80      0.4291    
   41.90      0.4332    
   42.00      0.4374    
   42.10      0.4416    
   42.20      0.4458    
   42.30      0.4501    
   42.40      0.4543    
   42.50      0.4585    
   42.60      0.4628    
   42.70      0.4670    
   42.80      0.4713    
   42.90      0.4756    
   43.00      0.4798    
   43.10      0.4840    
   43.20      0.4883    
   43.30      0.4925    
   43.40      0.4967    
   43.50      0.5009    
   43.60      0.5051    
   43.70      0.5093    
   43.80      0.5134    
   43.90      0.5175    
   44.00      0.5216    
   44.10      0.5257    
   44.20      0.5297    
   44.30      0.5337    
   44.40      0.5377    
   44.50      0.5416    
   44.60      0.5455    
   44.70      0.5494    
   44.80      0.5532    
   44.90      0.5569    
   45.00      0.5606    
   45.10      0.5643    
   45.20      0.5679    
   45.30      0.5715    
   45.40      0.5750    
   45.50      0.5784    
   45.60      0.5818    
   45.70      0.5852    
   45.80      0.5884    
   45.90      0.5916    
   46.00      0.5948    
   46.10      0.5978    
   46.20      0.6008    
   46.30      0.6038    
   46.40      0.6066    
   46.50      0.6094    
   46.60      0.6121    
   46.70      0.6148    
   46.80      0.6173    
   46.90      0.6198    
   47.00      0.6222    
   47.10      0.6245    
   47.20      0.6268    
   47.30      0.6289    
   47.40      0.6310    
   47.50      0.6329    
   47.60      0.6348    
   47.70      0.6366    
   47.80      0.6383    
   47.90      0.6400    
   48.00      0.6415    
   48.10      0.6429    
   48.20      0.6443    
   48.30      0.6455    
   48.40      0.6467    
   48.50      0.6477    
   48.60      0.6487    
   48.70      0.6496    
   48.80      0.6503    
   48.90      0.6510    
   49.00      0.6516    
   49.10      0.6521    
   49.20      0.6525    
   49.30      0.6527    
   49.40      0.6529    
   49.50      0.6530    
   49.60      0.6530    
   49.70      0.6529    
   49.80      0.6526    
   49.90      0.6523    
   50.00      0.6519    
   50.10      0.6514    
   50.20      0.6508    
   50.30      0.6501    
   50.40      0.6493    
   50.50      0.6483    
   50.60      0.6473    
   50.70      0.6462    
   50.80      0.6450    
   50.90      0.6437    
   51.00      0.6423    
   51.10      0.6408    
   51.20      0.6392    
   51.30      0.6375    
   51.40      0.6357    
   51.50      0.6339    
   51.60      0.6319    
   51.70      0.6298    
   51.80      0.6277    
   51.90      0.6254    
   52.00      0.6231    
   52.10      0.6207    
   52.20      0.6181    
   52.30      0.6155    
   52.40      0.6128    
   52.50      0.6101    
   52.60      0.6072    
   52.70      0.6043    
   52.80      0.6012    
   52.90      0.5981    
   53.00      0.5950    
   53.10      0.5917    
   53.20      0.5883    
   53.30      0.5849    
   53.40      0.5814    
   53.50      0.5779    
   53.60      0.5742    
   53.70      0.5705    
   53.80      0.5668    
   53.90      0.5629    
   54.00      0.5590    
   54.10      0.5550    
   54.20      0.5510    
   54.30      0.5469    
   54.40      0.5427    
   54.50      0.5385    
   54.60      0.5343    
   54.70      0.5299    
   54.80      0.5256    
   54.90      0.5211    
   55.00      0.5167    
   55.10      0.5121    
   55.20      0.5076    
   55.30      0.5029    
   55.40      0.4983    
   55.50      0.4936    
   55.60      0.4888    
   55.70      0.4841    
   55.80      0.4793    
   55.90      0.4744    
   56.00      0.4695    
   56.10      0.4646    
   56.20      0.4597    
   56.30      0.4547    
   56.40      0.4498    
   56.50      0.4447    
   56.60      0.4397    
   56.70      0.4347    
   56.80      0.4296    
   56.90      0.4245    
   57.00      0.4195    
   57.10      0.4144    
   57.20      0.4092    
   57.30      0.4041    
   57.40      0.3990    
   57.50      0.3939    
   57.60      0.3888    
   57.70      0.3836    
   57.80      0.3785    
   57.90      0.3734    
   58.00      0.3683    
   58.10      0.3632    
   58.20      0.3581    
   58.30      0.3530    
   58.40      0.3480    
   58.50      0.3429    
   58.60      0.3379    
   58.70      0.3329    
   58.80      0.3279    
   58.90      0.3229    
   59.00      0.3180    
   59.10      0.3130    
   59.20      0.3082    
   59.30      0.3033    
   59.40      0.2985    
   59.50      0.2937    
   59.60      0.2889    
   59.70      0.2842    
   59.80      0.2795    
   59.90      0.2748    
   60.00      0.2702    
   60.10      0.2657    
   60.20      0.2612    
   60.30      0.2567    
   60.40      0.2523    
   60.50      0.2479    
   60.60      0.2436    
   60.70      0.2393    
   60.80      0.2351    
   60.90      0.2309    
   61.00      0.2268    
   61.10      0.2228    
   61.20      0.2188    
   61.30      0.2148    
   61.40      0.2110    
   61.50      0.2072    
   61.60      0.2034    
   61.70      0.1998    
   61.80      0.1961    
   61.90      0.1926    
   62.00      0.1891    
   62.10      0.1857    
   62.20      0.1824    
   62.30      0.1791    
   62.40      0.1759    
   62.50      0.1728    
   62.60      0.1698    
   62.70      0.1668    
   62.80      0.1639    
   62.90      0.1611    
   63.00      0.1584    
   63.10      0.1557    
   63.20      0.1531    
   63.30      0.1506    
   63.40      0.1482    
   63.50      0.1459    
   63.60      0.1436    
   63.70      0.1415    
   63.80      0.1394    
   63.90      0.1374    
   64.00      0.1354    
   64.10      0.1336    
   64.20      0.1319    
   64.30      0.1302    
   64.40      0.1286    
   64.50      0.1271    
   64.60      0.1257    
   64.70      0.1244    
   64.80      0.1232    
   64.90      0.1220    
   65.00      0.1209    
   65.10      0.1200    
   65.20      0.1191    
   65.30      0.1183    
   65.40      0.1176    
   65.50      0.1170    
   65.60      0.1164    
   65.70      0.1160    
   65.80      0.1156    
   65.90      0.1153    
   66.00      0.1151    
   66.10      0.1150    
   66.20      0.1150    
   66.30      0.1151    
   66.40      0.1152    
   66.50      0.1155    
   66.60      0.1158    
   66.70      0.1162    
   66.80      0.1167    
   66.90      0.1173    
   67.00      0.1179    
   67.10      0.1187    
   67.20      0.1195    
   67.30      0.1204    
   67.40      0.1214    
   67.50      0.1225    
   67.60      0.1236    
   67.70      0.1248    
   67.80      0.1261    
   67.90      0.1275    
   68.00      0.1290    
   68.10      0.1305    
   68.20      0.1321    
   68.30      0.1338    
   68.40      0.1356    
   68.50      0.1374    
   68.60      0.1393    
   68.70      0.1413    
   68.80      0.1433    
   68.90      0.1455    
   69.00      0.1476    
   69.10      0.1499    
   69.20      0.1522    
   69.30      0.1546    
   69.40      0.1570    
   69.50      0.1595    
   69.60      0.1621    
   69.70      0.1647    
   69.80      0.1674    
   69.90      0.1702    
   70.00      0.1730    
   70.10      0.1759    
   70.20      0.1788    
   70.30      0.1818    
   70.40      0.1848    
   70.50      0.1879    
   70.60      0.1910    
   70.70      0.1942    
   70.80      0.1974    
   70.90      0.2007    
   71.00      0.2040    
   71.10      0.2073    
   71.20      0.2107    
   71.30      0.2142    
   71.40      0.2177    
   71.50      0.2212    
   71.60      0.2248    
   71.70      0.2283    
   71.80      0.2320    
   71.90      0.2356    
   72.00      0.2393    
   72.10      0.2431    
   72.20      0.2468    
   72.30      0.2506    
   72.40      0.2544    
   72.50      0.2582    
   72.60      0.2621    
   72.70      0.2660    
   72.80      0.2699    
   72.90      0.2738    
   73.00      0.2777    
   73.10      0.2817    
   73.20      0.2856    
   73.30      0.2896    
   73.40      0.2936    
   73.50      0.2976    
   73.60      0.3016    
   73.70      0.3056    
   73.80      0.3097    
   73.90      0.3137    
   74.00      0.3177    
   74.10      0.3218    
   74.20      0.3258    
   74.30      0.3298    
   74.40      0.3339    
   74.50      0.3379    
   74.60      0.3419    
   74.70      0.3460    
   74.80      0.3500    
   74.90      0.3540    
   75.00      0.3580    
   75.10      0.3620    
   75.20      0.3659    
   75.30      0.3699    
   75.40      0.3738    
   75.50      0.3778    
   75.60      0.3817    
   75.70      0.3856    
   75.80      0.3894    
   75.90      0.3933    
   76.00      0.3971    
   76.10      0.4009    
   76.20      0.4047    
   76.30      0.4084    
   76.40      0.4121    
   76.50      0.4158    
   76.60      0.4195    
   76.70      0.4231    
   76.80      0.4267    
   76.90      0.4303    
   77.00      0.4338    
   77.10      0.4373    
   77.20      0.4408    
   77.30      0.4442    
   77.40      0.4476    
   77.50      0.4510    
   77.60      0.4543    
   77.70      0.4575    
   77.80      0.4608    
   77.90      0.4639    
   78.00      0.4671    
   78.10      0.4702    
   78.20      0.4732    
   78.30      0.4762    
   78.40      0.4792    
   78.50      0.4821    
   78.60      0.4849    
   78.70      0.4877    
   78.80      0.4905    
   78.90      0.4932    
   79.00      0.4958    
   79.10      0.4984    
   79.20      0.5010    
   79.30      0.5034    
   79.40      0.5059    
   79.50      0.5083    
   79.60      0.5106    
   79.70      0.5128    
   79.80      0.5150    
   79.90      0.5172    
   80.00      0.5193    
   80.10      0.5213    
   80.20      0.5233    
   80.30      0.5252    
   80.40      0.5270    
   80.50      0.5288    
   80.60      0.5306    
   80.70      0.5322    
   80.80      0.5338    
   80.90      0.5354    
   81.00      0.5368    
   81.10      0.5383    
   81.20      0.5396    
   81.30      0.5409    
   81.40      0.5421    
   81.50      0.5433    
   81.60      0.5444    
   81.70      0.5454    
   81.80      0.5464    
   81.90      0.5473    
   82.00      0.5481    
   82.10      0.5489    
   82.20      0.5496    
   82.30      0.5502    
   82.40      0.5508    
   82.50      0.5513    
   82.60      0.5518    
   82.70      0.5522    
   82.80      0.5525    
   82.90      0.5527    
   83.00      0.5529    
   83.10      0.5530    
   83.20      0.5531    
   83.30      0.5531    
   83.40      0.5530    
   83.50      0.5529    
   83.60      0.5527    
   83.70      0.5524    
   83.80      0.5521    
   83.90      0.5517    
   84.00      0.5512    
   84.10      0.5507    
   84.20      0.5501    
   84.30      0.5495    
   84.40      0.5488    
   84.50      0.5480    
   84.60      0.5472    
   84.70      0.5463    
   84.80      0.5453    
   84.90      0.5443    
   85.00      0.5432    
   85.10      0.5421    
   85.20      0.5409    
   85.30      0.5397    
   85.40      0.5384    
   85.50      0.5370    
   85.60      0.5356    
   85.70      0.5341    
   85.80      0.5326    
   85.90      0.5310    
   86.00      0.5293    
   86.10      0.5276    
   86.20      0.5259    
   86.30      0.5241    
   86.40      0.5222    
   86.50      0.5203    
   86.60      0.5183    
   86.70      0.5163    
   86.80      0.5142    
   86.90      0.5121    
   87.00      0.5100    
   87.10      0.5078    
   87.20      0.5055    
   87.30      0.5032    
   87.40      0.5008    
   87.50      0.4984    
   87.60      0.4960    
   87.70      0.4935    
   87.80      0.4910    
   87.90      0.4884    
   88.00      0.4858    
   88.10      0.4832    
   88.20      0.4805    
   88.30      0.4777    
   88.40      0.4750    
   88.50      0.4722    
   88.60      0.4693    
   88.70      0.4664    
   88.80      0.4635    
   88.90      0.4606    
   89.00      0.4576    
   89.10      0.4546    
   89.20      0.4515    
   89.30      0.4485    
   89.40      0.4454    
   89.50      0.4422    
   89.60      0.4390    
   89.70      0.4359    
   89.80      0.4326    
   89.90      0.4294    
   90.00      0.4261    
   90.10      0.4228    
   90.20      0.4195    
   90.30      0.4161    
   90.40      0.4128    
   90.50      0.4094    
   90.60      0.4060    
   90.70      0.4026    
   90.80      0.3991    
   90.90      0.3957    
   91.00      0.3922    
   91.10      0.3887    
   91.20      0.3852    
   91.30      0.3817    
   91.40      0.3781    
   91.50      0.3746    
   91.60      0.3710    
   91.70      0.3675    
   91.80      0.3639    
   91.90      0.3603    
   92.00      0.3567    
   92.10      0.3531    
   92.20      0.3495    
   92.30      0.3459    
   92.40      0.3422    
   92.50      0.3386    
   92.60      0.3350    
   92.70      0.3314    
   92.80      0.3277    
   92.90      0.3241    
   93.00      0.3205    
   93.10      0.3168    
   93.20      0.3132    
   93.30      0.3096    
   93.40      0.3060    
   93.50      0.3023    
   93.60      0.2987    
   93.70      0.2951    
   93.80      0.2915    
   93.90      0.2879    
   94.00      0.2843    
   94.10      0.2808    
   94.20      0.2772    
   94.30      0.2736    
   94.40      0.2701    
   94.50      0.2665    
   94.60      0.2630    
   94.70      0.2595    
   94.80      0.2560    
   94.90      0.2525    
   95.00      0.2491    
   95.10      0.2456    
   95.20      0.2422    
   95.30      0.2387    
   95.40      0.2353    
   95.50      0.2320    
   95.60      0.2286    
   95.70      0.2252    
   95.80      0.2219    
   95.90      0.2186    
   96.00      0.2153    
   96.10      0.2121    
   96.20      0.2088    
   96.30      0.2056    
   96.40      0.2024    
   96.50      0.1992    
   96.60      0.1961    
   96.70      0.1930    
   96.80      0.1899    
   96.90      0.1868    
   97.00      0.1838    
   97.10      0.1807    
   97.20      0.1778    
   97.30      0.1748    
   97.40      0.1719    
   97.50      0.1690    
   97.60      0.1661    
   97.70      0.1632    
   97.80      0.1604    
   97.90      0.1576    
   98.00      0.1549    
   98.10      0.1522    
   98.20      0.1495    
   98.30      0.1468    
   98.40      0.1442    
   98.50      0.1416    
   98.60      0.1390    
   98.70      0.1365    
   98.80      0.1340    
   98.90      0.1315    
   99.00      0.1291    
   99.10      0.1267    
   99.20      0.1243    
   99.30      0.1220    
   99.40      0.1197    
   99.50      0.1175    
   99.60      0.1153    
   99.70      0.1131    
   99.80      0.1109    
   99.90      0.1088    
   100.0      0.1067    
 END
