#1001 angles,  1 tensor ranks for 0=projectile
@subtitle   "28Si(d,p)29Si, 0.5+1 0.000 MeV 1s0.5"                                          
@legend ON
@legend x1 0.2
@legend y1 0.8
@g0 type LOGY
@yaxis ticklabel format power
@legend string   0 "Lab energy =   12.0000"
#legend string   0 "Partition=  2 Excit=  1 near/far= 1"
#  Theta       sigma       iT11        T20         T21         T22         Kyy for projectile
   0.000       63.84    
  0.1000       63.84    
  0.2000       63.83    
  0.3000       63.81    
  0.4000       63.78    
  0.5000       63.74    
  0.6000       63.70    
  0.7000       63.65    
  0.8000       63.59    
  0.9000       63.52    
   1.000       63.44    
   1.100       63.36    
   1.200       63.27    
   1.300       63.17    
   1.400       63.06    
   1.500       62.95    
   1.600       62.83    
   1.700       62.70    
   1.800       62.56    
   1.900       62.42    
   2.000       62.26    
   2.100       62.10    
   2.200       61.94    
   2.300       61.76    
   2.400       61.58    
   2.500       61.39    
   2.600       61.19    
   2.700       60.99    
   2.800       60.78    
   2.900       60.56    
   3.000       60.34    
   3.100       60.11    
   3.200       59.87    
   3.300       59.62    
   3.400       59.37    
   3.500       59.11    
   3.600       58.85    
   3.700       58.58    
   3.800       58.30    
   3.900       58.02    
   4.000       57.73    
   4.100       57.43    
   4.200       57.13    
   4.300       56.82    
   4.400       56.51    
   4.500       56.19    
   4.600       55.87    
   4.700       55.54    
   4.800       55.20    
   4.900       54.86    
   5.000       54.52    
   5.100       54.17    
   5.200       53.81    
   5.300       53.45    
   5.400       53.09    
   5.500       52.72    
   5.600       52.35    
   5.700       51.97    
   5.800       51.58    
   5.900       51.20    
   6.000       50.81    
   6.100       50.41    
   6.200       50.01    
   6.300       49.61    
   6.400       49.21    
   6.500       48.80    
   6.600       48.39    
   6.700       47.97    
   6.800       47.55    
   6.900       47.13    
   7.000       46.71    
   7.100       46.28    
   7.200       45.85    
   7.300       45.42    
   7.400       44.98    
   7.500       44.55    
   7.600       44.11    
   7.700       43.67    
   7.800       43.22    
   7.900       42.78    
   8.000       42.33    
   8.100       41.88    
   8.200       41.43    
   8.300       40.98    
   8.400       40.53    
   8.500       40.08    
   8.600       39.63    
   8.700       39.17    
   8.800       38.72    
   8.900       38.26    
   9.000       37.80    
   9.100       37.35    
   9.200       36.89    
   9.300       36.43    
   9.400       35.98    
   9.500       35.52    
   9.600       35.06    
   9.700       34.61    
   9.800       34.15    
   9.900       33.70    
   10.00       33.24    
   10.10       32.79    
   10.20       32.34    
   10.30       31.88    
   10.40       31.43    
   10.50       30.98    
   10.60       30.53    
   10.70       30.09    
   10.80       29.64    
   10.90       29.20    
   11.00       28.75    
   11.10       28.31    
   11.20       27.87    
   11.30       27.44    
   11.40       27.00    
   11.50       26.57    
   11.60       26.14    
   11.70       25.71    
   11.80       25.28    
   11.90       24.86    
   12.00       24.44    
   12.10       24.02    
   12.20       23.60    
   12.30       23.19    
   12.40       22.78    
   12.50       22.37    
   12.60       21.96    
   12.70       21.56    
   12.80       21.16    
   12.90       20.77    
   13.00       20.37    
   13.10       19.99    
   13.20       19.60    
   13.30       19.22    
   13.40       18.84    
   13.50       18.46    
   13.60       18.09    
   13.70       17.72    
   13.80       17.36    
   13.90       16.99    
   14.00       16.64    
   14.10       16.28    
   14.20       15.93    
   14.30       15.59    
   14.40       15.24    
   14.50       14.91    
   14.60       14.57    
   14.70       14.24    
   14.80       13.91    
   14.90       13.59    
   15.00       13.27    
   15.10       12.96    
   15.20       12.65    
   15.30       12.34    
   15.40       12.04    
   15.50       11.74    
   15.60       11.45    
   15.70       11.16    
   15.80       10.87    
   15.90       10.59    
   16.00       10.31    
   16.10       10.04    
   16.20       9.773    
   16.30       9.509    
   16.40       9.249    
   16.50       8.993    
   16.60       8.742    
   16.70       8.495    
   16.80       8.252    
   16.90       8.013    
   17.00       7.778    
   17.10       7.548    
   17.20       7.322    
   17.30       7.100    
   17.40       6.882    
   17.50       6.669    
   17.60       6.460    
   17.70       6.254    
   17.80       6.053    
   17.90       5.857    
   18.00       5.664    
   18.10       5.475    
   18.20       5.290    
   18.30       5.110    
   18.40       4.933    
   18.50       4.761    
   18.60       4.592    
   18.70       4.428    
   18.80       4.267    
   18.90       4.110    
   19.00       3.957    
   19.10       3.808    
   19.20       3.662    
   19.30       3.521    
   19.40       3.383    
   19.50       3.249    
   19.60       3.118    
   19.70       2.991    
   19.80       2.868    
   19.90       2.748    
   20.00       2.632    
   20.10       2.519    
   20.20       2.410    
   20.30       2.304    
   20.40       2.202    
   20.50       2.102    
   20.60       2.007    
   20.70       1.914    
   20.80       1.824    
   20.90       1.738    
   21.00       1.655    
   21.10       1.575    
   21.20       1.497    
   21.30       1.423    
   21.40       1.352    
   21.50       1.284    
   21.60       1.218    
   21.70       1.156    
   21.80       1.096    
   21.90       1.038    
   22.00      0.9838    
   22.10      0.9319    
   22.20      0.8825    
   22.30      0.8356    
   22.40      0.7913    
   22.50      0.7493    
   22.60      0.7097    
   22.70      0.6725    
   22.80      0.6375    
   22.90      0.6048    
   23.00      0.5743    
   23.10      0.5460    
   23.20      0.5197    
   23.30      0.4955    
   23.40      0.4733    
   23.50      0.4531    
   23.60      0.4347    
   23.70      0.4183    
   23.80      0.4037    
   23.90      0.3908    
   24.00      0.3797    
   24.10      0.3703    
   24.20      0.3625    
   24.30      0.3563    
   24.40      0.3517    
   24.50      0.3485    
   24.60      0.3469    
   24.70      0.3466    
   24.80      0.3478    
   24.90      0.3502    
   25.00      0.3540    
   25.10      0.3590    
   25.20      0.3652    
   25.30      0.3726    
   25.40      0.3811    
   25.50      0.3906    
   25.60      0.4013    
   25.70      0.4129    
   25.80      0.4255    
   25.90      0.4390    
   26.00      0.4534    
   26.10      0.4686    
   26.20      0.4847    
   26.30      0.5015    
   26.40      0.5190    
   26.50      0.5373    
   26.60      0.5562    
   26.70      0.5758    
   26.80      0.5959    
   26.90      0.6166    
   27.00      0.6378    
   27.10      0.6595    
   27.20      0.6817    
   27.30      0.7043    
   27.40      0.7273    
   27.50      0.7507    
   27.60      0.7744    
   27.70      0.7984    
   27.80      0.8226    
   27.90      0.8471    
   28.00      0.8719    
   28.10      0.8968    
   28.20      0.9219    
   28.30      0.9471    
   28.40      0.9725    
   28.50      0.9979    
   28.60       1.023    
   28.70       1.049    
   28.80       1.074    
   28.90       1.100    
   29.00       1.125    
   29.10       1.151    
   29.20       1.176    
   29.30       1.201    
   29.40       1.227    
   29.50       1.252    
   29.60       1.276    
   29.70       1.301    
   29.80       1.326    
   29.90       1.350    
   30.00       1.374    
   30.10       1.398    
   30.20       1.421    
   30.30       1.445    
   30.40       1.468    
   30.50       1.490    
   30.60       1.513    
   30.70       1.535    
   30.80       1.556    
   30.90       1.578    
   31.00       1.599    
   31.10       1.619    
   31.20       1.639    
   31.30       1.659    
   31.40       1.679    
   31.50       1.698    
   31.60       1.716    
   31.70       1.734    
   31.80       1.752    
   31.90       1.769    
   32.00       1.786    
   32.10       1.802    
   32.20       1.818    
   32.30       1.834    
   32.40       1.849    
   32.50       1.863    
   32.60       1.877    
   32.70       1.890    
   32.80       1.903    
   32.90       1.916    
   33.00       1.928    
   33.10       1.939    
   33.20       1.950    
   33.30       1.961    
   33.40       1.971    
   33.50       1.980    
   33.60       1.989    
   33.70       1.997    
   33.80       2.005    
   33.90       2.013    
   34.00       2.020    
   34.10       2.026    
   34.20       2.032    
   34.30       2.037    
   34.40       2.042    
   34.50       2.047    
   34.60       2.051    
   34.70       2.054    
   34.80       2.057    
   34.90       2.060    
   35.00       2.062    
   35.10       2.063    
   35.20       2.064    
   35.30       2.065    
   35.40       2.065    
   35.50       2.064    
   35.60       2.064    
   35.70       2.062    
   35.80       2.061    
   35.90       2.059    
   36.00       2.056    
   36.10       2.053    
   36.20       2.050    
   36.30       2.046    
   36.40       2.042    
   36.50       2.037    
   36.60       2.032    
   36.70       2.027    
   36.80       2.021    
   36.90       2.015    
   37.00       2.008    
   37.10       2.002    
   37.20       1.994    
   37.30       1.987    
   37.40       1.979    
   37.50       1.971    
   37.60       1.962    
   37.70       1.954    
   37.80       1.944    
   37.90       1.935    
   38.00       1.925    
   38.10       1.915    
   38.20       1.905    
   38.30       1.895    
   38.40       1.884    
   38.50       1.873    
   38.60       1.862    
   38.70       1.850    
   38.80       1.838    
   38.90       1.826    
   39.00       1.814    
   39.10       1.802    
   39.20       1.789    
   39.30       1.777    
   39.40       1.764    
   39.50       1.751    
   39.60       1.738    
   39.70       1.724    
   39.80       1.711    
   39.90       1.697    
   40.00       1.683    
   40.10       1.670    
   40.20       1.656    
   40.30       1.642    
   40.40       1.627    
   40.50       1.613    
   40.60       1.599    
   40.70       1.584    
   40.80       1.570    
   40.90       1.555    
   41.00       1.541    
   41.10       1.526    
   41.20       1.512    
   41.30       1.497    
   41.40       1.482    
   41.50       1.468    
   41.60       1.453    
   41.70       1.438    
   41.80       1.423    
   41.90       1.409    
   42.00       1.394    
   42.10       1.379    
   42.20       1.365    
   42.30       1.350    
   42.40       1.336    
   42.50       1.321    
   42.60       1.307    
   42.70       1.292    
   42.80       1.278    
   42.90       1.264    
   43.00       1.249    
   43.10       1.235    
   43.20       1.221    
   43.30       1.207    
   43.40       1.194    
   43.50       1.180    
   43.60       1.166    
   43.70       1.153    
   43.80       1.139    
   43.90       1.126    
   44.00       1.113    
   44.10       1.100    
   44.20       1.087    
   44.30       1.074    
   44.40       1.062    
   44.50       1.049    
   44.60       1.037    
   44.70       1.025    
   44.80       1.013    
   44.90       1.001    
   45.00      0.9892    
   45.10      0.9777    
   45.20      0.9663    
   45.30      0.9551    
   45.40      0.9441    
   45.50      0.9332    
   45.60      0.9225    
   45.70      0.9119    
   45.80      0.9016    
   45.90      0.8914    
   46.00      0.8814    
   46.10      0.8716    
   46.20      0.8620    
   46.30      0.8525    
   46.40      0.8433    
   46.50      0.8342    
   46.60      0.8253    
   46.70      0.8167    
   46.80      0.8082    
   46.90      0.7998    
   47.00      0.7917    
   47.10      0.7838    
   47.20      0.7761    
   47.30      0.7685    
   47.40      0.7612    
   47.50      0.7541    
   47.60      0.7471    
   47.70      0.7403    
   47.80      0.7338    
   47.90      0.7274    
   48.00      0.7212    
   48.10      0.7152    
   48.20      0.7094    
   48.30      0.7038    
   48.40      0.6984    
   48.50      0.6932    
   48.60      0.6881    
   48.70      0.6833    
   48.80      0.6786    
   48.90      0.6741    
   49.00      0.6699    
   49.10      0.6657    
   49.20      0.6618    
   49.30      0.6581    
   49.40      0.6545    
   49.50      0.6511    
   49.60      0.6479    
   49.70      0.6449    
   49.80      0.6420    
   49.90      0.6393    
   50.00      0.6368    
   50.10      0.6344    
   50.20      0.6323    
   50.30      0.6302    
   50.40      0.6284    
   50.50      0.6267    
   50.60      0.6251    
   50.70      0.6237    
   50.80      0.6225    
   50.90      0.6214    
   51.00      0.6205    
   51.10      0.6197    
   51.20      0.6190    
   51.30      0.6185    
   51.40      0.6181    
   51.50      0.6179    
   51.60      0.6178    
   51.70      0.6178    
   51.80      0.6180    
   51.90      0.6183    
   52.00      0.6187    
   52.10      0.6192    
   52.20      0.6198    
   52.30      0.6206    
   52.40      0.6215    
   52.50      0.6224    
   52.60      0.6235    
   52.70      0.6247    
   52.80      0.6260    
   52.90      0.6274    
   53.00      0.6289    
   53.10      0.6305    
   53.20      0.6321    
   53.30      0.6339    
   53.40      0.6357    
   53.50      0.6376    
   53.60      0.6396    
   53.70      0.6417    
   53.80      0.6438    
   53.90      0.6461    
   54.00      0.6483    
   54.10      0.6507    
   54.20      0.6531    
   54.30      0.6556    
   54.40      0.6581    
   54.50      0.6606    
   54.60      0.6633    
   54.70      0.6659    
   54.80      0.6687    
   54.90      0.6714    
   55.00      0.6742    
   55.10      0.6770    
   55.20      0.6799    
   55.30      0.6828    
   55.40      0.6857    
   55.50      0.6886    
   55.60      0.6916    
   55.70      0.6946    
   55.80      0.6976    
   55.90      0.7006    
   56.00      0.7036    
   56.10      0.7067    
   56.20      0.7097    
   56.30      0.7128    
   56.40      0.7158    
   56.50      0.7189    
   56.60      0.7219    
   56.70      0.7250    
   56.80      0.7280    
   56.90      0.7310    
   57.00      0.7340    
   57.10      0.7370    
   57.20      0.7400    
   57.30      0.7430    
   57.40      0.7459    
   57.50      0.7488    
   57.60      0.7517    
   57.70      0.7546    
   57.80      0.7574    
   57.90      0.7602    
   58.00      0.7630    
   58.10      0.7657    
   58.20      0.7684    
   58.30      0.7711    
   58.40      0.7737    
   58.50      0.7763    
   58.60      0.7788    
   58.70      0.7813    
   58.80      0.7838    
   58.90      0.7861    
   59.00      0.7885    
   59.10      0.7908    
   59.20      0.7930    
   59.30      0.7952    
   59.40      0.7973    
   59.50      0.7994    
   59.60      0.8014    
   59.70      0.8033    
   59.80      0.8052    
   59.90      0.8070    
   60.00      0.8088    
   60.10      0.8105    
   60.20      0.8121    
   60.30      0.8136    
   60.40      0.8151    
   60.50      0.8165    
   60.60      0.8179    
   60.70      0.8192    
   60.80      0.8204    
   60.90      0.8215    
   61.00      0.8225    
   61.10      0.8235    
   61.20      0.8244    
   61.30      0.8253    
   61.40      0.8260    
   61.50      0.8267    
   61.60      0.8273    
   61.70      0.8278    
   61.80      0.8283    
   61.90      0.8286    
   62.00      0.8289    
   62.10      0.8291    
   62.20      0.8293    
   62.30      0.8293    
   62.40      0.8293    
   62.50      0.8292    
   62.60      0.8290    
   62.70      0.8287    
   62.80      0.8283    
   62.90      0.8279    
   63.00      0.8274    
   63.10      0.8268    
   63.20      0.8261    
   63.30      0.8253    
   63.40      0.8245    
   63.50      0.8236    
   63.60      0.8225    
   63.70      0.8215    
   63.80      0.8203    
   63.90      0.8191    
   64.00      0.8177    
   64.10      0.8163    
   64.20      0.8148    
   64.30      0.8133    
   64.40      0.8116    
   64.50      0.8099    
   64.60      0.8081    
   64.70      0.8062    
   64.80      0.8043    
   64.90      0.8023    
   65.00      0.8002    
   65.10      0.7980    
   65.20      0.7957    
   65.30      0.7934    
   65.40      0.7910    
   65.50      0.7886    
   65.60      0.7860    
   65.70      0.7834    
   65.80      0.7807    
   65.90      0.7780    
   66.00      0.7752    
   66.10      0.7723    
   66.20      0.7693    
   66.30      0.7663    
   66.40      0.7632    
   66.50      0.7601    
   66.60      0.7569    
   66.70      0.7536    
   66.80      0.7503    
   66.90      0.7469    
   67.00      0.7434    
   67.10      0.7399    
   67.20      0.7363    
   67.30      0.7327    
   67.40      0.7290    
   67.50      0.7253    
   67.60      0.7215    
   67.70      0.7176    
   67.80      0.7137    
   67.90      0.7098    
   68.00      0.7058    
   68.10      0.7018    
   68.20      0.6977    
   68.30      0.6935    
   68.40      0.6894    
   68.50      0.6851    
   68.60      0.6809    
   68.70      0.6766    
   68.80      0.6722    
   68.90      0.6678    
   69.00      0.6634    
   69.10      0.6589    
   69.20      0.6544    
   69.30      0.6499    
   69.40      0.6453    
   69.50      0.6407    
   69.60      0.6361    
   69.70      0.6314    
   69.80      0.6268    
   69.90      0.6220    
   70.00      0.6173    
   70.10      0.6125    
   70.20      0.6077    
   70.30      0.6029    
   70.40      0.5981    
   70.50      0.5932    
   70.60      0.5884    
   70.70      0.5835    
   70.80      0.5786    
   70.90      0.5736    
   71.00      0.5687    
   71.10      0.5637    
   71.20      0.5588    
   71.30      0.5538    
   71.40      0.5488    
   71.50      0.5438    
   71.60      0.5388    
   71.70      0.5338    
   71.80      0.5288    
   71.90      0.5238    
   72.00      0.5188    
   72.10      0.5137    
   72.20      0.5087    
   72.30      0.5037    
   72.40      0.4987    
   72.50      0.4936    
   72.60      0.4886    
   72.70      0.4836    
   72.80      0.4786    
   72.90      0.4736    
   73.00      0.4686    
   73.10      0.4636    
   73.20      0.4587    
   73.30      0.4537    
   73.40      0.4488    
   73.50      0.4438    
   73.60      0.4389    
   73.70      0.4340    
   73.80      0.4291    
   73.90      0.4242    
   74.00      0.4194    
   74.10      0.4145    
   74.20      0.4097    
   74.30      0.4049    
   74.40      0.4001    
   74.50      0.3954    
   74.60      0.3906    
   74.70      0.3859    
   74.80      0.3812    
   74.90      0.3766    
   75.00      0.3719    
   75.10      0.3673    
   75.20      0.3627    
   75.30      0.3582    
   75.40      0.3537    
   75.50      0.3492    
   75.60      0.3447    
   75.70      0.3403    
   75.80      0.3359    
   75.90      0.3315    
   76.00      0.3272    
   76.10      0.3229    
   76.20      0.3186    
   76.30      0.3144    
   76.40      0.3102    
   76.50      0.3061    
   76.60      0.3020    
   76.70      0.2979    
   76.80      0.2938    
   76.90      0.2898    
   77.00      0.2859    
   77.10      0.2820    
   77.20      0.2781    
   77.30      0.2742    
   77.40      0.2704    
   77.50      0.2667    
   77.60      0.2630    
   77.70      0.2593    
   77.80      0.2557    
   77.90      0.2521    
   78.00      0.2485    
   78.10      0.2450    
   78.20      0.2416    
   78.30      0.2382    
   78.40      0.2348    
   78.50      0.2315    
   78.60      0.2282    
   78.70      0.2250    
   78.80      0.2218    
   78.90      0.2187    
   79.00      0.2156    
   79.10      0.2126    
   79.20      0.2096    
   79.30      0.2067    
   79.40      0.2038    
   79.50      0.2009    
   79.60      0.1981    
   79.70      0.1954    
   79.80      0.1927    
   79.90      0.1900    
   80.00      0.1874    
   80.10      0.1848    
   80.20      0.1823    
   80.30      0.1799    
   80.40      0.1775    
   80.50      0.1751    
   80.60      0.1728    
   80.70      0.1705    
   80.80      0.1683    
   80.90      0.1661    
   81.00      0.1640    
   81.10      0.1619    
   81.20      0.1599    
   81.30      0.1580    
   81.40      0.1560    
   81.50      0.1541    
   81.60      0.1523    
   81.70      0.1505    
   81.80      0.1488    
   81.90      0.1471    
   82.00      0.1455    
   82.10      0.1439    
   82.20      0.1424    
   82.30      0.1409    
   82.40      0.1394    
   82.50      0.1380    
   82.60      0.1367    
   82.70      0.1353    
   82.80      0.1341    
   82.90      0.1329    
   83.00      0.1317    
   83.10      0.1306    
   83.20      0.1295    
   83.30      0.1284    
   83.40      0.1275    
   83.50      0.1265    
   83.60      0.1256    
   83.70      0.1247    
   83.80      0.1239    
   83.90      0.1231    
   84.00      0.1224    
   84.10      0.1217    
   84.20      0.1211    
   84.30      0.1205    
   84.40      0.1199    
   84.50      0.1194    
   84.60      0.1189    
   84.70      0.1184    
   84.80      0.1180    
   84.90      0.1177    
   85.00      0.1173    
   85.10      0.1170    
   85.20      0.1168    
   85.30      0.1166    
   85.40      0.1164    
   85.50      0.1163    
   85.60      0.1161    
   85.70      0.1161    
   85.80      0.1160    
   85.90      0.1160    
   86.00      0.1161    
   86.10      0.1161    
   86.20      0.1162    
   86.30      0.1164    
   86.40      0.1165    
   86.50      0.1167    
   86.60      0.1170    
   86.70      0.1172    
   86.80      0.1175    
   86.90      0.1178    
   87.00      0.1182    
   87.10      0.1186    
   87.20      0.1190    
   87.30      0.1194    
   87.40      0.1199    
   87.50      0.1203    
   87.60      0.1209    
   87.70      0.1214    
   87.80      0.1220    
   87.90      0.1226    
   88.00      0.1232    
   88.10      0.1238    
   88.20      0.1245    
   88.30      0.1251    
   88.40      0.1258    
   88.50      0.1266    
   88.60      0.1273    
   88.70      0.1281    
   88.80      0.1289    
   88.90      0.1297    
   89.00      0.1305    
   89.10      0.1314    
   89.20      0.1322    
   89.30      0.1331    
   89.40      0.1340    
   89.50      0.1349    
   89.60      0.1358    
   89.70      0.1368    
   89.80      0.1377    
   89.90      0.1387    
   90.00      0.1397    
   90.10      0.1407    
   90.20      0.1417    
   90.30      0.1427    
   90.40      0.1438    
   90.50      0.1448    
   90.60      0.1459    
   90.70      0.1469    
   90.80      0.1480    
   90.90      0.1491    
   91.00      0.1502    
   91.10      0.1513    
   91.20      0.1524    
   91.30      0.1535    
   91.40      0.1546    
   91.50      0.1558    
   91.60      0.1569    
   91.70      0.1580    
   91.80      0.1592    
   91.90      0.1603    
   92.00      0.1615    
   92.10      0.1626    
   92.20      0.1638    
   92.30      0.1649    
   92.40      0.1661    
   92.50      0.1673    
   92.60      0.1684    
   92.70      0.1696    
   92.80      0.1708    
   92.90      0.1719    
   93.00      0.1731    
   93.10      0.1742    
   93.20      0.1754    
   93.30      0.1766    
   93.40      0.1777    
   93.50      0.1789    
   93.60      0.1800    
   93.70      0.1812    
   93.80      0.1823    
   93.90      0.1834    
   94.00      0.1846    
   94.10      0.1857    
   94.20      0.1868    
   94.30      0.1879    
   94.40      0.1890    
   94.50      0.1901    
   94.60      0.1912    
   94.70      0.1923    
   94.80      0.1934    
   94.90      0.1945    
   95.00      0.1955    
   95.10      0.1966    
   95.20      0.1976    
   95.30      0.1987    
   95.40      0.1997    
   95.50      0.2007    
   95.60      0.2017    
   95.70      0.2027    
   95.80      0.2037    
   95.90      0.2046    
   96.00      0.2056    
   96.10      0.2066    
   96.20      0.2075    
   96.30      0.2084    
   96.40      0.2093    
   96.50      0.2102    
   96.60      0.2111    
   96.70      0.2120    
   96.80      0.2128    
   96.90      0.2137    
   97.00      0.2145    
   97.10      0.2153    
   97.20      0.2161    
   97.30      0.2169    
   97.40      0.2177    
   97.50      0.2184    
   97.60      0.2192    
   97.70      0.2199    
   97.80      0.2206    
   97.90      0.2213    
   98.00      0.2220    
   98.10      0.2226    
   98.20      0.2233    
   98.30      0.2239    
   98.40      0.2245    
   98.50      0.2251    
   98.60      0.2257    
   98.70      0.2262    
   98.80      0.2268    
   98.90      0.2273    
   99.00      0.2278    
   99.10      0.2283    
   99.20      0.2288    
   99.30      0.2292    
   99.40      0.2296    
   99.50      0.2301    
   99.60      0.2305    
   99.70      0.2308    
   99.80      0.2312    
   99.90      0.2315    
   100.0      0.2319    
 END
