# 361 angles,  1 tensor ranks for 0=projectile
@subtitle   "25Mg(d,p)26Mg"                                                                 
@legend ON
@legend x1 0.2
@legend y1 0.8
@g0 type LOGY
@yaxis ticklabel format power
@legend string   0 "Lab energy =   16.0000"
#legend string   0 "Partition=  2 Excit=  5 near/far= 1"
#  Theta       sigma       iT11        T20         T21         T22         Kyy for projectile
   0.000       6.217    
  0.5000       6.222    
   1.000       6.237    
   1.500       6.261    
   2.000       6.294    
   2.500       6.335    
   3.000       6.383    
   3.500       6.436    
   4.000       6.493    
   4.500       6.553    
   5.000       6.613    
   5.500       6.672    
   6.000       6.729    
   6.500       6.782    
   7.000       6.828    
   7.500       6.866    
   8.000       6.894    
   8.500       6.912    
   9.000       6.918    
   9.500       6.911    
   10.00       6.889    
   10.50       6.853    
   11.00       6.801    
   11.50       6.734    
   12.00       6.652    
   12.50       6.554    
   13.00       6.441    
   13.50       6.314    
   14.00       6.174    
   14.50       6.020    
   15.00       5.855    
   15.50       5.679    
   16.00       5.494    
   16.50       5.301    
   17.00       5.102    
   17.50       4.897    
   18.00       4.689    
   18.50       4.478    
   19.00       4.266    
   19.50       4.055    
   20.00       3.845    
   20.50       3.639    
   21.00       3.436    
   21.50       3.239    
   22.00       3.047    
   22.50       2.862    
   23.00       2.685    
   23.50       2.516    
   24.00       2.356    
   24.50       2.205    
   25.00       2.063    
   25.50       1.931    
   26.00       1.808    
   26.50       1.695    
   27.00       1.592    
   27.50       1.498    
   28.00       1.413    
   28.50       1.338    
   29.00       1.270    
   29.50       1.211    
   30.00       1.160    
   30.50       1.116    
   31.00       1.078    
   31.50       1.046    
   32.00       1.021    
   32.50       1.000    
   33.00      0.9838    
   33.50      0.9716    
   34.00      0.9629    
   34.50      0.9571    
   35.00      0.9539    
   35.50      0.9526    
   36.00      0.9530    
   36.50      0.9545    
   37.00      0.9568    
   37.50      0.9595    
   38.00      0.9624    
   38.50      0.9651    
   39.00      0.9673    
   39.50      0.9690    
   40.00      0.9699    
   40.50      0.9697    
   41.00      0.9685    
   41.50      0.9662    
   42.00      0.9625    
   42.50      0.9576    
   43.00      0.9514    
   43.50      0.9439    
   44.00      0.9351    
   44.50      0.9250    
   45.00      0.9138    
   45.50      0.9015    
   46.00      0.8881    
   46.50      0.8738    
   47.00      0.8587    
   47.50      0.8428    
   48.00      0.8263    
   48.50      0.8094    
   49.00      0.7920    
   49.50      0.7743    
   50.00      0.7565    
   50.50      0.7386    
   51.00      0.7208    
   51.50      0.7031    
   52.00      0.6856    
   52.50      0.6686    
   53.00      0.6519    
   53.50      0.6357    
   54.00      0.6201    
   54.50      0.6052    
   55.00      0.5909    
   55.50      0.5774    
   56.00      0.5646    
   56.50      0.5527    
   57.00      0.5416    
   57.50      0.5313    
   58.00      0.5219    
   58.50      0.5133    
   59.00      0.5056    
   59.50      0.4987    
   60.00      0.4927    
   60.50      0.4874    
   61.00      0.4829    
   61.50      0.4792    
   62.00      0.4762    
   62.50      0.4738    
   63.00      0.4720    
   63.50      0.4708    
   64.00      0.4701    
   64.50      0.4699    
   65.00      0.4701    
   65.50      0.4707    
   66.00      0.4716    
   66.50      0.4728    
   67.00      0.4743    
   67.50      0.4758    
   68.00      0.4775    
   68.50      0.4793    
   69.00      0.4811    
   69.50      0.4829    
   70.00      0.4847    
   70.50      0.4863    
   71.00      0.4879    
   71.50      0.4892    
   72.00      0.4904    
   72.50      0.4913    
   73.00      0.4920    
   73.50      0.4924    
   74.00      0.4925    
   74.50      0.4923    
   75.00      0.4918    
   75.50      0.4909    
   76.00      0.4897    
   76.50      0.4881    
   77.00      0.4862    
   77.50      0.4839    
   78.00      0.4812    
   78.50      0.4781    
   79.00      0.4747    
   79.50      0.4710    
   80.00      0.4668    
   80.50      0.4624    
   81.00      0.4576    
   81.50      0.4525    
   82.00      0.4470    
   82.50      0.4413    
   83.00      0.4353    
   83.50      0.4291    
   84.00      0.4226    
   84.50      0.4159    
   85.00      0.4090    
   85.50      0.4019    
   86.00      0.3947    
   86.50      0.3873    
   87.00      0.3797    
   87.50      0.3721    
   88.00      0.3644    
   88.50      0.3566    
   89.00      0.3488    
   89.50      0.3409    
   90.00      0.3330    
   90.50      0.3252    
   91.00      0.3173    
   91.50      0.3095    
   92.00      0.3018    
   92.50      0.2941    
   93.00      0.2865    
   93.50      0.2791    
   94.00      0.2717    
   94.50      0.2645    
   95.00      0.2574    
   95.50      0.2504    
   96.00      0.2436    
   96.50      0.2370    
   97.00      0.2306    
   97.50      0.2243    
   98.00      0.2182    
   98.50      0.2124    
   99.00      0.2067    
   99.50      0.2012    
   100.0      0.1959    
   100.5      0.1909    
   101.0      0.1860    
   101.5      0.1814    
   102.0      0.1770    
   102.5      0.1728    
   103.0      0.1688    
   103.5      0.1650    
   104.0      0.1615    
   104.5      0.1581    
   105.0      0.1550    
   105.5      0.1520    
   106.0      0.1492    
   106.5      0.1467    
   107.0      0.1443    
   107.5      0.1421    
   108.0      0.1401    
   108.5      0.1383    
   109.0      0.1366    
   109.5      0.1351    
   110.0      0.1338    
   110.5      0.1326    
   111.0      0.1315    
   111.5      0.1306    
   112.0      0.1298    
   112.5      0.1291    
   113.0      0.1285    
   113.5      0.1281    
   114.0      0.1277    
   114.5      0.1275    
   115.0      0.1273    
   115.5      0.1272    
   116.0      0.1272    
   116.5      0.1272    
   117.0      0.1273    
   117.5      0.1275    
   118.0      0.1277    
   118.5      0.1279    
   119.0      0.1282    
   119.5      0.1285    
   120.0      0.1288    
   120.5      0.1291    
   121.0      0.1295    
   121.5      0.1298    
   122.0      0.1302    
   122.5      0.1305    
   123.0      0.1309    
   123.5      0.1312    
   124.0      0.1316    
   124.5      0.1319    
   125.0      0.1321    
   125.5      0.1324    
   126.0      0.1326    
   126.5      0.1329    
   127.0      0.1330    
   127.5      0.1332    
   128.0      0.1333    
   128.5      0.1334    
   129.0      0.1334    
   129.5      0.1334    
   130.0      0.1334    
   130.5      0.1333    
   131.0      0.1332    
   131.5      0.1331    
   132.0      0.1329    
   132.5      0.1327    
   133.0      0.1325    
   133.5      0.1322    
   134.0      0.1319    
   134.5      0.1315    
   135.0      0.1312    
   135.5      0.1308    
   136.0      0.1304    
   136.5      0.1300    
   137.0      0.1295    
   137.5      0.1290    
   138.0      0.1286    
   138.5      0.1281    
   139.0      0.1276    
   139.5      0.1271    
   140.0      0.1266    
   140.5      0.1261    
   141.0      0.1256    
   141.5      0.1251    
   142.0      0.1246    
   142.5      0.1241    
   143.0      0.1237    
   143.5      0.1232    
   144.0      0.1228    
   144.5      0.1224    
   145.0      0.1221    
   145.5      0.1217    
   146.0      0.1214    
   146.5      0.1212    
   147.0      0.1209    
   147.5      0.1207    
   148.0      0.1206    
   148.5      0.1204    
   149.0      0.1203    
   149.5      0.1203    
   150.0      0.1203    
   150.5      0.1204    
   151.0      0.1205    
   151.5      0.1206    
   152.0      0.1208    
   152.5      0.1210    
   153.0      0.1213    
   153.5      0.1216    
   154.0      0.1220    
   154.5      0.1224    
   155.0      0.1229    
   155.5      0.1234    
   156.0      0.1240    
   156.5      0.1246    
   157.0      0.1252    
   157.5      0.1259    
   158.0      0.1266    
   158.5      0.1273    
   159.0      0.1281    
   159.5      0.1289    
   160.0      0.1298    
   160.5      0.1307    
   161.0      0.1316    
   161.5      0.1325    
   162.0      0.1334    
   162.5      0.1344    
   163.0      0.1353    
   163.5      0.1363    
   164.0      0.1373    
   164.5      0.1383    
   165.0      0.1393    
   165.5      0.1403    
   166.0      0.1413    
   166.5      0.1423    
   167.0      0.1433    
   167.5      0.1442    
   168.0      0.1452    
   168.5      0.1461    
   169.0      0.1471    
   169.5      0.1480    
   170.0      0.1488    
   170.5      0.1497    
   171.0      0.1505    
   171.5      0.1513    
   172.0      0.1520    
   172.5      0.1528    
   173.0      0.1534    
   173.5      0.1541    
   174.0      0.1547    
   174.5      0.1552    
   175.0      0.1557    
   175.5      0.1562    
   176.0      0.1566    
   176.5      0.1570    
   177.0      0.1573    
   177.5      0.1576    
   178.0      0.1578    
   178.5      0.1580    
   179.0      0.1582    
   179.5      0.1582    
   180.0      0.1583    
 END
