# 501  0.2000   32.0000 = NLN,RINTP,ELAB
   0.000    0.000000    0.000000
   0.200   -2.618331   -0.806568
   0.400   -2.597394   -0.807111
   0.600   -2.558039   -0.752215
   0.800   -2.426864   -0.534786
   1.000   -2.505531   -0.451681
   1.200   -2.498437   -0.399323
   1.400   -2.432845   -0.398726
   1.600   -2.361447   -0.464485
   1.800   -2.332122   -0.604791
   2.000   -2.328803   -0.837691
   2.200   -2.297472   -1.154514
   2.400   -2.196121   -1.511323
   2.600   -2.022832   -1.858194
   2.800   -1.812403   -2.169820
   3.000   -1.610289   -2.438432
   3.200   -1.441018   -2.666642
   3.400   -1.292108   -2.866912
   3.600   -1.132635   -3.027846
   3.800   -0.944909   -3.120711
   4.000   -0.729824   -3.114702
   4.200   -0.506260   -3.005056
   4.400   -0.286986   -2.789353
   4.600   -0.083579   -2.503147
   4.800    0.086235   -2.165627
   5.000    0.218911   -1.810419
   5.200    0.309605   -1.465016
   5.400    0.360988   -1.149942
   5.600    0.379649   -0.877236
   5.800    0.373941   -0.651073
   6.000    0.351870   -0.469948
   6.200    0.320121   -0.329309
   6.400    0.283803   -0.223116
   6.600    0.246531   -0.145099
   6.800    0.210643   -0.089382
   7.000    0.177585   -0.050736
   7.200    0.148059   -0.024825
   7.400    0.122298   -0.008087
   7.600    0.100213    0.002178
   7.800    0.081547    0.008026
   8.000    0.065968    0.010910
   8.200    0.053065    0.011924
   8.400    0.042553    0.011745
   8.600    0.034020    0.010920
   8.800    0.027126    0.009747
   9.000    0.021663    0.008506
   9.200    0.017293    0.007303
   9.400    0.013790    0.006219
   9.600    0.010957    0.005283
   9.800    0.008650    0.004478
  10.000    0.006746    0.003776
  10.200    0.005179    0.003157
  10.400    0.003906    0.002598
  10.600    0.002899    0.002088
  10.800    0.002106    0.001614
  11.000    0.001523    0.001190
  11.200    0.001107    0.000803
  11.400    0.000879    0.000459
  11.600    0.000641    0.000034
  11.800    0.000628   -0.000070
  12.000    0.000729   -0.000359
  12.200    0.000774   -0.000627
  12.400    0.000829   -0.000669
  12.600    0.000979   -0.000764
  12.800    0.000928   -0.000737
  13.000    0.001024   -0.000552
  13.200    0.000975   -0.000368
  13.400    0.000875   -0.000032
  13.600    0.001001    0.000169
  13.800    0.000840    0.000426
  14.000    0.000846    0.000508
  14.200    0.000844    0.000670
  14.400    0.000518    0.000541
  14.600    0.000352    0.000712
  14.800    0.000238    0.000614
  15.000   -0.000074    0.000648
  15.200   -0.000034    0.000635
  15.400   -0.000163    0.000487
  15.600   -0.000166    0.000485
  15.800   -0.000260    0.000225
  16.000   -0.000331    0.000129
  16.200   -0.000402   -0.000131
  16.400   -0.000505   -0.000224
  16.600   -0.000596   -0.000323
  16.800   -0.000622   -0.000363
  17.000   -0.000625   -0.000272
  17.200   -0.000543   -0.000252
  17.400   -0.000380   -0.000134
  17.600   -0.000175   -0.000103
  17.800    0.000004   -0.000063
  18.000    0.000182   -0.000023
  18.200    0.000347   -0.000042
  18.400    0.000373   -0.000026
  18.600    0.000462   -0.000025
  18.800    0.000418   -0.000014
  19.000    0.000404   -0.000010
  19.200    0.000309    0.000008
  19.400    0.000223    0.000020
  19.600    0.000120    0.000007
  19.800    0.000030    0.000009
  20.000   -0.000035    0.000003
  20.200   -0.000078   -0.000016
  20.400   -0.000098   -0.000014
  20.600   -0.000104   -0.000023
  20.800   -0.000101   -0.000022
  21.000   -0.000092   -0.000019
  21.200   -0.000083   -0.000023
  21.400   -0.000074   -0.000019
  21.600   -0.000064   -0.000022
  21.800   -0.000054   -0.000020
  22.000   -0.000045   -0.000021
  22.200   -0.000036   -0.000018
  22.400   -0.000029   -0.000016
  22.600   -0.000023   -0.000013
  22.800   -0.000020   -0.000010
  23.000   -0.000018   -0.000007
  23.200   -0.000017   -0.000006
  23.400   -0.000017   -0.000005
  23.600   -0.000016   -0.000006
  23.800   -0.000015   -0.000007
  24.000   -0.000013   -0.000007
  24.200   -0.000010   -0.000006
  24.400   -0.000009   -0.000005
  24.600   -0.000008   -0.000003
  24.800   -0.000008   -0.000001
  25.000   -0.000009   -0.000000
  25.200   -0.000010   -0.000000
  25.400   -0.000011   -0.000001
  25.600   -0.000010   -0.000002
  25.800   -0.000009   -0.000003
  26.000   -0.000008   -0.000003
  26.200   -0.000007   -0.000002
  26.400   -0.000006   -0.000001
  26.600   -0.000006    0.000000
  26.800   -0.000007    0.000001
  27.000   -0.000008    0.000001
  27.200   -0.000009    0.000001
  27.400   -0.000009   -0.000000
  27.600   -0.000008   -0.000001
  27.800   -0.000007   -0.000001
  28.000   -0.000006   -0.000001
  28.200   -0.000005    0.000000
  28.400   -0.000005    0.000001
  28.600   -0.000005    0.000002
  28.800   -0.000006    0.000003
  29.000   -0.000007    0.000002
  29.200   -0.000007    0.000001
  29.400   -0.000007    0.000001
  29.600   -0.000006    0.000000
  29.800   -0.000005    0.000000
  30.000   -0.000004    0.000001
  30.200   -0.000004    0.000002
  30.400   -0.000004    0.000003
  30.600   -0.000005    0.000003
  30.800   -0.000005    0.000003
  31.000   -0.000006    0.000002
  31.200   -0.000005    0.000001
  31.400   -0.000005    0.000001
  31.600   -0.000004    0.000001
  31.800   -0.000003    0.000002
  32.000   -0.000003    0.000002
  32.200   -0.000003    0.000003
  32.400   -0.000004    0.000003
  32.600   -0.000004    0.000003
  32.800   -0.000004    0.000003
  33.000   -0.000004    0.000002
  33.200   -0.000004    0.000002
  33.400   -0.000003    0.000002
  33.600   -0.000002    0.000002
  33.800   -0.000002    0.000003
  34.000   -0.000002    0.000003
  34.200   -0.000003    0.000004
  34.400   -0.000003    0.000003
  34.600   -0.000003    0.000003
  34.800   -0.000003    0.000002
  35.000   -0.000003    0.000002
  35.200   -0.000002    0.000002
  35.400   -0.000001    0.000002
  35.600   -0.000001    0.000003
  35.800   -0.000001    0.000003
  36.000   -0.000002    0.000004
  36.200   -0.000002    0.000003
  36.400   -0.000002    0.000003
  36.600   -0.000002    0.000003
  36.800   -0.000002    0.000002
  37.000   -0.000001    0.000002
  37.200   -0.000001    0.000002
  37.400   -0.000000    0.000003
  37.600   -0.000000    0.000003
  37.800   -0.000001    0.000003
  38.000   -0.000001    0.000003
  38.200   -0.000002    0.000003
  38.400   -0.000002    0.000002
  38.600   -0.000001    0.000002
  38.800   -0.000001    0.000002
  39.000   -0.000000    0.000002
  39.200    0.000000    0.000002
  39.400    0.000000    0.000003
  39.600   -0.000000    0.000003
  39.800   -0.000001    0.000003
  40.000   -0.000001    0.000003
  40.200   -0.000001    0.000002
  40.400   -0.000001    0.000002
  40.600   -0.000000    0.000002
  40.800    0.000000    0.000002
  41.000    0.000001    0.000002
  41.200    0.000001    0.000002
  41.400    0.000000    0.000003
  41.600    0.000000    0.000003
  41.800   -0.000000    0.000002
  42.000   -0.000000    0.000002
  42.200   -0.000000    0.000002
  42.400    0.000000    0.000001
  42.600    0.000001    0.000001
  42.800    0.000001    0.000002
  43.000    0.000001    0.000002
  43.200    0.000001    0.000002
  43.400    0.000000    0.000002
  43.600    0.000000    0.000002
  43.800    0.000000    0.000002
  44.000    0.000000    0.000001
  44.200    0.000001    0.000001
  44.400    0.000001    0.000001
  44.600    0.000001    0.000001
  44.800    0.000001    0.000002
  45.000    0.000001    0.000002
  45.200    0.000001    0.000002
  45.400    0.000000    0.000002
  45.600    0.000000    0.000001
  45.800    0.000000    0.000001
  46.000    0.000001    0.000001
  46.200    0.000001    0.000001
  46.400    0.000001    0.000001
  46.600    0.000001    0.000001
  46.800    0.000001    0.000002
  47.000    0.000001    0.000002
  47.200    0.000001    0.000001
  47.400    0.000001    0.000001
  47.600    0.000001    0.000001
  47.800    0.000001    0.000001
  48.000    0.000001    0.000001
  48.200    0.000001    0.000001
  48.400    0.000001    0.000001
  48.600    0.000001    0.000001
  48.800    0.000001    0.000001
  49.000    0.000001    0.000001
  49.200    0.000001    0.000001
  49.400    0.000001    0.000000
  49.600    0.000001    0.000000
  49.800    0.000001    0.000000
  50.000    0.000001    0.000000
  50.200    0.000001    0.000001
  50.400    0.000001    0.000001
  50.600    0.000001    0.000001
  50.800    0.000001    0.000001
  51.000    0.000001    0.000000
  51.200    0.000001    0.000000
  51.400    0.000001    0.000000
  51.600    0.000001    0.000000
  51.800    0.000001    0.000000
  52.000    0.000001    0.000000
  52.200    0.000001    0.000001
  52.400    0.000001    0.000001
  52.600    0.000001    0.000000
  52.800    0.000001    0.000000
  53.000    0.000001   -0.000000
  53.200    0.000001   -0.000000
  53.400    0.000001   -0.000000
  53.600    0.000001   -0.000000
  53.800    0.000001    0.000000
  54.000    0.000001    0.000000
  54.200    0.000001    0.000000
  54.400    0.000001    0.000000
  54.600    0.000001    0.000000
  54.800    0.000001   -0.000000
  55.000    0.000001   -0.000000
  55.200    0.000001   -0.000000
  55.400    0.000001   -0.000000
  55.600    0.000001   -0.000000
  55.800    0.000001    0.000000
  56.000    0.000001    0.000000
  56.200    0.000001    0.000000
  56.400    0.000001   -0.000000
  56.600    0.000001   -0.000000
  56.800    0.000001   -0.000000
  57.000    0.000001   -0.000001
  57.200    0.000001   -0.000000
  57.400    0.000001   -0.000000
  57.600    0.000001   -0.000000
  57.800    0.000001   -0.000000
  58.000    0.000001   -0.000000
  58.200    0.000000   -0.000000
  58.400    0.000000   -0.000000
  58.600    0.000001   -0.000001
  58.800    0.000001   -0.000001
  59.000    0.000001   -0.000001
  59.200    0.000001   -0.000000
  59.400    0.000001   -0.000000
  59.600    0.000001   -0.000000
  59.800    0.000000   -0.000000
  60.000    0.000000   -0.000000
  60.200    0.000000   -0.000001
  60.400    0.000000   -0.000001
  60.600    0.000001   -0.000001
  60.800    0.000001   -0.000001
  61.000    0.000001   -0.000000
  61.200    0.000001   -0.000000
  61.400    0.000000   -0.000000
  61.600    0.000000   -0.000000
  61.800    0.000000   -0.000000
  62.000    0.000000   -0.000001
  62.200    0.000000   -0.000001
  62.400    0.000000   -0.000001
  62.600    0.000000   -0.000001
  62.800    0.000001   -0.000000
  63.000    0.000000   -0.000000
  63.200    0.000000   -0.000000
  63.400    0.000000   -0.000000
  63.600    0.000000   -0.000000
  63.800    0.000000   -0.000001
  64.000    0.000000   -0.000001
  64.200    0.000000   -0.000001
  64.400    0.000000   -0.000001
  64.600    0.000000   -0.000000
  64.800    0.000000   -0.000000
  65.000    0.000000   -0.000000
  65.200    0.000000   -0.000000
  65.400   -0.000000   -0.000000
  65.600   -0.000000   -0.000001
  65.800    0.000000   -0.000001
  66.000    0.000000   -0.000001
  66.200    0.000000   -0.000001
  66.400    0.000000   -0.000000
  66.600    0.000000   -0.000000
  66.800    0.000000   -0.000000
  67.000   -0.000000   -0.000000
  67.200   -0.000000   -0.000000
  67.400   -0.000000   -0.000000
  67.600   -0.000000   -0.000001
  67.800    0.000000   -0.000001
  68.000    0.000000   -0.000001
  68.200    0.000000   -0.000000
  68.400    0.000000   -0.000000
  68.600    0.000000   -0.000000
  68.800   -0.000000   -0.000000
  69.000   -0.000000   -0.000000
  69.200   -0.000000   -0.000000
  69.400   -0.000000   -0.000001
  69.600   -0.000000   -0.000001
  69.800    0.000000   -0.000000
  70.000    0.000000   -0.000000
  70.200    0.000000   -0.000000
  70.400   -0.000000   -0.000000
  70.600   -0.000000   -0.000000
  70.800   -0.000000   -0.000000
  71.000   -0.000000   -0.000000
  71.200   -0.000000   -0.000000
  71.400   -0.000000   -0.000000
  71.600   -0.000000   -0.000000
  71.800    0.000000   -0.000000
  72.000   -0.000000   -0.000000
  72.200   -0.000000   -0.000000
  72.400   -0.000000   -0.000000
  72.600   -0.000000   -0.000000
  72.800   -0.000000   -0.000000
  73.000   -0.000000   -0.000000
  73.200   -0.000000   -0.000000
  73.400   -0.000000   -0.000000
  73.600   -0.000000   -0.000000
  73.800   -0.000000   -0.000000
  74.000   -0.000000   -0.000000
  74.200   -0.000000   -0.000000
  74.400   -0.000000   -0.000000
  74.600   -0.000000   -0.000000
  74.800   -0.000000   -0.000000
  75.000   -0.000000   -0.000000
  75.200   -0.000000   -0.000000
  75.400   -0.000000   -0.000000
  75.600   -0.000000   -0.000000
  75.800   -0.000000   -0.000000
  76.000   -0.000000   -0.000000
  76.200   -0.000000   -0.000000
  76.400   -0.000000   -0.000000
  76.600   -0.000000   -0.000000
  76.800   -0.000000   -0.000000
  77.000   -0.000000   -0.000000
  77.200   -0.000000   -0.000000
  77.400   -0.000000   -0.000000
  77.600   -0.000000   -0.000000
  77.800   -0.000000   -0.000000
  78.000   -0.000000   -0.000000
  78.200   -0.000000   -0.000000
  78.400   -0.000000   -0.000000
  78.600   -0.000000   -0.000000
  78.800   -0.000000   -0.000000
  79.000   -0.000000   -0.000000
  79.200   -0.000000   -0.000000
  79.400   -0.000000    0.000000
  79.600   -0.000000   -0.000000
  79.800   -0.000000   -0.000000
  80.000   -0.000000   -0.000000
  80.200   -0.000000   -0.000000
  80.400   -0.000000   -0.000000
  80.600   -0.000000   -0.000000
  80.800   -0.000000   -0.000000
  81.000   -0.000000    0.000000
  81.200   -0.000000    0.000000
  81.400   -0.000000    0.000000
  81.600   -0.000000   -0.000000
  81.800   -0.000000   -0.000000
  82.000   -0.000000   -0.000000
  82.200   -0.000000   -0.000000
  82.400   -0.000000   -0.000000
  82.600   -0.000000   -0.000000
  82.800   -0.000000    0.000000
  83.000   -0.000000    0.000000
  83.200   -0.000000    0.000000
  83.400   -0.000000    0.000000
  83.600   -0.000000   -0.000000
  83.800   -0.000000   -0.000000
  84.000   -0.000000   -0.000000
  84.200   -0.000000   -0.000000
  84.400   -0.000000    0.000000
  84.600   -0.000000    0.000000
  84.800   -0.000000    0.000000
  85.000   -0.000000    0.000000
  85.200   -0.000000    0.000000
  85.400   -0.000000   -0.000000
  85.600   -0.000000   -0.000000
  85.800   -0.000000   -0.000000
  86.000   -0.000000   -0.000000
  86.200   -0.000000    0.000000
  86.400   -0.000000    0.000000
  86.600   -0.000000    0.000000
  86.800   -0.000000    0.000000
  87.000   -0.000000    0.000000
  87.200   -0.000000   -0.000000
  87.400   -0.000000   -0.000000
  87.600   -0.000000   -0.000000
  87.800   -0.000000    0.000000
  88.000   -0.000000    0.000000
  88.200   -0.000000    0.000000
  88.400   -0.000000    0.000000
  88.600   -0.000000    0.000000
  88.800   -0.000000    0.000000
  89.000   -0.000000    0.000000
  89.200   -0.000000   -0.000000
  89.400   -0.000000   -0.000000
  89.600   -0.000000    0.000000
  89.800   -0.000000    0.000000
  90.000   -0.000000    0.000000
  90.200   -0.000000    0.000000
  90.400   -0.000000    0.000000
  90.600   -0.000000    0.000000
  90.800   -0.000000    0.000000
  91.000   -0.000000   -0.000000
  91.200   -0.000000    0.000000
  91.400   -0.000000    0.000000
  91.600   -0.000000    0.000000
  91.800   -0.000000    0.000000
  92.000   -0.000000    0.000000
  92.200   -0.000000    0.000000
  92.400   -0.000000    0.000000
  92.600   -0.000000    0.000000
  92.800   -0.000000    0.000000
  93.000   -0.000000    0.000000
  93.200   -0.000000    0.000000
  93.400   -0.000000    0.000000
  93.600   -0.000000    0.000000
  93.800   -0.000000    0.000000
  94.000   -0.000000    0.000000
  94.200   -0.000000    0.000000
  94.400   -0.000000    0.000000
  94.600   -0.000000    0.000000
  94.800   -0.000000    0.000000
  95.000   -0.000000    0.000000
  95.200    0.000000    0.000000
  95.400   -0.000000    0.000000
  95.600   -0.000000    0.000000
  95.800   -0.000000    0.000000
  96.000   -0.000000    0.000000
  96.200   -0.000000    0.000000
  96.400   -0.000000    0.000000
  96.600   -0.000000    0.000000
  96.800    0.000000    0.000000
  97.000    0.000000    0.000000
  97.200   -0.000000    0.000000
  97.400   -0.000000    0.000000
  97.600   -0.000000    0.000000
  97.800   -0.000000    0.000000
  98.000   -0.000000    0.000000
  98.200   -0.000000    0.000000
  98.400   -0.000000    0.000000
  98.600    0.000000    0.000000
  98.800    0.000000    0.000000
  99.000    0.000000    0.000000
  99.200   -0.000000    0.000000
  99.400   -0.000000    0.000000
  99.600   -0.000000    0.000000
  99.800   -0.000000    0.000000
 100.000   -0.000000    0.000000
 END
