# 181 angles,  3 tensor ranks for 0=projectile
@subtitle   "9Be(6Li,d)13C CDCC+CRC, adapted from 58Ni(6Li,d) 31-channel card"              
@legend ON
@legend x1 0.2
@legend y1 0.8
@g0 type LOGY
@yaxis ticklabel format power
@legend string   0 "Lab energy =   32.0000"
#legend string   0 "Partition=  1 Excit= 10 near/far= 1"
#  Theta       sigma       iT11        T20         T21         T22         Kyy for projectile
   0.000       1.787       0.000      -1.414       0.000       0.000    
   1.000       1.790     -0.2460      -1.370     -0.2990E-01 -0.1810E-01
   2.000       1.786     -0.4547      -1.254     -0.5581E-01 -0.6555E-01
   3.000       1.750     -0.6078      -1.103     -0.7643E-01 -0.1269    
   4.000       1.653     -0.7071     -0.9550     -0.9371E-01 -0.1875    
   5.000       1.481     -0.7650     -0.8313     -0.1119     -0.2380    
   6.000       1.245     -0.7942     -0.7415     -0.1371     -0.2746    
   7.000      0.9727     -0.8031     -0.6853     -0.1776     -0.2976    
   8.000      0.7062     -0.7939     -0.6533     -0.2446     -0.3106    
   9.000      0.4811     -0.7612     -0.6208     -0.3507     -0.3239    
   10.00      0.3175     -0.6943     -0.5347     -0.4961     -0.3590    
   11.00      0.2167     -0.5923     -0.3232     -0.6313     -0.4454    
   12.00      0.1647     -0.4920      0.9847E-02 -0.6480     -0.5814    
   13.00      0.1413     -0.4441      0.3209     -0.4995     -0.7083    
   14.00      0.1281     -0.4499      0.4934     -0.2635     -0.7787    
   15.00      0.1137     -0.4773      0.5312     -0.1809E-01 -0.7942    
   16.00      0.9454E-01 -0.5015      0.4710      0.2126     -0.7696    
   17.00      0.7245E-01 -0.5096      0.3255      0.4275     -0.7102    
   18.00      0.5128E-01 -0.4955      0.7864E-01  0.6162     -0.6094    
   19.00      0.3429E-01 -0.4623     -0.2975      0.7305     -0.4558    
   20.00      0.2291E-01 -0.4382     -0.7757      0.6621     -0.2606    
   21.00      0.1681E-01 -0.4815      -1.142      0.3211     -0.1110    
   22.00      0.1464E-01 -0.6062      -1.092     -0.1350     -0.1312    
   23.00      0.1483E-01 -0.7209     -0.6697     -0.4040     -0.3038    
   24.00      0.1618E-01 -0.7425     -0.1652     -0.4180     -0.5098    
   25.00      0.1799E-01 -0.6562      0.2481     -0.2791     -0.6785    
   26.00      0.2009E-01 -0.4805      0.5224     -0.8608E-01 -0.7905    
   27.00      0.2253E-01 -0.2476      0.6556      0.9794E-01 -0.8449    
   28.00      0.2549E-01  0.2853E-02  0.6667      0.2363     -0.8495    
   29.00      0.2903E-01  0.2349      0.5919      0.3144     -0.8189    
   30.00      0.3308E-01  0.4265      0.4729      0.3356     -0.7703    
   31.00      0.3744E-01  0.5711      0.3450      0.3137     -0.7181    
   32.00      0.4183E-01  0.6724      0.2307      0.2649     -0.6715    
   33.00      0.4597E-01  0.7385      0.1405      0.2042     -0.6347    
   34.00      0.4960E-01  0.7783      0.7686E-01  0.1436     -0.6087    
   35.00      0.5256E-01  0.7999      0.3691E-01  0.9155E-01 -0.5924    
   36.00      0.5479E-01  0.8101      0.1522E-01  0.5383E-01 -0.5835    
   37.00      0.5637E-01  0.8143      0.5001E-02  0.3309E-01 -0.5794    
   38.00      0.5746E-01  0.8161     -0.8730E-03  0.2938E-01 -0.5770    
   39.00      0.5827E-01  0.8180     -0.9038E-02  0.4022E-01 -0.5736    
   40.00      0.5900E-01  0.8210     -0.2479E-01  0.6112E-01 -0.5672    
   41.00      0.5977E-01  0.8255     -0.5132E-01  0.8641E-01 -0.5564    
   42.00      0.6057E-01  0.8313     -0.8942E-01  0.1105     -0.5408    
   43.00      0.6131E-01  0.8380     -0.1379      0.1289     -0.5210    
   44.00      0.6176E-01  0.8448     -0.1947      0.1392     -0.4978    
   45.00      0.6170E-01  0.8508     -0.2575      0.1408     -0.4722    
   46.00      0.6090E-01  0.8551     -0.3245      0.1348     -0.4448    
   47.00      0.5923E-01  0.8565     -0.3948      0.1231     -0.4161    
   48.00      0.5668E-01  0.8541     -0.4674      0.1079     -0.3865    
   49.00      0.5332E-01  0.8473     -0.5417      0.9131E-01 -0.3562    
   50.00      0.4934E-01  0.8355     -0.6166      0.7501E-01 -0.3256    
   51.00      0.4494E-01  0.8186     -0.6914      0.6002E-01 -0.2950    
   52.00      0.4035E-01  0.7964     -0.7656      0.4686E-01 -0.2648    
   53.00      0.3576E-01  0.7688     -0.8392      0.3585E-01 -0.2347    
   54.00      0.3134E-01  0.7350     -0.9129      0.2777E-01 -0.2046    
   55.00      0.2724E-01  0.6939     -0.9870      0.2460E-01 -0.1744    
   56.00      0.2357E-01  0.6447      -1.060      0.2997E-01 -0.1444    
   57.00      0.2045E-01  0.5879      -1.130      0.4872E-01 -0.1160    
   58.00      0.1790E-01  0.5266      -1.189      0.8519E-01 -0.9201E-01
   59.00      0.1593E-01  0.4675      -1.229      0.1405     -0.7550E-01
   60.00      0.1447E-01  0.4189      -1.245      0.2105     -0.6906E-01
   61.00      0.1345E-01  0.3874      -1.235      0.2861     -0.7322E-01
   62.00      0.1275E-01  0.3753      -1.203      0.3573     -0.8617E-01
   63.00      0.1226E-01  0.3803      -1.157      0.4168     -0.1047    
   64.00      0.1188E-01  0.3977      -1.106      0.4618     -0.1257    
   65.00      0.1154E-01  0.4228      -1.054      0.4927     -0.1468    
   66.00      0.1118E-01  0.4521      -1.005      0.5114     -0.1668    
   67.00      0.1078E-01  0.4835     -0.9607      0.5196     -0.1850    
   68.00      0.1031E-01  0.5154     -0.9214      0.5185     -0.2010    
   69.00      0.9762E-02  0.5465     -0.8892      0.5092     -0.2142    
   70.00      0.9124E-02  0.5754     -0.8660      0.4928     -0.2237    
   71.00      0.8406E-02  0.6005     -0.8532      0.4711     -0.2289    
   72.00      0.7627E-02  0.6201     -0.8512      0.4465     -0.2296    
   73.00      0.6818E-02  0.6330     -0.8594      0.4217     -0.2263    
   74.00      0.6011E-02  0.6388     -0.8753      0.3991     -0.2198    
   75.00      0.5236E-02  0.6383     -0.8961      0.3805     -0.2113    
   76.00      0.4511E-02  0.6331     -0.9187      0.3664     -0.2020    
   77.00      0.3848E-02  0.6257     -0.9410      0.3555     -0.1928    
   78.00      0.3250E-02  0.6182     -0.9622      0.3453     -0.1841    
   79.00      0.2719E-02  0.6112     -0.9833      0.3322     -0.1754    
   80.00      0.2251E-02  0.6039      -1.007      0.3133     -0.1657    
   81.00      0.1846E-02  0.5935      -1.037      0.2863     -0.1532    
   82.00      0.1502E-02  0.5753      -1.079      0.2511     -0.1363    
   83.00      0.1216E-02  0.5433      -1.133      0.2091     -0.1139    
   84.00      0.9879E-03  0.4902      -1.199      0.1644     -0.8667E-01
   85.00      0.8124E-03  0.4092      -1.271      0.1229     -0.5724E-01
   86.00      0.6837E-03  0.2969      -1.336      0.9281E-01 -0.3020E-01
   87.00      0.5942E-03  0.1562      -1.383      0.8232E-01 -0.1090E-01
   88.00      0.5371E-03 -0.2490E-02  -1.399      0.9752E-01 -0.4274E-02
   89.00      0.5067E-03 -0.1625      -1.375      0.1397     -0.1394E-01
   90.00      0.4989E-03 -0.3053      -1.310      0.2041     -0.4077E-01
   91.00      0.5105E-03 -0.4169      -1.210      0.2813     -0.8133E-01
   92.00      0.5375E-03 -0.4921      -1.095      0.3609     -0.1287    
   93.00      0.5754E-03 -0.5350     -0.9801      0.4348     -0.1757    
   94.00      0.6196E-03 -0.5543     -0.8775      0.4984     -0.2177    
   95.00      0.6659E-03 -0.5588     -0.7905      0.5499     -0.2534    
   96.00      0.7110E-03 -0.5560     -0.7174      0.5890     -0.2833    
   97.00      0.7518E-03 -0.5516     -0.6551      0.6169     -0.3088    
   98.00      0.7863E-03 -0.5489     -0.6000      0.6357     -0.3314    
   99.00      0.8134E-03 -0.5495     -0.5485      0.6475     -0.3525    
   100.0      0.8334E-03 -0.5526     -0.4974      0.6544     -0.3734    
   101.0      0.8480E-03 -0.5566     -0.4439      0.6579     -0.3953    
   102.0      0.8595E-03 -0.5592     -0.3866      0.6587     -0.4187    
   103.0      0.8696E-03 -0.5593     -0.3263      0.6577     -0.4433    
   104.0      0.8796E-03 -0.5567     -0.2650      0.6554     -0.4684    
   105.0      0.8905E-03 -0.5520     -0.2046      0.6520     -0.4930    
   106.0      0.9039E-03 -0.5460     -0.1455      0.6470     -0.5172    
   107.0      0.9219E-03 -0.5390     -0.8715E-01  0.6395     -0.5410    
   108.0      0.9457E-03 -0.5309     -0.2840E-01  0.6287     -0.5650    
   109.0      0.9750E-03 -0.5214      0.3087E-01  0.6145     -0.5893    
   110.0      0.1007E-02 -0.5101      0.8970E-01  0.5977     -0.6133    
   111.0      0.1038E-02 -0.4968      0.1465      0.5790     -0.6365    
   112.0      0.1061E-02 -0.4819      0.1997      0.5591     -0.6583    
   113.0      0.1070E-02 -0.4664      0.2482      0.5383     -0.6780    
   114.0      0.1063E-02 -0.4516      0.2910      0.5168     -0.6955    
   115.0      0.1037E-02 -0.4391      0.3279      0.4949     -0.7106    
   116.0      0.9953E-03 -0.4302      0.3590      0.4728     -0.7232    
   117.0      0.9441E-03 -0.4257      0.3848      0.4500     -0.7337    
   118.0      0.8909E-03 -0.4256      0.4062      0.4262     -0.7423    
   119.0      0.8427E-03 -0.4295      0.4241      0.4006     -0.7496    
   120.0      0.8032E-03 -0.4364      0.4394      0.3724     -0.7558    
   121.0      0.7724E-03 -0.4456      0.4526      0.3416     -0.7611    
   122.0      0.7473E-03 -0.4559      0.4643      0.3081     -0.7659    
   123.0      0.7239E-03 -0.4659      0.4749      0.2721     -0.7702    
   124.0      0.6991E-03 -0.4740      0.4851      0.2339     -0.7743    
   125.0      0.6711E-03 -0.4784      0.4958      0.1945     -0.7786    
   126.0      0.6391E-03 -0.4779      0.5075      0.1558     -0.7833    
   127.0      0.6032E-03 -0.4722      0.5203      0.1204     -0.7883    
   128.0      0.5637E-03 -0.4619      0.5337      0.9154E-01 -0.7936    
   129.0      0.5211E-03 -0.4488      0.5467      0.7152E-01 -0.7987    
   130.0      0.4767E-03 -0.4352      0.5580      0.6167E-01 -0.8031    
   131.0      0.4318E-03 -0.4240      0.5660      0.6151E-01 -0.8062    
   132.0      0.3879E-03 -0.4184      0.5690      0.6851E-01 -0.8072    
   133.0      0.3467E-03 -0.4210      0.5660      0.7806E-01 -0.8057    
   134.0      0.3100E-03 -0.4322      0.5571      0.8377E-01 -0.8018    
   135.0      0.2797E-03 -0.4490      0.5449      0.7871E-01 -0.7965    
   136.0      0.2568E-03 -0.4646      0.5341      0.5763E-01 -0.7917    
   137.0      0.2406E-03 -0.4713      0.5299      0.1939E-01 -0.7897    
   138.0      0.2292E-03 -0.4629      0.5350     -0.3287E-01 -0.7914    
   139.0      0.2200E-03 -0.4364      0.5485     -0.9449E-01 -0.7966    
   140.0      0.2111E-03 -0.3904      0.5665     -0.1617     -0.8036    
   141.0      0.2019E-03 -0.3236      0.5834     -0.2314     -0.8101    
   142.0      0.1929E-03 -0.2365      0.5933     -0.2993     -0.8139    
   143.0      0.1850E-03 -0.1332      0.5916     -0.3588     -0.8130    
   144.0      0.1788E-03 -0.2218E-01  0.5778     -0.4021     -0.8074    
   145.0      0.1746E-03  0.8498E-01  0.5570     -0.4234     -0.7988    
   146.0      0.1726E-03  0.1744      0.5392     -0.4214     -0.7915    
   147.0      0.1730E-03  0.2317      0.5345     -0.4020     -0.7894    
   148.0      0.1754E-03  0.2453      0.5464     -0.3780     -0.7942    
   149.0      0.1788E-03  0.2108      0.5678     -0.3660     -0.8029    
   150.0      0.1824E-03  0.1330      0.5808     -0.3807     -0.8082    
   151.0      0.1857E-03  0.2450E-01  0.5618     -0.4303     -0.8003    
   152.0      0.1898E-03 -0.9405E-01  0.4873     -0.5129     -0.7697    
   153.0      0.1969E-03 -0.1945      0.3451     -0.6149     -0.7116    
   154.0      0.2093E-03 -0.2490      0.1460     -0.7134     -0.6308    
   155.0      0.2277E-03 -0.2443     -0.7658E-01 -0.7880     -0.5406    
   156.0      0.2512E-03 -0.1869     -0.2843     -0.8306     -0.4565    
   157.0      0.2772E-03 -0.9469E-01 -0.4497     -0.8451     -0.3894    
   158.0      0.3027E-03  0.1329E-01 -0.5589     -0.8402     -0.3450    
   159.0      0.3245E-03  0.1219     -0.6074     -0.8251     -0.3252    
   160.0      0.3399E-03  0.2193     -0.5960     -0.8074     -0.3299    
   161.0      0.3470E-03  0.2956     -0.5287     -0.7936     -0.3574    
   162.0      0.3453E-03  0.3394     -0.4110     -0.7872     -0.4053    
   163.0      0.3365E-03  0.3352     -0.2505     -0.7871     -0.4704    
   164.0      0.3246E-03  0.2633     -0.6338E-01 -0.7846     -0.5461    
   165.0      0.3150E-03  0.1073      0.1162     -0.7632     -0.6187    
   166.0      0.3128E-03 -0.1287      0.2327     -0.7024     -0.6663    
   167.0      0.3229E-03 -0.4050      0.2280     -0.5894     -0.6651    
   168.0      0.3495E-03 -0.6531      0.7737E-01 -0.4304     -0.6046    
   169.0      0.3968E-03 -0.8089     -0.1877     -0.2522     -0.4969    
   170.0      0.4695E-03 -0.8465     -0.4955     -0.8899E-01 -0.3709    
   171.0      0.5707E-03 -0.7856     -0.7769      0.3431E-01 -0.2554    
   172.0      0.7005E-03 -0.6690     -0.9965      0.1107     -0.1652    
   173.0      0.8549E-03 -0.5358      -1.152      0.1469     -0.1018    
   174.0      0.1026E-02 -0.4099      -1.256      0.1540     -0.5982E-01
   175.0      0.1203E-02 -0.3016      -1.322      0.1426     -0.3296E-01
   176.0      0.1374E-02 -0.2130      -1.363      0.1205     -0.1648E-01
   177.0      0.1527E-02 -0.1425      -1.385      0.9267E-01 -0.7108E-02
   178.0      0.1649E-02 -0.8650E-01  -1.395      0.6238E-01 -0.2415E-02
   179.0      0.1728E-02 -0.4066E-01  -1.399      0.3127E-01 -0.4845E-03
   180.0      0.1755E-02   0.000      -1.400       0.000       0.000    
 END
