# 181 angles,  3 tensor ranks for 0=projectile
@subtitle   "9Be(6Li,d)13C CDCC+CRC, adapted from 58Ni(6Li,d) 31-channel card"              
@legend ON
@legend x1 0.2
@legend y1 0.8
@g0 type LOGY
@yaxis ticklabel format power
@legend string   0 "Lab energy =   32.0000"
#legend string   0 "Partition=  1 Excit=  1 near/far= 1"
#  Theta       sigma       iT11        T20         T21         T22         Kyy for projectile
  0.1000E-01   1.000      0.2127E-10 -0.8610E-08  0.9160E-12 -0.1758E-14
   1.000       1.013      0.1226E-04 -0.4444E-04  0.4688E-06 -0.9546E-07
   2.000      0.9585     -0.8683E-04  0.1909E-03 -0.4058E-05  0.1509E-05
   3.000      0.8355     -0.5763E-03  0.7681E-03 -0.2418E-04  0.1447E-04
   4.000      0.7088     -0.1536E-02  0.1434E-02 -0.5933E-04  0.5094E-04
   5.000      0.6266     -0.2535E-02  0.1700E-02 -0.8606E-04  0.1043E-03
   6.000      0.6093     -0.2612E-02  0.1118E-02 -0.6526E-04  0.1264E-03
   7.000      0.6521     -0.1194E-02 -0.1641E-03  0.1438E-04  0.5713E-04
   8.000      0.7332      0.1355E-02 -0.1578E-02  0.1229E-03 -0.1221E-03
   9.000      0.8223      0.4412E-02 -0.2742E-02  0.2256E-03 -0.4007E-03
   10.00      0.8884      0.7641E-02 -0.3562E-02  0.3015E-03 -0.7748E-03
   11.00      0.9079      0.1097E-01 -0.4053E-02  0.3360E-03 -0.1260E-02
   12.00      0.8685      0.1443E-01 -0.4221E-02  0.3105E-03 -0.1892E-02
   13.00      0.7718      0.1810E-01 -0.3999E-02  0.1904E-03 -0.2735E-02
   14.00      0.6323      0.2200E-01 -0.3183E-02 -0.9246E-04 -0.3888E-02
   15.00      0.4737      0.2594E-01 -0.1275E-02 -0.6790E-03 -0.5499E-02
   16.00      0.3237      0.2884E-01  0.2856E-02 -0.1855E-02 -0.7701E-02
   17.00      0.2084      0.2684E-01  0.1125E-01 -0.4055E-02 -0.1010E-01
   18.00      0.1470      0.1231E-01  0.2357E-01 -0.6858E-02 -0.1003E-01
   19.00      0.1484     -0.8165E-02  0.2805E-01 -0.7137E-02 -0.4602E-02
   20.00      0.2096     -0.1318E-01  0.2103E-01 -0.4736E-02  0.7074E-03
   21.00      0.3167     -0.7503E-02  0.1346E-01 -0.2628E-02  0.2772E-02
   22.00      0.4480      0.1523E-03  0.8628E-02 -0.1406E-02  0.3056E-02
   23.00      0.5784      0.7449E-02  0.5862E-02 -0.7840E-03  0.2620E-02
   24.00      0.6835      0.1424E-01  0.4406E-02 -0.5465E-03  0.1846E-02
   25.00      0.7446      0.2081E-01  0.3838E-02 -0.5973E-03  0.8343E-03
   26.00      0.7512      0.2748E-01  0.3971E-02 -0.9179E-03 -0.4330E-03
   27.00      0.7022      0.3460E-01  0.4772E-02 -0.1548E-02 -0.2045E-02
   28.00      0.6060      0.4263E-01  0.6337E-02 -0.2590E-02 -0.4177E-02
   29.00      0.4780      0.5222E-01  0.8923E-02 -0.4249E-02 -0.7155E-02
   30.00      0.3379      0.6454E-01  0.1307E-01 -0.6932E-02 -0.1165E-01
   31.00      0.2060      0.8205E-01  0.1990E-01 -0.1153E-01 -0.1921E-01
   32.00      0.1002      0.1107      0.3178E-01 -0.2025E-01 -0.3444E-01
   33.00      0.3274E-01  0.1640      0.4953E-01 -0.3818E-01 -0.7483E-01
   34.00      0.9459E-02  0.8068E-01 -0.5571E-01 -0.5928E-02 -0.1141    
   35.00      0.2894E-01 -0.6473E-01 -0.1072      0.5067E-01  0.1656E-01
   36.00      0.8356E-01 -0.2378E-01 -0.7019E-01  0.3788E-01  0.2405E-01
   37.00      0.1611      0.3640E-02 -0.5296E-01  0.3004E-01  0.2046E-01
   38.00      0.2472      0.2263E-01 -0.4380E-01  0.2540E-01  0.1683E-01
   39.00      0.3274      0.3790E-01 -0.3820E-01  0.2224E-01  0.1370E-01
   40.00      0.3896      0.5169E-01 -0.3442E-01  0.1976E-01  0.1088E-01
   41.00      0.4253      0.6522E-01 -0.3169E-01  0.1752E-01  0.8164E-02
   42.00      0.4307      0.7939E-01 -0.2962E-01  0.1523E-01  0.5374E-02
   43.00      0.4067      0.9503E-01 -0.2806E-01  0.1261E-01  0.2339E-02
   44.00      0.3581      0.1132     -0.2698E-01  0.9340E-02 -0.1143E-02
   45.00      0.2927      0.1353     -0.2661E-01  0.4956E-02 -0.5356E-02
   46.00      0.2197      0.1639     -0.2763E-01 -0.1326E-02 -0.1076E-01
   47.00      0.1484      0.2034     -0.3211E-01 -0.1100E-01 -0.1821E-01
   48.00      0.8692E-01  0.2635     -0.4677E-01 -0.2733E-01 -0.2955E-01
   49.00      0.4103E-01  0.3655     -0.9952E-01 -0.5843E-01 -0.4923E-01
   50.00      0.1383E-01  0.5320     -0.3500     -0.1206     -0.8557E-01
   51.00      0.5610E-02  0.1399      -1.118     -0.4473E-01 -0.4085E-01
   52.00      0.1414E-01 -0.2916     -0.5822      0.1206      0.4652E-01
   53.00      0.3532E-01 -0.1988     -0.2982      0.1130      0.3699E-01
   54.00      0.6394E-01 -0.1225     -0.2025      0.9951E-01  0.2481E-01
   55.00      0.9451E-01 -0.7138E-01 -0.1614      0.9075E-01  0.1510E-01
   56.00      0.1221     -0.3418E-01 -0.1412      0.8536E-01  0.6780E-02
   57.00      0.1427     -0.4584E-02 -0.1314      0.8218E-01 -0.1002E-02
   58.00      0.1539      0.2081E-01 -0.1277      0.8059E-01 -0.8832E-02
   59.00      0.1549      0.4402E-01 -0.1284      0.8028E-01 -0.1717E-01
   60.00      0.1462      0.6639E-01 -0.1332      0.8116E-01 -0.2644E-01
   61.00      0.1296      0.8885E-01 -0.1423      0.8330E-01 -0.3714E-01
   62.00      0.1078      0.1121     -0.1567      0.8697E-01 -0.4989E-01
   63.00      0.8371E-01  0.1361     -0.1783      0.9257E-01 -0.6545E-01
   64.00      0.6031E-01  0.1591     -0.2101      0.1006     -0.8458E-01
   65.00      0.4011E-01  0.1736     -0.2560      0.1109     -0.1069    
   66.00      0.2496E-01  0.1527     -0.3136      0.1192     -0.1256    
   67.00      0.1592E-01  0.3108E-01 -0.3429      0.1058     -0.1113    
   68.00      0.1322E-01 -0.2016     -0.2451      0.4359E-01 -0.2646E-01
   69.00      0.1633E-01 -0.3306     -0.7498E-01 -0.2364E-01  0.6033E-01
   70.00      0.2419E-01 -0.3113      0.2283E-01 -0.5200E-01  0.8714E-01
   71.00      0.3533E-01 -0.2535      0.5886E-01 -0.5949E-01  0.8289E-01
   72.00      0.4814E-01 -0.2007      0.6978E-01 -0.6172E-01  0.7066E-01
   73.00      0.6105E-01 -0.1586      0.7214E-01 -0.6390E-01  0.5777E-01
   74.00      0.7272E-01 -0.1255      0.7195E-01 -0.6737E-01  0.4605E-01
   75.00      0.8212E-01 -0.9862E-01  0.7140E-01 -0.7239E-01  0.3584E-01
   76.00      0.8863E-01 -0.7591E-01  0.7124E-01 -0.7887E-01  0.2715E-01
   77.00      0.9198E-01 -0.5573E-01  0.7170E-01 -0.8663E-01  0.1999E-01
   78.00      0.9229E-01 -0.3681E-01  0.7279E-01 -0.9538E-01  0.1442E-01
   79.00      0.8995E-01 -0.1810E-01  0.7435E-01 -0.1047      0.1062E-01
   80.00      0.8551E-01  0.1232E-02  0.7615E-01 -0.1141      0.8813E-02
   81.00      0.7967E-01  0.2178E-01  0.7784E-01 -0.1228      0.9278E-02
   82.00      0.7308E-01  0.4371E-01  0.7897E-01 -0.1296      0.1225E-01
   83.00      0.6640E-01  0.6653E-01  0.7904E-01 -0.1335      0.1783E-01
   84.00      0.6013E-01  0.8877E-01  0.7758E-01 -0.1328      0.2584E-01
   85.00      0.5471E-01  0.1078      0.7432E-01 -0.1264      0.3565E-01
   86.00      0.5041E-01  0.1202      0.6934E-01 -0.1137      0.4615E-01
   87.00      0.4740E-01  0.1225      0.6328E-01 -0.9517E-01  0.5583E-01
   88.00      0.4578E-01  0.1128      0.5720E-01 -0.7269E-01  0.6329E-01
   89.00      0.4556E-01  0.9235E-01  0.5225E-01 -0.4914E-01  0.6767E-01
   90.00      0.4670E-01  0.6536E-01  0.4911E-01 -0.2743E-01  0.6907E-01
   91.00      0.4912E-01  0.3791E-01  0.4775E-01 -0.9492E-02  0.6837E-01
   92.00      0.5272E-01  0.1573E-01  0.4749E-01  0.4029E-02  0.6679E-01
   93.00      0.5734E-01  0.2681E-02  0.4730E-01  0.1359E-01  0.6536E-01
   94.00      0.6279E-01  0.3228E-03  0.4621E-01  0.2019E-01  0.6472E-01
   95.00      0.6882E-01  0.8290E-02  0.4351E-01  0.2487E-01  0.6504E-01
   96.00      0.7512E-01  0.2500E-01  0.3880E-01  0.2846E-01  0.6619E-01
   97.00      0.8132E-01  0.4834E-01  0.3197E-01  0.3149E-01  0.6790E-01
   98.00      0.8701E-01  0.7611E-01  0.2310E-01  0.3424E-01  0.6981E-01
   99.00      0.9177E-01  0.1063      0.1238E-01  0.3678E-01  0.7162E-01
   100.0      0.9518E-01  0.1372      0.4437E-04  0.3907E-01  0.7305E-01
   101.0      0.9688E-01  0.1673     -0.1368E-01  0.4101E-01  0.7389E-01
   102.0      0.9661E-01  0.1954     -0.2855E-01  0.4250E-01  0.7396E-01
   103.0      0.9424E-01  0.2205     -0.4432E-01  0.4344E-01  0.7309E-01
   104.0      0.8984E-01  0.2411     -0.6070E-01  0.4382E-01  0.7112E-01
   105.0      0.8364E-01  0.2560     -0.7723E-01  0.4372E-01  0.6786E-01
   106.0      0.7606E-01  0.2631     -0.9312E-01  0.4345E-01  0.6307E-01
   107.0      0.6769E-01  0.2600     -0.1070      0.4372E-01  0.5650E-01
   108.0      0.5921E-01  0.2431     -0.1165      0.4585E-01  0.4798E-01
   109.0      0.5136E-01  0.2094     -0.1178      0.5205E-01  0.3761E-01
   110.0      0.4487E-01  0.1576     -0.1063      0.6538E-01  0.2632E-01
   111.0      0.4033E-01  0.9323E-01 -0.7801E-01  0.8855E-01  0.1627E-01
   112.0      0.3817E-01  0.3123E-01 -0.3477E-01  0.1212      0.1064E-01
   113.0      0.3860E-01 -0.8769E-02  0.1361E-01  0.1581      0.1176E-01
   114.0      0.4154E-01 -0.1591E-01  0.5394E-01  0.1911      0.1911E-01
   115.0      0.4665E-01  0.5364E-02  0.7846E-01  0.2151      0.2981E-01
   116.0      0.5335E-01  0.4252E-01  0.8725E-01  0.2295      0.4092E-01
   117.0      0.6086E-01  0.8426E-01  0.8443E-01  0.2363      0.5073E-01
   118.0      0.6829E-01  0.1238      0.7438E-01  0.2380      0.5863E-01
   119.0      0.7475E-01  0.1579      0.6029E-01  0.2364      0.6460E-01
   120.0      0.7944E-01  0.1855      0.4412E-01  0.2327      0.6872E-01
   121.0      0.8173E-01  0.2059      0.2704E-01  0.2274      0.7104E-01
   122.0      0.8126E-01  0.2189      0.9802E-02  0.2207      0.7143E-01
   123.0      0.7802E-01  0.2234     -0.6920E-02  0.2123      0.6946E-01
   124.0      0.7228E-01  0.2176     -0.2216E-01  0.2018      0.6436E-01
   125.0      0.6467E-01  0.1987     -0.3418E-01  0.1883      0.5480E-01
   126.0      0.5604E-01  0.1618     -0.3967E-01  0.1707      0.3878E-01
   127.0      0.4740E-01  0.1012     -0.3277E-01  0.1481      0.1376E-01
   128.0      0.3980E-01  0.1270E-01 -0.4460E-02  0.1203     -0.2216E-01
   129.0      0.3419E-01 -0.9737E-01  0.5423E-01  0.9095E-01 -0.6668E-01
   130.0      0.3132E-01 -0.2004      0.1412      0.6886E-01 -0.1083    
   131.0      0.3163E-01 -0.2531      0.2321      0.6424E-01 -0.1293    
   132.0      0.3519E-01 -0.2370      0.2952      0.7807E-01 -0.1214    
   133.0      0.4166E-01 -0.1741      0.3192      0.1013     -0.9354E-01
   134.0      0.5033E-01 -0.9740E-01  0.3142      0.1249     -0.5901E-01
   135.0      0.6019E-01 -0.2647E-01  0.2938      0.1446     -0.2608E-01
   136.0      0.7006E-01  0.3211E-01  0.2674      0.1596      0.2333E-02
   137.0      0.7867E-01  0.7798E-01  0.2394      0.1707      0.2586E-01
   138.0      0.8491E-01  0.1126      0.2113      0.1786      0.4489E-01
   139.0      0.8787E-01  0.1376      0.1835      0.1836      0.5972E-01
   140.0      0.8705E-01  0.1534      0.1556      0.1858      0.7020E-01
   141.0      0.8241E-01  0.1599      0.1269      0.1847      0.7541E-01
   142.0      0.7439E-01  0.1546      0.9684E-01  0.1789      0.7313E-01
   143.0      0.6392E-01  0.1324      0.6516E-01  0.1653      0.5892E-01
   144.0      0.5231E-01  0.8323E-01  0.3344E-01  0.1380      0.2439E-01
   145.0      0.4110E-01 -0.1039E-01  0.8270E-02  0.8645E-01 -0.4484E-01
   146.0      0.3196E-01 -0.1688      0.8147E-02 -0.2901E-02 -0.1661    
   147.0      0.2640E-01 -0.3806      0.6554E-01 -0.1280     -0.3320    
   148.0      0.2567E-01 -0.5416      0.1883     -0.2332     -0.4610    
   149.0      0.3053E-01 -0.5424      0.3112     -0.2506     -0.4630    
   150.0      0.4117E-01 -0.4308      0.3761     -0.1991     -0.3732    
   151.0      0.5713E-01 -0.3028      0.3919     -0.1321     -0.2679    
   152.0      0.7731E-01 -0.1977      0.3839     -0.7405E-01 -0.1796    
   153.0      0.1001     -0.1186      0.3671     -0.2880E-01 -0.1120    
   154.0      0.1233     -0.6002E-01  0.3476      0.5995E-02 -0.6093E-01
   155.0      0.1448     -0.1612E-01  0.3274      0.3320E-01 -0.2231E-01
   156.0      0.1624      0.1718E-01  0.3070      0.5505E-01  0.6877E-02
   157.0      0.1741      0.4248E-01  0.2857      0.7303E-01  0.2833E-01
   158.0      0.1787      0.6108E-01  0.2625      0.8802E-01  0.4265E-01
   159.0      0.1755      0.7306E-01  0.2359      0.1003      0.4931E-01
   160.0      0.1649      0.7699E-01  0.2036      0.1094      0.4629E-01
   161.0      0.1482      0.6906E-01  0.1623      0.1136      0.2942E-01
   162.0      0.1277      0.4150E-01  0.1075      0.1088     -0.8941E-02
   163.0      0.1065     -0.1951E-01  0.3449E-01  0.8693E-01 -0.8080E-01
   164.0      0.8827E-01 -0.1325     -0.5561E-01  0.3490E-01 -0.1987    
   165.0      0.7694E-01 -0.3009     -0.1404     -0.5663E-01 -0.3544    
   166.0      0.7643E-01 -0.4697     -0.1683     -0.1657     -0.4839    
   167.0      0.9019E-01 -0.5461     -0.1125     -0.2371     -0.5082    
   168.0      0.1208     -0.5166     -0.1649E-01 -0.2482     -0.4389    
   169.0      0.1698     -0.4391      0.7006E-01 -0.2235     -0.3409    
   170.0      0.2372     -0.3577      0.1324     -0.1886     -0.2527    
   171.0      0.3215     -0.2876      0.1741     -0.1552     -0.1835    
   172.0      0.4198     -0.2305      0.2015     -0.1263     -0.1313    
   173.0      0.5277     -0.1843      0.2198     -0.1021     -0.9231E-01
   174.0      0.6397     -0.1465      0.2321     -0.8164E-01 -0.6316E-01
   175.0      0.7495     -0.1147      0.2405     -0.6423E-01 -0.4138E-01
   176.0      0.8508     -0.8731E-01  0.2462     -0.4905E-01 -0.2530E-01
   177.0      0.9372     -0.6306E-01  0.2500     -0.3550E-01 -0.1375E-01
   178.0       1.003     -0.4095E-01  0.2524     -0.2308E-01 -0.5963E-02
   179.0       1.045     -0.2016E-01  0.2538     -0.1137E-01 -0.1470E-02
   180.0       1.059     -0.2004E-03  0.2542     -0.1131E-03 -0.1461E-06
 END
