# 181 angles,  3 tensor ranks for 0=projectile
@subtitle   "9Be(6Li,d)13C CDCC+CRC, adapted from 58Ni(6Li,d) 31-channel card"              
@legend ON
@legend x1 0.2
@legend y1 0.8
@g0 type LOGY
@yaxis ticklabel format power
@legend string   0 "Lab energy =   32.0000"
#legend string   0 "Partition=  1 Excit=  8 near/far= 1"
#  Theta       sigma       iT11        T20         T21         T22         Kyy for projectile
   0.000      0.1182       0.000      0.7071       0.000       0.000    
   1.000      0.1166     -0.4430E-01  0.7043     -0.3794E-02  0.3547E-02
   2.000      0.1119     -0.8329E-01  0.6970     -0.4269E-02  0.1365E-01
   3.000      0.1041     -0.1124      0.6884      0.1348E-02  0.2896E-01
   4.000      0.9354E-01 -0.1279      0.6819      0.1495E-01  0.4804E-01
   5.000      0.8106E-01 -0.1269      0.6798      0.3741E-01  0.7010E-01
   6.000      0.6770E-01 -0.1063      0.6814      0.6830E-01  0.9559E-01
   7.000      0.5469E-01 -0.6368E-01  0.6817      0.1052      0.1264    
   8.000      0.4304E-01  0.1371E-02  0.6709      0.1424      0.1654    
   9.000      0.3334E-01  0.8397E-01  0.6360      0.1705      0.2149    
   10.00      0.2565E-01  0.1713      0.5672      0.1780      0.2746    
   11.00      0.1963E-01  0.2450      0.4659      0.1559      0.3395    
   12.00      0.1482E-01  0.2880      0.3459      0.1023      0.4018    
   13.00      0.1084E-01  0.2908      0.2273      0.2099E-01  0.4532    
   14.00      0.7520E-02  0.2483      0.1291     -0.8252E-01  0.4850    
   15.00      0.4875E-02  0.1531      0.7185E-01 -0.2015      0.4832    
   16.00      0.2974E-02 -0.6522E-02  0.9079E-01 -0.3129      0.4198    
   17.00      0.1831E-02 -0.2116      0.2396     -0.3346      0.2644    
   18.00      0.1343E-02 -0.3215      0.4828     -0.1466      0.9160E-01
   19.00      0.1311E-02 -0.2167      0.5980      0.1328      0.9325E-01
   20.00      0.1505E-02 -0.5169E-01  0.5357      0.2736      0.2415    
   21.00      0.1732E-02  0.5318E-01  0.4181      0.2806      0.4022    
   22.00      0.1876E-02  0.9776E-01  0.3044      0.2207      0.5243    
   23.00      0.1897E-02  0.1061      0.2028      0.1255      0.5945    
   24.00      0.1811E-02  0.9991E-01  0.1093      0.4090E-02  0.6014    
   25.00      0.1661E-02  0.1007      0.2010E-01 -0.1404      0.5323    
   26.00      0.1495E-02  0.1318     -0.6420E-01 -0.2988      0.3817    
   27.00      0.1356E-02  0.2127     -0.1358     -0.4441      0.1695    
   28.00      0.1279E-02  0.3412     -0.1799     -0.5300     -0.4475E-01
   29.00      0.1286E-02  0.4790     -0.1844     -0.5156     -0.1785    
   30.00      0.1391E-02  0.5716     -0.1552     -0.4074     -0.1859    
   31.00      0.1592E-02  0.5929     -0.1151     -0.2597     -0.9390E-01
   32.00      0.1882E-02  0.5590     -0.8644E-01 -0.1292      0.3401E-01
   33.00      0.2245E-02  0.5031     -0.7890E-01 -0.4267E-01  0.1479    
   34.00      0.2662E-02  0.4525     -0.9028E-01 -0.1907E-03  0.2260    
   35.00      0.3113E-02  0.4215     -0.1123      0.1068E-01  0.2657    
   36.00      0.3576E-02  0.4135     -0.1353      0.4599E-02  0.2734    
   37.00      0.4027E-02  0.4248     -0.1509     -0.6537E-02  0.2580    
   38.00      0.4441E-02  0.4486     -0.1536     -0.1509E-01  0.2279    
   39.00      0.4793E-02  0.4775     -0.1407     -0.1748E-01  0.1901    
   40.00      0.5058E-02  0.5053     -0.1123     -0.1315E-01  0.1496    
   41.00      0.5214E-02  0.5275     -0.7043E-01 -0.3361E-02  0.1102    
   42.00      0.5245E-02  0.5416     -0.1758E-01  0.9819E-02  0.7416E-01
   43.00      0.5148E-02  0.5465      0.4347E-01  0.2415E-01  0.4277E-01
   44.00      0.4929E-02  0.5419      0.1102      0.3752E-01  0.1686E-01
   45.00      0.4604E-02  0.5281      0.1806      0.4802E-01 -0.3005E-02
   46.00      0.4203E-02  0.5057      0.2524      0.5392E-01 -0.1631E-01
   47.00      0.3757E-02  0.4756      0.3237      0.5374E-01 -0.2235E-01
   48.00      0.3300E-02  0.4391      0.3918      0.4639E-01 -0.2017E-01
   49.00      0.2860E-02  0.3982      0.4537      0.3149E-01 -0.8684E-02
   50.00      0.2458E-02  0.3553      0.5064      0.9725E-02  0.1299E-01
   51.00      0.2107E-02  0.3136      0.5472     -0.1690E-01  0.4503E-01
   52.00      0.1808E-02  0.2762      0.5748     -0.4527E-01  0.8633E-01
   53.00      0.1561E-02  0.2457      0.5896     -0.7194E-01  0.1342    
   54.00      0.1360E-02  0.2235      0.5936     -0.9403E-01  0.1848    
   55.00      0.1196E-02  0.2101      0.5892     -0.1100      0.2333    
   56.00      0.1065E-02  0.2057      0.5784     -0.1194      0.2753    
   57.00      0.9591E-03  0.2098      0.5623     -0.1227      0.3070    
   58.00      0.8749E-03  0.2221      0.5417     -0.1201      0.3261    
   59.00      0.8080E-03  0.2417      0.5170     -0.1113      0.3318    
   60.00      0.7547E-03  0.2669      0.4892     -0.9574E-01  0.3249    
   61.00      0.7120E-03  0.2953      0.4594     -0.7310E-01  0.3071    
   62.00      0.6769E-03  0.3243      0.4290     -0.4387E-01  0.2808    
   63.00      0.6469E-03  0.3516      0.3988     -0.9279E-02  0.2483    
   64.00      0.6200E-03  0.3759      0.3695      0.2904E-01  0.2121    
   65.00      0.5947E-03  0.3963      0.3414      0.6953E-01  0.1744    
   66.00      0.5698E-03  0.4122      0.3146      0.1109      0.1371    
   67.00      0.5443E-03  0.4233      0.2896      0.1523      0.1019    
   68.00      0.5173E-03  0.4293      0.2670      0.1930      0.6977E-01
   69.00      0.4879E-03  0.4301      0.2476      0.2324      0.4116E-01
   70.00      0.4553E-03  0.4260      0.2324      0.2699      0.1569E-01
   71.00      0.4192E-03  0.4176      0.2218      0.3051     -0.7456E-02
   72.00      0.3802E-03  0.4055      0.2158      0.3379     -0.2929E-01
   73.00      0.3393E-03  0.3905      0.2139      0.3681     -0.5065E-01
   74.00      0.2984E-03  0.3730      0.2154      0.3960     -0.7208E-01
   75.00      0.2592E-03  0.3529      0.2199      0.4219     -0.9377E-01
   76.00      0.2233E-03  0.3295      0.2272      0.4462     -0.1157    
   77.00      0.1918E-03  0.3015      0.2382      0.4688     -0.1376    
   78.00      0.1653E-03  0.2675      0.2546      0.4887     -0.1592    
   79.00      0.1435E-03  0.2267      0.2781      0.5037     -0.1805    
   80.00      0.1259E-03  0.1797      0.3102      0.5105     -0.2007    
   81.00      0.1116E-03  0.1286      0.3508      0.5060     -0.2188    
   82.00      0.9996E-04  0.7662E-01  0.3987      0.4880     -0.2326    
   83.00      0.9014E-04  0.2647E-01  0.4510      0.4557     -0.2388    
   84.00      0.8172E-04 -0.1958E-01  0.5041      0.4094     -0.2331    
   85.00      0.7442E-04 -0.5990E-01  0.5541      0.3506     -0.2115    
   86.00      0.6808E-04 -0.9320E-01  0.5980      0.2817     -0.1709    
   87.00      0.6259E-04 -0.1183      0.6333      0.2058     -0.1099    
   88.00      0.5793E-04 -0.1341      0.6584      0.1273     -0.2965E-01
   89.00      0.5408E-04 -0.1397      0.6719      0.5110E-01  0.6631E-01
   90.00      0.5103E-04 -0.1350      0.6732     -0.1723E-01  0.1717    
   91.00      0.4870E-04 -0.1211      0.6631     -0.7289E-01  0.2782    
   92.00      0.4692E-04 -0.1007      0.6444     -0.1130      0.3774    
   93.00      0.4546E-04 -0.7759E-01  0.6213     -0.1376      0.4630    
   94.00      0.4407E-04 -0.5571E-01  0.5974     -0.1489      0.5321    
   95.00      0.4255E-04 -0.3817E-01  0.5744     -0.1509      0.5849    
   96.00      0.4077E-04 -0.2694E-01  0.5525     -0.1474      0.6233    
   97.00      0.3871E-04 -0.2286E-01  0.5304     -0.1416      0.6500    
   98.00      0.3645E-04 -0.2605E-01  0.5062     -0.1353      0.6670    
   99.00      0.3417E-04 -0.3622E-01  0.4775     -0.1288      0.6756    
   100.0      0.3210E-04 -0.5275E-01  0.4415     -0.1209      0.6760    
   101.0      0.3050E-04 -0.7438E-01  0.3956     -0.1099      0.6678    
   102.0      0.2955E-04 -0.9879E-01  0.3391     -0.9455E-01  0.6513    
   103.0      0.2930E-04 -0.1230      0.2741     -0.7511E-01  0.6282    
   104.0      0.2969E-04 -0.1442      0.2048     -0.5305E-01  0.6013    
   105.0      0.3057E-04 -0.1607      0.1352     -0.3013E-01  0.5734    
   106.0      0.3175E-04 -0.1715      0.6757E-01 -0.7674E-02  0.5469    
   107.0      0.3307E-04 -0.1760      0.3246E-02  0.1354E-01  0.5230    
   108.0      0.3435E-04 -0.1736     -0.5664E-01  0.3301E-01  0.5028    
   109.0      0.3545E-04 -0.1640     -0.1103      0.5034E-01  0.4868    
   110.0      0.3619E-04 -0.1473     -0.1551      0.6515E-01  0.4757    
   111.0      0.3646E-04 -0.1242     -0.1884      0.7693E-01  0.4696    
   112.0      0.3622E-04 -0.9641E-01 -0.2079      0.8493E-01  0.4687    
   113.0      0.3548E-04 -0.6616E-01 -0.2130      0.8824E-01  0.4726    
   114.0      0.3433E-04 -0.3660E-01 -0.2054      0.8620E-01  0.4802    
   115.0      0.3293E-04 -0.1137E-01 -0.1907      0.7909E-01  0.4895    
   116.0      0.3146E-04  0.5892E-02 -0.1780      0.6904E-01  0.4968    
   117.0      0.3013E-04  0.1263E-01 -0.1788      0.6052E-01  0.4979    
   118.0      0.2911E-04  0.8639E-02 -0.2022      0.5985E-01  0.4886    
   119.0      0.2850E-04 -0.3087E-02 -0.2501      0.7337E-01  0.4671    
   120.0      0.2830E-04 -0.1698E-01 -0.3138      0.1047      0.4344    
   121.0      0.2838E-04 -0.2693E-01 -0.3773      0.1533      0.3944    
   122.0      0.2857E-04 -0.2835E-01 -0.4237      0.2145      0.3518    
   123.0      0.2870E-04 -0.1887E-01 -0.4412      0.2813      0.3103    
   124.0      0.2864E-04  0.1879E-02 -0.4247      0.3456      0.2726    
   125.0      0.2829E-04  0.3281E-01 -0.3754      0.3995      0.2403    
   126.0      0.2761E-04  0.7168E-01 -0.2996      0.4366      0.2150    
   127.0      0.2653E-04  0.1154     -0.2058      0.4529      0.1984    
   128.0      0.2507E-04  0.1603     -0.1033      0.4468      0.1926    
   129.0      0.2325E-04  0.2028     -0.1831E-02  0.4191      0.2000    
   130.0      0.2118E-04  0.2391      0.8838E-01  0.3728      0.2227    
   131.0      0.1900E-04  0.2661      0.1560      0.3145      0.2603    
   132.0      0.1685E-04  0.2814      0.1894      0.2548      0.3084    
   133.0      0.1487E-04  0.2830      0.1797      0.2093      0.3565    
   134.0      0.1316E-04  0.2699      0.1256      0.1964      0.3880    
   135.0      0.1180E-04  0.2418      0.3918E-01  0.2303      0.3835    
   136.0      0.1084E-04  0.2014     -0.5109E-01  0.3116      0.3290    
   137.0      0.1025E-04  0.1546     -0.1087      0.4219      0.2250    
   138.0      0.9952E-05  0.1094     -0.1060      0.5298      0.8804E-01
   139.0      0.9843E-05  0.7201E-01 -0.3776E-01  0.6060     -0.5746E-01
   140.0      0.9841E-05  0.4530E-01  0.8065E-01  0.6339     -0.1886    
   141.0      0.9892E-05  0.2963E-01  0.2224      0.6107     -0.2880    
   142.0      0.9959E-05  0.2415E-01  0.3602      0.5452     -0.3452    
   143.0      0.9999E-05  0.2761E-01  0.4751      0.4534     -0.3569    
   144.0      0.9959E-05  0.3859E-01  0.5601      0.3529     -0.3256    
   145.0      0.9799E-05  0.5561E-01  0.6176      0.2578     -0.2559    
   146.0      0.9518E-05  0.7712E-01  0.6531      0.1760     -0.1506    
   147.0      0.9166E-05  0.1012      0.6698      0.1105     -0.1223E-01
   148.0      0.8816E-05  0.1246      0.6685      0.6133E-01  0.1534    
   149.0      0.8537E-05  0.1426      0.6495      0.2719E-01  0.3320    
   150.0      0.8372E-05  0.1486      0.6141      0.7726E-02  0.5013    
   151.0      0.8345E-05  0.1357      0.5640      0.4524E-02  0.6361    
   152.0      0.8473E-05  0.9980E-01  0.5010      0.2057E-01  0.7146    
   153.0      0.8758E-05  0.4243E-01  0.4286      0.5784E-01  0.7245    
   154.0      0.9179E-05 -0.2850E-01  0.3553      0.1150      0.6665    
   155.0      0.9680E-05 -0.1019      0.2937      0.1873      0.5514    
   156.0      0.1020E-04 -0.1669      0.2573      0.2675      0.3937    
   157.0      0.1073E-04 -0.2136      0.2564      0.3458      0.2090    
   158.0      0.1130E-04 -0.2319      0.2954      0.4084      0.1697E-01
   159.0      0.1204E-04 -0.2130      0.3693      0.4386     -0.1549    
   160.0      0.1309E-04 -0.1544      0.4629      0.4233     -0.2750    
   161.0      0.1456E-04 -0.6467E-01  0.5542      0.3612     -0.3191    
   162.0      0.1657E-04  0.3836E-01  0.6216      0.2644     -0.2803    
   163.0      0.1922E-04  0.1339      0.6508      0.1532     -0.1697    
   164.0      0.2263E-04  0.2050      0.6377      0.4893E-01 -0.1125E-01
   165.0      0.2691E-04  0.2430      0.5887     -0.3215E-01  0.1661    
   166.0      0.3209E-04  0.2475      0.5169     -0.8117E-01  0.3359    
   167.0      0.3813E-04  0.2238      0.4375     -0.9636E-01  0.4790    
   168.0      0.4492E-04  0.1798      0.3629     -0.8077E-01  0.5847    
   169.0      0.5227E-04  0.1232      0.3023     -0.4013E-01  0.6490    
   170.0      0.5999E-04  0.6141E-01  0.2614      0.1820E-01  0.6719    
   171.0      0.6786E-04  0.7875E-03  0.2441      0.8574E-01  0.6565    
   172.0      0.7559E-04 -0.5321E-01  0.2524      0.1536      0.6081    
   173.0      0.8289E-04 -0.9641E-01  0.2861      0.2131      0.5335    
   174.0      0.8946E-04 -0.1259      0.3424      0.2565      0.4404    
   175.0      0.9513E-04 -0.1399      0.4156      0.2771      0.3374    
   176.0      0.9982E-04 -0.1377      0.4969      0.2707      0.2340    
   177.0      0.1035E-03 -0.1198      0.5756      0.2355      0.1400    
   178.0      0.1062E-03 -0.8837E-01  0.6409      0.1740      0.6496E-01
   179.0      0.1079E-03 -0.4685E-01  0.6840      0.9243E-01  0.1666E-01
   180.0      0.1085E-03   0.000      0.6989       0.000       0.000    
 END
