# 181 angles,  3 tensor ranks for 0=projectile
@subtitle   "9Be(6Li,d)13C CDCC+CRC, adapted from 58Ni(6Li,d) 31-channel card"              
@legend ON
@legend x1 0.2
@legend y1 0.8
@g0 type LOGY
@yaxis ticklabel format power
@legend string   0 "Lab energy =   32.0000"
#legend string   0 "Partition=  1 Excit=  9 near/far= 1"
#  Theta       sigma       iT11        T20         T21         T22         Kyy for projectile
   0.000      0.1271       0.000      0.2414E-01   0.000       0.000    
   1.000      0.1253      0.3282E-01  0.2435E-01 -0.3901E-02 -0.1968E-02
   2.000      0.1199      0.5765E-01  0.2484E-01 -0.9181E-02 -0.7870E-02
   3.000      0.1114      0.6696E-01  0.2519E-01 -0.1678E-01 -0.1779E-01
   4.000      0.1009      0.5403E-01  0.2472E-01 -0.2672E-01 -0.3209E-01
   5.000      0.8980E-01  0.1391E-01  0.2243E-01 -0.3744E-01 -0.5135E-01
   6.000      0.7954E-01 -0.5375E-01  0.1700E-01 -0.4525E-01 -0.7590E-01
   7.000      0.7136E-01 -0.1403      0.7082E-02 -0.4482E-01 -0.1046    
   8.000      0.6563E-01 -0.2271     -0.8210E-02 -0.3190E-01 -0.1342    
   9.000      0.6172E-01 -0.2951     -0.2903E-01 -0.6565E-02 -0.1604    
   10.00      0.5824E-01 -0.3360     -0.5554E-01  0.2712E-01 -0.1812    
   11.00      0.5361E-01 -0.3544     -0.8913E-01  0.6489E-01 -0.1967    
   12.00      0.4674E-01 -0.3597     -0.1334      0.1051     -0.2090    
   13.00      0.3759E-01 -0.3604     -0.1953      0.1491     -0.2198    
   14.00      0.2713E-01 -0.3613     -0.2879      0.2006     -0.2295    
   15.00      0.1703E-01 -0.3643     -0.4373      0.2637     -0.2351    
   16.00      0.9006E-02 -0.3655     -0.6892      0.3314     -0.2190    
   17.00      0.4221E-02 -0.3405      -1.006      0.2953     -0.1071    
   18.00      0.2968E-02 -0.2631     -0.6431     -0.1285      0.1240    
   19.00      0.4678E-02 -0.2567      0.8254E-01 -0.3457      0.9850E-01
   20.00      0.8220E-02 -0.2846      0.2706     -0.2790     -0.7333E-02
   21.00      0.1231E-01 -0.2996      0.2687     -0.1929     -0.8066E-01
   22.00      0.1588E-01 -0.2969      0.2212     -0.1228     -0.1328    
   23.00      0.1828E-01 -0.2724      0.1583     -0.6497E-01 -0.1751    
   24.00      0.1934E-01 -0.2194      0.8518E-01 -0.1520E-01 -0.2132    
   25.00      0.1928E-01 -0.1294      0.2640E-02  0.2809E-01 -0.2487    
   26.00      0.1851E-01  0.3396E-02 -0.8687E-01  0.6358E-01 -0.2797    
   27.00      0.1754E-01  0.1750     -0.1757      0.8747E-01 -0.3016    
   28.00      0.1678E-01  0.3634     -0.2501      0.9530E-01 -0.3075    
   29.00      0.1649E-01  0.5296     -0.2948      0.8536E-01 -0.2926    
   30.00      0.1675E-01  0.6354     -0.3020      0.6144E-01 -0.2584    
   31.00      0.1747E-01  0.6650     -0.2767      0.3140E-01 -0.2126    
   32.00      0.1845E-01  0.6287     -0.2319      0.2720E-02 -0.1641    
   33.00      0.1942E-01  0.5491     -0.1802     -0.2031E-01 -0.1192    
   34.00      0.2013E-01  0.4468     -0.1300     -0.3641E-01 -0.8054E-01
   35.00      0.2040E-01  0.3361     -0.8542E-01 -0.4592E-01 -0.4828E-01
   36.00      0.2015E-01  0.2253     -0.4811E-01 -0.4963E-01 -0.2164E-01
   37.00      0.1939E-01  0.1193     -0.1877E-01 -0.4826E-01  0.4688E-03
   38.00      0.1822E-01  0.2146E-01  0.1984E-02 -0.4227E-01  0.1901E-01
   39.00      0.1678E-01 -0.6437E-01  0.1328E-01 -0.3197E-01  0.3473E-01
   40.00      0.1522E-01 -0.1338      0.1402E-01 -0.1768E-01  0.4806E-01
   41.00      0.1369E-01 -0.1816      0.3208E-02  0.9939E-04  0.5918E-01
   42.00      0.1228E-01 -0.2035     -0.1943E-01  0.2042E-01  0.6804E-01
   43.00      0.1106E-01 -0.1974     -0.5275E-01  0.4193E-01  0.7455E-01
   44.00      0.1003E-01 -0.1652     -0.9385E-01  0.6300E-01  0.7870E-01
   45.00      0.9180E-02 -0.1140     -0.1384      0.8214E-01  0.8077E-01
   46.00      0.8484E-02 -0.5355E-01 -0.1818      0.9834E-01  0.8130E-01
   47.00      0.7895E-02  0.5367E-02 -0.2201      0.1113      0.8097E-01
   48.00      0.7374E-02  0.5424E-01 -0.2508      0.1212      0.8043E-01
   49.00      0.6888E-02  0.8797E-01 -0.2734      0.1286      0.8009E-01
   50.00      0.6417E-02  0.1050     -0.2884      0.1339      0.8013E-01
   51.00      0.5949E-02  0.1064     -0.2974      0.1375      0.8050E-01
   52.00      0.5483E-02  0.9527E-01 -0.3018      0.1396      0.8111E-01
   53.00      0.5021E-02  0.7526E-01 -0.3036      0.1401      0.8184E-01
   54.00      0.4571E-02  0.5013E-01 -0.3039      0.1389      0.8263E-01
   55.00      0.4140E-02  0.2316E-01 -0.3040      0.1362      0.8348E-01
   56.00      0.3738E-02 -0.3144E-02 -0.3046      0.1317      0.8442E-01
   57.00      0.3369E-02 -0.2707E-01 -0.3061      0.1256      0.8542E-01
   58.00      0.3038E-02 -0.4766E-01 -0.3087      0.1180      0.8637E-01
   59.00      0.2746E-02 -0.6455E-01 -0.3125      0.1093      0.8708E-01
   60.00      0.2491E-02 -0.7790E-01 -0.3170      0.9965E-01  0.8727E-01
   61.00      0.2272E-02 -0.8822E-01 -0.3220      0.8945E-01  0.8668E-01
   62.00      0.2082E-02 -0.9637E-01 -0.3270      0.7904E-01  0.8502E-01
   63.00      0.1915E-02 -0.1034     -0.3315      0.6871E-01  0.8199E-01
   64.00      0.1768E-02 -0.1104     -0.3354      0.5862E-01  0.7728E-01
   65.00      0.1635E-02 -0.1184     -0.3382      0.4876E-01  0.7048E-01
   66.00      0.1514E-02 -0.1282     -0.3399      0.3892E-01  0.6120E-01
   67.00      0.1403E-02 -0.1404     -0.3406      0.2875E-01  0.4914E-01
   68.00      0.1301E-02 -0.1552     -0.3404      0.1788E-01  0.3415E-01
   69.00      0.1207E-02 -0.1726     -0.3398      0.5996E-02  0.1636E-01
   70.00      0.1120E-02 -0.1926     -0.3392     -0.7050E-02 -0.3877E-02
   71.00      0.1038E-02 -0.2150     -0.3392     -0.2119E-01 -0.2605E-01
   72.00      0.9601E-03 -0.2399     -0.3401     -0.3619E-01 -0.4968E-01
   73.00      0.8854E-03 -0.2671     -0.3418     -0.5175E-01 -0.7435E-01
   74.00      0.8140E-03 -0.2966     -0.3442     -0.6754E-01 -0.9984E-01
   75.00      0.7467E-03 -0.3283     -0.3468     -0.8334E-01 -0.1260    
   76.00      0.6844E-03 -0.3619     -0.3489     -0.9895E-01 -0.1528    
   77.00      0.6282E-03 -0.3971     -0.3499     -0.1142     -0.1801    
   78.00      0.5787E-03 -0.4330     -0.3493     -0.1288     -0.2077    
   79.00      0.5363E-03 -0.4688     -0.3470     -0.1425     -0.2351    
   80.00      0.5004E-03 -0.5033     -0.3428     -0.1548     -0.2620    
   81.00      0.4702E-03 -0.5355     -0.3368     -0.1653     -0.2878    
   82.00      0.4446E-03 -0.5644     -0.3288     -0.1737     -0.3120    
   83.00      0.4224E-03 -0.5896     -0.3188     -0.1800     -0.3340    
   84.00      0.4026E-03 -0.6104     -0.3064     -0.1841     -0.3535    
   85.00      0.3847E-03 -0.6267     -0.2917     -0.1863     -0.3699    
   86.00      0.3679E-03 -0.6386     -0.2745     -0.1867     -0.3832    
   87.00      0.3520E-03 -0.6464     -0.2554     -0.1855     -0.3932    
   88.00      0.3366E-03 -0.6503     -0.2350     -0.1829     -0.4002    
   89.00      0.3215E-03 -0.6507     -0.2143     -0.1790     -0.4044    
   90.00      0.3066E-03 -0.6475     -0.1946     -0.1738     -0.4064    
   91.00      0.2919E-03 -0.6403     -0.1772     -0.1675     -0.4067    
   92.00      0.2773E-03 -0.6286     -0.1631     -0.1600     -0.4058    
   93.00      0.2628E-03 -0.6116     -0.1534     -0.1514     -0.4044    
   94.00      0.2485E-03 -0.5881     -0.1488     -0.1417     -0.4027    
   95.00      0.2346E-03 -0.5573     -0.1496     -0.1309     -0.4010    
   96.00      0.2212E-03 -0.5186     -0.1557     -0.1192     -0.3989    
   97.00      0.2083E-03 -0.4723     -0.1664     -0.1067     -0.3962    
   98.00      0.1958E-03 -0.4193     -0.1803     -0.9376E-01 -0.3919    
   99.00      0.1837E-03 -0.3617     -0.1960     -0.8073E-01 -0.3854    
   100.0      0.1718E-03 -0.3021     -0.2117     -0.6782E-01 -0.3758    
   101.0      0.1601E-03 -0.2434     -0.2254     -0.5512E-01 -0.3626    
   102.0      0.1487E-03 -0.1887     -0.2359     -0.4265E-01 -0.3456    
   103.0      0.1379E-03 -0.1406     -0.2423     -0.3034E-01 -0.3256    
   104.0      0.1278E-03 -0.1011     -0.2445     -0.1812E-01 -0.3041    
   105.0      0.1187E-03 -0.7114E-01 -0.2432     -0.5854E-02 -0.2829    
   106.0      0.1106E-03 -0.4995E-01 -0.2394      0.6681E-02 -0.2644    
   107.0      0.1038E-03 -0.3489E-01 -0.2342      0.1983E-01 -0.2502    
   108.0      0.9822E-04 -0.2171E-01 -0.2282      0.3402E-01 -0.2418    
   109.0      0.9399E-04 -0.5441E-02 -0.2221      0.4963E-01 -0.2397    
   110.0      0.9093E-04  0.1805E-01 -0.2159      0.6680E-01 -0.2434    
   111.0      0.8885E-04  0.5058E-01 -0.2099      0.8526E-01 -0.2518    
   112.0      0.8742E-04  0.9089E-01 -0.2043      0.1044     -0.2624    
   113.0      0.8623E-04  0.1350     -0.1995      0.1233     -0.2728    
   114.0      0.8480E-04  0.1776     -0.1953      0.1415     -0.2805    
   115.0      0.8258E-04  0.2135     -0.1914      0.1587     -0.2841    
   116.0      0.7915E-04  0.2386     -0.1872      0.1750     -0.2829    
   117.0      0.7429E-04  0.2503     -0.1814      0.1905     -0.2773    
   118.0      0.6807E-04  0.2474     -0.1729      0.2053     -0.2681    
   119.0      0.6082E-04  0.2298     -0.1601      0.2189     -0.2567    
   120.0      0.5305E-04  0.1988     -0.1419      0.2304     -0.2445    
   121.0      0.4536E-04  0.1575     -0.1180      0.2383     -0.2334    
   122.0      0.3834E-04  0.1110     -0.9015E-01  0.2409     -0.2255    
   123.0      0.3246E-04  0.6708E-01 -0.6275E-01  0.2369     -0.2226    
   124.0      0.2809E-04  0.3646E-01 -0.4371E-01  0.2274     -0.2265    
   125.0      0.2538E-04  0.2897E-01 -0.4159E-01  0.2174     -0.2382    
   126.0      0.2428E-04  0.4666E-01 -0.5961E-01  0.2146     -0.2564    
   127.0      0.2453E-04  0.8042E-01 -0.9181E-01  0.2242     -0.2785    
   128.0      0.2571E-04  0.1161     -0.1275      0.2458     -0.3011    
   129.0      0.2735E-04  0.1434     -0.1583      0.2744     -0.3220    
   130.0      0.2901E-04  0.1583     -0.1806      0.3041     -0.3403    
   131.0      0.3028E-04  0.1615     -0.1943      0.3303     -0.3556    
   132.0      0.3087E-04  0.1558     -0.2003      0.3499     -0.3682    
   133.0      0.3056E-04  0.1448     -0.2002      0.3609     -0.3785    
   134.0      0.2930E-04  0.1325     -0.1950      0.3619     -0.3864    
   135.0      0.2716E-04  0.1228     -0.1853      0.3516     -0.3907    
   136.0      0.2431E-04  0.1202     -0.1717      0.3293     -0.3893    
   137.0      0.2101E-04  0.1287     -0.1547      0.2951     -0.3789    
   138.0      0.1752E-04  0.1504     -0.1361      0.2511     -0.3557    
   139.0      0.1416E-04  0.1816     -0.1193      0.2034     -0.3158    
   140.0      0.1126E-04  0.2057     -0.1105      0.1659     -0.2582    
   141.0      0.9172E-05  0.1839     -0.1188      0.1636     -0.1934    
   142.0      0.8200E-05  0.7359E-01 -0.1480      0.2201     -0.1547    
   143.0      0.8557E-05 -0.1003     -0.1841      0.3155     -0.1787    
   144.0      0.1031E-04 -0.2385     -0.2063      0.3886     -0.2520    
   145.0      0.1340E-04 -0.2864     -0.2120      0.4102     -0.3301    
   146.0      0.1761E-04 -0.2602     -0.2103      0.3925     -0.3890    
   147.0      0.2262E-04 -0.1915     -0.2084      0.3547     -0.4261    
   148.0      0.2801E-04 -0.1023     -0.2089      0.3094     -0.4460    
   149.0      0.3323E-04 -0.4780E-02 -0.2121      0.2634     -0.4535    
   150.0      0.3771E-04  0.9519E-01 -0.2172      0.2200     -0.4523    
   151.0      0.4090E-04  0.1951     -0.2230      0.1802     -0.4444    
   152.0      0.4245E-04  0.2940     -0.2285      0.1446     -0.4303    
   153.0      0.4221E-04  0.3910     -0.2321      0.1130     -0.4101    
   154.0      0.4029E-04  0.4835     -0.2316      0.8557E-01 -0.3830    
   155.0      0.3704E-04  0.5651     -0.2241      0.6279E-01 -0.3487    
   156.0      0.3300E-04  0.6214     -0.2051      0.4542E-01 -0.3078    
   157.0      0.2885E-04  0.6242     -0.1690      0.3455E-01 -0.2631    
   158.0      0.2542E-04  0.5311     -0.1117      0.3080E-01 -0.2227    
   159.0      0.2358E-04  0.3107     -0.3986E-01  0.3259E-01 -0.2020    
   160.0      0.2409E-04  0.4516E-02  0.2148E-01  0.3461E-01 -0.2151    
   161.0      0.2759E-04 -0.2625      0.4447E-01  0.3131E-01 -0.2565    
   162.0      0.3442E-04 -0.3959      0.2706E-01  0.2243E-01 -0.3034    
   163.0      0.4471E-04 -0.3996     -0.1165E-01  0.1170E-01 -0.3382    
   164.0      0.5826E-04 -0.3234     -0.5373E-01  0.2293E-02 -0.3566    
   165.0      0.7459E-04 -0.2101     -0.8992E-01 -0.4548E-02 -0.3612    
   166.0      0.9292E-04 -0.8438E-01 -0.1170     -0.8837E-02 -0.3559    
   167.0      0.1123E-03  0.4123E-01 -0.1346     -0.1113E-01 -0.3437    
   168.0      0.1315E-03  0.1607     -0.1433     -0.1212E-01 -0.3264    
   169.0      0.1495E-03  0.2708     -0.1441     -0.1247E-01 -0.3051    
   170.0      0.1656E-03  0.3686     -0.1383     -0.1272E-01 -0.2803    
   171.0      0.1789E-03  0.4513     -0.1272     -0.1325E-01 -0.2522    
   172.0      0.1891E-03  0.5157     -0.1122     -0.1424E-01 -0.2212    
   173.0      0.1960E-03  0.5580     -0.9470E-01 -0.1560E-01 -0.1877    
   174.0      0.1999E-03  0.5741     -0.7617E-01 -0.1701E-01 -0.1523    
   175.0      0.2011E-03  0.5593     -0.5794E-01 -0.1795E-01 -0.1162    
   176.0      0.2004E-03  0.5101     -0.4122E-01 -0.1776E-01 -0.8096E-01
   177.0      0.1987E-03  0.4248     -0.2710E-01 -0.1590E-01 -0.4893E-01
   178.0      0.1968E-03  0.3057     -0.1643E-01 -0.1209E-01 -0.2297E-01
   179.0      0.1954E-03  0.1602     -0.9820E-02 -0.6560E-02 -0.5942E-02
   180.0      0.1949E-03   0.000     -0.7581E-02   0.000       0.000    
 END
