# 181 angles,  3 tensor ranks for 0=projectile
@subtitle   "9Be(6Li,d)13C CDCC+CRC, adapted from 58Ni(6Li,d) 31-channel card"              
@legend ON
@legend x1 0.2
@legend y1 0.8
@g0 type LOGY
@yaxis ticklabel format power
@legend string   0 "Lab energy =   32.0000"
#legend string   0 "Partition=  1 Excit=  6 near/far= 1"
#  Theta       sigma       iT11        T20         T21         T22         Kyy for projectile
   0.000       107.2       0.000     -0.6987E-01   0.000       0.000    
   1.000       104.6      0.1898E-01 -0.7026E-01 -0.6116E-03 -0.3726E-03
   2.000       97.02      0.3885E-01 -0.7146E-01 -0.1327E-02 -0.1536E-02
   3.000       85.36      0.6063E-01 -0.7360E-01 -0.2268E-02 -0.3640E-02
   4.000       70.93      0.8568E-01 -0.7691E-01 -0.3592E-02 -0.6984E-02
   5.000       55.27      0.1160     -0.8181E-01 -0.5529E-02 -0.1213E-01
   6.000       39.95      0.1549     -0.8907E-01 -0.8443E-02 -0.2012E-01
   7.000       26.29      0.2082     -0.1002     -0.1295E-01 -0.3313E-01
   8.000       15.29      0.2873     -0.1184     -0.2011E-01 -0.5609E-01
   9.000       7.442      0.4164     -0.1516     -0.3161E-01 -0.1024    
   10.00       2.763      0.6351     -0.2209     -0.4550E-01 -0.2150    
   11.00      0.8546      0.5962     -0.3033      0.1497E-01 -0.4387    
   12.00       1.033     -0.5009     -0.5808E-01  0.1612     -0.1271    
   13.00       2.485     -0.5038      0.6226E-02  0.1283      0.4345E-01
   14.00       4.421     -0.3770      0.6121E-03  0.1022      0.7171E-01
   15.00       6.199     -0.2873     -0.9903E-02  0.8870E-01  0.7682E-01
   16.00       7.393     -0.2229     -0.1942E-01  0.8151E-01  0.7766E-01
   17.00       7.812     -0.1724     -0.2792E-01  0.7754E-01  0.7793E-01
   18.00       7.471     -0.1286     -0.3597E-01  0.7522E-01  0.7847E-01
   19.00       6.531     -0.8710E-01 -0.4422E-01  0.7350E-01  0.7943E-01
   20.00       5.229     -0.4412E-01 -0.5349E-01  0.7130E-01  0.8074E-01
   21.00       3.813      0.4294E-02 -0.6514E-01  0.6699E-01  0.8210E-01
   22.00       2.497      0.6395E-01 -0.8194E-01  0.5706E-01  0.8268E-01
   23.00       1.428      0.1452     -0.1107      0.3219E-01  0.7979E-01
   24.00      0.6814      0.2676     -0.1716     -0.3809E-01  0.6294E-01
   25.00      0.2644      0.4315     -0.3250     -0.2638     -0.1506E-01
   26.00      0.1341      0.2430     -0.4987     -0.6421     -0.2071    
   27.00      0.2157     -0.1751     -0.2727     -0.3677     -0.1512    
   28.00      0.4217     -0.1923     -0.1397     -0.1324     -0.5769E-01
   29.00      0.6689     -0.1359     -0.9494E-01 -0.3457E-01 -0.1396E-01
   30.00      0.8894     -0.7775E-01 -0.7754E-01  0.1306E-01  0.7302E-02
   31.00       1.038     -0.2294E-01 -0.6978E-01  0.4086E-01  0.1792E-01
   32.00       1.093      0.3082E-01 -0.6601E-01  0.5949E-01  0.2209E-01
   33.00       1.057      0.8641E-01 -0.6409E-01  0.7317E-01  0.2093E-01
   34.00      0.9476      0.1463     -0.6311E-01  0.8339E-01  0.1393E-01
   35.00      0.7942      0.2121     -0.6278E-01  0.8991E-01 -0.9454E-03
   36.00      0.6290      0.2814     -0.6331E-01  0.9046E-01 -0.2717E-01
   37.00      0.4816      0.3416     -0.6571E-01  0.7990E-01 -0.6856E-01
   38.00      0.3741      0.3592     -0.7209E-01  0.5129E-01 -0.1230    
   39.00      0.3186      0.2887     -0.8422E-01  0.5273E-02 -0.1703    
   40.00      0.3168      0.1386     -0.9969E-01 -0.3807E-01 -0.1791    
   41.00      0.3616     -0.9260E-02 -0.1130     -0.5776E-01 -0.1475    
   42.00      0.4395     -0.1007     -0.1222     -0.5575E-01 -0.1019    
   43.00      0.5339     -0.1401     -0.1288     -0.4372E-01 -0.6051E-01
   44.00      0.6284     -0.1477     -0.1346     -0.2931E-01 -0.2795E-01
   45.00      0.7088     -0.1384     -0.1406     -0.1558E-01 -0.3158E-02
   46.00      0.7651     -0.1201     -0.1476     -0.3435E-02  0.1586E-01
   47.00      0.7920     -0.9707E-01 -0.1558      0.6994E-02  0.3074E-01
   48.00      0.7886     -0.7121E-01 -0.1658      0.1577E-01  0.4263E-01
   49.00      0.7580     -0.4367E-01 -0.1780      0.2293E-01  0.5229E-01
   50.00      0.7056     -0.1526E-01 -0.1928      0.2845E-01  0.6019E-01
   51.00      0.6386      0.1316E-01 -0.2108      0.3218E-01  0.6664E-01
   52.00      0.5641      0.4038E-01 -0.2327      0.3389E-01  0.7183E-01
   53.00      0.4886      0.6462E-01 -0.2592      0.3325E-01  0.7588E-01
   54.00      0.4174      0.8343E-01 -0.2907      0.2996E-01  0.7889E-01
   55.00      0.3539      0.9375E-01 -0.3273      0.2386E-01  0.8102E-01
   56.00      0.3001      0.9259E-01 -0.3686      0.1514E-01  0.8252E-01
   57.00      0.2561      0.7810E-01 -0.4131      0.4511E-02  0.8379E-01
   58.00      0.2211      0.5083E-01 -0.4591     -0.6856E-02  0.8529E-01
   59.00      0.1934      0.1434E-01 -0.5049     -0.1762E-01  0.8745E-01
   60.00      0.1712     -0.2560E-01 -0.5498     -0.2679E-01  0.9052E-01
   61.00      0.1526     -0.6267E-01 -0.5943     -0.3412E-01  0.9443E-01
   62.00      0.1361     -0.9153E-01 -0.6403     -0.4028E-01  0.9881E-01
   63.00      0.1207     -0.1084     -0.6903     -0.4669E-01  0.1030    
   64.00      0.1059     -0.1107     -0.7469     -0.5546E-01  0.1059    
   65.00      0.9166E-01 -0.9638E-01 -0.8122     -0.6941E-01  0.1061    
   66.00      0.7816E-01 -0.6335E-01 -0.8869     -0.9222E-01  0.1014    
   67.00      0.6586E-01 -0.9531E-02 -0.9687     -0.1285      0.8856E-01
   68.00      0.5525E-01  0.6587E-01  -1.050     -0.1833      0.6381E-01
   69.00      0.4675E-01  0.1594      -1.115     -0.2598      0.2345E-01
   70.00      0.4064E-01  0.2590      -1.138     -0.3555     -0.3309E-01
   71.00      0.3704E-01  0.3432      -1.096     -0.4569     -0.9946E-01
   72.00      0.3585E-01  0.3898     -0.9838     -0.5429     -0.1623    
   73.00      0.3679E-01  0.3906     -0.8272     -0.5965     -0.2081    
   74.00      0.3944E-01  0.3563     -0.6632     -0.6150     -0.2317    
   75.00      0.4329E-01  0.3052     -0.5195     -0.6077     -0.2364    
   76.00      0.4777E-01  0.2524     -0.4063     -0.5863     -0.2287    
   77.00      0.5235E-01  0.2058     -0.3223     -0.5600     -0.2147    
   78.00      0.5658E-01  0.1681     -0.2617     -0.5337     -0.1983    
   79.00      0.6012E-01  0.1392     -0.2183     -0.5100     -0.1820    
   80.00      0.6273E-01  0.1176     -0.1873     -0.4899     -0.1670    
   81.00      0.6433E-01  0.1016     -0.1651     -0.4735     -0.1541    
   82.00      0.6491E-01  0.8942E-01 -0.1492     -0.4606     -0.1434    
   83.00      0.6457E-01  0.7958E-01 -0.1381     -0.4506     -0.1352    
   84.00      0.6345E-01  0.7085E-01 -0.1310     -0.4430     -0.1293    
   85.00      0.6176E-01  0.6229E-01 -0.1270     -0.4370     -0.1253    
   86.00      0.5968E-01  0.5335E-01 -0.1260     -0.4317     -0.1227    
   87.00      0.5740E-01  0.4381E-01 -0.1273     -0.4262     -0.1206    
   88.00      0.5508E-01  0.3382E-01 -0.1308     -0.4198     -0.1181    
   89.00      0.5284E-01  0.2386E-01 -0.1362     -0.4118     -0.1146    
   90.00      0.5074E-01  0.1466E-01 -0.1432     -0.4019     -0.1092    
   91.00      0.4880E-01  0.7105E-02 -0.1518     -0.3901     -0.1017    
   92.00      0.4701E-01  0.2008E-02 -0.1620     -0.3769     -0.9201E-01
   93.00      0.4531E-01 -0.1788E-04 -0.1740     -0.3631     -0.8056E-01
   94.00      0.4364E-01  0.1304E-02 -0.1880     -0.3494     -0.6795E-01
   95.00      0.4192E-01  0.5869E-02 -0.2045     -0.3369     -0.5499E-01
   96.00      0.4011E-01  0.1322E-01 -0.2237     -0.3263     -0.4247E-01
   97.00      0.3815E-01  0.2264E-01 -0.2463     -0.3181     -0.3115E-01
   98.00      0.3602E-01  0.3323E-01 -0.2726     -0.3127     -0.2161E-01
   99.00      0.3372E-01  0.4403E-01 -0.3031     -0.3103     -0.1427E-01
   100.0      0.3127E-01  0.5407E-01 -0.3385     -0.3106     -0.9261E-02
   101.0      0.2873E-01  0.6240E-01 -0.3790     -0.3131     -0.6519E-02
   102.0      0.2616E-01  0.6812E-01 -0.4249     -0.3169     -0.5722E-02
   103.0      0.2361E-01  0.7036E-01 -0.4760     -0.3210     -0.6360E-02
   104.0      0.2116E-01  0.6837E-01 -0.5319     -0.3235     -0.7792E-02
   105.0      0.1888E-01  0.6156E-01 -0.5914     -0.3227     -0.9353E-02
   106.0      0.1681E-01  0.4970E-01 -0.6529     -0.3163     -0.1049E-01
   107.0      0.1499E-01  0.3310E-01 -0.7137     -0.3022     -0.1093E-01
   108.0      0.1344E-01  0.1282E-01 -0.7706     -0.2785     -0.1084E-01
   109.0      0.1218E-01 -0.9288E-02 -0.8199     -0.2444     -0.1093E-01
   110.0      0.1119E-01 -0.3086E-01 -0.8581     -0.2006     -0.1235E-01
   111.0      0.1043E-01 -0.4967E-01 -0.8825     -0.1495     -0.1639E-01
   112.0      0.9885E-02 -0.6437E-01 -0.8921     -0.9496E-01 -0.2406E-01
   113.0      0.9487E-02 -0.7508E-01 -0.8878     -0.4092E-01 -0.3573E-01
   114.0      0.9185E-02 -0.8332E-01 -0.8723      0.9222E-02 -0.5110E-01
   115.0      0.8925E-02 -0.9159E-01 -0.8487      0.5355E-01 -0.6933E-01
   116.0      0.8659E-02 -0.1028     -0.8200      0.9164E-01 -0.8947E-01
   117.0      0.8352E-02 -0.1196     -0.7883      0.1242     -0.1107    
   118.0      0.7986E-02 -0.1446     -0.7550      0.1527     -0.1325    
   119.0      0.7564E-02 -0.1796     -0.7202      0.1788     -0.1548    
   120.0      0.7101E-02 -0.2258     -0.6834      0.2041     -0.1779    
   121.0      0.6629E-02 -0.2830     -0.6433      0.2297     -0.2022    
   122.0      0.6183E-02 -0.3493     -0.5985      0.2559     -0.2285    
   123.0      0.5798E-02 -0.4203     -0.5477      0.2820     -0.2574    
   124.0      0.5501E-02 -0.4895     -0.4907      0.3060     -0.2888    
   125.0      0.5307E-02 -0.5496     -0.4289      0.3250     -0.3220    
   126.0      0.5219E-02 -0.5948     -0.3647      0.3365     -0.3554    
   127.0      0.5228E-02 -0.6230     -0.3011      0.3388     -0.3867    
   128.0      0.5313E-02 -0.6356     -0.2401      0.3317     -0.4137    
   129.0      0.5450E-02 -0.6364     -0.1826      0.3165     -0.4345    
   130.0      0.5614E-02 -0.6295     -0.1284      0.2947     -0.4476    
   131.0      0.5785E-02 -0.6177     -0.7643E-01  0.2681     -0.4520    
   132.0      0.5949E-02 -0.6023     -0.2608E-01  0.2383     -0.4467    
   133.0      0.6100E-02 -0.5836      0.2294E-01  0.2066     -0.4313    
   134.0      0.6238E-02 -0.5612      0.7023E-01  0.1747     -0.4062    
   135.0      0.6365E-02 -0.5355      0.1148      0.1439     -0.3729    
   136.0      0.6484E-02 -0.5075      0.1553      0.1156     -0.3339    
   137.0      0.6590E-02 -0.4796      0.1904      0.9084E-01 -0.2930    
   138.0      0.6678E-02 -0.4552      0.2191      0.7002E-01 -0.2544    
   139.0      0.6733E-02 -0.4377      0.2411      0.5296E-01 -0.2218    
   140.0      0.6742E-02 -0.4302      0.2561      0.3890E-01 -0.1984    
   141.0      0.6696E-02 -0.4347      0.2643      0.2673E-01 -0.1859    
   142.0      0.6593E-02 -0.4519      0.2660      0.1524E-01 -0.1848    
   143.0      0.6450E-02 -0.4801      0.2609      0.3373E-02 -0.1942    
   144.0      0.6295E-02 -0.5149      0.2490     -0.9503E-02 -0.2111    
   145.0      0.6173E-02 -0.5487      0.2305     -0.2328E-01 -0.2308    
   146.0      0.6133E-02 -0.5715      0.2066     -0.3697E-01 -0.2469    
   147.0      0.6220E-02 -0.5738      0.1801     -0.4884E-01 -0.2530    
   148.0      0.6467E-02 -0.5513      0.1551     -0.5710E-01 -0.2451    
   149.0      0.6880E-02 -0.5068      0.1355     -0.6084E-01 -0.2236    
   150.0      0.7437E-02 -0.4497      0.1240     -0.6039E-01 -0.1930    
   151.0      0.8087E-02 -0.3906      0.1211     -0.5702E-01 -0.1587    
   152.0      0.8756E-02 -0.3379      0.1261     -0.5227E-01 -0.1257    
   153.0      0.9359E-02 -0.2967      0.1376     -0.4742E-01 -0.9680E-01
   154.0      0.9816E-02 -0.2692      0.1543     -0.4338E-01 -0.7355E-01
   155.0      0.1006E-01 -0.2560      0.1747     -0.4069E-01 -0.5643E-01
   156.0      0.1007E-01 -0.2569      0.1976     -0.3958E-01 -0.4555E-01
   157.0      0.9842E-02 -0.2718      0.2213     -0.4002E-01 -0.4100E-01
   158.0      0.9414E-02 -0.3000      0.2435     -0.4169E-01 -0.4304E-01
   159.0      0.8858E-02 -0.3405      0.2608     -0.4393E-01 -0.5213E-01
   160.0      0.8261E-02 -0.3906      0.2687     -0.4563E-01 -0.6873E-01
   161.0      0.7712E-02 -0.4455      0.2623     -0.4538E-01 -0.9294E-01
   162.0      0.7292E-02 -0.4969      0.2379     -0.4185E-01 -0.1238    
   163.0      0.7062E-02 -0.5351      0.1963     -0.3465E-01 -0.1589    
   164.0      0.7056E-02 -0.5516      0.1444     -0.2498E-01 -0.1945    
   165.0      0.7281E-02 -0.5432      0.9360E-01 -0.1550E-01 -0.2264    
   166.0      0.7722E-02 -0.5129      0.5524E-01 -0.9172E-02 -0.2517    
   167.0      0.8350E-02 -0.4670      0.3658E-01 -0.8004E-02 -0.2688    
   168.0      0.9129E-02 -0.4119      0.3981E-01 -0.1248E-01 -0.2770    
   169.0      0.1003E-01 -0.3527      0.6329E-01 -0.2177E-01 -0.2759    
   170.0      0.1102E-01 -0.2927      0.1033     -0.3412E-01 -0.2654    
   171.0      0.1208E-01 -0.2344      0.1550     -0.4737E-01 -0.2457    
   172.0      0.1320E-01 -0.1799      0.2134     -0.5929E-01 -0.2180    
   173.0      0.1435E-01 -0.1313      0.2734     -0.6792E-01 -0.1839    
   174.0      0.1552E-01 -0.9008E-01  0.3309     -0.7188E-01 -0.1463    
   175.0      0.1666E-01 -0.5732E-01  0.3822     -0.7049E-01 -0.1081    
   176.0      0.1773E-01 -0.3319E-01  0.4253     -0.6375E-01 -0.7257E-01
   177.0      0.1865E-01 -0.1704E-01  0.4590     -0.5227E-01 -0.4224E-01
   178.0      0.1937E-01 -0.7460E-02  0.4829     -0.3701E-01 -0.1920E-01
   179.0      0.1982E-01 -0.2530E-02  0.4971     -0.1916E-01 -0.4864E-02
   180.0      0.1998E-01   0.000      0.5018       0.000       0.000    
 END
