# 501  0.2000   32.0000 = NLN,RINTP,ELAB
   0.000    0.000000    0.000000
   0.200   -2.599240   -0.774738
   0.400   -2.586461   -0.784022
   0.600   -2.555385   -0.739604
   0.800   -2.529167   -0.670486
   1.000   -2.490557   -0.574720
   1.200   -2.436880   -0.491871
   1.400   -2.422279   -0.476159
   1.600   -7.490155   -5.468946
   1.800   -1.561473    1.316256
   2.000   -2.031487   -0.087601
   2.200   -2.207130   -1.271704
   2.400   -2.147717   -1.441669
   2.600   -2.014973   -1.807619
   2.800   -1.862331   -2.145752
   3.000   -1.690570   -2.455292
   3.200   -1.510791   -2.723353
   3.400   -1.323454   -2.940292
   3.600   -1.123504   -3.094590
   3.800   -0.911905   -3.166713
   4.000   -0.692985   -3.141416
   4.200   -0.474429   -3.014120
   4.400   -0.263505   -2.794624
   4.600   -0.070073   -2.502975
   4.800    0.097386   -2.166064
   5.000    0.224772   -1.810236
   5.200    0.316070   -1.465300
   5.400    0.363973   -1.150502
   5.600    0.382705   -0.876732
   5.800    0.375568   -0.651161
   6.000    0.352518   -0.469475
   6.200    0.320355   -0.329240
   6.400    0.283371   -0.222916
   6.600    0.246048   -0.145180
   6.800    0.209847   -0.089472
   7.000    0.176855   -0.050973
   7.200    0.147209   -0.025117
   7.400    0.121548   -0.008455
   7.600    0.099397    0.001689
   7.800    0.080856    0.007523
   8.000    0.065275    0.010213
   8.200    0.052490    0.011209
   8.400    0.042068    0.010859
   8.600    0.033627    0.010013
   8.800    0.026979    0.008749
   9.000    0.021630    0.007507
   9.200    0.017521    0.006302
   9.400    0.014190    0.005277
   9.600    0.011608    0.004447
   9.800    0.009469    0.003744
  10.000    0.007750    0.003216
  10.200    0.006298    0.002723
  10.400    0.005116    0.002351
  10.600    0.004133    0.001979
  10.800    0.003349    0.001687
  11.000    0.002714    0.001413
  11.200    0.002183    0.001193
  11.400    0.001788    0.001093
  11.600    0.001525    0.000812
  11.800    0.001099    0.000766
  12.000    0.000907    0.000668
  12.200    0.000740    0.000701
  12.400    0.000608    0.000565
  12.600    0.000541    0.000461
  12.800    0.000601    0.000211
  13.000    0.000043    0.000156
  13.200    0.000192    0.000118
  13.400   -0.000123    0.000130
  13.600   -0.000023    0.000563
  13.800   -0.000070   -0.000479
  14.000   -0.000512    0.000626
  14.200    0.000291    0.000485
  14.400    0.000189   -0.000168
  14.600   -0.000455   -0.000322
  14.800   -0.000142    0.001040
  15.000    0.000832   -0.000445
  15.200   -0.000458    0.000021
  15.400    0.000790    0.000660
  15.600    0.000077   -0.001190
  15.800    0.000586    0.000130
  16.000   -0.000469   -0.000230
  16.200    0.000594   -0.000585
  16.400   -0.000231   -0.001335
  16.600   -0.000729    0.000935
  16.800    0.000282   -0.001006
  17.000   -0.000932   -0.000811
  17.200   -0.000158    0.001668
  17.400   -0.000515   -0.001519
  17.600   -0.000402    0.001763
  17.800    0.000051   -0.000205
  18.000   -0.000316   -0.000172
  18.200    0.000017    0.001227
  18.400    0.000159   -0.000312
  18.600    0.000027    0.000429
  18.800    0.000232    0.000127
  19.000    0.000116   -0.000023
  19.200    0.000067   -0.000051
  19.400    0.000094   -0.000031
  19.600    0.000046   -0.000090
  19.800   -0.000007   -0.000086
  20.000    0.000035   -0.000066
  20.200   -0.000013   -0.000062
  20.400    0.000008   -0.000079
  20.600   -0.000012   -0.000008
  20.800    0.000009   -0.000060
  21.000   -0.000017   -0.000010
  21.200   -0.000001   -0.000019
  21.400   -0.000015   -0.000014
  21.600   -0.000012   -0.000006
  21.800   -0.000014   -0.000011
  22.000   -0.000014   -0.000010
  22.200   -0.000012   -0.000007
  22.400   -0.000010   -0.000010
  22.600   -0.000009   -0.000004
  22.800   -0.000008   -0.000005
  23.000   -0.000010   -0.000002
  23.200   -0.000010   -0.000001
  23.400   -0.000013   -0.000003
  23.600   -0.000012   -0.000002
  23.800   -0.000011   -0.000006
  24.000   -0.000011   -0.000004
  24.200   -0.000009   -0.000005
  24.400   -0.000008   -0.000004
  24.600   -0.000007   -0.000002
  24.800   -0.000007   -0.000001
  25.000   -0.000009    0.000001
  25.200   -0.000010   -0.000000
  25.400   -0.000011   -0.000000
  25.600   -0.000010   -0.000002
  25.800   -0.000010   -0.000002
  26.000   -0.000007   -0.000002
  26.200   -0.000007   -0.000002
  26.400   -0.000006   -0.000001
  26.600   -0.000006    0.000000
  26.800   -0.000007    0.000002
  27.000   -0.000008    0.000001
  27.200   -0.000009    0.000001
  27.400   -0.000008   -0.000000
  27.600   -0.000009   -0.000001
  27.800   -0.000007   -0.000001
  28.000   -0.000006   -0.000001
  28.200   -0.000005    0.000001
  28.400   -0.000005    0.000001
  28.600   -0.000005    0.000002
  28.800   -0.000006    0.000002
  29.000   -0.000007    0.000002
  29.200   -0.000008    0.000001
  29.400   -0.000007    0.000000
  29.600   -0.000006    0.000000
  29.800   -0.000004    0.000001
  30.000   -0.000004    0.000001
  30.200   -0.000004    0.000002
  30.400   -0.000004    0.000003
  30.600   -0.000005    0.000004
  30.800   -0.000005    0.000003
  31.000   -0.000006    0.000002
  31.200   -0.000005    0.000002
  31.400   -0.000005    0.000001
  31.600   -0.000004    0.000001
  31.800   -0.000003    0.000002
  32.000   -0.000003    0.000002
  32.200   -0.000003    0.000003
  32.400   -0.000003    0.000003
  32.600   -0.000004    0.000003
  32.800   -0.000005    0.000003
  33.000   -0.000004    0.000002
  33.200   -0.000004    0.000002
  33.400   -0.000003    0.000002
  33.600   -0.000002    0.000002
  33.800   -0.000002    0.000003
  34.000   -0.000002    0.000003
  34.200   -0.000002    0.000004
  34.400   -0.000003    0.000004
  34.600   -0.000003    0.000003
  34.800   -0.000003    0.000002
  35.000   -0.000003    0.000002
  35.200   -0.000002    0.000002
  35.400   -0.000001    0.000002
  35.600   -0.000001    0.000003
  35.800   -0.000001    0.000004
  36.000   -0.000001    0.000004
  36.200   -0.000002    0.000004
  36.400   -0.000002    0.000003
  36.600   -0.000002    0.000003
  36.800   -0.000002    0.000002
  37.000   -0.000001    0.000002
  37.200   -0.000001    0.000002
  37.400   -0.000000    0.000002
  37.600   -0.000001    0.000003
  37.800   -0.000001    0.000003
  38.000   -0.000001    0.000003
  38.200   -0.000002    0.000003
  38.400   -0.000002    0.000002
  38.600   -0.000001    0.000002
  38.800   -0.000001    0.000002
  39.000   -0.000000    0.000002
  39.200    0.000000    0.000002
  39.400    0.000000    0.000003
  39.600   -0.000000    0.000003
  39.800   -0.000001    0.000003
  40.000   -0.000000    0.000003
  40.200   -0.000001    0.000003
  40.400   -0.000001    0.000002
  40.600    0.000000    0.000001
  40.800    0.000000    0.000002
  41.000    0.000001    0.000002
  41.200    0.000000    0.000002
  41.400    0.000001    0.000003
  41.600    0.000000    0.000003
  41.800   -0.000000    0.000003
  42.000   -0.000000    0.000002
  42.200   -0.000000    0.000001
  42.400    0.000000    0.000001
  42.600    0.000001    0.000001
  42.800    0.000001    0.000002
  43.000    0.000001    0.000002
  43.200    0.000001    0.000002
  43.400    0.000001    0.000002
  43.600    0.000000    0.000002
  43.800    0.000000    0.000002
  44.000   -0.000000    0.000001
  44.200    0.000001    0.000001
  44.400    0.000001    0.000001
  44.600    0.000001    0.000001
  44.800    0.000001    0.000002
  45.000    0.000001    0.000002
  45.200    0.000001    0.000002
  45.400    0.000000    0.000002
  45.600    0.000000    0.000001
  45.800    0.000001    0.000001
  46.000    0.000001    0.000001
  46.200    0.000001    0.000001
  46.400    0.000002    0.000001
  46.600    0.000001    0.000001
  46.800    0.000001    0.000002
  47.000    0.000001    0.000002
  47.200    0.000000    0.000001
  47.400    0.000001    0.000001
  47.600    0.000001    0.000000
  47.800    0.000001    0.000001
  48.000    0.000001    0.000001
  48.200    0.000001    0.000001
  48.400    0.000001    0.000001
  48.600    0.000001    0.000001
  48.800    0.000001    0.000001
  49.000    0.000001    0.000001
  49.200    0.000001    0.000001
  49.400    0.000001    0.000000
  49.600    0.000001    0.000000
  49.800    0.000001    0.000000
  50.000    0.000001    0.000000
  50.200    0.000002    0.000001
  50.400    0.000001    0.000001
  50.600    0.000001    0.000001
  50.800    0.000001    0.000001
  51.000    0.000000    0.000000
  51.200    0.000000    0.000000
  51.400    0.000001   -0.000000
  51.600    0.000001    0.000000
  51.800    0.000001   -0.000000
  52.000    0.000001    0.000000
  52.200    0.000002    0.000001
  52.400    0.000001    0.000000
  52.600    0.000000    0.000000
  52.800    0.000001    0.000000
  53.000    0.000001   -0.000000
  53.200    0.000001   -0.000001
  53.400    0.000001   -0.000000
  53.600    0.000001   -0.000000
  53.800    0.000001    0.000000
  54.000    0.000001    0.000000
  54.200    0.000001    0.000000
  54.400    0.000001    0.000000
  54.600    0.000001    0.000000
  54.800    0.000001   -0.000000
  55.000    0.000001   -0.000000
  55.200    0.000001   -0.000000
  55.400    0.000001   -0.000001
  55.600    0.000001   -0.000000
  55.800    0.000001   -0.000000
  56.000    0.000001   -0.000000
  56.200    0.000001   -0.000000
  56.400    0.000000   -0.000000
  56.600    0.000000   -0.000000
  56.800    0.000000   -0.000001
  57.000    0.000001   -0.000001
  57.200    0.000001   -0.000000
  57.400    0.000001   -0.000000
  57.600    0.000001    0.000000
  57.800    0.000001   -0.000000
  58.000    0.000001    0.000000
  58.200    0.000001    0.000000
  58.400    0.000000   -0.000000
  58.600    0.000001   -0.000001
  58.800    0.000001   -0.000001
  59.000    0.000002   -0.000001
  59.200    0.000001   -0.000000
  59.400    0.000001    0.000000
  59.600    0.000001   -0.000000
  59.800    0.000000   -0.000000
  60.000    0.000000   -0.000000
  60.200    0.000001   -0.000001
  60.400    0.000000   -0.000000
  60.600    0.000000   -0.000001
  60.800    0.000000   -0.000001
  61.000    0.000001   -0.000000
  61.200    0.000001   -0.000000
  61.400    0.000000   -0.000000
  61.600    0.000000    0.000000
  61.800    0.000000   -0.000000
  62.000    0.000000   -0.000001
  62.200    0.000000   -0.000000
  62.400   -0.000000   -0.000000
  62.600    0.000001   -0.000001
  62.800    0.000001   -0.000000
  63.000    0.000000   -0.000001
  63.200    0.000000   -0.000000
  63.400    0.000000   -0.000000
  63.600    0.000000   -0.000001
  63.800    0.000000   -0.000001
  64.000    0.000000   -0.000001
  64.200    0.000000   -0.000001
  64.400    0.000001   -0.000001
  64.600    0.000000   -0.000001
  64.800    0.000000   -0.000000
  65.000    0.000000   -0.000000
  65.200    0.000000   -0.000000
  65.400    0.000000   -0.000000
  65.600   -0.000000   -0.000001
  65.800    0.000000   -0.000001
  66.000    0.000000   -0.000001
  66.200    0.000000   -0.000001
  66.400    0.000000   -0.000000
  66.600    0.000000   -0.000000
  66.800    0.000000   -0.000000
  67.000   -0.000000    0.000000
  67.200   -0.000000   -0.000000
  67.400    0.000000   -0.000000
  67.600   -0.000000   -0.000000
  67.800   -0.000000   -0.000001
  68.000   -0.000000   -0.000001
  68.200    0.000000   -0.000001
  68.400    0.000000   -0.000000
  68.600   -0.000000   -0.000000
  68.800   -0.000000    0.000000
  69.000   -0.000000   -0.000000
  69.200   -0.000000   -0.000001
  69.400   -0.000000   -0.000001
  69.600    0.000000   -0.000001
  69.800    0.000000   -0.000001
  70.000    0.000000   -0.000000
  70.200    0.000000   -0.000000
  70.400   -0.000000   -0.000000
  70.600   -0.000000   -0.000000
  70.800   -0.000000   -0.000000
  71.000   -0.000000   -0.000000
  71.200   -0.000000   -0.000001
  71.400    0.000000   -0.000000
  71.600    0.000000   -0.000000
  71.800    0.000000   -0.000000
  72.000   -0.000000   -0.000000
  72.200   -0.000000   -0.000000
  72.400   -0.000001   -0.000000
  72.600    0.000000   -0.000000
  72.800    0.000000   -0.000000
  73.000    0.000000   -0.000000
  73.200    0.000000   -0.000000
  73.400    0.000000   -0.000000
  73.600   -0.000000   -0.000000
  73.800   -0.000000   -0.000000
  74.000   -0.000000   -0.000000
  74.200   -0.000000   -0.000000
  74.400   -0.000000   -0.000000
  74.600   -0.000000   -0.000000
  74.800   -0.000000   -0.000000
  75.000   -0.000000   -0.000000
  75.200   -0.000000   -0.000000
  75.400   -0.000000   -0.000000
  75.600   -0.000000   -0.000000
  75.800   -0.000000   -0.000000
  76.000   -0.000000   -0.000000
  76.200   -0.000000   -0.000000
  76.400   -0.000000   -0.000000
  76.600   -0.000000   -0.000000
  76.800   -0.000000   -0.000000
  77.000    0.000000   -0.000000
  77.200    0.000000   -0.000000
  77.400    0.000000   -0.000000
  77.600   -0.000000    0.000000
  77.800   -0.000000    0.000000
  78.000   -0.000000   -0.000000
  78.200   -0.000000   -0.000000
  78.400   -0.000000   -0.000000
  78.600   -0.000000   -0.000000
  78.800   -0.000000   -0.000000
  79.000   -0.000000   -0.000000
  79.200   -0.000000    0.000000
  79.400    0.000000    0.000000
  79.600    0.000000   -0.000000
  79.800   -0.000001    0.000000
  80.000    0.000000   -0.000000
  80.200    0.000000   -0.000000
  80.400   -0.000001   -0.000000
  80.600   -0.000000    0.000000
  80.800    0.000000    0.000000
  81.000   -0.000000   -0.000000
  81.200   -0.000000   -0.000000
  81.400   -0.000000    0.000000
  81.600   -0.000000   -0.000000
  81.800   -0.000001   -0.000000
  82.000   -0.000000   -0.000000
  82.200    0.000000   -0.000000
  82.400   -0.000000   -0.000000
  82.600   -0.000000   -0.000000
  82.800   -0.000000   -0.000000
  83.000   -0.000001    0.000001
  83.200   -0.000000    0.000000
  83.400   -0.000000    0.000000
  83.600   -0.000000    0.000000
  83.800   -0.000000   -0.000000
  84.000    0.000000    0.000000
  84.200   -0.000000   -0.000000
  84.400   -0.000000    0.000000
  84.600   -0.000000   -0.000000
  84.800    0.000000    0.000000
  85.000   -0.000000    0.000000
  85.200    0.000000   -0.000000
  85.400    0.000000    0.000000
  85.600   -0.000000   -0.000000
  85.800   -0.000000   -0.000000
  86.000    0.000000   -0.000000
  86.200    0.000000   -0.000000
  86.400   -0.000000    0.000000
  86.600   -0.000000    0.000000
  86.800   -0.000000    0.000000
  87.000   -0.000000   -0.000000
  87.200   -0.000000   -0.000000
  87.400   -0.000000    0.000000
  87.600   -0.000000    0.000000
  87.800   -0.000000    0.000000
  88.000   -0.000000   -0.000000
  88.200    0.000000   -0.000000
  88.400   -0.000000    0.000000
  88.600   -0.000000    0.000000
  88.800   -0.000000    0.000000
  89.000    0.000000    0.000000
  89.200   -0.000000    0.000000
  89.400   -0.000000    0.000000
  89.600    0.000000   -0.000000
  89.800    0.000000    0.000000
  90.000    0.000000    0.000000
  90.200    0.000000    0.000000
  90.400    0.000000   -0.000000
  90.600   -0.000001    0.000000
  90.800   -0.000000    0.000000
  91.000   -0.000000    0.000000
  91.200    0.000000    0.000000
  91.400   -0.000000    0.000000
  91.600    0.000000    0.000000
  91.800    0.000000   -0.000000
  92.000    0.000000    0.000000
  92.200   -0.000000    0.000000
  92.400   -0.000001   -0.000000
  92.600   -0.000000   -0.000000
  92.800    0.000000    0.000000
  93.000    0.000000   -0.000000
  93.200   -0.000000    0.000000
  93.400   -0.000000    0.000000
  93.600   -0.000000    0.000000
  93.800    0.000000    0.000000
  94.000   -0.000000   -0.000000
  94.200   -0.000000   -0.000000
  94.400    0.000000    0.000000
  94.600   -0.000000    0.000000
  94.800   -0.000000    0.000000
  95.000    0.000000    0.000000
  95.200   -0.000000    0.000000
  95.400   -0.000000    0.000000
  95.600   -0.000000    0.000000
  95.800    0.000000   -0.000000
  96.000   -0.000000    0.000000
  96.200   -0.000000   -0.000000
  96.400   -0.000000   -0.000000
  96.600    0.000000   -0.000000
  96.800   -0.000000    0.000000
  97.000   -0.000000    0.000000
  97.200   -0.000000   -0.000000
  97.400   -0.000001    0.000000
  97.600    0.000000   -0.000000
  97.800   -0.000000    0.000000
  98.000    0.000000    0.000000
  98.200    0.000000    0.000000
  98.400    0.000000    0.000000
  98.600   -0.000000    0.000000
  98.800    0.000000   -0.000000
  99.000    0.000000    0.000000
  99.200   -0.000000    0.000000
  99.400   -0.000000    0.000000
  99.600   -0.000000    0.000000
  99.800   -0.000000    0.000000
 100.000   -0.000000    0.000000
 END
