# 181 angles,  3 tensor ranks for 0=projectile
@subtitle   "9Be(6Li,d)13C CDCC+CRC, adapted from 58Ni(6Li,d) 31-channel card"              
@legend ON
@legend x1 0.2
@legend y1 0.8
@g0 type LOGY
@yaxis ticklabel format power
@legend string   0 "Lab energy =   32.0000"
#legend string   0 "Partition=  1 Excit=  3 near/far= 1"
#  Theta       sigma       iT11        T20         T21         T22         Kyy for projectile
   0.000       1.604       0.000      0.1206E-01   0.000       0.000    
   1.000       1.528      0.2254E-02  0.1119E-01  0.9549E-02 -0.2923E-03
   2.000       1.317      0.5357E-02  0.8144E-02  0.2016E-01 -0.1280E-02
   3.000       1.019      0.1069E-01  0.1245E-02  0.3318E-01 -0.3369E-02
   4.000      0.6978      0.2127E-01 -0.1407E-01  0.5060E-01 -0.7580E-02
   5.000      0.4116      0.4525E-01 -0.5095E-01  0.7550E-01 -0.1655E-01
   6.000      0.2016      0.1086     -0.1526      0.1102     -0.3791E-01
   7.000      0.8252E-01  0.2950     -0.4619      0.1274     -0.9173E-01
   8.000      0.4496E-01  0.5733     -0.9428     -0.4342E-01 -0.1469    
   9.000      0.6367E-01  0.4106     -0.6809     -0.2091     -0.7758E-01
   10.00      0.1086      0.2353     -0.3794     -0.2046     -0.2679E-01
   11.00      0.1541      0.1567     -0.2365     -0.1815     -0.5685E-02
   12.00      0.1839      0.1196     -0.1622     -0.1658      0.4594E-02
   13.00      0.1924      0.9962E-01 -0.1160     -0.1572      0.1062E-01
   14.00      0.1818      0.8552E-01 -0.8205E-01 -0.1534      0.1447E-01
   15.00      0.1584      0.6971E-01 -0.5358E-01 -0.1526      0.1657E-01
   16.00      0.1298      0.4398E-01 -0.2886E-01 -0.1525      0.1643E-01
   17.00      0.1016     -0.1715E-02 -0.1038E-01 -0.1501      0.1288E-01
   18.00      0.7759E-01 -0.7755E-01 -0.5458E-02 -0.1412      0.4464E-02
   19.00      0.5880E-01 -0.1879     -0.2548E-01 -0.1218     -0.9553E-02
   20.00      0.4483E-01 -0.3234     -0.8154E-01 -0.9093E-01 -0.2785E-01
   21.00      0.3452E-01 -0.4601     -0.1779     -0.5252E-01 -0.4657E-01
   22.00      0.2666E-01 -0.5688     -0.3094     -0.1560E-01 -0.6048E-01
   23.00      0.2038E-01 -0.6275     -0.4642      0.7997E-02 -0.6476E-01
   24.00      0.1528E-01 -0.6250     -0.6253      0.4130E-02 -0.5579E-01
   25.00      0.1125E-01 -0.5615     -0.7657     -0.4471E-01 -0.3226E-01
   26.00      0.8338E-02 -0.4553     -0.8359     -0.1549      0.1288E-03
   27.00      0.6570E-02 -0.3552     -0.7710     -0.3166      0.1976E-01
   28.00      0.5902E-02 -0.3220     -0.5667     -0.4585     -0.5698E-02
   29.00      0.6205E-02 -0.3515     -0.3458     -0.4982     -0.7918E-01
   30.00      0.7288E-02 -0.3745     -0.2271     -0.4437     -0.1646    
   31.00      0.8914E-02 -0.3490     -0.2138     -0.3566     -0.2338    
   32.00      0.1083E-01 -0.2772     -0.2589     -0.2763     -0.2819    
   33.00      0.1281E-01 -0.1743     -0.3256     -0.2135     -0.3136    
   34.00      0.1463E-01 -0.5299E-01 -0.3949     -0.1670     -0.3335    
   35.00      0.1616E-01  0.7778E-01 -0.4572     -0.1326     -0.3447    
   36.00      0.1731E-01  0.2106     -0.5078     -0.1068     -0.3485    
   37.00      0.1806E-01  0.3379     -0.5439     -0.8756E-01 -0.3457    
   38.00      0.1841E-01  0.4521     -0.5646     -0.7361E-01 -0.3372    
   39.00      0.1838E-01  0.5462     -0.5707     -0.6439E-01 -0.3243    
   40.00      0.1803E-01  0.6155     -0.5644     -0.5947E-01 -0.3091    
   41.00      0.1740E-01  0.6586     -0.5491     -0.5828E-01 -0.2937    
   42.00      0.1655E-01  0.6783     -0.5287     -0.6014E-01 -0.2804    
   43.00      0.1556E-01  0.6810     -0.5065     -0.6436E-01 -0.2705    
   44.00      0.1451E-01  0.6749     -0.4849     -0.7052E-01 -0.2642    
   45.00      0.1346E-01  0.6678     -0.4650     -0.7859E-01 -0.2606    
   46.00      0.1250E-01  0.6651     -0.4469     -0.8880E-01 -0.2571    
   47.00      0.1168E-01  0.6680     -0.4305     -0.1013     -0.2508    
   48.00      0.1100E-01  0.6743     -0.4166     -0.1155     -0.2393    
   49.00      0.1047E-01  0.6796     -0.4064     -0.1301     -0.2212    
   50.00      0.1006E-01  0.6805     -0.4018     -0.1429     -0.1968    
   51.00      0.9722E-02  0.6755     -0.4036     -0.1517     -0.1675    
   52.00      0.9429E-02  0.6649     -0.4116     -0.1546     -0.1350    
   53.00      0.9143E-02  0.6503     -0.4242     -0.1510     -0.1009    
   54.00      0.8837E-02  0.6330     -0.4393     -0.1408     -0.6669E-01
   55.00      0.8489E-02  0.6143     -0.4549     -0.1249     -0.3364E-01
   56.00      0.8085E-02  0.5953     -0.4700     -0.1046     -0.2824E-02
   57.00      0.7625E-02  0.5766     -0.4839     -0.8089E-01  0.2488E-01
   58.00      0.7125E-02  0.5591     -0.4962     -0.5481E-01  0.4880E-01
   59.00      0.6610E-02  0.5430     -0.5064     -0.2742E-01  0.6859E-01
   60.00      0.6107E-02  0.5287     -0.5138     -0.5379E-04  0.8430E-01
   61.00      0.5635E-02  0.5155     -0.5178      0.2563E-01  0.9645E-01
   62.00      0.5202E-02  0.5026     -0.5184      0.4788E-01  0.1060    
   63.00      0.4801E-02  0.4889     -0.5167      0.6544E-01  0.1142    
   64.00      0.4415E-02  0.4735     -0.5148      0.7790E-01  0.1219    
   65.00      0.4027E-02  0.4562     -0.5157      0.8586E-01  0.1300    
   66.00      0.3623E-02  0.4373     -0.5222      0.9054E-01  0.1386    
   67.00      0.3201E-02  0.4172     -0.5368      0.9342E-01  0.1478    
   68.00      0.2772E-02  0.3958     -0.5616      0.9581E-01  0.1575    
   69.00      0.2351E-02  0.3719     -0.5976      0.9868E-01  0.1671    
   70.00      0.1957E-02  0.3430     -0.6445      0.1026      0.1758    
   71.00      0.1606E-02  0.3049     -0.7004      0.1076      0.1817    
   72.00      0.1306E-02  0.2526     -0.7615      0.1134      0.1824    
   73.00      0.1060E-02  0.1815     -0.8217      0.1189      0.1741    
   74.00      0.8647E-03  0.8892E-01 -0.8726      0.1228      0.1523    
   75.00      0.7153E-03 -0.2317E-01 -0.9039      0.1229      0.1133    
   76.00      0.6060E-03 -0.1462     -0.9060      0.1167      0.5626E-01
   77.00      0.5289E-03 -0.2662     -0.8760      0.1027     -0.1405E-01
   78.00      0.4754E-03 -0.3691     -0.8209      0.8117E-01 -0.8805E-01
   79.00      0.4364E-03 -0.4474     -0.7554      0.5396E-01 -0.1558    
   80.00      0.4041E-03 -0.5015     -0.6933      0.2354E-01 -0.2115    
   81.00      0.3733E-03 -0.5362     -0.6421     -0.8254E-02 -0.2538    
   82.00      0.3416E-03 -0.5568     -0.6032     -0.4047E-01 -0.2843    
   83.00      0.3084E-03 -0.5676     -0.5741     -0.7275E-01 -0.3056    
   84.00      0.2747E-03 -0.5718     -0.5509     -0.1050     -0.3207    
   85.00      0.2421E-03 -0.5719     -0.5299     -0.1373     -0.3321    
   86.00      0.2124E-03 -0.5689     -0.5078     -0.1690     -0.3414    
   87.00      0.1870E-03 -0.5632     -0.4826     -0.1991     -0.3493    
   88.00      0.1664E-03 -0.5546     -0.4542     -0.2262     -0.3556    
   89.00      0.1502E-03 -0.5434     -0.4249     -0.2494     -0.3597    
   90.00      0.1371E-03 -0.5304     -0.3978     -0.2690     -0.3615    
   91.00      0.1258E-03 -0.5149     -0.3744     -0.2863     -0.3612    
   92.00      0.1157E-03 -0.4938     -0.3530     -0.3020     -0.3589    
   93.00      0.1068E-03 -0.4630     -0.3299     -0.3166     -0.3553    
   94.00      0.9920E-04 -0.4195     -0.3030     -0.3304     -0.3521    
   95.00      0.9283E-04 -0.3633     -0.2738     -0.3449     -0.3525    
   96.00      0.8761E-04 -0.2962     -0.2478     -0.3622     -0.3595    
   97.00      0.8369E-04 -0.2193     -0.2319     -0.3822     -0.3732    
   98.00      0.8170E-04 -0.1341     -0.2316     -0.4002     -0.3894    
   99.00      0.8244E-04 -0.4440E-01 -0.2475     -0.4072     -0.4005    
   100.0      0.8649E-04  0.4245E-01 -0.2748     -0.3956     -0.4009    
   101.0      0.9391E-04  0.1196     -0.3051     -0.3638     -0.3905    
   102.0      0.1043E-03  0.1835     -0.3304     -0.3172     -0.3731    
   103.0      0.1171E-03  0.2337     -0.3454     -0.2635     -0.3525    
   104.0      0.1313E-03  0.2700     -0.3485     -0.2100     -0.3304    
   105.0      0.1457E-03  0.2924     -0.3412     -0.1621     -0.3071    
   106.0      0.1588E-03  0.3016     -0.3277     -0.1226     -0.2825    
   107.0      0.1685E-03  0.2988     -0.3127     -0.9219E-01 -0.2568    
   108.0      0.1736E-03  0.2856     -0.3004     -0.6956E-01 -0.2307    
   109.0      0.1735E-03  0.2636     -0.2943     -0.5266E-01 -0.2052    
   110.0      0.1690E-03  0.2350     -0.2965     -0.3913E-01 -0.1822    
   111.0      0.1611E-03  0.2032     -0.3082     -0.2665E-01 -0.1639    
   112.0      0.1512E-03  0.1730     -0.3293     -0.1311E-01 -0.1528    
   113.0      0.1407E-03  0.1502     -0.3578      0.3310E-02 -0.1498    
   114.0      0.1309E-03  0.1404     -0.3888      0.2391E-01 -0.1542    
   115.0      0.1232E-03  0.1463     -0.4138      0.4894E-01 -0.1634    
   116.0      0.1186E-03  0.1663     -0.4238      0.7699E-01 -0.1735    
   117.0      0.1177E-03  0.1938     -0.4136      0.1052     -0.1811    
   118.0      0.1197E-03  0.2205     -0.3862      0.1306     -0.1848    
   119.0      0.1231E-03  0.2399     -0.3495      0.1518     -0.1846    
   120.0      0.1264E-03  0.2479     -0.3110      0.1690     -0.1805    
   121.0      0.1280E-03  0.2411     -0.2752      0.1826     -0.1722    
   122.0      0.1271E-03  0.2160     -0.2443      0.1934     -0.1593    
   123.0      0.1233E-03  0.1687     -0.2194      0.2022     -0.1429    
   124.0      0.1166E-03  0.9638E-01 -0.2017      0.2098     -0.1261    
   125.0      0.1076E-03 -0.1927E-02 -0.1921      0.2168     -0.1139    
   126.0      0.9730E-04 -0.1227     -0.1903      0.2235     -0.1130    
   127.0      0.8682E-04 -0.2553     -0.1931      0.2291     -0.1299    
   128.0      0.7693E-04 -0.3814     -0.1942      0.2328     -0.1680    
   129.0      0.6778E-04 -0.4798     -0.1857      0.2345     -0.2247    
   130.0      0.5906E-04 -0.5344     -0.1599      0.2363     -0.2928    
   131.0      0.5059E-04 -0.5364     -0.1109      0.2418     -0.3616    
   132.0      0.4266E-04 -0.4816     -0.3525E-01  0.2562     -0.4180    
   133.0      0.3608E-04 -0.3719      0.6251E-01  0.2850     -0.4437    
   134.0      0.3170E-04 -0.2303      0.1591      0.3305     -0.4201    
   135.0      0.3000E-04 -0.1095      0.2126      0.3860     -0.3487    
   136.0      0.3094E-04 -0.5693E-01  0.1949      0.4348     -0.2615    
   137.0      0.3423E-04 -0.7106E-01  0.1189      0.4608     -0.1956    
   138.0      0.3946E-04 -0.1146      0.2130E-01  0.4571     -0.1645    
   139.0      0.4611E-04 -0.1544     -0.6705E-01  0.4269     -0.1608    
   140.0      0.5329E-04 -0.1774     -0.1324      0.3785     -0.1717    
   141.0      0.5972E-04 -0.1851     -0.1743      0.3206     -0.1873    
   142.0      0.6396E-04 -0.1835     -0.1979      0.2579     -0.2022    
   143.0      0.6493E-04 -0.1777     -0.2088      0.1916     -0.2136    
   144.0      0.6216E-04 -0.1705     -0.2112      0.1203     -0.2197    
   145.0      0.5578E-04 -0.1638     -0.2094      0.4175E-01 -0.2195    
   146.0      0.4636E-04 -0.1587     -0.2089     -0.4706E-01 -0.2128    
   147.0      0.3491E-04 -0.1562     -0.2195     -0.1510     -0.2001    
   148.0      0.2299E-04 -0.1555     -0.2623     -0.2757     -0.1834    
   149.0      0.1289E-04 -0.1436     -0.3841     -0.3954     -0.1693    
   150.0      0.7319E-05 -0.4837E-01 -0.5931     -0.2250     -0.1943    
   151.0      0.8718E-05  0.1081     -0.4547      0.4030     -0.2640    
   152.0      0.1849E-04  0.1201     -0.1961      0.5169     -0.2684    
   153.0      0.3661E-04  0.1040     -0.9091E-01  0.4226     -0.2539    
   154.0      0.6172E-04  0.9818E-01 -0.5338E-01  0.3285     -0.2419    
   155.0      0.9138E-04  0.1000     -0.4192E-01  0.2538     -0.2322    
   156.0      0.1223E-03  0.1052     -0.4180E-01  0.1946     -0.2229    
   157.0      0.1504E-03  0.1108     -0.4662E-01  0.1470     -0.2128    
   158.0      0.1714E-03  0.1154     -0.5314E-01  0.1080     -0.2011    
   159.0      0.1814E-03  0.1184     -0.5965E-01  0.7528E-01 -0.1872    
   160.0      0.1782E-03  0.1202     -0.6544E-01  0.4676E-01 -0.1705    
   161.0      0.1620E-03  0.1208     -0.7044E-01  0.2058E-01 -0.1502    
   162.0      0.1355E-03  0.1203     -0.7511E-01 -0.5091E-02 -0.1260    
   163.0      0.1029E-03  0.1187     -0.8035E-01 -0.3231E-01 -0.9849E-01
   164.0      0.6926E-04  0.1159     -0.8722E-01 -0.6385E-01 -0.7147E-01
   165.0      0.3995E-04  0.1128     -0.9402E-01 -0.1028     -0.6340E-01
   166.0      0.2017E-04  0.1162     -0.7393E-01 -0.1341     -0.1605    
   167.0      0.1469E-04  0.1411      0.5667E-01 -0.4461E-01 -0.4594    
   168.0      0.2709E-04  0.1462      0.1255      0.5890E-01 -0.4506    
   169.0      0.5906E-04  0.1352      0.1092      0.6227E-01 -0.3123    
   170.0      0.1101E-03  0.1259      0.9292E-01  0.4853E-01 -0.2201    
   171.0      0.1777E-03  0.1186      0.8416E-01  0.3637E-01 -0.1602    
   172.0      0.2587E-03  0.1116      0.8043E-01  0.2715E-01 -0.1179    
   173.0      0.3487E-03  0.1038      0.7966E-01  0.2023E-01 -0.8601E-01
   174.0      0.4432E-03  0.9436E-01  0.8054E-01  0.1500E-01 -0.6116E-01
   175.0      0.5363E-03  0.8285E-01  0.8224E-01  0.1098E-01 -0.4162E-01
   176.0      0.6219E-03  0.6924E-01  0.8423E-01  0.7846E-02 -0.2636E-01
   177.0      0.6939E-03  0.5375E-01  0.8616E-01  0.5365E-02 -0.1479E-01
   178.0      0.7477E-03  0.3674E-01  0.8778E-01  0.3337E-02 -0.6590E-02
   179.0      0.7806E-03  0.1865E-01  0.8886E-01  0.1598E-02 -0.1653E-02
   180.0      0.7916E-03   0.000      0.8925E-01   0.000       0.000    
 END
