 Integrated cross sections for all states
  1  1  3  3.2000E+01  1.4737
   1  31
  1.0  1  0.0000  1.5 -1  0.0000  1.7077E+03  2.8810E+03  1.1733E+03
  3.0  1  2.1860  1.5 -1  0.0000  2.1557E+01
  1.0  1  1.5571  1.5 -1  0.0000  1.0497E-01
  1.0  1  1.8657  1.5 -1  0.0000  2.4180E+00
  1.0  1  2.4930  1.5 -1  0.0000  2.0365E+00
  1.0  1  3.4338  1.5 -1  0.0000  6.9691E+00
  0.0 -1  1.5571  1.5 -1  0.0000  5.3687E-03
  1.0 -1  1.5571  1.5 -1  0.0000  1.5979E-02
  2.0 -1  1.5571  1.5 -1  0.0000  4.7391E-02
  0.0 -1  1.8657  1.5 -1  0.0000  2.6154E-01
  1.0 -1  1.8657  1.5 -1  0.0000  7.0426E-01
  2.0 -1  1.8657  1.5 -1  0.0000  1.4501E+00
  0.0 -1  2.4930  1.5 -1  0.0000  8.6643E-01
  1.0 -1  2.4930  1.5 -1  0.0000  2.5540E+00
  2.0 -1  2.4930  1.5 -1  0.0000  2.7519E+00
  0.0 -1  3.4338  1.5 -1  0.0000  1.0824E+00
  1.0 -1  3.4338  1.5 -1  0.0000  4.3272E+00
  2.0 -1  3.4338  1.5 -1  0.0000  3.4359E+00
  3.0  1  3.2182  1.5 -1  0.0000  4.8713E+00
  2.0 -1  1.5571  1.5 -1  0.0000  3.0084E-03
  3.0 -1  1.5571  1.5 -1  0.0000  3.6503E-03
  4.0 -1  1.5571  1.5 -1  0.0000  6.0908E-03
  2.0 -1  1.8657  1.5 -1  0.0000  8.4920E-01
  3.0 -1  1.8657  1.5 -1  0.0000  9.6370E-01
  4.0 -1  1.8657  1.5 -1  0.0000  1.3578E+00
  2.0 -1  2.4930  1.5 -1  0.0000  1.4506E+00
  3.0 -1  2.4930  1.5 -1  0.0000  1.8270E+00
  4.0 -1  2.4930  1.5 -1  0.0000  3.2874E+00
  2.0 -1  3.4338  1.5 -1  0.0000  6.1532E-01
  3.0 -1  3.4338  1.5 -1  0.0000  1.0703E+00
  4.0 -1  3.4338  1.5 -1  0.0000  2.7482E+00
   2   1
  0.0  1  0.0000  1.5 -1  0.0000  0.0000E+00
   3   2
  1.0  1  0.0000  0.5 -1  0.0000  1.2234E-01
  1.0  1  0.0000  4.5  1  9.4990  1.2261E-01
