# 181 angles,  3 tensor ranks for 0=projectile
@subtitle   "9Be(6Li,d)13C CDCC+CRC, adapted from 58Ni(6Li,d) 31-channel card"              
@legend ON
@legend x1 0.2
@legend y1 0.8
@g0 type LOGY
@yaxis ticklabel format power
@legend string   0 "Lab energy =   32.0000"
#legend string   0 "Partition=  1 Excit=  4 near/far= 1"
#  Theta       sigma       iT11        T20         T21         T22         Kyy for projectile
   0.000       36.74       0.000     -0.9915E-02   0.000       0.000    
   1.000       34.99     -0.5161E-02 -0.1082E-01  0.6211E-03  0.5130E-05
   2.000       30.12     -0.9988E-02 -0.1377E-01  0.1401E-02 -0.1045E-04
   3.000       23.21     -0.1387E-01 -0.1964E-01  0.2545E-02 -0.1679E-03
   4.000       15.67     -0.1528E-01 -0.3066E-01  0.4364E-02 -0.8088E-03
   5.000       8.906     -0.9659E-02 -0.5305E-01  0.7344E-02 -0.2997E-02
   6.000       3.906      0.2110E-01 -0.1089      0.1173E-01 -0.1102E-01
   7.000       1.100      0.1857     -0.3148      0.7065E-02 -0.5122E-01
   8.000      0.3383      0.6893     -0.7434     -0.1381     -0.1793    
   9.000       1.052      0.1446     -0.1540     -0.1061     -0.4918E-01
   10.00       2.494     -0.9357E-02 -0.3833E-01 -0.7121E-01 -0.1152E-01
   11.00       3.971     -0.6333E-01 -0.1562E-01 -0.5909E-01  0.1270E-02
   12.00       4.997     -0.9579E-01 -0.1220E-01 -0.5482E-01  0.8626E-02
   13.00       5.354     -0.1224     -0.1557E-01 -0.5423E-01  0.1448E-01
   14.00       5.061     -0.1480     -0.2285E-01 -0.5597E-01  0.2000E-01
   15.00       4.292     -0.1747     -0.3358E-01 -0.5970E-01  0.2559E-01
   16.00       3.283     -0.2042     -0.4840E-01 -0.6577E-01  0.3120E-01
   17.00       2.257     -0.2389     -0.6908E-01 -0.7524E-01  0.3623E-01
   18.00       1.375     -0.2829     -0.9943E-01 -0.9067E-01  0.3852E-01
   19.00      0.7264     -0.3450     -0.1475     -0.1178      0.3089E-01
   20.00      0.3279     -0.4412     -0.2269     -0.1669     -0.1202E-01
   21.00      0.1481     -0.5426     -0.3065     -0.2200     -0.1473    
   22.00      0.1271     -0.4389     -0.1948     -0.1406     -0.2291    
   23.00      0.1975     -0.3119     -0.7389E-01 -0.4408E-01 -0.1329    
   24.00      0.2984     -0.2837     -0.4833E-01 -0.1035E-01 -0.5215E-01
   25.00      0.3849     -0.2905     -0.5721E-01  0.1387E-02 -0.1725E-02
   26.00      0.4309     -0.3070     -0.7935E-01  0.7264E-02  0.3375E-01
   27.00      0.4289     -0.3249     -0.1111      0.1178E-01  0.6226E-01
   28.00      0.3852     -0.3387     -0.1544      0.1597E-01  0.8721E-01
   29.00      0.3152     -0.3399     -0.2151      0.1903E-01  0.1090    
   30.00      0.2373     -0.3115     -0.3029      0.1731E-01  0.1243    
   31.00      0.1676     -0.2198     -0.4296      0.1018E-02  0.1212    
   32.00      0.1172     -0.1790E-01 -0.5928     -0.4928E-01  0.7379E-01
   33.00      0.9011E-01  0.2846     -0.7323     -0.1475     -0.4183E-01
   34.00      0.8453E-01  0.5209     -0.7485     -0.2558     -0.1836    
   35.00      0.9454E-01  0.5639     -0.6618     -0.3154     -0.2721    
   36.00      0.1128      0.4951     -0.5707     -0.3283     -0.3014    
   37.00      0.1327      0.4154     -0.5155     -0.3210     -0.3039    
   38.00      0.1501      0.3643     -0.4922     -0.3081     -0.2997    
   39.00      0.1636      0.3501     -0.4874     -0.2935     -0.2953    
   40.00      0.1742      0.3697     -0.4878     -0.2770     -0.2909    
   41.00      0.1842      0.4144     -0.4824     -0.2576     -0.2843    
   42.00      0.1961      0.4710     -0.4633     -0.2352     -0.2729    
   43.00      0.2120      0.5251     -0.4284     -0.2112     -0.2556    
   44.00      0.2326      0.5658     -0.3809     -0.1884     -0.2334    
   45.00      0.2576      0.5886     -0.3273     -0.1692     -0.2083    
   46.00      0.2856      0.5942     -0.2738     -0.1550     -0.1826    
   47.00      0.3143      0.5864     -0.2246     -0.1461     -0.1581    
   48.00      0.3411      0.5690     -0.1819     -0.1421     -0.1357    
   49.00      0.3633      0.5457     -0.1467     -0.1421     -0.1159    
   50.00      0.3788      0.5193     -0.1190     -0.1452     -0.9849E-01
   51.00      0.3860      0.4921     -0.9857E-01 -0.1505     -0.8333E-01
   52.00      0.3846      0.4656     -0.8482E-01 -0.1574     -0.6995E-01
   53.00      0.3751      0.4412     -0.7722E-01 -0.1650     -0.5781E-01
   54.00      0.3586      0.4197     -0.7515E-01 -0.1726     -0.4634E-01
   55.00      0.3370      0.4015     -0.7799E-01 -0.1797     -0.3509E-01
   56.00      0.3121      0.3868     -0.8516E-01 -0.1855     -0.2371E-01
   57.00      0.2857      0.3758     -0.9606E-01 -0.1894     -0.1211E-01
   58.00      0.2593      0.3684     -0.1101     -0.1910     -0.4181E-03
   59.00      0.2340      0.3646     -0.1265     -0.1897      0.1106E-01
   60.00      0.2106      0.3643     -0.1444     -0.1854      0.2189E-01
   61.00      0.1896      0.3669     -0.1624     -0.1782      0.3160E-01
   62.00      0.1713      0.3710     -0.1791     -0.1685      0.3979E-01
   63.00      0.1556      0.3746     -0.1931     -0.1572      0.4607E-01
   64.00      0.1422      0.3751     -0.2032     -0.1456      0.5019E-01
   65.00      0.1305      0.3707     -0.2095     -0.1351      0.5202E-01
   66.00      0.1200      0.3604     -0.2127     -0.1270      0.5160E-01
   67.00      0.1102      0.3446     -0.2147     -0.1221      0.4914E-01
   68.00      0.1004      0.3248     -0.2172     -0.1208      0.4505E-01
   69.00      0.9063E-01  0.3030     -0.2221     -0.1230      0.3985E-01
   70.00      0.8067E-01  0.2809     -0.2309     -0.1283      0.3409E-01
   71.00      0.7071E-01  0.2598     -0.2446     -0.1363      0.2831E-01
   72.00      0.6097E-01  0.2403     -0.2639     -0.1463      0.2292E-01
   73.00      0.5171E-01  0.2225     -0.2894     -0.1578      0.1816E-01
   74.00      0.4317E-01  0.2056     -0.3215     -0.1695      0.1400E-01
   75.00      0.3554E-01  0.1880     -0.3602     -0.1804      0.1014E-01
   76.00      0.2892E-01  0.1679     -0.4053     -0.1882      0.5992E-02
   77.00      0.2335E-01  0.1425     -0.4555     -0.1904      0.7796E-03
   78.00      0.1883E-01  0.1086     -0.5080     -0.1831     -0.6345E-02
   79.00      0.1528E-01  0.6315E-01 -0.5571     -0.1624     -0.1606E-01
   80.00      0.1261E-01  0.4301E-02 -0.5943     -0.1254     -0.2852E-01
   81.00      0.1067E-01 -0.6655E-01 -0.6101     -0.7228E-01 -0.4301E-01
   82.00      0.9320E-02 -0.1439     -0.5981     -0.7636E-02 -0.5781E-01
   83.00      0.8412E-02 -0.2195     -0.5582      0.6065E-01 -0.7070E-01
   84.00      0.7805E-02 -0.2857     -0.4972      0.1250     -0.7972E-01
   85.00      0.7386E-02 -0.3376     -0.4247      0.1808     -0.8370E-01
   86.00      0.7074E-02 -0.3741     -0.3491      0.2272     -0.8230E-01
   87.00      0.6822E-02 -0.3960     -0.2757      0.2650     -0.7586E-01
   88.00      0.6604E-02 -0.4058     -0.2073      0.2957     -0.6529E-01
   89.00      0.6404E-02 -0.4064     -0.1448      0.3204     -0.5203E-01
   90.00      0.6209E-02 -0.4015     -0.8770E-01  0.3399     -0.3790E-01
   91.00      0.6004E-02 -0.3941     -0.3490E-01  0.3546     -0.2483E-01
   92.00      0.5774E-02 -0.3869      0.1543E-01  0.3649     -0.1457E-01
   93.00      0.5508E-02 -0.3810      0.6531E-01  0.3711     -0.8472E-02
   94.00      0.5203E-02 -0.3762      0.1166      0.3730     -0.7418E-02
   95.00      0.4867E-02 -0.3710      0.1705      0.3703     -0.1178E-01
   96.00      0.4521E-02 -0.3623      0.2271      0.3618     -0.2134E-01
   97.00      0.4200E-02 -0.3463      0.2844      0.3458     -0.3515E-01
   98.00      0.3944E-02 -0.3187      0.3373      0.3204     -0.5121E-01
   99.00      0.3790E-02 -0.2777      0.3785      0.2855     -0.6653E-01
   100.0      0.3766E-02 -0.2254      0.4011      0.2438     -0.7794E-01
   101.0      0.3881E-02 -0.1684      0.4028      0.2009     -0.8341E-01
   102.0      0.4126E-02 -0.1141      0.3881      0.1628     -0.8285E-01
   103.0      0.4472E-02 -0.6764E-01  0.3648      0.1326     -0.7751E-01
   104.0      0.4879E-02 -0.3080E-01  0.3405      0.1105     -0.6880E-01
   105.0      0.5295E-02 -0.2901E-02  0.3199      0.9503E-01 -0.5759E-01
   106.0      0.5666E-02  0.1750E-01  0.3051      0.8384E-01 -0.4420E-01
   107.0      0.5941E-02  0.3183E-01  0.2964      0.7501E-01 -0.2872E-01
   108.0      0.6080E-02  0.4121E-01  0.2927      0.6706E-01 -0.1128E-01
   109.0      0.6063E-02  0.4651E-01  0.2924      0.5896E-01  0.7805E-02
   110.0      0.5886E-02  0.4848E-01  0.2935      0.5014E-01  0.2795E-01
   111.0      0.5568E-02  0.4789E-01  0.2938      0.4036E-01  0.4844E-01
   112.0      0.5142E-02  0.4557E-01  0.2911      0.2974E-01  0.6855E-01
   113.0      0.4652E-02  0.4246E-01  0.2833      0.1879E-01  0.8778E-01
   114.0      0.4148E-02  0.3942E-01  0.2686      0.8457E-02  0.1060    
   115.0      0.3677E-02  0.3717E-01  0.2459      0.2536E-03  0.1232    
   116.0      0.3279E-02  0.3608E-01  0.2162     -0.3946E-02  0.1396    
   117.0      0.2980E-02  0.3612E-01  0.1828     -0.2492E-02  0.1551    
   118.0      0.2787E-02  0.3706E-01  0.1510      0.5033E-02  0.1692    
   119.0      0.2690E-02  0.3868E-01  0.1266      0.1717E-01  0.1814    
   120.0      0.2668E-02  0.4088E-01  0.1125      0.3111E-01  0.1914    
   121.0      0.2692E-02  0.4344E-01  0.1082      0.4403E-01  0.2000    
   122.0      0.2729E-02  0.4574E-01  0.1107      0.5409E-01  0.2083    
   123.0      0.2753E-02  0.4668E-01  0.1166      0.6055E-01  0.2171    
   124.0      0.2742E-02  0.4485E-01  0.1224      0.6348E-01  0.2267    
   125.0      0.2680E-02  0.3879E-01  0.1253      0.6336E-01  0.2361    
   126.0      0.2564E-02  0.2731E-01  0.1227      0.6086E-01  0.2436    
   127.0      0.2396E-02  0.9750E-02  0.1127      0.5672E-01  0.2470    
   128.0      0.2182E-02 -0.1377E-01  0.9409E-01  0.5177E-01  0.2442    
   129.0      0.1936E-02 -0.4223E-01  0.6649E-01  0.4689E-01  0.2342    
   130.0      0.1671E-02 -0.7360E-01  0.3074E-01  0.4310E-01  0.2182    
   131.0      0.1408E-02 -0.1044     -0.1096E-01  0.4174E-01  0.1999    
   132.0      0.1171E-02 -0.1288     -0.5410E-01  0.4484E-01  0.1868    
   133.0      0.9876E-03 -0.1370     -0.9048E-01  0.5525E-01  0.1895    
   134.0      0.8792E-03 -0.1184     -0.1092      0.7497E-01  0.2148    
   135.0      0.8594E-03 -0.7109E-01 -0.1053      0.1013      0.2537    
   136.0      0.9298E-03 -0.9444E-02 -0.8843E-01  0.1261      0.2821    
   137.0      0.1080E-02  0.4908E-01 -0.7370E-01  0.1428      0.2833    
   138.0      0.1287E-02  0.9799E-01 -0.6811E-01  0.1499      0.2598    
   139.0      0.1522E-02  0.1395     -0.7038E-01  0.1491      0.2218    
   140.0      0.1748E-02  0.1776     -0.7688E-01  0.1423      0.1786    
   141.0      0.1928E-02  0.2154     -0.8490E-01  0.1304      0.1356    
   142.0      0.2028E-02  0.2546     -0.9328E-01  0.1137      0.9522E-01
   143.0      0.2026E-02  0.2962     -0.1024      0.9163E-01  0.5816E-01
   144.0      0.1913E-02  0.3410     -0.1139      0.6321E-01  0.2396E-01
   145.0      0.1699E-02  0.3894     -0.1318      0.2648E-01 -0.8561E-02
   146.0      0.1409E-02  0.4418     -0.1634     -0.2168E-01 -0.4114E-01
   147.0      0.1081E-02  0.4975     -0.2234     -0.8595E-01 -0.7586E-01
   148.0      0.7618E-03  0.5493     -0.3419     -0.1709     -0.1138    
   149.0      0.5038E-03  0.5651     -0.5688     -0.2662     -0.1480    
   150.0      0.3529E-03  0.4548     -0.8933     -0.2859     -0.1407    
   151.0      0.3426E-03  0.2072     -0.9910     -0.9639E-01 -0.5217E-01
   152.0      0.4867E-03  0.7644E-01 -0.7235      0.1255      0.2824E-01
   153.0      0.7768E-03  0.9242E-01 -0.4482      0.2160      0.4856E-01
   154.0      0.1183E-02  0.1481     -0.2762      0.2284      0.4023E-01
   155.0      0.1660E-02  0.2015     -0.1759      0.2116      0.2388E-01
   156.0      0.2151E-02  0.2438     -0.1168      0.1845      0.6563E-02
   157.0      0.2591E-02  0.2743     -0.8243E-01  0.1535     -0.9414E-02
   158.0      0.2922E-02  0.2942     -0.6429E-01  0.1207     -0.2324E-01
   159.0      0.3095E-02  0.3043     -0.5838E-01  0.8667E-01 -0.3470E-01
   160.0      0.3079E-02  0.3053     -0.6338E-01  0.5134E-01 -0.4399E-01
   161.0      0.2875E-02  0.2971     -0.8023E-01  0.1412E-01 -0.5162E-01
   162.0      0.2507E-02  0.2786     -0.1125     -0.2579E-01 -0.5857E-01
   163.0      0.2027E-02  0.2469     -0.1680     -0.6914E-01 -0.6645E-01
   164.0      0.1505E-02  0.1956     -0.2622     -0.1154     -0.7778E-01
   165.0      0.1020E-02  0.1119     -0.4233     -0.1569     -0.9580E-01
   166.0      0.6560E-03 -0.1924E-01 -0.6743     -0.1552     -0.1187    
   167.0      0.4937E-03 -0.1408     -0.8557     -0.1629E-01 -0.1138    
   168.0      0.6018E-03 -0.8902E-01 -0.6249      0.1789     -0.4993E-01
   169.0      0.1030E-02  0.2454E-01 -0.3070      0.2231      0.2371E-02
   170.0      0.1802E-02  0.8175E-01 -0.1458      0.1905      0.2256E-01
   171.0      0.2917E-02  0.9860E-01 -0.8229E-01  0.1495      0.2770E-01
   172.0      0.4343E-02  0.9683E-01 -0.6218E-01  0.1149      0.2683E-01
   173.0      0.6020E-02  0.8705E-01 -0.6114E-01  0.8762E-01  0.2335E-01
   174.0      0.7861E-02  0.7412E-01 -0.6839E-01  0.6630E-01  0.1878E-01
   175.0      0.9752E-02  0.6037E-01 -0.7873E-01  0.4952E-01  0.1393E-01
   176.0      0.1156E-01  0.4691E-01 -0.8943E-01  0.3611E-01  0.9362E-02
   177.0      0.1314E-01  0.3418E-01 -0.9892E-01  0.2514E-01  0.5453E-02
   178.0      0.1438E-01  0.2224E-01 -0.1063      0.1588E-01  0.2482E-02
   179.0      0.1516E-01  0.1095E-01 -0.1109      0.7682E-02  0.6290E-03
   180.0      0.1543E-01   0.000     -0.1125       0.000       0.000    
 END
