# KN1,E,l,j,2j+1,N =   2  -3.36920   0  0.0   1 417
   5.99999970E-04   0.0000000000000000     
   5.99999987E-02  0.11480870408758546     
  0.119999997      0.22229597907897730     
  0.180000007      0.31560789432471215     
  0.239999995      0.38879472292884515     
  0.300000012      0.43718994130400446     
  0.360000014      0.45770752682415439     
  0.419999987      0.44903863236294489     
  0.479999989      0.41173511897248122     
  0.540000021      0.34817459655476657     
  0.600000024      0.26240916569791239     
  0.660000026      0.15990742925194368     
  0.720000029       4.7206151993254515E-002
  0.779999971      -6.8506297817719913E-002
  0.839999974     -0.17984822912146189     
  0.899999976     -0.27971545109250828     
  0.959999979     -0.36173462515232668     
   1.01999998     -0.42067021297320739     
   1.08000004     -0.45275901609071439     
   1.13999999     -0.45595087401644480     
   1.20000005     -0.43004006901604480     
   1.25999999     -0.37667894465225032     
   1.32000005     -0.29927275335124881     
   1.38000000     -0.20276237298710686     
   1.44000006      -9.3308703030878293E-002
   1.50000000       2.2101105710702715E-002
   1.55999994      0.13610040405685842     
   1.62000000      0.24141414486960877     
   1.67999995      0.33132409890538339     
   1.74000001      0.40009829286938942     
   1.79999995      0.44335705210712517     
   1.86000001      0.45835209119584541     
   1.91999996      0.44414069303900366     
   1.98000002      0.40164380791777882     
   2.03999996      0.33358439596191913     
   2.09999990      0.24431013661441275     
   2.16000009      0.13951211210309114     
   2.22000003       2.5857870544951075E-002
   2.27999997      -8.9437190795653460E-002
   2.33999991     -0.19907216673221945     
   2.40000010     -0.29612660535138319     
   2.46000004     -0.37449981958894141     
   2.51999998     -0.42929513121344515     
   2.57999992     -0.45712434341798752     
   2.64000010     -0.45631314044194338     
   2.70000005     -0.42699474648870794     
   2.75999999     -0.37108667880554386     
   2.81999993     -0.29215322525716386     
   2.88000011     -0.19516388870511697     
   2.94000006      -8.6164864914145822E-002
   3.00000000       2.8113725584344398E-002
   3.05999994      0.14068811713735688     
   3.11999989      0.24475980764609329     
   3.18000007      0.33413410542829425     
   3.24000001      0.40359123485198356     
   3.29999995      0.44918670067187055     
   3.35999990      0.46846298247175622     
   3.42000008      0.46056113797928244     
   3.48000002      0.42622811959897461     
   3.53999996      0.36772291534483453     
   3.59999990      0.28863152832996952     
   3.66000009      0.19360675580299891     
   3.72000003       8.8053325112098721E-002
   3.77999997      -2.2218185438300429E-002
   3.83999991     -0.13134416550364961     
   3.90000010     -0.23374390906820652     
   3.96000004     -0.32441761829156834     
   4.01999998     -0.39918944251191157     
   4.07999992     -0.45488359408325663     
   4.13999987     -0.48942721752065571     
   4.19999981     -0.50187939622361022     
   4.26000023     -0.49239100776654765     
   4.32000017     -0.46210460185057073     
   4.38000011     -0.41300683604193567     
   4.44000006     -0.34774806099117767     
   4.50000000     -0.26944430692721144     
   4.55999994     -0.18147635343001980     
   4.61999989      -8.7298889690978834E-002
   4.67999983       9.7296856984364823E-003
   4.73999977      0.10648921958342997     
   4.80000019      0.20020702779266264     
   4.86000013      0.28853310344748889     
   4.92000008      0.36958303848246638     
   4.98000002      0.44195075566032166     
   5.03999996      0.50469534699795515     
   5.09999990      0.55730742623132556     
   5.15999985      0.59966070042363262     
   5.21999979      0.63195427888736055     
   5.28000021      0.65465070540427106     
   5.34000015      0.66841390277483270     
   5.40000010      0.67405031586855990     
   5.46000004      0.67245560562646911     
   5.51999998      0.66456837994475038     
   5.57999992      0.65133168525408547     
   5.63999987      0.63366236388443831     
   5.69999981      0.61242792112523592     
   5.76000023      0.58843021657934313     
   5.82000017      0.56239510364542034     
   5.88000011      0.53496705110174236     
   5.94000006      0.50670777931208677     
   6.00000000      0.47809798889572730     
   6.05999994      0.44954135631510811     
   6.11999989      0.42137007989784170     
   6.17999983      0.39385138020515642     
   6.23999977      0.36719447375964309     
   6.30000019      0.34155765064594579     
   6.36000013      0.31705517901367286     
   6.42000008      0.29376400453498042     
   6.48000002      0.27172931627486474     
   6.53999996      0.25097050977329199     
   6.59999990      0.23148591279119635     
   6.65999985      0.21325707554871734     
   6.71999979      0.19625248600166786     
   6.78000021      0.18043074603035797     
   6.84000015      0.16574325341087526     
   6.90000010      0.15213643851790598     
   6.96000004      0.13955360625521121     
   7.01999998      0.12793643269473054     
   7.07999992      0.11722616318925917     
   7.13999987      0.10736455544489691     
   7.19999981       9.8294606844307617E-002
   7.26000023       8.9961101124355153E-002
   7.32000017       8.2311005419161726E-002
   7.38000011       7.5293744526880133E-002
   7.44000006       6.8861375583890272E-002
   7.50000000       6.2968682941949447E-002
   7.55999994       5.7573209911331760E-002
   7.61999989       5.2635241379067589E-002
   7.67999983       4.8117748922292571E-002
   7.73999977       4.3986308000071625E-002
   7.80000019       4.0208995048595944E-002
   7.86000013       3.6756270820251784E-002
   7.92000008       3.3600855023103726E-002
   7.98000002       3.0717596300248930E-002
   8.03999996       2.8083340694604872E-002
   8.10000038       2.5676801015260511E-002
   8.15999985       2.3478428942251686E-002
   8.22000027       2.1470291219246145E-002
   8.27999973       1.9635950887577455E-002
   8.34000015       1.7960354209686981E-002
   8.39999962       1.6429723682312540E-002
   8.46000004       1.5031457339695542E-002
   8.52000046       1.3754034401720934E-002
   8.57999992       1.2586927204433726E-002
   8.64000034       1.1520519264844703E-002
   8.69999981       1.0546029270232534E-002
   8.76000023       9.6554407378962540E-003
   8.81999969       8.8414370621582410E-003
   8.88000011       8.0973416497332074E-003
   8.93999958       7.4170628352759494E-003
   9.00000000       6.7950432688418660E-003
   9.06000042       6.2262134710024779E-003
   9.11999989       5.7059492598035572E-003
   9.18000031       5.2300327647634955E-003
   9.23999977       4.7946167559514228E-003
   9.30000019       4.3961920306994015E-003
   9.35999966       4.0315576150419495E-003
   9.42000008       3.6977935523461103E-003
   9.47999954       3.3922360665958073E-003
   9.53999996       3.1124549026136715E-003
   9.60000038       2.8562326597542423E-003
   9.65999985       2.6215459494850950E-003
   9.72000027       2.4065482201751677E-003
   9.77999973       2.2095541049256396E-003
   9.84000015       2.0290251597383812E-003
   9.89999962       1.8635568703153265E-003
   9.96000004       1.7118668157938837E-003
   10.0200005       1.5727838872175758E-003
   10.0799999       1.4452384671695875E-003
   10.1400003       1.3282534850923087E-003
   10.1999998       1.2209362702029663E-003
   10.2600002       1.1224711307401703E-003
   10.3199997       1.0321125945392999E-003
   10.3800001       9.4917925167111328E-004
   10.4399996       8.7304814513939830E-004
   10.5000000       8.0314966045123804E-004
   10.5600004       7.3896286926117196E-004
   10.6199999       6.8001128630888709E-004
   10.6800003       6.2585900253869493E-004
   10.7399998       5.7610716062321066E-004
   10.8000002       5.3039074216322351E-004
   10.8599997       4.8837563860817967E-004
   10.9200001       4.4975598046628307E-004
   10.9799995       4.1425170167313081E-004
   11.0400000       3.8160631807932486E-004
   11.1000004       3.5158490091929061E-004
   11.1599998       3.2397222785549490E-004
   11.2200003       2.9857109576451212E-004
   11.2799997       2.7520078086289124E-004
   11.3400002       2.5369563307112489E-004
   11.3999996       2.3390379269645366E-004
   11.4600000       2.1568601859008098E-004
   11.5200005       1.9891461791075982E-004
   11.5799999       1.8347246851511040E-004
   11.6400003       1.6925212580198357E-004
   11.6999998       1.5615500657171973E-004
   11.7600002       1.4409064312801017E-004
   11.8199997       1.3297600145658061E-004
   11.8800001       1.2273485786582931E-004
   11.9399996       1.1329722897589576E-004
   12.0000000       1.0459885039825150E-004
   12.0600004       9.6580699862387743E-005
   12.1199999       8.9188560923144400E-005
   12.1800003       8.2372623725044896E-005
   12.2399998       7.6087119612006015E-005
   12.3000002       7.0289986654605650E-005
   12.3599997       6.4942563425386874E-005
   12.4200001       6.0009308587745256E-005
   12.4799995       5.5457544077980831E-005
   12.5400000       5.1257219854899932E-005
   12.6000004       4.7380698368774902E-005
   12.6599998       4.3802557063039996E-005
   12.7200003       4.0499407369273784E-005
   12.7799997       3.7449728790101245E-005
   12.8400002       3.4633716786826886E-005
   12.8999996       3.2033143299948171E-005
   12.9600000       2.9631228832192441E-005
   13.0200005       2.7412525116246572E-005
   13.0799999       2.5362807473715064E-005
   13.1400003       2.3468976048788277E-005
   13.1999998       2.1718965170286488E-005
   13.2600002       2.0101660159777239E-005
   13.3199997       1.8606820961888031E-005
   13.3800001       1.7225012026262370E-005
   13.4399996       1.5947537919280999E-005
   13.5000000       1.4766384188107931E-005
   13.5600004       1.3674163040199876E-005
   13.6199999       1.2664063438478037E-005
   13.6800003       1.1729805246214961E-005
   13.7399998       1.0865597086618273E-005
   13.8000002       1.0066097610356170E-005
   13.8599997       9.3263798901011627E-006
   13.9200001       8.6418986847805613E-006
   13.9799995       8.0084603378111459E-006
   14.0400000       7.4221950933362100E-006
   14.1000004       6.8795316325386862E-006
   14.1599998       6.3771736486196569E-006
   14.2200003       5.9120782941425209E-006
   14.2799997       5.4814363482703262E-006
   14.3400002       5.0826539640786232E-006
   14.3999996       4.7133358677104531E-006
   14.4600000       4.3712698917457339E-006
   14.5200005       4.0544127348687842E-006
   14.5799999       3.7608768488117690E-006
   14.6400003       3.4889183616989002E-006
   14.6999998       3.2369259543798750E-006
   14.7600002       3.0034106131800874E-006
   14.8199997       2.7869961887626167E-006
   14.8800001       2.5864106965417171E-006
   14.9399996       2.4004782993539415E-006
   15.0000000       2.2281119179217013E-006
   15.0600004       2.0683064190720375E-006
   15.1199999       1.9201323357346513E-006
   15.1800003       1.7827300764686658E-006
   15.2399998       1.6553045856855002E-006
   15.3000002       1.5371204188715423E-006
   15.3599997       1.4274971999925598E-006
   15.4200001       1.3258054309037165E-006
   15.4799995       1.2314626250143721E-006
   15.5400000       1.1439297396836587E-006
   15.6000004       1.0627078838676812E-006
   15.6599998       9.8733527941724613E-007
   15.7200003       9.1738445615012890E-007
   15.7799997       8.5245966240673134E-007
   15.8400002       7.9219447425417678E-007
   15.8999996       7.3624958784208535E-007
   15.9600000       6.8431078064317953E-007
   16.0200005       6.3608702844243219E-007
   16.0799999       5.9130876597786172E-007
   16.1399994       5.4972628009175648E-007
   16.2000008       5.1110822512997609E-007
   16.2600002       4.7524025113529188E-007
   16.3199997       4.4192373612425886E-007
   16.3799992       4.1097461442115377E-007
   16.4400005       3.8222229365190371E-007
   16.5000000       3.5550865358010997E-007
   16.5599995       3.3068712050032779E-007
   16.6200008       3.0762181139442344E-007
   16.6800003       2.8618674250852871E-007
   16.7399998       2.6626509742400364E-007
   16.7999992       2.4774855007877847E-007
   16.8600006       2.3053663854814004E-007
   16.9200001       2.1453618571887741E-007
   16.9799995       1.9966076328995533E-007
   17.0400009       1.8583019580858118E-007
   17.1000004       1.7297010170456819E-007
   17.1599998       1.6101146851999746E-007
   17.2199993       1.4989025974694037E-007
   17.2800007       1.3954705088488049E-007
   17.3400002       1.2992669251281203E-007
   17.3999996       1.2097799834002839E-007
   17.4599991       1.1265345635547949E-007
   17.5200005       1.0490896133931749E-007
   17.5799999       9.7703567132823293E-008
   17.6399994       9.0999257185194872E-008
   17.7000008       8.4760732008492704E-008
   17.7600002       7.8955212276123340E-008
   17.8199997       7.3552256396289008E-008
   17.8799992       6.8523591480463396E-008
   17.9400005       6.3842956708761592E-008
   18.0000000       5.9485958169582098E-008
   18.0599995       5.5429934320608402E-008
   18.1200008       5.1653831282617383E-008
   18.1800003       4.8138087236969182E-008
   18.2399998       4.4864525252532586E-008
   18.2999992       4.1816253918485245E-008
   18.3600006       3.8977575206243722E-008
   18.4200001       3.6333899027025907E-008
   18.4799995       3.3871663991502704E-008
   18.5400009       3.1578263914913189E-008
   18.6000004       2.9441979645130471E-008
   18.6599998       2.7451915822692161E-008
   18.7199993       2.5597942210947888E-008
   18.7800007       2.3870639261410481E-008
   18.8400002       2.2261247604297041E-008
   18.8999996       2.0761621177266714E-008
   18.9599991       1.9364183726647774E-008
   19.0200005       1.8061888435130332E-008
   19.0799999       1.6848180448104987E-008
   19.1399994       1.5716962087664974E-008
   19.2000008       1.4662560558863849E-008
   19.2600002       1.3679697967229110E-008
   19.3199997       1.2763463479862125E-008
   19.3799992       1.1909287474789424E-008
   19.4400005       1.1112917534643838E-008
   19.5000000       1.0370396151317463E-008
   19.5599995       9.6780400180048204E-009
   19.6200008       9.0324207941044683E-009
   19.6800003       8.4303472368247688E-009
   19.7399998       7.8688486010957072E-009
   19.7999992       7.3451592165698827E-009
   19.8600006       6.8567041571457997E-009
   19.9200001       6.4010859246047667E-009
   19.9799995       5.9760720736562429E-009
   20.0400009       5.5795837109693949E-009
   20.1000004       5.2096848056622412E-009
   20.1599998       4.8645722532533297E-009
   20.2199993       4.5425666392812279E-009
   20.2800007       4.2421036526889665E-009
   20.3400002       3.9617261026771491E-009
   20.3999996       3.7000764960716444E-009
   20.4599991       3.4558901353495417E-009
   20.5200005       3.2279887003382781E-009
   20.5799999       3.0152742792645340E-009
   20.6399994       2.8167238172969485E-009
   20.7000008       2.6313839530144745E-009
   20.7600002       2.4583662153534066E-009
   20.8199997       2.2968425555531812E-009
   20.8799992       2.1460411904451914E-009
   20.9400005       2.0052427351207546E-009
   21.0000000       1.8737766045836020E-009
   21.0599995       1.7510176654479322E-009
   21.1200008       1.6363831200934697E-009
   21.1800003       1.5293296069418271E-009
   21.2399998       1.4293505016809168E-009
   21.2999992       1.3359734053428087E-009
   21.3600006       1.2487578061414313E-009
   21.4200001       1.1672929029054598E-009
   21.4799995       1.0911955788039883E-009
   21.5400009       1.0201085148628803E-009
   21.6000004       9.5369843351263091E-010
   21.6599998       8.9165446309827771E-010
   21.7199993       8.3368661492223919E-010
   21.7800007       7.7952436498551971E-010
   21.8400002       7.2891533314481132E-010
   21.8999996       6.8162405291572524E-010
   21.9599991       6.3743082562853597E-010
   22.0200005       5.9613065308506790E-010
   22.0799999       5.5753224327612997E-010
   22.1399994       5.2145708410050107E-010
   22.2000008       4.8773858038094769E-010
   22.2600002       4.5622124980211455E-010
   22.3199997       4.2675997370112846E-010
   22.3799992       3.9921929892610023E-010
   22.4400005       3.7347278724194194E-010
   22.5000000       3.4940240900847632E-010
   22.5599995       3.2689797808403683E-010
   22.6200008       3.0585662511989184E-010
   22.6800003       2.8618230660800118E-010
   22.7399998       2.6778534722791881E-010
   22.7999992       2.5058201320906325E-010
   22.8600006       2.3449411458301304E-010
   22.9200001       2.1944863434779918E-010
   22.9799995       2.0537738270314803E-010
   23.0400009       1.9221667464301225E-010
   23.1000004       1.7990702931019375E-010
   23.1599998       1.6839288962804335E-010
   23.2199993       1.5762236082670239E-010
   23.2800007       1.4754696657668017E-010
   23.3400002       1.3812142153123638E-010
   23.3999996       1.2930341916153679E-010
   23.4599991       1.2105343384530367E-010
   23.5200005       1.1333453624109617E-010
   23.5799999       1.0611222104680739E-010
   23.6399994       9.9354246302800145E-011
   23.7000008       9.3030483457649980E-011
   23.7600002       8.7112777468020824E-011
   23.8199997       8.1574816254045348E-011
   23.8799992       7.6392008877981383E-011
   23.9400005       7.1541371857104623E-011
   24.0000000       6.7001423062005125E-011
   24.0599995       6.2752082688886085E-011
   24.1200008       5.8774580829313512E-011
   24.1800003       5.5051371193314102E-011
   24.2399998       5.1566050571933604E-011
   24.2999992       4.8303283653503915E-011
   24.3600006       4.5248732834070100E-011
   24.4200001       4.2388992686831761E-011
   24.4799995       3.9711528778181659E-011
   24.5400009       3.7204620539095328E-011
   24.6000004       3.4857307920345673E-011
   24.6599998       3.2659341578387252E-011
   24.7199993       3.0601136355868570E-011
   24.7800007       2.8673727836676981E-011
   24.8400002       2.6868731770275305E-011
   24.8999996       2.5178306173932859E-011
 &
# KN1,E,l,j,2j+1,N =   3  -2.42920   2  2.0   5 417
   5.99999970E-04  -0.0000000000000000     
   5.99999987E-02   4.7221597533096286E-004
  0.119999997       3.8463997417709354E-003
  0.180000007       1.2687104069410073E-002
  0.239999995       2.9114161845576515E-002
  0.300000012       5.4535680938768753E-002
  0.360000014       8.9503090859291715E-002
  0.419999987      0.13362491760287326     
  0.479999989      0.18555072417944130     
  0.540000021      0.24302825601539854     
  0.600000024      0.30303111826427048     
  0.660000026      0.36194922302216870     
  0.720000029      0.41582972850877914     
  0.779999971      0.46065247788510638     
  0.839999974      0.49262127936708994     
  0.899999976      0.50845096257329669     
  0.959999979      0.50563002678964586     
   1.01999998      0.48264000276233815     
   1.08000004      0.43911521839109408     
   1.13999999      0.37593033936686743     
   1.20000005      0.29520770518487971     
   1.25999999      0.20024169327571420     
   1.32000005       9.5342837556204929E-002
   1.38000000      -1.4390137649699181E-002
   1.44000006     -0.12335725516939089     
   1.50000000     -0.22578588594003096     
   1.55999994     -0.31608059295040020     
   1.62000000     -0.38917197226198685     
   1.67999995     -0.44084186303546191     
   1.74000001     -0.46800338533719410     
   1.79999995     -0.46891680247337064     
   1.86000001     -0.44332601791913673     
   1.91999996     -0.39250539665846546     
   1.98000002     -0.31921225060455471     
   2.03999996     -0.22754633385556558     
   2.09999990     -0.12272375711326863     
   2.16000009      -1.0778346574884001E-002
   2.22000003      0.10179163247177538     
   2.27999997      0.20840972697038754     
   2.33999991      0.30281645586116579     
   2.40000010      0.37944847703706486     
   2.46000004      0.43377763866298941     
   2.51999998      0.46258818820543407     
   2.57999992      0.46417422268372310     
   2.64000010      0.43844455228929807     
   2.70000005      0.38692806565944504     
   2.75999999      0.31267914277538472     
   2.81999993      0.22008915642970989     
   2.88000011      0.11461625143683438     
   2.94000006       2.4508959290604885E-003
   3.00000000     -0.10986112872085455     
   3.05999994     -0.21581395384474547     
   3.11999989     -0.30932968787531540     
   3.18000007     -0.38511465364085101     
   3.24000001     -0.43896153137312588     
   3.29999995     -0.46797905067359091     
   3.35999990     -0.47073603173112144     
   3.42000008     -0.44731255056334635     
   3.48000002     -0.39925743862520835     
   3.53999996     -0.32945765099717678     
   3.59999990     -0.24193085211602203     
   3.66000009     -0.14155740750472096     
   3.72000003      -3.3771522337382447E-002
   3.77999997       7.5766761101844896E-002
   3.83999991      0.18149665054267594     
   3.90000010      0.27825802903895308     
   3.96000004      0.36155124663089189     
   4.01999998      0.42774126738927271     
   4.07999992      0.47419695568912140     
   4.13999987      0.49936145290937456     
   4.19999981      0.50275471143213912     
   4.26000023      0.48491392374477099     
   4.32000017      0.44728138865296235     
   4.38000011      0.39205211581317251     
   4.44000006      0.32199502395401436     
   4.50000000      0.24026187823987916     
   4.55999994      0.15019731621182825     
   4.61999989       5.5161556541178602E-002
   4.67999983      -4.1625026365216776E-002
   4.73999977     -0.13720907110116543     
   4.80000019     -0.22899964909718812     
   4.86000013     -0.31483140979616453     
   4.92000008     -0.39299764732119796     
   4.98000002     -0.46225544947283420     
   5.03999996     -0.52180729660123315     
   5.09999990     -0.57126436618077037     
   5.15999985     -0.61059696126198815     
   5.21999979     -0.64007722460047123     
   5.28000021     -0.66021874396097802     
   5.34000015     -0.67171686860521229     
   5.40000010     -0.67539269084749776     
   5.46000004     -0.67214276556860519     
   5.51999998     -0.66289583359255799     
   5.57999992     -0.64857711251681749     
   5.63999987     -0.63008015476685908     
   5.69999981     -0.60824585861969105     
   5.76000023     -0.58384792626182935     
   5.82000017     -0.55758390066378871     
   5.88000011     -0.53007084263280491     
   5.94000006     -0.50184471975851053     
   6.00000000     -0.47336263036056841     
   6.05999994     -0.44500708317363902     
   6.11999989     -0.41709166065067876     
   6.17999983     -0.38986751000981573     
   6.23999977     -0.36353021610290848     
   6.30000019     -0.33822671593373888     
   6.36000013     -0.31406200177109223     
   6.42000008     -0.29110548145838044     
   6.48000002     -0.26939667132416445     
   6.53999996     -0.24895058354007737     
   6.59999990     -0.22976235969658626     
   6.65999985     -0.21181136701455763     
   6.71999979     -0.19506473831039525     
   6.78000021     -0.17948039255721041     
   6.84000015     -0.16500958088523165     
   6.90000010     -0.15159900613330235     
   6.96000004     -0.13919256518128115     
   7.01999998     -0.12773276197721811     
   7.07999992     -0.11716183632916934     
   7.13999987     -0.10742265024410774     
   7.19999981      -9.8459369450341144E-002
   7.26000023      -9.0217973663737669E-002
   7.32000017      -8.2646625160153933E-002
   7.38000011      -7.5695921265257149E-002
   7.44000006      -6.9319052781451729E-002
   7.50000000      -6.3471887192009191E-002
   7.55999994      -5.8112992420458809E-002
   7.61999989      -5.3203614452430763E-002
   7.67999983      -4.8707619804762035E-002
   7.73999977      -4.4591411923475155E-002
   7.80000019      -4.0823828895180721E-002
   7.86000013      -3.7376028466503328E-002
   7.92000008      -3.4221365135919064E-002
   7.98000002      -3.1335263126128450E-002
   8.03999996      -2.8695088197059598E-002
   8.10000038      -2.6280020564553273E-002
   8.15999985      -2.4070930650848914E-002
   8.22000027      -2.2050258923549126E-002
   8.27999973      -2.0201900711384044E-002
   8.34000015      -1.8511096597400304E-002
   8.39999962      -1.6964328751189535E-002
   8.46000004      -1.5549223380039256E-002
   8.52000046      -1.4254459338429670E-002
   8.57999992      -1.3069682825202034E-002
   8.64000034      -1.1985428018752608E-002
   8.69999981      -1.0993043442058337E-002
   8.76000023      -1.0084623808912977E-002
   8.81999969      -9.2529470749833729E-003
   8.88000011      -8.4914164038049026E-003
   8.93999958      -7.7940067485616198E-003
   9.00000000      -7.1552157521343612E-003
   9.06000042      -6.5700186716694991E-003
   9.11999989      -6.0338270417353897E-003
   9.18000031      -5.5424508017686497E-003
   9.23999977      -5.0920636258788886E-003
   9.30000019      -4.6791712064619450E-003
   9.35999966      -4.3005822582886820E-003
   9.42000008      -3.9533820235171406E-003
   9.47999954      -3.6349080730009213E-003
   9.53999996      -3.3427282137801976E-003
   9.60000038      -3.0746203257802176E-003
   9.65999985      -2.8285539644136246E-003
   9.72000027      -2.6026735783120868E-003
   9.77999973      -2.3952832031298591E-003
   9.84000015      -2.2048325035608106E-003
   9.89999962      -2.0299040462244517E-003
   9.96000004      -1.8692016958020946E-003
   10.0200005      -1.7215400356432012E-003
   10.0799999      -1.5858347227901447E-003
   10.1400003      -1.4610936946649234E-003
   10.1999998      -1.3464091521568967E-003
   10.2600002      -1.2409502501365499E-003
   10.3199997      -1.1439564326823895E-003
   10.3800001      -1.0547313555334730E-003
   10.4399996      -9.7263734366481367E-004
   10.5000000      -8.9709033625242132E-004
   10.5600004      -8.2755527568804997E-004
   10.6199999      -7.6354190105594650E-004
   10.6800003      -7.0460091013958338E-004
   10.7399998      -6.5032045708824000E-004
   10.8000002      -6.0032295600429214E-004
   10.8599997      -5.5426216317896006E-004
   10.9200001      -5.1182051330690627E-004
   10.9799995      -4.7270668714890910E-004
   11.0400000      -4.3665339012708158E-004
   11.1000004      -4.0341532322415096E-004
   11.1599998      -3.7276732919583149E-004
   11.2200003      -3.4450269864498215E-004
   11.2799997      -3.1843162186826195E-004
   11.3400002      -2.9437977367395877E-004
   11.3999996      -2.7218701949655348E-004
   11.4600000      -2.5170623219244727E-004
   11.5200005      -2.3280220982782937E-004
   11.5799999      -2.1535068565197612E-004
   11.6400003      -1.9923742222756216E-004
   11.6999998      -1.8435738239420445E-004
   11.7600002      -1.7061397040508421E-004
   11.8199997      -1.5791833715578682E-004
   11.8800001      -1.4618874396922268E-004
   11.9399996      -1.3534997988618160E-004
   12.0000000      -1.2533282785283354E-004
   12.0600004      -1.1607357560930298E-004
   12.1199999      -1.0751356744796600E-004
   12.1800003      -9.9598793343778872E-005
   12.2399998      -9.2279512268143637E-005
   12.3000002      -8.5509906775731824E-005
   12.3599997      -7.9247766204451931E-005
   12.4200001      -7.3454196065239258E-005
   12.4799995      -6.8093351400637538E-005
   12.5400000      -6.3132192094634109E-005
   12.6000004      -5.8540258277877159E-005
   12.6599998      -5.4289464141970261E-005
   12.7200003      -5.0353908618749627E-005
   12.7799997      -4.6709701510233092E-005
   12.8400002      -4.3334803780187870E-005
   12.8999996      -4.0208880826121329E-005
   12.9600000      -3.7313167652756058E-005
   13.0200005      -3.4630344957150442E-005
   13.0799999      -3.2144425223739679E-005
   13.1400003      -2.9840648000210157E-005
   13.1999998      -2.7705383598016849E-005
   13.2600002      -2.5726044524008484E-005
   13.3199997      -2.3891004007187820E-005
   13.3800001      -2.2189521039919835E-005
   13.4399996      -2.0611671400325411E-005
   13.5000000      -1.9148284167654438E-005
   13.5600004      -1.7790883283629832E-005
   13.6199999      -1.6531633748733466E-005
   13.6800003      -1.5363292077895505E-005
   13.7399998      -1.4279160670856262E-005
   13.8000002      -1.3273045780463445E-005
   13.8599997      -1.2339218788860325E-005
   13.9200001      -1.1472380525976055E-005
   13.9799995      -1.0667628385045741E-005
   14.0400000      -9.9204260116232404E-006
   14.1000004      -9.2265753598824380E-006
   14.1599998      -8.5821909273617639E-006
   14.2200003      -7.9836759945548848E-006
   14.2799997      -7.4277007097615961E-006
   14.3400002      -6.9111818728840342E-006
   14.3999996      -6.4312642836146273E-006
   14.4600000      -5.9853035300830939E-006
   14.5200005      -5.5708501044527321E-006
   14.5799999      -5.1856347409158529E-006
   14.6400003      -4.8275548800920132E-006
   14.6999998      -4.4946621711740242E-006
   14.7600002      -4.1851509307126519E-006
   14.8199997      -3.8973474832629244E-006
   14.8800001      -3.6297003150833999E-006
   14.9399996      -3.3807709773944564E-006
   15.0000000      -3.1492256810571469E-006
   15.0600004      -2.9338275290591157E-006
   15.1199999      -2.7334293372386003E-006
   15.1800003      -2.5469669978981365E-006
   15.2399998      -2.3734533442763385E-006
   15.3000002      -2.2119724774116146E-006
   15.3599997      -2.0616745197682823E-006
   15.4200001      -1.9217707628372345E-006
   15.4799995      -1.7915291785519193E-006
   15.5400000      -1.6702702666686451E-006
   15.6000004      -1.5573632124604895E-006
   15.6599998      -1.4522223310322504E-006
   15.7200003      -1.3543037764847453E-006
   15.7799997      -1.2631024957713826E-006
   15.8400002      -1.1781494086866926E-006
   15.8999996      -1.0990087968868616E-006
   15.9600000      -1.0252758861043258E-006
   16.0200005      -9.5657460699726470E-007
   16.0799999      -8.9255552116266945E-007
   16.1399994      -8.3289389990002396E-007
   16.2000008      -7.7728794424795497E-007
   16.2600002      -7.2545713568866227E-007
   16.3199997      -6.7714070776131396E-007
   16.3799992      -6.3209622953008268E-007
   16.4400005      -5.9009829256886237E-007
   16.5000000      -5.5093729374971634E-007
   16.5599995      -5.1441830671509477E-007
   16.6200008      -4.8036003543253554E-007
   16.6800003      -4.4859384376027061E-007
   16.7399998      -4.1896285539794468E-007
   16.7999992      -3.9132111900602846E-007
   16.8600006      -3.6553283370355650E-007
   16.9200001      -3.4147163047954345E-007
   16.9799995      -3.1901990541369839E-007
   17.0400009      -2.9806820089850651E-007
   17.1000004      -2.7851463134303245E-007
   17.1599998      -2.6026435009870531E-007
   17.2199993      -2.4322905459535457E-007
   17.2800007      -2.2732652689674090E-007
   17.3400002      -2.1248020709354615E-007
   17.3999996      -1.9861879714446530E-007
   17.4599991      -1.8567589295133752E-007
   17.5200005      -1.7358964261907315E-007
   17.5799999      -1.6230242900242901E-007
   17.6399994      -1.5176057478529991E-007
   17.7000008      -1.4191406845848148E-007
   17.7600002      -1.3271630969374099E-007
   17.8199997      -1.2412387271411415E-007
   17.8799992      -1.1609628636416071E-007
   17.9400005      -1.0859582968438249E-007
   18.0000000      -1.0158734187322126E-007
   18.0599995      -9.5038045608905885E-008
   18.1200008      -8.8917382773424961E-008
   18.1800003      -8.3196861694083387E-008
   18.2399998      -7.7849915079859916E-008
   18.2999992      -7.2851767891041045E-008
   18.3600006      -6.8179314436041198E-008
   18.4200001      -6.3811004038833949E-008
   18.4799995      -5.9726734668960500E-008
   18.5400009      -5.5907753970590759E-008
   18.6000004      -5.2336567167215214E-008
   18.6599998      -4.8996851354981589E-008
   18.7199993      -4.5873375735121016E-008
   18.7800007      -4.2951927365927411E-008
   18.8400002      -4.0219242046380019E-008
   18.8999996      -3.7662939970578978E-008
   18.9599991      -3.5271465818225044E-008
   19.0200005      -3.3034032969858588E-008
   19.0799999      -3.0940571558357056E-008
   19.1399994      -2.8981680088206601E-008
   19.2000008      -2.7148580373665530E-008
   19.2600002      -2.5433075564245569E-008
   19.3199997      -2.3827511042534057E-008
   19.3799992      -2.2324737994192450E-008
   19.4400005      -2.0918079465227014E-008
   19.5000000      -1.9601298733061164E-008
   19.5599995      -1.8368569831878534E-008
   19.6200008      -1.7214450082377275E-008
   19.6800003      -1.6133854488099156E-008
   19.7399998      -1.5122031868856643E-008
   19.7999992      -1.4174542611975320E-008
   19.8600006      -1.3287237929498031E-008
   19.9200001      -1.2456240517964801E-008
   19.9799995      -1.1677926524609451E-008
   20.0400009      -1.0948908729900840E-008
   20.1000004      -1.0266020863320940E-008
   20.1599998      -9.6263029748175867E-009
   20.2199993      -9.0269877896934600E-009
   20.2800007      -8.4654879797437134E-009
   20.3400002      -7.9393842882749324E-009
   20.3999996      -7.4464144505700977E-009
   20.4599991      -6.9844628559972375E-009
   20.5200005      -6.5515509011344282E-009
   20.5799999      -6.1458279870491721E-009
   20.6399994      -5.7655631170598903E-009
   20.7000008      -5.4091370543129607E-009
   20.7600002      -5.0750350013384009E-009
   20.8199997      -4.7618397662035055E-009
   20.8799992      -4.4682253825408301E-009
   20.9400005      -4.1929511527409044E-009
   21.0000000      -3.9348560859303921E-009
   21.0599995      -3.6928537040450431E-009
   21.1200008      -3.4659271913741211E-009
   21.1800003      -3.2531248644531692E-009
   21.2399998      -3.0535559408897358E-009
   21.2999992      -2.8663865870132944E-009
   21.3600006      -2.6908362257857209E-009
   21.4200001      -2.5261740875354323E-009
   21.4799995      -2.3717159873259375E-009
   21.5400009      -2.2268213138348025E-009
   21.6000004      -2.0908902156386077E-009
   21.6599998      -1.9633609718088969E-009
   21.7199993      -1.8437075345506417E-009
   21.7800007      -1.7314372324536442E-009
   21.8400002      -1.6260886237265969E-009
   21.8999996      -1.5272294894469666E-009
   21.9599991      -1.4344549575907708E-009
   22.0200005      -1.3473857491784177E-009
   22.0799999      -1.2656665384808563E-009
   22.1399994      -1.1889644197611347E-009
   22.2000008      -1.1169674735227976E-009
   22.2600002      -1.0493834257227646E-009
   22.3199997      -9.8593839383646665E-010
   22.3799992      -9.2637571405876597E-010
   22.4400005      -8.7045484432744374E-010
   22.5000000      -8.1795033818637344E-010
   22.5599995      -7.6865088486544143E-010
   22.6200008      -7.2235841122524745E-010
   22.6800003      -6.7888724153973656E-010
   22.7399998      -6.3806331132765386E-010
   22.7999992      -5.9972343171780562E-010
   22.8600006      -5.6371460104699479E-010
   22.9200001      -5.2989336061732106E-010
   22.9799995      -4.9812519174545241E-010
   23.0400009      -4.6828395141452535E-010
   23.1000004      -4.4025134402820976E-010
   23.1599998      -4.1391642692400897E-010
   23.2199993      -3.8917514745843147E-010
   23.2800007      -3.6592990961962824E-010
   23.3400002      -3.4408916826350090E-010
   23.3999996      -3.2356704918093593E-010
   23.4599991      -3.0428299333682854E-010
   23.5200005      -2.8616142371700230E-010
   23.5799999      -2.6913143333203017E-010
   23.6399994      -2.5312649301086175E-010
   23.7000008      -2.3808417771651315E-010
   23.7600002      -2.2394591019266460E-010
   23.8199997      -2.1065672082848437E-010
   23.8799992      -1.9816502270265228E-010
   23.9400005      -1.8642240083514848E-010
   24.0000000      -1.7538341473573938E-010
   24.0599995      -1.6500541340143092E-010
   24.1200008      -1.5524836196625339E-010
   24.1800003      -1.4607467925963190E-010
   24.2399998      -1.3744908557978827E-010
   24.2999992      -1.2933846002942752E-010
   24.3600006      -1.2171170680650862E-010
   24.4200001      -1.1453962987962837E-010
   24.4799995      -1.0779481551727462E-010
   24.5400009      -1.0145152217021791E-010
   24.6000004      -9.5485577242703255E-011
   24.6599998      -8.9874280314516129E-011
   24.7199993      -8.4596312407290590E-011
   24.7800007      -7.9631650911306079E-011
   24.8400002      -7.4961489815509810E-011
   24.8999996      -7.0568164906563852E-011
 &
