   24.900   -3.70570      -0.235755E-04   0.636195E-05  -0.463757       0   0.592901E-05
# For Channel #  2: l = 0, j =  0.0, c#  1;  k,eta =   0.77654   9.29281
    0.540   0.212738E+08   0.348175       0.163663E-07   -4.82844       0    3.37267    
    0.600   0.212744E+08   0.262409       0.123345E-07   -4.60504       0    1.20927    
    0.660   0.169890E+08   0.159907       0.941240E-08   -4.41169       0   0.476031    
    0.720   0.650132E+07   0.472062E-01   0.726101E-08   -4.24226       0   0.202413    
    0.780  -0.121139E+08  -0.685063E-01   0.565519E-08   -4.09213       0   0.918261E-01
    0.840  -0.404864E+08  -0.179848       0.444219E-08   -3.95792       0   0.440195E-01
    0.900  -0.795521E+08  -0.279715       0.351613E-08   -3.83700       0   0.221293E-01
    0.960  -0.129079E+09  -0.361735       0.280242E-08   -3.72729       0   0.115949E-01
    1.020  -0.187158E+09  -0.420670       0.224767E-08   -3.62718       0   0.630033E-02
    1.080  -0.249711E+09  -0.452759       0.181313E-08   -3.53534       0   0.353548E-02
    1.140  -0.310094E+09  -0.455951       0.147036E-08   -3.45070       0   0.204177E-02
    1.200  -0.358895E+09  -0.430040       0.119823E-08   -3.37237       0   0.120994E-02
    1.260  -0.384014E+09  -0.376679       0.980899E-09   -3.29960       0   0.733871E-03
    1.320  -0.371132E+09  -0.299273       0.806378E-09   -3.23177       0   0.454610E-03
    1.380  -0.304667E+09  -0.202762       0.665520E-09   -3.16834       0   0.287081E-03
    1.440  -0.169253E+09  -0.933087E-01   0.551296E-09   -3.10887       0   0.184505E-03
    1.500   0.482284E+08   0.221011E-01   0.458259E-09   -3.05296       0   0.120510E-03
    1.560   0.356130E+09   0.136100       0.382165E-09   -3.00027       0   0.798915E-04
    1.620   0.755157E+09   0.241414       0.319687E-09   -2.95050       0   0.536973E-04
    1.680   0.123535E+10   0.331324       0.268202E-09   -2.90340       0   0.365548E-04
    1.740   0.177327E+10   0.400098       0.225628E-09   -2.85875       0   0.251819E-04
    1.800   0.232968E+10   0.443357       0.190308E-09   -2.81633       0   0.175401E-04
    1.860   0.284838E+10   0.458352       0.160917E-09   -2.77596       0   0.123442E-04
    1.920   0.325649E+10   0.444141       0.136386E-09   -2.73750       0   0.877198E-05
    1.980   0.346674E+10   0.401644       0.115856E-09   -2.70080       0   0.629034E-05
    2.040   0.338222E+10   0.333584       0.986288E-10   -2.66572       0   0.454945E-05
    2.100   0.290375E+10   0.244310       0.841360E-10   -2.63216       0   0.331692E-05
    2.160   0.193998E+10   0.139512       0.719144E-10   -2.60000       0   0.243673E-05
    2.220   0.419877E+09   0.258579E-01   0.615843E-10   -2.56916       0   0.180300E-05
    2.280  -0.169280E+10  -0.894372E-01   0.528339E-10   -2.53955       0   0.134318E-05
    2.340  -0.438429E+10  -0.199072       0.454058E-10   -2.51108       0   0.100709E-05
    2.400  -0.757601E+10  -0.296127       0.390874E-10   -2.48370       0   0.759720E-06
    2.460  -0.111119E+11  -0.374500       0.337026E-10   -2.45733       0   0.576453E-06
    2.520  -0.147500E+11  -0.429295       0.291048E-10   -2.43191       0   0.439821E-06
    2.580  -0.181601E+11  -0.457124       0.251719E-10   -2.40739       0   0.337347E-06
    2.640  -0.209300E+11  -0.456313       0.218019E-10   -2.38372       0   0.260052E-06
    2.700  -0.225810E+11  -0.426995       0.189095E-10   -2.36085       0   0.201432E-06
    2.760  -0.225956E+11  -0.371087       0.164230E-10   -2.33874       0   0.156744E-06
    2.820  -0.204560E+11  -0.292153       0.142820E-10   -2.31734       0   0.122507E-06
    2.880  -0.156936E+11  -0.195164       0.124359E-10   -2.29663       0   0.961521E-07
    2.940  -0.794759E+10  -0.861649E-01   0.108416E-10   -2.27655       0   0.757720E-07
    3.000   0.297092E+10   0.281137E-01   0.946297E-11   -2.25710       0   0.599431E-07
    3.060   0.170136E+11   0.140688       0.826914E-11   -2.23822       0   0.475976E-07
    3.120   0.338348E+11   0.244760       0.723398E-11   -2.21990       0   0.379299E-07
    3.180   0.527420E+11   0.334134       0.633526E-11   -2.20211       0   0.303300E-07
    3.240   0.726663E+11   0.403591       0.555404E-11   -2.18483       0   0.243332E-07
    3.300   0.921573E+11   0.449187       0.487413E-11   -2.16803       0   0.195844E-07
    3.360   0.109410E+12   0.468463       0.428171E-11   -2.15168       0   0.158109E-07
    3.420   0.122329E+12   0.460561       0.376494E-11   -2.13578       0   0.128024E-07
    3.480   0.128628E+12   0.426228       0.331365E-11   -2.12030       0   0.103960E-07
    3.540   0.125970E+12   0.367723       0.291913E-11   -2.10522       0   0.846527E-08
    3.600   0.112138E+12   0.288632       0.257389E-11   -2.09053       0   0.691155E-08
    3.660   0.852351E+11   0.193607       0.227144E-11   -2.07621       0   0.565759E-08
    3.720   0.438897E+11   0.880533E-01   0.200624E-11   -2.06225       0   0.464272E-08
    3.780  -0.125281E+11  -0.222182E-01   0.177347E-11   -2.04862       0   0.381912E-08
    3.840  -0.837134E+11  -0.131344       0.156897E-11   -2.03533       0   0.314899E-08
    3.900  -0.168264E+12  -0.233744       0.138915E-11   -2.02235       0   0.260234E-08
    3.960  -0.263564E+12  -0.324418       0.123089E-11   -2.00968       0   0.215532E-08
    4.020  -0.365735E+12  -0.399189       0.109147E-11   -1.99730       0   0.178891E-08
    4.080  -0.469651E+12  -0.454884       0.968558E-12   -1.98520       0   0.148786E-08
    4.140  -0.569033E+12  -0.489427       0.860103E-12   -1.97337       0   0.123996E-08
    4.200  -0.656627E+12  -0.501879       0.764329E-12   -1.96180       0   0.103539E-08
    4.260  -0.724439E+12  -0.492391       0.679686E-12   -1.95049       0   0.866208E-09
    4.320  -0.764033E+12  -0.462105       0.604822E-12   -1.93942       0   0.726009E-09
    4.380  -0.766875E+12  -0.413007       0.538558E-12   -1.92858       0   0.609592E-09
    4.440  -0.724682E+12  -0.347748       0.479863E-12   -1.91798       0   0.512737E-09
    4.500  -0.629788E+12  -0.269444       0.427834E-12   -1.90759       0   0.432004E-09
    4.560  -0.475466E+12  -0.181476       0.381681E-12   -1.89741       0   0.364584E-09
    4.620  -0.256224E+12  -0.872989E-01   0.340713E-12   -1.88744       0   0.308181E-09
    4.680   0.319716E+11   0.972969E-02   0.304323E-12   -1.87767       0   0.260913E-09
    4.740   0.391538E+12   0.106489       0.271977E-12   -1.86810       0   0.221232E-09
    4.800   0.823196E+12   0.200207       0.243207E-12   -1.85871       0   0.187866E-09
    4.860   0.132597E+13   0.288533       0.217602E-12   -1.84950       0   0.159764E-09
    4.920   0.189725E+13   0.369583       0.194799E-12   -1.84046       0   0.136058E-09
    4.980   0.253296E+13   0.441951       0.174480E-12   -1.83160       0   0.116030E-09
    5.040   0.322773E+13   0.504695       0.156362E-12   -1.82290       0   0.990833E-10
    5.100   0.397513E+13   0.557307       0.140198E-12   -1.81436       0   0.847235E-10
    5.160   0.476794E+13   0.599661       0.125769E-12   -1.80597       0   0.725381E-10
    5.220   0.559839E+13   0.631954       0.112882E-12   -1.79774       0   0.621833E-10
    5.280   0.645842E+13   0.654651       0.101364E-12   -1.78965       0   0.533722E-10
    5.340   0.733993E+13   0.668414       0.910654E-13   -1.78171       0   0.458646E-10
    5.400   0.823501E+13   0.674050       0.818518E-13   -1.77390       0   0.394593E-10
    5.460   0.913606E+13   0.672456       0.736045E-13   -1.76623       0   0.339875E-10
    5.520   0.100360E+14   0.664568       0.662185E-13   -1.75869       0   0.293074E-10
    5.580   0.109283E+14   0.651332       0.596004E-13   -1.75128       0   0.252995E-10
    5.640   0.118072E+14   0.633662       0.536673E-13   -1.74399       0   0.218631E-10
    5.700   0.126676E+14   0.612428       0.483459E-13   -1.73682       0   0.189134E-10
    5.760   0.135052E+14   0.588430       0.435706E-13   -1.72977       0   0.163785E-10
    5.820   0.143163E+14   0.562395       0.392836E-13   -1.72283       0   0.141977E-10
    5.880   0.150980E+14   0.534967       0.354329E-13   -1.71601       0   0.123194E-10
    5.940   0.158481E+14   0.506708       0.319727E-13   -1.70929       0   0.106999E-10
    6.000   0.165650E+14   0.478098       0.288620E-13   -1.70268       0   0.930220E-11
    6.060   0.172475E+14   0.449541       0.260641E-13   -1.69617       0   0.809456E-11
    6.120   0.178952E+14   0.421370       0.235466E-13   -1.68977       0   0.705012E-11
    6.180   0.185077E+14   0.393851       0.212804E-13   -1.68346       0   0.614593E-11
    6.240   0.190855E+14   0.367194       0.192395E-13   -1.67725       0   0.536240E-11
    6.300   0.196289E+14   0.341558       0.174008E-13   -1.67113       0   0.468278E-11
    6.360   0.201388E+14   0.317055       0.157435E-13   -1.66510       0   0.409274E-11
    6.420   0.206162E+14   0.293764       0.142492E-13   -1.65916       0   0.358001E-11
    6.480   0.210622E+14   0.271729       0.129013E-13   -1.65331       0   0.313406E-11
    6.540   0.214781E+14   0.250971       0.116849E-13   -1.64755       0   0.274584E-11
    6.600   0.218653E+14   0.231486       0.105869E-13   -1.64187       0   0.240759E-11
    6.660   0.222251E+14   0.213257       0.959531E-14   -1.63626       0   0.211264E-11
    6.720   0.225591E+14   0.196252       0.869949E-14   -1.63074       0   0.185522E-11
    6.780   0.228686E+14   0.180431       0.788990E-14   -1.62530       0   0.163037E-11
    6.840   0.231550E+14   0.165743       0.715798E-14   -1.61993       0   0.143381E-11
    6.900   0.234199E+14   0.152136       0.649603E-14   -1.61464       0   0.126186E-11
    6.960   0.236646E+14   0.139554       0.589715E-14   -1.60941       0   0.111130E-11
    7.020   0.238903E+14   0.127936       0.535515E-14   -1.60426       0   0.979390E-12
    7.080   0.240985E+14   0.117226       0.486446E-14   -1.59918       0   0.863721E-12
    7.140   0.242902E+14   0.107365       0.442007E-14   -1.59417       0   0.762221E-12
    7.200   0.244667E+14   0.982946E-01   0.401748E-14   -1.58922       0   0.673091E-12
    7.260   0.246291E+14   0.899611E-01   0.365263E-14   -1.58434       0   0.594766E-12
    7.320   0.247784E+14   0.823110E-01   0.332189E-14   -1.57952       0   0.525890E-12
    7.380   0.249156E+14   0.752937E-01   0.302196E-14   -1.57477       0   0.465280E-12
    7.440   0.250415E+14   0.688614E-01   0.274988E-14   -1.57008       0   0.411908E-12
    7.500   0.251572E+14   0.629687E-01   0.250301E-14   -1.56544       0   0.364879E-12
    7.560   0.252633E+14   0.575732E-01   0.227893E-14   -1.56087       0   0.323412E-12
    7.620   0.253606E+14   0.526352E-01   0.207547E-14   -1.55635       0   0.286826E-12
    7.680   0.254498E+14   0.481177E-01   0.189069E-14   -1.55189       0   0.254524E-12
    7.740   0.255316E+14   0.439863E-01   0.172282E-14   -1.54748       0   0.225989E-12
    7.800   0.256065E+14   0.402090E-01   0.157026E-14   -1.54313       0   0.200765E-12
    7.860   0.256752E+14   0.367563E-01   0.143159E-14   -1.53883       0   0.178454E-12
    7.920   0.257380E+14   0.336009E-01   0.130549E-14   -1.53459       0   0.158709E-12
    7.980   0.257956E+14   0.307176E-01   0.119081E-14   -1.53039       0   0.141224E-12
    8.040   0.258483E+14   0.280833E-01   0.108647E-14   -1.52625       0   0.125731E-12
    8.100   0.258965E+14   0.256768E-01   0.991518E-15   -1.52215       0   0.111996E-12
    8.160   0.259406E+14   0.234784E-01   0.905085E-15   -1.51811       0   0.998117E-13
    8.220   0.259809E+14   0.214703E-01   0.826387E-15   -1.51411       0   0.889979E-13
    8.280   0.260178E+14   0.196360E-01   0.754711E-15   -1.51016       0   0.793951E-13
    8.340   0.260516E+14   0.179604E-01   0.689415E-15   -1.50625       0   0.708630E-13
    8.400   0.260825E+14   0.164297E-01   0.629915E-15   -1.50239       0   0.632781E-13
    8.460   0.261107E+14   0.150315E-01   0.575682E-15   -1.49857       0   0.565320E-13
    8.520   0.261365E+14   0.137540E-01   0.526239E-15   -1.49480       0   0.505286E-13
    8.580   0.261601E+14   0.125869E-01   0.481150E-15   -1.49106       0   0.451836E-13
    8.640   0.261816E+14   0.115205E-01   0.440023E-15   -1.48737       0   0.404224E-13
    8.700   0.262013E+14   0.105460E-01   0.402499E-15   -1.48372       0   0.361791E-13
    8.760   0.262194E+14   0.965544E-02   0.368256E-15   -1.48011       0   0.323955E-13
    8.820   0.262358E+14   0.884144E-02   0.336999E-15   -1.47655       0   0.290203E-13
    8.880   0.262509E+14   0.809734E-02   0.308460E-15   -1.47302       0   0.260079E-13
    8.940   0.262646E+14   0.741706E-02   0.282398E-15   -1.46952       0   0.233181E-13
    9.000   0.262771E+14   0.679504E-02   0.258591E-15   -1.46607       0   0.209153E-13
    9.060   0.262886E+14   0.622621E-02   0.236841E-15   -1.46265       0   0.187678E-13
    9.120   0.262991E+14   0.570595E-02   0.216964E-15   -1.45927       0   0.168476E-13
    9.180   0.263087E+14   0.523003E-02   0.198795E-15   -1.45593       0   0.151300E-13
    9.240   0.263174E+14   0.479462E-02   0.182184E-15   -1.45261       0   0.135929E-13
    9.300   0.263254E+14   0.439619E-02   0.166994E-15   -1.44934       0   0.122167E-13
    9.360   0.263327E+14   0.403156E-02   0.153101E-15   -1.44610       0   0.109842E-13
    9.420   0.263394E+14   0.369779E-02   0.140390E-15   -1.44289       0   0.987971E-14
    9.480   0.263454E+14   0.339224E-02   0.128760E-15   -1.43971       0   0.888965E-14
    9.540   0.263510E+14   0.311245E-02   0.118115E-15   -1.43657       0   0.800179E-14
    9.600   0.263561E+14   0.285623E-02   0.108371E-15   -1.43346       0   0.720526E-14
    9.660   0.263607E+14   0.262155E-02   0.994490E-16   -1.43038       0   0.649037E-14
    9.720   0.263649E+14   0.240655E-02   0.912784E-16   -1.42733       0   0.584851E-14
    9.780   0.263688E+14   0.220955E-02   0.837943E-16   -1.42432       0   0.527199E-14
    9.840   0.263723E+14   0.202903E-02   0.769377E-16   -1.42133       0   0.475396E-14
    9.900   0.263756E+14   0.186356E-02   0.706547E-16   -1.41837       0   0.428832E-14
    9.960   0.263785E+14   0.171187E-02   0.648963E-16   -1.41544       0   0.386960E-14
   10.020   0.263812E+14   0.157278E-02   0.596176E-16   -1.41254       0   0.349295E-14
   10.080   0.263836E+14   0.144524E-02   0.547778E-16   -1.40966       0   0.315401E-14
   10.140   0.263859E+14   0.132825E-02   0.503396E-16   -1.40682       0   0.284890E-14
   10.200   0.263879E+14   0.122094E-02   0.462688E-16   -1.40400       0   0.257414E-14
   10.260   0.263898E+14   0.112247E-02   0.425343E-16   -1.40121       0   0.232663E-14
   10.320   0.263915E+14   0.103211E-02   0.391078E-16   -1.39844       0   0.210358E-14
   10.380   0.263931E+14   0.949179E-03   0.359632E-16   -1.39571       0   0.190252E-14
   10.440   0.263945E+14   0.873048E-03   0.330769E-16   -1.39299       0   0.172120E-14
   10.500   0.263958E+14   0.803150E-03   0.304272E-16   -1.39030       0   0.155765E-14
   10.560   0.263970E+14   0.738963E-03   0.279942E-16   -1.38764       0   0.141006E-14
   10.620   0.263980E+14   0.680011E-03   0.257599E-16   -1.38500       0   0.127684E-14
   10.680   0.263990E+14   0.625859E-03   0.237077E-16   -1.38239       0   0.115655E-14
   10.740   0.263999E+14   0.576107E-03   0.218223E-16   -1.37980       0   0.104790E-14
   10.800   0.264008E+14   0.530391E-03   0.200900E-16   -1.37723       0   0.949736E-15
   10.860   0.264015E+14   0.488376E-03   0.184980E-16   -1.37469       0   0.861012E-15
   10.920   0.264022E+14   0.449756E-03   0.170348E-16   -1.37217       0   0.780797E-15
   10.980   0.264028E+14   0.414252E-03   0.156897E-16   -1.36967       0   0.708254E-15
   11.040   0.264034E+14   0.381606E-03   0.144529E-16   -1.36720       0   0.642630E-15
   11.100   0.264039E+14   0.351585E-03   0.133156E-16   -1.36474       0   0.583246E-15
   11.160   0.264044E+14   0.323972E-03   0.122696E-16   -1.36231       0   0.529493E-15
   11.220   0.264048E+14   0.298571E-03   0.113074E-16   -1.35990       0   0.480824E-15
   11.280   0.264052E+14   0.275201E-03   0.104222E-16   -1.35751       0   0.436744E-15
   11.340   0.264056E+14   0.253696E-03   0.960765E-17   -1.35514       0   0.396809E-15
   11.400   0.264059E+14   0.233904E-03   0.885801E-17   -1.35279       0   0.360620E-15
   11.460   0.264062E+14   0.215686E-03   0.816800E-17   -1.35046       0   0.327815E-15
   11.520   0.264065E+14   0.198915E-03   0.753279E-17   -1.34816       0   0.298071E-15
   11.580   0.264067E+14   0.183472E-03   0.694794E-17   -1.34587       0   0.271094E-15
   11.640   0.264070E+14   0.169252E-03   0.640937E-17   -1.34360       0   0.246620E-15
   11.700   0.264072E+14   0.156155E-03   0.591335E-17   -1.34135       0   0.224411E-15
   11.760   0.264074E+14   0.144091E-03   0.545646E-17   -1.33912       0   0.204251E-15
   11.820   0.264075E+14   0.132976E-03   0.503553E-17   -1.33690       0   0.185948E-15
   11.880   0.264077E+14   0.122735E-03   0.464769E-17   -1.33471       0   0.169325E-15
   11.940   0.264079E+14   0.113297E-03   0.429029E-17   -1.33253       0   0.154225E-15
   12.000   0.264080E+14   0.104599E-03   0.396088E-17   -1.33038       0   0.140505E-15
   12.060   0.264081E+14   0.965807E-04   0.365724E-17   -1.32824       0   0.128035E-15
   12.120   0.264082E+14   0.891886E-04   0.337730E-17   -1.32611       0   0.116698E-15
   12.180   0.264083E+14   0.823726E-04   0.311919E-17   -1.32401       0   0.106390E-15
   12.240   0.264084E+14   0.760871E-04   0.288117E-17   -1.32192       0   0.970135E-16
   12.300   0.264085E+14   0.702900E-04   0.266164E-17   -1.31985       0   0.884835E-16
   12.360   0.264086E+14   0.649426E-04   0.245915E-17   -1.31779       0   0.807214E-16
   12.420   0.264086E+14   0.600093E-04   0.227234E-17   -1.31575       0   0.736563E-16
   12.480   0.264087E+14   0.554575E-04   0.209997E-17   -1.31373       0   0.672241E-16
   12.540   0.264088E+14   0.512572E-04   0.194092E-17   -1.31172       0   0.613669E-16
   12.600   0.264088E+14   0.473807E-04   0.179412E-17   -1.30973       0   0.560319E-16
   12.660   0.264089E+14   0.438026E-04   0.165863E-17   -1.30776       0   0.511714E-16
   12.720   0.264089E+14   0.404994E-04   0.153355E-17   -1.30580       0   0.467424E-16
   12.780   0.264090E+14   0.374497E-04   0.141807E-17   -1.30385       0   0.427055E-16
   12.840   0.264090E+14   0.346337E-04   0.131144E-17   -1.30192       0   0.390253E-16
   12.900   0.264090E+14   0.320331E-04   0.121296E-17   -1.30001       0   0.356694E-16
   12.960   0.264091E+14   0.296312E-04   0.112201E-17   -1.29811       0   0.326087E-16
   13.020   0.264091E+14   0.274125E-04   0.103800E-17   -1.29622       0   0.298166E-16
   13.080   0.264091E+14   0.253628E-04   0.960381E-18   -1.29435       0   0.272689E-16
   13.140   0.264091E+14   0.234690E-04   0.888669E-18   -1.29250       0   0.249438E-16
   13.200   0.264092E+14   0.217190E-04   0.822403E-18   -1.29065       0   0.228213E-16
   13.260   0.264092E+14   0.201017E-04   0.761162E-18   -1.28882       0   0.208835E-16
   13.320   0.264092E+14   0.186068E-04   0.704559E-18   -1.28701       0   0.191138E-16
   13.380   0.264092E+14   0.172250E-04   0.652235E-18   -1.28521       0   0.174974E-16
   13.440   0.264092E+14   0.159475E-04   0.603862E-18   -1.28342       0   0.160207E-16
   13.500   0.264092E+14   0.147664E-04   0.559137E-18   -1.28164       0   0.146714E-16
   13.560   0.264092E+14   0.136742E-04   0.517779E-18   -1.27988       0   0.134381E-16
   13.620   0.264093E+14   0.126641E-04   0.479531E-18   -1.27813       0   0.123108E-16
   13.680   0.264093E+14   0.117298E-04   0.444155E-18   -1.27639       0   0.112800E-16
   13.740   0.264093E+14   0.108656E-04   0.411431E-18   -1.27467       0   0.103375E-16
   13.800   0.264093E+14   0.100661E-04   0.381157E-18   -1.27296       0   0.947531E-17
   13.860   0.264093E+14   0.932638E-05   0.353148E-18   -1.27126       0   0.868660E-17
   13.920   0.264093E+14   0.864190E-05   0.327229E-18   -1.26957       0   0.796493E-17
   13.980   0.264093E+14   0.800846E-05   0.303244E-18   -1.26790       0   0.730447E-17
   14.040   0.264093E+14   0.742220E-05   0.281045E-18   -1.26623       0   0.669992E-17
   14.100   0.264093E+14   0.687953E-05   0.260496E-18   -1.26458       0   0.614645E-17
   14.160   0.264093E+14   0.637717E-05   0.241474E-18   -1.26294       0   0.563965E-17
   14.220   0.264093E+14   0.591208E-05   0.223863E-18   -1.26132       0   0.517551E-17
   14.280   0.264093E+14   0.548144E-05   0.207557E-18   -1.25970       0   0.475035E-17
   14.340   0.264093E+14   0.508265E-05   0.192457E-18   -1.25809       0   0.436083E-17
   14.400   0.264093E+14   0.471334E-05   0.178472E-18   -1.25650       0   0.400390E-17
   14.460   0.264093E+14   0.437127E-05   0.165520E-18   -1.25492       0   0.367678E-17
   14.520   0.264094E+14   0.405441E-05   0.153522E-18   -1.25335       0   0.337692E-17
   14.580   0.264094E+14   0.376088E-05   0.142407E-18   -1.25178       0   0.310201E-17
   14.640   0.264094E+14   0.348892E-05   0.132109E-18   -1.25023       0   0.284993E-17
   14.700   0.264094E+14   0.323693E-05   0.122567E-18   -1.24869       0   0.261874E-17
   14.760   0.264094E+14   0.300341E-05   0.113725E-18   -1.24716       0   0.240668E-17
   14.820   0.264094E+14   0.278700E-05   0.105531E-18   -1.24564       0   0.221214E-17
   14.880   0.264094E+14   0.258641E-05   0.979354E-19   -1.24414       0   0.203362E-17
   14.940   0.264094E+14   0.240048E-05   0.908950E-19   -1.24264       0   0.186980E-17
   15.000   0.264094E+14   0.222811E-05   0.843682E-19   -1.24115       0   0.171943E-17
   15.060   0.264094E+14   0.206831E-05   0.783171E-19   -1.23967       0   0.158139E-17
   15.120   0.264094E+14   0.192013E-05   0.727065E-19   -1.23820       0   0.145465E-17
   15.180   0.264094E+14   0.178273E-05   0.675037E-19   -1.23674       0   0.133825E-17
   15.240   0.264094E+14   0.165530E-05   0.626787E-19   -1.23529       0   0.123136E-17
   15.300   0.264094E+14   0.153712E-05   0.582036E-19   -1.23385       0   0.113316E-17
   15.360   0.264094E+14   0.142750E-05   0.540527E-19   -1.23242       0   0.104294E-17
   15.420   0.264094E+14   0.132581E-05   0.502021E-19   -1.23100       0   0.960045E-18
   15.480   0.264094E+14   0.123146E-05   0.466298E-19   -1.22959       0   0.883860E-18
   15.540   0.264094E+14   0.114393E-05   0.433153E-19   -1.22819       0   0.813835E-18
   15.600   0.264094E+14   0.106271E-05   0.402398E-19   -1.22679       0   0.749461E-18
   15.660   0.264094E+14   0.987335E-06   0.373858E-19   -1.22541       0   0.690274E-18
   15.720   0.264094E+14   0.917384E-06   0.347371E-19   -1.22403       0   0.635848E-18
   15.780   0.264094E+14   0.852460E-06   0.322787E-19   -1.22266       0   0.585793E-18
   15.840   0.264094E+14   0.792194E-06   0.299967E-19   -1.22130       0   0.539751E-18
   15.900   0.264094E+14   0.736250E-06   0.278783E-19   -1.21995       0   0.497393E-18
   15.960   0.264094E+14   0.684311E-06   0.259117E-19   -1.21861       0   0.458421E-18
   16.020   0.264094E+14   0.636087E-06   0.240856E-19   -1.21728       0   0.422558E-18
   16.080   0.264094E+14   0.591309E-06   0.223901E-19   -1.21596       0   0.389551E-18
   16.140   0.264094E+14   0.549726E-06   0.208156E-19   -1.21464       0   0.359168E-18
   16.200   0.264094E+14   0.511108E-06   0.193533E-19   -1.21333       0   0.331198E-18
   16.260   0.264094E+14   0.475240E-06   0.179951E-19   -1.21203       0   0.305445E-18
   16.320   0.264094E+14   0.441924E-06   0.167336E-19   -1.21074       0   0.281730E-18
   16.380   0.264094E+14   0.410975E-06   0.155617E-19   -1.20946       0   0.259889E-18
   16.440   0.264094E+14   0.382222E-06   0.144730E-19   -1.20818       0   0.239771E-18
   16.500   0.264094E+14   0.355509E-06   0.134615E-19   -1.20691       0   0.221238E-18
   16.560   0.264094E+14   0.330687E-06   0.125216E-19   -1.20565       0   0.204163E-18
   16.620   0.264094E+14   0.307622E-06   0.116482E-19   -1.20440       0   0.188428E-18
   16.680   0.264094E+14   0.286187E-06   0.108366E-19   -1.20315       0   0.173927E-18
   16.740   0.264094E+14   0.266265E-06   0.100822E-19   -1.20192       0   0.160561E-18
   16.800   0.264094E+14   0.247749E-06   0.938108E-20   -1.20069       0   0.148240E-18
   16.860   0.264094E+14   0.230537E-06   0.872935E-20   -1.19946       0   0.136881E-18
   16.920   0.264094E+14   0.214536E-06   0.812348E-20   -1.19825       0   0.126407E-18
   16.980   0.264094E+14   0.199661E-06   0.756022E-20   -1.19704       0   0.116749E-18
   17.040   0.264094E+14   0.185830E-06   0.703652E-20   -1.19584       0   0.107840E-18
   17.100   0.264094E+14   0.172970E-06   0.654957E-20   -1.19465       0   0.996232E-19
   17.160   0.264094E+14   0.161011E-06   0.609675E-20   -1.19346       0   0.920428E-19
   17.220   0.264094E+14   0.149890E-06   0.567564E-20   -1.19228       0   0.850488E-19
   17.280   0.264094E+14   0.139547E-06   0.528399E-20   -1.19111       0   0.785952E-19
   17.340   0.264094E+14   0.129927E-06   0.491972E-20   -1.18994       0   0.726394E-19
   17.400   0.264094E+14   0.120978E-06   0.458087E-20   -1.18878       0   0.671424E-19
   17.460   0.264094E+14   0.112653E-06   0.426566E-20   -1.18763       0   0.620682E-19
   17.520   0.264094E+14   0.104909E-06   0.397241E-20   -1.18648       0   0.573838E-19
   17.580   0.264094E+14   0.977036E-07   0.369958E-20   -1.18535       0   0.530587E-19
   17.640   0.264094E+14   0.909993E-07   0.344572E-20   -1.18421       0   0.490650E-19
   17.700   0.264094E+14   0.847607E-07   0.320949E-20   -1.18309       0   0.453767E-19
   17.760   0.264094E+14   0.789552E-07   0.298966E-20   -1.18197       0   0.419701E-19
   17.820   0.264094E+14   0.735523E-07   0.278508E-20   -1.18085       0   0.388234E-19
   17.880   0.264094E+14   0.685236E-07   0.259467E-20   -1.17975       0   0.359164E-19
   17.940   0.264094E+14   0.638430E-07   0.241743E-20   -1.17865       0   0.332306E-19
   18.000   0.264094E+14   0.594860E-07   0.225246E-20   -1.17755       0   0.307488E-19
   18.060   0.264094E+14   0.554299E-07   0.209887E-20   -1.17647       0   0.284553E-19
   18.120   0.264094E+14   0.516538E-07   0.195589E-20   -1.17538       0   0.263356E-19
   18.180   0.264094E+14   0.481381E-07   0.182276E-20   -1.17431       0   0.243762E-19
   18.240   0.264094E+14   0.448645E-07   0.169881E-20   -1.17324       0   0.225649E-19
   18.300   0.264094E+14   0.418163E-07   0.158339E-20   -1.17217       0   0.208903E-19
   18.360   0.264094E+14   0.389776E-07   0.147590E-20   -1.17112       0   0.193419E-19
   18.420   0.264094E+14   0.363339E-07   0.137579E-20   -1.17006       0   0.179101E-19
   18.480   0.264094E+14   0.338717E-07   0.128256E-20   -1.16902       0   0.165859E-19
   18.540   0.264094E+14   0.315783E-07   0.119572E-20   -1.16798       0   0.153611E-19
   18.600   0.264094E+14   0.294420E-07   0.111483E-20   -1.16694       0   0.142281E-19
   18.660   0.264094E+14   0.274519E-07   0.103948E-20   -1.16591       0   0.131800E-19
   18.720   0.264094E+14   0.255979E-07   0.969274E-21   -1.16489       0   0.122102E-19
   18.780   0.264094E+14   0.238706E-07   0.903869E-21   -1.16387       0   0.113129E-19
   18.840   0.264094E+14   0.222612E-07   0.842929E-21   -1.16286       0   0.104825E-19
   18.900   0.264094E+14   0.207616E-07   0.786145E-21   -1.16185       0   0.971400E-20
   18.960   0.264094E+14   0.193642E-07   0.733231E-21   -1.16085       0   0.900267E-20
   19.020   0.264094E+14   0.180619E-07   0.683919E-21   -1.15985       0   0.834421E-20
   19.080   0.264094E+14   0.168482E-07   0.637962E-21   -1.15886       0   0.773462E-20
   19.140   0.264094E+14   0.157170E-07   0.595128E-21   -1.15788       0   0.717023E-20
   19.200   0.264094E+14   0.146626E-07   0.555203E-21   -1.15690       0   0.664762E-20
   19.260   0.264094E+14   0.136797E-07   0.517986E-21   -1.15592       0   0.616367E-20
   19.320   0.264094E+14   0.127635E-07   0.483293E-21   -1.15495       0   0.571546E-20
   19.380   0.264094E+14   0.119093E-07   0.450949E-21   -1.15399       0   0.530033E-20
   19.440   0.264094E+14   0.111129E-07   0.420794E-21   -1.15303       0   0.491578E-20
   19.500   0.264094E+14   0.103704E-07   0.392678E-21   -1.15207       0   0.455953E-20
   19.560   0.264094E+14   0.967804E-08   0.366462E-21   -1.15112       0   0.422948E-20
   19.620   0.264094E+14   0.903242E-08   0.342016E-21   -1.15018       0   0.392366E-20
   19.680   0.264094E+14   0.843035E-08   0.319218E-21   -1.14924       0   0.364027E-20
   19.740   0.264094E+14   0.786885E-08   0.297956E-21   -1.14830       0   0.337764E-20
   19.800   0.264094E+14   0.734516E-08   0.278127E-21   -1.14737       0   0.313422E-20
   19.860   0.264094E+14   0.685670E-08   0.259631E-21   -1.14645       0   0.290860E-20
   19.920   0.264094E+14   0.640109E-08   0.242379E-21   -1.14553       0   0.269944E-20
   19.980   0.264094E+14   0.597607E-08   0.226286E-21   -1.14461       0   0.250554E-20
   20.040   0.264094E+14   0.557958E-08   0.211273E-21   -1.14370       0   0.232576E-20
   20.100   0.264094E+14   0.520968E-08   0.197266E-21   -1.14279       0   0.215906E-20
   20.160   0.264094E+14   0.486457E-08   0.184199E-21   -1.14189       0   0.200448E-20
   20.220   0.264094E+14   0.454257E-08   0.172006E-21   -1.14100       0   0.186111E-20
   20.280   0.264094E+14   0.424210E-08   0.160629E-21   -1.14010       0   0.172815E-20
   20.340   0.264094E+14   0.396173E-08   0.150012E-21   -1.13921       0   0.160481E-20
   20.400   0.264094E+14   0.370008E-08   0.140105E-21   -1.13833       0   0.149039E-20
   20.460   0.264094E+14   0.345589E-08   0.130858E-21   -1.13745       0   0.138425E-20
   20.520   0.264094E+14   0.322799E-08   0.122229E-21   -1.13658       0   0.128576E-20
   20.580   0.264094E+14   0.301527E-08   0.114174E-21   -1.13571       0   0.119438E-20
   20.640   0.264094E+14   0.281672E-08   0.106656E-21   -1.13484       0   0.110958E-20
   20.700   0.264094E+14   0.263138E-08   0.996382E-22   -1.13398       0   0.103088E-20
   20.760   0.264094E+14   0.245837E-08   0.930868E-22   -1.13312       0   0.957839E-21
   20.820   0.264094E+14   0.229684E-08   0.869707E-22   -1.13227       0   0.890042E-21
   20.880   0.264094E+14   0.214604E-08   0.812605E-22   -1.13142       0   0.827107E-21
   20.940   0.264094E+14   0.200524E-08   0.759292E-22   -1.13057       0   0.768681E-21
   21.000   0.264094E+14   0.187378E-08   0.709511E-22   -1.12973       0   0.714437E-21
   21.060   0.264094E+14   0.175102E-08   0.663028E-22   -1.12890       0   0.664071E-21
   21.120   0.264094E+14   0.163638E-08   0.619622E-22   -1.12806       0   0.617303E-21
   21.180   0.264094E+14   0.152933E-08   0.579086E-22   -1.12723       0   0.573871E-21
   21.240   0.264094E+14   0.142935E-08   0.541228E-22   -1.12641       0   0.533535E-21
   21.300   0.264094E+14   0.133597E-08   0.505871E-22   -1.12559       0   0.496071E-21
   21.360   0.264094E+14   0.124876E-08   0.472846E-22   -1.12477       0   0.461271E-21
   21.420   0.264094E+14   0.116729E-08   0.441999E-22   -1.12396       0   0.428944E-21
   21.480   0.264094E+14   0.109120E-08   0.413185E-22   -1.12315       0   0.398912E-21
   21.540   0.264094E+14   0.102011E-08   0.386267E-22   -1.12235       0   0.371009E-21
   21.600   0.264094E+14   0.953698E-09   0.361121E-22   -1.12155       0   0.345083E-21
   21.660   0.264094E+14   0.891654E-09   0.337628E-22   -1.12075       0   0.320992E-21
   21.720   0.264094E+14   0.833687E-09   0.315678E-22   -1.11996       0   0.298603E-21
   21.780   0.264094E+14   0.779524E-09   0.295169E-22   -1.11917       0   0.277796E-21
   21.840   0.264094E+14   0.728915E-09   0.276006E-22   -1.11838       0   0.258458E-21
   21.900   0.264094E+14   0.681624E-09   0.258099E-22   -1.11760       0   0.240482E-21
   21.960   0.264094E+14   0.637431E-09   0.241365E-22   -1.11682       0   0.223772E-21
   22.020   0.264094E+14   0.596131E-09   0.225727E-22   -1.11604       0   0.208237E-21
   22.080   0.264094E+14   0.557532E-09   0.211111E-22   -1.11527       0   0.193795E-21
   22.140   0.264094E+14   0.521457E-09   0.197451E-22   -1.11451       0   0.180366E-21
   22.200   0.264094E+14   0.487739E-09   0.184684E-22   -1.11374       0   0.167880E-21
   22.260   0.264094E+14   0.456221E-09   0.172750E-22   -1.11298       0   0.156268E-21
   22.320   0.264094E+14   0.426760E-09   0.161594E-22   -1.11222       0   0.145470E-21
   22.380   0.264094E+14   0.399219E-09   0.151166E-22   -1.11147       0   0.135426E-21
   22.440   0.264094E+14   0.373473E-09   0.141417E-22   -1.11072       0   0.126085E-21
   22.500   0.264094E+14   0.349402E-09   0.132302E-22   -1.10997       0   0.117395E-21
   22.560   0.264094E+14   0.326898E-09   0.123781E-22   -1.10923       0   0.109312E-21
   22.620   0.264094E+14   0.305857E-09   0.115814E-22   -1.10849       0   0.101792E-21
   22.680   0.264094E+14   0.286182E-09   0.108364E-22   -1.10776       0   0.947958E-22
   22.740   0.264094E+14   0.267785E-09   0.101398E-22   -1.10702       0   0.882859E-22
   22.800   0.264094E+14   0.250582E-09   0.948837E-23   -1.10629       0   0.822284E-22
   22.860   0.264094E+14   0.234494E-09   0.887919E-23   -1.10557       0   0.765915E-22
   22.920   0.264094E+14   0.219449E-09   0.830949E-23   -1.10484       0   0.713456E-22
   22.980   0.264094E+14   0.205377E-09   0.777668E-23   -1.10412       0   0.664632E-22
   23.040   0.264094E+14   0.192217E-09   0.727834E-23   -1.10341       0   0.619188E-22
   23.100   0.264094E+14   0.179907E-09   0.681224E-23   -1.10269       0   0.576888E-22
   23.160   0.264094E+14   0.168393E-09   0.637625E-23   -1.10198       0   0.537511E-22
   23.220   0.264094E+14   0.157622E-09   0.596842E-23   -1.10128       0   0.500854E-22
   23.280   0.264094E+14   0.147547E-09   0.558691E-23   -1.10057       0   0.466725E-22
   23.340   0.264094E+14   0.138121E-09   0.523001E-23   -1.09987       0   0.434949E-22
   23.400   0.264094E+14   0.129303E-09   0.489611E-23   -1.09918       0   0.405361E-22
   23.460   0.264094E+14   0.121053E-09   0.458373E-23   -1.09848       0   0.377809E-22
   23.520   0.264094E+14   0.113335E-09   0.429145E-23   -1.09779       0   0.352151E-22
   23.580   0.264094E+14   0.106112E-09   0.401797E-23   -1.09710       0   0.328255E-22
   23.640   0.264094E+14   0.993542E-10   0.376208E-23   -1.09642       0   0.305999E-22
   23.700   0.264094E+14   0.930305E-10   0.352263E-23   -1.09573       0   0.285269E-22
   23.760   0.264094E+14   0.871128E-10   0.329855E-23   -1.09505       0   0.265960E-22
   23.820   0.264094E+14   0.815748E-10   0.308886E-23   -1.09438       0   0.247972E-22
   23.880   0.264094E+14   0.763920E-10   0.289261E-23   -1.09370       0   0.231214E-22
   23.940   0.264094E+14   0.715414E-10   0.270894E-23   -1.09303       0   0.215602E-22
   24.000   0.264094E+14   0.670014E-10   0.253703E-23   -1.09237       0   0.201055E-22
   24.060   0.264094E+14   0.627521E-10   0.237613E-23   -1.09170       0   0.187501E-22
   24.120   0.264094E+14   0.587746E-10   0.222552E-23   -1.09104       0   0.174871E-22
   24.180   0.264094E+14   0.550514E-10   0.208454E-23   -1.09038       0   0.163101E-22
   24.240   0.264094E+14   0.515661E-10   0.195257E-23   -1.08973       0   0.152131E-22
   24.300   0.264094E+14   0.483033E-10   0.182902E-23   -1.08907       0   0.141908E-22
   24.360   0.264094E+14   0.452487E-10   0.171336E-23   -1.08842       0   0.132379E-22
   24.420   0.264094E+14   0.423890E-10   0.160507E-23   -1.08777       0   0.123497E-22
   24.480   0.264094E+14   0.397115E-10   0.150369E-23   -1.08713       0   0.115217E-22
   24.540   0.264094E+14   0.372046E-10   0.140877E-23   -1.08649       0   0.107499E-22
   24.600   0.264094E+14   0.348573E-10   0.131988E-23   -1.08585       0   0.100303E-22
   24.660   0.264094E+14   0.326593E-10   0.123666E-23   -1.08521       0   0.935937E-23
   24.720   0.264093E+14   0.306011E-10   0.115872E-23   -1.08458       0   0.873382E-23
   24.780   0.264093E+14   0.286737E-10   0.108574E-23   -1.08394       0   0.815052E-23
   24.840   0.264093E+14   0.268687E-10   0.101740E-23   -1.08332       0   0.760660E-23
   24.900   0.264093E+14   0.251783E-10   0.953387E-24   -1.08269       0   0.709936E-23
 &
# For Channel #  3: l = 2, j =  2.0, c#  1;  k,eta =   0.65937  10.94406
    0.540   0.139331E+09   0.243028       0.174425E-08   -6.31776       0    28.7743    
    0.600   0.250486E+09   0.303031       0.120977E-08   -5.89195       0    8.73073    
    0.660   0.421443E+09   0.361949       0.858833E-09   -5.53793       0    2.95709    
    0.720   0.668817E+09   0.415830       0.621739E-09   -5.23826       0    1.09679    
    0.780   0.100653E+10   0.460652       0.457663E-09   -4.98079       0   0.439038    
    0.840   0.144136E+10   0.492621       0.341774E-09   -4.75679       0   0.187538    
    0.900   0.196717E+10   0.508451       0.258468E-09   -4.55982       0   0.847203E-01
    0.960   0.255814E+10   0.505630       0.197655E-09   -4.38501       0   0.401844E-01
    1.020   0.316160E+10   0.482640       0.152657E-09   -4.22864       0   0.198944E-01
    1.080   0.369135E+10   0.439115       0.118958E-09   -4.08776       0   0.102301E-01
    1.140   0.402292E+10   0.375930       0.934471E-10   -3.96005       0   0.544149E-02
    1.200   0.399220E+10   0.295208       0.739461E-10   -3.84364       0   0.298361E-02
    1.260   0.339928E+10   0.200242       0.589071E-10   -3.73701       0   0.168137E-02
    1.320   0.201931E+10   0.953428E-01   0.472155E-10   -3.63888       0   0.971346E-03
    1.380  -0.378099E+09  -0.143901E-01   0.380592E-10   -3.54822       0   0.574004E-03
    1.440  -0.399995E+10  -0.123357       0.308397E-10   -3.46416       0   0.346298E-03
    1.500  -0.899133E+10  -0.225786       0.251115E-10   -3.38594       0   0.212933E-03
    1.560  -0.153884E+11  -0.316081       0.205402E-10   -3.31294       0   0.133244E-03
    1.620  -0.230656E+11  -0.389172       0.168724E-10   -3.24462       0   0.847399E-04
    1.680  -0.316818E+11  -0.440842       0.139147E-10   -3.18051       0   0.547083E-04
    1.740  -0.406312E+11  -0.468003       0.115183E-10   -3.12020       0   0.358166E-04
    1.800  -0.490076E+11  -0.468917       0.956824E-11   -3.06335       0   0.237558E-04
    1.860  -0.555915E+11  -0.443326       0.797471E-11   -3.00964       0   0.159492E-04
    1.920  -0.588690E+11  -0.392505       0.666743E-11   -2.95880       0   0.108307E-04
    1.980  -0.570936E+11  -0.319212       0.559104E-11   -2.91059       0   0.743397E-05
    2.040  -0.483971E+11  -0.227546       0.470165E-11   -2.86480       0   0.515406E-05
    2.100  -0.309568E+11  -0.122724       0.396436E-11   -2.82123       0   0.360738E-05
    2.160  -0.321624E+10  -0.107783E-01   0.335122E-11   -2.77972       0   0.254750E-05
    2.220   0.358445E+11   0.101792       0.283982E-11   -2.74011       0   0.181429E-05
    2.280   0.864037E+11   0.208410       0.241205E-11   -2.70226       0   0.130249E-05
    2.340   0.147480E+12   0.302816       0.205327E-11   -2.66605       0   0.942174E-06
    2.400   0.216632E+12   0.379448       0.175158E-11   -2.63137       0   0.686460E-06
    2.460   0.289713E+12   0.433778       0.149727E-11   -2.59812       0   0.503583E-06
    2.520   0.360726E+12   0.462588       0.128238E-11   -2.56620       0   0.371839E-06
    2.580   0.421824E+12   0.464174       0.110040E-11   -2.53552       0   0.276270E-06
    2.640   0.463498E+12   0.438445       0.945947E-12   -2.50602       0   0.206483E-06
    2.700   0.474999E+12   0.386928       0.814588E-12   -2.47762       0   0.155199E-06
    2.760   0.445003E+12   0.312679       0.702645E-12   -2.45025       0   0.117285E-06
    2.820   0.362547E+12   0.220089       0.607063E-12   -2.42386       0   0.890931E-07
    2.880   0.218192E+12   0.114616       0.525300E-12   -2.39838       0   0.680137E-07
    2.940   0.538383E+10   0.245090E-02   0.455233E-12   -2.37378       0   0.521690E-07
    3.000  -0.278070E+12  -0.109861       0.395085E-12   -2.34999       0   0.401983E-07
    3.060  -0.628526E+12  -0.215814       0.343365E-12   -2.32699       0   0.311104E-07
    3.120  -0.103516E+13  -0.309330       0.298822E-12   -2.30472       0   0.241786E-07
    3.180  -0.147894E+13  -0.385115       0.260399E-12   -2.28315       0   0.188675E-07
    3.240  -0.193200E+13  -0.438962       0.227206E-12   -2.26224       0   0.147805E-07
    3.300  -0.235771E+13  -0.467979       0.198489E-12   -2.24197       0   0.116224E-07
    3.360  -0.271147E+13  -0.470736       0.173609E-12   -2.22230       0   0.917218E-08
    3.420  -0.294236E+13  -0.447313       0.152025E-12   -2.20320       0   0.726383E-08
    3.480  -0.299575E+13  -0.399257       0.133275E-12   -2.18465       0   0.577194E-08
    3.540  -0.281672E+13  -0.329458       0.116965E-12   -2.16662       0   0.460141E-08
    3.600  -0.235430E+13  -0.241931       0.102761E-12   -2.14909       0   0.367982E-08
    3.660  -0.156632E+13  -0.141557       0.903757E-13   -2.13204       0   0.295176E-08
    3.720  -0.424461E+12  -0.337715E-01   0.795633E-13   -2.11544       0   0.237473E-08
    3.780   0.108063E+13   0.757668E-01   0.701134E-13   -2.09927       0   0.191595E-08
    3.840   0.293470E+13   0.181497       0.618450E-13   -2.08353       0   0.155007E-08
    3.900   0.509605E+13   0.278258       0.546026E-13   -2.06818       0   0.125742E-08
    3.960   0.749295E+13   0.361551       0.482522E-13   -2.05322       0   0.102266E-08
    4.020   0.100225E+14   0.427741       0.426782E-13   -2.03863       0   0.833826E-09
    4.080   0.125513E+14   0.474197       0.377807E-13   -2.02440       0   0.681520E-09
    4.140   0.149181E+14   0.499361       0.334735E-13   -2.01050       0   0.558354E-09
    4.200   0.169382E+14   0.502755       0.296817E-13   -1.99693       0   0.458499E-09
    4.260   0.184093E+14   0.484914       0.263407E-13   -1.98368       0   0.377345E-09
    4.320   0.191194E+14   0.447281       0.233941E-13   -1.97073       0   0.311229E-09
    4.380   0.188549E+14   0.392052       0.207931E-13   -1.95807       0   0.257241E-09
    4.440   0.174097E+14   0.321995       0.184952E-13   -1.94570       0   0.213055E-09
    4.500   0.145938E+14   0.240262       0.164633E-13   -1.93359       0   0.176812E-09
    4.560   0.102418E+14   0.150197       0.146652E-13   -1.92175       0   0.147019E-09
    4.620   0.421963E+13   0.551616E-01   0.130726E-13   -1.91017       0   0.122479E-09
    4.680  -0.356959E+13  -0.416250E-01   0.116610E-13   -1.89882       0   0.102224E-09
    4.740  -0.131820E+14  -0.137209       0.104088E-13   -1.88772       0   0.854716E-10
    4.800  -0.246309E+14  -0.229000       0.929725E-14   -1.87684       0   0.715902E-10
    4.860  -0.378870E+14  -0.314831       0.830975E-14   -1.86618       0   0.600659E-10
    4.920  -0.528803E+14  -0.392998       0.743183E-14   -1.85574       0   0.504809E-10
    4.980  -0.695038E+14  -0.462255       0.665079E-14   -1.84550       0   0.424946E-10
    5.040  -0.876184E+14  -0.521807       0.595546E-14   -1.83547       0   0.358286E-10
    5.100  -0.107059E+15  -0.571264       0.533600E-14   -1.82563       0   0.302551E-10
    5.160  -0.127639E+15  -0.610597       0.478377E-14   -1.81598       0   0.255874E-10
    5.220  -0.149162E+15  -0.640077       0.429115E-14   -1.80651       0   0.216719E-10
    5.280  -0.171422E+15  -0.660219       0.385143E-14   -1.79721       0   0.183821E-10
    5.340  -0.194212E+15  -0.671717       0.345868E-14   -1.78809       0   0.156138E-10
    5.400  -0.217332E+15  -0.675393       0.310766E-14   -1.77914       0   0.132807E-10
    5.460  -0.240588E+15  -0.672143       0.279375E-14   -1.77034       0   0.113115E-10
    5.520  -0.263800E+15  -0.662896       0.251287E-14   -1.76171       0   0.964699E-11
    5.580  -0.286805E+15  -0.648577       0.226139E-14   -1.75323       0   0.823808E-11
    5.640  -0.309455E+15  -0.630080       0.203610E-14   -1.74489       0   0.704385E-11
    5.700  -0.331620E+15  -0.608246       0.183416E-14   -1.73670       0   0.603021E-11
    5.760  -0.353192E+15  -0.583848       0.165306E-14   -1.72865       0   0.516870E-11
    5.820  -0.374078E+15  -0.557584       0.149055E-14   -1.72074       0   0.443553E-11
    5.880  -0.394206E+15  -0.530071       0.134466E-14   -1.71295       0   0.381079E-11
    5.940  -0.413518E+15  -0.501845       0.121360E-14   -1.70530       0   0.327778E-11
    6.000  -0.431973E+15  -0.473363       0.109582E-14   -1.69778       0   0.282247E-11
    6.060  -0.449545E+15  -0.445007       0.989906E-15   -1.69037       0   0.243307E-11
    6.120  -0.466218E+15  -0.417092       0.894627E-15   -1.68309       0   0.209964E-11
    6.180  -0.481991E+15  -0.389868       0.808870E-15   -1.67592       0   0.181381E-11
    6.240  -0.496867E+15  -0.363530       0.731645E-15   -1.66886       0   0.156851E-11
    6.300  -0.510862E+15  -0.338227       0.662070E-15   -1.66192       0   0.135776E-11
    6.360  -0.523996E+15  -0.314062       0.599360E-15   -1.65508       0   0.117649E-11
    6.420  -0.536293E+15  -0.291105       0.542810E-15   -1.64835       0   0.102042E-11
    6.480  -0.547784E+15  -0.269397       0.491793E-15   -1.64172       0   0.885898E-12
    6.540  -0.558502E+15  -0.248951       0.445747E-15   -1.63519       0   0.769831E-12
    6.600  -0.568480E+15  -0.229762       0.404169E-15   -1.62876       0   0.669588E-12
    6.660  -0.577756E+15  -0.211811       0.366610E-15   -1.62242       0   0.582925E-12
    6.720  -0.586367E+15  -0.195065       0.332667E-15   -1.61618       0   0.507929E-12
    6.780  -0.594348E+15  -0.179480       0.301979E-15   -1.61002       0   0.442968E-12
    6.840  -0.601738E+15  -0.165010       0.274222E-15   -1.60396       0   0.386647E-12
    6.900  -0.608572E+15  -0.151599       0.249106E-15   -1.59798       0   0.337771E-12
    6.960  -0.614885E+15  -0.139193       0.226372E-15   -1.59209       0   0.295317E-12
    7.020  -0.620713E+15  -0.127733       0.205784E-15   -1.58628       0   0.258410E-12
    7.080  -0.626087E+15  -0.117162       0.187134E-15   -1.58055       0   0.226296E-12
    7.140  -0.631038E+15  -0.107423       0.170232E-15   -1.57490       0   0.198329E-12
    7.200  -0.635598E+15  -0.984594E-01   0.154908E-15   -1.56932       0   0.173952E-12
    7.260  -0.639793E+15  -0.902180E-01   0.141011E-15   -1.56383       0   0.152688E-12
    7.320  -0.643651E+15  -0.826466E-01   0.128403E-15   -1.55841       0   0.134123E-12
    7.380  -0.647197E+15  -0.756959E-01   0.116960E-15   -1.55305       0   0.117902E-12
    7.440  -0.650454E+15  -0.693191E-01   0.106570E-15   -1.54778       0   0.103718E-12
    7.500  -0.653444E+15  -0.634719E-01   0.971343E-16   -1.54257       0   0.913053E-13
    7.560  -0.656189E+15  -0.581130E-01   0.885613E-16   -1.53742       0   0.804345E-13
    7.620  -0.658707E+15  -0.532036E-01   0.807698E-16   -1.53235       0   0.709067E-13
    7.680  -0.661016E+15  -0.487076E-01   0.736860E-16   -1.52734       0   0.625500E-13
    7.740  -0.663133E+15  -0.445914E-01   0.672435E-16   -1.52239       0   0.552151E-13
    7.800  -0.665073E+15  -0.408238E-01   0.613825E-16   -1.51751       0   0.487723E-13
    7.860  -0.666851E+15  -0.373760E-01   0.560486E-16   -1.51269       0   0.431093E-13
    7.920  -0.668479E+15  -0.342214E-01   0.511929E-16   -1.50792       0   0.381280E-13
    7.980  -0.669970E+15  -0.313353E-01   0.467711E-16   -1.50322       0   0.337436E-13
    8.040  -0.671335E+15  -0.286951E-01   0.427433E-16   -1.49858       0   0.298818E-13
    8.100  -0.672585E+15  -0.262800E-01   0.390732E-16   -1.49399       0   0.264781E-13
    8.160  -0.673728E+15  -0.240709E-01   0.357279E-16   -1.48945       0   0.234762E-13
    8.220  -0.674775E+15  -0.220503E-01   0.326780E-16   -1.48498       0   0.208270E-13
    8.280  -0.675732E+15  -0.202019E-01   0.298963E-16   -1.48055       0   0.184875E-13
    8.340  -0.676608E+15  -0.185111E-01   0.273587E-16   -1.47618       0   0.164202E-13
    8.400  -0.677409E+15  -0.169643E-01   0.250430E-16   -1.47186       0   0.145923E-13
    8.460  -0.678142E+15  -0.155492E-01   0.229292E-16   -1.46759       0   0.129752E-13
    8.520  -0.678812E+15  -0.142545E-01   0.209991E-16   -1.46336       0   0.115436E-13
    8.580  -0.679424E+15  -0.130697E-01   0.192364E-16   -1.45919       0   0.102756E-13
    8.640  -0.679984E+15  -0.119854E-01   0.176260E-16   -1.45507       0   0.915173E-14
    8.700  -0.680496E+15  -0.109930E-01   0.161545E-16   -1.45099       0   0.815509E-14
    8.760  -0.680964E+15  -0.100846E-01   0.148093E-16   -1.44696       0   0.727077E-14
    8.820  -0.681392E+15  -0.925295E-02   0.135795E-16   -1.44297       0   0.648568E-14
    8.880  -0.681783E+15  -0.849142E-02   0.124547E-16   -1.43903       0   0.578829E-14
    8.940  -0.682140E+15  -0.779401E-02   0.114258E-16   -1.43513       0   0.516847E-14
    9.000  -0.682466E+15  -0.715522E-02   0.104843E-16   -1.43128       0   0.461730E-14
    9.060  -0.682765E+15  -0.657002E-02   0.962267E-17   -1.42746       0   0.412691E-14
    9.120  -0.683037E+15  -0.603383E-02   0.883382E-17   -1.42369       0   0.369037E-14
    9.180  -0.683286E+15  -0.554245E-02   0.811146E-17   -1.41996       0   0.330158E-14
    9.240  -0.683514E+15  -0.509206E-02   0.744983E-17   -1.41627       0   0.295513E-14
    9.300  -0.683722E+15  -0.467917E-02   0.684368E-17   -1.41261       0   0.264625E-14
    9.360  -0.683912E+15  -0.430058E-02   0.628821E-17   -1.40900       0   0.237074E-14
    9.420  -0.684085E+15  -0.395338E-02   0.577908E-17   -1.40543       0   0.212486E-14
    9.480  -0.684244E+15  -0.363491E-02   0.531230E-17   -1.40189       0   0.190534E-14
    9.540  -0.684388E+15  -0.334273E-02   0.488426E-17   -1.39839       0   0.170924E-14
    9.600  -0.684521E+15  -0.307462E-02   0.449164E-17   -1.39492       0   0.153399E-14
    9.660  -0.684641E+15  -0.282855E-02   0.413144E-17   -1.39149       0   0.137729E-14
    9.720  -0.684752E+15  -0.260267E-02   0.380090E-17   -1.38810       0   0.123713E-14
    9.780  -0.684852E+15  -0.239528E-02   0.349752E-17   -1.38474       0   0.111169E-14
    9.840  -0.684944E+15  -0.220483E-02   0.321899E-17   -1.38141       0   0.999384E-15
    9.900  -0.685029E+15  -0.202990E-02   0.296324E-17   -1.37812       0   0.898788E-15
    9.960  -0.685105E+15  -0.186920E-02   0.272834E-17   -1.37486       0   0.808643E-15
   10.020  -0.685175E+15  -0.172154E-02   0.251255E-17   -1.37163       0   0.727828E-15
   10.080  -0.685239E+15  -0.158583E-02   0.231428E-17   -1.36843       0   0.655347E-15
   10.140  -0.685298E+15  -0.146109E-02   0.213206E-17   -1.36527       0   0.590312E-15
   10.200  -0.685351E+15  -0.134641E-02   0.196455E-17   -1.36214       0   0.531936E-15
   10.260  -0.685400E+15  -0.124095E-02   0.181055E-17   -1.35903       0   0.479513E-15
   10.320  -0.685445E+15  -0.114396E-02   0.166893E-17   -1.35596       0   0.432419E-15
   10.380  -0.685485E+15  -0.105473E-02   0.153866E-17   -1.35291       0   0.390094E-15
   10.440  -0.685522E+15  -0.972637E-03   0.141883E-17   -1.34990       0   0.352041E-15
   10.500  -0.685556E+15  -0.897090E-03   0.130856E-17   -1.34691       0   0.317815E-15
   10.560  -0.685587E+15  -0.827555E-03   0.120708E-17   -1.34395       0   0.287019E-15
   10.620  -0.685616E+15  -0.763542E-03   0.111366E-17   -1.34102       0   0.259298E-15
   10.680  -0.685641E+15  -0.704601E-03   0.102765E-17   -1.33812       0   0.234337E-15
   10.740  -0.685665E+15  -0.650320E-03   0.948452E-18   -1.33524       0   0.211851E-15
   10.800  -0.685686E+15  -0.600323E-03   0.875507E-18   -1.33239       0   0.191589E-15
   10.860  -0.685706E+15  -0.554262E-03   0.808309E-18   -1.32957       0   0.173323E-15
   10.920  -0.685724E+15  -0.511821E-03   0.746394E-18   -1.32677       0   0.156851E-15
   10.980  -0.685740E+15  -0.472707E-03   0.689338E-18   -1.32400       0   0.141992E-15
   11.040  -0.685755E+15  -0.436653E-03   0.636748E-18   -1.32125       0   0.128582E-15
   11.100  -0.685769E+15  -0.403415E-03   0.588267E-18   -1.31852       0   0.116476E-15
   11.160  -0.685781E+15  -0.372767E-03   0.543566E-18   -1.31582       0   0.105544E-15
   11.220  -0.685793E+15  -0.344503E-03   0.502342E-18   -1.31315       0   0.956677E-16
   11.280  -0.685803E+15  -0.318432E-03   0.464319E-18   -1.31050       0   0.867430E-16
   11.340  -0.685813E+15  -0.294380E-03   0.429242E-18   -1.30787       0   0.786752E-16
   11.400  -0.685821E+15  -0.272187E-03   0.396877E-18   -1.30526       0   0.713797E-16
   11.460  -0.685829E+15  -0.251706E-03   0.367010E-18   -1.30268       0   0.647803E-16
   11.520  -0.685837E+15  -0.232802E-03   0.339443E-18   -1.30012       0   0.588087E-16
   11.580  -0.685843E+15  -0.215351E-03   0.313994E-18   -1.29758       0   0.534034E-16
   11.640  -0.685849E+15  -0.199237E-03   0.290497E-18   -1.29507       0   0.485092E-16
   11.700  -0.685855E+15  -0.184357E-03   0.268799E-18   -1.29257       0   0.440764E-16
   11.760  -0.685860E+15  -0.170614E-03   0.248759E-18   -1.29010       0   0.400601E-16
   11.820  -0.685864E+15  -0.157918E-03   0.230247E-18   -1.28764       0   0.364202E-16
   11.880  -0.685868E+15  -0.146189E-03   0.213144E-18   -1.28521       0   0.331204E-16
   11.940  -0.685872E+15  -0.135350E-03   0.197340E-18   -1.28280       0   0.301279E-16
   12.000  -0.685876E+15  -0.125333E-03   0.182734E-18   -1.28041       0   0.274134E-16
   12.060  -0.685879E+15  -0.116074E-03   0.169233E-18   -1.27804       0   0.249503E-16
   12.120  -0.685882E+15  -0.107514E-03   0.156752E-18   -1.27568       0   0.227146E-16
   12.180  -0.685884E+15  -0.995988E-04   0.145212E-18   -1.27335       0   0.206849E-16
   12.240  -0.685887E+15  -0.922795E-04   0.134540E-18   -1.27103       0   0.188415E-16
   12.300  -0.685889E+15  -0.855099E-04   0.124670E-18   -1.26874       0   0.171669E-16
   12.360  -0.685891E+15  -0.792478E-04   0.115540E-18   -1.26646       0   0.156452E-16
   12.420  -0.685893E+15  -0.734542E-04   0.107093E-18   -1.26420       0   0.142621E-16
   12.480  -0.685895E+15  -0.680934E-04   0.992767E-19   -1.26196       0   0.130045E-16
   12.540  -0.685896E+15  -0.631322E-04   0.920434E-19   -1.25974       0   0.118609E-16
   12.600  -0.685898E+15  -0.585403E-04   0.853484E-19   -1.25753       0   0.108205E-16
   12.660  -0.685899E+15  -0.542895E-04   0.791508E-19   -1.25535       0   0.987386E-17
   12.720  -0.685900E+15  -0.503539E-04   0.734129E-19   -1.25318       0   0.901224E-17
   12.780  -0.685901E+15  -0.467097E-04   0.680998E-19   -1.25102       0   0.822781E-17
   12.840  -0.685902E+15  -0.433348E-04   0.631793E-19   -1.24889       0   0.751347E-17
   12.900  -0.685903E+15  -0.402089E-04   0.586218E-19   -1.24677       0   0.686278E-17
   12.960  -0.685904E+15  -0.373132E-04   0.544000E-19   -1.24466       0   0.626994E-17
   13.020  -0.685905E+15  -0.346303E-04   0.504886E-19   -1.24257       0   0.572965E-17
   13.080  -0.685905E+15  -0.321444E-04   0.468642E-19   -1.24050       0   0.523713E-17
   13.140  -0.685906E+15  -0.298406E-04   0.435055E-19   -1.23845       0   0.478805E-17
   13.200  -0.685906E+15  -0.277054E-04   0.403924E-19   -1.23641       0   0.437848E-17
   13.260  -0.685907E+15  -0.257260E-04   0.375066E-19   -1.23438       0   0.400485E-17
   13.320  -0.685907E+15  -0.238910E-04   0.348312E-19   -1.23237       0   0.366393E-17
   13.380  -0.685908E+15  -0.221895E-04   0.323506E-19   -1.23038       0   0.335277E-17
   13.440  -0.685908E+15  -0.206117E-04   0.300502E-19   -1.22840       0   0.306871E-17
   13.500  -0.685909E+15  -0.191483E-04   0.279167E-19   -1.22643       0   0.280933E-17
   13.560  -0.685909E+15  -0.177909E-04   0.259377E-19   -1.22448       0   0.257243E-17
   13.620  -0.685909E+15  -0.165316E-04   0.241018E-19   -1.22255       0   0.235601E-17
   13.680  -0.685909E+15  -0.153633E-04   0.223984E-19   -1.22063       0   0.215826E-17
   13.740  -0.685910E+15  -0.142792E-04   0.208178E-19   -1.21872       0   0.197752E-17
   13.800  -0.685910E+15  -0.132730E-04   0.193510E-19   -1.21682       0   0.181230E-17
   13.860  -0.685910E+15  -0.123392E-04   0.179896E-19   -1.21494       0   0.166122E-17
   13.920  -0.685910E+15  -0.114724E-04   0.167258E-19   -1.21308       0   0.152305E-17
   13.980  -0.685911E+15  -0.106676E-04   0.155525E-19   -1.21122       0   0.139666E-17
   14.040  -0.685911E+15  -0.992043E-05   0.144631E-19   -1.20938       0   0.128101E-17
   14.100  -0.685911E+15  -0.922658E-05   0.134516E-19   -1.20756       0   0.117518E-17
   14.160  -0.685911E+15  -0.858219E-05   0.125121E-19   -1.20574       0   0.107830E-17
   14.220  -0.685911E+15  -0.798368E-05   0.116395E-19   -1.20394       0   0.989600E-18
   14.280  -0.685911E+15  -0.742770E-05   0.108290E-19   -1.20215       0   0.908376E-18
   14.340  -0.685911E+15  -0.691118E-05   0.100759E-19   -1.20038       0   0.833979E-18
   14.400  -0.685911E+15  -0.643126E-05   0.937623E-20   -1.19861       0   0.765823E-18
   14.460  -0.685912E+15  -0.598530E-05   0.872606E-20   -1.19686       0   0.703370E-18
   14.520  -0.685912E+15  -0.557085E-05   0.812182E-20   -1.19512       0   0.646132E-18
   14.580  -0.685912E+15  -0.518563E-05   0.756021E-20   -1.19340       0   0.593662E-18
   14.640  -0.685912E+15  -0.482755E-05   0.703816E-20   -1.19168       0   0.545555E-18
   14.700  -0.685912E+15  -0.449466E-05   0.655283E-20   -1.18998       0   0.501438E-18
   14.760  -0.685912E+15  -0.418515E-05   0.610159E-20   -1.18829       0   0.460972E-18
   14.820  -0.685912E+15  -0.389735E-05   0.568199E-20   -1.18660       0   0.423849E-18
   14.880  -0.685912E+15  -0.362970E-05   0.529179E-20   -1.18494       0   0.389786E-18
   14.940  -0.685912E+15  -0.338077E-05   0.492887E-20   -1.18328       0   0.358523E-18
   15.000  -0.685912E+15  -0.314923E-05   0.459130E-20   -1.18163       0   0.329827E-18
   15.060  -0.685912E+15  -0.293383E-05   0.427726E-20   -1.18000       0   0.303480E-18
   15.120  -0.685912E+15  -0.273343E-05   0.398510E-20   -1.17837       0   0.279287E-18
   15.180  -0.685912E+15  -0.254697E-05   0.371326E-20   -1.17676       0   0.257066E-18
   15.240  -0.685912E+15  -0.237345E-05   0.346029E-20   -1.17515       0   0.236654E-18
   15.300  -0.685912E+15  -0.221197E-05   0.322486E-20   -1.17356       0   0.217900E-18
   15.360  -0.685912E+15  -0.206167E-05   0.300574E-20   -1.17198       0   0.200665E-18
   15.420  -0.685912E+15  -0.192177E-05   0.280177E-20   -1.17041       0   0.184825E-18
   15.480  -0.685912E+15  -0.179153E-05   0.261189E-20   -1.16885       0   0.170263E-18
   15.540  -0.685912E+15  -0.167027E-05   0.243511E-20   -1.16729       0   0.156874E-18
   15.600  -0.685912E+15  -0.155736E-05   0.227050E-20   -1.16575       0   0.144562E-18
   15.660  -0.685912E+15  -0.145222E-05   0.211721E-20   -1.16422       0   0.133238E-18
   15.720  -0.685912E+15  -0.135430E-05   0.197446E-20   -1.16270       0   0.122820E-18
   15.780  -0.685912E+15  -0.126310E-05   0.184149E-20   -1.16119       0   0.113235E-18
   15.840  -0.685912E+15  -0.117815E-05   0.171764E-20   -1.15968       0   0.104415E-18
   15.900  -0.685912E+15  -0.109901E-05   0.160226E-20   -1.15819       0   0.962965E-19
   15.960  -0.685912E+15  -0.102528E-05   0.149476E-20   -1.15671       0   0.888233E-19
   16.020  -0.685912E+15  -0.956575E-06   0.139460E-20   -1.15523       0   0.819428E-19
   16.080  -0.685912E+15  -0.892556E-06   0.130127E-20   -1.15377       0   0.756068E-19
   16.140  -0.685912E+15  -0.832894E-06   0.121429E-20   -1.15231       0   0.697714E-19
   16.200  -0.685912E+15  -0.777288E-06   0.113322E-20   -1.15087       0   0.643960E-19
   16.260  -0.685912E+15  -0.725457E-06   0.105765E-20   -1.14943       0   0.594438E-19
   16.320  -0.685912E+15  -0.677141E-06   0.987212E-21   -1.14800       0   0.548805E-19
   16.380  -0.685912E+15  -0.632096E-06   0.921541E-21   -1.14658       0   0.506751E-19
   16.440  -0.685912E+15  -0.590098E-06   0.860311E-21   -1.14517       0   0.467988E-19
   16.500  -0.685912E+15  -0.550937E-06   0.803218E-21   -1.14377       0   0.432253E-19
   16.560  -0.685912E+15  -0.514418E-06   0.749977E-21   -1.14237       0   0.399304E-19
   16.620  -0.685912E+15  -0.480360E-06   0.700323E-21   -1.14099       0   0.368920E-19
   16.680  -0.685912E+15  -0.448594E-06   0.654010E-21   -1.13961       0   0.340897E-19
   16.740  -0.685912E+15  -0.418963E-06   0.610811E-21   -1.13824       0   0.315047E-19
   16.800  -0.685912E+15  -0.391321E-06   0.570512E-21   -1.13688       0   0.291198E-19
   16.860  -0.685912E+15  -0.365533E-06   0.532915E-21   -1.13553       0   0.269192E-19
   16.920  -0.685912E+15  -0.341472E-06   0.497836E-21   -1.13419       0   0.248883E-19
   16.980  -0.685912E+15  -0.319020E-06   0.465103E-21   -1.13285       0   0.230139E-19
   17.040  -0.685913E+15  -0.298068E-06   0.434557E-21   -1.13152       0   0.212835E-19
   17.100  -0.685913E+15  -0.278515E-06   0.406050E-21   -1.13020       0   0.196859E-19
   17.160  -0.685913E+15  -0.260264E-06   0.379442E-21   -1.12889       0   0.182106E-19
   17.220  -0.685913E+15  -0.243229E-06   0.354607E-21   -1.12759       0   0.168482E-19
   17.280  -0.685913E+15  -0.227327E-06   0.331422E-21   -1.12629       0   0.155898E-19
   17.340  -0.685913E+15  -0.212480E-06   0.309777E-21   -1.12500       0   0.144272E-19
   17.400  -0.685913E+15  -0.198619E-06   0.289569E-21   -1.12372       0   0.133531E-19
   17.460  -0.685913E+15  -0.185676E-06   0.270699E-21   -1.12244       0   0.123606E-19
   17.520  -0.685913E+15  -0.173590E-06   0.253078E-21   -1.12118       0   0.114434E-19
   17.580  -0.685913E+15  -0.162302E-06   0.236623E-21   -1.11992       0   0.105955E-19
   17.640  -0.685913E+15  -0.151761E-06   0.221254E-21   -1.11866       0   0.981175E-20
   17.700  -0.685913E+15  -0.141914E-06   0.206898E-21   -1.11742       0   0.908711E-20
   17.760  -0.685913E+15  -0.132716E-06   0.193489E-21   -1.11618       0   0.841705E-20
   17.820  -0.685913E+15  -0.124124E-06   0.180962E-21   -1.11495       0   0.779736E-20
   17.880  -0.685913E+15  -0.116096E-06   0.169258E-21   -1.11372       0   0.722420E-20
   17.940  -0.685913E+15  -0.108596E-06   0.158323E-21   -1.11251       0   0.669399E-20
   18.000  -0.685913E+15  -0.101587E-06   0.148105E-21   -1.11130       0   0.620346E-20
   18.060  -0.685913E+15  -0.950380E-07   0.138557E-21   -1.11009       0   0.574957E-20
   18.120  -0.685913E+15  -0.889174E-07   0.129634E-21   -1.10890       0   0.532953E-20
   18.180  -0.685913E+15  -0.831969E-07   0.121294E-21   -1.10771       0   0.494078E-20
   18.240  -0.685913E+15  -0.778499E-07   0.113498E-21   -1.10652       0   0.458092E-20
   18.300  -0.685913E+15  -0.728518E-07   0.106211E-21   -1.10535       0   0.424778E-20
   18.360  -0.685913E+15  -0.681793E-07   0.993994E-22   -1.10418       0   0.393933E-20
   18.420  -0.685913E+15  -0.638110E-07   0.930308E-22   -1.10301       0   0.365371E-20
   18.480  -0.685913E+15  -0.597267E-07   0.870763E-22   -1.10185       0   0.338918E-20
   18.540  -0.685913E+15  -0.559078E-07   0.815086E-22   -1.10070       0   0.314417E-20
   18.600  -0.685913E+15  -0.523366E-07   0.763021E-22   -1.09956       0   0.291721E-20
   18.660  -0.685913E+15  -0.489969E-07   0.714331E-22   -1.09842       0   0.270694E-20
   18.720  -0.685913E+15  -0.458734E-07   0.668793E-22   -1.09729       0   0.251211E-20
   18.780  -0.685913E+15  -0.429519E-07   0.626201E-22   -1.09616       0   0.233157E-20
   18.840  -0.685913E+15  -0.402192E-07   0.586361E-22   -1.09504       0   0.216424E-20
   18.900  -0.685913E+15  -0.376629E-07   0.549092E-22   -1.09393       0   0.200914E-20
   18.960  -0.685913E+15  -0.352715E-07   0.514227E-22   -1.09282       0   0.186537E-20
   19.020  -0.685913E+15  -0.330340E-07   0.481607E-22   -1.09172       0   0.173207E-20
   19.080  -0.685913E+15  -0.309406E-07   0.451086E-22   -1.09062       0   0.160847E-20
   19.140  -0.685913E+15  -0.289817E-07   0.422527E-22   -1.08953       0   0.149386E-20
   19.200  -0.685913E+15  -0.271486E-07   0.395802E-22   -1.08844       0   0.138756E-20
   19.260  -0.685913E+15  -0.254331E-07   0.370792E-22   -1.08737       0   0.128896E-20
   19.320  -0.685913E+15  -0.238275E-07   0.347384E-22   -1.08629       0   0.119749E-20
   19.380  -0.685913E+15  -0.223247E-07   0.325475E-22   -1.08522       0   0.111264E-20
   19.440  -0.685913E+15  -0.209181E-07   0.304967E-22   -1.08416       0   0.103390E-20
   19.500  -0.685913E+15  -0.196013E-07   0.285770E-22   -1.08311       0   0.960841E-21
   19.560  -0.685913E+15  -0.183686E-07   0.267798E-22   -1.08205       0   0.893033E-21
   19.620  -0.685913E+15  -0.172145E-07   0.250971E-22   -1.08101       0   0.830096E-21
   19.680  -0.685913E+15  -0.161339E-07   0.235217E-22   -1.07997       0   0.771674E-21
   19.740  -0.685913E+15  -0.151220E-07   0.220466E-22   -1.07893       0   0.717437E-21
   19.800  -0.685913E+15  -0.141745E-07   0.206652E-22   -1.07791       0   0.667079E-21
   19.860  -0.685913E+15  -0.132872E-07   0.193716E-22   -1.07688       0   0.620318E-21
   19.920  -0.685913E+15  -0.124562E-07   0.181601E-22   -1.07586       0   0.576892E-21
   19.980  -0.685913E+15  -0.116779E-07   0.170254E-22   -1.07485       0   0.536560E-21
   20.040  -0.685913E+15  -0.109489E-07   0.159625E-22   -1.07384       0   0.499097E-21
   20.100  -0.685913E+15  -0.102660E-07   0.149670E-22   -1.07284       0   0.464295E-21
   20.160  -0.685913E+15  -0.962630E-08   0.140343E-22   -1.07184       0   0.431962E-21
   20.220  -0.685913E+15  -0.902699E-08   0.131606E-22   -1.07085       0   0.401920E-21
   20.280  -0.685913E+15  -0.846549E-08   0.123419E-22   -1.06986       0   0.374003E-21
   20.340  -0.685913E+15  -0.793938E-08   0.115749E-22   -1.06887       0   0.348058E-21
   20.400  -0.685913E+15  -0.744641E-08   0.108562E-22   -1.06790       0   0.323944E-21
   20.460  -0.685913E+15  -0.698446E-08   0.101827E-22   -1.06692       0   0.301529E-21
   20.520  -0.685913E+15  -0.655155E-08   0.955158E-23   -1.06595       0   0.280692E-21
   20.580  -0.685913E+15  -0.614583E-08   0.896007E-23   -1.06499       0   0.261319E-21
   20.640  -0.685913E+15  -0.576556E-08   0.840568E-23   -1.06403       0   0.243306E-21
   20.700  -0.685913E+15  -0.540914E-08   0.788604E-23   -1.06308       0   0.226555E-21
   20.760  -0.685913E+15  -0.507504E-08   0.739895E-23   -1.06213       0   0.210977E-21
   20.820  -0.685913E+15  -0.476184E-08   0.694234E-23   -1.06118       0   0.196488E-21
   20.880  -0.685913E+15  -0.446823E-08   0.651428E-23   -1.06024       0   0.183011E-21
   20.940  -0.685913E+15  -0.419295E-08   0.611295E-23   -1.05931       0   0.170474E-21
   21.000  -0.685913E+15  -0.393486E-08   0.573667E-23   -1.05838       0   0.158809E-21
   21.060  -0.685913E+15  -0.369285E-08   0.538385E-23   -1.05745       0   0.147957E-21
   21.120  -0.685913E+15  -0.346593E-08   0.505302E-23   -1.05653       0   0.137858E-21
   21.180  -0.685913E+15  -0.325312E-08   0.474277E-23   -1.05561       0   0.128459E-21
   21.240  -0.685913E+15  -0.305356E-08   0.445181E-23   -1.05470       0   0.119712E-21
   21.300  -0.685913E+15  -0.286639E-08   0.417894E-23   -1.05379       0   0.111570E-21
   21.360  -0.685913E+15  -0.269084E-08   0.392300E-23   -1.05288       0   0.103991E-21
   21.420  -0.685913E+15  -0.252617E-08   0.368294E-23   -1.05198       0   0.969356E-22
   21.480  -0.685913E+15  -0.237172E-08   0.345775E-23   -1.05109       0   0.903663E-22
   21.540  -0.685913E+15  -0.222682E-08   0.324651E-23   -1.05020       0   0.842494E-22
   21.600  -0.685913E+15  -0.209089E-08   0.304833E-23   -1.04931       0   0.785533E-22
   21.660  -0.685913E+15  -0.196336E-08   0.286241E-23   -1.04843       0   0.732484E-22
   21.720  -0.685913E+15  -0.184371E-08   0.268796E-23   -1.04755       0   0.683075E-22
   21.780  -0.685913E+15  -0.173144E-08   0.252428E-23   -1.04667       0   0.637052E-22
   21.840  -0.685913E+15  -0.162609E-08   0.237069E-23   -1.04580       0   0.594180E-22
   21.900  -0.685913E+15  -0.152723E-08   0.222657E-23   -1.04494       0   0.554238E-22
   21.960  -0.685913E+15  -0.143445E-08   0.209131E-23   -1.04407       0   0.517024E-22
   22.020  -0.685913E+15  -0.134739E-08   0.196437E-23   -1.04322       0   0.482348E-22
   22.080  -0.685913E+15  -0.126567E-08   0.184523E-23   -1.04236       0   0.450034E-22
   22.140  -0.685913E+15  -0.118896E-08   0.173340E-23   -1.04151       0   0.419919E-22
   22.200  -0.685913E+15  -0.111697E-08   0.162844E-23   -1.04067       0   0.391851E-22
   22.260  -0.685913E+15  -0.104938E-08   0.152991E-23   -1.03982       0   0.365688E-22
   22.320  -0.685913E+15  -0.985938E-09   0.143741E-23   -1.03898       0   0.341299E-22
   22.380  -0.685913E+15  -0.926376E-09   0.135057E-23   -1.03815       0   0.318562E-22
   22.440  -0.685913E+15  -0.870455E-09   0.126905E-23   -1.03732       0   0.297363E-22
   22.500  -0.685913E+15  -0.817950E-09   0.119250E-23   -1.03649       0   0.277596E-22
   22.560  -0.685913E+15  -0.768651E-09   0.112062E-23   -1.03567       0   0.259163E-22
   22.620  -0.685913E+15  -0.722358E-09   0.105313E-23   -1.03485       0   0.241974E-22
   22.680  -0.685913E+15  -0.678887E-09   0.989757E-24   -1.03403       0   0.225941E-22
   22.740  -0.685913E+15  -0.638063E-09   0.930240E-24   -1.03322       0   0.210987E-22
   22.800  -0.685913E+15  -0.599723E-09   0.874344E-24   -1.03241       0   0.197038E-22
   22.860  -0.685913E+15  -0.563715E-09   0.821846E-24   -1.03161       0   0.184025E-22
   22.920  -0.685913E+15  -0.529893E-09   0.772538E-24   -1.03080       0   0.171885E-22
   22.980  -0.685913E+15  -0.498125E-09   0.726222E-24   -1.03001       0   0.160557E-22
   23.040  -0.685913E+15  -0.468284E-09   0.682717E-24   -1.02921       0   0.149987E-22
   23.100  -0.685913E+15  -0.440251E-09   0.641847E-24   -1.02842       0   0.140123E-22
   23.160  -0.685913E+15  -0.413916E-09   0.603454E-24   -1.02764       0   0.130918E-22
   23.220  -0.685913E+15  -0.389175E-09   0.567383E-24   -1.02685       0   0.122327E-22
   23.280  -0.685913E+15  -0.365930E-09   0.533493E-24   -1.02607       0   0.114307E-22
   23.340  -0.685913E+15  -0.344089E-09   0.501652E-24   -1.02529       0   0.106821E-22
   23.400  -0.685913E+15  -0.323567E-09   0.471732E-24   -1.02452       0   0.998327E-23
   23.460  -0.685913E+15  -0.304283E-09   0.443618E-24   -1.02375       0   0.933082E-23
   23.520  -0.685913E+15  -0.286161E-09   0.417198E-24   -1.02298       0   0.872163E-23
   23.580  -0.685913E+15  -0.269131E-09   0.392370E-24   -1.02222       0   0.815279E-23
   23.640  -0.685913E+15  -0.253126E-09   0.369036E-24   -1.02146       0   0.762160E-23
   23.700  -0.685913E+15  -0.238084E-09   0.347106E-24   -1.02071       0   0.712552E-23
   23.760  -0.685913E+15  -0.223946E-09   0.326493E-24   -1.01995       0   0.666219E-23
   23.820  -0.685913E+15  -0.210657E-09   0.307119E-24   -1.01920       0   0.622942E-23
   23.880  -0.685913E+15  -0.198165E-09   0.288907E-24   -1.01846       0   0.582518E-23
   23.940  -0.685912E+15  -0.186422E-09   0.271787E-24   -1.01771       0   0.544754E-23
   24.000  -0.685912E+15  -0.175383E-09   0.255694E-24   -1.01697       0   0.509473E-23
   24.060  -0.685912E+15  -0.165005E-09   0.240563E-24   -1.01623       0   0.476510E-23
   24.120  -0.685912E+15  -0.155248E-09   0.226338E-24   -1.01550       0   0.445710E-23
   24.180  -0.685912E+15  -0.146075E-09   0.212964E-24   -1.01477       0   0.416929E-23
   24.240  -0.685912E+15  -0.137449E-09   0.200389E-24   -1.01404       0   0.390033E-23
   24.300  -0.685912E+15  -0.129338E-09   0.188564E-24   -1.01332       0   0.364896E-23
   24.360  -0.685912E+15  -0.121712E-09   0.177445E-24   -1.01260       0   0.341402E-23
   24.420  -0.685912E+15  -0.114540E-09   0.166989E-24   -1.01188       0   0.319442E-23
   24.480  -0.685912E+15  -0.107795E-09   0.157155E-24   -1.01116       0   0.298914E-23
   24.540  -0.685912E+15  -0.101452E-09   0.147908E-24   -1.01045       0   0.279724E-23
   24.600  -0.685912E+15  -0.954856E-10   0.139210E-24   -1.00974       0   0.261783E-23
   24.660  -0.685912E+15  -0.898743E-10   0.131029E-24   -1.00903       0   0.245008E-23
   24.720  -0.685911E+15  -0.845963E-10   0.123334E-24   -1.00833       0   0.229324E-23
   24.780  -0.685911E+15  -0.796317E-10   0.116096E-24   -1.00763       0   0.214657E-23
   24.840  -0.685911E+15  -0.749615E-10   0.109287E-24   -1.00693       0   0.200941E-23
   24.900  -0.685911E+15  -0.705682E-10   0.102882E-24   -1.00624       0   0.188114E-23
 &
