# Fusion cross sections for ELAB=  32.000, ECM=  19.191
     0.5   4.636      1
     0.5   9.274     -1
     1.5   15.45      1
     1.5   30.91     -1
     2.5   27.82      1
     2.5   55.65     -1
     3.5   37.12      1
     3.5   74.25     -1
     4.5   46.56      1
     4.5   93.00     -1
     5.5   56.01      1
     5.5   111.9     -1
     6.5   65.09      1
     6.5   130.5     -1
     7.5   73.92      1
     7.5   146.7     -1
     8.5   76.08      1
     8.5   155.4     -1
     9.5   77.26      1
     9.5   151.5     -1
    10.5   63.17      1
    10.5   132.7     -1
    11.5   53.82      1
    11.5   102.6     -1
    12.5   31.71      1
    12.5   69.46     -1
    13.5   23.09      1
    13.5   41.25     -1
    14.5   9.509      1
    14.5   22.25     -1
    15.5   6.525      1
    15.5   11.24     -1
    16.5   2.262      1
    16.5   5.453     -1
    17.5   1.520      1
    17.5   2.587     -1
    18.5  0.4978      1
    18.5   1.211     -1
    19.5  0.3313      1
    19.5  0.5621     -1
    20.5  0.1064      1
    20.5  0.2595     -1
    21.5  0.7040E-01  1
    21.5  0.1193     -1
    22.5  0.2239E-01  1
    22.5  0.5466E-01 -1
    23.5  0.1474E-01  1
    23.5  0.2497E-01 -1
    24.5  0.4657E-02  1
    24.5  0.1138E-01 -1
    25.5  0.3053E-02  1
    25.5  0.5168E-02 -1
 &
