# 501  0.2000   30.0000 = NLN,RINTP,ELAB
   0.000    0.000000    0.000000
   0.200   -0.216354   -0.250948
   0.400   -0.085779   -0.198004
   0.600   -0.117204   -0.225550
   0.800    0.113227   -0.430204
   1.000    0.050476   -0.582561
   1.200   -0.539173   -0.562849
   1.400   -0.802112   -0.867235
   1.600   -0.971604   -1.338645
   1.800   -1.463021   -1.829122
   2.000   -1.833686   -2.422299
   2.200   -2.084120   -3.014048
   2.400   -2.147757   -3.531114
   2.600   -1.984661   -3.891813
   2.800   -1.602561   -4.018249
   3.000   -1.083764   -3.879539
   3.200   -0.545470   -3.527233
   3.400   -0.085578   -2.996232
   3.600    0.235767   -2.379671
   3.800    0.400790   -1.783947
   4.000    0.444983   -1.267039
   4.200    0.405683   -0.863609
   4.400    0.334540   -0.565165
   4.600    0.256651   -0.357081
   4.800    0.181813   -0.222133
   5.000    0.129830   -0.129693
   5.200    0.086576   -0.078871
   5.400    0.049755   -0.046535
   5.600    0.032174   -0.022797
   5.800    0.020071   -0.013257
   6.000    0.010941   -0.011128
   6.200    0.007566   -0.000552
   6.400   -0.004812   -0.006890
   6.600   -0.003538    0.000326
   6.800   -0.006056   -0.003776
   7.000   -0.008264   -0.004291
   7.200   -0.009340    0.000040
   7.400   -0.020802    0.002486
   7.600    0.023956   -0.007573
   7.800   -0.022752    0.006312
   8.000   -0.000127    0.002001
   8.200   -0.040190   -0.006147
   8.400    0.059453    0.008839
   8.600   -0.029038    0.002216
   8.800   -0.050984   -0.018211
   9.000    0.079434    0.024696
   9.200   -0.035479   -0.009060
   9.400   -0.044629   -0.018142
   9.600    0.068943    0.021460
   9.800   -0.059538   -0.019809
  10.000    0.039732    0.004248
  10.200   -0.017297   -0.012099
  10.400    0.006208    0.019447
  10.600   -0.017793   -0.034705
  10.800    0.010899    0.001573
  11.000    0.023129    0.029627
  11.200   -0.042906   -0.049790
  11.400    0.022252    0.015610
  11.600    0.020318    0.020558
  11.800   -0.032167   -0.032795
  12.000    0.013950    0.007848
  12.200    0.007912    0.009978
  12.400   -0.003733   -0.009335
  12.600   -0.001148   -0.001219
  12.800   -0.011044   -0.003312
  13.000    0.031812    0.018456
  13.200   -0.042827   -0.034797
  13.400    0.045172    0.043116
  13.600   -0.047692   -0.042284
  13.800    0.045070    0.037541
  14.000   -0.044285   -0.036091
  14.200    0.033758    0.037234
  14.400   -0.025890   -0.036028
  14.600    0.011877    0.031564
  14.800   -0.004974   -0.024094
  15.000   -0.007194    0.019197
  15.200    0.013224   -0.011903
  15.400   -0.023639    0.007778
  15.600    0.026112    0.000289
  15.800   -0.031906   -0.003323
  16.000    0.028821    0.010279
  16.200   -0.025070   -0.008029
  16.400    0.006117    0.003377
  16.600    0.008196    0.010703
  16.800   -0.012131   -0.011573
  17.000    0.002736    0.005179
  17.200    0.001569    0.011018
  17.400   -0.000493   -0.011491
  17.600    0.000322    0.005717
  17.800   -0.002432    0.009344
  18.000    0.006663   -0.008946
  18.200   -0.000451    0.004845
  18.400   -0.003100    0.006699
  18.600    0.009347   -0.005938
  18.800   -0.001045    0.002983
  19.000   -0.002716    0.004701
  19.200    0.009509   -0.004800
  19.400   -0.006818    0.005441
  19.600    0.008881   -0.003807
  19.800   -0.007821    0.004293
  20.000    0.008551   -0.002603
  20.200   -0.008309    0.003659
  20.400    0.007349   -0.000903
  20.600   -0.003419    0.001060
  20.800   -0.003191    0.002781
  21.000    0.006543   -0.000025
  21.200   -0.002356    0.000846
  21.400   -0.001866    0.002620
  21.600    0.006704   -0.000620
  21.800   -0.004348    0.001425
  22.000    0.006812   -0.000007
  22.200   -0.003641   -0.000252
  22.400    0.006321    0.000627
  22.600   -0.003142   -0.001516
  22.800    0.005654    0.001067
  23.000   -0.002576   -0.002303
  23.200    0.003937    0.000944
  23.400   -0.000808   -0.002231
  23.600    0.002242    0.000348
  23.800   -0.000288   -0.002333
  24.000    0.001330   -0.000021
  24.200   -0.000014   -0.002252
  24.400    0.000731   -0.000374
  24.600    0.000004   -0.002043
  24.800    0.000296   -0.000649
  25.000   -0.000080   -0.001842
  25.200   -0.000132   -0.001020
  25.400   -0.000299   -0.001510
  25.600   -0.000476   -0.001344
  25.800   -0.000546   -0.001449
  26.000   -0.000843   -0.001343
  26.200   -0.000722   -0.001378
  26.400   -0.001049   -0.001234
  26.600   -0.000857   -0.001171
  26.800   -0.001206   -0.001056
  27.000   -0.001036   -0.000948
  27.200   -0.001275   -0.000888
  27.400   -0.001278   -0.000738
  27.600   -0.001421   -0.000715
  27.800   -0.001369   -0.000578
  28.000   -0.001561   -0.000478
  28.200   -0.001401   -0.000339
  28.400   -0.001526   -0.000208
  28.600   -0.001375   -0.000045
  28.800   -0.001376    0.000083
  29.000   -0.001344    0.000254
  29.200   -0.001275    0.000354
  29.400   -0.001239    0.000474
  29.600   -0.001212    0.000614
  29.800   -0.001106    0.000678
  30.000   -0.001056    0.000824
  30.200   -0.000908    0.000898
  30.400   -0.000763    0.000991
  30.600   -0.000661    0.001094
  30.800   -0.000470    0.001140
  31.000   -0.000352    0.001181
  31.200   -0.000239    0.001248
  31.400   -0.000103    0.001227
  31.600   -0.000000    0.001285
  31.800    0.000135    0.001255
  32.000    0.000292    0.001246
  32.200    0.000406    0.001252
  32.400    0.000589    0.001178
  32.600    0.000728    0.001106
  32.800    0.000838    0.001065
  33.000    0.000985    0.000930
  33.200    0.001047    0.000872
  33.400    0.001152    0.000761
  33.600    0.001231    0.000668
  33.800    0.001290    0.000614
  34.000    0.001358    0.000487
  34.200    0.001409    0.000424
  34.400    0.001433    0.000297
  34.600    0.001471    0.000155
  34.800    0.001429    0.000080
  35.000    0.001448   -0.000101
  35.200    0.001384   -0.000175
  35.400    0.001355   -0.000290
  35.600    0.001321   -0.000378
  35.800    0.001261   -0.000418
  36.000    0.001220   -0.000509
  36.200    0.001134   -0.000537
  36.400    0.001047   -0.000614
  36.600    0.000932   -0.000678
  36.800    0.000808   -0.000718
  37.000    0.000672   -0.000793
  37.200    0.000540   -0.000810
  37.400    0.000416   -0.000841
  37.600    0.000302   -0.000846
  37.800    0.000197   -0.000825
  38.000    0.000085   -0.000812
  38.200   -0.000027   -0.000791
  38.400   -0.000146   -0.000755
  38.600   -0.000284   -0.000740
  38.800   -0.000407   -0.000693
  39.000   -0.000541   -0.000659
  39.200   -0.000644   -0.000592
  39.400   -0.000745   -0.000529
  39.600   -0.000818   -0.000446
  39.800   -0.000888   -0.000366
  40.000   -0.000950   -0.000284
  40.200   -0.001007   -0.000210
  40.400   -0.001068   -0.000139
  40.600   -0.001118   -0.000070
  40.800   -0.001161   -0.000003
  41.000   -0.001180    0.000078
  41.200   -0.001179    0.000151
  41.400   -0.001159    0.000241
  41.600   -0.001124    0.000316
  41.800   -0.001082    0.000389
  42.000   -0.001041    0.000450
  42.200   -0.000997    0.000495
  42.400   -0.000960    0.000531
  42.600   -0.000909    0.000557
  42.800   -0.000849    0.000582
  43.000   -0.000769    0.000606
  43.200   -0.000674    0.000626
  43.400   -0.000567    0.000646
  43.600   -0.000452    0.000656
  43.800   -0.000348    0.000658
  44.000   -0.000241    0.000648
  44.200   -0.000146    0.000628
  44.400   -0.000065    0.000604
  44.600    0.000029    0.000572
  44.800    0.000111    0.000544
  45.000    0.000212    0.000509
  45.200    0.000306    0.000476
  45.400    0.000402    0.000438
  45.600    0.000498    0.000388
  45.800    0.000568    0.000338
  46.000    0.000641    0.000281
  46.200    0.000691    0.000226
  46.400    0.000740    0.000171
  46.600    0.000784    0.000124
  46.800    0.000822    0.000078
  47.000    0.000860    0.000033
  47.200    0.000894   -0.000005
  47.400    0.000913   -0.000060
  47.600    0.000919   -0.000102
  47.800    0.000919   -0.000162
  48.000    0.000892   -0.000209
  48.200    0.000869   -0.000257
  48.400    0.000833   -0.000294
  48.600    0.000802   -0.000319
  48.800    0.000769   -0.000343
  49.000    0.000734   -0.000356
  49.200    0.000691   -0.000375
  49.400    0.000645   -0.000386
  49.600    0.000582   -0.000410
  49.800    0.000514   -0.000422
  50.000    0.000436   -0.000439
  50.200    0.000361   -0.000443
  50.400    0.000282   -0.000436
  50.600    0.000210   -0.000429
  50.800    0.000141   -0.000405
  51.000    0.000073   -0.000389
  51.200    0.000004   -0.000365
  51.400   -0.000068   -0.000352
  51.600   -0.000140   -0.000332
  51.800   -0.000216   -0.000319
  52.000   -0.000282   -0.000294
  52.200   -0.000347   -0.000265
  52.400   -0.000399   -0.000231
  52.600   -0.000449   -0.000186
  52.800   -0.000489   -0.000146
  53.000   -0.000530   -0.000100
  53.200   -0.000572   -0.000067
  53.400   -0.000611   -0.000031
  53.600   -0.000651   -0.000009
  53.800   -0.000682    0.000022
  54.000   -0.000700    0.000048
  54.200   -0.000711    0.000079
  54.400   -0.000702    0.000120
  54.600   -0.000689    0.000154
  54.800   -0.000669    0.000197
  55.000   -0.000648    0.000229
  55.200   -0.000634    0.000259
  55.400   -0.000620    0.000282
  55.600   -0.000605    0.000295
  55.800   -0.000586    0.000311
  56.000   -0.000559    0.000318
  56.200   -0.000517    0.000331
  56.400   -0.000466    0.000339
  56.600   -0.000405    0.000352
  56.800   -0.000343    0.000358
  57.000   -0.000284    0.000364
  57.200   -0.000225    0.000367
  57.400   -0.000179    0.000363
  57.600   -0.000130    0.000361
  57.800   -0.000087    0.000351
  58.000   -0.000039    0.000342
  58.200    0.000012    0.000329
  58.400    0.000070    0.000312
  58.600    0.000124    0.000292
  58.800    0.000184    0.000268
  59.000    0.000237    0.000244
  59.200    0.000283    0.000218
  59.400    0.000328    0.000195
  59.600    0.000365    0.000174
  59.800    0.000401    0.000155
  60.000    0.000431    0.000138
  60.200    0.000459    0.000116
  60.400    0.000489    0.000094
  60.600    0.000499    0.000062
  60.800    0.000524    0.000033
  61.000    0.000528   -0.000004
  61.200    0.000532   -0.000036
  61.400    0.000541   -0.000064
  61.600    0.000537   -0.000090
  61.800    0.000545   -0.000102
  62.000    0.000532   -0.000118
  62.200    0.000536   -0.000124
  62.400    0.000515   -0.000140
  62.600    0.000500   -0.000152
  62.800    0.000470   -0.000172
  63.000    0.000434   -0.000194
  63.200    0.000406   -0.000207
  63.400    0.000364   -0.000228
  63.600    0.000338   -0.000233
  63.800    0.000304   -0.000239
  64.000    0.000280   -0.000235
  64.200    0.000248   -0.000229
  64.400    0.000215   -0.000226
  64.600    0.000176   -0.000216
  64.800    0.000131   -0.000216
  65.000    0.000085   -0.000210
  65.200    0.000040   -0.000209
  65.400   -0.000003   -0.000202
  65.600   -0.000040   -0.000194
  65.800   -0.000070   -0.000183
  66.000   -0.000102   -0.000166
  66.200   -0.000125   -0.000152
  66.400   -0.000156   -0.000134
  66.600   -0.000182   -0.000119
  66.800   -0.000217   -0.000102
  67.000   -0.000243   -0.000087
  67.200   -0.000273   -0.000070
  67.400   -0.000290   -0.000053
  67.600   -0.000309   -0.000036
  67.800   -0.000311   -0.000017
  68.000   -0.000323   -0.000001
  68.200   -0.000323    0.000017
  68.400   -0.000322    0.000029
  68.600   -0.000337    0.000043
  68.800   -0.000329    0.000059
  69.000   -0.000339    0.000068
  69.200   -0.000333    0.000086
  69.400   -0.000318    0.000096
  69.600   -0.000316    0.000108
  69.800   -0.000287    0.000122
  70.000   -0.000275    0.000125
  70.200   -0.000248    0.000136
  70.400   -0.000234    0.000134
  70.600   -0.000210    0.000142
  70.800   -0.000195    0.000138
  71.000   -0.000171    0.000146
  71.200   -0.000153    0.000143
  71.400   -0.000126    0.000149
  71.600   -0.000100    0.000146
  71.800   -0.000073    0.000144
  72.000   -0.000044    0.000140
  72.200   -0.000018    0.000128
  72.400    0.000007    0.000123
  72.600    0.000033    0.000110
  72.800    0.000054    0.000104
  73.000    0.000079    0.000094
  73.200    0.000099    0.000089
  73.400    0.000123    0.000081
  73.600    0.000139    0.000074
  73.800    0.000160    0.000063
  74.000    0.000172    0.000048
  74.200    0.000184    0.000035
  74.400    0.000198    0.000019
  74.600    0.000205    0.000004
  74.800    0.000213   -0.000007
  75.000    0.000229   -0.000019
  75.200    0.000231   -0.000025
  75.400    0.000245   -0.000033
  75.600    0.000240   -0.000041
  75.800    0.000246   -0.000048
  76.000    0.000236   -0.000060
  76.200    0.000225   -0.000070
  76.400    0.000223   -0.000080
  76.600    0.000203   -0.000092
  76.800    0.000203   -0.000098
  77.000    0.000188   -0.000106
  77.200    0.000188   -0.000106
  77.400    0.000174   -0.000111
  77.600    0.000169   -0.000108
  77.800    0.000149   -0.000111
  78.000    0.000137   -0.000109
  78.200    0.000112   -0.000113
  78.400    0.000094   -0.000111
  78.600    0.000073   -0.000113
  78.800    0.000056   -0.000109
  79.000    0.000039   -0.000110
  79.200    0.000026   -0.000103
  79.400    0.000012   -0.000101
  79.600   -0.000003   -0.000094
  79.800   -0.000017   -0.000089
  80.000   -0.000033   -0.000084
  80.200   -0.000050   -0.000075
  80.400   -0.000064   -0.000068
  80.600   -0.000080   -0.000059
  80.800   -0.000091   -0.000052
  81.000   -0.000104   -0.000043
  81.200   -0.000110   -0.000037
  81.400   -0.000121   -0.000029
  81.600   -0.000124   -0.000024
  81.800   -0.000135   -0.000016
  82.000   -0.000138   -0.000009
  82.200   -0.000141   -0.000002
  82.400   -0.000148    0.000007
  82.600   -0.000143    0.000015
  82.800   -0.000147    0.000024
  83.000   -0.000139    0.000031
  83.200   -0.000142    0.000037
  83.400   -0.000134    0.000042
  83.600   -0.000136    0.000045
  83.800   -0.000130    0.000048
  84.000   -0.000123    0.000050
  84.200   -0.000122    0.000053
  84.400   -0.000108    0.000057
  84.600   -0.000103    0.000059
  84.800   -0.000088    0.000064
  85.000   -0.000080    0.000065
  85.200   -0.000067    0.000066
  85.400   -0.000060    0.000064
  85.600   -0.000049    0.000064
  85.800   -0.000041    0.000060
  86.000   -0.000031    0.000059
  86.200   -0.000022    0.000055
  86.400   -0.000011    0.000055
  86.600    0.000000    0.000051
  86.800    0.000011    0.000049
  87.000    0.000021    0.000044
  87.200    0.000030    0.000041
  87.400    0.000038    0.000035
  87.600    0.000045    0.000031
  87.800    0.000052    0.000025
  88.000    0.000057    0.000022
  88.200    0.000065    0.000017
  88.400    0.000069    0.000013
  88.600    0.000077    0.000009
  88.800    0.000078    0.000005
  89.000    0.000083   -0.000001
  89.200    0.000082   -0.000006
  89.400    0.000082   -0.000011
  89.600    0.000083   -0.000017
  89.800    0.000080   -0.000021
  90.000    0.000082   -0.000024
  90.200    0.000080   -0.000027
  90.400    0.000079   -0.000029
  90.600    0.000080   -0.000032
  90.800    0.000073   -0.000033
  91.000    0.000072   -0.000035
  91.200    0.000063   -0.000037
  91.400    0.000059   -0.000040
  91.600    0.000050   -0.000042
  91.800    0.000046   -0.000042
  92.000    0.000039   -0.000043
  92.200    0.000036   -0.000042
  92.400    0.000030   -0.000042
  92.600    0.000025   -0.000040
  92.800    0.000019   -0.000040
  93.000    0.000012   -0.000037
  93.200    0.000005   -0.000036
  93.400   -0.000002   -0.000034
  93.600   -0.000009   -0.000032
  93.800   -0.000015   -0.000029
  94.000   -0.000019   -0.000027
  94.200   -0.000024   -0.000024
  94.400   -0.000028   -0.000022
  94.600   -0.000032   -0.000019
  94.800   -0.000036   -0.000016
  95.000   -0.000039   -0.000013
  95.200   -0.000042   -0.000009
  95.400   -0.000045   -0.000006
  95.600   -0.000047   -0.000003
  95.800   -0.000049    0.000001
  96.000   -0.000048    0.000003
  96.200   -0.000050    0.000006
  96.400   -0.000050   -0.000036
  96.600    0.000332   -0.000666
  96.800    0.001020   -0.001009
  97.000    0.001306   -0.000654
  97.200    0.001419   -0.000293
  97.400    0.001375    0.000030
  97.600    0.001212    0.000285
  97.800    0.000972    0.000464
  98.000    0.000698    0.000562
  98.200    0.000420    0.000588
  98.400    0.000169    0.000552
  98.600   -0.000038    0.000470
  98.800   -0.000184    0.000358
  99.000   -0.000265    0.000238
  99.200    0.000000   -0.000000
  99.400    0.000000   -0.000000
  99.600    0.000000   -0.000000
  99.800    0.000000   -0.000000
 100.000    0.000000    0.000000
 END
