# 361 angles,  1 tensor ranks for 0=projectile
@subtitle   "12C(d,p)13C at 30 MeV DWBA"                                                    
@legend ON
@legend x1 0.2
@legend y1 0.8
@g0 type LOGY
@yaxis ticklabel format power
@legend string   0 "Lab energy =   30.0000"
#legend string   0 "Partition=  1 Excit=  3 near/far= 1"
#  Theta       sigma       iT11        T20         T21         T22         Kyy for projectile
   0.000      0.6426E-02
  0.5000      0.7241E-02
   1.000      0.9686E-02
   1.500      0.1375E-01
   2.000      0.1943E-01
   2.500      0.2670E-01
   3.000      0.3555E-01
   3.500      0.4594E-01
   4.000      0.5785E-01
   4.500      0.7126E-01
   5.000      0.8612E-01
   5.500      0.1024    
   6.000      0.1201    
   6.500      0.1391    
   7.000      0.1594    
   7.500      0.1810    
   8.000      0.2039    
   8.500      0.2279    
   9.000      0.2532    
   9.500      0.2795    
   10.00      0.3070    
   10.50      0.3355    
   11.00      0.3651    
   11.50      0.3957    
   12.00      0.4273    
   12.50      0.4599    
   13.00      0.4934    
   13.50      0.5279    
   14.00      0.5634    
   14.50      0.5997    
   15.00      0.6369    
   15.50      0.6750    
   16.00      0.7139    
   16.50      0.7537    
   17.00      0.7942    
   17.50      0.8354    
   18.00      0.8773    
   18.50      0.9198    
   19.00      0.9629    
   19.50       1.007    
   20.00       1.051    
   20.50       1.095    
   21.00       1.139    
   21.50       1.184    
   22.00       1.229    
   22.50       1.273    
   23.00       1.318    
   23.50       1.362    
   24.00       1.405    
   24.50       1.448    
   25.00       1.490    
   25.50       1.531    
   26.00       1.571    
   26.50       1.609    
   27.00       1.646    
   27.50       1.682    
   28.00       1.715    
   28.50       1.747    
   29.00       1.776    
   29.50       1.804    
   30.00       1.829    
   30.50       1.851    
   31.00       1.871    
   31.50       1.889    
   32.00       1.903    
   32.50       1.915    
   33.00       1.924    
   33.50       1.931    
   34.00       1.934    
   34.50       1.935    
   35.00       1.933    
   35.50       1.927    
   36.00       1.920    
   36.50       1.909    
   37.00       1.896    
   37.50       1.881    
   38.00       1.863    
   38.50       1.843    
   39.00       1.820    
   39.50       1.796    
   40.00       1.770    
   40.50       1.742    
   41.00       1.712    
   41.50       1.681    
   42.00       1.649    
   42.50       1.616    
   43.00       1.582    
   43.50       1.547    
   44.00       1.511    
   44.50       1.476    
   45.00       1.440    
   45.50       1.403    
   46.00       1.367    
   46.50       1.331    
   47.00       1.296    
   47.50       1.261    
   48.00       1.226    
   48.50       1.192    
   49.00       1.159    
   49.50       1.126    
   50.00       1.095    
   50.50       1.064    
   51.00       1.035    
   51.50       1.007    
   52.00      0.9792    
   52.50      0.9530    
   53.00      0.9280    
   53.50      0.9041    
   54.00      0.8813    
   54.50      0.8597    
   55.00      0.8392    
   55.50      0.8198    
   56.00      0.8015    
   56.50      0.7842    
   57.00      0.7680    
   57.50      0.7527    
   58.00      0.7383    
   58.50      0.7248    
   59.00      0.7121    
   59.50      0.7001    
   60.00      0.6889    
   60.50      0.6783    
   61.00      0.6683    
   61.50      0.6589    
   62.00      0.6499    
   62.50      0.6414    
   63.00      0.6333    
   63.50      0.6255    
   64.00      0.6179    
   64.50      0.6106    
   65.00      0.6036    
   65.50      0.5966    
   66.00      0.5898    
   66.50      0.5831    
   67.00      0.5765    
   67.50      0.5698    
   68.00      0.5632    
   68.50      0.5566    
   69.00      0.5499    
   69.50      0.5432    
   70.00      0.5364    
   70.50      0.5295    
   71.00      0.5226    
   71.50      0.5156    
   72.00      0.5085    
   72.50      0.5014    
   73.00      0.4942    
   73.50      0.4869    
   74.00      0.4795    
   74.50      0.4721    
   75.00      0.4647    
   75.50      0.4573    
   76.00      0.4498    
   76.50      0.4424    
   77.00      0.4350    
   77.50      0.4276    
   78.00      0.4203    
   78.50      0.4130    
   79.00      0.4059    
   79.50      0.3988    
   80.00      0.3919    
   80.50      0.3851    
   81.00      0.3784    
   81.50      0.3720    
   82.00      0.3657    
   82.50      0.3596    
   83.00      0.3537    
   83.50      0.3480    
   84.00      0.3425    
   84.50      0.3373    
   85.00      0.3324    
   85.50      0.3276    
   86.00      0.3232    
   86.50      0.3190    
   87.00      0.3151    
   87.50      0.3114    
   88.00      0.3081    
   88.50      0.3049    
   89.00      0.3021    
   89.50      0.2995    
   90.00      0.2972    
   90.50      0.2951    
   91.00      0.2933    
   91.50      0.2917    
   92.00      0.2903    
   92.50      0.2892    
   93.00      0.2883    
   93.50      0.2875    
   94.00      0.2870    
   94.50      0.2866    
   95.00      0.2863    
   95.50      0.2862    
   96.00      0.2862    
   96.50      0.2863    
   97.00      0.2865    
   97.50      0.2868    
   98.00      0.2871    
   98.50      0.2874    
   99.00      0.2877    
   99.50      0.2880    
   100.0      0.2883    
   100.5      0.2886    
   101.0      0.2887    
   101.5      0.2888    
   102.0      0.2888    
   102.5      0.2887    
   103.0      0.2885    
   103.5      0.2881    
   104.0      0.2875    
   104.5      0.2868    
   105.0      0.2859    
   105.5      0.2848    
   106.0      0.2835    
   106.5      0.2819    
   107.0      0.2802    
   107.5      0.2783    
   108.0      0.2761    
   108.5      0.2737    
   109.0      0.2711    
   109.5      0.2683    
   110.0      0.2652    
   110.5      0.2620    
   111.0      0.2585    
   111.5      0.2549    
   112.0      0.2511    
   112.5      0.2471    
   113.0      0.2430    
   113.5      0.2387    
   114.0      0.2343    
   114.5      0.2298    
   115.0      0.2252    
   115.5      0.2206    
   116.0      0.2159    
   116.5      0.2112    
   117.0      0.2065    
   117.5      0.2018    
   118.0      0.1972    
   118.5      0.1926    
   119.0      0.1882    
   119.5      0.1838    
   120.0      0.1796    
   120.5      0.1756    
   121.0      0.1718    
   121.5      0.1682    
   122.0      0.1648    
   122.5      0.1616    
   123.0      0.1588    
   123.5      0.1562    
   124.0      0.1539    
   124.5      0.1519    
   125.0      0.1502    
   125.5      0.1489    
   126.0      0.1479    
   126.5      0.1472    
   127.0      0.1469    
   127.5      0.1469    
   128.0      0.1473    
   128.5      0.1480    
   129.0      0.1491    
   129.5      0.1504    
   130.0      0.1521    
   130.5      0.1540    
   131.0      0.1563    
   131.5      0.1588    
   132.0      0.1615    
   132.5      0.1645    
   133.0      0.1677    
   133.5      0.1710    
   134.0      0.1745    
   134.5      0.1781    
   135.0      0.1818    
   135.5      0.1856    
   136.0      0.1894    
   136.5      0.1932    
   137.0      0.1969    
   137.5      0.2006    
   138.0      0.2043    
   138.5      0.2078    
   139.0      0.2112    
   139.5      0.2144    
   140.0      0.2174    
   140.5      0.2202    
   141.0      0.2228    
   141.5      0.2251    
   142.0      0.2271    
   142.5      0.2288    
   143.0      0.2302    
   143.5      0.2313    
   144.0      0.2321    
   144.5      0.2326    
   145.0      0.2326    
   145.5      0.2324    
   146.0      0.2318    
   146.5      0.2309    
   147.0      0.2297    
   147.5      0.2281    
   148.0      0.2263    
   148.5      0.2241    
   149.0      0.2217    
   149.5      0.2190    
   150.0      0.2162    
   150.5      0.2131    
   151.0      0.2098    
   151.5      0.2064    
   152.0      0.2029    
   152.5      0.1993    
   153.0      0.1956    
   153.5      0.1919    
   154.0      0.1882    
   154.5      0.1846    
   155.0      0.1810    
   155.5      0.1775    
   156.0      0.1742    
   156.5      0.1710    
   157.0      0.1681    
   157.5      0.1653    
   158.0      0.1629    
   158.5      0.1607    
   159.0      0.1587    
   159.5      0.1572    
   160.0      0.1559    
   160.5      0.1550    
   161.0      0.1545    
   161.5      0.1544    
   162.0      0.1546    
   162.5      0.1552    
   163.0      0.1562    
   163.5      0.1576    
   164.0      0.1594    
   164.5      0.1616    
   165.0      0.1641    
   165.5      0.1669    
   166.0      0.1701    
   166.5      0.1736    
   167.0      0.1774    
   167.5      0.1814    
   168.0      0.1857    
   168.5      0.1901    
   169.0      0.1948    
   169.5      0.1995    
   170.0      0.2044    
   170.5      0.2094    
   171.0      0.2143    
   171.5      0.2193    
   172.0      0.2242    
   172.5      0.2291    
   173.0      0.2338    
   173.5      0.2384    
   174.0      0.2428    
   174.5      0.2470    
   175.0      0.2509    
   175.5      0.2546    
   176.0      0.2579    
   176.5      0.2609    
   177.0      0.2636    
   177.5      0.2659    
   178.0      0.2678    
   178.5      0.2693    
   179.0      0.2704    
   179.5      0.2710    
   180.0      0.2712    
 END
