# 121 angles,  1 tensor ranks for 0=projectile
@subtitle   "9Be(6Li,d)13C"                                                                 
@legend ON
@legend x1 0.2
@legend y1 0.8
@g0 type LOGY
@yaxis ticklabel format power
@legend string   0 "Lab energy =   32.0000"
#legend string   0 "Partition=  2 Excit=  1 near/far= 1"
#  Theta       sigma       iT11        T20         T21         T22         Kyy for projectile
   0.000      0.1079E-01
  0.5000      0.1078E-01
   1.000      0.1076E-01
   1.500      0.1073E-01
   2.000      0.1068E-01
   2.500      0.1061E-01
   3.000      0.1054E-01
   3.500      0.1045E-01
   4.000      0.1035E-01
   4.500      0.1023E-01
   5.000      0.1010E-01
   5.500      0.9961E-02
   6.000      0.9808E-02
   6.500      0.9643E-02
   7.000      0.9468E-02
   7.500      0.9283E-02
   8.000      0.9089E-02
   8.500      0.8887E-02
   9.000      0.8679E-02
   9.500      0.8466E-02
   10.00      0.8249E-02
   10.50      0.8031E-02
   11.00      0.7811E-02
   11.50      0.7593E-02
   12.00      0.7378E-02
   12.50      0.7167E-02
   13.00      0.6963E-02
   13.50      0.6766E-02
   14.00      0.6579E-02
   14.50      0.6403E-02
   15.00      0.6239E-02
   15.50      0.6088E-02
   16.00      0.5952E-02
   16.50      0.5831E-02
   17.00      0.5726E-02
   17.50      0.5636E-02
   18.00      0.5564E-02
   18.50      0.5507E-02
   19.00      0.5466E-02
   19.50      0.5440E-02
   20.00      0.5429E-02
   20.50      0.5431E-02
   21.00      0.5446E-02
   21.50      0.5471E-02
   22.00      0.5506E-02
   22.50      0.5549E-02
   23.00      0.5598E-02
   23.50      0.5652E-02
   24.00      0.5708E-02
   24.50      0.5764E-02
   25.00      0.5820E-02
   25.50      0.5873E-02
   26.00      0.5922E-02
   26.50      0.5965E-02
   27.00      0.6001E-02
   27.50      0.6028E-02
   28.00      0.6045E-02
   28.50      0.6052E-02
   29.00      0.6047E-02
   29.50      0.6030E-02
   30.00      0.6001E-02
   30.50      0.5959E-02
   31.00      0.5905E-02
   31.50      0.5837E-02
   32.00      0.5758E-02
   32.50      0.5666E-02
   33.00      0.5563E-02
   33.50      0.5450E-02
   34.00      0.5326E-02
   34.50      0.5194E-02
   35.00      0.5054E-02
   35.50      0.4906E-02
   36.00      0.4753E-02
   36.50      0.4595E-02
   37.00      0.4434E-02
   37.50      0.4270E-02
   38.00      0.4104E-02
   38.50      0.3938E-02
   39.00      0.3772E-02
   39.50      0.3607E-02
   40.00      0.3445E-02
   40.50      0.3286E-02
   41.00      0.3130E-02
   41.50      0.2979E-02
   42.00      0.2832E-02
   42.50      0.2691E-02
   43.00      0.2556E-02
   43.50      0.2426E-02
   44.00      0.2303E-02
   44.50      0.2187E-02
   45.00      0.2077E-02
   45.50      0.1973E-02
   46.00      0.1876E-02
   46.50      0.1786E-02
   47.00      0.1702E-02
   47.50      0.1624E-02
   48.00      0.1553E-02
   48.50      0.1487E-02
   49.00      0.1427E-02
   49.50      0.1373E-02
   50.00      0.1324E-02
   50.50      0.1280E-02
   51.00      0.1240E-02
   51.50      0.1206E-02
   52.00      0.1175E-02
   52.50      0.1149E-02
   53.00      0.1126E-02
   53.50      0.1107E-02
   54.00      0.1092E-02
   54.50      0.1079E-02
   55.00      0.1070E-02
   55.50      0.1063E-02
   56.00      0.1059E-02
   56.50      0.1058E-02
   57.00      0.1059E-02
   57.50      0.1062E-02
   58.00      0.1066E-02
   58.50      0.1073E-02
   59.00      0.1082E-02
   59.50      0.1091E-02
   60.00      0.1103E-02
 END
