# Fusion cross sections for ELAB=  16.000, ECM=  15.923
     0.5   70.10       70.10       0.000    
     1.5   136.2       136.2       0.000    
     2.5   186.7       186.7       0.000    
     3.5   210.1       210.1       0.000    
     4.5   163.2       163.2       0.000    
     5.5   119.8       119.8       0.000    
     6.5   36.16       36.16       0.000    
     7.5   11.51       11.51       0.000    
     8.5   3.083       3.083       0.000    
     9.5  0.6593      0.6593       0.000    
    10.5  0.1488      0.1488       0.000    
    11.5  0.3399E-01  0.3399E-01   0.000    
    12.5  0.7717E-02  0.7717E-02   0.000    
    13.5  0.1735E-02  0.1735E-02   0.000    
    14.5  0.3861E-03  0.3861E-03   0.000    
    15.5  0.8516E-04  0.8516E-04   0.000    
    16.5  0.1863E-04  0.1863E-04   0.000    
    17.5  0.4046E-05  0.4046E-05   0.000    
    18.5  0.8735E-06  0.8735E-06   0.000    
    19.5  0.1875E-06  0.1875E-06   0.000    
    20.5  0.4008E-07  0.4008E-07   0.000    
    21.5  0.8511E-08  0.8511E-08   0.000    
    22.5  0.1800E-08  0.1800E-08   0.000    
    23.5  0.3732E-09  0.3732E-09   0.000    
    24.5  0.9495E-10  0.9495E-10   0.000    
    25.5  0.1424E-11  0.1424E-11   0.000    
    26.5  0.1405E-10  0.1405E-10   0.000    
 &
