# Fusion cross sections for ELAB=  16.000, ECM=  15.923
     0.5   40.18      1
     0.5   70.10     -1
     1.5   75.64      1
     1.5   136.2     -1
     2.5   108.7      1
     2.5   186.7     -1
     3.5   94.62      1
     3.5   210.1     -1
     4.5   98.35      1
     4.5   163.2     -1
     5.5   24.52      1
     5.5   119.8     -1
     6.5   27.20      1
     6.5   36.16     -1
     7.5   2.019      1
     7.5   11.51     -1
     8.5   2.614      1
     8.5   3.083     -1
     9.5  0.1102      1
     9.5  0.6593     -1
    10.5  0.1232      1
    10.5  0.1488     -1
    11.5  0.5886E-02  1
    11.5  0.3399E-01 -1
    12.5  0.6383E-02  1
    12.5  0.7717E-02 -1
    13.5  0.2987E-03  1
    13.5  0.1735E-02 -1
    14.5  0.3199E-03  1
    14.5  0.3861E-03 -1
    15.5  0.1455E-04  1
    15.5  0.8516E-04 -1
    16.5  0.1545E-04  1
    16.5  0.1863E-04 -1
    17.5  0.6876E-06  1
    17.5  0.4046E-05 -1
    18.5  0.7254E-06  1
    18.5  0.8735E-06 -1
    19.5  0.3172E-07  1
    19.5  0.1875E-06 -1
    20.5  0.3331E-07  1
    20.5  0.4008E-07 -1
    21.5  0.1436E-08  1
    21.5  0.8511E-08 -1
    22.5  0.1484E-08  1
    22.5  0.1800E-08 -1
    23.5  0.6376E-10  1
    23.5  0.3732E-09 -1
    24.5  0.8194E-10  1
    24.5  0.9495E-10 -1
    25.5 -0.6646E-11  1
    25.5  0.1424E-11 -1
    26.5  0.2219E-11  1
    26.5  0.1405E-10 -1
    27.5 -0.8180E-11  1
 &
