# 361 angles,  1 tensor ranks for 3=residual  
@subtitle   "25Al(d,n)26Si at 6.72 MeV (KGH Replication)"                                   
@legend ON
@legend x1 0.2
@legend y1 0.8
@g0 type LOGY
@yaxis ticklabel format power
@legend string   0 "Lab energy =    6.7200"
#legend string   0 "Partition=  1 Excit=  3 near/far= 1"
#  Theta       sigma       iT11        T20         T21         T22         Kyy for residual  
   0.000       3.145    
  0.5000       3.144    
   1.000       3.142    
   1.500       3.138    
   2.000       3.132    
   2.500       3.125    
   3.000       3.116    
   3.500       3.106    
   4.000       3.095    
   4.500       3.082    
   5.000       3.067    
   5.500       3.052    
   6.000       3.035    
   6.500       3.016    
   7.000       2.997    
   7.500       2.976    
   8.000       2.954    
   8.500       2.932    
   9.000       2.908    
   9.500       2.883    
   10.00       2.858    
   10.50       2.832    
   11.00       2.805    
   11.50       2.777    
   12.00       2.748    
   12.50       2.719    
   13.00       2.690    
   13.50       2.660    
   14.00       2.629    
   14.50       2.598    
   15.00       2.567    
   15.50       2.535    
   16.00       2.503    
   16.50       2.471    
   17.00       2.438    
   17.50       2.405    
   18.00       2.372    
   18.50       2.339    
   19.00       2.305    
   19.50       2.271    
   20.00       2.237    
   20.50       2.202    
   21.00       2.167    
   21.50       2.132    
   22.00       2.097    
   22.50       2.061    
   23.00       2.025    
   23.50       1.989    
   24.00       1.952    
   24.50       1.916    
   25.00       1.878    
   25.50       1.841    
   26.00       1.803    
   26.50       1.765    
   27.00       1.726    
   27.50       1.687    
   28.00       1.648    
   28.50       1.608    
   29.00       1.569    
   29.50       1.528    
   30.00       1.488    
   30.50       1.447    
   31.00       1.406    
   31.50       1.365    
   32.00       1.324    
   32.50       1.283    
   33.00       1.242    
   33.50       1.201    
   34.00       1.160    
   34.50       1.119    
   35.00       1.078    
   35.50       1.037    
   36.00      0.9972    
   36.50      0.9574    
   37.00      0.9182    
   37.50      0.8795    
   38.00      0.8414    
   38.50      0.8041    
   39.00      0.7675    
   39.50      0.7318    
   40.00      0.6970    
   40.50      0.6632    
   41.00      0.6305    
   41.50      0.5989    
   42.00      0.5685    
   42.50      0.5393    
   43.00      0.5114    
   43.50      0.4849    
   44.00      0.4597    
   44.50      0.4360    
   45.00      0.4138    
   45.50      0.3930    
   46.00      0.3737    
   46.50      0.3560    
   47.00      0.3397    
   47.50      0.3250    
   48.00      0.3118    
   48.50      0.3002    
   49.00      0.2900    
   49.50      0.2813    
   50.00      0.2740    
   50.50      0.2681    
   51.00      0.2636    
   51.50      0.2603    
   52.00      0.2584    
   52.50      0.2576    
   53.00      0.2580    
   53.50      0.2595    
   54.00      0.2619    
   54.50      0.2653    
   55.00      0.2696    
   55.50      0.2746    
   56.00      0.2804    
   56.50      0.2867    
   57.00      0.2937    
   57.50      0.3010    
   58.00      0.3088    
   58.50      0.3169    
   59.00      0.3252    
   59.50      0.3336    
   60.00      0.3422    
   60.50      0.3507    
   61.00      0.3592    
   61.50      0.3675    
   62.00      0.3756    
   62.50      0.3835    
   63.00      0.3910    
   63.50      0.3982    
   64.00      0.4050    
   64.50      0.4113    
   65.00      0.4170    
   65.50      0.4223    
   66.00      0.4270    
   66.50      0.4310    
   67.00      0.4345    
   67.50      0.4373    
   68.00      0.4395    
   68.50      0.4410    
   69.00      0.4418    
   69.50      0.4420    
   70.00      0.4415    
   70.50      0.4403    
   71.00      0.4385    
   71.50      0.4361    
   72.00      0.4330    
   72.50      0.4294    
   73.00      0.4252    
   73.50      0.4204    
   74.00      0.4151    
   74.50      0.4093    
   75.00      0.4030    
   75.50      0.3963    
   76.00      0.3892    
   76.50      0.3817    
   77.00      0.3739    
   77.50      0.3659    
   78.00      0.3575    
   78.50      0.3489    
   79.00      0.3401    
   79.50      0.3312    
   80.00      0.3221    
   80.50      0.3130    
   81.00      0.3038    
   81.50      0.2945    
   82.00      0.2853    
   82.50      0.2761    
   83.00      0.2669    
   83.50      0.2579    
   84.00      0.2489    
   84.50      0.2401    
   85.00      0.2314    
   85.50      0.2229    
   86.00      0.2146    
   86.50      0.2065    
   87.00      0.1986    
   87.50      0.1910    
   88.00      0.1836    
   88.50      0.1764    
   89.00      0.1695    
   89.50      0.1629    
   90.00      0.1566    
   90.50      0.1505    
   91.00      0.1447    
   91.50      0.1392    
   92.00      0.1339    
   92.50      0.1289    
   93.00      0.1242    
   93.50      0.1198    
   94.00      0.1156    
   94.50      0.1116    
   95.00      0.1080    
   95.50      0.1045    
   96.00      0.1013    
   96.50      0.9831E-01
   97.00      0.9553E-01
   97.50      0.9295E-01
   98.00      0.9057E-01
   98.50      0.8837E-01
   99.00      0.8635E-01
   99.50      0.8449E-01
   100.0      0.8278E-01
   100.5      0.8121E-01
   101.0      0.7977E-01
   101.5      0.7846E-01
   102.0      0.7726E-01
   102.5      0.7616E-01
   103.0      0.7515E-01
   103.5      0.7422E-01
   104.0      0.7337E-01
   104.5      0.7258E-01
   105.0      0.7185E-01
   105.5      0.7117E-01
   106.0      0.7053E-01
   106.5      0.6992E-01
   107.0      0.6935E-01
   107.5      0.6879E-01
   108.0      0.6825E-01
   108.5      0.6772E-01
   109.0      0.6719E-01
   109.5      0.6667E-01
   110.0      0.6614E-01
   110.5      0.6560E-01
   111.0      0.6506E-01
   111.5      0.6450E-01
   112.0      0.6392E-01
   112.5      0.6333E-01
   113.0      0.6272E-01
   113.5      0.6209E-01
   114.0      0.6144E-01
   114.5      0.6076E-01
   115.0      0.6007E-01
   115.5      0.5935E-01
   116.0      0.5861E-01
   116.5      0.5785E-01
   117.0      0.5707E-01
   117.5      0.5627E-01
   118.0      0.5545E-01
   118.5      0.5462E-01
   119.0      0.5377E-01
   119.5      0.5291E-01
   120.0      0.5204E-01
   120.5      0.5117E-01
   121.0      0.5029E-01
   121.5      0.4941E-01
   122.0      0.4853E-01
   122.5      0.4765E-01
   123.0      0.4678E-01
   123.5      0.4592E-01
   124.0      0.4507E-01
   124.5      0.4424E-01
   125.0      0.4344E-01
   125.5      0.4265E-01
   126.0      0.4189E-01
   126.5      0.4117E-01
   127.0      0.4048E-01
   127.5      0.3983E-01
   128.0      0.3922E-01
   128.5      0.3865E-01
   129.0      0.3814E-01
   129.5      0.3768E-01
   130.0      0.3728E-01
   130.5      0.3693E-01
   131.0      0.3665E-01
   131.5      0.3645E-01
   132.0      0.3631E-01
   132.5      0.3625E-01
   133.0      0.3626E-01
   133.5      0.3636E-01
   134.0      0.3655E-01
   134.5      0.3682E-01
   135.0      0.3718E-01
   135.5      0.3765E-01
   136.0      0.3820E-01
   136.5      0.3886E-01
   137.0      0.3963E-01
   137.5      0.4050E-01
   138.0      0.4148E-01
   138.5      0.4257E-01
   139.0      0.4377E-01
   139.5      0.4509E-01
   140.0      0.4653E-01
   140.5      0.4808E-01
   141.0      0.4976E-01
   141.5      0.5156E-01
   142.0      0.5348E-01
   142.5      0.5552E-01
   143.0      0.5769E-01
   143.5      0.5999E-01
   144.0      0.6240E-01
   144.5      0.6495E-01
   145.0      0.6762E-01
   145.5      0.7041E-01
   146.0      0.7332E-01
   146.5      0.7636E-01
   147.0      0.7952E-01
   147.5      0.8279E-01
   148.0      0.8619E-01
   148.5      0.8970E-01
   149.0      0.9332E-01
   149.5      0.9705E-01
   150.0      0.1009    
   150.5      0.1048    
   151.0      0.1089    
   151.5      0.1130    
   152.0      0.1172    
   152.5      0.1216    
   153.0      0.1260    
   153.5      0.1305    
   154.0      0.1350    
   154.5      0.1396    
   155.0      0.1443    
   155.5      0.1491    
   156.0      0.1539    
   156.5      0.1587    
   157.0      0.1636    
   157.5      0.1685    
   158.0      0.1734    
   158.5      0.1784    
   159.0      0.1834    
   159.5      0.1884    
   160.0      0.1933    
   160.5      0.1983    
   161.0      0.2033    
   161.5      0.2082    
   162.0      0.2131    
   162.5      0.2180    
   163.0      0.2228    
   163.5      0.2276    
   164.0      0.2323    
   164.5      0.2370    
   165.0      0.2416    
   165.5      0.2461    
   166.0      0.2505    
   166.5      0.2549    
   167.0      0.2591    
   167.5      0.2632    
   168.0      0.2673    
   168.5      0.2712    
   169.0      0.2750    
   169.5      0.2786    
   170.0      0.2822    
   170.5      0.2856    
   171.0      0.2888    
   171.5      0.2919    
   172.0      0.2949    
   172.5      0.2977    
   173.0      0.3003    
   173.5      0.3028    
   174.0      0.3051    
   174.5      0.3072    
   175.0      0.3091    
   175.5      0.3109    
   176.0      0.3125    
   176.5      0.3139    
   177.0      0.3152    
   177.5      0.3162    
   178.0      0.3171    
   178.5      0.3177    
   179.0      0.3182    
   179.5      0.3185    
   180.0      0.3186    
 END
