# 361 angles,  1 tensor ranks for 3=residual  
@subtitle   "25Al(d,n)26Si at 6.72 MeV (KGH Replication)"                                   
@legend ON
@legend x1 0.2
@legend y1 0.8
@g0 type LOGY
@yaxis ticklabel format power
@legend string   0 "Lab energy =    6.7200"
#legend string   0 "Partition=  1 Excit=  1 near/far= 1"
#  Theta       sigma       iT11        T20         T21         T22         Kyy for residual  
  0.1000E-01   1.000    
  0.5000      0.9998    
   1.000      0.9986    
   1.500      0.9994    
   2.000       1.003    
   2.500       1.008    
   3.000       1.014    
   3.500       1.019    
   4.000       1.023    
   4.500       1.024    
   5.000       1.023    
   5.500       1.020    
   6.000       1.014    
   6.500       1.005    
   7.000      0.9941    
   7.500      0.9812    
   8.000      0.9667    
   8.500      0.9508    
   9.000      0.9339    
   9.500      0.9163    
   10.00      0.8983    
   10.50      0.8803    
   11.00      0.8625    
   11.50      0.8451    
   12.00      0.8285    
   12.50      0.8127    
   13.00      0.7979    
   13.50      0.7844    
   14.00      0.7721    
   14.50      0.7612    
   15.00      0.7517    
   15.50      0.7437    
   16.00      0.7371    
   16.50      0.7320    
   17.00      0.7282    
   17.50      0.7258    
   18.00      0.7247    
   18.50      0.7248    
   19.00      0.7260    
   19.50      0.7281    
   20.00      0.7312    
   20.50      0.7350    
   21.00      0.7394    
   21.50      0.7443    
   22.00      0.7496    
   22.50      0.7552    
   23.00      0.7608    
   23.50      0.7664    
   24.00      0.7719    
   24.50      0.7771    
   25.00      0.7820    
   25.50      0.7863    
   26.00      0.7901    
   26.50      0.7931    
   27.00      0.7954    
   27.50      0.7969    
   28.00      0.7974    
   28.50      0.7970    
   29.00      0.7955    
   29.50      0.7930    
   30.00      0.7894    
   30.50      0.7847    
   31.00      0.7789    
   31.50      0.7719    
   32.00      0.7639    
   32.50      0.7547    
   33.00      0.7445    
   33.50      0.7333    
   34.00      0.7210    
   34.50      0.7078    
   35.00      0.6938    
   35.50      0.6789    
   36.00      0.6632    
   36.50      0.6469    
   37.00      0.6299    
   37.50      0.6124    
   38.00      0.5945    
   38.50      0.5762    
   39.00      0.5576    
   39.50      0.5388    
   40.00      0.5199    
   40.50      0.5010    
   41.00      0.4822    
   41.50      0.4635    
   42.00      0.4451    
   42.50      0.4270    
   43.00      0.4093    
   43.50      0.3921    
   44.00      0.3754    
   44.50      0.3593    
   45.00      0.3439    
   45.50      0.3293    
   46.00      0.3154    
   46.50      0.3024    
   47.00      0.2902    
   47.50      0.2790    
   48.00      0.2688    
   48.50      0.2595    
   49.00      0.2512    
   49.50      0.2440    
   50.00      0.2377    
   50.50      0.2326    
   51.00      0.2284    
   51.50      0.2253    
   52.00      0.2232    
   52.50      0.2221    
   53.00      0.2220    
   53.50      0.2228    
   54.00      0.2246    
   54.50      0.2273    
   55.00      0.2308    
   55.50      0.2352    
   56.00      0.2403    
   56.50      0.2462    
   57.00      0.2527    
   57.50      0.2600    
   58.00      0.2678    
   58.50      0.2761    
   59.00      0.2849    
   59.50      0.2942    
   60.00      0.3038    
   60.50      0.3137    
   61.00      0.3240    
   61.50      0.3344    
   62.00      0.3450    
   62.50      0.3557    
   63.00      0.3665    
   63.50      0.3773    
   64.00      0.3880    
   64.50      0.3987    
   65.00      0.4093    
   65.50      0.4197    
   66.00      0.4298    
   66.50      0.4398    
   67.00      0.4495    
   67.50      0.4588    
   68.00      0.4679    
   68.50      0.4765    
   69.00      0.4848    
   69.50      0.4927    
   70.00      0.5002    
   70.50      0.5072    
   71.00      0.5137    
   71.50      0.5198    
   72.00      0.5254    
   72.50      0.5306    
   73.00      0.5352    
   73.50      0.5394    
   74.00      0.5430    
   74.50      0.5462    
   75.00      0.5489    
   75.50      0.5511    
   76.00      0.5528    
   76.50      0.5540    
   77.00      0.5548    
   77.50      0.5551    
   78.00      0.5550    
   78.50      0.5545    
   79.00      0.5535    
   79.50      0.5521    
   80.00      0.5503    
   80.50      0.5482    
   81.00      0.5456    
   81.50      0.5428    
   82.00      0.5395    
   82.50      0.5360    
   83.00      0.5321    
   83.50      0.5279    
   84.00      0.5235    
   84.50      0.5187    
   85.00      0.5137    
   85.50      0.5085    
   86.00      0.5029    
   86.50      0.4972    
   87.00      0.4913    
   87.50      0.4851    
   88.00      0.4787    
   88.50      0.4722    
   89.00      0.4654    
   89.50      0.4585    
   90.00      0.4514    
   90.50      0.4442    
   91.00      0.4368    
   91.50      0.4292    
   92.00      0.4216    
   92.50      0.4137    
   93.00      0.4058    
   93.50      0.3977    
   94.00      0.3895    
   94.50      0.3812    
   95.00      0.3728    
   95.50      0.3643    
   96.00      0.3557    
   96.50      0.3470    
   97.00      0.3383    
   97.50      0.3294    
   98.00      0.3205    
   98.50      0.3115    
   99.00      0.3025    
   99.50      0.2935    
   100.0      0.2844    
   100.5      0.2752    
   101.0      0.2661    
   101.5      0.2569    
   102.0      0.2478    
   102.5      0.2386    
   103.0      0.2295    
   103.5      0.2204    
   104.0      0.2114    
   104.5      0.2024    
   105.0      0.1935    
   105.5      0.1847    
   106.0      0.1760    
   106.5      0.1674    
   107.0      0.1589    
   107.5      0.1505    
   108.0      0.1423    
   108.5      0.1343    
   109.0      0.1264    
   109.5      0.1187    
   110.0      0.1112    
   110.5      0.1039    
   111.0      0.9689E-01
   111.5      0.9009E-01
   112.0      0.8353E-01
   112.5      0.7723E-01
   113.0      0.7120E-01
   113.5      0.6545E-01
   114.0      0.5999E-01
   114.5      0.5482E-01
   115.0      0.4997E-01
   115.5      0.4542E-01
   116.0      0.4120E-01
   116.5      0.3729E-01
   117.0      0.3372E-01
   117.5      0.3048E-01
   118.0      0.2757E-01
   118.5      0.2500E-01
   119.0      0.2276E-01
   119.5      0.2086E-01
   120.0      0.1930E-01
   120.5      0.1807E-01
   121.0      0.1717E-01
   121.5      0.1660E-01
   122.0      0.1635E-01
   122.5      0.1641E-01
   123.0      0.1679E-01
   123.5      0.1746E-01
   124.0      0.1844E-01
   124.5      0.1970E-01
   125.0      0.2124E-01
   125.5      0.2304E-01
   126.0      0.2511E-01
   126.5      0.2743E-01
   127.0      0.2999E-01
   127.5      0.3278E-01
   128.0      0.3579E-01
   128.5      0.3902E-01
   129.0      0.4244E-01
   129.5      0.4606E-01
   130.0      0.4985E-01
   130.5      0.5382E-01
   131.0      0.5796E-01
   131.5      0.6226E-01
   132.0      0.6670E-01
   132.5      0.7129E-01
   133.0      0.7602E-01
   133.5      0.8089E-01
   134.0      0.8588E-01
   134.5      0.9100E-01
   135.0      0.9625E-01
   135.5      0.1016    
   136.0      0.1071    
   136.5      0.1128    
   137.0      0.1185    
   137.5      0.1244    
   138.0      0.1304    
   138.5      0.1366    
   139.0      0.1430    
   139.5      0.1494    
   140.0      0.1561    
   140.5      0.1630    
   141.0      0.1700    
   141.5      0.1772    
   142.0      0.1847    
   142.5      0.1924    
   143.0      0.2004    
   143.5      0.2086    
   144.0      0.2171    
   144.5      0.2259    
   145.0      0.2350    
   145.5      0.2444    
   146.0      0.2542    
   146.5      0.2644    
   147.0      0.2749    
   147.5      0.2858    
   148.0      0.2972    
   148.5      0.3090    
   149.0      0.3212    
   149.5      0.3339    
   150.0      0.3470    
   150.5      0.3606    
   151.0      0.3747    
   151.5      0.3894    
   152.0      0.4045    
   152.5      0.4201    
   153.0      0.4363    
   153.5      0.4529    
   154.0      0.4701    
   154.5      0.4878    
   155.0      0.5060    
   155.5      0.5248    
   156.0      0.5440    
   156.5      0.5637    
   157.0      0.5839    
   157.5      0.6045    
   158.0      0.6256    
   158.5      0.6471    
   159.0      0.6690    
   159.5      0.6913    
   160.0      0.7139    
   160.5      0.7369    
   161.0      0.7601    
   161.5      0.7836    
   162.0      0.8073    
   162.5      0.8312    
   163.0      0.8552    
   163.5      0.8793    
   164.0      0.9034    
   164.5      0.9276    
   165.0      0.9517    
   165.5      0.9757    
   166.0      0.9995    
   166.5       1.023    
   167.0       1.047    
   167.5       1.070    
   168.0       1.092    
   168.5       1.115    
   169.0       1.136    
   169.5       1.158    
   170.0       1.179    
   170.5       1.199    
   171.0       1.218    
   171.5       1.237    
   172.0       1.255    
   172.5       1.272    
   173.0       1.288    
   173.5       1.303    
   174.0       1.318    
   174.5       1.331    
   175.0       1.343    
   175.5       1.354    
   176.0       1.365    
   176.5       1.374    
   177.0       1.381    
   177.5       1.388    
   178.0       1.394    
   178.5       1.398    
   179.0       1.401    
   179.5       1.403    
   180.0       1.403    
 END
