# 361 angles,  1 tensor ranks for 3=residual  
@subtitle   "25Al(d,n)26Si at 6.72 MeV (KGH Replication)"                                   
@legend ON
@legend x1 0.2
@legend y1 0.8
@g0 type LOGY
@yaxis ticklabel format power
@legend string   0 "Lab energy =    6.7200"
#legend string   0 "Partition=  1 Excit=  6 near/far= 1"
#  Theta       sigma       iT11        T20         T21         T22         Kyy for residual  
   0.000       2.444    
  0.5000       2.444    
   1.000       2.442    
   1.500       2.439    
   2.000       2.435    
   2.500       2.430    
   3.000       2.423    
   3.500       2.416    
   4.000       2.407    
   4.500       2.398    
   5.000       2.387    
   5.500       2.376    
   6.000       2.363    
   6.500       2.350    
   7.000       2.336    
   7.500       2.321    
   8.000       2.306    
   8.500       2.289    
   9.000       2.272    
   9.500       2.255    
   10.00       2.237    
   10.50       2.219    
   11.00       2.200    
   11.50       2.181    
   12.00       2.161    
   12.50       2.141    
   13.00       2.121    
   13.50       2.100    
   14.00       2.079    
   14.50       2.058    
   15.00       2.037    
   15.50       2.016    
   16.00       1.994    
   16.50       1.972    
   17.00       1.950    
   17.50       1.928    
   18.00       1.906    
   18.50       1.883    
   19.00       1.861    
   19.50       1.838    
   20.00       1.815    
   20.50       1.792    
   21.00       1.769    
   21.50       1.746    
   22.00       1.722    
   22.50       1.699    
   23.00       1.675    
   23.50       1.652    
   24.00       1.628    
   24.50       1.604    
   25.00       1.580    
   25.50       1.556    
   26.00       1.532    
   26.50       1.508    
   27.00       1.484    
   27.50       1.460    
   28.00       1.436    
   28.50       1.411    
   29.00       1.387    
   29.50       1.363    
   30.00       1.339    
   30.50       1.315    
   31.00       1.291    
   31.50       1.267    
   32.00       1.243    
   32.50       1.219    
   33.00       1.196    
   33.50       1.172    
   34.00       1.149    
   34.50       1.125    
   35.00       1.102    
   35.50       1.079    
   36.00       1.055    
   36.50       1.032    
   37.00       1.010    
   37.50      0.9869    
   38.00      0.9644    
   38.50      0.9420    
   39.00      0.9197    
   39.50      0.8977    
   40.00      0.8758    
   40.50      0.8541    
   41.00      0.8326    
   41.50      0.8113    
   42.00      0.7902    
   42.50      0.7694    
   43.00      0.7488    
   43.50      0.7284    
   44.00      0.7084    
   44.50      0.6886    
   45.00      0.6691    
   45.50      0.6499    
   46.00      0.6311    
   46.50      0.6126    
   47.00      0.5944    
   47.50      0.5766    
   48.00      0.5591    
   48.50      0.5420    
   49.00      0.5253    
   49.50      0.5090    
   50.00      0.4931    
   50.50      0.4776    
   51.00      0.4625    
   51.50      0.4478    
   52.00      0.4335    
   52.50      0.4196    
   53.00      0.4062    
   53.50      0.3932    
   54.00      0.3806    
   54.50      0.3684    
   55.00      0.3566    
   55.50      0.3452    
   56.00      0.3343    
   56.50      0.3237    
   57.00      0.3136    
   57.50      0.3038    
   58.00      0.2944    
   58.50      0.2854    
   59.00      0.2768    
   59.50      0.2685    
   60.00      0.2606    
   60.50      0.2530    
   61.00      0.2458    
   61.50      0.2388    
   62.00      0.2322    
   62.50      0.2259    
   63.00      0.2199    
   63.50      0.2142    
   64.00      0.2088    
   64.50      0.2036    
   65.00      0.1987    
   65.50      0.1941    
   66.00      0.1897    
   66.50      0.1855    
   67.00      0.1815    
   67.50      0.1777    
   68.00      0.1742    
   68.50      0.1708    
   69.00      0.1676    
   69.50      0.1645    
   70.00      0.1617    
   70.50      0.1589    
   71.00      0.1563    
   71.50      0.1539    
   72.00      0.1515    
   72.50      0.1493    
   73.00      0.1472    
   73.50      0.1451    
   74.00      0.1432    
   74.50      0.1413    
   75.00      0.1395    
   75.50      0.1378    
   76.00      0.1361    
   76.50      0.1344    
   77.00      0.1329    
   77.50      0.1313    
   78.00      0.1298    
   78.50      0.1283    
   79.00      0.1268    
   79.50      0.1253    
   80.00      0.1238    
   80.50      0.1224    
   81.00      0.1209    
   81.50      0.1194    
   82.00      0.1180    
   82.50      0.1165    
   83.00      0.1150    
   83.50      0.1135    
   84.00      0.1120    
   84.50      0.1105    
   85.00      0.1089    
   85.50      0.1074    
   86.00      0.1058    
   86.50      0.1042    
   87.00      0.1026    
   87.50      0.1010    
   88.00      0.9932E-01
   88.50      0.9767E-01
   89.00      0.9602E-01
   89.50      0.9435E-01
   90.00      0.9268E-01
   90.50      0.9100E-01
   91.00      0.8932E-01
   91.50      0.8764E-01
   92.00      0.8597E-01
   92.50      0.8431E-01
   93.00      0.8265E-01
   93.50      0.8101E-01
   94.00      0.7938E-01
   94.50      0.7777E-01
   95.00      0.7618E-01
   95.50      0.7462E-01
   96.00      0.7309E-01
   96.50      0.7159E-01
   97.00      0.7012E-01
   97.50      0.6869E-01
   98.00      0.6729E-01
   98.50      0.6594E-01
   99.00      0.6463E-01
   99.50      0.6337E-01
   100.0      0.6215E-01
   100.5      0.6098E-01
   101.0      0.5986E-01
   101.5      0.5880E-01
   102.0      0.5778E-01
   102.5      0.5682E-01
   103.0      0.5591E-01
   103.5      0.5506E-01
   104.0      0.5425E-01
   104.5      0.5351E-01
   105.0      0.5281E-01
   105.5      0.5216E-01
   106.0      0.5157E-01
   106.5      0.5102E-01
   107.0      0.5052E-01
   107.5      0.5007E-01
   108.0      0.4965E-01
   108.5      0.4928E-01
   109.0      0.4895E-01
   109.5      0.4865E-01
   110.0      0.4838E-01
   110.5      0.4814E-01
   111.0      0.4793E-01
   111.5      0.4774E-01
   112.0      0.4757E-01
   112.5      0.4742E-01
   113.0      0.4727E-01
   113.5      0.4714E-01
   114.0      0.4701E-01
   114.5      0.4689E-01
   115.0      0.4676E-01
   115.5      0.4662E-01
   116.0      0.4648E-01
   116.5      0.4633E-01
   117.0      0.4616E-01
   117.5      0.4598E-01
   118.0      0.4577E-01
   118.5      0.4554E-01
   119.0      0.4529E-01
   119.5      0.4501E-01
   120.0      0.4471E-01
   120.5      0.4437E-01
   121.0      0.4401E-01
   121.5      0.4361E-01
   122.0      0.4318E-01
   122.5      0.4272E-01
   123.0      0.4222E-01
   123.5      0.4170E-01
   124.0      0.4114E-01
   124.5      0.4054E-01
   125.0      0.3992E-01
   125.5      0.3927E-01
   126.0      0.3859E-01
   126.5      0.3788E-01
   127.0      0.3715E-01
   127.5      0.3639E-01
   128.0      0.3561E-01
   128.5      0.3482E-01
   129.0      0.3400E-01
   129.5      0.3317E-01
   130.0      0.3233E-01
   130.5      0.3148E-01
   131.0      0.3063E-01
   131.5      0.2976E-01
   132.0      0.2890E-01
   132.5      0.2804E-01
   133.0      0.2718E-01
   133.5      0.2632E-01
   134.0      0.2547E-01
   134.5      0.2463E-01
   135.0      0.2381E-01
   135.5      0.2300E-01
   136.0      0.2220E-01
   136.5      0.2142E-01
   137.0      0.2066E-01
   137.5      0.1993E-01
   138.0      0.1922E-01
   138.5      0.1853E-01
   139.0      0.1786E-01
   139.5      0.1723E-01
   140.0      0.1662E-01
   140.5      0.1604E-01
   141.0      0.1549E-01
   141.5      0.1496E-01
   142.0      0.1447E-01
   142.5      0.1401E-01
   143.0      0.1358E-01
   143.5      0.1318E-01
   144.0      0.1281E-01
   144.5      0.1247E-01
   145.0      0.1216E-01
   145.5      0.1187E-01
   146.0      0.1162E-01
   146.5      0.1139E-01
   147.0      0.1119E-01
   147.5      0.1102E-01
   148.0      0.1087E-01
   148.5      0.1075E-01
   149.0      0.1064E-01
   149.5      0.1056E-01
   150.0      0.1050E-01
   150.5      0.1045E-01
   151.0      0.1042E-01
   151.5      0.1041E-01
   152.0      0.1041E-01
   152.5      0.1042E-01
   153.0      0.1044E-01
   153.5      0.1047E-01
   154.0      0.1050E-01
   154.5      0.1054E-01
   155.0      0.1058E-01
   155.5      0.1062E-01
   156.0      0.1066E-01
   156.5      0.1069E-01
   157.0      0.1072E-01
   157.5      0.1074E-01
   158.0      0.1075E-01
   158.5      0.1076E-01
   159.0      0.1075E-01
   159.5      0.1072E-01
   160.0      0.1069E-01
   160.5      0.1063E-01
   161.0      0.1056E-01
   161.5      0.1047E-01
   162.0      0.1037E-01
   162.5      0.1024E-01
   163.0      0.1010E-01
   163.5      0.9932E-02
   164.0      0.9747E-02
   164.5      0.9543E-02
   165.0      0.9321E-02
   165.5      0.9079E-02
   166.0      0.8821E-02
   166.5      0.8545E-02
   167.0      0.8254E-02
   167.5      0.7950E-02
   168.0      0.7632E-02
   168.5      0.7304E-02
   169.0      0.6966E-02
   169.5      0.6622E-02
   170.0      0.6272E-02
   170.5      0.5920E-02
   171.0      0.5566E-02
   171.5      0.5215E-02
   172.0      0.4867E-02
   172.5      0.4526E-02
   173.0      0.4194E-02
   173.5      0.3872E-02
   174.0      0.3564E-02
   174.5      0.3271E-02
   175.0      0.2996E-02
   175.5      0.2741E-02
   176.0      0.2507E-02
   176.5      0.2296E-02
   177.0      0.2110E-02
   177.5      0.1950E-02
   178.0      0.1818E-02
   178.5      0.1714E-02
   179.0      0.1639E-02
   179.5      0.1594E-02
   180.0      0.1579E-02
 END
