# 361 angles,  1 tensor ranks for 3=residual  
@subtitle   "25Al(d,n)26Si at 6.72 MeV (KGH Replication)"                                   
@legend ON
@legend x1 0.2
@legend y1 0.8
@g0 type LOGY
@yaxis ticklabel format power
@xaxis label "Scattering angle (degrees)"
@yaxis label "Cross section (mb/sr)"
@legend string   0 "Partition=  1 Excit=  1 near/far= 1"
#legend string   0 "Lab energy =    6.7200"
@s0 linestyle   1
#  Theta       sigma       iT11        T20         T21         T22         Kyy for residual  
  0.1000E-01   1.000    
  0.5000      0.9998    
   1.000      0.9986    
   1.500      0.9994    
   2.000       1.003    
   2.500       1.008    
   3.000       1.014    
   3.500       1.019    
   4.000       1.023    
   4.500       1.024    
   5.000       1.023    
   5.500       1.020    
   6.000       1.014    
   6.500       1.005    
   7.000      0.9941    
   7.500      0.9812    
   8.000      0.9667    
   8.500      0.9508    
   9.000      0.9339    
   9.500      0.9163    
   10.00      0.8983    
   10.50      0.8803    
   11.00      0.8625    
   11.50      0.8451    
   12.00      0.8285    
   12.50      0.8127    
   13.00      0.7979    
   13.50      0.7844    
   14.00      0.7721    
   14.50      0.7612    
   15.00      0.7517    
   15.50      0.7437    
   16.00      0.7371    
   16.50      0.7320    
   17.00      0.7282    
   17.50      0.7258    
   18.00      0.7247    
   18.50      0.7248    
   19.00      0.7260    
   19.50      0.7281    
   20.00      0.7312    
   20.50      0.7350    
   21.00      0.7394    
   21.50      0.7443    
   22.00      0.7496    
   22.50      0.7552    
   23.00      0.7608    
   23.50      0.7664    
   24.00      0.7719    
   24.50      0.7771    
   25.00      0.7820    
   25.50      0.7863    
   26.00      0.7901    
   26.50      0.7931    
   27.00      0.7954    
   27.50      0.7969    
   28.00      0.7974    
   28.50      0.7970    
   29.00      0.7955    
   29.50      0.7930    
   30.00      0.7894    
   30.50      0.7847    
   31.00      0.7789    
   31.50      0.7719    
   32.00      0.7639    
   32.50      0.7547    
   33.00      0.7445    
   33.50      0.7333    
   34.00      0.7210    
   34.50      0.7078    
   35.00      0.6938    
   35.50      0.6789    
   36.00      0.6632    
   36.50      0.6469    
   37.00      0.6299    
   37.50      0.6124    
   38.00      0.5945    
   38.50      0.5762    
   39.00      0.5576    
   39.50      0.5388    
   40.00      0.5199    
   40.50      0.5010    
   41.00      0.4822    
   41.50      0.4635    
   42.00      0.4451    
   42.50      0.4270    
   43.00      0.4093    
   43.50      0.3921    
   44.00      0.3754    
   44.50      0.3593    
   45.00      0.3439    
   45.50      0.3293    
   46.00      0.3154    
   46.50      0.3024    
   47.00      0.2902    
   47.50      0.2790    
   48.00      0.2688    
   48.50      0.2595    
   49.00      0.2512    
   49.50      0.2440    
   50.00      0.2377    
   50.50      0.2326    
   51.00      0.2284    
   51.50      0.2253    
   52.00      0.2232    
   52.50      0.2221    
   53.00      0.2220    
   53.50      0.2228    
   54.00      0.2246    
   54.50      0.2273    
   55.00      0.2308    
   55.50      0.2352    
   56.00      0.2403    
   56.50      0.2462    
   57.00      0.2527    
   57.50      0.2600    
   58.00      0.2678    
   58.50      0.2761    
   59.00      0.2849    
   59.50      0.2942    
   60.00      0.3038    
   60.50      0.3137    
   61.00      0.3240    
   61.50      0.3344    
   62.00      0.3450    
   62.50      0.3557    
   63.00      0.3665    
   63.50      0.3773    
   64.00      0.3880    
   64.50      0.3987    
   65.00      0.4093    
   65.50      0.4197    
   66.00      0.4298    
   66.50      0.4398    
   67.00      0.4495    
   67.50      0.4588    
   68.00      0.4679    
   68.50      0.4765    
   69.00      0.4848    
   69.50      0.4927    
   70.00      0.5002    
   70.50      0.5072    
   71.00      0.5137    
   71.50      0.5198    
   72.00      0.5254    
   72.50      0.5306    
   73.00      0.5352    
   73.50      0.5394    
   74.00      0.5430    
   74.50      0.5462    
   75.00      0.5489    
   75.50      0.5511    
   76.00      0.5528    
   76.50      0.5540    
   77.00      0.5548    
   77.50      0.5551    
   78.00      0.5550    
   78.50      0.5545    
   79.00      0.5535    
   79.50      0.5521    
   80.00      0.5503    
   80.50      0.5482    
   81.00      0.5456    
   81.50      0.5428    
   82.00      0.5395    
   82.50      0.5360    
   83.00      0.5321    
   83.50      0.5279    
   84.00      0.5235    
   84.50      0.5187    
   85.00      0.5137    
   85.50      0.5085    
   86.00      0.5029    
   86.50      0.4972    
   87.00      0.4913    
   87.50      0.4851    
   88.00      0.4787    
   88.50      0.4722    
   89.00      0.4654    
   89.50      0.4585    
   90.00      0.4514    
   90.50      0.4442    
   91.00      0.4368    
   91.50      0.4292    
   92.00      0.4216    
   92.50      0.4137    
   93.00      0.4058    
   93.50      0.3977    
   94.00      0.3895    
   94.50      0.3812    
   95.00      0.3728    
   95.50      0.3643    
   96.00      0.3557    
   96.50      0.3470    
   97.00      0.3383    
   97.50      0.3294    
   98.00      0.3205    
   98.50      0.3115    
   99.00      0.3025    
   99.50      0.2935    
   100.0      0.2844    
   100.5      0.2752    
   101.0      0.2661    
   101.5      0.2569    
   102.0      0.2478    
   102.5      0.2386    
   103.0      0.2295    
   103.5      0.2204    
   104.0      0.2114    
   104.5      0.2024    
   105.0      0.1935    
   105.5      0.1847    
   106.0      0.1760    
   106.5      0.1674    
   107.0      0.1589    
   107.5      0.1505    
   108.0      0.1423    
   108.5      0.1343    
   109.0      0.1264    
   109.5      0.1187    
   110.0      0.1112    
   110.5      0.1039    
   111.0      0.9689E-01
   111.5      0.9009E-01
   112.0      0.8353E-01
   112.5      0.7723E-01
   113.0      0.7120E-01
   113.5      0.6545E-01
   114.0      0.5999E-01
   114.5      0.5482E-01
   115.0      0.4997E-01
   115.5      0.4542E-01
   116.0      0.4120E-01
   116.5      0.3729E-01
   117.0      0.3372E-01
   117.5      0.3048E-01
   118.0      0.2757E-01
   118.5      0.2500E-01
   119.0      0.2276E-01
   119.5      0.2086E-01
   120.0      0.1930E-01
   120.5      0.1807E-01
   121.0      0.1717E-01
   121.5      0.1660E-01
   122.0      0.1635E-01
   122.5      0.1641E-01
   123.0      0.1679E-01
   123.5      0.1746E-01
   124.0      0.1844E-01
   124.5      0.1970E-01
   125.0      0.2124E-01
   125.5      0.2304E-01
   126.0      0.2511E-01
   126.5      0.2743E-01
   127.0      0.2999E-01
   127.5      0.3278E-01
   128.0      0.3579E-01
   128.5      0.3902E-01
   129.0      0.4244E-01
   129.5      0.4606E-01
   130.0      0.4985E-01
   130.5      0.5382E-01
   131.0      0.5796E-01
   131.5      0.6226E-01
   132.0      0.6670E-01
   132.5      0.7129E-01
   133.0      0.7602E-01
   133.5      0.8089E-01
   134.0      0.8588E-01
   134.5      0.9100E-01
   135.0      0.9625E-01
   135.5      0.1016    
   136.0      0.1071    
   136.5      0.1128    
   137.0      0.1185    
   137.5      0.1244    
   138.0      0.1304    
   138.5      0.1366    
   139.0      0.1430    
   139.5      0.1494    
   140.0      0.1561    
   140.5      0.1630    
   141.0      0.1700    
   141.5      0.1772    
   142.0      0.1847    
   142.5      0.1924    
   143.0      0.2004    
   143.5      0.2086    
   144.0      0.2171    
   144.5      0.2259    
   145.0      0.2350    
   145.5      0.2444    
   146.0      0.2542    
   146.5      0.2644    
   147.0      0.2749    
   147.5      0.2858    
   148.0      0.2972    
   148.5      0.3090    
   149.0      0.3212    
   149.5      0.3339    
   150.0      0.3470    
   150.5      0.3606    
   151.0      0.3747    
   151.5      0.3894    
   152.0      0.4045    
   152.5      0.4201    
   153.0      0.4363    
   153.5      0.4529    
   154.0      0.4701    
   154.5      0.4878    
   155.0      0.5060    
   155.5      0.5248    
   156.0      0.5440    
   156.5      0.5637    
   157.0      0.5839    
   157.5      0.6045    
   158.0      0.6256    
   158.5      0.6471    
   159.0      0.6690    
   159.5      0.6913    
   160.0      0.7139    
   160.5      0.7369    
   161.0      0.7601    
   161.5      0.7836    
   162.0      0.8073    
   162.5      0.8312    
   163.0      0.8552    
   163.5      0.8793    
   164.0      0.9034    
   164.5      0.9276    
   165.0      0.9517    
   165.5      0.9757    
   166.0      0.9995    
   166.5       1.023    
   167.0       1.047    
   167.5       1.070    
   168.0       1.092    
   168.5       1.115    
   169.0       1.136    
   169.5       1.158    
   170.0       1.179    
   170.5       1.199    
   171.0       1.218    
   171.5       1.237    
   172.0       1.255    
   172.5       1.272    
   173.0       1.288    
   173.5       1.303    
   174.0       1.318    
   174.5       1.331    
   175.0       1.343    
   175.5       1.354    
   176.0       1.365    
   176.5       1.374    
   177.0       1.381    
   177.5       1.388    
   178.0       1.394    
   178.5       1.398    
   179.0       1.401    
   179.5       1.403    
   180.0       1.403    
 END
@legend string   1 "Partition=  1 Excit=  2 near/far= 1"
#legend string   0 "Lab energy =    6.7200"
@s1 linestyle   2
#  Theta       sigma       iT11        T20         T21         T22         Kyy for residual  
   0.000       5.450    
  0.5000       5.447    
   1.000       5.438    
   1.500       5.423    
   2.000       5.403    
   2.500       5.376    
   3.000       5.345    
   3.500       5.308    
   4.000       5.266    
   4.500       5.219    
   5.000       5.168    
   5.500       5.113    
   6.000       5.055    
   6.500       4.992    
   7.000       4.927    
   7.500       4.859    
   8.000       4.789    
   8.500       4.717    
   9.000       4.644    
   9.500       4.569    
   10.00       4.493    
   10.50       4.416    
   11.00       4.339    
   11.50       4.262    
   12.00       4.185    
   12.50       4.109    
   13.00       4.033    
   13.50       3.957    
   14.00       3.882    
   14.50       3.808    
   15.00       3.735    
   15.50       3.663    
   16.00       3.592    
   16.50       3.521    
   17.00       3.452    
   17.50       3.383    
   18.00       3.314    
   18.50       3.247    
   19.00       3.180    
   19.50       3.113    
   20.00       3.047    
   20.50       2.981    
   21.00       2.915    
   21.50       2.849    
   22.00       2.783    
   22.50       2.717    
   23.00       2.651    
   23.50       2.584    
   24.00       2.518    
   24.50       2.451    
   25.00       2.383    
   25.50       2.316    
   26.00       2.248    
   26.50       2.179    
   27.00       2.111    
   27.50       2.042    
   28.00       1.974    
   28.50       1.905    
   29.00       1.836    
   29.50       1.768    
   30.00       1.700    
   30.50       1.633    
   31.00       1.566    
   31.50       1.500    
   32.00       1.434    
   32.50       1.370    
   33.00       1.307    
   33.50       1.245    
   34.00       1.184    
   34.50       1.126    
   35.00       1.068    
   35.50       1.013    
   36.00      0.9589    
   36.50      0.9071    
   37.00      0.8573    
   37.50      0.8096    
   38.00      0.7641    
   38.50      0.7208    
   39.00      0.6797    
   39.50      0.6410    
   40.00      0.6045    
   40.50      0.5704    
   41.00      0.5385    
   41.50      0.5089    
   42.00      0.4816    
   42.50      0.4566    
   43.00      0.4337    
   43.50      0.4130    
   44.00      0.3943    
   44.50      0.3777    
   45.00      0.3630    
   45.50      0.3502    
   46.00      0.3392    
   46.50      0.3299    
   47.00      0.3222    
   47.50      0.3161    
   48.00      0.3114    
   48.50      0.3080    
   49.00      0.3058    
   49.50      0.3048    
   50.00      0.3049    
   50.50      0.3059    
   51.00      0.3077    
   51.50      0.3104    
   52.00      0.3137    
   52.50      0.3176    
   53.00      0.3220    
   53.50      0.3268    
   54.00      0.3319    
   54.50      0.3373    
   55.00      0.3430    
   55.50      0.3487    
   56.00      0.3545    
   56.50      0.3603    
   57.00      0.3660    
   57.50      0.3716    
   58.00      0.3771    
   58.50      0.3823    
   59.00      0.3873    
   59.50      0.3920    
   60.00      0.3963    
   60.50      0.4003    
   61.00      0.4040    
   61.50      0.4072    
   62.00      0.4100    
   62.50      0.4123    
   63.00      0.4142    
   63.50      0.4155    
   64.00      0.4165    
   64.50      0.4169    
   65.00      0.4168    
   65.50      0.4162    
   66.00      0.4151    
   66.50      0.4135    
   67.00      0.4115    
   67.50      0.4089    
   68.00      0.4059    
   68.50      0.4024    
   69.00      0.3985    
   69.50      0.3941    
   70.00      0.3892    
   70.50      0.3840    
   71.00      0.3784    
   71.50      0.3724    
   72.00      0.3661    
   72.50      0.3594    
   73.00      0.3524    
   73.50      0.3451    
   74.00      0.3375    
   74.50      0.3297    
   75.00      0.3216    
   75.50      0.3134    
   76.00      0.3050    
   76.50      0.2964    
   77.00      0.2877    
   77.50      0.2789    
   78.00      0.2700    
   78.50      0.2610    
   79.00      0.2520    
   79.50      0.2430    
   80.00      0.2341    
   80.50      0.2251    
   81.00      0.2162    
   81.50      0.2074    
   82.00      0.1987    
   82.50      0.1901    
   83.00      0.1817    
   83.50      0.1734    
   84.00      0.1654    
   84.50      0.1575    
   85.00      0.1498    
   85.50      0.1423    
   86.00      0.1351    
   86.50      0.1282    
   87.00      0.1215    
   87.50      0.1151    
   88.00      0.1090    
   88.50      0.1032    
   89.00      0.9764E-01
   89.50      0.9244E-01
   90.00      0.8755E-01
   90.50      0.8299E-01
   91.00      0.7875E-01
   91.50      0.7483E-01
   92.00      0.7125E-01
   92.50      0.6798E-01
   93.00      0.6505E-01
   93.50      0.6243E-01
   94.00      0.6014E-01
   94.50      0.5817E-01
   95.00      0.5650E-01
   95.50      0.5515E-01
   96.00      0.5409E-01
   96.50      0.5333E-01
   97.00      0.5285E-01
   97.50      0.5266E-01
   98.00      0.5273E-01
   98.50      0.5306E-01
   99.00      0.5365E-01
   99.50      0.5448E-01
   100.0      0.5554E-01
   100.5      0.5682E-01
   101.0      0.5831E-01
   101.5      0.6000E-01
   102.0      0.6188E-01
   102.5      0.6394E-01
   103.0      0.6616E-01
   103.5      0.6854E-01
   104.0      0.7106E-01
   104.5      0.7371E-01
   105.0      0.7648E-01
   105.5      0.7936E-01
   106.0      0.8234E-01
   106.5      0.8540E-01
   107.0      0.8853E-01
   107.5      0.9172E-01
   108.0      0.9496E-01
   108.5      0.9824E-01
   109.0      0.1016    
   109.5      0.1049    
   110.0      0.1082    
   110.5      0.1115    
   111.0      0.1148    
   111.5      0.1181    
   112.0      0.1213    
   112.5      0.1245    
   113.0      0.1276    
   113.5      0.1307    
   114.0      0.1337    
   114.5      0.1365    
   115.0      0.1393    
   115.5      0.1420    
   116.0      0.1445    
   116.5      0.1470    
   117.0      0.1493    
   117.5      0.1514    
   118.0      0.1534    
   118.5      0.1553    
   119.0      0.1569    
   119.5      0.1585    
   120.0      0.1598    
   120.5      0.1609    
   121.0      0.1619    
   121.5      0.1627    
   122.0      0.1632    
   122.5      0.1636    
   123.0      0.1638    
   123.5      0.1638    
   124.0      0.1635    
   124.5      0.1631    
   125.0      0.1625    
   125.5      0.1616    
   126.0      0.1606    
   126.5      0.1593    
   127.0      0.1579    
   127.5      0.1562    
   128.0      0.1544    
   128.5      0.1524    
   129.0      0.1502    
   129.5      0.1478    
   130.0      0.1452    
   130.5      0.1425    
   131.0      0.1396    
   131.5      0.1366    
   132.0      0.1334    
   132.5      0.1301    
   133.0      0.1267    
   133.5      0.1232    
   134.0      0.1196    
   134.5      0.1159    
   135.0      0.1121    
   135.5      0.1082    
   136.0      0.1043    
   136.5      0.1003    
   137.0      0.9634E-01
   137.5      0.9234E-01
   138.0      0.8832E-01
   138.5      0.8430E-01
   139.0      0.8030E-01
   139.5      0.7633E-01
   140.0      0.7239E-01
   140.5      0.6850E-01
   141.0      0.6467E-01
   141.5      0.6091E-01
   142.0      0.5722E-01
   142.5      0.5363E-01
   143.0      0.5013E-01
   143.5      0.4673E-01
   144.0      0.4344E-01
   144.5      0.4027E-01
   145.0      0.3723E-01
   145.5      0.3432E-01
   146.0      0.3154E-01
   146.5      0.2890E-01
   147.0      0.2641E-01
   147.5      0.2406E-01
   148.0      0.2185E-01
   148.5      0.1980E-01
   149.0      0.1789E-01
   149.5      0.1614E-01
   150.0      0.1453E-01
   150.5      0.1306E-01
   151.0      0.1174E-01
   151.5      0.1056E-01
   152.0      0.9516E-02
   152.5      0.8605E-02
   153.0      0.7821E-02
   153.5      0.7159E-02
   154.0      0.6613E-02
   154.5      0.6178E-02
   155.0      0.5846E-02
   155.5      0.5611E-02
   156.0      0.5465E-02
   156.5      0.5401E-02
   157.0      0.5412E-02
   157.5      0.5490E-02
   158.0      0.5628E-02
   158.5      0.5817E-02
   159.0      0.6051E-02
   159.5      0.6322E-02
   160.0      0.6622E-02
   160.5      0.6945E-02
   161.0      0.7284E-02
   161.5      0.7633E-02
   162.0      0.7985E-02
   162.5      0.8335E-02
   163.0      0.8679E-02
   163.5      0.9010E-02
   164.0      0.9326E-02
   164.5      0.9621E-02
   165.0      0.9894E-02
   165.5      0.1014E-01
   166.0      0.1036E-01
   166.5      0.1055E-01
   167.0      0.1071E-01
   167.5      0.1084E-01
   168.0      0.1093E-01
   168.5      0.1100E-01
   169.0      0.1103E-01
   169.5      0.1104E-01
   170.0      0.1102E-01
   170.5      0.1097E-01
   171.0      0.1091E-01
   171.5      0.1082E-01
   172.0      0.1071E-01
   172.5      0.1059E-01
   173.0      0.1045E-01
   173.5      0.1031E-01
   174.0      0.1016E-01
   174.5      0.1002E-01
   175.0      0.9866E-02
   175.5      0.9722E-02
   176.0      0.9583E-02
   176.5      0.9455E-02
   177.0      0.9338E-02
   177.5      0.9235E-02
   178.0      0.9148E-02
   178.5      0.9079E-02
   179.0      0.9029E-02
   179.5      0.8998E-02
   180.0      0.8988E-02
 END
@legend string   2 "Partition=  1 Excit=  3 near/far= 1"
#legend string   0 "Lab energy =    6.7200"
@s2 linestyle   3
#  Theta       sigma       iT11        T20         T21         T22         Kyy for residual  
   0.000       3.145    
  0.5000       3.144    
   1.000       3.142    
   1.500       3.138    
   2.000       3.132    
   2.500       3.125    
   3.000       3.116    
   3.500       3.106    
   4.000       3.095    
   4.500       3.082    
   5.000       3.067    
   5.500       3.052    
   6.000       3.035    
   6.500       3.016    
   7.000       2.997    
   7.500       2.976    
   8.000       2.954    
   8.500       2.932    
   9.000       2.908    
   9.500       2.883    
   10.00       2.858    
   10.50       2.832    
   11.00       2.805    
   11.50       2.777    
   12.00       2.748    
   12.50       2.719    
   13.00       2.690    
   13.50       2.660    
   14.00       2.629    
   14.50       2.598    
   15.00       2.567    
   15.50       2.535    
   16.00       2.503    
   16.50       2.471    
   17.00       2.438    
   17.50       2.405    
   18.00       2.372    
   18.50       2.339    
   19.00       2.305    
   19.50       2.271    
   20.00       2.237    
   20.50       2.202    
   21.00       2.167    
   21.50       2.132    
   22.00       2.097    
   22.50       2.061    
   23.00       2.025    
   23.50       1.989    
   24.00       1.952    
   24.50       1.916    
   25.00       1.878    
   25.50       1.841    
   26.00       1.803    
   26.50       1.765    
   27.00       1.726    
   27.50       1.687    
   28.00       1.648    
   28.50       1.608    
   29.00       1.569    
   29.50       1.528    
   30.00       1.488    
   30.50       1.447    
   31.00       1.406    
   31.50       1.365    
   32.00       1.324    
   32.50       1.283    
   33.00       1.242    
   33.50       1.201    
   34.00       1.160    
   34.50       1.119    
   35.00       1.078    
   35.50       1.037    
   36.00      0.9972    
   36.50      0.9574    
   37.00      0.9182    
   37.50      0.8795    
   38.00      0.8414    
   38.50      0.8041    
   39.00      0.7675    
   39.50      0.7318    
   40.00      0.6970    
   40.50      0.6632    
   41.00      0.6305    
   41.50      0.5989    
   42.00      0.5685    
   42.50      0.5393    
   43.00      0.5114    
   43.50      0.4849    
   44.00      0.4597    
   44.50      0.4360    
   45.00      0.4138    
   45.50      0.3930    
   46.00      0.3737    
   46.50      0.3560    
   47.00      0.3397    
   47.50      0.3250    
   48.00      0.3118    
   48.50      0.3002    
   49.00      0.2900    
   49.50      0.2813    
   50.00      0.2740    
   50.50      0.2681    
   51.00      0.2636    
   51.50      0.2603    
   52.00      0.2584    
   52.50      0.2576    
   53.00      0.2580    
   53.50      0.2595    
   54.00      0.2619    
   54.50      0.2653    
   55.00      0.2696    
   55.50      0.2746    
   56.00      0.2804    
   56.50      0.2867    
   57.00      0.2937    
   57.50      0.3010    
   58.00      0.3088    
   58.50      0.3169    
   59.00      0.3252    
   59.50      0.3336    
   60.00      0.3422    
   60.50      0.3507    
   61.00      0.3592    
   61.50      0.3675    
   62.00      0.3756    
   62.50      0.3835    
   63.00      0.3910    
   63.50      0.3982    
   64.00      0.4050    
   64.50      0.4113    
   65.00      0.4170    
   65.50      0.4223    
   66.00      0.4270    
   66.50      0.4310    
   67.00      0.4345    
   67.50      0.4373    
   68.00      0.4395    
   68.50      0.4410    
   69.00      0.4418    
   69.50      0.4420    
   70.00      0.4415    
   70.50      0.4403    
   71.00      0.4385    
   71.50      0.4361    
   72.00      0.4330    
   72.50      0.4294    
   73.00      0.4252    
   73.50      0.4204    
   74.00      0.4151    
   74.50      0.4093    
   75.00      0.4030    
   75.50      0.3963    
   76.00      0.3892    
   76.50      0.3817    
   77.00      0.3739    
   77.50      0.3659    
   78.00      0.3575    
   78.50      0.3489    
   79.00      0.3401    
   79.50      0.3312    
   80.00      0.3221    
   80.50      0.3130    
   81.00      0.3038    
   81.50      0.2945    
   82.00      0.2853    
   82.50      0.2761    
   83.00      0.2669    
   83.50      0.2579    
   84.00      0.2489    
   84.50      0.2401    
   85.00      0.2314    
   85.50      0.2229    
   86.00      0.2146    
   86.50      0.2065    
   87.00      0.1986    
   87.50      0.1910    
   88.00      0.1836    
   88.50      0.1764    
   89.00      0.1695    
   89.50      0.1629    
   90.00      0.1566    
   90.50      0.1505    
   91.00      0.1447    
   91.50      0.1392    
   92.00      0.1339    
   92.50      0.1289    
   93.00      0.1242    
   93.50      0.1198    
   94.00      0.1156    
   94.50      0.1116    
   95.00      0.1080    
   95.50      0.1045    
   96.00      0.1013    
   96.50      0.9831E-01
   97.00      0.9553E-01
   97.50      0.9295E-01
   98.00      0.9057E-01
   98.50      0.8837E-01
   99.00      0.8635E-01
   99.50      0.8449E-01
   100.0      0.8278E-01
   100.5      0.8121E-01
   101.0      0.7977E-01
   101.5      0.7846E-01
   102.0      0.7726E-01
   102.5      0.7616E-01
   103.0      0.7515E-01
   103.5      0.7422E-01
   104.0      0.7337E-01
   104.5      0.7258E-01
   105.0      0.7185E-01
   105.5      0.7117E-01
   106.0      0.7053E-01
   106.5      0.6992E-01
   107.0      0.6935E-01
   107.5      0.6879E-01
   108.0      0.6825E-01
   108.5      0.6772E-01
   109.0      0.6719E-01
   109.5      0.6667E-01
   110.0      0.6614E-01
   110.5      0.6560E-01
   111.0      0.6506E-01
   111.5      0.6450E-01
   112.0      0.6392E-01
   112.5      0.6333E-01
   113.0      0.6272E-01
   113.5      0.6209E-01
   114.0      0.6144E-01
   114.5      0.6076E-01
   115.0      0.6007E-01
   115.5      0.5935E-01
   116.0      0.5861E-01
   116.5      0.5785E-01
   117.0      0.5707E-01
   117.5      0.5627E-01
   118.0      0.5545E-01
   118.5      0.5462E-01
   119.0      0.5377E-01
   119.5      0.5291E-01
   120.0      0.5204E-01
   120.5      0.5117E-01
   121.0      0.5029E-01
   121.5      0.4941E-01
   122.0      0.4853E-01
   122.5      0.4765E-01
   123.0      0.4678E-01
   123.5      0.4592E-01
   124.0      0.4507E-01
   124.5      0.4424E-01
   125.0      0.4344E-01
   125.5      0.4265E-01
   126.0      0.4189E-01
   126.5      0.4117E-01
   127.0      0.4048E-01
   127.5      0.3983E-01
   128.0      0.3922E-01
   128.5      0.3865E-01
   129.0      0.3814E-01
   129.5      0.3768E-01
   130.0      0.3728E-01
   130.5      0.3693E-01
   131.0      0.3665E-01
   131.5      0.3645E-01
   132.0      0.3631E-01
   132.5      0.3625E-01
   133.0      0.3626E-01
   133.5      0.3636E-01
   134.0      0.3655E-01
   134.5      0.3682E-01
   135.0      0.3718E-01
   135.5      0.3765E-01
   136.0      0.3820E-01
   136.5      0.3886E-01
   137.0      0.3963E-01
   137.5      0.4050E-01
   138.0      0.4148E-01
   138.5      0.4257E-01
   139.0      0.4377E-01
   139.5      0.4509E-01
   140.0      0.4653E-01
   140.5      0.4808E-01
   141.0      0.4976E-01
   141.5      0.5156E-01
   142.0      0.5348E-01
   142.5      0.5552E-01
   143.0      0.5769E-01
   143.5      0.5999E-01
   144.0      0.6240E-01
   144.5      0.6495E-01
   145.0      0.6762E-01
   145.5      0.7041E-01
   146.0      0.7332E-01
   146.5      0.7636E-01
   147.0      0.7952E-01
   147.5      0.8279E-01
   148.0      0.8619E-01
   148.5      0.8970E-01
   149.0      0.9332E-01
   149.5      0.9705E-01
   150.0      0.1009    
   150.5      0.1048    
   151.0      0.1089    
   151.5      0.1130    
   152.0      0.1172    
   152.5      0.1216    
   153.0      0.1260    
   153.5      0.1305    
   154.0      0.1350    
   154.5      0.1396    
   155.0      0.1443    
   155.5      0.1491    
   156.0      0.1539    
   156.5      0.1587    
   157.0      0.1636    
   157.5      0.1685    
   158.0      0.1734    
   158.5      0.1784    
   159.0      0.1834    
   159.5      0.1884    
   160.0      0.1933    
   160.5      0.1983    
   161.0      0.2033    
   161.5      0.2082    
   162.0      0.2131    
   162.5      0.2180    
   163.0      0.2228    
   163.5      0.2276    
   164.0      0.2323    
   164.5      0.2370    
   165.0      0.2416    
   165.5      0.2461    
   166.0      0.2505    
   166.5      0.2549    
   167.0      0.2591    
   167.5      0.2632    
   168.0      0.2673    
   168.5      0.2712    
   169.0      0.2750    
   169.5      0.2786    
   170.0      0.2822    
   170.5      0.2856    
   171.0      0.2888    
   171.5      0.2919    
   172.0      0.2949    
   172.5      0.2977    
   173.0      0.3003    
   173.5      0.3028    
   174.0      0.3051    
   174.5      0.3072    
   175.0      0.3091    
   175.5      0.3109    
   176.0      0.3125    
   176.5      0.3139    
   177.0      0.3152    
   177.5      0.3162    
   178.0      0.3171    
   178.5      0.3177    
   179.0      0.3182    
   179.5      0.3185    
   180.0      0.3186    
 END
@legend string   3 "Partition=  1 Excit=  4 near/far= 1"
#legend string   0 "Lab energy =    6.7200"
@s3 linestyle   4
#  Theta       sigma       iT11        T20         T21         T22         Kyy for residual  
   0.000      0.3858E-06
  0.5000      0.1282E-02
   1.000      0.5120E-02
   1.500      0.1149E-01
   2.000      0.2035E-01
   2.500      0.3165E-01
   3.000      0.4532E-01
   3.500      0.6127E-01
   4.000      0.7941E-01
   4.500      0.9963E-01
   5.000      0.1218    
   5.500      0.1458    
   6.000      0.1714    
   6.500      0.1986    
   7.000      0.2271    
   7.500      0.2568    
   8.000      0.2875    
   8.500      0.3190    
   9.000      0.3511    
   9.500      0.3836    
   10.00      0.4165    
   10.50      0.4493    
   11.00      0.4820    
   11.50      0.5144    
   12.00      0.5463    
   12.50      0.5774    
   13.00      0.6077    
   13.50      0.6370    
   14.00      0.6651    
   14.50      0.6918    
   15.00      0.7170    
   15.50      0.7406    
   16.00      0.7625    
   16.50      0.7826    
   17.00      0.8007    
   17.50      0.8168    
   18.00      0.8308    
   18.50      0.8427    
   19.00      0.8524    
   19.50      0.8599    
   20.00      0.8652    
   20.50      0.8683    
   21.00      0.8693    
   21.50      0.8680    
   22.00      0.8646    
   22.50      0.8592    
   23.00      0.8517    
   23.50      0.8423    
   24.00      0.8311    
   24.50      0.8181    
   25.00      0.8034    
   25.50      0.7872    
   26.00      0.7696    
   26.50      0.7506    
   27.00      0.7305    
   27.50      0.7093    
   28.00      0.6871    
   28.50      0.6641    
   29.00      0.6405    
   29.50      0.6163    
   30.00      0.5917    
   30.50      0.5668    
   31.00      0.5418    
   31.50      0.5167    
   32.00      0.4916    
   32.50      0.4668    
   33.00      0.4422    
   33.50      0.4180    
   34.00      0.3943    
   34.50      0.3712    
   35.00      0.3487    
   35.50      0.3269    
   36.00      0.3059    
   36.50      0.2857    
   37.00      0.2665    
   37.50      0.2481    
   38.00      0.2307    
   38.50      0.2143    
   39.00      0.1989    
   39.50      0.1845    
   40.00      0.1711    
   40.50      0.1588    
   41.00      0.1474    
   41.50      0.1371    
   42.00      0.1277    
   42.50      0.1193    
   43.00      0.1119    
   43.50      0.1053    
   44.00      0.9957E-01
   44.50      0.9467E-01
   45.00      0.9056E-01
   45.50      0.8718E-01
   46.00      0.8448E-01
   46.50      0.8243E-01
   47.00      0.8097E-01
   47.50      0.8005E-01
   48.00      0.7962E-01
   48.50      0.7964E-01
   49.00      0.8004E-01
   49.50      0.8079E-01
   50.00      0.8183E-01
   50.50      0.8313E-01
   51.00      0.8462E-01
   51.50      0.8628E-01
   52.00      0.8805E-01
   52.50      0.8990E-01
   53.00      0.9180E-01
   53.50      0.9370E-01
   54.00      0.9557E-01
   54.50      0.9739E-01
   55.00      0.9912E-01
   55.50      0.1007    
   56.00      0.1022    
   56.50      0.1036    
   57.00      0.1048    
   57.50      0.1057    
   58.00      0.1065    
   58.50      0.1071    
   59.00      0.1075    
   59.50      0.1077    
   60.00      0.1076    
   60.50      0.1074    
   61.00      0.1069    
   61.50      0.1062    
   62.00      0.1053    
   62.50      0.1041    
   63.00      0.1028    
   63.50      0.1013    
   64.00      0.9958E-01
   64.50      0.9771E-01
   65.00      0.9567E-01
   65.50      0.9349E-01
   66.00      0.9117E-01
   66.50      0.8873E-01
   67.00      0.8617E-01
   67.50      0.8352E-01
   68.00      0.8079E-01
   68.50      0.7798E-01
   69.00      0.7512E-01
   69.50      0.7222E-01
   70.00      0.6928E-01
   70.50      0.6633E-01
   71.00      0.6336E-01
   71.50      0.6041E-01
   72.00      0.5747E-01
   72.50      0.5455E-01
   73.00      0.5168E-01
   73.50      0.4885E-01
   74.00      0.4607E-01
   74.50      0.4336E-01
   75.00      0.4072E-01
   75.50      0.3815E-01
   76.00      0.3567E-01
   76.50      0.3327E-01
   77.00      0.3097E-01
   77.50      0.2877E-01
   78.00      0.2666E-01
   78.50      0.2466E-01
   79.00      0.2276E-01
   79.50      0.2097E-01
   80.00      0.1929E-01
   80.50      0.1771E-01
   81.00      0.1624E-01
   81.50      0.1488E-01
   82.00      0.1363E-01
   82.50      0.1247E-01
   83.00      0.1143E-01
   83.50      0.1048E-01
   84.00      0.9626E-02
   84.50      0.8871E-02
   85.00      0.8207E-02
   85.50      0.7632E-02
   86.00      0.7143E-02
   86.50      0.6736E-02
   87.00      0.6407E-02
   87.50      0.6152E-02
   88.00      0.5968E-02
   88.50      0.5850E-02
   89.00      0.5794E-02
   89.50      0.5797E-02
   90.00      0.5854E-02
   90.50      0.5960E-02
   91.00      0.6113E-02
   91.50      0.6308E-02
   92.00      0.6541E-02
   92.50      0.6809E-02
   93.00      0.7106E-02
   93.50      0.7431E-02
   94.00      0.7779E-02
   94.50      0.8146E-02
   95.00      0.8529E-02
   95.50      0.8925E-02
   96.00      0.9331E-02
   96.50      0.9744E-02
   97.00      0.1016E-01
   97.50      0.1058E-01
   98.00      0.1099E-01
   98.50      0.1140E-01
   99.00      0.1181E-01
   99.50      0.1220E-01
   100.0      0.1259E-01
   100.5      0.1296E-01
   101.0      0.1332E-01
   101.5      0.1366E-01
   102.0      0.1398E-01
   102.5      0.1428E-01
   103.0      0.1456E-01
   103.5      0.1482E-01
   104.0      0.1505E-01
   104.5      0.1527E-01
   105.0      0.1545E-01
   105.5      0.1561E-01
   106.0      0.1575E-01
   106.5      0.1586E-01
   107.0      0.1594E-01
   107.5      0.1600E-01
   108.0      0.1602E-01
   108.5      0.1602E-01
   109.0      0.1600E-01
   109.5      0.1595E-01
   110.0      0.1587E-01
   110.5      0.1577E-01
   111.0      0.1564E-01
   111.5      0.1549E-01
   112.0      0.1531E-01
   112.5      0.1512E-01
   113.0      0.1490E-01
   113.5      0.1466E-01
   114.0      0.1440E-01
   114.5      0.1413E-01
   115.0      0.1383E-01
   115.5      0.1353E-01
   116.0      0.1320E-01
   116.5      0.1287E-01
   117.0      0.1252E-01
   117.5      0.1217E-01
   118.0      0.1180E-01
   118.5      0.1143E-01
   119.0      0.1105E-01
   119.5      0.1067E-01
   120.0      0.1029E-01
   120.5      0.9904E-02
   121.0      0.9519E-02
   121.5      0.9135E-02
   122.0      0.8753E-02
   122.5      0.8375E-02
   123.0      0.8001E-02
   123.5      0.7634E-02
   124.0      0.7273E-02
   124.5      0.6919E-02
   125.0      0.6574E-02
   125.5      0.6239E-02
   126.0      0.5913E-02
   126.5      0.5597E-02
   127.0      0.5292E-02
   127.5      0.4999E-02
   128.0      0.4717E-02
   128.5      0.4446E-02
   129.0      0.4187E-02
   129.5      0.3941E-02
   130.0      0.3705E-02
   130.5      0.3482E-02
   131.0      0.3270E-02
   131.5      0.3069E-02
   132.0      0.2880E-02
   132.5      0.2700E-02
   133.0      0.2531E-02
   133.5      0.2372E-02
   134.0      0.2222E-02
   134.5      0.2081E-02
   135.0      0.1948E-02
   135.5      0.1823E-02
   136.0      0.1705E-02
   136.5      0.1594E-02
   137.0      0.1490E-02
   137.5      0.1391E-02
   138.0      0.1299E-02
   138.5      0.1211E-02
   139.0      0.1128E-02
   139.5      0.1050E-02
   140.0      0.9761E-03
   140.5      0.9063E-03
   141.0      0.8405E-03
   141.5      0.7786E-03
   142.0      0.7204E-03
   142.5      0.6660E-03
   143.0      0.6155E-03
   143.5      0.5688E-03
   144.0      0.5261E-03
   144.5      0.4876E-03
   145.0      0.4534E-03
   145.5      0.4237E-03
   146.0      0.3987E-03
   146.5      0.3787E-03
   147.0      0.3638E-03
   147.5      0.3542E-03
   148.0      0.3502E-03
   148.5      0.3519E-03
   149.0      0.3594E-03
   149.5      0.3730E-03
   150.0      0.3926E-03
   150.5      0.4182E-03
   151.0      0.4500E-03
   151.5      0.4876E-03
   152.0      0.5312E-03
   152.5      0.5803E-03
   153.0      0.6348E-03
   153.5      0.6943E-03
   154.0      0.7584E-03
   154.5      0.8267E-03
   155.0      0.8987E-03
   155.5      0.9736E-03
   156.0      0.1051E-02
   156.5      0.1130E-02
   157.0      0.1210E-02
   157.5      0.1291E-02
   158.0      0.1370E-02
   158.5      0.1449E-02
   159.0      0.1525E-02
   159.5      0.1598E-02
   160.0      0.1667E-02
   160.5      0.1732E-02
   161.0      0.1791E-02
   161.5      0.1844E-02
   162.0      0.1891E-02
   162.5      0.1930E-02
   163.0      0.1961E-02
   163.5      0.1983E-02
   164.0      0.1997E-02
   164.5      0.2002E-02
   165.0      0.1997E-02
   165.5      0.1983E-02
   166.0      0.1959E-02
   166.5      0.1926E-02
   167.0      0.1884E-02
   167.5      0.1833E-02
   168.0      0.1774E-02
   168.5      0.1707E-02
   169.0      0.1632E-02
   169.5      0.1551E-02
   170.0      0.1464E-02
   170.5      0.1373E-02
   171.0      0.1277E-02
   171.5      0.1178E-02
   172.0      0.1077E-02
   172.5      0.9748E-03
   173.0      0.8729E-03
   173.5      0.7722E-03
   174.0      0.6737E-03
   174.5      0.5785E-03
   175.0      0.4877E-03
   175.5      0.4022E-03
   176.0      0.3229E-03
   176.5      0.2508E-03
   177.0      0.1865E-03
   177.5      0.1309E-03
   178.0      0.8458E-04
   178.5      0.4799E-04
   179.0      0.2155E-04
   179.5      0.5569E-05
   180.0      0.2226E-06
 END
@legend string   4 "Partition=  1 Excit=  5 near/far= 1"
#legend string   0 "Lab energy =    6.7200"
@s4 linestyle   5
#  Theta       sigma       iT11        T20         T21         T22         Kyy for residual  
   0.000      0.3627E-06
  0.5000      0.1557E-03
   1.000      0.6213E-03
   1.500      0.1396E-02
   2.000      0.2478E-02
   2.500      0.3864E-02
   3.000      0.5552E-02
   3.500      0.7536E-02
   4.000      0.9812E-02
   4.500      0.1237E-01
   5.000      0.1522E-01
   5.500      0.1833E-01
   6.000      0.2171E-01
   6.500      0.2534E-01
   7.000      0.2923E-01
   7.500      0.3335E-01
   8.000      0.3770E-01
   8.500      0.4226E-01
   9.000      0.4703E-01
   9.500      0.5199E-01
   10.00      0.5714E-01
   10.50      0.6245E-01
   11.00      0.6791E-01
   11.50      0.7352E-01
   12.00      0.7926E-01
   12.50      0.8510E-01
   13.00      0.9105E-01
   13.50      0.9708E-01
   14.00      0.1032    
   14.50      0.1093    
   15.00      0.1155    
   15.50      0.1217    
   16.00      0.1280    
   16.50      0.1342    
   17.00      0.1404    
   17.50      0.1465    
   18.00      0.1526    
   18.50      0.1587    
   19.00      0.1647    
   19.50      0.1705    
   20.00      0.1763    
   20.50      0.1819    
   21.00      0.1874    
   21.50      0.1927    
   22.00      0.1979    
   22.50      0.2030    
   23.00      0.2078    
   23.50      0.2124    
   24.00      0.2168    
   24.50      0.2211    
   25.00      0.2251    
   25.50      0.2288    
   26.00      0.2323    
   26.50      0.2356    
   27.00      0.2386    
   27.50      0.2414    
   28.00      0.2439    
   28.50      0.2461    
   29.00      0.2480    
   29.50      0.2497    
   30.00      0.2511    
   30.50      0.2522    
   31.00      0.2530    
   31.50      0.2536    
   32.00      0.2538    
   32.50      0.2538    
   33.00      0.2535    
   33.50      0.2529    
   34.00      0.2521    
   34.50      0.2510    
   35.00      0.2496    
   35.50      0.2480    
   36.00      0.2461    
   36.50      0.2439    
   37.00      0.2416    
   37.50      0.2389    
   38.00      0.2361    
   38.50      0.2331    
   39.00      0.2298    
   39.50      0.2263    
   40.00      0.2227    
   40.50      0.2188    
   41.00      0.2148    
   41.50      0.2107    
   42.00      0.2064    
   42.50      0.2019    
   43.00      0.1973    
   43.50      0.1927    
   44.00      0.1879    
   44.50      0.1830    
   45.00      0.1780    
   45.50      0.1730    
   46.00      0.1679    
   46.50      0.1628    
   47.00      0.1576    
   47.50      0.1525    
   48.00      0.1473    
   48.50      0.1421    
   49.00      0.1370    
   49.50      0.1318    
   50.00      0.1267    
   50.50      0.1217    
   51.00      0.1167    
   51.50      0.1117    
   52.00      0.1069    
   52.50      0.1021    
   53.00      0.9745E-01
   53.50      0.9288E-01
   54.00      0.8842E-01
   54.50      0.8408E-01
   55.00      0.7986E-01
   55.50      0.7577E-01
   56.00      0.7182E-01
   56.50      0.6801E-01
   57.00      0.6434E-01
   57.50      0.6082E-01
   58.00      0.5746E-01
   58.50      0.5425E-01
   59.00      0.5120E-01
   59.50      0.4831E-01
   60.00      0.4558E-01
   60.50      0.4301E-01
   61.00      0.4061E-01
   61.50      0.3837E-01
   62.00      0.3629E-01
   62.50      0.3437E-01
   63.00      0.3260E-01
   63.50      0.3100E-01
   64.00      0.2954E-01
   64.50      0.2824E-01
   65.00      0.2708E-01
   65.50      0.2607E-01
   66.00      0.2519E-01
   66.50      0.2445E-01
   67.00      0.2384E-01
   67.50      0.2335E-01
   68.00      0.2298E-01
   68.50      0.2272E-01
   69.00      0.2257E-01
   69.50      0.2252E-01
   70.00      0.2257E-01
   70.50      0.2270E-01
   71.00      0.2292E-01
   71.50      0.2321E-01
   72.00      0.2357E-01
   72.50      0.2399E-01
   73.00      0.2447E-01
   73.50      0.2500E-01
   74.00      0.2557E-01
   74.50      0.2617E-01
   75.00      0.2681E-01
   75.50      0.2747E-01
   76.00      0.2815E-01
   76.50      0.2884E-01
   77.00      0.2954E-01
   77.50      0.3023E-01
   78.00      0.3093E-01
   78.50      0.3161E-01
   79.00      0.3228E-01
   79.50      0.3293E-01
   80.00      0.3356E-01
   80.50      0.3415E-01
   81.00      0.3472E-01
   81.50      0.3526E-01
   82.00      0.3576E-01
   82.50      0.3621E-01
   83.00      0.3663E-01
   83.50      0.3700E-01
   84.00      0.3732E-01
   84.50      0.3759E-01
   85.00      0.3782E-01
   85.50      0.3799E-01
   86.00      0.3811E-01
   86.50      0.3818E-01
   87.00      0.3820E-01
   87.50      0.3816E-01
   88.00      0.3807E-01
   88.50      0.3794E-01
   89.00      0.3775E-01
   89.50      0.3751E-01
   90.00      0.3722E-01
   90.50      0.3688E-01
   91.00      0.3650E-01
   91.50      0.3607E-01
   92.00      0.3561E-01
   92.50      0.3510E-01
   93.00      0.3455E-01
   93.50      0.3397E-01
   94.00      0.3336E-01
   94.50      0.3271E-01
   95.00      0.3204E-01
   95.50      0.3134E-01
   96.00      0.3061E-01
   96.50      0.2987E-01
   97.00      0.2910E-01
   97.50      0.2832E-01
   98.00      0.2753E-01
   98.50      0.2672E-01
   99.00      0.2591E-01
   99.50      0.2509E-01
   100.0      0.2427E-01
   100.5      0.2345E-01
   101.0      0.2262E-01
   101.5      0.2180E-01
   102.0      0.2099E-01
   102.5      0.2018E-01
   103.0      0.1938E-01
   103.5      0.1858E-01
   104.0      0.1781E-01
   104.5      0.1704E-01
   105.0      0.1629E-01
   105.5      0.1555E-01
   106.0      0.1483E-01
   106.5      0.1413E-01
   107.0      0.1345E-01
   107.5      0.1279E-01
   108.0      0.1215E-01
   108.5      0.1153E-01
   109.0      0.1093E-01
   109.5      0.1035E-01
   110.0      0.9789E-02
   110.5      0.9254E-02
   111.0      0.8741E-02
   111.5      0.8249E-02
   112.0      0.7779E-02
   112.5      0.7331E-02
   113.0      0.6904E-02
   113.5      0.6498E-02
   114.0      0.6113E-02
   114.5      0.5748E-02
   115.0      0.5402E-02
   115.5      0.5076E-02
   116.0      0.4768E-02
   116.5      0.4478E-02
   117.0      0.4205E-02
   117.5      0.3950E-02
   118.0      0.3710E-02
   118.5      0.3486E-02
   119.0      0.3277E-02
   119.5      0.3082E-02
   120.0      0.2900E-02
   120.5      0.2731E-02
   121.0      0.2575E-02
   121.5      0.2429E-02
   122.0      0.2295E-02
   122.5      0.2171E-02
   123.0      0.2057E-02
   123.5      0.1952E-02
   124.0      0.1856E-02
   124.5      0.1768E-02
   125.0      0.1687E-02
   125.5      0.1614E-02
   126.0      0.1547E-02
   126.5      0.1487E-02
   127.0      0.1432E-02
   127.5      0.1383E-02
   128.0      0.1339E-02
   128.5      0.1299E-02
   129.0      0.1264E-02
   129.5      0.1234E-02
   130.0      0.1207E-02
   130.5      0.1183E-02
   131.0      0.1163E-02
   131.5      0.1147E-02
   132.0      0.1133E-02
   132.5      0.1122E-02
   133.0      0.1113E-02
   133.5      0.1107E-02
   134.0      0.1103E-02
   134.5      0.1102E-02
   135.0      0.1102E-02
   135.5      0.1104E-02
   136.0      0.1107E-02
   136.5      0.1112E-02
   137.0      0.1119E-02
   137.5      0.1127E-02
   138.0      0.1136E-02
   138.5      0.1146E-02
   139.0      0.1157E-02
   139.5      0.1169E-02
   140.0      0.1182E-02
   140.5      0.1195E-02
   141.0      0.1209E-02
   141.5      0.1224E-02
   142.0      0.1239E-02
   142.5      0.1254E-02
   143.0      0.1270E-02
   143.5      0.1285E-02
   144.0      0.1301E-02
   144.5      0.1317E-02
   145.0      0.1332E-02
   145.5      0.1347E-02
   146.0      0.1362E-02
   146.5      0.1377E-02
   147.0      0.1391E-02
   147.5      0.1404E-02
   148.0      0.1417E-02
   148.5      0.1428E-02
   149.0      0.1439E-02
   149.5      0.1449E-02
   150.0      0.1458E-02
   150.5      0.1466E-02
   151.0      0.1473E-02
   151.5      0.1479E-02
   152.0      0.1483E-02
   152.5      0.1485E-02
   153.0      0.1487E-02
   153.5      0.1486E-02
   154.0      0.1484E-02
   154.5      0.1481E-02
   155.0      0.1476E-02
   155.5      0.1468E-02
   156.0      0.1460E-02
   156.5      0.1449E-02
   157.0      0.1436E-02
   157.5      0.1422E-02
   158.0      0.1405E-02
   158.5      0.1387E-02
   159.0      0.1366E-02
   159.5      0.1344E-02
   160.0      0.1320E-02
   160.5      0.1294E-02
   161.0      0.1266E-02
   161.5      0.1236E-02
   162.0      0.1204E-02
   162.5      0.1171E-02
   163.0      0.1136E-02
   163.5      0.1099E-02
   164.0      0.1061E-02
   164.5      0.1022E-02
   165.0      0.9809E-03
   165.5      0.9391E-03
   166.0      0.8963E-03
   166.5      0.8527E-03
   167.0      0.8084E-03
   167.5      0.7635E-03
   168.0      0.7183E-03
   168.5      0.6730E-03
   169.0      0.6276E-03
   169.5      0.5824E-03
   170.0      0.5376E-03
   170.5      0.4934E-03
   171.0      0.4499E-03
   171.5      0.4074E-03
   172.0      0.3661E-03
   172.5      0.3261E-03
   173.0      0.2877E-03
   173.5      0.2510E-03
   174.0      0.2162E-03
   174.5      0.1835E-03
   175.0      0.1531E-03
   175.5      0.1250E-03
   176.0      0.9955E-04
   176.5      0.7673E-04
   177.0      0.5670E-04
   177.5      0.3958E-04
   178.0      0.2544E-04
   178.5      0.1436E-04
   179.0      0.6412E-05
   179.5      0.1624E-05
   180.0      0.2499E-07
 END
@legend string   5 "Partition=  1 Excit=  6 near/far= 1"
#legend string   0 "Lab energy =    6.7200"
@s5 linestyle   1
#  Theta       sigma       iT11        T20         T21         T22         Kyy for residual  
   0.000       2.444    
  0.5000       2.444    
   1.000       2.442    
   1.500       2.439    
   2.000       2.435    
   2.500       2.430    
   3.000       2.423    
   3.500       2.416    
   4.000       2.407    
   4.500       2.398    
   5.000       2.387    
   5.500       2.376    
   6.000       2.363    
   6.500       2.350    
   7.000       2.336    
   7.500       2.321    
   8.000       2.306    
   8.500       2.289    
   9.000       2.272    
   9.500       2.255    
   10.00       2.237    
   10.50       2.219    
   11.00       2.200    
   11.50       2.181    
   12.00       2.161    
   12.50       2.141    
   13.00       2.121    
   13.50       2.100    
   14.00       2.079    
   14.50       2.058    
   15.00       2.037    
   15.50       2.016    
   16.00       1.994    
   16.50       1.972    
   17.00       1.950    
   17.50       1.928    
   18.00       1.906    
   18.50       1.883    
   19.00       1.861    
   19.50       1.838    
   20.00       1.815    
   20.50       1.792    
   21.00       1.769    
   21.50       1.746    
   22.00       1.722    
   22.50       1.699    
   23.00       1.675    
   23.50       1.652    
   24.00       1.628    
   24.50       1.604    
   25.00       1.580    
   25.50       1.556    
   26.00       1.532    
   26.50       1.508    
   27.00       1.484    
   27.50       1.460    
   28.00       1.436    
   28.50       1.411    
   29.00       1.387    
   29.50       1.363    
   30.00       1.339    
   30.50       1.315    
   31.00       1.291    
   31.50       1.267    
   32.00       1.243    
   32.50       1.219    
   33.00       1.196    
   33.50       1.172    
   34.00       1.149    
   34.50       1.125    
   35.00       1.102    
   35.50       1.079    
   36.00       1.055    
   36.50       1.032    
   37.00       1.010    
   37.50      0.9869    
   38.00      0.9644    
   38.50      0.9420    
   39.00      0.9197    
   39.50      0.8977    
   40.00      0.8758    
   40.50      0.8541    
   41.00      0.8326    
   41.50      0.8113    
   42.00      0.7902    
   42.50      0.7694    
   43.00      0.7488    
   43.50      0.7284    
   44.00      0.7084    
   44.50      0.6886    
   45.00      0.6691    
   45.50      0.6499    
   46.00      0.6311    
   46.50      0.6126    
   47.00      0.5944    
   47.50      0.5766    
   48.00      0.5591    
   48.50      0.5420    
   49.00      0.5253    
   49.50      0.5090    
   50.00      0.4931    
   50.50      0.4776    
   51.00      0.4625    
   51.50      0.4478    
   52.00      0.4335    
   52.50      0.4196    
   53.00      0.4062    
   53.50      0.3932    
   54.00      0.3806    
   54.50      0.3684    
   55.00      0.3566    
   55.50      0.3452    
   56.00      0.3343    
   56.50      0.3237    
   57.00      0.3136    
   57.50      0.3038    
   58.00      0.2944    
   58.50      0.2854    
   59.00      0.2768    
   59.50      0.2685    
   60.00      0.2606    
   60.50      0.2530    
   61.00      0.2458    
   61.50      0.2388    
   62.00      0.2322    
   62.50      0.2259    
   63.00      0.2199    
   63.50      0.2142    
   64.00      0.2088    
   64.50      0.2036    
   65.00      0.1987    
   65.50      0.1941    
   66.00      0.1897    
   66.50      0.1855    
   67.00      0.1815    
   67.50      0.1777    
   68.00      0.1742    
   68.50      0.1708    
   69.00      0.1676    
   69.50      0.1645    
   70.00      0.1617    
   70.50      0.1589    
   71.00      0.1563    
   71.50      0.1539    
   72.00      0.1515    
   72.50      0.1493    
   73.00      0.1472    
   73.50      0.1451    
   74.00      0.1432    
   74.50      0.1413    
   75.00      0.1395    
   75.50      0.1378    
   76.00      0.1361    
   76.50      0.1344    
   77.00      0.1329    
   77.50      0.1313    
   78.00      0.1298    
   78.50      0.1283    
   79.00      0.1268    
   79.50      0.1253    
   80.00      0.1238    
   80.50      0.1224    
   81.00      0.1209    
   81.50      0.1194    
   82.00      0.1180    
   82.50      0.1165    
   83.00      0.1150    
   83.50      0.1135    
   84.00      0.1120    
   84.50      0.1105    
   85.00      0.1089    
   85.50      0.1074    
   86.00      0.1058    
   86.50      0.1042    
   87.00      0.1026    
   87.50      0.1010    
   88.00      0.9932E-01
   88.50      0.9767E-01
   89.00      0.9602E-01
   89.50      0.9435E-01
   90.00      0.9268E-01
   90.50      0.9100E-01
   91.00      0.8932E-01
   91.50      0.8764E-01
   92.00      0.8597E-01
   92.50      0.8431E-01
   93.00      0.8265E-01
   93.50      0.8101E-01
   94.00      0.7938E-01
   94.50      0.7777E-01
   95.00      0.7618E-01
   95.50      0.7462E-01
   96.00      0.7309E-01
   96.50      0.7159E-01
   97.00      0.7012E-01
   97.50      0.6869E-01
   98.00      0.6729E-01
   98.50      0.6594E-01
   99.00      0.6463E-01
   99.50      0.6337E-01
   100.0      0.6215E-01
   100.5      0.6098E-01
   101.0      0.5986E-01
   101.5      0.5880E-01
   102.0      0.5778E-01
   102.5      0.5682E-01
   103.0      0.5591E-01
   103.5      0.5506E-01
   104.0      0.5425E-01
   104.5      0.5351E-01
   105.0      0.5281E-01
   105.5      0.5216E-01
   106.0      0.5157E-01
   106.5      0.5102E-01
   107.0      0.5052E-01
   107.5      0.5007E-01
   108.0      0.4965E-01
   108.5      0.4928E-01
   109.0      0.4895E-01
   109.5      0.4865E-01
   110.0      0.4838E-01
   110.5      0.4814E-01
   111.0      0.4793E-01
   111.5      0.4774E-01
   112.0      0.4757E-01
   112.5      0.4742E-01
   113.0      0.4727E-01
   113.5      0.4714E-01
   114.0      0.4701E-01
   114.5      0.4689E-01
   115.0      0.4676E-01
   115.5      0.4662E-01
   116.0      0.4648E-01
   116.5      0.4633E-01
   117.0      0.4616E-01
   117.5      0.4598E-01
   118.0      0.4577E-01
   118.5      0.4554E-01
   119.0      0.4529E-01
   119.5      0.4501E-01
   120.0      0.4471E-01
   120.5      0.4437E-01
   121.0      0.4401E-01
   121.5      0.4361E-01
   122.0      0.4318E-01
   122.5      0.4272E-01
   123.0      0.4222E-01
   123.5      0.4170E-01
   124.0      0.4114E-01
   124.5      0.4054E-01
   125.0      0.3992E-01
   125.5      0.3927E-01
   126.0      0.3859E-01
   126.5      0.3788E-01
   127.0      0.3715E-01
   127.5      0.3639E-01
   128.0      0.3561E-01
   128.5      0.3482E-01
   129.0      0.3400E-01
   129.5      0.3317E-01
   130.0      0.3233E-01
   130.5      0.3148E-01
   131.0      0.3063E-01
   131.5      0.2976E-01
   132.0      0.2890E-01
   132.5      0.2804E-01
   133.0      0.2718E-01
   133.5      0.2632E-01
   134.0      0.2547E-01
   134.5      0.2463E-01
   135.0      0.2381E-01
   135.5      0.2300E-01
   136.0      0.2220E-01
   136.5      0.2142E-01
   137.0      0.2066E-01
   137.5      0.1993E-01
   138.0      0.1922E-01
   138.5      0.1853E-01
   139.0      0.1786E-01
   139.5      0.1723E-01
   140.0      0.1662E-01
   140.5      0.1604E-01
   141.0      0.1549E-01
   141.5      0.1496E-01
   142.0      0.1447E-01
   142.5      0.1401E-01
   143.0      0.1358E-01
   143.5      0.1318E-01
   144.0      0.1281E-01
   144.5      0.1247E-01
   145.0      0.1216E-01
   145.5      0.1187E-01
   146.0      0.1162E-01
   146.5      0.1139E-01
   147.0      0.1119E-01
   147.5      0.1102E-01
   148.0      0.1087E-01
   148.5      0.1075E-01
   149.0      0.1064E-01
   149.5      0.1056E-01
   150.0      0.1050E-01
   150.5      0.1045E-01
   151.0      0.1042E-01
   151.5      0.1041E-01
   152.0      0.1041E-01
   152.5      0.1042E-01
   153.0      0.1044E-01
   153.5      0.1047E-01
   154.0      0.1050E-01
   154.5      0.1054E-01
   155.0      0.1058E-01
   155.5      0.1062E-01
   156.0      0.1066E-01
   156.5      0.1069E-01
   157.0      0.1072E-01
   157.5      0.1074E-01
   158.0      0.1075E-01
   158.5      0.1076E-01
   159.0      0.1075E-01
   159.5      0.1072E-01
   160.0      0.1069E-01
   160.5      0.1063E-01
   161.0      0.1056E-01
   161.5      0.1047E-01
   162.0      0.1037E-01
   162.5      0.1024E-01
   163.0      0.1010E-01
   163.5      0.9932E-02
   164.0      0.9747E-02
   164.5      0.9543E-02
   165.0      0.9321E-02
   165.5      0.9079E-02
   166.0      0.8821E-02
   166.5      0.8545E-02
   167.0      0.8254E-02
   167.5      0.7950E-02
   168.0      0.7632E-02
   168.5      0.7304E-02
   169.0      0.6966E-02
   169.5      0.6622E-02
   170.0      0.6272E-02
   170.5      0.5920E-02
   171.0      0.5566E-02
   171.5      0.5215E-02
   172.0      0.4867E-02
   172.5      0.4526E-02
   173.0      0.4194E-02
   173.5      0.3872E-02
   174.0      0.3564E-02
   174.5      0.3271E-02
   175.0      0.2996E-02
   175.5      0.2741E-02
   176.0      0.2507E-02
   176.5      0.2296E-02
   177.0      0.2110E-02
   177.5      0.1950E-02
   178.0      0.1818E-02
   178.5      0.1714E-02
   179.0      0.1639E-02
   179.5      0.1594E-02
   180.0      0.1579E-02
 END
@legend string   6 "Partition=  1 Excit=  7 near/far= 1"
#legend string   0 "Lab energy =    6.7200"
@s6 linestyle   2
#  Theta       sigma       iT11        T20         T21         T22         Kyy for residual  
   0.000       2.757    
  0.5000       2.757    
   1.000       2.755    
   1.500       2.752    
   2.000       2.748    
   2.500       2.744    
   3.000       2.738    
   3.500       2.731    
   4.000       2.722    
   4.500       2.713    
   5.000       2.703    
   5.500       2.692    
   6.000       2.681    
   6.500       2.668    
   7.000       2.654    
   7.500       2.640    
   8.000       2.625    
   8.500       2.609    
   9.000       2.593    
   9.500       2.576    
   10.00       2.558    
   10.50       2.540    
   11.00       2.521    
   11.50       2.503    
   12.00       2.483    
   12.50       2.464    
   13.00       2.444    
   13.50       2.425    
   14.00       2.405    
   14.50       2.385    
   15.00       2.365    
   15.50       2.345    
   16.00       2.325    
   16.50       2.305    
   17.00       2.285    
   17.50       2.266    
   18.00       2.247    
   18.50       2.228    
   19.00       2.209    
   19.50       2.191    
   20.00       2.172    
   20.50       2.154    
   21.00       2.137    
   21.50       2.119    
   22.00       2.102    
   22.50       2.086    
   23.00       2.069    
   23.50       2.053    
   24.00       2.037    
   24.50       2.021    
   25.00       2.006    
   25.50       1.991    
   26.00       1.975    
   26.50       1.961    
   27.00       1.946    
   27.50       1.931    
   28.00       1.917    
   28.50       1.903    
   29.00       1.889    
   29.50       1.874    
   30.00       1.860    
   30.50       1.846    
   31.00       1.832    
   31.50       1.818    
   32.00       1.804    
   32.50       1.790    
   33.00       1.776    
   33.50       1.762    
   34.00       1.747    
   34.50       1.733    
   35.00       1.718    
   35.50       1.703    
   36.00       1.688    
   36.50       1.673    
   37.00       1.657    
   37.50       1.641    
   38.00       1.625    
   38.50       1.608    
   39.00       1.591    
   39.50       1.574    
   40.00       1.556    
   40.50       1.538    
   41.00       1.520    
   41.50       1.501    
   42.00       1.482    
   42.50       1.462    
   43.00       1.442    
   43.50       1.422    
   44.00       1.401    
   44.50       1.380    
   45.00       1.358    
   45.50       1.336    
   46.00       1.314    
   46.50       1.291    
   47.00       1.268    
   47.50       1.244    
   48.00       1.221    
   48.50       1.197    
   49.00       1.172    
   49.50       1.148    
   50.00       1.123    
   50.50       1.099    
   51.00       1.074    
   51.50       1.049    
   52.00       1.024    
   52.50      0.9990    
   53.00      0.9740    
   53.50      0.9490    
   54.00      0.9242    
   54.50      0.8994    
   55.00      0.8748    
   55.50      0.8504    
   56.00      0.8262    
   56.50      0.8022    
   57.00      0.7785    
   57.50      0.7551    
   58.00      0.7320    
   58.50      0.7092    
   59.00      0.6869    
   59.50      0.6649    
   60.00      0.6434    
   60.50      0.6223    
   61.00      0.6017    
   61.50      0.5815    
   62.00      0.5619    
   62.50      0.5428    
   63.00      0.5242    
   63.50      0.5061    
   64.00      0.4886    
   64.50      0.4717    
   65.00      0.4553    
   65.50      0.4394    
   66.00      0.4242    
   66.50      0.4095    
   67.00      0.3954    
   67.50      0.3819    
   68.00      0.3689    
   68.50      0.3565    
   69.00      0.3446    
   69.50      0.3333    
   70.00      0.3226    
   70.50      0.3124    
   71.00      0.3027    
   71.50      0.2935    
   72.00      0.2848    
   72.50      0.2766    
   73.00      0.2689    
   73.50      0.2616    
   74.00      0.2548    
   74.50      0.2484    
   75.00      0.2424    
   75.50      0.2368    
   76.00      0.2316    
   76.50      0.2267    
   77.00      0.2222    
   77.50      0.2180    
   78.00      0.2141    
   78.50      0.2105    
   79.00      0.2072    
   79.50      0.2041    
   80.00      0.2012    
   80.50      0.1986    
   81.00      0.1962    
   81.50      0.1939    
   82.00      0.1919    
   82.50      0.1899    
   83.00      0.1882    
   83.50      0.1865    
   84.00      0.1850    
   84.50      0.1835    
   85.00      0.1822    
   85.50      0.1809    
   86.00      0.1797    
   86.50      0.1785    
   87.00      0.1774    
   87.50      0.1763    
   88.00      0.1752    
   88.50      0.1741    
   89.00      0.1731    
   89.50      0.1720    
   90.00      0.1710    
   90.50      0.1699    
   91.00      0.1688    
   91.50      0.1677    
   92.00      0.1665    
   92.50      0.1654    
   93.00      0.1642    
   93.50      0.1629    
   94.00      0.1617    
   94.50      0.1603    
   95.00      0.1590    
   95.50      0.1576    
   96.00      0.1562    
   96.50      0.1547    
   97.00      0.1532    
   97.50      0.1517    
   98.00      0.1501    
   98.50      0.1486    
   99.00      0.1469    
   99.50      0.1453    
   100.0      0.1436    
   100.5      0.1420    
   101.0      0.1403    
   101.5      0.1386    
   102.0      0.1369    
   102.5      0.1352    
   103.0      0.1334    
   103.5      0.1317    
   104.0      0.1300    
   104.5      0.1283    
   105.0      0.1266    
   105.5      0.1250    
   106.0      0.1233    
   106.5      0.1217    
   107.0      0.1201    
   107.5      0.1185    
   108.0      0.1170    
   108.5      0.1154    
   109.0      0.1139    
   109.5      0.1125    
   110.0      0.1110    
   110.5      0.1096    
   111.0      0.1083    
   111.5      0.1070    
   112.0      0.1057    
   112.5      0.1044    
   113.0      0.1032    
   113.5      0.1020    
   114.0      0.1009    
   114.5      0.9976E-01
   115.0      0.9868E-01
   115.5      0.9764E-01
   116.0      0.9663E-01
   116.5      0.9565E-01
   117.0      0.9470E-01
   117.5      0.9378E-01
   118.0      0.9289E-01
   118.5      0.9203E-01
   119.0      0.9119E-01
   119.5      0.9037E-01
   120.0      0.8957E-01
   120.5      0.8880E-01
   121.0      0.8804E-01
   121.5      0.8730E-01
   122.0      0.8658E-01
   122.5      0.8587E-01
   123.0      0.8517E-01
   123.5      0.8448E-01
   124.0      0.8380E-01
   124.5      0.8312E-01
   125.0      0.8246E-01
   125.5      0.8180E-01
   126.0      0.8114E-01
   126.5      0.8049E-01
   127.0      0.7983E-01
   127.5      0.7918E-01
   128.0      0.7853E-01
   128.5      0.7788E-01
   129.0      0.7723E-01
   129.5      0.7657E-01
   130.0      0.7591E-01
   130.5      0.7525E-01
   131.0      0.7459E-01
   131.5      0.7392E-01
   132.0      0.7325E-01
   132.5      0.7258E-01
   133.0      0.7190E-01
   133.5      0.7122E-01
   134.0      0.7053E-01
   134.5      0.6984E-01
   135.0      0.6915E-01
   135.5      0.6844E-01
   136.0      0.6774E-01
   136.5      0.6703E-01
   137.0      0.6632E-01
   137.5      0.6560E-01
   138.0      0.6487E-01
   138.5      0.6414E-01
   139.0      0.6341E-01
   139.5      0.6267E-01
   140.0      0.6193E-01
   140.5      0.6117E-01
   141.0      0.6042E-01
   141.5      0.5966E-01
   142.0      0.5889E-01
   142.5      0.5812E-01
   143.0      0.5734E-01
   143.5      0.5655E-01
   144.0      0.5575E-01
   144.5      0.5495E-01
   145.0      0.5414E-01
   145.5      0.5333E-01
   146.0      0.5250E-01
   146.5      0.5167E-01
   147.0      0.5083E-01
   147.5      0.4998E-01
   148.0      0.4912E-01
   148.5      0.4826E-01
   149.0      0.4738E-01
   149.5      0.4650E-01
   150.0      0.4560E-01
   150.5      0.4470E-01
   151.0      0.4379E-01
   151.5      0.4287E-01
   152.0      0.4194E-01
   152.5      0.4100E-01
   153.0      0.4005E-01
   153.5      0.3910E-01
   154.0      0.3813E-01
   154.5      0.3716E-01
   155.0      0.3619E-01
   155.5      0.3521E-01
   156.0      0.3422E-01
   156.5      0.3323E-01
   157.0      0.3223E-01
   157.5      0.3124E-01
   158.0      0.3024E-01
   158.5      0.2923E-01
   159.0      0.2823E-01
   159.5      0.2723E-01
   160.0      0.2623E-01
   160.5      0.2524E-01
   161.0      0.2424E-01
   161.5      0.2326E-01
   162.0      0.2228E-01
   162.5      0.2131E-01
   163.0      0.2034E-01
   163.5      0.1939E-01
   164.0      0.1845E-01
   164.5      0.1752E-01
   165.0      0.1660E-01
   165.5      0.1570E-01
   166.0      0.1481E-01
   166.5      0.1395E-01
   167.0      0.1310E-01
   167.5      0.1227E-01
   168.0      0.1146E-01
   168.5      0.1068E-01
   169.0      0.9917E-02
   169.5      0.9180E-02
   170.0      0.8469E-02
   170.5      0.7786E-02
   171.0      0.7130E-02
   171.5      0.6503E-02
   172.0      0.5907E-02
   172.5      0.5341E-02
   173.0      0.4808E-02
   173.5      0.4307E-02
   174.0      0.3840E-02
   174.5      0.3407E-02
   175.0      0.3009E-02
   175.5      0.2647E-02
   176.0      0.2322E-02
   176.5      0.2033E-02
   177.0      0.1782E-02
   177.5      0.1569E-02
   178.0      0.1394E-02
   178.5      0.1258E-02
   179.0      0.1160E-02
   179.5      0.1101E-02
   180.0      0.1082E-02
 END
@legend string   7 "Partition=  1 Excit=  8 near/far= 1"
#legend string   0 "Lab energy =    6.7200"
@s7 linestyle   3
#  Theta       sigma       iT11        T20         T21         T22         Kyy for residual  
   0.000       6.500    
  0.5000       6.498    
   1.000       6.493    
   1.500       6.484    
   2.000       6.471    
   2.500       6.455    
   3.000       6.435    
   3.500       6.412    
   4.000       6.386    
   4.500       6.356    
   5.000       6.323    
   5.500       6.287    
   6.000       6.247    
   6.500       6.205    
   7.000       6.160    
   7.500       6.112    
   8.000       6.062    
   8.500       6.009    
   9.000       5.953    
   9.500       5.895    
   10.00       5.835    
   10.50       5.772    
   11.00       5.708    
   11.50       5.641    
   12.00       5.573    
   12.50       5.503    
   13.00       5.430    
   13.50       5.357    
   14.00       5.281    
   14.50       5.204    
   15.00       5.126    
   15.50       5.046    
   16.00       4.965    
   16.50       4.882    
   17.00       4.799    
   17.50       4.714    
   18.00       4.628    
   18.50       4.541    
   19.00       4.453    
   19.50       4.365    
   20.00       4.276    
   20.50       4.186    
   21.00       4.095    
   21.50       4.004    
   22.00       3.913    
   22.50       3.822    
   23.00       3.730    
   23.50       3.638    
   24.00       3.547    
   24.50       3.455    
   25.00       3.364    
   25.50       3.274    
   26.00       3.183    
   26.50       3.094    
   27.00       3.005    
   27.50       2.918    
   28.00       2.831    
   28.50       2.745    
   29.00       2.660    
   29.50       2.577    
   30.00       2.495    
   30.50       2.415    
   31.00       2.336    
   31.50       2.259    
   32.00       2.183    
   32.50       2.110    
   33.00       2.038    
   33.50       1.968    
   34.00       1.899    
   34.50       1.833    
   35.00       1.769    
   35.50       1.707    
   36.00       1.647    
   36.50       1.589    
   37.00       1.533    
   37.50       1.479    
   38.00       1.427    
   38.50       1.377    
   39.00       1.329    
   39.50       1.284    
   40.00       1.240    
   40.50       1.199    
   41.00       1.159    
   41.50       1.121    
   42.00       1.086    
   42.50       1.052    
   43.00       1.020    
   43.50      0.9897    
   44.00      0.9613    
   44.50      0.9345    
   45.00      0.9094    
   45.50      0.8859    
   46.00      0.8638    
   46.50      0.8432    
   47.00      0.8240    
   47.50      0.8060    
   48.00      0.7893    
   48.50      0.7737    
   49.00      0.7592    
   49.50      0.7457    
   50.00      0.7331    
   50.50      0.7213    
   51.00      0.7103    
   51.50      0.7001    
   52.00      0.6904    
   52.50      0.6813    
   53.00      0.6727    
   53.50      0.6645    
   54.00      0.6566    
   54.50      0.6491    
   55.00      0.6417    
   55.50      0.6346    
   56.00      0.6276    
   56.50      0.6207    
   57.00      0.6138    
   57.50      0.6069    
   58.00      0.6000    
   58.50      0.5930    
   59.00      0.5859    
   59.50      0.5787    
   60.00      0.5714    
   60.50      0.5639    
   61.00      0.5563    
   61.50      0.5485    
   62.00      0.5406    
   62.50      0.5325    
   63.00      0.5242    
   63.50      0.5158    
   64.00      0.5072    
   64.50      0.4984    
   65.00      0.4896    
   65.50      0.4806    
   66.00      0.4715    
   66.50      0.4623    
   67.00      0.4530    
   67.50      0.4437    
   68.00      0.4344    
   68.50      0.4250    
   69.00      0.4157    
   69.50      0.4064    
   70.00      0.3971    
   70.50      0.3878    
   71.00      0.3787    
   71.50      0.3696    
   72.00      0.3606    
   72.50      0.3518    
   73.00      0.3431    
   73.50      0.3345    
   74.00      0.3261    
   74.50      0.3179    
   75.00      0.3098    
   75.50      0.3020    
   76.00      0.2943    
   76.50      0.2868    
   77.00      0.2796    
   77.50      0.2725    
   78.00      0.2657    
   78.50      0.2591    
   79.00      0.2527    
   79.50      0.2465    
   80.00      0.2405    
   80.50      0.2348    
   81.00      0.2292    
   81.50      0.2238    
   82.00      0.2187    
   82.50      0.2137    
   83.00      0.2089    
   83.50      0.2044    
   84.00      0.1999    
   84.50      0.1957    
   85.00      0.1916    
   85.50      0.1877    
   86.00      0.1839    
   86.50      0.1802    
   87.00      0.1767    
   87.50      0.1733    
   88.00      0.1700    
   88.50      0.1668    
   89.00      0.1637    
   89.50      0.1607    
   90.00      0.1578    
   90.50      0.1550    
   91.00      0.1523    
   91.50      0.1496    
   92.00      0.1470    
   92.50      0.1444    
   93.00      0.1419    
   93.50      0.1395    
   94.00      0.1371    
   94.50      0.1347    
   95.00      0.1324    
   95.50      0.1301    
   96.00      0.1279    
   96.50      0.1257    
   97.00      0.1235    
   97.50      0.1214    
   98.00      0.1193    
   98.50      0.1173    
   99.00      0.1153    
   99.50      0.1133    
   100.0      0.1114    
   100.5      0.1095    
   101.0      0.1076    
   101.5      0.1058    
   102.0      0.1040    
   102.5      0.1023    
   103.0      0.1006    
   103.5      0.9899E-01
   104.0      0.9741E-01
   104.5      0.9587E-01
   105.0      0.9438E-01
   105.5      0.9293E-01
   106.0      0.9154E-01
   106.5      0.9019E-01
   107.0      0.8889E-01
   107.5      0.8763E-01
   108.0      0.8642E-01
   108.5      0.8526E-01
   109.0      0.8413E-01
   109.5      0.8305E-01
   110.0      0.8200E-01
   110.5      0.8100E-01
   111.0      0.8002E-01
   111.5      0.7908E-01
   112.0      0.7816E-01
   112.5      0.7728E-01
   113.0      0.7641E-01
   113.5      0.7557E-01
   114.0      0.7474E-01
   114.5      0.7393E-01
   115.0      0.7314E-01
   115.5      0.7235E-01
   116.0      0.7157E-01
   116.5      0.7080E-01
   117.0      0.7003E-01
   117.5      0.6927E-01
   118.0      0.6850E-01
   118.5      0.6773E-01
   119.0      0.6697E-01
   119.5      0.6620E-01
   120.0      0.6542E-01
   120.5      0.6464E-01
   121.0      0.6386E-01
   121.5      0.6308E-01
   122.0      0.6229E-01
   122.5      0.6150E-01
   123.0      0.6071E-01
   123.5      0.5991E-01
   124.0      0.5912E-01
   124.5      0.5833E-01
   125.0      0.5754E-01
   125.5      0.5676E-01
   126.0      0.5599E-01
   126.5      0.5522E-01
   127.0      0.5447E-01
   127.5      0.5372E-01
   128.0      0.5299E-01
   128.5      0.5228E-01
   129.0      0.5158E-01
   129.5      0.5091E-01
   130.0      0.5025E-01
   130.5      0.4962E-01
   131.0      0.4900E-01
   131.5      0.4841E-01
   132.0      0.4785E-01
   132.5      0.4731E-01
   133.0      0.4679E-01
   133.5      0.4630E-01
   134.0      0.4583E-01
   134.5      0.4538E-01
   135.0      0.4496E-01
   135.5      0.4456E-01
   136.0      0.4417E-01
   136.5      0.4381E-01
   137.0      0.4346E-01
   137.5      0.4313E-01
   138.0      0.4281E-01
   138.5      0.4250E-01
   139.0      0.4220E-01
   139.5      0.4191E-01
   140.0      0.4162E-01
   140.5      0.4134E-01
   141.0      0.4105E-01
   141.5      0.4077E-01
   142.0      0.4048E-01
   142.5      0.4019E-01
   143.0      0.3989E-01
   143.5      0.3958E-01
   144.0      0.3926E-01
   144.5      0.3893E-01
   145.0      0.3859E-01
   145.5      0.3824E-01
   146.0      0.3787E-01
   146.5      0.3749E-01
   147.0      0.3709E-01
   147.5      0.3668E-01
   148.0      0.3625E-01
   148.5      0.3581E-01
   149.0      0.3535E-01
   149.5      0.3488E-01
   150.0      0.3440E-01
   150.5      0.3390E-01
   151.0      0.3339E-01
   151.5      0.3287E-01
   152.0      0.3234E-01
   152.5      0.3181E-01
   153.0      0.3126E-01
   153.5      0.3071E-01
   154.0      0.3016E-01
   154.5      0.2960E-01
   155.0      0.2904E-01
   155.5      0.2848E-01
   156.0      0.2792E-01
   156.5      0.2736E-01
   157.0      0.2680E-01
   157.5      0.2624E-01
   158.0      0.2569E-01
   158.5      0.2514E-01
   159.0      0.2460E-01
   159.5      0.2406E-01
   160.0      0.2353E-01
   160.5      0.2300E-01
   161.0      0.2248E-01
   161.5      0.2197E-01
   162.0      0.2147E-01
   162.5      0.2097E-01
   163.0      0.2048E-01
   163.5      0.2000E-01
   164.0      0.1952E-01
   164.5      0.1906E-01
   165.0      0.1860E-01
   165.5      0.1814E-01
   166.0      0.1770E-01
   166.5      0.1726E-01
   167.0      0.1683E-01
   167.5      0.1641E-01
   168.0      0.1599E-01
   168.5      0.1558E-01
   169.0      0.1519E-01
   169.5      0.1480E-01
   170.0      0.1442E-01
   170.5      0.1405E-01
   171.0      0.1369E-01
   171.5      0.1335E-01
   172.0      0.1302E-01
   172.5      0.1270E-01
   173.0      0.1240E-01
   173.5      0.1211E-01
   174.0      0.1184E-01
   174.5      0.1158E-01
   175.0      0.1134E-01
   175.5      0.1113E-01
   176.0      0.1093E-01
   176.5      0.1076E-01
   177.0      0.1060E-01
   177.5      0.1047E-01
   178.0      0.1036E-01
   178.5      0.1028E-01
   179.0      0.1022E-01
   179.5      0.1018E-01
   180.0      0.1017E-01
 END
@legend string   8 "Partition=  1 Excit=  9 near/far= 1"
#legend string   0 "Lab energy =    6.7200"
@s8 linestyle   4
#  Theta       sigma       iT11        T20         T21         T22         Kyy for residual  
   0.000       9.828    
  0.5000       9.825    
   1.000       9.815    
   1.500       9.798    
   2.000       9.775    
   2.500       9.745    
   3.000       9.709    
   3.500       9.666    
   4.000       9.616    
   4.500       9.561    
   5.000       9.499    
   5.500       9.431    
   6.000       9.357    
   6.500       9.278    
   7.000       9.193    
   7.500       9.102    
   8.000       9.006    
   8.500       8.905    
   9.000       8.800    
   9.500       8.690    
   10.00       8.575    
   10.50       8.457    
   11.00       8.335    
   11.50       8.209    
   12.00       8.081    
   12.50       7.950    
   13.00       7.816    
   13.50       7.680    
   14.00       7.542    
   14.50       7.403    
   15.00       7.262    
   15.50       7.121    
   16.00       6.979    
   16.50       6.836    
   17.00       6.694    
   17.50       6.551    
   18.00       6.409    
   18.50       6.267    
   19.00       6.126    
   19.50       5.986    
   20.00       5.848    
   20.50       5.710    
   21.00       5.574    
   21.50       5.440    
   22.00       5.307    
   22.50       5.176    
   23.00       5.048    
   23.50       4.921    
   24.00       4.797    
   24.50       4.675    
   25.00       4.555    
   25.50       4.437    
   26.00       4.323    
   26.50       4.210    
   27.00       4.101    
   27.50       3.994    
   28.00       3.890    
   28.50       3.788    
   29.00       3.690    
   29.50       3.594    
   30.00       3.501    
   30.50       3.411    
   31.00       3.324    
   31.50       3.240    
   32.00       3.159    
   32.50       3.081    
   33.00       3.005    
   33.50       2.933    
   34.00       2.863    
   34.50       2.796    
   35.00       2.731    
   35.50       2.669    
   36.00       2.610    
   36.50       2.553    
   37.00       2.498    
   37.50       2.446    
   38.00       2.395    
   38.50       2.347    
   39.00       2.301    
   39.50       2.256    
   40.00       2.213    
   40.50       2.172    
   41.00       2.132    
   41.50       2.093    
   42.00       2.056    
   42.50       2.020    
   43.00       1.984    
   43.50       1.950    
   44.00       1.917    
   44.50       1.884    
   45.00       1.852    
   45.50       1.821    
   46.00       1.790    
   46.50       1.760    
   47.00       1.730    
   47.50       1.700    
   48.00       1.671    
   48.50       1.642    
   49.00       1.614    
   49.50       1.585    
   50.00       1.557    
   50.50       1.529    
   51.00       1.502    
   51.50       1.474    
   52.00       1.446    
   52.50       1.419    
   53.00       1.392    
   53.50       1.365    
   54.00       1.338    
   54.50       1.311    
   55.00       1.284    
   55.50       1.257    
   56.00       1.230    
   56.50       1.204    
   57.00       1.178    
   57.50       1.151    
   58.00       1.125    
   58.50       1.100    
   59.00       1.074    
   59.50       1.048    
   60.00       1.023    
   60.50      0.9981    
   61.00      0.9733    
   61.50      0.9488    
   62.00      0.9246    
   62.50      0.9007    
   63.00      0.8770    
   63.50      0.8538    
   64.00      0.8308    
   64.50      0.8083    
   65.00      0.7861    
   65.50      0.7643    
   66.00      0.7430    
   66.50      0.7220    
   67.00      0.7015    
   67.50      0.6815    
   68.00      0.6619    
   68.50      0.6427    
   69.00      0.6241    
   69.50      0.6059    
   70.00      0.5882    
   70.50      0.5710    
   71.00      0.5542    
   71.50      0.5380    
   72.00      0.5222    
   72.50      0.5069    
   73.00      0.4922    
   73.50      0.4779    
   74.00      0.4641    
   74.50      0.4507    
   75.00      0.4379    
   75.50      0.4255    
   76.00      0.4136    
   76.50      0.4021    
   77.00      0.3911    
   77.50      0.3805    
   78.00      0.3704    
   78.50      0.3607    
   79.00      0.3514    
   79.50      0.3425    
   80.00      0.3340    
   80.50      0.3260    
   81.00      0.3183    
   81.50      0.3110    
   82.00      0.3041    
   82.50      0.2975    
   83.00      0.2912    
   83.50      0.2853    
   84.00      0.2798    
   84.50      0.2745    
   85.00      0.2695    
   85.50      0.2649    
   86.00      0.2605    
   86.50      0.2564    
   87.00      0.2525    
   87.50      0.2488    
   88.00      0.2454    
   88.50      0.2423    
   89.00      0.2393    
   89.50      0.2365    
   90.00      0.2339    
   90.50      0.2314    
   91.00      0.2291    
   91.50      0.2270    
   92.00      0.2249    
   92.50      0.2230    
   93.00      0.2212    
   93.50      0.2196    
   94.00      0.2180    
   94.50      0.2164    
   95.00      0.2150    
   95.50      0.2136    
   96.00      0.2123    
   96.50      0.2111    
   97.00      0.2099    
   97.50      0.2087    
   98.00      0.2076    
   98.50      0.2065    
   99.00      0.2054    
   99.50      0.2044    
   100.0      0.2033    
   100.5      0.2024    
   101.0      0.2014    
   101.5      0.2004    
   102.0      0.1995    
   102.5      0.1985    
   103.0      0.1976    
   103.5      0.1967    
   104.0      0.1958    
   104.5      0.1949    
   105.0      0.1940    
   105.5      0.1931    
   106.0      0.1922    
   106.5      0.1913    
   107.0      0.1904    
   107.5      0.1896    
   108.0      0.1887    
   108.5      0.1878    
   109.0      0.1869    
   109.5      0.1860    
   110.0      0.1851    
   110.5      0.1842    
   111.0      0.1833    
   111.5      0.1824    
   112.0      0.1815    
   112.5      0.1805    
   113.0      0.1796    
   113.5      0.1787    
   114.0      0.1777    
   114.5      0.1767    
   115.0      0.1758    
   115.5      0.1748    
   116.0      0.1738    
   116.5      0.1729    
   117.0      0.1719    
   117.5      0.1709    
   118.0      0.1699    
   118.5      0.1689    
   119.0      0.1679    
   119.5      0.1669    
   120.0      0.1659    
   120.5      0.1648    
   121.0      0.1638    
   121.5      0.1628    
   122.0      0.1618    
   122.5      0.1608    
   123.0      0.1597    
   123.5      0.1587    
   124.0      0.1577    
   124.5      0.1567    
   125.0      0.1557    
   125.5      0.1547    
   126.0      0.1537    
   126.5      0.1527    
   127.0      0.1517    
   127.5      0.1507    
   128.0      0.1498    
   128.5      0.1488    
   129.0      0.1479    
   129.5      0.1470    
   130.0      0.1461    
   130.5      0.1452    
   131.0      0.1443    
   131.5      0.1434    
   132.0      0.1426    
   132.5      0.1418    
   133.0      0.1410    
   133.5      0.1402    
   134.0      0.1395    
   134.5      0.1388    
   135.0      0.1380    
   135.5      0.1374    
   136.0      0.1367    
   136.5      0.1361    
   137.0      0.1354    
   137.5      0.1349    
   138.0      0.1343    
   138.5      0.1337    
   139.0      0.1332    
   139.5      0.1327    
   140.0      0.1322    
   140.5      0.1317    
   141.0      0.1312    
   141.5      0.1307    
   142.0      0.1303    
   142.5      0.1298    
   143.0      0.1294    
   143.5      0.1290    
   144.0      0.1285    
   144.5      0.1281    
   145.0      0.1277    
   145.5      0.1272    
   146.0      0.1268    
   146.5      0.1263    
   147.0      0.1258    
   147.5      0.1253    
   148.0      0.1248    
   148.5      0.1243    
   149.0      0.1238    
   149.5      0.1232    
   150.0      0.1226    
   150.5      0.1220    
   151.0      0.1214    
   151.5      0.1207    
   152.0      0.1201    
   152.5      0.1194    
   153.0      0.1186    
   153.5      0.1179    
   154.0      0.1171    
   154.5      0.1162    
   155.0      0.1154    
   155.5      0.1145    
   156.0      0.1136    
   156.5      0.1127    
   157.0      0.1117    
   157.5      0.1108    
   158.0      0.1098    
   158.5      0.1087    
   159.0      0.1077    
   159.5      0.1066    
   160.0      0.1055    
   160.5      0.1044    
   161.0      0.1033    
   161.5      0.1022    
   162.0      0.1010    
   162.5      0.9989E-01
   163.0      0.9873E-01
   163.5      0.9758E-01
   164.0      0.9642E-01
   164.5      0.9526E-01
   165.0      0.9410E-01
   165.5      0.9295E-01
   166.0      0.9182E-01
   166.5      0.9069E-01
   167.0      0.8958E-01
   167.5      0.8848E-01
   168.0      0.8740E-01
   168.5      0.8635E-01
   169.0      0.8532E-01
   169.5      0.8432E-01
   170.0      0.8335E-01
   170.5      0.8241E-01
   171.0      0.8151E-01
   171.5      0.8064E-01
   172.0      0.7981E-01
   172.5      0.7902E-01
   173.0      0.7828E-01
   173.5      0.7757E-01
   174.0      0.7692E-01
   174.5      0.7631E-01
   175.0      0.7575E-01
   175.5      0.7524E-01
   176.0      0.7478E-01
   176.5      0.7438E-01
   177.0      0.7402E-01
   177.5      0.7372E-01
   178.0      0.7347E-01
   178.5      0.7328E-01
   179.0      0.7314E-01
   179.5      0.7306E-01
   180.0      0.7303E-01
 END
@legend string   9 "Partition=  3 Excit=  1 near/far= 1"
#legend string   0 "Lab energy =    6.7200"
@s9 linestyle   5
#  Theta       sigma       iT11        T20         T21         T22         Kyy for residual  
   0.000       1.363    
  0.5000       1.362    
   1.000       1.359    
   1.500       1.353    
   2.000       1.346    
   2.500       1.337    
   3.000       1.325    
   3.500       1.312    
   4.000       1.296    
   4.500       1.279    
   5.000       1.260    
   5.500       1.240    
   6.000       1.218    
   6.500       1.194    
   7.000       1.169    
   7.500       1.143    
   8.000       1.115    
   8.500       1.087    
   9.000       1.057    
   9.500       1.027    
   10.00      0.9954    
   10.50      0.9636    
   11.00      0.9313    
   11.50      0.8986    
   12.00      0.8655    
   12.50      0.8324    
   13.00      0.7991    
   13.50      0.7658    
   14.00      0.7327    
   14.50      0.6999    
   15.00      0.6673    
   15.50      0.6351    
   16.00      0.6035    
   16.50      0.5724    
   17.00      0.5419    
   17.50      0.5121    
   18.00      0.4831    
   18.50      0.4549    
   19.00      0.4275    
   19.50      0.4010    
   20.00      0.3755    
   20.50      0.3509    
   21.00      0.3273    
   21.50      0.3048    
   22.00      0.2832    
   22.50      0.2627    
   23.00      0.2432    
   23.50      0.2248    
   24.00      0.2073    
   24.50      0.1909    
   25.00      0.1755    
   25.50      0.1611    
   26.00      0.1477    
   26.50      0.1352    
   27.00      0.1236    
   27.50      0.1130    
   28.00      0.1032    
   28.50      0.9420E-01
   29.00      0.8605E-01
   29.50      0.7866E-01
   30.00      0.7201E-01
   30.50      0.6605E-01
   31.00      0.6076E-01
   31.50      0.5609E-01
   32.00      0.5202E-01
   32.50      0.4849E-01
   33.00      0.4548E-01
   33.50      0.4295E-01
   34.00      0.4086E-01
   34.50      0.3918E-01
   35.00      0.3787E-01
   35.50      0.3691E-01
   36.00      0.3625E-01
   36.50      0.3587E-01
   37.00      0.3573E-01
   37.50      0.3582E-01
   38.00      0.3609E-01
   38.50      0.3654E-01
   39.00      0.3712E-01
   39.50      0.3782E-01
   40.00      0.3861E-01
   40.50      0.3948E-01
   41.00      0.4040E-01
   41.50      0.4137E-01
   42.00      0.4235E-01
   42.50      0.4335E-01
   43.00      0.4433E-01
   43.50      0.4530E-01
   44.00      0.4624E-01
   44.50      0.4714E-01
   45.00      0.4800E-01
   45.50      0.4880E-01
   46.00      0.4953E-01
   46.50      0.5020E-01
   47.00      0.5081E-01
   47.50      0.5133E-01
   48.00      0.5178E-01
   48.50      0.5215E-01
   49.00      0.5245E-01
   49.50      0.5266E-01
   50.00      0.5279E-01
   50.50      0.5284E-01
   51.00      0.5282E-01
   51.50      0.5272E-01
   52.00      0.5255E-01
   52.50      0.5231E-01
   53.00      0.5200E-01
   53.50      0.5162E-01
   54.00      0.5119E-01
   54.50      0.5070E-01
   55.00      0.5015E-01
   55.50      0.4956E-01
   56.00      0.4892E-01
   56.50      0.4824E-01
   57.00      0.4753E-01
   57.50      0.4678E-01
   58.00      0.4601E-01
   58.50      0.4521E-01
   59.00      0.4439E-01
   59.50      0.4356E-01
   60.00      0.4272E-01
   60.50      0.4186E-01
   61.00      0.4101E-01
   61.50      0.4015E-01
   62.00      0.3930E-01
   62.50      0.3845E-01
   63.00      0.3761E-01
   63.50      0.3678E-01
   64.00      0.3597E-01
   64.50      0.3518E-01
   65.00      0.3440E-01
   65.50      0.3364E-01
   66.00      0.3291E-01
   66.50      0.3220E-01
   67.00      0.3152E-01
   67.50      0.3087E-01
   68.00      0.3024E-01
   68.50      0.2965E-01
   69.00      0.2908E-01
   69.50      0.2855E-01
   70.00      0.2804E-01
   70.50      0.2757E-01
   71.00      0.2713E-01
   71.50      0.2672E-01
   72.00      0.2634E-01
   72.50      0.2600E-01
   73.00      0.2568E-01
   73.50      0.2539E-01
   74.00      0.2514E-01
   74.50      0.2491E-01
   75.00      0.2471E-01
   75.50      0.2453E-01
   76.00      0.2439E-01
   76.50      0.2426E-01
   77.00      0.2416E-01
   77.50      0.2409E-01
   78.00      0.2403E-01
   78.50      0.2400E-01
   79.00      0.2398E-01
   79.50      0.2399E-01
   80.00      0.2400E-01
   80.50      0.2404E-01
   81.00      0.2409E-01
   81.50      0.2415E-01
   82.00      0.2422E-01
   82.50      0.2430E-01
   83.00      0.2439E-01
   83.50      0.2448E-01
   84.00      0.2458E-01
   84.50      0.2469E-01
   85.00      0.2480E-01
   85.50      0.2491E-01
   86.00      0.2502E-01
   86.50      0.2514E-01
   87.00      0.2525E-01
   87.50      0.2535E-01
   88.00      0.2546E-01
   88.50      0.2556E-01
   89.00      0.2565E-01
   89.50      0.2574E-01
   90.00      0.2582E-01
   90.50      0.2589E-01
   91.00      0.2595E-01
   91.50      0.2600E-01
   92.00      0.2604E-01
   92.50      0.2607E-01
   93.00      0.2609E-01
   93.50      0.2610E-01
   94.00      0.2609E-01
   94.50      0.2607E-01
   95.00      0.2604E-01
   95.50      0.2599E-01
   96.00      0.2593E-01
   96.50      0.2586E-01
   97.00      0.2577E-01
   97.50      0.2567E-01
   98.00      0.2555E-01
   98.50      0.2542E-01
   99.00      0.2527E-01
   99.50      0.2511E-01
   100.0      0.2493E-01
   100.5      0.2474E-01
   101.0      0.2453E-01
   101.5      0.2431E-01
   102.0      0.2408E-01
   102.5      0.2383E-01
   103.0      0.2357E-01
   103.5      0.2329E-01
   104.0      0.2300E-01
   104.5      0.2270E-01
   105.0      0.2239E-01
   105.5      0.2207E-01
   106.0      0.2173E-01
   106.5      0.2139E-01
   107.0      0.2103E-01
   107.5      0.2066E-01
   108.0      0.2028E-01
   108.5      0.1990E-01
   109.0      0.1950E-01
   109.5      0.1910E-01
   110.0      0.1869E-01
   110.5      0.1828E-01
   111.0      0.1785E-01
   111.5      0.1743E-01
   112.0      0.1699E-01
   112.5      0.1656E-01
   113.0      0.1612E-01
   113.5      0.1567E-01
   114.0      0.1523E-01
   114.5      0.1478E-01
   115.0      0.1433E-01
   115.5      0.1389E-01
   116.0      0.1344E-01
   116.5      0.1299E-01
   117.0      0.1255E-01
   117.5      0.1210E-01
   118.0      0.1167E-01
   118.5      0.1123E-01
   119.0      0.1080E-01
   119.5      0.1037E-01
   120.0      0.9953E-02
   120.5      0.9540E-02
   121.0      0.9133E-02
   121.5      0.8734E-02
   122.0      0.8343E-02
   122.5      0.7961E-02
   123.0      0.7589E-02
   123.5      0.7227E-02
   124.0      0.6875E-02
   124.5      0.6535E-02
   125.0      0.6206E-02
   125.5      0.5890E-02
   126.0      0.5587E-02
   126.5      0.5297E-02
   127.0      0.5021E-02
   127.5      0.4760E-02
   128.0      0.4513E-02
   128.5      0.4282E-02
   129.0      0.4067E-02
   129.5      0.3869E-02
   130.0      0.3687E-02
   130.5      0.3522E-02
   131.0      0.3375E-02
   131.5      0.3245E-02
   132.0      0.3134E-02
   132.5      0.3041E-02
   133.0      0.2968E-02
   133.5      0.2913E-02
   134.0      0.2877E-02
   134.5      0.2862E-02
   135.0      0.2866E-02
   135.5      0.2889E-02
   136.0      0.2933E-02
   136.5      0.2997E-02
   137.0      0.3081E-02
   137.5      0.3185E-02
   138.0      0.3309E-02
   138.5      0.3454E-02
   139.0      0.3619E-02
   139.5      0.3803E-02
   140.0      0.4008E-02
   140.5      0.4233E-02
   141.0      0.4478E-02
   141.5      0.4742E-02
   142.0      0.5025E-02
   142.5      0.5328E-02
   143.0      0.5649E-02
   143.5      0.5989E-02
   144.0      0.6348E-02
   144.5      0.6724E-02
   145.0      0.7119E-02
   145.5      0.7530E-02
   146.0      0.7959E-02
   146.5      0.8404E-02
   147.0      0.8866E-02
   147.5      0.9343E-02
   148.0      0.9835E-02
   148.5      0.1034E-01
   149.0      0.1086E-01
   149.5      0.1140E-01
   150.0      0.1195E-01
   150.5      0.1251E-01
   151.0      0.1308E-01
   151.5      0.1367E-01
   152.0      0.1426E-01
   152.5      0.1486E-01
   153.0      0.1548E-01
   153.5      0.1610E-01
   154.0      0.1673E-01
   154.5      0.1737E-01
   155.0      0.1801E-01
   155.5      0.1866E-01
   156.0      0.1931E-01
   156.5      0.1997E-01
   157.0      0.2063E-01
   157.5      0.2129E-01
   158.0      0.2196E-01
   158.5      0.2262E-01
   159.0      0.2328E-01
   159.5      0.2395E-01
   160.0      0.2461E-01
   160.5      0.2526E-01
   161.0      0.2592E-01
   161.5      0.2657E-01
   162.0      0.2721E-01
   162.5      0.2785E-01
   163.0      0.2848E-01
   163.5      0.2910E-01
   164.0      0.2971E-01
   164.5      0.3031E-01
   165.0      0.3091E-01
   165.5      0.3149E-01
   166.0      0.3206E-01
   166.5      0.3262E-01
   167.0      0.3316E-01
   167.5      0.3369E-01
   168.0      0.3421E-01
   168.5      0.3471E-01
   169.0      0.3520E-01
   169.5      0.3566E-01
   170.0      0.3612E-01
   170.5      0.3655E-01
   171.0      0.3696E-01
   171.5      0.3736E-01
   172.0      0.3774E-01
   172.5      0.3809E-01
   173.0      0.3843E-01
   173.5      0.3875E-01
   174.0      0.3904E-01
   174.5      0.3931E-01
   175.0      0.3956E-01
   175.5      0.3979E-01
   176.0      0.4000E-01
   176.5      0.4018E-01
   177.0      0.4033E-01
   177.5      0.4047E-01
   178.0      0.4058E-01
   178.5      0.4066E-01
   179.0      0.4072E-01
   179.5      0.4076E-01
   180.0      0.4077E-01
 END
