          11           1           1
    0.5+     2 1   5.599      0.3270E-06  0.2965E-01  0.3628E-01  0.3220E-02  0.1011E-01  0.1524E-01  0.1183E-01  0.8089E-02  0.3387E-02
                   0.000      0.4848E-02   5.477    
    0.5+     2 2   5.628      0.2013E-03  0.3566E-01  0.5820E-01  0.1578E-08  0.5597E-09  0.4892E-02  0.5115E-02  0.3901E-01  0.3164E-01
                   0.000      0.3408E-03   5.453    
    0.5+     4 3   3.208      0.2079E-03  0.1743E-02  0.4560E-02  0.9682E-11  0.5706E-12  0.2144E-01  0.6672E-01  0.5706E-02  0.1777E-01
                   0.000      0.2466E-02   3.088    
    0.5-     1 1   6.281      0.1358E-01  0.2801E-01  0.1034E-01   0.000       0.000      0.1661E-02  0.4245E-02  0.2431E-01  0.1517E-01
                   0.000      0.7119E-05   6.184    
    0.5-     3 2   5.411      0.1374E-01  0.1166E-02  0.1318E-02  0.1427E-08  0.8181E-09  0.1860E-01  0.5114E-01  0.3560E-02  0.2225E-01
                   0.000      0.7082E-02   5.292    
    0.5-     3 3   5.749      0.1036E-06  0.6343E-02  0.9707E-02  0.1299E-01  0.1399E-01  0.2299E-01  0.3303E-01  0.1696E-01  0.4408E-01
                   0.000      0.2067E-02   5.587    
    1.5+     0 1   11.55      0.1934E-02  0.1025      0.4324E-02  0.7666E-09  0.2048E-09  0.2285E-02  0.8134E-02  0.5268E-02  0.2260E-01
                   0.000      0.2148E-03   11.40    
    1.5+     2 2   11.21      0.1811E-02  0.4080E-01  0.6904E-01  0.9918E-08  0.1457E-07  0.4113E-02  0.3257E-02  0.1383E-02  0.7723E-02
                   0.000      0.1341E-01   11.07    
    1.5+     2 3   11.20      0.5700E-05  0.5930E-01  0.7252E-01  0.6443E-02  0.2024E-01  0.3048E-01  0.2367E-01  0.1617E-01  0.6771E-02
                   0.000      0.1019E-01   10.95    
    1.5+     2 4   11.26      0.4081E-03  0.7133E-01  0.1163      0.1177E-07  0.4188E-08  0.9779E-02  0.1023E-01  0.7801E-01  0.6323E-01
                   0.000      0.2619E-02   10.91    
    1.5+     4 5   6.417      0.4172E-03  0.3486E-02  0.9118E-02  0.2134E-08  0.1150E-08  0.4288E-01  0.1334      0.1141E-01  0.3554E-01
                   0.000      0.4626E-02   6.176    
    1.5+     4 6   6.691      0.2959E-06  0.7329E-02  0.4322E-02  0.2218E-01  0.1025E-01  0.2396E-01  0.2558E-01  0.3505E-01  0.1122    
                   0.000      0.2719E-02   6.447    
    1.5-     1 1   12.57      0.6118E-06  0.8492E-01  0.1612E-01  0.1412E-01  0.1296E-02  0.1570E-01  0.1111E-01  0.1451E-02  0.5360E-02
                   0.000      0.4736E-03   12.42    
    1.5-     1 2   12.56      0.2779E-01  0.5615E-01  0.2078E-01  0.7493E-08  0.1119E-07  0.3329E-02  0.8488E-02  0.4871E-01  0.3039E-01
                   0.000      0.2227E-03   12.37    
    1.5-     3 3   10.82      0.2748E-01  0.2336E-02  0.2635E-02  0.1046E-07  0.6031E-08  0.3721E-01  0.1023      0.7123E-02  0.4452E-01
                   0.000      0.1296E-01   10.59    
    1.5-     3 4   11.50      0.7618E-06  0.1269E-01  0.1941E-01  0.2598E-01  0.2798E-01  0.4597E-01  0.6605E-01  0.3392E-01  0.8813E-01
                   0.000      0.4571E-02   11.17    
    1.5-     3 5   11.46      0.8259E-02  0.4546E-01  0.8898E-01  0.6549E-08  0.4005E-08  0.5686E-02  0.5999E-02  0.1068      0.1622    
                   0.000      0.5255E-03   11.04    
    1.5-     5 6   2.398      0.8243E-02  0.1234E-01  0.1183E-01  0.4213E-11  0.4582E-11  0.4806E-01  0.1161      0.1536E-01  0.3006E-01
                   0.000      0.1159E-02   2.155    
    2.5+     0 1   17.32      0.2851E-02  0.1553      0.6401E-02  0.8389E-07  0.3281E-06  0.3414E-02  0.1209E-01  0.7872E-02  0.3356E-01
                   0.000      0.2891E-02   17.09    
    2.5+     2 2   16.81      0.2730E-02  0.6122E-01  0.1037      0.3002E-07  0.4441E-07  0.6183E-02  0.4903E-02  0.2101E-02  0.1153E-01
                   0.000      0.1550E-01   16.61    
    2.5+     2 3   16.80      0.1720E-04  0.8893E-01  0.1087      0.9671E-02  0.3038E-01  0.4575E-01  0.3552E-01  0.2424E-01  0.1015E-01
                   0.000      0.1650E-01   16.43    
    2.5+     2 4   16.89      0.6247E-03  0.1070      0.1742      0.3348E-07  0.1196E-07  0.1466E-01  0.1533E-01  0.1170      0.9471E-01
                   0.000      0.8758E-02   16.36    
    2.5+     4 5   9.624      0.6292E-03  0.5233E-02  0.1367E-01  0.7539E-08  0.4088E-08  0.6433E-01  0.2001      0.1711E-01  0.5330E-01
                   0.000      0.6173E-02   9.264    
    2.5+     4 6   10.04      0.1683E-05  0.1099E-01  0.6480E-02  0.3327E-01  0.1538E-01  0.3594E-01  0.3837E-01  0.5257E-01  0.1683    
                   0.000      0.4247E-02   9.671    
    2.5+     4 7   9.942      0.1160E-02  0.6964E-01  0.4395E-01  0.5929E-08  0.1059E-08  0.4810E-02  0.5350E-02  0.7761E-01  0.1221    
                   0.000      0.6177E-03   9.617    
    2.5+     6 8  0.9106      0.1165E-02  0.1667E-01  0.3868E-02  0.3762E-11  0.6625E-12  0.3650E-01  0.4503E-01  0.1114E-01  0.1281E-01
                   0.000      0.3206E-03  0.7831    
    2.5-     1 1   18.71      0.5029E-05  0.1439      0.6026E-01  0.4894E-07  0.5077E-07  0.2083E-06  0.3384E-06  0.1388E-01  0.1646E-01
                   0.000      0.6011E-02   18.47    
    2.5-     1 2   18.86      0.6629E-05  0.1276      0.2422E-01  0.2119E-01  0.1931E-02  0.2354E-01  0.1663E-01  0.2163E-02  0.8023E-02
                   0.000      0.2098E-02   18.63    
    2.5-     1 3   18.84      0.4151E-01  0.8438E-01  0.3122E-01  0.2167E-07  0.3744E-07  0.4996E-02  0.1274E-01  0.7312E-01  0.4559E-01
                   0.000      0.8267E-03   18.55    
    2.5-     3 4   16.23      0.4122E-01  0.3514E-02  0.3950E-02  0.2978E-07  0.1720E-07  0.5585E-01  0.1536      0.1069E-01  0.6681E-01
                   0.000      0.1641E-01   15.88    
    2.5-     3 5   17.25      0.2181E-05  0.1904E-01  0.2910E-01  0.3896E-01  0.4196E-01  0.6894E-01  0.9904E-01  0.5087E-01  0.1322    
                   0.000      0.7949E-02   16.76    
    2.5-     3 6   17.19      0.1238E-01  0.6817E-01  0.1334      0.2355E-07  0.1438E-07  0.8526E-02  0.8996E-02  0.1602      0.2433    
                   0.000      0.2067E-02   16.55    
    2.5-     5 7   3.598      0.1237E-01  0.1851E-01  0.1774E-01  0.2282E-10  0.2322E-10  0.7208E-01  0.1742      0.2304E-01  0.4510E-01
                   0.000      0.1594E-02   3.233    
    2.5-     5 8   3.732      0.4942E-07  0.5445E-04  0.2931E-02  0.2921E-01  0.5561E-02  0.1800E-01  0.1339E-01  0.6094E-01  0.1443    
                   0.000      0.1049E-02   3.457    
    3.5+     0 1   23.06      0.3637E-02  0.2121      0.8016E-02  0.1611E-06  0.8298E-07  0.4471E-02  0.1512E-01  0.1022E-01  0.4143E-01
                   0.000      0.7267E-02   22.75    
    3.5+     2 2   22.41      0.3805E-02  0.8166E-01  0.1386      0.4086E-07  0.6137E-07  0.8279E-02  0.6577E-02  0.2845E-02  0.1529E-01
                   0.000      0.1182E-01   22.14    
    3.5+     2 3   22.40      0.2652E-04  0.1186      0.1448      0.1290E-01  0.4055E-01  0.6104E-01  0.4739E-01  0.3229E-01  0.1352E-01
                   0.000      0.2433E-01   21.91    
    3.5+     2 4   22.52      0.8643E-03  0.1433      0.2328      0.4641E-07  0.1091E-07  0.1957E-01  0.2047E-01  0.1562      0.1264    
                   0.000      0.2087E-01   21.80    
    3.5+     4 5   12.83      0.8448E-03  0.6982E-02  0.1822E-01  0.1549E-07  0.8429E-08  0.8577E-01  0.2669      0.2281E-01  0.7106E-01
                   0.000      0.6799E-02   12.35    
    3.5+     4 6   13.38      0.3931E-05  0.1466E-01  0.8635E-02  0.4436E-01  0.2051E-01  0.4792E-01  0.5116E-01  0.7009E-01  0.2244    
                   0.000      0.5980E-02   12.89    
    3.5+     4 7   13.26      0.1550E-02  0.9286E-01  0.5856E-01  0.1659E-07  0.2964E-08  0.6414E-02  0.7134E-02  0.1035      0.1627    
                   0.000      0.1960E-02   12.82    
    3.5+     6 8   1.214      0.1555E-02  0.2223E-01  0.5156E-02  0.1436E-10  0.3057E-11  0.4866E-01  0.6004E-01  0.1485E-01  0.1708E-01
                   0.000      0.3869E-03   1.045    
    3.5+     6 9   1.104      0.1152E-07  0.3466E-02  0.1375E-02  0.1224E-01  0.1092E-02  0.9420E-02  0.7805E-02  0.3944E-01  0.4924E-01
                   0.000      0.2613E-03  0.9795    
    3.5-     1 1   25.15      0.2074E-05  0.1706      0.3239E-01  0.2827E-01  0.2550E-02  0.3139E-01  0.2212E-01  0.2859E-02  0.1066E-01
                   0.000      0.5570E-02   24.84    
    3.5-     1 2   25.13      0.5498E-01  0.1128      0.4173E-01  0.3083E-07  0.5344E-07  0.6667E-02  0.1698E-01  0.9762E-01  0.6079E-01
                   0.000      0.2061E-02   24.73    
    3.5-     3 3   21.64      0.5501E-01  0.4703E-02  0.5263E-02  0.5227E-07  0.3013E-07  0.7452E-01  0.2049      0.1426E-01  0.8916E-01
                   0.000      0.1625E-01   21.18    
    3.5-     3 4   23.00      0.3834E-05  0.2540E-01  0.3877E-01  0.5193E-01  0.5594E-01  0.9190E-01  0.1320      0.6780E-01  0.1761    
                   0.000      0.1264E-01   22.35    
    3.5-     3 5   22.92      0.1650E-01  0.9086E-01  0.1777      0.4874E-07  0.2975E-07  0.1136E-01  0.1199E-01  0.2135      0.3242    
                   0.000      0.5142E-02   22.07    
    3.5-     5 6   4.799      0.1649E-01  0.2468E-01  0.2364E-01  0.5279E-10  0.5295E-10  0.9611E-01  0.2322      0.3072E-01  0.6013E-01
                   0.000      0.1855E-02   4.313    
    3.5-     5 7   4.976      0.2588E-06  0.7268E-04  0.3908E-02  0.3894E-01  0.7414E-02  0.2401E-01  0.1785E-01  0.8125E-01  0.1924    
                   0.000      0.1452E-02   4.609    
    3.5-     5 8   3.818      0.1186E-03  0.2596E-01  0.1580E-02  0.3238E-10  0.1105E-10  0.2427E-02  0.1645E-02  0.5894E-01  0.8041E-01
                   0.000      0.2358E-03   3.647    
    3.5-     7 9  0.3429      0.1191E-03  0.1215E-01  0.4823E-03  0.1487E-13  0.3557E-14  0.1425E-01  0.8571E-02  0.4979E-02  0.2827E-02
                   0.000      0.7922E-04  0.2994    
    4.5+     2 1   27.99      0.2132E-05  0.1489      0.1819      0.1623E-01  0.5086E-01  0.7645E-01  0.5912E-01  0.4060E-01  0.1702E-01
                   0.000      0.3479E-01   27.37    
    4.5+     2 2   28.15      0.1093E-02  0.1795      0.2910      0.4649E-07  0.1250E-07  0.2446E-01  0.2561E-01  0.1953      0.1578    
                   0.000      0.4012E-01   27.24    
    4.5+     4 3   16.04      0.1066E-02  0.8737E-02  0.2275E-01  0.2242E-07  0.1226E-07  0.1072      0.3336      0.2851E-01  0.8881E-01
                   0.000      0.6195E-02   15.44    
    4.5+     4 4   16.73      0.6286E-05  0.1833E-01  0.1078E-01  0.5545E-01  0.2563E-01  0.5989E-01  0.6395E-01  0.8760E-01  0.2805    
                   0.000      0.7988E-02   16.12    
    4.5+     4 5   16.57      0.1942E-02  0.1161      0.7316E-01  0.2951E-07  0.5272E-08  0.8017E-02  0.8918E-02  0.1293      0.2033    
                   0.000      0.4276E-02   16.03    
    4.5+     6 6   1.519      0.1947E-02  0.2778E-01  0.6444E-02  0.2816E-10  0.6259E-11  0.6083E-01  0.7505E-01  0.1857E-01  0.2134E-01
                   0.000      0.4183E-03   1.306    
    4.5+     6 7   1.380      0.3779E-07  0.4333E-02  0.1719E-02  0.1530E-01  0.1365E-02  0.1178E-01  0.9757E-02  0.4930E-01  0.6155E-01
                   0.000      0.3378E-03   1.224    
    4.5+     6 8  0.9574      0.2974E-04  0.2902E-02  0.8847E-03  0.4861E-12  0.4585E-11  0.5682E-03  0.1260E-03  0.3370E-01  0.3897E-01
                   0.000      0.5986E-04  0.8802    
    4.5+     8 9  0.8243E-01  0.2956E-04  0.2035E-02  0.2145E-04   0.000       0.000      0.1995E-02  0.4142E-03  0.8342E-03  0.1535E-03
                   0.000      0.1896E-04  0.7693E-01
    4.5-     1 1   31.41      0.6748E-01  0.1407      0.5213E-01  0.1101E-09  0.1658E-09  0.8316E-02  0.2125E-01  0.1217      0.7557E-01
                   0.000      0.4063E-02   30.92    
    4.5-     3 2   27.05      0.6868E-01  0.5907E-02  0.6576E-02  0.5591E-07  0.3213E-07  0.9324E-01  0.2564      0.1784E-01  0.1116    
                   0.000      0.1117E-01   26.48    
    4.5-     3 3   28.75      0.4299E-05  0.3177E-01  0.4841E-01  0.6489E-01  0.6992E-01  0.1148      0.1649      0.8471E-01  0.2200    
                   0.000      0.1907E-01   27.93    
    4.5-     3 4   28.65      0.2062E-01  0.1135      0.2218      0.7112E-07  0.4342E-07  0.1419E-01  0.1498E-01  0.2667      0.4050    
                   0.000      0.1026E-01   27.59    
    4.5-     5 5   6.001      0.2062E-01  0.3085E-01  0.2954E-01  0.8366E-10  0.8313E-10  0.1201      0.2903      0.3840E-01  0.7517E-01
                   0.000      0.1885E-02   5.394    
    4.5-     5 6   6.221      0.5426E-06  0.9098E-04  0.4885E-02  0.4868E-01  0.9267E-02  0.3001E-01  0.2231E-01  0.1016      0.2406    
                   0.000      0.1902E-02   5.762    
    4.5-     5 7   4.772      0.1485E-03  0.3245E-01  0.1974E-02  0.7976E-10  0.2721E-10  0.3034E-02  0.2057E-02  0.7368E-01  0.1005    
                   0.000      0.6682E-03   4.557    
    4.5-     7 8  0.4288      0.1490E-03  0.1518E-01  0.6028E-03  0.3437E-12  0.2905E-12  0.1782E-01  0.1071E-01  0.6224E-02  0.3534E-02
                   0.000      0.8868E-04  0.3744    
    4.5-     7 9  0.3734      0.1628E-08  0.4054E-02  0.1922E-03  0.3815E-02  0.2102E-03  0.8862E-02  0.5632E-02  0.1471E-01  0.1031E-01
                   0.000      0.6015E-04  0.3255    
    5.5+     2 1   33.79      0.1337E-02  0.2211      0.3535      0.1723E-07  0.2977E-07  0.2961E-01  0.3125E-01  0.2370      0.1891    
                   0.000      0.6574E-01   32.66    
    5.5+     4 2   19.24      0.1292E-02  0.1050E-01  0.2728E-01  0.2092E-07  0.1162E-07  0.1286      0.4003      0.3419E-01  0.1066    
                   0.000      0.4049E-02   18.53    
    5.5+     4 3   20.08      0.7108E-05  0.2200E-01  0.1293E-01  0.6654E-01  0.3076E-01  0.7187E-01  0.7673E-01  0.1051      0.3366    
                   0.000      0.1034E-01   19.34    
    5.5+     4 4   19.89      0.2336E-02  0.1393      0.8771E-01  0.3874E-07  0.6921E-08  0.9621E-02  0.1070E-01  0.1551      0.2439    
                   0.000      0.7805E-02   19.23    
    5.5+     6 5   1.823      0.2340E-02  0.3334E-01  0.7731E-02  0.3995E-10  0.9151E-11  0.7299E-01  0.9006E-01  0.2228E-01  0.2561E-01
                   0.000      0.4062E-03   1.569    
    5.5+     6 6   1.655      0.6761E-07  0.5200E-02  0.2062E-02  0.1836E-01  0.1638E-02  0.1413E-01  0.1171E-01  0.5916E-01  0.7386E-01
                   0.000      0.4219E-03   1.469    
    5.5+     6 7   1.148      0.3567E-04  0.3482E-02  0.1062E-02  0.1107E-11  0.1043E-10  0.6818E-03  0.1512E-03  0.4044E-01  0.4677E-01
                   0.000      0.1585E-03   1.055    
    5.5+     8 8  0.9892E-01  0.3548E-04  0.2442E-02  0.2574E-04   0.000       0.000      0.2394E-02  0.4970E-03  0.1001E-02  0.1843E-03
                   0.000      0.2021E-04  0.9232E-01
    5.5+     8 9  0.1160       0.000      0.1082E-02  0.1865E-04  0.3719E-03  0.1769E-04  0.4093E-02  0.1818E-02  0.2795E-02  0.9426E-03
                   0.000      0.1376E-04  0.1049    
    5.5-     3 1   34.50      0.6470E-07  0.3815E-01  0.5803E-01  0.7783E-01  0.8388E-01  0.1378      0.1978      0.1016      0.2638    
                   0.000      0.2771E-01   33.52    
    5.5-     3 2   34.39      0.2472E-01  0.1362      0.2657      0.6732E-07  0.4101E-07  0.1701E-01  0.1797E-01  0.3198      0.4856    
                   0.000      0.1797E-01   33.10    
    5.5-     5 3   7.204      0.2475E-01  0.3702E-01  0.3544E-01  0.9309E-10  0.9100E-10  0.1442      0.3483      0.4608E-01  0.9020E-01
                   0.000      0.1626E-02   6.477    
    5.5-     5 4   7.465      0.8059E-06  0.1094E-03  0.5861E-02  0.5841E-01  0.1112E-01  0.3601E-01  0.2677E-01  0.1219      0.2887    
                   0.000      0.2410E-02   6.914    
    5.5-     5 5   5.724      0.1785E-03  0.3893E-01  0.2368E-02  0.1298E-09  0.4428E-10  0.3642E-02  0.2468E-02  0.8841E-01  0.1206    
                   0.000      0.1349E-02   5.466    
    5.5-     7 6  0.5147      0.1789E-03  0.1822E-01  0.7232E-03  0.7583E-12  0.6554E-12  0.2138E-01  0.1286E-01  0.7469E-02  0.4241E-02
                   0.000      0.9123E-04  0.4495    
    5.5-     7 7  0.4479      0.4934E-08  0.4865E-02  0.2306E-03  0.4578E-02  0.2522E-03  0.1063E-01  0.6759E-02  0.1766E-01  0.1237E-01
                   0.000      0.7442E-04  0.3905    
    5.5-     7 8  0.2979      0.4494E-04  0.6162E-03  0.4156E-03   0.000       0.000      0.1074E-03  0.3826E-04  0.2169E-01  0.1913E-01
                   0.000      0.1410E-04  0.2558    
    5.5-     9 9  0.1742E-01  0.4495E-04  0.2186E-03  0.1616E-05   0.000       0.000      0.2514E-03  0.4319E-05  0.1238E-03  0.2667E-05
                   0.000      0.4422E-05  0.1677E-01
    6.5+     4 1   23.42      0.3621E-05  0.2568E-01  0.1507E-01  0.7763E-01  0.3589E-01  0.8384E-01  0.8951E-01  0.1226      0.3927    
                   0.000      0.1312E-01   22.57    
    6.5+     4 2   23.21      0.2731E-02  0.1626      0.1022      0.3395E-07  0.6058E-08  0.1122E-01  0.1249E-01  0.1810      0.2845    
                   0.000      0.1279E-01   22.44    
    6.5+     6 3   2.128      0.2736E-02  0.3889E-01  0.9017E-02  0.4049E-10  0.9726E-11  0.8515E-01  0.1051      0.2599E-01  0.2988E-01
                   0.000      0.3418E-03   1.831    
    6.5+     6 4   1.931      0.8963E-07  0.6068E-02  0.2406E-02  0.2142E-01  0.1911E-02  0.1649E-01  0.1366E-01  0.6902E-01  0.8617E-01
                   0.000      0.5149E-03   1.713    
    6.5+     6 5   1.338      0.4157E-04  0.4061E-02  0.1240E-02  0.1699E-11  0.1600E-10  0.7955E-03  0.1764E-03  0.4718E-01  0.5457E-01
                   0.000      0.3044E-03   1.230    
    6.5+     8 6  0.1154      0.4139E-04  0.2849E-02  0.3003E-04   0.000       0.000      0.2793E-02  0.5798E-03  0.1168E-02  0.2150E-03
                   0.000      0.2007E-04  0.1077    
    6.5+     8 7  0.1353       0.000      0.1263E-02  0.2175E-04  0.4339E-03  0.2064E-04  0.4775E-02  0.2120E-02  0.3260E-02  0.1100E-02
                   0.000      0.1651E-04  0.1223    
    6.5+     8 8  0.1414      0.4221E-04  0.8812E-03  0.7535E-04   0.000       0.000      0.1030E-04  0.1890E-04  0.1134E-01  0.5456E-02
                   0.000      0.3259E-05  0.1236    
    6.5+    10 9  0.4136E-02  0.4222E-04  0.2612E-04  0.1594E-06   0.000       0.000      0.3689E-04  0.1213E-05  0.2078E-04  0.5887E-06
                   0.000      0.1020E-05  0.4007E-02
    6.5-     3 1   40.13      0.2882E-01  0.1588      0.3094      0.2698E-09  0.6095E-10  0.1983E-01  0.2095E-01  0.3728      0.5659    
                   0.000      0.2917E-01   38.62    
    6.5-     5 2   8.410      0.2889E-01  0.4318E-01  0.4132E-01  0.4479E-10  0.3976E-10  0.1682      0.4063      0.5375E-01  0.1052    
                   0.000      0.1020E-02   7.562    
    6.5-     5 3   8.710      0.8785E-06  0.1278E-03  0.6836E-02  0.6814E-01  0.1297E-01  0.4201E-01  0.3123E-01  0.1422      0.3367    
                   0.000      0.2988E-02   8.067    
    6.5-     5 4   6.675      0.2085E-03  0.4541E-01  0.2761E-02  0.1596E-09  0.5442E-10  0.4249E-02  0.2880E-02  0.1032      0.1407    
                   0.000      0.2329E-02   6.373    
    6.5-     7 5  0.6008      0.2089E-03  0.2125E-01  0.8437E-03  0.1145E-11  0.1001E-11  0.2494E-01  0.1500E-01  0.8714E-02  0.4947E-02
                   0.000      0.8551E-04  0.5248    
    6.5-     7 6  0.5225      0.8333E-08  0.5676E-02  0.2690E-03  0.5341E-02  0.2942E-03  0.1241E-01  0.7885E-02  0.2060E-01  0.1443E-01
                   0.000      0.8993E-04  0.4555    
    6.5-     7 7  0.3475      0.5243E-04  0.7189E-03  0.4848E-03   0.000       0.000      0.1253E-03  0.4464E-04  0.2531E-01  0.2232E-01
                   0.000      0.3568E-04  0.2984    
    6.5-     9 8  0.2032E-01  0.5244E-04  0.2550E-03  0.1886E-05   0.000       0.000      0.2933E-03  0.5039E-05  0.1444E-03  0.3112E-05
                   0.000      0.4558E-05  0.1956E-01
    6.5-     9 9  0.2607E-01   0.000      0.2424E-03  0.2336E-05  0.1156E-04  0.4719E-06  0.5869E-03  0.5583E-04  0.5431E-03  0.2417E-04
                   0.000      0.3144E-05  0.2460E-01
    7.5+     4 1   26.50      0.3122E-02  0.1859      0.1173      0.1535E-09  0.3406E-10  0.1282E-01  0.1426E-01  0.2068      0.3250    
                   0.000      0.1958E-01   25.61    
    7.5+     6 2   2.434      0.3134E-02  0.4445E-01  0.1030E-01  0.1584E-10  0.4958E-11  0.9732E-01  0.1201      0.2970E-01  0.3415E-01
                   0.000      0.2163E-03   2.095    
    7.5+     6 3   2.207      0.8597E-07  0.6936E-02  0.2749E-02  0.2448E-01  0.2184E-02  0.1884E-01  0.1561E-01  0.7888E-01  0.9848E-01
                   0.000      0.6186E-03   1.958    
    7.5+     6 4   1.528      0.4745E-04  0.4640E-02  0.1419E-02  0.1995E-11  0.1878E-10  0.9093E-03  0.2016E-03  0.5392E-01  0.6236E-01
                   0.000      0.5054E-03   1.404    
    7.5+     8 5  0.1319      0.4730E-04  0.3256E-02  0.3432E-04   0.000       0.000      0.3192E-02  0.6627E-03  0.1335E-02  0.2457E-03
                   0.000      0.1832E-04  0.1231    
    7.5+     8 6  0.1547       0.000      0.1443E-02  0.2486E-04  0.4959E-03  0.2359E-04  0.5458E-02  0.2423E-02  0.3726E-02  0.1257E-02
                   0.000      0.1946E-04  0.1398    
    7.5+     8 7  0.1616      0.4824E-04  0.1007E-02  0.8612E-04   0.000       0.000      0.1177E-04  0.2160E-04  0.1296E-01  0.6235E-02
                   0.000      0.7982E-05  0.1412    
    7.5+    10 8  0.4727E-02  0.4825E-04  0.2985E-04  0.1821E-06   0.000       0.000      0.4216E-04  0.1386E-05  0.2374E-04  0.6728E-06
                   0.000      0.1027E-05  0.4580E-02
    7.5+    10 9  0.5490E-02   0.000      0.3558E-04  0.2479E-06  0.9178E-06  0.1423E-07  0.8134E-04  0.1940E-05  0.8718E-04  0.2095E-05
                   0.000      0.7226E-06  0.5280E-02
    7.5-     5 1   9.955      0.4964E-06  0.1464E-03  0.7812E-02  0.7788E-01  0.1482E-01  0.4800E-01  0.3569E-01  0.1625      0.3848    
                   0.000      0.3649E-02   9.220    
    7.5-     5 2   7.625      0.2386E-03  0.5189E-01  0.3153E-02  0.1335E-09  0.4544E-10  0.4856E-02  0.3291E-02  0.1179      0.1608    
                   0.000      0.3656E-02   7.279    
    7.5-     7 3  0.6869      0.2390E-03  0.2429E-01  0.9640E-03  0.1319E-11  0.1169E-11  0.2851E-01  0.1714E-01  0.9958E-02  0.5654E-02
                   0.000      0.7011E-04  0.6001    
    7.5-     7 4  0.5969      0.1056E-07  0.6487E-02  0.3073E-03  0.6104E-02  0.3362E-03  0.1418E-01  0.9011E-02  0.2354E-01  0.1649E-01
                   0.000      0.1069E-03  0.5204    
    7.5-     7 5  0.3960      0.6001E-04  0.8216E-03  0.5546E-03  0.5284E-12  0.2042E-11  0.1432E-03  0.5101E-04  0.2892E-01  0.2551E-01
                   0.000      0.6612E-04  0.3399    
    7.5-     9 6  0.2323E-01  0.5994E-04  0.2914E-03  0.2155E-05   0.000       0.000      0.3351E-03  0.5759E-05  0.1651E-03  0.3557E-05
                   0.000      0.4417E-05  0.2236E-01
    7.5-     9 7  0.2979E-01   0.000      0.2770E-03  0.2670E-05  0.1321E-04  0.5393E-06  0.6708E-03  0.6381E-04  0.6207E-03  0.2763E-04
                   0.000      0.3686E-05  0.2811E-01
    7.5-     9 8  0.3294E-01  0.3556E-04  0.2766E-03  0.4898E-05   0.000       0.000      0.8467E-05  0.8562E-06  0.2026E-02  0.1766E-03
                   0.000      0.7492E-06  0.3041E-01
    7.5-    11 9  0.1077E-02  0.3558E-04  0.3574E-05  0.1819E-07   0.000       0.000      0.4121E-05  0.1197E-05  0.2744E-05  0.5665E-06
                   0.000      0.2431E-06  0.1029E-02
    8.5+     6 1   2.482      0.3109E-07  0.7804E-02  0.3093E-02  0.2754E-01  0.2457E-02  0.2120E-01  0.1756E-01  0.8874E-01  0.1108    
                   0.000      0.7344E-03   2.202    
    8.5+     6 2   1.718      0.5329E-04  0.5218E-02  0.1598E-02  0.1605E-11  0.1510E-10  0.1023E-02  0.2268E-03  0.6066E-01  0.7016E-01
                   0.000      0.7694E-03   1.578    
    8.5+     8 3  0.1484      0.5321E-04  0.3663E-02  0.3861E-04   0.000       0.000      0.3591E-02  0.7455E-03  0.1501E-02  0.2764E-03
                   0.000      0.1471E-04  0.1385    
    8.5+     8 4  0.1740       0.000      0.1624E-02  0.2797E-04  0.5579E-03  0.2654E-04  0.6140E-02  0.2726E-02  0.4192E-02  0.1414E-02
                   0.000      0.2266E-04  0.1573    
    8.5+     8 5  0.1818      0.5427E-04  0.1133E-02  0.9688E-04   0.000       0.000      0.1324E-04  0.2430E-04  0.1458E-01  0.7015E-02
                   0.000      0.1441E-04  0.1589    
    8.5+    10 6  0.5318E-02  0.5429E-04  0.3358E-04  0.2049E-06   0.000       0.000      0.4743E-04  0.1560E-05  0.2671E-04  0.7569E-06
                   0.000      0.9787E-06  0.5152E-02
    8.5+    10 7  0.6176E-02   0.000      0.4003E-04  0.2788E-06  0.1033E-05  0.1600E-07  0.9151E-04  0.2183E-05  0.9808E-04  0.2356E-05
                   0.000      0.8322E-06  0.5940E-02
    8.5+    10 8  0.6281E-02  0.2894E-04  0.4836E-04  0.3976E-06   0.000       0.000      0.3360E-05  0.4891E-07  0.3035E-03  0.6597E-05
                   0.000      0.1713E-06  0.5889E-02
    8.5+    12 9  0.3109E-03  0.2895E-04  0.7012E-06  0.3692E-08   0.000       0.000      0.8267E-06  0.6974E-06  0.4962E-06  0.5432E-06
                   0.000      0.5652E-07  0.2786E-03
    8.5-     5 1   8.573      0.2685E-03  0.5837E-01  0.3544E-02  0.1849E-12  0.6127E-14  0.5464E-02  0.3703E-02  0.1326      0.1809    
                   0.000      0.5382E-02   8.183    
    8.5-     7 2  0.7733      0.2691E-03  0.2732E-01  0.1084E-02  0.1011E-11  0.9280E-12  0.3207E-01  0.1928E-01  0.1120E-01  0.6361E-02
                   0.000      0.4367E-04  0.6756    
    8.5-     7 3  0.6713      0.9779E-08  0.7299E-02  0.3456E-03  0.6867E-02  0.3782E-03  0.1595E-01  0.1014E-01  0.2648E-01  0.1856E-01
                   0.000      0.1255E-03  0.5852    
    8.5-     7 4  0.4450      0.6749E-04  0.9242E-03  0.6242E-03  0.5990E-12  0.2315E-11  0.1611E-03  0.5739E-04  0.3254E-01  0.2870E-01
                   0.000      0.1067E-03  0.3818    
    8.5-     9 5  0.2613E-01  0.6743E-04  0.3278E-03  0.2424E-05   0.000       0.000      0.3770E-03  0.6479E-05  0.1857E-03  0.4001E-05
                   0.000      0.3959E-05  0.2516E-01
    8.5-     9 6  0.3351E-01   0.000      0.3116E-03  0.3004E-05  0.1487E-04  0.6067E-06  0.7546E-03  0.7178E-04  0.6983E-03  0.3108E-04
                   0.000      0.4265E-05  0.3162E-01
    8.5-     9 7  0.3706E-01  0.4001E-04  0.3111E-03  0.5510E-05   0.000       0.000      0.9526E-05  0.9632E-06  0.2279E-02  0.1986E-03
                   0.000      0.1791E-05  0.3421E-01
    8.5-    11 8  0.1212E-02  0.4002E-04  0.4021E-05  0.2047E-07   0.000       0.000      0.4636E-05  0.1346E-05  0.3087E-05  0.6373E-06
                   0.000      0.2407E-06  0.1158E-02
    8.5-    11 9  0.1310E-02   0.000      0.4931E-05  0.2147E-07  0.1348E-06  0.8580E-09  0.1068E-04  0.2537E-05  0.1093E-04  0.2617E-05
                   0.000      0.1727E-06  0.1278E-02
    9.5+     6 1   1.906      0.5909E-04  0.5796E-02  0.1777E-02  0.3805E-14  0.3757E-15  0.1137E-02  0.2520E-03  0.6740E-01  0.7795E-01
                   0.000      0.1104E-02   1.751    
    9.5+     8 2  0.1649      0.5913E-04  0.4070E-02  0.4290E-04   0.000       0.000      0.3990E-02  0.8283E-03  0.1668E-02  0.3071E-03
                   0.000      0.9027E-05  0.1539    
    9.5+     8 3  0.1933       0.000      0.1804E-02  0.3108E-04  0.6199E-03  0.2949E-04  0.6822E-02  0.3029E-02  0.4658E-02  0.1571E-02
                   0.000      0.2613E-04  0.1748    
    9.5+     8 4  0.2020      0.6030E-04  0.1259E-02  0.1076E-03   0.000       0.000      0.1471E-04  0.2700E-04  0.1620E-01  0.7794E-02
                   0.000      0.2275E-04  0.1765    
    9.5+    10 5  0.5909E-02  0.6032E-04  0.3731E-04  0.2276E-06   0.000       0.000      0.5270E-04  0.1733E-05  0.2968E-04  0.8410E-06
                   0.000      0.8678E-06  0.5725E-02
    9.5+    10 6  0.6862E-02   0.000      0.4448E-04  0.3098E-06  0.1147E-05  0.1778E-07  0.1017E-03  0.2425E-05  0.1090E-03  0.2618E-05
                   0.000      0.9487E-06  0.6600E-02
    9.5+    10 7  0.6979E-02  0.3216E-04  0.5373E-04  0.4417E-06   0.000       0.000      0.3734E-05  0.5435E-07  0.3373E-03  0.7330E-05
                   0.000      0.4017E-06  0.6544E-02
    9.5+    12 8  0.3454E-03  0.3217E-04  0.7791E-06  0.4102E-08   0.000       0.000      0.9185E-06  0.7749E-06  0.5513E-06  0.6036E-06
                   0.000      0.5530E-07  0.3095E-03
    9.5+    12 9  0.3420E-03   0.000      0.6682E-06  0.1905E-08  0.2374E-07  0.5039E-09  0.1889E-05  0.1583E-05  0.1874E-05  0.1696E-05
                   0.000      0.4058E-07  0.3342E-03
    9.5-     7 1  0.7457      0.3453E-08  0.8110E-02  0.3839E-03  0.7630E-02  0.4203E-03  0.1772E-01  0.1126E-01  0.2943E-01  0.2062E-01
                   0.000      0.1459E-03  0.6500    
    9.5-     7 2  0.4938      0.7495E-04  0.1027E-02  0.6939E-03  0.4680E-12  0.1809E-11  0.1790E-03  0.6376E-04  0.3615E-01  0.3189E-01
                   0.000      0.1587E-03  0.4236    
    9.5-     9 3  0.2903E-01  0.7492E-04  0.3643E-03  0.2694E-05   0.000       0.000      0.4189E-03  0.7198E-05  0.2064E-03  0.4446E-05
                   0.000      0.3144E-05  0.2795E-01
    9.5-     9 4  0.3724E-01   0.000      0.3462E-03  0.3337E-05  0.1652E-04  0.6741E-06  0.8385E-03  0.7976E-04  0.7759E-03  0.3453E-04
                   0.000      0.4886E-05  0.3514E-01
    9.5-     9 5  0.4118E-01  0.4445E-04  0.3457E-03  0.6122E-05   0.000       0.000      0.1058E-04  0.1070E-05  0.2532E-02  0.2207E-03
                   0.000      0.3166E-05  0.3801E-01
    9.5-    11 6  0.1347E-02  0.4447E-04  0.4467E-05  0.2274E-07   0.000       0.000      0.5151E-05  0.1496E-05  0.3430E-05  0.7081E-06
                   0.000      0.2268E-06  0.1287E-02
    9.5-    11 7  0.1455E-02   0.000      0.5479E-05  0.2385E-07  0.1498E-06  0.9533E-09  0.1187E-04  0.2819E-05  0.1214E-04  0.2908E-05
                   0.000      0.1961E-06  0.1419E-02
    9.5-    11 8  0.1417E-02  0.2419E-04  0.7770E-05  0.2652E-07   0.000       0.000      0.6406E-06  0.1088E-06  0.3953E-04  0.8993E-05
                   0.000      0.4054E-07  0.1336E-02
    9.5-    13 9  0.1056E-03  0.2420E-04  0.2496E-06  0.9046E-09   0.000       0.000      0.1360E-05  0.2265E-06  0.5904E-06  0.1237E-06
                   0.000      0.1415E-07  0.7880E-04
   10.5+     8 1  0.2127       0.000      0.1984E-02  0.3419E-04  0.6819E-03  0.3244E-04  0.7504E-02  0.3332E-02  0.5124E-02  0.1728E-02
                   0.000      0.2990E-04  0.1922    
   10.5+     8 2  0.2207      0.6635E-04  0.1385E-02  0.1185E-03  0.1842E-12  0.3060E-12  0.1619E-04  0.2970E-04  0.1782E-01  0.8573E-02
                   0.000      0.3320E-04  0.1927    
   10.5+    10 3  0.6500E-02  0.6635E-04  0.4104E-04  0.2504E-06   0.000       0.000      0.5797E-04  0.1906E-05  0.3265E-04  0.9251E-06
                   0.000      0.6876E-06  0.6298E-02
   10.5+    10 4  0.7548E-02   0.000      0.4892E-04  0.3408E-06  0.1262E-05  0.1956E-07  0.1118E-03  0.2668E-05  0.1199E-03  0.2880E-05
                   0.000      0.1073E-05  0.7260E-02
   10.5+    10 5  0.7676E-02  0.3537E-04  0.5910E-04  0.4859E-06   0.000       0.000      0.4107E-05  0.5978E-07  0.3710E-03  0.8063E-05
                   0.000      0.6988E-06  0.7198E-02
   10.5+    12 6  0.3799E-03  0.3539E-04  0.8570E-06  0.4513E-08   0.000       0.000      0.1010E-05  0.8524E-06  0.6065E-06  0.6639E-06
                   0.000      0.5169E-07  0.3405E-03
   10.5+    12 7  0.3762E-03   0.000      0.7350E-06  0.2096E-08  0.2611E-07  0.5543E-09  0.2078E-05  0.1741E-05  0.2062E-05  0.1866E-05
                   0.000      0.4555E-07  0.3676E-03
   10.5+    12 8  0.3701E-03  0.2026E-04  0.1169E-05  0.1211E-08   0.000       0.000      0.6365E-07  0.1412E-06  0.6553E-05  0.5473E-05
                   0.000      0.9395E-08  0.3364E-03
   10.5+    14 9  0.4597E-04  0.2027E-04  0.1224E-06  0.8214E-10   0.000       0.000      0.1369E-05  0.9605E-07  0.6592E-06  0.2858E-06
                   0.000      0.5119E-08  0.2316E-04
   10.5-     7 1  0.5424      0.8240E-04  0.1130E-02  0.7636E-03  0.1185E-15  0.5520E-16  0.1970E-03  0.7014E-04  0.3977E-01  0.3507E-01
                   0.000      0.2233E-03  0.4651    
   10.5-     9 2  0.3194E-01  0.8241E-04  0.4007E-03  0.2963E-05   0.000       0.000      0.4608E-03  0.7918E-05  0.2270E-03  0.4890E-05
                   0.000      0.1934E-05  0.3075E-01
   10.5-     9 3  0.4096E-01   0.000      0.3809E-03  0.3671E-05  0.1817E-04  0.7415E-06  0.9223E-03  0.8773E-04  0.8535E-03  0.3798E-04
                   0.000      0.5554E-05  0.3865E-01
   10.5-     9 4  0.4529E-01  0.4890E-04  0.3803E-03  0.6735E-05   0.000       0.000      0.1164E-04  0.1177E-05  0.2785E-02  0.2428E-03
                   0.000      0.4914E-05  0.4181E-01
   10.5-    11 5  0.1481E-02  0.4892E-04  0.4914E-05  0.2501E-07   0.000       0.000      0.5666E-05  0.1645E-05  0.3773E-05  0.7789E-06
                   0.000      0.2001E-06  0.1415E-02
   10.5-    11 6  0.1601E-02   0.000      0.6027E-05  0.2624E-07  0.1648E-06  0.1049E-08  0.1305E-04  0.3101E-05  0.1336E-04  0.3199E-05
                   0.000      0.2209E-06  0.1561E-02
   10.5-    11 7  0.1559E-02  0.2660E-04  0.8547E-05  0.2917E-07   0.000       0.000      0.7047E-06  0.1197E-06  0.4348E-04  0.9893E-05
                   0.000      0.9358E-07  0.1469E-02
   10.5-    13 8  0.1161E-03  0.2662E-04  0.2745E-06  0.9951E-09   0.000       0.000      0.1496E-05  0.2491E-06  0.6494E-06  0.1361E-06
                   0.000      0.1366E-07  0.8668E-04
   10.5-    13 9  0.9983E-04   0.000      0.1364E-06  0.2840E-09  0.1357E-07  0.1163E-09  0.3284E-05  0.4634E-06  0.3133E-05  0.5224E-06
                   0.000      0.1032E-07  0.9227E-04
   11.5+     8 1  0.2404      0.7238E-04  0.1512E-02  0.1293E-03  0.1279E-16  0.5784E-17  0.1766E-04  0.3240E-04  0.1944E-01  0.9353E-02
                   0.000      0.4600E-04  0.2098    
   11.5+    10 2  0.7090E-02  0.7238E-04  0.4477E-04  0.2732E-06   0.000       0.000      0.6324E-04  0.2079E-05  0.3561E-04  0.1009E-05
                   0.000      0.4311E-06  0.6871E-02
   11.5+    10 3  0.8235E-02   0.000      0.5337E-04  0.3718E-06  0.1377E-05  0.2134E-07  0.1220E-03  0.2910E-05  0.1308E-03  0.3142E-05
                   0.000      0.1205E-05  0.7920E-02
   11.5+    10 4  0.8374E-02  0.3859E-04  0.6448E-04  0.5301E-06   0.000       0.000      0.4481E-05  0.6522E-07  0.4047E-03  0.8796E-05
                   0.000      0.1069E-05  0.7852E-02
   11.5+    12 5  0.4145E-03  0.3861E-04  0.9349E-06  0.4923E-08   0.000       0.000      0.1102E-05  0.9299E-06  0.6616E-06  0.7243E-06
                   0.000      0.4548E-07  0.3715E-03
   11.5+    12 6  0.4104E-03   0.000      0.8018E-06  0.2286E-08  0.2848E-07  0.6046E-09  0.2266E-05  0.1899E-05  0.2249E-05  0.2035E-05
                   0.000      0.5078E-07  0.4010E-03
   11.5+    12 7  0.4038E-03  0.2210E-04  0.1276E-05  0.1321E-08   0.000       0.000      0.6943E-07  0.1541E-06  0.7148E-05  0.5970E-05
                   0.000      0.2139E-07  0.3670E-03
   11.5+    14 8  0.5015E-04  0.2212E-04  0.1336E-06  0.8961E-10   0.000       0.000      0.1494E-05  0.1048E-06  0.7192E-06  0.3118E-06
                   0.000      0.4849E-08  0.2527E-04
   11.5+    14 9  0.3406E-04   0.000      0.3956E-07  0.2383E-09  0.6570E-08  0.3727E-10  0.3488E-05  0.8395E-07  0.3342E-05  0.3238E-06
                   0.000      0.3545E-08  0.2677E-04
   11.5-     9 1  0.4468E-01   0.000      0.4155E-03  0.4005E-05  0.1982E-04  0.8089E-06  0.1006E-02  0.9571E-04  0.9311E-03  0.4144E-04
                   0.000      0.6272E-05  0.4216E-01
   11.5-     9 2  0.4941E-01  0.5334E-04  0.4148E-03  0.7347E-05   0.000       0.000      0.1270E-04  0.1284E-05  0.3038E-02  0.2648E-03
                   0.000      0.7070E-05  0.4561E-01
   11.5-    11 3  0.1616E-02  0.5337E-04  0.5361E-05  0.2729E-07   0.000       0.000      0.6181E-05  0.1795E-05  0.4116E-05  0.8497E-06
                   0.000      0.1592E-06  0.1544E-02
   11.5-    11 4  0.1746E-02   0.000      0.6575E-05  0.2862E-07  0.1797E-06  0.1144E-08  0.1424E-04  0.3382E-05  0.1457E-04  0.3489E-05
                   0.000      0.2471E-06  0.1703E-02
   11.5-    11 5  0.1700E-02  0.2902E-04  0.9324E-05  0.3182E-07   0.000       0.000      0.7688E-06  0.1305E-06  0.4744E-04  0.1079E-04
                   0.000      0.1606E-06  0.1603E-02
   11.5-    13 6  0.1267E-03  0.2904E-04  0.2995E-06  0.1086E-08   0.000       0.000      0.1632E-05  0.2717E-06  0.7084E-06  0.1484E-06
                   0.000      0.1265E-07  0.9456E-04
   11.5-    13 7  0.1089E-03   0.000      0.1488E-06  0.3098E-09  0.1481E-07  0.1269E-09  0.3582E-05  0.5055E-06  0.3417E-05  0.5699E-06
                   0.000      0.1146E-07  0.1007E-03
   11.5-    13 8  0.1212E-03  0.1698E-04  0.2880E-06  0.1385E-09   0.000       0.000      0.7701E-07  0.3915E-07  0.1148E-04  0.1671E-05
                   0.000      0.2334E-08  0.9068E-04
   11.5-    15 9  0.2593E-04  0.1700E-04  0.6731E-07  0.5964E-10   0.000       0.000      0.1022E-05  0.9760E-07  0.5164E-06  0.2225E-06
                   0.000      0.1572E-08  0.7005E-05
   12.5+    10 1  0.8921E-02   0.000      0.5782E-04  0.4028E-06  0.1491E-05  0.2312E-07  0.1322E-03  0.3153E-05  0.1417E-03  0.3404E-05
                   0.000      0.1347E-05  0.8579E-02
   12.5+    10 2  0.9072E-02  0.4180E-04  0.6985E-04  0.5743E-06   0.000       0.000      0.4854E-05  0.7065E-07  0.4384E-03  0.9529E-05
                   0.000      0.1520E-05  0.8506E-02
   12.5+    12 3  0.4490E-03  0.4182E-04  0.1013E-05  0.5333E-08   0.000       0.000      0.1194E-05  0.1007E-05  0.7168E-06  0.7846E-06
                   0.000      0.3642E-07  0.4024E-03
   12.5+    12 4  0.4446E-03   0.000      0.8686E-06  0.2477E-08  0.3086E-07  0.6550E-09  0.2455E-05  0.2058E-05  0.2436E-05  0.2205E-05
                   0.000      0.5630E-07  0.4344E-03
   12.5+    12 5  0.4374E-03  0.2394E-04  0.1382E-05  0.1431E-08   0.000       0.000      0.7522E-07  0.1669E-06  0.7744E-05  0.6468E-05
                   0.000      0.3629E-07  0.3976E-03
   12.5+    14 6  0.5433E-04  0.2396E-04  0.1447E-06  0.9707E-10   0.000       0.000      0.1618E-05  0.1135E-06  0.7791E-06  0.3377E-06
                   0.000      0.4438E-08  0.2738E-04
   12.5+    14 7  0.3689E-04   0.000      0.4285E-07  0.2582E-09  0.7117E-08  0.4037E-10  0.3779E-05  0.9094E-07  0.3621E-05  0.3508E-06
                   0.000      0.3909E-08  0.2900E-04
   12.5+    14 8  0.5387E-04  0.1488E-04  0.1095E-06  0.1278E-09   0.000       0.000      0.1257E-06  0.1171E-06  0.1219E-04  0.3200E-06
                   0.000      0.1133E-08  0.2613E-04
   12.5+    16 9  0.1814E-04  0.1489E-04  0.3504E-07  0.9671E-11   0.000       0.000      0.6007E-06  0.9009E-08  0.2906E-06  0.1670E-06
                   0.000      0.5598E-09  0.2142E-05
   12.5-     9 1  0.5353E-01  0.5779E-04  0.4494E-03  0.7959E-05   0.000       0.000      0.1376E-04  0.1391E-05  0.3292E-02  0.2869E-03
                   0.000      0.9672E-05  0.4941E-01
   12.5-    11 2  0.1750E-02  0.5781E-04  0.5808E-05  0.2956E-07   0.000       0.000      0.6696E-05  0.1945E-05  0.4459E-05  0.9205E-06
                   0.000      0.1030E-06  0.1673E-02
   12.5-    11 3  0.1892E-02   0.000      0.7123E-05  0.3101E-07  0.1947E-06  0.1239E-08  0.1543E-04  0.3664E-05  0.1578E-04  0.3780E-05
                   0.000      0.2749E-06  0.1845E-02
   12.5-    11 4  0.1842E-02  0.3144E-04  0.1010E-04  0.3447E-07   0.000       0.000      0.8328E-06  0.1414E-06  0.5139E-04  0.1169E-04
                   0.000      0.2429E-06  0.1736E-02
   12.5-    13 5  0.1372E-03  0.3146E-04  0.3244E-06  0.1176E-08   0.000       0.000      0.1768E-05  0.2944E-06  0.7675E-06  0.1608E-06
                   0.000      0.1104E-07  0.1024E-03
   12.5-    13 6  0.1180E-03   0.000      0.1612E-06  0.3357E-09  0.1604E-07  0.1375E-09  0.3881E-05  0.5476E-06  0.3702E-05  0.6174E-06
                   0.000      0.1267E-07  0.1090E-03
   12.5-    13 7  0.1313E-03  0.1840E-04  0.3120E-06  0.1500E-09   0.000       0.000      0.8342E-07  0.4241E-07  0.1244E-04  0.1810E-05
                   0.000      0.5282E-08  0.9823E-04
   12.5-    15 8  0.2809E-04  0.1841E-04  0.7292E-07  0.6461E-10   0.000       0.000      0.1108E-05  0.1057E-06  0.5594E-06  0.2411E-06
                   0.000      0.1446E-08  0.7589E-05
   12.5-    15 9  0.1355E-04   0.000      0.1121E-07  0.2055E-09  0.2397E-08  0.3585E-10  0.2562E-05  0.4044E-07  0.2495E-05  0.3004E-06
                   0.000      0.9568E-09  0.8134E-05
   13.5+    10 1  0.9770E-02  0.4502E-04  0.7522E-04  0.6184E-06   0.000       0.000      0.5227E-05  0.7608E-07  0.4722E-03  0.1026E-04
                   0.000      0.2057E-05  0.9159E-02
   13.5+    12 2  0.4836E-03  0.4504E-04  0.1091E-05  0.5743E-08   0.000       0.000      0.1286E-05  0.1085E-05  0.7719E-06  0.8450E-06
                   0.000      0.2428E-07  0.4334E-03
   13.5+    12 3  0.4788E-03   0.000      0.9354E-06  0.2667E-08  0.3323E-07  0.7054E-09  0.2644E-05  0.2216E-05  0.2624E-05  0.2374E-05
                   0.000      0.6212E-07  0.4679E-03
   13.5+    12 4  0.4711E-03  0.2578E-04  0.1488E-05  0.1541E-08   0.000       0.000      0.8101E-07  0.1797E-06  0.8340E-05  0.6965E-05
                   0.000      0.5435E-07  0.4282E-03
   13.5+    14 5  0.5851E-04  0.2580E-04  0.1558E-06  0.1045E-09   0.000       0.000      0.1743E-05  0.1222E-06  0.8390E-06  0.3637E-06
                   0.000      0.3805E-08  0.2949E-04
   13.5+    14 6  0.3973E-04   0.000      0.4615E-07  0.2780E-09  0.7664E-08  0.4348E-10  0.4070E-05  0.9794E-07  0.3899E-05  0.3778E-06
                   0.000      0.4277E-08  0.3123E-04
   13.5+    14 7  0.5802E-04  0.1602E-04  0.1179E-06  0.1376E-09   0.000       0.000      0.1353E-06  0.1261E-06  0.1313E-04  0.3446E-06
                   0.000      0.2042E-08  0.2814E-04
   13.5+    16 8  0.1953E-04  0.1604E-04  0.3774E-07  0.1041E-10   0.000       0.000      0.6470E-06  0.9703E-08  0.3130E-06  0.1798E-06
                   0.000      0.3808E-09  0.2307E-05
   13.5+    16 9  0.5535E-05   0.000      0.2490E-08  0.2123E-10  0.8933E-09  0.4409E-11  0.1409E-05  0.5177E-07  0.1433E-05  0.8710E-07
                   0.000      0.2449E-09  0.2550E-05
   13.5-    11 1  0.2037E-02   0.000      0.7671E-05  0.3339E-07  0.2097E-06  0.1335E-08  0.1661E-04  0.3946E-05  0.1700E-04  0.4071E-05
                   0.000      0.3044E-06  0.1987E-02
   13.5-    11 2  0.1984E-02  0.3386E-04  0.1088E-04  0.3712E-07   0.000       0.000      0.8969E-06  0.1523E-06  0.5534E-04  0.1259E-04
                   0.000      0.3418E-06  0.1870E-02
   13.5-    13 3  0.1478E-03  0.3388E-04  0.3494E-06  0.1266E-08   0.000       0.000      0.1904E-05  0.3170E-06  0.8265E-06  0.1732E-06
                   0.000      0.8799E-08  0.1103E-03
   13.5-    13 4  0.1271E-03   0.000      0.1736E-06  0.3615E-09  0.1728E-07  0.1480E-09  0.4179E-05  0.5897E-06  0.3987E-05  0.6649E-06
                   0.000      0.1394E-07  0.1174E-03
   13.5-    13 5  0.1414E-03  0.1981E-04  0.3360E-06  0.1615E-09   0.000       0.000      0.8984E-07  0.4567E-07  0.1340E-04  0.1950E-05
                   0.000      0.8889E-08  0.1058E-03
   13.5-    15 6  0.3025E-04  0.1983E-04  0.7853E-07  0.6958E-10   0.000       0.000      0.1193E-05  0.1139E-06  0.6024E-06  0.2596E-06
                   0.000      0.1290E-08  0.8173E-05
   13.5-    15 7  0.1459E-04   0.000      0.1207E-07  0.2214E-09  0.2582E-08  0.3861E-10  0.2759E-05  0.4356E-07  0.2687E-05  0.3236E-06
                   0.000      0.1068E-08  0.8759E-05
   13.5-    15 8  0.3031E-04  0.1278E-04  0.3923E-07  0.6624E-10   0.000       0.000      0.8955E-07  0.1130E-06  0.8938E-05  0.2629E-06
                   0.000      0.1868E-08  0.8092E-05
   13.5-    17 9  0.1503E-04  0.1279E-04  0.1885E-07  0.3235E-09   0.000       0.000      0.3533E-06  0.7309E-07  0.1950E-06  0.9256E-06
                   0.000      0.1886E-09  0.6704E-06
   14.5+    12 1  0.5130E-03   0.000      0.1002E-05  0.2858E-08  0.3561E-07  0.7558E-09  0.2833E-05  0.2374E-05  0.2811E-05  0.2544E-05
                   0.000      0.6827E-07  0.5013E-03
   14.5+    12 2  0.5047E-03  0.2762E-04  0.1595E-05  0.1651E-08   0.000       0.000      0.8679E-07  0.1926E-06  0.8935E-05  0.7463E-05
                   0.000      0.7580E-07  0.4587E-03
   14.5+    14 3  0.6269E-04  0.2764E-04  0.1669E-06  0.1120E-09   0.000       0.000      0.1867E-05  0.1310E-06  0.8990E-06  0.3897E-06
                   0.000      0.2931E-08  0.3159E-04
   14.5+    14 4  0.4257E-04   0.000      0.4944E-07  0.2979E-09  0.8212E-08  0.4659E-10  0.4360E-05  0.1049E-06  0.4178E-05  0.4047E-06
                   0.000      0.4681E-08  0.3346E-04
   14.5+    14 5  0.6216E-04  0.1716E-04  0.1263E-06  0.1474E-09   0.000       0.000      0.1450E-06  0.1351E-06  0.1407E-04  0.3692E-06
                   0.000      0.3168E-08  0.3015E-04
   14.5+    16 6  0.2093E-04  0.1718E-04  0.4043E-07  0.1116E-10   0.000       0.000      0.6932E-06  0.1040E-07  0.3353E-06  0.1927E-06
                   0.000      0.3257E-09  0.2472E-05
   14.5+    16 7  0.5930E-05   0.000      0.2668E-08  0.2275E-10  0.9572E-09  0.4724E-11  0.1510E-05  0.5547E-07  0.1536E-05  0.9332E-07
                   0.000      0.3010E-09  0.2732E-05
   14.5+    16 8  0.1883E-04  0.1106E-04  0.1276E-07  0.9528E-10   0.000       0.000      0.5161E-07  0.3633E-07  0.4966E-05  0.4781E-07
                   0.000      0.3364E-07  0.2618E-05
   14.5+    18 9  0.1257E-04  0.1108E-04  0.1137E-07  0.2785E-09   0.000       0.000      0.2235E-06  0.6855E-07  0.1329E-06  0.8431E-06
                   0.000      0.8838E-08  0.2038E-06
   14.5-    11 1  0.2125E-02  0.3628E-04  0.1165E-04  0.3977E-07   0.000       0.000      0.9610E-06  0.1632E-06  0.5930E-04  0.1349E-04
                   0.000      0.4585E-06  0.2003E-02
   14.5-    13 2  0.1583E-03  0.3630E-04  0.3744E-06  0.1357E-08   0.000       0.000      0.2040E-05  0.3397E-06  0.8856E-06  0.1855E-06
                   0.000      0.5870E-08  0.1182E-03
   14.5-    13 3  0.1361E-03   0.000      0.1860E-06  0.3873E-09  0.1851E-07  0.1586E-09  0.4478E-05  0.6318E-06  0.4272E-05  0.7124E-06
                   0.000      0.1528E-07  0.1258E-03
   14.5-    13 4  0.1515E-03  0.2123E-04  0.3600E-06  0.1731E-09   0.000       0.000      0.9626E-07  0.4894E-07  0.1435E-04  0.2089E-05
                   0.000      0.1320E-07  0.1133E-03
   14.5-    15 5  0.3241E-04  0.2125E-04  0.8414E-07  0.7455E-10   0.000       0.000      0.1278E-05  0.1220E-06  0.6454E-06  0.2782E-06
                   0.000      0.1070E-08  0.8758E-05
   14.5-    15 6  0.1563E-04   0.000      0.1294E-07  0.2372E-09  0.2766E-08  0.4137E-10  0.2956E-05  0.4667E-07  0.2879E-05  0.3467E-06
                   0.000      0.1184E-08  0.9385E-05
   14.5-    15 7  0.3248E-04  0.1369E-04  0.4203E-07  0.7097E-10   0.000       0.000      0.9595E-07  0.1211E-06  0.9576E-05  0.2816E-06
                   0.000      0.8717E-09  0.8672E-05
   14.5-    17 8  0.1610E-04  0.1371E-04  0.2019E-07  0.3466E-09   0.000       0.000      0.3786E-06  0.7831E-07  0.2089E-06  0.9918E-06
                   0.000      0.1022E-10  0.7185E-06
   14.5-    17 9  0.3407E-05   0.000      0.1674E-09  0.3545E-11  0.3570E-09  0.3232E-10  0.7524E-06  0.4528E-06  0.8447E-06  0.5262E-06
                   0.000      0.1049E-09  0.8306E-06
   15.5+    12 1  0.5384E-03  0.2947E-04  0.1701E-05  0.1761E-08   0.000       0.000      0.9258E-07  0.2054E-06  0.9531E-05  0.7960E-05
                   0.000      0.1009E-06  0.4893E-03
   15.5+    14 2  0.6687E-04  0.2949E-04  0.1781E-06  0.1195E-09   0.000       0.000      0.1992E-05  0.1397E-06  0.9589E-06  0.4157E-06
                   0.000      0.1844E-08  0.3370E-04
   15.5+    14 3  0.4541E-04   0.000      0.5274E-07  0.3177E-09  0.8759E-08  0.4969E-10  0.4651E-05  0.1119E-06  0.4456E-05  0.4317E-06
                   0.000      0.5098E-08  0.3569E-04
   15.5+    14 4  0.6630E-04  0.1831E-04  0.1347E-06  0.1573E-09   0.000       0.000      0.1547E-06  0.1441E-06  0.1501E-04  0.3938E-06
                   0.000      0.4636E-08  0.3215E-04
   15.5+    16 5  0.2232E-04  0.1833E-04  0.4313E-07  0.1190E-10   0.000       0.000      0.7394E-06  0.1109E-07  0.3577E-06  0.2055E-06
                   0.000      0.2967E-09  0.2637E-05
   15.5+    16 6  0.6325E-05   0.000      0.2846E-08  0.2427E-10  0.1021E-08  0.5038E-11  0.1610E-05  0.5916E-07  0.1638E-05  0.9954E-07
                   0.000      0.3418E-09  0.2914E-05
   15.5+    16 7  0.2008E-04  0.1180E-04  0.1361E-07  0.1016E-09   0.000       0.000      0.5505E-07  0.3875E-07  0.5297E-05  0.5100E-07
                   0.000      0.7782E-08  0.2820E-05
   15.5+    18 8  0.1341E-04  0.1182E-04  0.1213E-07  0.2971E-09   0.000       0.000      0.2384E-06  0.7312E-07  0.1417E-06  0.8993E-06
                   0.000      0.8713E-09  0.2260E-06
   15.5+    18 9  0.2148E-05   0.000      0.1378E-10  0.1441E-10  0.1274E-09  0.2257E-10  0.4583E-06  0.3986E-06  0.5327E-06  0.4787E-06
                   0.000      0.1327E-09  0.2790E-06
   15.5-    13 1  0.1452E-03   0.000      0.1984E-06  0.4131E-09  0.1975E-07  0.1692E-09  0.4776E-05  0.6740E-06  0.4556E-05  0.7599E-06
                   0.000      0.1668E-07  0.1342E-03
   15.5-    13 2  0.1616E-03  0.2265E-04  0.3840E-06  0.1846E-09   0.000       0.000      0.1027E-06  0.5220E-07  0.1531E-04  0.2228E-05
                   0.000      0.1826E-07  0.1209E-03
   15.5-    15 3  0.3458E-04  0.2266E-04  0.8975E-07  0.7952E-10   0.000       0.000      0.1363E-05  0.1301E-06  0.6885E-06  0.2967E-06
                   0.000      0.7993E-09  0.9342E-05
   15.5-    15 4  0.1667E-04   0.000      0.1380E-07  0.2530E-09  0.2951E-08  0.4412E-10  0.3153E-05  0.4978E-07  0.3071E-05  0.3698E-06
                   0.000      0.1275E-08  0.1001E-04
   15.5-    15 5  0.3464E-04  0.1460E-04  0.4483E-07  0.7571E-10   0.000       0.000      0.1023E-06  0.1291E-06  0.1021E-04  0.3004E-06
                   0.000      0.9208E-09  0.9250E-05
   15.5-    17 6  0.1718E-04  0.1462E-04  0.2154E-07  0.3697E-09   0.000       0.000      0.4038E-06  0.8353E-07  0.2228E-06  0.1058E-05
                   0.000      0.3602E-09  0.7661E-06
   15.5-    17 7  0.3635E-05   0.000      0.1786E-09  0.3782E-11  0.3808E-09  0.3448E-10  0.8025E-06  0.4830E-06  0.9010E-06  0.5613E-06
                   0.000      0.3162E-09  0.8858E-06
   15.5-    17 8  0.1458E-04  0.1004E-04  0.4355E-08  0.5416E-09   0.000       0.000      0.5161E-07  0.1630E-06  0.2702E-05  0.7002E-06
                   0.000      0.5150E-06  0.4011E-06
   15.5-    19 9  0.1036E-04  0.1005E-04  0.5293E-08  0.1014E-09   0.000       0.000      0.1082E-06  0.3826E-07  0.6610E-07  0.3429E-07
                   0.000      0.2677E-10  0.5151E-07
