# 361 angles,  1 tensor ranks for 3=residual  
@subtitle   "25Al(d,n)26Si at 6.72 MeV (KGH Replication)"                                   
@legend ON
@legend x1 0.2
@legend y1 0.8
@g0 type LOGY
@yaxis ticklabel format power
@legend string   0 "Lab energy =    6.7200"
#legend string   0 "Partition=  1 Excit=  2 near/far= 1"
#  Theta       sigma       iT11        T20         T21         T22         Kyy for residual  
   0.000       5.450    
  0.5000       5.447    
   1.000       5.438    
   1.500       5.423    
   2.000       5.403    
   2.500       5.376    
   3.000       5.345    
   3.500       5.308    
   4.000       5.266    
   4.500       5.219    
   5.000       5.168    
   5.500       5.113    
   6.000       5.055    
   6.500       4.992    
   7.000       4.927    
   7.500       4.859    
   8.000       4.789    
   8.500       4.717    
   9.000       4.644    
   9.500       4.569    
   10.00       4.493    
   10.50       4.416    
   11.00       4.339    
   11.50       4.262    
   12.00       4.185    
   12.50       4.109    
   13.00       4.033    
   13.50       3.957    
   14.00       3.882    
   14.50       3.808    
   15.00       3.735    
   15.50       3.663    
   16.00       3.592    
   16.50       3.521    
   17.00       3.452    
   17.50       3.383    
   18.00       3.314    
   18.50       3.247    
   19.00       3.180    
   19.50       3.113    
   20.00       3.047    
   20.50       2.981    
   21.00       2.915    
   21.50       2.849    
   22.00       2.783    
   22.50       2.717    
   23.00       2.651    
   23.50       2.584    
   24.00       2.518    
   24.50       2.451    
   25.00       2.383    
   25.50       2.316    
   26.00       2.248    
   26.50       2.179    
   27.00       2.111    
   27.50       2.042    
   28.00       1.974    
   28.50       1.905    
   29.00       1.836    
   29.50       1.768    
   30.00       1.700    
   30.50       1.633    
   31.00       1.566    
   31.50       1.500    
   32.00       1.434    
   32.50       1.370    
   33.00       1.307    
   33.50       1.245    
   34.00       1.184    
   34.50       1.126    
   35.00       1.068    
   35.50       1.013    
   36.00      0.9589    
   36.50      0.9071    
   37.00      0.8573    
   37.50      0.8096    
   38.00      0.7641    
   38.50      0.7208    
   39.00      0.6797    
   39.50      0.6410    
   40.00      0.6045    
   40.50      0.5704    
   41.00      0.5385    
   41.50      0.5089    
   42.00      0.4816    
   42.50      0.4566    
   43.00      0.4337    
   43.50      0.4130    
   44.00      0.3943    
   44.50      0.3777    
   45.00      0.3630    
   45.50      0.3502    
   46.00      0.3392    
   46.50      0.3299    
   47.00      0.3222    
   47.50      0.3161    
   48.00      0.3114    
   48.50      0.3080    
   49.00      0.3058    
   49.50      0.3048    
   50.00      0.3049    
   50.50      0.3059    
   51.00      0.3077    
   51.50      0.3104    
   52.00      0.3137    
   52.50      0.3176    
   53.00      0.3220    
   53.50      0.3268    
   54.00      0.3319    
   54.50      0.3373    
   55.00      0.3430    
   55.50      0.3487    
   56.00      0.3545    
   56.50      0.3603    
   57.00      0.3660    
   57.50      0.3716    
   58.00      0.3771    
   58.50      0.3823    
   59.00      0.3873    
   59.50      0.3920    
   60.00      0.3963    
   60.50      0.4003    
   61.00      0.4040    
   61.50      0.4072    
   62.00      0.4100    
   62.50      0.4123    
   63.00      0.4142    
   63.50      0.4155    
   64.00      0.4165    
   64.50      0.4169    
   65.00      0.4168    
   65.50      0.4162    
   66.00      0.4151    
   66.50      0.4135    
   67.00      0.4115    
   67.50      0.4089    
   68.00      0.4059    
   68.50      0.4024    
   69.00      0.3985    
   69.50      0.3941    
   70.00      0.3892    
   70.50      0.3840    
   71.00      0.3784    
   71.50      0.3724    
   72.00      0.3661    
   72.50      0.3594    
   73.00      0.3524    
   73.50      0.3451    
   74.00      0.3375    
   74.50      0.3297    
   75.00      0.3216    
   75.50      0.3134    
   76.00      0.3050    
   76.50      0.2964    
   77.00      0.2877    
   77.50      0.2789    
   78.00      0.2700    
   78.50      0.2610    
   79.00      0.2520    
   79.50      0.2430    
   80.00      0.2341    
   80.50      0.2251    
   81.00      0.2162    
   81.50      0.2074    
   82.00      0.1987    
   82.50      0.1901    
   83.00      0.1817    
   83.50      0.1734    
   84.00      0.1654    
   84.50      0.1575    
   85.00      0.1498    
   85.50      0.1423    
   86.00      0.1351    
   86.50      0.1282    
   87.00      0.1215    
   87.50      0.1151    
   88.00      0.1090    
   88.50      0.1032    
   89.00      0.9764E-01
   89.50      0.9244E-01
   90.00      0.8755E-01
   90.50      0.8299E-01
   91.00      0.7875E-01
   91.50      0.7483E-01
   92.00      0.7125E-01
   92.50      0.6798E-01
   93.00      0.6505E-01
   93.50      0.6243E-01
   94.00      0.6014E-01
   94.50      0.5817E-01
   95.00      0.5650E-01
   95.50      0.5515E-01
   96.00      0.5409E-01
   96.50      0.5333E-01
   97.00      0.5285E-01
   97.50      0.5266E-01
   98.00      0.5273E-01
   98.50      0.5306E-01
   99.00      0.5365E-01
   99.50      0.5448E-01
   100.0      0.5554E-01
   100.5      0.5682E-01
   101.0      0.5831E-01
   101.5      0.6000E-01
   102.0      0.6188E-01
   102.5      0.6394E-01
   103.0      0.6616E-01
   103.5      0.6854E-01
   104.0      0.7106E-01
   104.5      0.7371E-01
   105.0      0.7648E-01
   105.5      0.7936E-01
   106.0      0.8234E-01
   106.5      0.8540E-01
   107.0      0.8853E-01
   107.5      0.9172E-01
   108.0      0.9496E-01
   108.5      0.9824E-01
   109.0      0.1016    
   109.5      0.1049    
   110.0      0.1082    
   110.5      0.1115    
   111.0      0.1148    
   111.5      0.1181    
   112.0      0.1213    
   112.5      0.1245    
   113.0      0.1276    
   113.5      0.1307    
   114.0      0.1337    
   114.5      0.1365    
   115.0      0.1393    
   115.5      0.1420    
   116.0      0.1445    
   116.5      0.1470    
   117.0      0.1493    
   117.5      0.1514    
   118.0      0.1534    
   118.5      0.1553    
   119.0      0.1569    
   119.5      0.1585    
   120.0      0.1598    
   120.5      0.1609    
   121.0      0.1619    
   121.5      0.1627    
   122.0      0.1632    
   122.5      0.1636    
   123.0      0.1638    
   123.5      0.1638    
   124.0      0.1635    
   124.5      0.1631    
   125.0      0.1625    
   125.5      0.1616    
   126.0      0.1606    
   126.5      0.1593    
   127.0      0.1579    
   127.5      0.1562    
   128.0      0.1544    
   128.5      0.1524    
   129.0      0.1502    
   129.5      0.1478    
   130.0      0.1452    
   130.5      0.1425    
   131.0      0.1396    
   131.5      0.1366    
   132.0      0.1334    
   132.5      0.1301    
   133.0      0.1267    
   133.5      0.1232    
   134.0      0.1196    
   134.5      0.1159    
   135.0      0.1121    
   135.5      0.1082    
   136.0      0.1043    
   136.5      0.1003    
   137.0      0.9634E-01
   137.5      0.9234E-01
   138.0      0.8832E-01
   138.5      0.8430E-01
   139.0      0.8030E-01
   139.5      0.7633E-01
   140.0      0.7239E-01
   140.5      0.6850E-01
   141.0      0.6467E-01
   141.5      0.6091E-01
   142.0      0.5722E-01
   142.5      0.5363E-01
   143.0      0.5013E-01
   143.5      0.4673E-01
   144.0      0.4344E-01
   144.5      0.4027E-01
   145.0      0.3723E-01
   145.5      0.3432E-01
   146.0      0.3154E-01
   146.5      0.2890E-01
   147.0      0.2641E-01
   147.5      0.2406E-01
   148.0      0.2185E-01
   148.5      0.1980E-01
   149.0      0.1789E-01
   149.5      0.1614E-01
   150.0      0.1453E-01
   150.5      0.1306E-01
   151.0      0.1174E-01
   151.5      0.1056E-01
   152.0      0.9516E-02
   152.5      0.8605E-02
   153.0      0.7821E-02
   153.5      0.7159E-02
   154.0      0.6613E-02
   154.5      0.6178E-02
   155.0      0.5846E-02
   155.5      0.5611E-02
   156.0      0.5465E-02
   156.5      0.5401E-02
   157.0      0.5412E-02
   157.5      0.5490E-02
   158.0      0.5628E-02
   158.5      0.5817E-02
   159.0      0.6051E-02
   159.5      0.6322E-02
   160.0      0.6622E-02
   160.5      0.6945E-02
   161.0      0.7284E-02
   161.5      0.7633E-02
   162.0      0.7985E-02
   162.5      0.8335E-02
   163.0      0.8679E-02
   163.5      0.9010E-02
   164.0      0.9326E-02
   164.5      0.9621E-02
   165.0      0.9894E-02
   165.5      0.1014E-01
   166.0      0.1036E-01
   166.5      0.1055E-01
   167.0      0.1071E-01
   167.5      0.1084E-01
   168.0      0.1093E-01
   168.5      0.1100E-01
   169.0      0.1103E-01
   169.5      0.1104E-01
   170.0      0.1102E-01
   170.5      0.1097E-01
   171.0      0.1091E-01
   171.5      0.1082E-01
   172.0      0.1071E-01
   172.5      0.1059E-01
   173.0      0.1045E-01
   173.5      0.1031E-01
   174.0      0.1016E-01
   174.5      0.1002E-01
   175.0      0.9866E-02
   175.5      0.9722E-02
   176.0      0.9583E-02
   176.5      0.9455E-02
   177.0      0.9338E-02
   177.5      0.9235E-02
   178.0      0.9148E-02
   178.5      0.9079E-02
   179.0      0.9029E-02
   179.5      0.8998E-02
   180.0      0.8988E-02
 END
