# 361 angles,  1 tensor ranks for 3=residual  
@subtitle   "25Al(d,n)26Si at 6.72 MeV (KGH Replication)"                                   
@legend ON
@legend x1 0.2
@legend y1 0.8
@g0 type LOGY
@yaxis ticklabel format power
@legend string   0 "Lab energy =    6.7200"
#legend string   0 "Partition=  1 Excit=  7 near/far= 1"
#  Theta       sigma       iT11        T20         T21         T22         Kyy for residual  
   0.000       2.757    
  0.5000       2.757    
   1.000       2.755    
   1.500       2.752    
   2.000       2.748    
   2.500       2.744    
   3.000       2.738    
   3.500       2.731    
   4.000       2.722    
   4.500       2.713    
   5.000       2.703    
   5.500       2.692    
   6.000       2.681    
   6.500       2.668    
   7.000       2.654    
   7.500       2.640    
   8.000       2.625    
   8.500       2.609    
   9.000       2.593    
   9.500       2.576    
   10.00       2.558    
   10.50       2.540    
   11.00       2.521    
   11.50       2.503    
   12.00       2.483    
   12.50       2.464    
   13.00       2.444    
   13.50       2.425    
   14.00       2.405    
   14.50       2.385    
   15.00       2.365    
   15.50       2.345    
   16.00       2.325    
   16.50       2.305    
   17.00       2.285    
   17.50       2.266    
   18.00       2.247    
   18.50       2.228    
   19.00       2.209    
   19.50       2.191    
   20.00       2.172    
   20.50       2.154    
   21.00       2.137    
   21.50       2.119    
   22.00       2.102    
   22.50       2.086    
   23.00       2.069    
   23.50       2.053    
   24.00       2.037    
   24.50       2.021    
   25.00       2.006    
   25.50       1.991    
   26.00       1.975    
   26.50       1.961    
   27.00       1.946    
   27.50       1.931    
   28.00       1.917    
   28.50       1.903    
   29.00       1.889    
   29.50       1.874    
   30.00       1.860    
   30.50       1.846    
   31.00       1.832    
   31.50       1.818    
   32.00       1.804    
   32.50       1.790    
   33.00       1.776    
   33.50       1.762    
   34.00       1.747    
   34.50       1.733    
   35.00       1.718    
   35.50       1.703    
   36.00       1.688    
   36.50       1.673    
   37.00       1.657    
   37.50       1.641    
   38.00       1.625    
   38.50       1.608    
   39.00       1.591    
   39.50       1.574    
   40.00       1.556    
   40.50       1.538    
   41.00       1.520    
   41.50       1.501    
   42.00       1.482    
   42.50       1.462    
   43.00       1.442    
   43.50       1.422    
   44.00       1.401    
   44.50       1.380    
   45.00       1.358    
   45.50       1.336    
   46.00       1.314    
   46.50       1.291    
   47.00       1.268    
   47.50       1.244    
   48.00       1.221    
   48.50       1.197    
   49.00       1.172    
   49.50       1.148    
   50.00       1.123    
   50.50       1.099    
   51.00       1.074    
   51.50       1.049    
   52.00       1.024    
   52.50      0.9990    
   53.00      0.9740    
   53.50      0.9490    
   54.00      0.9242    
   54.50      0.8994    
   55.00      0.8748    
   55.50      0.8504    
   56.00      0.8262    
   56.50      0.8022    
   57.00      0.7785    
   57.50      0.7551    
   58.00      0.7320    
   58.50      0.7092    
   59.00      0.6869    
   59.50      0.6649    
   60.00      0.6434    
   60.50      0.6223    
   61.00      0.6017    
   61.50      0.5815    
   62.00      0.5619    
   62.50      0.5428    
   63.00      0.5242    
   63.50      0.5061    
   64.00      0.4886    
   64.50      0.4717    
   65.00      0.4553    
   65.50      0.4394    
   66.00      0.4242    
   66.50      0.4095    
   67.00      0.3954    
   67.50      0.3819    
   68.00      0.3689    
   68.50      0.3565    
   69.00      0.3446    
   69.50      0.3333    
   70.00      0.3226    
   70.50      0.3124    
   71.00      0.3027    
   71.50      0.2935    
   72.00      0.2848    
   72.50      0.2766    
   73.00      0.2689    
   73.50      0.2616    
   74.00      0.2548    
   74.50      0.2484    
   75.00      0.2424    
   75.50      0.2368    
   76.00      0.2316    
   76.50      0.2267    
   77.00      0.2222    
   77.50      0.2180    
   78.00      0.2141    
   78.50      0.2105    
   79.00      0.2072    
   79.50      0.2041    
   80.00      0.2012    
   80.50      0.1986    
   81.00      0.1962    
   81.50      0.1939    
   82.00      0.1919    
   82.50      0.1899    
   83.00      0.1882    
   83.50      0.1865    
   84.00      0.1850    
   84.50      0.1835    
   85.00      0.1822    
   85.50      0.1809    
   86.00      0.1797    
   86.50      0.1785    
   87.00      0.1774    
   87.50      0.1763    
   88.00      0.1752    
   88.50      0.1741    
   89.00      0.1731    
   89.50      0.1720    
   90.00      0.1710    
   90.50      0.1699    
   91.00      0.1688    
   91.50      0.1677    
   92.00      0.1665    
   92.50      0.1654    
   93.00      0.1642    
   93.50      0.1629    
   94.00      0.1617    
   94.50      0.1603    
   95.00      0.1590    
   95.50      0.1576    
   96.00      0.1562    
   96.50      0.1547    
   97.00      0.1532    
   97.50      0.1517    
   98.00      0.1501    
   98.50      0.1486    
   99.00      0.1469    
   99.50      0.1453    
   100.0      0.1436    
   100.5      0.1420    
   101.0      0.1403    
   101.5      0.1386    
   102.0      0.1369    
   102.5      0.1352    
   103.0      0.1334    
   103.5      0.1317    
   104.0      0.1300    
   104.5      0.1283    
   105.0      0.1266    
   105.5      0.1250    
   106.0      0.1233    
   106.5      0.1217    
   107.0      0.1201    
   107.5      0.1185    
   108.0      0.1170    
   108.5      0.1154    
   109.0      0.1139    
   109.5      0.1125    
   110.0      0.1110    
   110.5      0.1096    
   111.0      0.1083    
   111.5      0.1070    
   112.0      0.1057    
   112.5      0.1044    
   113.0      0.1032    
   113.5      0.1020    
   114.0      0.1009    
   114.5      0.9976E-01
   115.0      0.9868E-01
   115.5      0.9764E-01
   116.0      0.9663E-01
   116.5      0.9565E-01
   117.0      0.9470E-01
   117.5      0.9378E-01
   118.0      0.9289E-01
   118.5      0.9203E-01
   119.0      0.9119E-01
   119.5      0.9037E-01
   120.0      0.8957E-01
   120.5      0.8880E-01
   121.0      0.8804E-01
   121.5      0.8730E-01
   122.0      0.8658E-01
   122.5      0.8587E-01
   123.0      0.8517E-01
   123.5      0.8448E-01
   124.0      0.8380E-01
   124.5      0.8312E-01
   125.0      0.8246E-01
   125.5      0.8180E-01
   126.0      0.8114E-01
   126.5      0.8049E-01
   127.0      0.7983E-01
   127.5      0.7918E-01
   128.0      0.7853E-01
   128.5      0.7788E-01
   129.0      0.7723E-01
   129.5      0.7657E-01
   130.0      0.7591E-01
   130.5      0.7525E-01
   131.0      0.7459E-01
   131.5      0.7392E-01
   132.0      0.7325E-01
   132.5      0.7258E-01
   133.0      0.7190E-01
   133.5      0.7122E-01
   134.0      0.7053E-01
   134.5      0.6984E-01
   135.0      0.6915E-01
   135.5      0.6844E-01
   136.0      0.6774E-01
   136.5      0.6703E-01
   137.0      0.6632E-01
   137.5      0.6560E-01
   138.0      0.6487E-01
   138.5      0.6414E-01
   139.0      0.6341E-01
   139.5      0.6267E-01
   140.0      0.6193E-01
   140.5      0.6117E-01
   141.0      0.6042E-01
   141.5      0.5966E-01
   142.0      0.5889E-01
   142.5      0.5812E-01
   143.0      0.5734E-01
   143.5      0.5655E-01
   144.0      0.5575E-01
   144.5      0.5495E-01
   145.0      0.5414E-01
   145.5      0.5333E-01
   146.0      0.5250E-01
   146.5      0.5167E-01
   147.0      0.5083E-01
   147.5      0.4998E-01
   148.0      0.4912E-01
   148.5      0.4826E-01
   149.0      0.4738E-01
   149.5      0.4650E-01
   150.0      0.4560E-01
   150.5      0.4470E-01
   151.0      0.4379E-01
   151.5      0.4287E-01
   152.0      0.4194E-01
   152.5      0.4100E-01
   153.0      0.4005E-01
   153.5      0.3910E-01
   154.0      0.3813E-01
   154.5      0.3716E-01
   155.0      0.3619E-01
   155.5      0.3521E-01
   156.0      0.3422E-01
   156.5      0.3323E-01
   157.0      0.3223E-01
   157.5      0.3124E-01
   158.0      0.3024E-01
   158.5      0.2923E-01
   159.0      0.2823E-01
   159.5      0.2723E-01
   160.0      0.2623E-01
   160.5      0.2524E-01
   161.0      0.2424E-01
   161.5      0.2326E-01
   162.0      0.2228E-01
   162.5      0.2131E-01
   163.0      0.2034E-01
   163.5      0.1939E-01
   164.0      0.1845E-01
   164.5      0.1752E-01
   165.0      0.1660E-01
   165.5      0.1570E-01
   166.0      0.1481E-01
   166.5      0.1395E-01
   167.0      0.1310E-01
   167.5      0.1227E-01
   168.0      0.1146E-01
   168.5      0.1068E-01
   169.0      0.9917E-02
   169.5      0.9180E-02
   170.0      0.8469E-02
   170.5      0.7786E-02
   171.0      0.7130E-02
   171.5      0.6503E-02
   172.0      0.5907E-02
   172.5      0.5341E-02
   173.0      0.4808E-02
   173.5      0.4307E-02
   174.0      0.3840E-02
   174.5      0.3407E-02
   175.0      0.3009E-02
   175.5      0.2647E-02
   176.0      0.2322E-02
   176.5      0.2033E-02
   177.0      0.1782E-02
   177.5      0.1569E-02
   178.0      0.1394E-02
   178.5      0.1258E-02
   179.0      0.1160E-02
   179.5      0.1101E-02
   180.0      0.1082E-02
 END
