# Fusion cross sections for ELAB=  32.000, ECM=  19.191
     0.5   9.008       9.215      0.2074    
     1.5   30.11       30.83      0.7201    
     2.5   54.42       55.74       1.323    
     3.5   72.96       74.67       1.714    
     4.5   91.63       93.65       2.020    
     5.5   110.4       112.8       2.374    
     6.5   129.1       131.9       2.821    
     7.5   147.4       150.7       3.283    
     8.5   164.3       168.1       3.772    
     9.5   177.2       181.6       4.457    
    10.5   181.6       186.9       5.347    
    11.5   173.7       179.9       6.213    
    12.5   152.7       159.4       6.655    
    13.5   122.6       129.0       6.366    
    14.5   89.98       95.35       5.373    
    15.5   61.10       65.10       4.001    
    16.5   39.15       41.82       2.674    
    17.5   24.11       25.77       1.661    
    18.5   14.46       15.46      0.9984    
    19.5   8.530       9.125      0.5948    
    20.5   4.976       5.331      0.3550    
 &
