# 181 angles,  3 tensor ranks for 0=projectile
@subtitle   "9Be(6Li,d)13C CDCC+CRC, adapted from 58Ni(6Li,d) 31-channel card"              
@legend ON
@legend x1 0.2
@legend y1 0.8
@g0 type LOGY
@yaxis ticklabel format power
@legend string   0 "Lab energy =   32.0000"
#legend string   0 "Partition=  1 Excit=  4 near/far= 1"
#  Theta       sigma       iT11        T20         T21         T22         Kyy for projectile
   0.000       34.81       0.000     -0.3197E-01   0.000       0.000    
   1.000       33.47      0.1718E-02 -0.3241E-01 -0.5384E-02  0.1048E-04
   2.000       29.71      0.3285E-02 -0.3382E-01 -0.1116E-01  0.3754E-04
   3.000       24.18      0.4489E-02 -0.3648E-01 -0.1782E-01  0.6439E-04
   4.000       17.81      0.4945E-02 -0.4106E-01 -0.2613E-01  0.4625E-04
   5.000       11.59      0.3786E-02 -0.4905E-01 -0.3746E-01 -0.1418E-03
   6.000       6.360     -0.1449E-02 -0.6445E-01 -0.5472E-01 -0.9091E-03
   7.000       2.663     -0.2040E-01 -0.1012     -0.8520E-01 -0.4060E-02
   8.000      0.6517     -0.1201     -0.2403     -0.1449     -0.2363E-01
   9.000      0.1269     -0.5954     -0.5950      0.2102     -0.1423    
   10.00      0.6396     -0.7791E-01 -0.4044E-01  0.1862     -0.2753E-01
   11.00       1.638     -0.7386E-02 -0.2104E-02  0.1059     -0.8349E-02
   12.00       2.615      0.9023E-02 -0.5377E-03  0.7232E-01 -0.2607E-02
   13.00       3.218      0.1400E-01 -0.3677E-02  0.5368E-01  0.4780E-03
   14.00       3.298      0.1393E-01 -0.8220E-02  0.4115E-01  0.2868E-02
   15.00       2.898      0.9533E-02 -0.1414E-01  0.3136E-01  0.5190E-02
   16.00       2.190     -0.8803E-03 -0.2245E-01  0.2259E-01  0.7728E-02
   17.00       1.397     -0.2245E-01 -0.3556E-01  0.1374E-01  0.1050E-01
   18.00      0.7129     -0.7023E-01 -0.5971E-01  0.4584E-02  0.1238E-01
   19.00      0.2586     -0.2003     -0.1144      0.3297E-02  0.2994E-02
   20.00      0.6195E-01 -0.5885     -0.2178      0.1326     -0.1241    
   21.00      0.7509E-01 -0.1286      0.3545E-01  0.2707     -0.1974    
   22.00      0.2077      0.9456E-01  0.7791E-01  0.1559     -0.9332E-01
   23.00      0.3647      0.1163      0.6919E-01  0.1121     -0.5714E-01
   24.00      0.4751      0.1108      0.6131E-01  0.9278E-01 -0.4090E-01
   25.00      0.5054      0.9668E-01  0.5594E-01  0.8306E-01 -0.3160E-01
   26.00      0.4581      0.7474E-01  0.5226E-01  0.7820E-01 -0.2525E-01
   27.00      0.3596      0.4154E-01  0.4963E-01  0.7642E-01 -0.2026E-01
   28.00      0.2443     -0.9561E-02  0.4772E-01  0.7705E-01 -0.1592E-01
   29.00      0.1415     -0.8923E-01  0.4666E-01  0.7991E-01 -0.1214E-01
   30.00      0.6853E-01 -0.2064      0.4762E-01  0.8434E-01 -0.1009E-01
   31.00      0.2958E-01 -0.2839      0.5316E-01  0.8324E-01 -0.1436E-01
   32.00      0.1953E-01  0.4316E-01  0.5124E-01  0.5699E-01 -0.2052E-01
   33.00      0.2880E-01  0.3192      0.2910E-01  0.4222E-01 -0.5005E-02
   34.00      0.4759E-01  0.2798      0.1003E-01  0.4559E-01  0.1370E-01
   35.00      0.6819E-01  0.1752     -0.5737E-02  0.5024E-01  0.3030E-01
   36.00      0.8541E-01  0.7076E-01 -0.2028E-01  0.5346E-01  0.4628E-01
   37.00      0.9612E-01 -0.1954E-01 -0.3380E-01  0.5544E-01  0.6248E-01
   38.00      0.9868E-01 -0.8991E-01 -0.4611E-01  0.5673E-01  0.7947E-01
   39.00      0.9274E-01 -0.1368     -0.5746E-01  0.5799E-01  0.9812E-01
   40.00      0.7941E-01 -0.1572     -0.6908E-01  0.5996E-01  0.1198    
   41.00      0.6132E-01 -0.1460     -0.8398E-01  0.6346E-01  0.1465    
   42.00      0.4221E-01 -0.9149E-01 -0.1093      0.6949E-01  0.1793    
   43.00      0.2611E-01  0.2584E-01 -0.1612      0.7839E-01  0.2114    
   44.00      0.1616E-01  0.1843     -0.2590      0.8423E-01  0.1978    
   45.00      0.1370E-01  0.1688     -0.3374      0.7000E-01  0.7413E-01
   46.00      0.1798E-01 -0.5568E-01 -0.3009      0.4843E-01 -0.3523E-01
   47.00      0.2664E-01 -0.2184     -0.2372      0.4057E-01 -0.5520E-01
   48.00      0.3663E-01 -0.2904     -0.1932      0.4188E-01 -0.3781E-01
   49.00      0.4528E-01 -0.3115     -0.1652      0.4751E-01 -0.1009E-01
   50.00      0.5098E-01 -0.3013     -0.1458      0.5572E-01  0.2089E-01
   51.00      0.5340E-01 -0.2665     -0.1311      0.6576E-01  0.5280E-01
   52.00      0.5306E-01 -0.2094     -0.1193      0.7692E-01  0.8327E-01
   53.00      0.5080E-01 -0.1336     -0.1108      0.8823E-01  0.1090    
   54.00      0.4728E-01 -0.4587E-01 -0.1071      0.9872E-01  0.1264    
   55.00      0.4282E-01  0.4521E-01 -0.1104      0.1078      0.1334    
   56.00      0.3758E-01  0.1323     -0.1230      0.1153      0.1300    
   57.00      0.3186E-01  0.2098     -0.1464      0.1211      0.1175    
   58.00      0.2633E-01  0.2688     -0.1792      0.1234      0.9826E-01
   59.00      0.2201E-01  0.2891     -0.2119      0.1177      0.7664E-01
   60.00      0.1998E-01  0.2437     -0.2213      0.9851E-01  0.6149E-01
   61.00      0.2090E-01  0.1419     -0.1900      0.6997E-01  0.6090E-01
   62.00      0.2471E-01  0.4010E-01 -0.1365      0.4591E-01  0.7111E-01
   63.00      0.3056E-01 -0.2545E-01 -0.8925E-01  0.3331E-01  0.8259E-01
   64.00      0.3705E-01 -0.5843E-01 -0.5828E-01  0.3005E-01  0.9088E-01
   65.00      0.4271E-01 -0.7256E-01 -0.4154E-01  0.3255E-01  0.9564E-01
   66.00      0.4649E-01 -0.7756E-01 -0.3518E-01  0.3860E-01  0.9741E-01
   67.00      0.4800E-01 -0.7866E-01 -0.3637E-01  0.4701E-01  0.9637E-01
   68.00      0.4752E-01 -0.7850E-01 -0.4315E-01  0.5692E-01  0.9233E-01
   69.00      0.4577E-01 -0.7837E-01 -0.5369E-01  0.6721E-01  0.8513E-01
   70.00      0.4351E-01 -0.7887E-01 -0.6569E-01  0.7640E-01  0.7525E-01
   71.00      0.4129E-01 -0.8021E-01 -0.7655E-01  0.8300E-01  0.6414E-01
   72.00      0.3932E-01 -0.8238E-01 -0.8410E-01  0.8608E-01  0.5402E-01
   73.00      0.3759E-01 -0.8533E-01 -0.8738E-01  0.8571E-01  0.4689E-01
   74.00      0.3602E-01 -0.8897E-01 -0.8663E-01  0.8262E-01  0.4370E-01
   75.00      0.3466E-01 -0.9308E-01 -0.8273E-01  0.7771E-01  0.4405E-01
   76.00      0.3370E-01 -0.9714E-01 -0.7668E-01  0.7174E-01  0.4632E-01
   77.00      0.3337E-01 -0.1004     -0.6945E-01  0.6537E-01  0.4822E-01
   78.00      0.3385E-01 -0.1023     -0.6201E-01  0.5935E-01  0.4775E-01
   79.00      0.3503E-01 -0.1029     -0.5528E-01  0.5445E-01  0.4423E-01
   80.00      0.3658E-01 -0.1030     -0.4994E-01  0.5124E-01  0.3833E-01
   81.00      0.3804E-01 -0.1035     -0.4626E-01  0.4994E-01  0.3138E-01
   82.00      0.3898E-01 -0.1050     -0.4423E-01  0.5053E-01  0.2454E-01
   83.00      0.3923E-01 -0.1078     -0.4362E-01  0.5276E-01  0.1863E-01
   84.00      0.3888E-01 -0.1113     -0.4400E-01  0.5623E-01  0.1423E-01
   85.00      0.3823E-01 -0.1143     -0.4465E-01  0.6028E-01  0.1178E-01
   86.00      0.3764E-01 -0.1151     -0.4467E-01  0.6407E-01  0.1163E-01
   87.00      0.3736E-01 -0.1127     -0.4318E-01  0.6681E-01  0.1384E-01
   88.00      0.3738E-01 -0.1065     -0.3974E-01  0.6809E-01  0.1816E-01
   89.00      0.3755E-01 -0.9742E-01 -0.3449E-01  0.6800E-01  0.2404E-01
   90.00      0.3761E-01 -0.8679E-01 -0.2799E-01  0.6691E-01  0.3087E-01
   91.00      0.3742E-01 -0.7602E-01 -0.2096E-01  0.6518E-01  0.3796E-01
   92.00      0.3702E-01 -0.6636E-01 -0.1416E-01  0.6296E-01  0.4446E-01
   93.00      0.3660E-01 -0.5896E-01 -0.8268E-02  0.6021E-01  0.4934E-01
   94.00      0.3642E-01 -0.5488E-01 -0.3875E-02  0.5688E-01  0.5148E-01
   95.00      0.3666E-01 -0.5492E-01 -0.1247E-02  0.5311E-01  0.5023E-01
   96.00      0.3732E-01 -0.5942E-01 -0.2290E-03  0.4928E-01  0.4577E-01
   97.00      0.3819E-01 -0.6825E-01 -0.3394E-03  0.4588E-01  0.3906E-01
   98.00      0.3900E-01 -0.8104E-01 -0.1023E-02  0.4330E-01  0.3135E-01
   99.00      0.3948E-01 -0.9733E-01 -0.1843E-02  0.4171E-01  0.2375E-01
   100.0      0.3955E-01 -0.1163     -0.2507E-02  0.4103E-01  0.1707E-01
   101.0      0.3931E-01 -0.1366     -0.2799E-02  0.4102E-01  0.1188E-01
   102.0      0.3900E-01 -0.1557     -0.2523E-02  0.4132E-01  0.8555E-02
   103.0      0.3883E-01 -0.1706     -0.1534E-02  0.4151E-01  0.7196E-02
   104.0      0.3893E-01 -0.1786      0.1585E-03  0.4130E-01  0.7507E-02
   105.0      0.3923E-01 -0.1788      0.2287E-02  0.4061E-01  0.8799E-02
   106.0      0.3952E-01 -0.1718      0.4323E-02  0.3954E-01  0.1015E-01
   107.0      0.3961E-01 -0.1595      0.5567E-02  0.3828E-01  0.1064E-01
   108.0      0.3936E-01 -0.1441      0.5281E-02  0.3697E-01  0.9465E-02
   109.0      0.3882E-01 -0.1275      0.2883E-02  0.3570E-01  0.6076E-02
   110.0      0.3818E-01 -0.1115     -0.1775E-02  0.3444E-01  0.3576E-03
   111.0      0.3766E-01 -0.9798E-01 -0.8108E-02  0.3317E-01 -0.7144E-02
   112.0      0.3743E-01 -0.8848E-01 -0.1474E-01  0.3184E-01 -0.1514E-01
   113.0      0.3748E-01 -0.8392E-01 -0.1988E-01  0.3049E-01 -0.2192E-01
   114.0      0.3768E-01 -0.8429E-01 -0.2201E-01  0.2917E-01 -0.2584E-01
   115.0      0.3783E-01 -0.8875E-01 -0.2032E-01  0.2791E-01 -0.2581E-01
   116.0      0.3777E-01 -0.9587E-01 -0.1479E-01  0.2670E-01 -0.2131E-01
   117.0      0.3749E-01 -0.1039     -0.6076E-02  0.2547E-01 -0.1245E-01
   118.0      0.3711E-01 -0.1107      0.4634E-02  0.2411E-01  0.5234E-05
   119.0      0.3684E-01 -0.1143      0.1567E-01  0.2255E-01  0.1441E-01
   120.0      0.3686E-01 -0.1133      0.2518E-01  0.2081E-01  0.2835E-01
   121.0      0.3723E-01 -0.1077      0.3165E-01  0.1898E-01  0.3927E-01
   122.0      0.3783E-01 -0.9902E-01  0.3429E-01  0.1723E-01  0.4531E-01
   123.0      0.3847E-01 -0.8958E-01  0.3312E-01  0.1572E-01  0.4574E-01
   124.0      0.3892E-01 -0.8172E-01  0.2857E-01  0.1451E-01  0.4083E-01
   125.0      0.3908E-01 -0.7724E-01  0.2118E-01  0.1365E-01  0.3139E-01
   126.0      0.3898E-01 -0.7715E-01  0.1164E-01  0.1310E-01  0.1863E-01
   127.0      0.3879E-01 -0.8155E-01  0.9189E-03  0.1282E-01  0.4135E-02
   128.0      0.3870E-01 -0.8945E-01 -0.9531E-02  0.1271E-01 -0.1007E-01
   129.0      0.3882E-01 -0.9901E-01 -0.1802E-01  0.1267E-01 -0.2190E-01
   130.0      0.3912E-01 -0.1081     -0.2313E-01  0.1255E-01 -0.2973E-01
   131.0      0.3946E-01 -0.1148     -0.2430E-01  0.1225E-01 -0.3293E-01
   132.0      0.3965E-01 -0.1180     -0.2190E-01  0.1167E-01 -0.3175E-01
   133.0      0.3956E-01 -0.1170     -0.1706E-01  0.1076E-01 -0.2708E-01
   134.0      0.3921E-01 -0.1114     -0.1132E-01  0.9519E-02 -0.2007E-01
   135.0      0.3876E-01 -0.1010     -0.6362E-02  0.8017E-02 -0.1212E-01
   136.0      0.3843E-01 -0.8629E-01 -0.3561E-02  0.6423E-02 -0.4693E-02
   137.0      0.3840E-01 -0.6852E-01 -0.3560E-02  0.4969E-02  0.8389E-03
   138.0      0.3872E-01 -0.4992E-01 -0.5965E-02  0.3874E-02  0.3640E-02
   139.0      0.3927E-01 -0.3292E-01 -0.9563E-02  0.3246E-02  0.3665E-02
   140.0      0.3982E-01 -0.1944E-01 -0.1293E-01  0.3059E-02  0.1571E-02
   141.0      0.4016E-01 -0.1065E-01 -0.1497E-01  0.3193E-02 -0.1621E-02
   142.0      0.4017E-01 -0.7024E-02 -0.1514E-01  0.3495E-02 -0.4827E-02
   143.0      0.3991E-01 -0.8510E-02 -0.1341E-01  0.3829E-02 -0.7069E-02
   144.0      0.3957E-01 -0.1451E-01 -0.1010E-01  0.4093E-02 -0.7590E-02
   145.0      0.3936E-01 -0.2373E-01 -0.5755E-02  0.4224E-02 -0.6025E-02
   146.0      0.3940E-01 -0.3432E-01 -0.9363E-03  0.4185E-02 -0.2564E-02
   147.0      0.3969E-01 -0.4430E-01  0.3872E-02  0.3948E-02  0.2057E-02
   148.0      0.4007E-01 -0.5216E-01  0.8285E-02  0.3469E-02  0.6793E-02
   149.0      0.4034E-01 -0.5717E-01  0.1185E-01  0.2685E-02  0.1058E-01
   150.0      0.4039E-01 -0.5918E-01  0.1388E-01  0.1539E-02  0.1249E-01
   151.0      0.4020E-01 -0.5833E-01  0.1336E-01  0.2097E-04  0.1183E-01
   152.0      0.3993E-01 -0.5481E-01  0.9219E-02 -0.1768E-02  0.8169E-02
   153.0      0.3979E-01 -0.4896E-01  0.8817E-03 -0.3583E-02  0.1580E-02
   154.0      0.3994E-01 -0.4132E-01 -0.1106E-01 -0.5083E-02 -0.7222E-02
   155.0      0.4040E-01 -0.3269E-01 -0.2469E-01 -0.5959E-02 -0.1697E-01
   156.0      0.4100E-01 -0.2398E-01 -0.3729E-01 -0.6084E-02 -0.2624E-01
   157.0      0.4151E-01 -0.1599E-01 -0.4629E-01 -0.5555E-02 -0.3387E-01
   158.0      0.4168E-01 -0.9275E-02 -0.4989E-01 -0.4642E-02 -0.3906E-01
   159.0      0.4144E-01 -0.4218E-02 -0.4721E-01 -0.3702E-02 -0.4125E-01
   160.0      0.4089E-01 -0.1076E-02 -0.3836E-01 -0.3109E-02 -0.3998E-01
   161.0      0.4025E-01  0.3855E-04 -0.2466E-01 -0.3166E-02 -0.3499E-01
   162.0      0.3982E-01 -0.7296E-03 -0.8651E-02 -0.4013E-02 -0.2646E-01
   163.0      0.3973E-01 -0.2905E-02  0.6431E-02 -0.5536E-02 -0.1525E-01
   164.0      0.3997E-01 -0.5803E-02  0.1779E-01 -0.7395E-02 -0.2739E-02
   165.0      0.4032E-01 -0.8802E-02  0.2406E-01 -0.9165E-02  0.9675E-02
   166.0      0.4054E-01 -0.1157E-01  0.2537E-01 -0.1049E-01  0.2097E-01
   167.0      0.4045E-01 -0.1404E-01  0.2268E-01 -0.1114E-01  0.3052E-01
   168.0      0.4008E-01 -0.1629E-01  0.1705E-01 -0.1101E-01  0.3786E-01
   169.0      0.3965E-01 -0.1833E-01  0.9299E-02 -0.1011E-01  0.4246E-01
   170.0      0.3949E-01 -0.1995E-01  0.1321E-04 -0.8591E-02  0.4381E-01
   171.0      0.3985E-01 -0.2080E-01 -0.1031E-01 -0.6739E-02  0.4180E-01
   172.0      0.4077E-01 -0.2055E-01 -0.2121E-01 -0.4921E-02  0.3700E-01
   173.0      0.4202E-01 -0.1914E-01 -0.3233E-01 -0.3421E-02  0.3056E-01
   174.0      0.4319E-01 -0.1679E-01 -0.4353E-01 -0.2348E-02  0.2368E-01
   175.0      0.4386E-01 -0.1386E-01 -0.5485E-01 -0.1660E-02  0.1718E-01
   176.0      0.4378E-01 -0.1072E-01 -0.6628E-01 -0.1236E-02  0.1149E-01
   177.0      0.4300E-01 -0.7641E-02 -0.7746E-01 -0.9409E-03  0.6763E-02
   178.0      0.4188E-01 -0.4816E-02 -0.8743E-01 -0.6679E-03  0.3139E-02
   179.0      0.4092E-01 -0.2301E-02 -0.9457E-01 -0.3551E-03  0.8103E-03
   180.0      0.4055E-01   0.000     -0.9719E-01   0.000       0.000    
 END
