# 181 angles,  3 tensor ranks for 0=projectile
@subtitle   "9Be(6Li,d)13C CDCC+CRC, adapted from 58Ni(6Li,d) 31-channel card"              
@legend ON
@legend x1 0.2
@legend y1 0.8
@g0 type LOGY
@yaxis ticklabel format power
@legend string   0 "Lab energy =   32.0000"
#legend string   0 "Partition=  1 Excit=  2 near/far= 1"
#  Theta       sigma       iT11        T20         T21         T22         Kyy for projectile
   0.000       35.90       0.000     -0.2266       0.000       0.000    
   1.000       35.14     -0.4720E-01 -0.2259     -0.9313E-02  0.4617E-02
   2.000       33.07     -0.9154E-01 -0.2223     -0.2014E-01  0.1854E-01
   3.000       30.27     -0.1278     -0.2108     -0.3389E-01  0.4137E-01
   4.000       27.54     -0.1463     -0.1834     -0.5121E-01  0.7025E-01
   5.000       25.75     -0.1354     -0.1321     -0.7062E-01  0.9717E-01
   6.000       25.61     -0.9079E-01 -0.5873E-01 -0.8748E-01  0.1098    
   7.000       27.49     -0.2668E-01  0.1975E-01 -0.9667E-01  0.1007    
   8.000       31.37      0.3292E-01  0.8328E-01 -0.9708E-01  0.7451E-01
   9.000       36.79      0.7340E-01  0.1240     -0.9172E-01  0.4220E-01
   10.00       42.94      0.9372E-01  0.1455     -0.8413E-01  0.1187E-01
   11.00       48.84      0.9889E-01  0.1544     -0.7646E-01 -0.1340E-01
   12.00       53.46      0.9412E-01  0.1562     -0.6955E-01 -0.3344E-01
   13.00       55.99      0.8304E-01  0.1541     -0.6355E-01 -0.4910E-01
   14.00       55.91      0.6776E-01  0.1499     -0.5835E-01 -0.6138E-01
   15.00       53.10      0.4927E-01  0.1445     -0.5372E-01 -0.7110E-01
   16.00       47.86      0.2778E-01  0.1382     -0.4946E-01 -0.7892E-01
   17.00       40.80      0.2799E-02  0.1307     -0.4538E-01 -0.8529E-01
   18.00       32.76     -0.2692E-01  0.1215     -0.4136E-01 -0.9050E-01
   19.00       24.65     -0.6372E-01  0.1092     -0.3745E-01 -0.9462E-01
   20.00       17.27     -0.1116      0.9133E-01 -0.3415E-01 -0.9732E-01
   21.00       11.27     -0.1761      0.6357E-01 -0.3333E-01 -0.9737E-01
   22.00       7.020     -0.2591      0.2032E-01 -0.4035E-01 -0.9153E-01
   23.00       4.595     -0.3312     -0.3276E-01 -0.6493E-01 -0.7506E-01
   24.00       3.827     -0.3099     -0.5280E-01 -0.1029     -0.5357E-01
   25.00       4.350     -0.2035     -0.1701E-01 -0.1230     -0.4569E-01
   26.00       5.690     -0.1170      0.2835E-01 -0.1204     -0.5038E-01
   27.00       7.352     -0.7376E-01  0.5891E-01 -0.1104     -0.5756E-01
   28.00       8.898     -0.5686E-01  0.7663E-01 -0.1001     -0.6354E-01
   29.00       10.00     -0.5304E-01  0.8655E-01 -0.9090E-01 -0.6793E-01
   30.00       10.47     -0.5572E-01  0.9186E-01 -0.8272E-01 -0.7101E-01
   31.00       10.27     -0.6193E-01  0.9427E-01 -0.7510E-01 -0.7310E-01
   32.00       9.468     -0.7046E-01  0.9463E-01 -0.6758E-01 -0.7444E-01
   33.00       8.217     -0.8117E-01  0.9322E-01 -0.5974E-01 -0.7517E-01
   34.00       6.717     -0.9473E-01  0.8986E-01 -0.5110E-01 -0.7540E-01
   35.00       5.168     -0.1127      0.8376E-01 -0.4112E-01 -0.7521E-01
   36.00       3.742     -0.1382      0.7315E-01 -0.2929E-01 -0.7465E-01
   37.00       2.558     -0.1759      0.5454E-01 -0.1546E-01 -0.7382E-01
   38.00       1.682     -0.2311      0.2223E-01 -0.1443E-02 -0.7286E-01
   39.00       1.125     -0.2995     -0.2760E-01  0.5249E-02 -0.7200E-01
   40.00      0.8562     -0.3451     -0.7992E-01 -0.9044E-02 -0.7132E-01
   41.00      0.8146     -0.3218     -0.9795E-01 -0.4346E-01 -0.7019E-01
   42.00      0.9274     -0.2526     -0.7696E-01 -0.7464E-01 -0.6805E-01
   43.00       1.121     -0.1868     -0.4422E-01 -0.9132E-01 -0.6515E-01
   44.00       1.333     -0.1401     -0.1526E-01 -0.9742E-01 -0.6186E-01
   45.00       1.513     -0.1094      0.7448E-02 -0.9801E-01 -0.5837E-01
   46.00       1.632     -0.8984E-01  0.2519E-01 -0.9585E-01 -0.5477E-01
   47.00       1.674     -0.7807E-01  0.3949E-01 -0.9217E-01 -0.5114E-01
   48.00       1.639     -0.7216E-01  0.5142E-01 -0.8742E-01 -0.4752E-01
   49.00       1.537     -0.7115E-01  0.6164E-01 -0.8168E-01 -0.4396E-01
   50.00       1.385     -0.7465E-01  0.7047E-01 -0.7484E-01 -0.4050E-01
   51.00       1.202     -0.8271E-01  0.7795E-01 -0.6664E-01 -0.3712E-01
   52.00       1.008     -0.9572E-01  0.8384E-01 -0.5678E-01 -0.3378E-01
   53.00      0.8188     -0.1144      0.8745E-01 -0.4496E-01 -0.3031E-01
   54.00      0.6491     -0.1397      0.8744E-01 -0.3114E-01 -0.2644E-01
   55.00      0.5075     -0.1722      0.8151E-01 -0.1595E-01 -0.2177E-01
   56.00      0.3987     -0.2104      0.6654E-01 -0.1590E-02 -0.1593E-01
   57.00      0.3239     -0.2485      0.4022E-01  0.7571E-02 -0.8963E-02
   58.00      0.2809     -0.2750      0.4739E-02  0.6273E-02 -0.1917E-02
   59.00      0.2656     -0.2788     -0.3122E-01 -0.7201E-02  0.3379E-02
   60.00      0.2724     -0.2591     -0.5763E-01 -0.2828E-01  0.5747E-02
   61.00      0.2954     -0.2252     -0.7055E-01 -0.5001E-01  0.5578E-02
   62.00      0.3283     -0.1871     -0.7221E-01 -0.6809E-01  0.4107E-02
   63.00      0.3655     -0.1508     -0.6665E-01 -0.8156E-01  0.2431E-02
   64.00      0.4021     -0.1186     -0.5706E-01 -0.9110E-01  0.1196E-02
   65.00      0.4342     -0.9076E-01 -0.4536E-01 -0.9773E-01  0.6994E-03
   66.00      0.4592     -0.6726E-01 -0.3262E-01 -0.1023      0.1036E-02
   67.00      0.4752     -0.4783E-01 -0.1947E-01 -0.1052      0.2205E-02
   68.00      0.4818     -0.3226E-01 -0.6357E-02 -0.1070      0.4169E-02
   69.00      0.4792     -0.2036E-01  0.6296E-02 -0.1077      0.6888E-02
   70.00      0.4685     -0.1188E-01  0.1797E-01 -0.1075      0.1034E-01
   71.00      0.4513     -0.6508E-02  0.2802E-01 -0.1065      0.1451E-01
   72.00      0.4298     -0.3763E-02  0.3566E-01 -0.1048      0.1940E-01
   73.00      0.4064     -0.2999E-02  0.3997E-01 -0.1026      0.2498E-01
   74.00      0.3835     -0.3384E-02  0.4003E-01 -0.1002      0.3110E-01
   75.00      0.3634     -0.3943E-02  0.3514E-01 -0.9807E-01  0.3743E-01
   76.00      0.3483     -0.3695E-02  0.2513E-01 -0.9661E-01  0.4342E-01
   77.00      0.3397     -0.1885E-02  0.1068E-01 -0.9614E-01  0.4837E-01
   78.00      0.3384      0.1760E-02 -0.6592E-02 -0.9679E-01  0.5165E-01
   79.00      0.3445      0.6920E-02 -0.2455E-01 -0.9842E-01  0.5293E-01
   80.00      0.3575      0.1283E-01 -0.4115E-01 -0.1007      0.5234E-01
   81.00      0.3760      0.1859E-01 -0.5503E-01 -0.1033      0.5039E-01
   82.00      0.3983      0.2349E-01 -0.6558E-01 -0.1058      0.4771E-01
   83.00      0.4225      0.2708E-01 -0.7287E-01 -0.1081      0.4490E-01
   84.00      0.4467      0.2923E-01 -0.7728E-01 -0.1100      0.4238E-01
   85.00      0.4693      0.2999E-01 -0.7932E-01 -0.1115      0.4043E-01
   86.00      0.4889      0.2958E-01 -0.7956E-01 -0.1125      0.3911E-01
   87.00      0.5046      0.2828E-01 -0.7855E-01 -0.1130      0.3842E-01
   88.00      0.5160      0.2642E-01 -0.7684E-01 -0.1129      0.3822E-01
   89.00      0.5231      0.2434E-01 -0.7502E-01 -0.1123      0.3834E-01
   90.00      0.5264      0.2240E-01 -0.7361E-01 -0.1111      0.3856E-01
   91.00      0.5266      0.2091E-01 -0.7312E-01 -0.1091      0.3865E-01
   92.00      0.5247      0.2013E-01 -0.7392E-01 -0.1066      0.3842E-01
   93.00      0.5217      0.2024E-01 -0.7623E-01 -0.1034      0.3774E-01
   94.00      0.5187      0.2130E-01 -0.8006E-01 -0.9967E-01  0.3657E-01
   95.00      0.5164      0.2322E-01 -0.8520E-01 -0.9559E-01  0.3500E-01
   96.00      0.5156      0.2579E-01 -0.9123E-01 -0.9137E-01  0.3324E-01
   97.00      0.5166      0.2870E-01 -0.9766E-01 -0.8727E-01  0.3155E-01
   98.00      0.5195      0.3159E-01 -0.1039     -0.8355E-01  0.3023E-01
   99.00      0.5242      0.3416E-01 -0.1096     -0.8038E-01  0.2946E-01
   100.0      0.5305      0.3617E-01 -0.1144     -0.7787E-01  0.2935E-01
   101.0      0.5381      0.3752E-01 -0.1181     -0.7602E-01  0.2983E-01
   102.0      0.5468      0.3824E-01 -0.1208     -0.7472E-01  0.3072E-01
   103.0      0.5561      0.3846E-01 -0.1227     -0.7380E-01  0.3174E-01
   104.0      0.5658      0.3841E-01 -0.1239     -0.7307E-01  0.3259E-01
   105.0      0.5755      0.3830E-01 -0.1248     -0.7233E-01  0.3297E-01
   106.0      0.5849      0.3834E-01 -0.1258     -0.7142E-01  0.3266E-01
   107.0      0.5936      0.3868E-01 -0.1269     -0.7022E-01  0.3152E-01
   108.0      0.6015      0.3936E-01 -0.1284     -0.6869E-01  0.2953E-01
   109.0      0.6084      0.4037E-01 -0.1301     -0.6682E-01  0.2677E-01
   110.0      0.6140      0.4164E-01 -0.1320     -0.6467E-01  0.2341E-01
   111.0      0.6184      0.4303E-01 -0.1339     -0.6230E-01  0.1966E-01
   112.0      0.6217      0.4443E-01 -0.1355     -0.5982E-01  0.1578E-01
   113.0      0.6237      0.4570E-01 -0.1366     -0.5733E-01  0.1202E-01
   114.0      0.6248      0.4678E-01 -0.1371     -0.5492E-01  0.8605E-02
   115.0      0.6249      0.4762E-01 -0.1371     -0.5269E-01  0.5673E-02
   116.0      0.6242      0.4825E-01 -0.1365     -0.5071E-01  0.3300E-02
   117.0      0.6231      0.4873E-01 -0.1355     -0.4899E-01  0.1471E-02
   118.0      0.6217      0.4917E-01 -0.1341     -0.4757E-01  0.1003E-03
   119.0      0.6203      0.4969E-01 -0.1327     -0.4642E-01 -0.9528E-03
   120.0      0.6192      0.5043E-01 -0.1312     -0.4551E-01 -0.1852E-02
   121.0      0.6185      0.5147E-01 -0.1299     -0.4482E-01 -0.2757E-02
   122.0      0.6184      0.5287E-01 -0.1288     -0.4432E-01 -0.3793E-02
   123.0      0.6187      0.5459E-01 -0.1279     -0.4399E-01 -0.5039E-02
   124.0      0.6196      0.5651E-01 -0.1272     -0.4384E-01 -0.6517E-02
   125.0      0.6208      0.5844E-01 -0.1267     -0.4386E-01 -0.8200E-02
   126.0      0.6223      0.6012E-01 -0.1261     -0.4408E-01 -0.1002E-01
   127.0      0.6238      0.6127E-01 -0.1255     -0.4448E-01 -0.1189E-01
   128.0      0.6253      0.6160E-01 -0.1246     -0.4507E-01 -0.1371E-01
   129.0      0.6266      0.6087E-01 -0.1234     -0.4581E-01 -0.1539E-01
   130.0      0.6277      0.5891E-01 -0.1219     -0.4668E-01 -0.1686E-01
   131.0      0.6286      0.5564E-01 -0.1201     -0.4763E-01 -0.1808E-01
   132.0      0.6292      0.5105E-01 -0.1180     -0.4863E-01 -0.1904E-01
   133.0      0.6296      0.4526E-01 -0.1159     -0.4965E-01 -0.1976E-01
   134.0      0.6299      0.3845E-01 -0.1138     -0.5063E-01 -0.2030E-01
   135.0      0.6304      0.3090E-01 -0.1118     -0.5156E-01 -0.2072E-01
   136.0      0.6311      0.2290E-01 -0.1101     -0.5241E-01 -0.2111E-01
   137.0      0.6324      0.1479E-01 -0.1087     -0.5315E-01 -0.2153E-01
   138.0      0.6342      0.6881E-02 -0.1077     -0.5378E-01 -0.2204E-01
   139.0      0.6368     -0.5642E-03 -0.1070     -0.5431E-01 -0.2264E-01
   140.0      0.6400     -0.7364E-02 -0.1068     -0.5474E-01 -0.2335E-01
   141.0      0.6440     -0.1343E-01 -0.1068     -0.5511E-01 -0.2410E-01
   142.0      0.6485     -0.1877E-01 -0.1071     -0.5543E-01 -0.2485E-01
   143.0      0.6536     -0.2347E-01 -0.1075     -0.5574E-01 -0.2551E-01
   144.0      0.6591     -0.2767E-01 -0.1079     -0.5603E-01 -0.2598E-01
   145.0      0.6648     -0.3153E-01 -0.1083     -0.5632E-01 -0.2618E-01
   146.0      0.6708     -0.3520E-01 -0.1087     -0.5658E-01 -0.2603E-01
   147.0      0.6769     -0.3880E-01 -0.1089     -0.5679E-01 -0.2547E-01
   148.0      0.6831     -0.4239E-01 -0.1090     -0.5692E-01 -0.2448E-01
   149.0      0.6894     -0.4598E-01 -0.1090     -0.5693E-01 -0.2307E-01
   150.0      0.6959     -0.4953E-01 -0.1089     -0.5679E-01 -0.2130E-01
   151.0      0.7027     -0.5296E-01 -0.1089     -0.5648E-01 -0.1927E-01
   152.0      0.7099     -0.5615E-01 -0.1090     -0.5596E-01 -0.1711E-01
   153.0      0.7176     -0.5902E-01 -0.1094     -0.5524E-01 -0.1495E-01
   154.0      0.7261     -0.6145E-01 -0.1100     -0.5431E-01 -0.1295E-01
   155.0      0.7352     -0.6341E-01 -0.1108     -0.5316E-01 -0.1122E-01
   156.0      0.7450     -0.6488E-01 -0.1121     -0.5184E-01 -0.9844E-02
   157.0      0.7555     -0.6589E-01 -0.1136     -0.5035E-01 -0.8860E-02
   158.0      0.7665     -0.6650E-01 -0.1154     -0.4875E-01 -0.8249E-02
   159.0      0.7778     -0.6677E-01 -0.1173     -0.4704E-01 -0.7953E-02
   160.0      0.7892     -0.6678E-01 -0.1194     -0.4527E-01 -0.7881E-02
   161.0      0.8006     -0.6655E-01 -0.1214     -0.4343E-01 -0.7922E-02
   162.0      0.8118     -0.6609E-01 -0.1232     -0.4155E-01 -0.7964E-02
   163.0      0.8225     -0.6539E-01 -0.1248     -0.3962E-01 -0.7905E-02
   164.0      0.8327     -0.6437E-01 -0.1260     -0.3763E-01 -0.7664E-02
   165.0      0.8421     -0.6297E-01 -0.1270     -0.3559E-01 -0.7194E-02
   166.0      0.8508     -0.6109E-01 -0.1277     -0.3349E-01 -0.6482E-02
   167.0      0.8585     -0.5868E-01 -0.1282     -0.3132E-01 -0.5559E-02
   168.0      0.8655     -0.5569E-01 -0.1286     -0.2910E-01 -0.4484E-02
   169.0      0.8717     -0.5210E-01 -0.1290     -0.2682E-01 -0.3345E-02
   170.0      0.8773     -0.4796E-01 -0.1294     -0.2449E-01 -0.2240E-02
   171.0      0.8824     -0.4335E-01 -0.1298     -0.2210E-01 -0.1259E-02
   172.0      0.8871     -0.3838E-01 -0.1304     -0.1966E-01 -0.4738E-03
   173.0      0.8913     -0.3319E-01 -0.1312     -0.1718E-01  0.7731E-04
   174.0      0.8951     -0.2795E-01 -0.1320     -0.1467E-01  0.3908E-03
   175.0      0.8984     -0.2278E-01 -0.1330     -0.1216E-01  0.4964E-03
   176.0      0.9011     -0.1780E-01 -0.1340     -0.9671E-02  0.4486E-03
   177.0      0.9033     -0.1304E-01 -0.1348     -0.7206E-02  0.3143E-03
   178.0      0.9048     -0.8532E-02 -0.1356     -0.4777E-02  0.1605E-03
   179.0      0.9057     -0.4212E-02 -0.1360     -0.2379E-02  0.4334E-04
   180.0      0.9060       0.000     -0.1362       0.000       0.000    
 END
