# 181 angles,  3 tensor ranks for 0=projectile
@subtitle   "9Be(6Li,d)13C CDCC+CRC, adapted from 58Ni(6Li,d) 31-channel card"              
@legend ON
@legend x1 0.2
@legend y1 0.8
@g0 type LOGY
@yaxis ticklabel format power
@legend string   0 "Lab energy =   32.0000"
#legend string   0 "Partition=  1 Excit=  5 near/far= 1"
#  Theta       sigma       iT11        T20         T21         T22         Kyy for projectile
   0.000       34.85       0.000     -0.1905       0.000       0.000    
   1.000       33.64      0.4792E-01 -0.1917     -0.9240E-02 -0.1306E-02
   2.000       30.22      0.9823E-01 -0.1958     -0.1907E-01 -0.5447E-02
   3.000       25.15      0.1538     -0.2032     -0.3016E-01 -0.1317E-01
   4.000       19.22      0.2183     -0.2150     -0.4344E-01 -0.2609E-01
   5.000       13.30      0.2975     -0.2336     -0.6017E-01 -0.4748E-01
   6.000       8.157      0.3996     -0.2632     -0.8195E-01 -0.8440E-01
   7.000       4.291      0.5305     -0.3121     -0.1087     -0.1527    
   8.000       1.906      0.6394     -0.3874     -0.1210     -0.2815    
   9.000      0.8948      0.3108     -0.3990      0.8593E-03 -0.3962    
   10.00      0.9212     -0.4416     -0.1888      0.2117     -0.1563    
   11.00       1.533     -0.5042     -0.9290E-01  0.2152      0.3763E-01
   12.00       2.286     -0.3646     -0.8941E-01  0.1733      0.9560E-01
   13.00       2.840     -0.2327     -0.1066      0.1399      0.1122    
   14.00       3.016     -0.1197     -0.1300      0.1152      0.1170    
   15.00       2.794     -0.1490E-01 -0.1587      0.9537E-01  0.1179    
   16.00       2.279      0.9279E-01 -0.1959      0.7700E-01  0.1169    
   17.00       1.637      0.2139     -0.2475      0.5676E-01  0.1130    
   18.00       1.031      0.3551     -0.3230      0.3022E-01  0.1018    
   19.00      0.5779      0.4910     -0.4288     -0.7521E-02  0.6959E-01
   20.00      0.3216      0.4524     -0.5130     -0.4605E-01 -0.8312E-02
   21.00      0.2426     -0.1000E-01 -0.3959     -0.2571E-01 -0.9883E-01
   22.00      0.2781     -0.4425     -0.1667      0.4651E-01 -0.1032    
   23.00      0.3529     -0.5538     -0.4576E-01  0.9706E-01 -0.6734E-01
   24.00      0.4053     -0.5321     -0.4578E-02  0.1261     -0.3853E-01
   25.00      0.4029     -0.4799      0.4317E-02  0.1483     -0.2136E-01
   26.00      0.3443     -0.4223     -0.4082E-03  0.1727     -0.1319E-01
   27.00      0.2508     -0.3576     -0.1370E-01  0.2070     -0.1253E-01
   28.00      0.1533     -0.2638     -0.3738E-01  0.2622     -0.1973E-01
   29.00      0.7869E-01 -0.7337E-01 -0.7837E-01  0.3510     -0.3431E-01
   30.00      0.4175E-01  0.2927     -0.1202      0.4049     -0.3101E-01
   31.00      0.4281E-01  0.3736     -0.7338E-01  0.2242      0.2835E-01
   32.00      0.7089E-01  0.1459     -0.2081E-01  0.8473E-01  0.5873E-01
   33.00      0.1098      0.3801E-02 -0.6433E-02  0.4932E-01  0.6031E-01
   34.00      0.1442     -0.6654E-01 -0.7690E-02  0.4531E-01  0.5408E-01
   35.00      0.1641     -0.1037     -0.1554E-01  0.4865E-01  0.4479E-01
   36.00      0.1663     -0.1243     -0.2767E-01  0.5216E-01  0.3268E-01
   37.00      0.1534     -0.1334     -0.4366E-01  0.5234E-01  0.1695E-01
   38.00      0.1314     -0.1293     -0.6320E-01  0.4580E-01 -0.3496E-02
   39.00      0.1068     -0.1046     -0.8458E-01  0.2833E-01 -0.2920E-01
   40.00      0.8492E-01 -0.4809E-01 -0.1027     -0.3771E-02 -0.5860E-01
   41.00      0.6886E-01  0.4681E-01 -0.1083     -0.4889E-01 -0.8573E-01
   42.00      0.5939E-01  0.1650     -0.9252E-01 -0.9427E-01 -0.1009    
   43.00      0.5574E-01  0.2673     -0.5728E-01 -0.1207     -0.9816E-01
   44.00      0.5636E-01  0.3205     -0.1661E-01 -0.1190     -0.8131E-01
   45.00      0.5962E-01  0.3224      0.1592E-01 -0.9540E-01 -0.5932E-01
   46.00      0.6421E-01  0.2905      0.3491E-01 -0.6135E-01 -0.3854E-01
   47.00      0.6927E-01  0.2449      0.4090E-01 -0.2580E-01 -0.2136E-01
   48.00      0.7434E-01  0.2005      0.3657E-01  0.6149E-02 -0.8071E-02
   49.00      0.7928E-01  0.1671      0.2482E-01  0.3194E-01  0.1539E-02
   50.00      0.8401E-01  0.1500      0.8323E-02  0.5050E-01  0.7608E-02
   51.00      0.8842E-01  0.1505     -0.1062E-01  0.6173E-01  0.1019E-01
   52.00      0.9222E-01  0.1668     -0.3014E-01  0.6630E-01  0.9415E-02
   53.00      0.9494E-01  0.1952     -0.4884E-01  0.6527E-01  0.5580E-02
   54.00      0.9598E-01  0.2316     -0.6586E-01  0.5987E-01 -0.8656E-03
   55.00      0.9480E-01  0.2727     -0.8065E-01  0.5112E-01 -0.9406E-02
   56.00      0.9114E-01  0.3156     -0.9280E-01  0.3977E-01 -0.1951E-01
   57.00      0.8520E-01  0.3579     -0.1016      0.2624E-01 -0.3056E-01
   58.00      0.7771E-01  0.3964     -0.1057      0.1094E-01 -0.4163E-01
   59.00      0.6982E-01  0.4258     -0.1031     -0.5291E-02 -0.5115E-01
   60.00      0.6287E-01  0.4389     -0.9127E-01 -0.2049E-01 -0.5677E-01
   61.00      0.5802E-01  0.4287     -0.6961E-01 -0.3130E-01 -0.5607E-01
   62.00      0.5597E-01  0.3956     -0.4140E-01 -0.3432E-01 -0.4847E-01
   63.00      0.5680E-01  0.3504     -0.1385E-01 -0.2864E-01 -0.3669E-01
   64.00      0.5997E-01  0.3083      0.6355E-02 -0.1683E-01 -0.2529E-01
   65.00      0.6452E-01  0.2794      0.1669E-01 -0.2774E-02 -0.1767E-01
   66.00      0.6933E-01  0.2657      0.1822E-01  0.1062E-01 -0.1496E-01
   67.00      0.7338E-01  0.2645      0.1331E-01  0.2194E-01 -0.1667E-01
   68.00      0.7596E-01  0.2720      0.4144E-02  0.3072E-01 -0.2172E-01
   69.00      0.7674E-01  0.2845     -0.7607E-02  0.3687E-01 -0.2896E-01
   70.00      0.7571E-01  0.2995     -0.2062E-01  0.4035E-01 -0.3728E-01
   71.00      0.7312E-01  0.3152     -0.3374E-01  0.4111E-01 -0.4567E-01
   72.00      0.6936E-01  0.3303     -0.4584E-01  0.3907E-01 -0.5322E-01
   73.00      0.6490E-01  0.3441     -0.5584E-01  0.3420E-01 -0.5915E-01
   74.00      0.6023E-01  0.3563     -0.6269E-01  0.2662E-01 -0.6289E-01
   75.00      0.5580E-01  0.3662     -0.6553E-01  0.1676E-01 -0.6412E-01
   76.00      0.5203E-01  0.3735     -0.6394E-01  0.5449E-02 -0.6296E-01
   77.00      0.4920E-01  0.3779     -0.5820E-01 -0.5992E-02 -0.6006E-01
   78.00      0.4743E-01  0.3796     -0.4942E-01 -0.1603E-01 -0.5662E-01
   79.00      0.4665E-01  0.3798     -0.3937E-01 -0.2342E-01 -0.5407E-01
   80.00      0.4662E-01  0.3798     -0.2976E-01 -0.2763E-01 -0.5357E-01
   81.00      0.4702E-01  0.3807     -0.2180E-01 -0.2890E-01 -0.5564E-01
   82.00      0.4751E-01  0.3830     -0.1595E-01 -0.2792E-01 -0.6015E-01
   83.00      0.4785E-01  0.3859     -0.1216E-01 -0.2546E-01 -0.6642E-01
   84.00      0.4792E-01  0.3882     -0.1011E-01 -0.2218E-01 -0.7344E-01
   85.00      0.4775E-01  0.3886     -0.9366E-02 -0.1862E-01 -0.8005E-01
   86.00      0.4740E-01  0.3862     -0.9457E-02 -0.1523E-01 -0.8508E-01
   87.00      0.4698E-01  0.3809     -0.9936E-02 -0.1243E-01 -0.8771E-01
   88.00      0.4652E-01  0.3737     -0.1044E-01 -0.1055E-01 -0.8760E-01
   89.00      0.4602E-01  0.3663     -0.1076E-01 -0.9858E-02 -0.8502E-01
   90.00      0.4541E-01  0.3605     -0.1092E-01 -0.1052E-01 -0.8073E-01
   91.00      0.4466E-01  0.3573     -0.1114E-01 -0.1260E-01 -0.7568E-01
   92.00      0.4377E-01  0.3572     -0.1183E-01 -0.1603E-01 -0.7079E-01
   93.00      0.4280E-01  0.3596     -0.1340E-01 -0.2068E-01 -0.6684E-01
   94.00      0.4183E-01  0.3635     -0.1617E-01 -0.2630E-01 -0.6439E-01
   95.00      0.4094E-01  0.3677     -0.2021E-01 -0.3260E-01 -0.6378E-01
   96.00      0.4014E-01  0.3712     -0.2528E-01 -0.3925E-01 -0.6510E-01
   97.00      0.3942E-01  0.3735     -0.3092E-01 -0.4596E-01 -0.6824E-01
   98.00      0.3870E-01  0.3744     -0.3653E-01 -0.5254E-01 -0.7286E-01
   99.00      0.3792E-01  0.3737     -0.4154E-01 -0.5883E-01 -0.7842E-01
   100.0      0.3708E-01  0.3712     -0.4547E-01 -0.6467E-01 -0.8420E-01
   101.0      0.3620E-01  0.3664     -0.4795E-01 -0.6982E-01 -0.8930E-01
   102.0      0.3537E-01  0.3592     -0.4869E-01 -0.7396E-01 -0.9280E-01
   103.0      0.3467E-01  0.3503     -0.4759E-01 -0.7677E-01 -0.9401E-01
   104.0      0.3415E-01  0.3409     -0.4480E-01 -0.7811E-01 -0.9277E-01
   105.0      0.3381E-01  0.3332     -0.4080E-01 -0.7813E-01 -0.8953E-01
   106.0      0.3357E-01  0.3292     -0.3633E-01 -0.7722E-01 -0.8532E-01
   107.0      0.3337E-01  0.3299     -0.3231E-01 -0.7592E-01 -0.8131E-01
   108.0      0.3314E-01  0.3356     -0.2969E-01 -0.7475E-01 -0.7855E-01
   109.0      0.3285E-01  0.3451     -0.2928E-01 -0.7407E-01 -0.7765E-01
   110.0      0.3254E-01  0.3565     -0.3163E-01 -0.7411E-01 -0.7874E-01
   111.0      0.3224E-01  0.3675     -0.3680E-01 -0.7495E-01 -0.8148E-01
   112.0      0.3198E-01  0.3760     -0.4437E-01 -0.7657E-01 -0.8517E-01
   113.0      0.3176E-01  0.3806     -0.5343E-01 -0.7897E-01 -0.8898E-01
   114.0      0.3153E-01  0.3809     -0.6288E-01 -0.8211E-01 -0.9214E-01
   115.0      0.3122E-01  0.3770     -0.7167E-01 -0.8598E-01 -0.9398E-01
   116.0      0.3080E-01  0.3690     -0.7904E-01 -0.9048E-01 -0.9400E-01
   117.0      0.3025E-01  0.3573     -0.8450E-01 -0.9537E-01 -0.9178E-01
   118.0      0.2965E-01  0.3420     -0.8785E-01 -0.1003     -0.8708E-01
   119.0      0.2906E-01  0.3236     -0.8916E-01 -0.1047     -0.7994E-01
   120.0      0.2857E-01  0.3037     -0.8881E-01 -0.1081     -0.7096E-01
   121.0      0.2823E-01  0.2843     -0.8752E-01 -0.1104     -0.6130E-01
   122.0      0.2802E-01  0.2679     -0.8631E-01 -0.1116     -0.5250E-01
   123.0      0.2788E-01  0.2566     -0.8633E-01 -0.1121     -0.4611E-01
   124.0      0.2774E-01  0.2511     -0.8868E-01 -0.1124     -0.4324E-01
   125.0      0.2755E-01  0.2511     -0.9419E-01 -0.1128     -0.4441E-01
   126.0      0.2731E-01  0.2549     -0.1032     -0.1135     -0.4940E-01
   127.0      0.2705E-01  0.2606     -0.1156     -0.1143     -0.5730E-01
   128.0      0.2681E-01  0.2660     -0.1301     -0.1148     -0.6669E-01
   129.0      0.2662E-01  0.2695     -0.1454     -0.1149     -0.7586E-01
   130.0      0.2647E-01  0.2702     -0.1594     -0.1144     -0.8321E-01
   131.0      0.2631E-01  0.2681     -0.1706     -0.1136     -0.8755E-01
   132.0      0.2607E-01  0.2635     -0.1780     -0.1127     -0.8819E-01
   133.0      0.2572E-01  0.2567     -0.1811     -0.1120     -0.8486E-01
   134.0      0.2527E-01  0.2475     -0.1803     -0.1116     -0.7753E-01
   135.0      0.2477E-01  0.2361     -0.1760     -0.1114     -0.6649E-01
   136.0      0.2431E-01  0.2225     -0.1693     -0.1112     -0.5248E-01
   137.0      0.2396E-01  0.2074     -0.1617     -0.1108     -0.3688E-01
   138.0      0.2375E-01  0.1922     -0.1548     -0.1100     -0.2164E-01
   139.0      0.2368E-01  0.1782     -0.1505     -0.1089     -0.8849E-02
   140.0      0.2368E-01  0.1663     -0.1504     -0.1079     -0.2468E-03
   141.0      0.2370E-01  0.1565     -0.1556     -0.1073      0.3151E-02
   142.0      0.2369E-01  0.1481     -0.1664     -0.1072      0.1150E-02
   143.0      0.2365E-01  0.1398     -0.1828     -0.1073     -0.5672E-02
   144.0      0.2362E-01  0.1306     -0.2034     -0.1072     -0.1605E-01
   145.0      0.2364E-01  0.1199     -0.2263     -0.1065     -0.2822E-01
   146.0      0.2372E-01  0.1082     -0.2487     -0.1048     -0.4021E-01
   147.0      0.2383E-01  0.9629E-01 -0.2680     -0.1020     -0.5027E-01
   148.0      0.2392E-01  0.8531E-01 -0.2826     -0.9860E-01 -0.5720E-01
   149.0      0.2390E-01  0.7590E-01 -0.2913     -0.9496E-01 -0.6037E-01
   150.0      0.2373E-01  0.6820E-01 -0.2943     -0.9158E-01 -0.5958E-01
   151.0      0.2342E-01  0.6195E-01 -0.2919     -0.8873E-01 -0.5477E-01
   152.0      0.2303E-01  0.5677E-01 -0.2850     -0.8644E-01 -0.4613E-01
   153.0      0.2265E-01  0.5246E-01 -0.2748     -0.8451E-01 -0.3414E-01
   154.0      0.2237E-01  0.4912E-01 -0.2630     -0.8263E-01 -0.1990E-01
   155.0      0.2223E-01  0.4705E-01 -0.2517     -0.8055E-01 -0.5048E-02
   156.0      0.2222E-01  0.4640E-01 -0.2426     -0.7822E-01  0.8512E-02
   157.0      0.2228E-01  0.4689E-01 -0.2373     -0.7578E-01  0.1911E-01
   158.0      0.2236E-01  0.4770E-01 -0.2365     -0.7345E-01  0.2562E-01
   159.0      0.2242E-01  0.4767E-01 -0.2403     -0.7145E-01  0.2761E-01
   160.0      0.2248E-01  0.4566E-01 -0.2484     -0.6980E-01  0.2520E-01
   161.0      0.2259E-01  0.4101E-01 -0.2600     -0.6838E-01  0.1911E-01
   162.0      0.2280E-01  0.3385E-01 -0.2741     -0.6694E-01  0.1048E-01
   163.0      0.2313E-01  0.2514E-01 -0.2895     -0.6517E-01  0.7071E-03
   164.0      0.2354E-01  0.1620E-01 -0.3051     -0.6287E-01 -0.8929E-02
   165.0      0.2394E-01  0.8105E-02 -0.3202     -0.5995E-01 -0.1754E-01
   166.0      0.2423E-01  0.1302E-02 -0.3340     -0.5641E-01 -0.2471E-01
   167.0      0.2434E-01 -0.4403E-02 -0.3456     -0.5228E-01 -0.3027E-01
   168.0      0.2428E-01 -0.9526E-02 -0.3540     -0.4758E-01 -0.3415E-01
   169.0      0.2410E-01 -0.1449E-01 -0.3575     -0.4238E-01 -0.3615E-01
   170.0      0.2393E-01 -0.1925E-01 -0.3548     -0.3682E-01 -0.3608E-01
   171.0      0.2384E-01 -0.2323E-01 -0.3455     -0.3115E-01 -0.3385E-01
   172.0      0.2389E-01 -0.2552E-01 -0.3306     -0.2572E-01 -0.2974E-01
   173.0      0.2402E-01 -0.2543E-01 -0.3126     -0.2085E-01 -0.2438E-01
   174.0      0.2412E-01 -0.2287E-01 -0.2945     -0.1669E-01 -0.1859E-01
   175.0      0.2409E-01 -0.1841E-01 -0.2785     -0.1322E-01 -0.1309E-01
   176.0      0.2386E-01 -0.1306E-01 -0.2661     -0.1028E-01 -0.8366E-02
   177.0      0.2345E-01 -0.7968E-02 -0.2576     -0.7648E-02 -0.4659E-02
   178.0      0.2299E-01 -0.4008E-02 -0.2526     -0.5128E-02 -0.2045E-02
   179.0      0.2263E-01 -0.1500E-02 -0.2501     -0.2588E-02 -0.5064E-03
   180.0      0.2249E-01   0.000     -0.2494       0.000       0.000    
 END
