# 572  0.2100   32.0000 = NLN,RINTP,ELAB
   0.000    0.000000    0.000000
   0.210    0.000000    0.000000
   0.420    0.000000    0.000000
   0.630    0.000000    0.000000
   0.840    0.000000    0.000000
   1.050    0.000000    0.000000
   1.260    0.000000    0.000000
   1.470    0.000000    0.000000
   1.680    0.000000    0.000000
   1.890    0.000000    0.000000
   2.100    0.000000    0.000000
   2.310    0.000000    0.000000
   2.520    0.000000    0.000000
   2.730    0.000000    0.000000
   2.940    0.000000    0.000000
   3.150    0.000000    0.000000
   3.360    0.000000    0.000000
   3.570    0.000000    0.000000
   3.780    0.000000    0.000000
   3.990    0.000000    0.000000
   4.200    0.000000    0.000000
   4.410    0.000000    0.000000
   4.620    0.000000    0.000000
   4.830    0.000000    0.000000
   5.040    2.500306   -2.196097
   5.250    2.664479   -1.696410
   5.460    2.998028   -1.206887
   5.670    2.727079   -0.684353
   5.880    2.264017   -0.205419
   6.090    1.847810    0.074864
   6.300    1.391617    0.229292
   6.510    1.059318    0.243974
   6.720    0.792755    0.207964
   6.930    0.614930    0.162355
   7.140    0.501500    0.156888
   7.350    0.398565    0.127826
   7.560    0.304536    0.130726
   7.770    0.243482    0.107229
   7.980    0.172705    0.088019
   8.190    0.133655    0.062312
   8.400    0.109959    0.046844
   8.610    0.094254    0.026474
   8.820    0.083012    0.024471
   9.030    0.081821    0.018667
   9.240    0.068139    0.022893
   9.450    0.067875    0.028851
   9.660    0.049669    0.029713
   9.870    0.042085    0.039252
  10.080    0.024403    0.031861
  10.290    0.008695    0.034739
  10.500   -0.000736    0.020909
  10.710   -0.015216    0.012001
  10.920   -0.012071    0.000516
  11.130   -0.014379   -0.012837
  11.340   -0.004392   -0.013845
  11.550    0.005251   -0.019279
  11.760    0.011026   -0.011082
  11.970    0.021520   -0.003526
  12.180    0.016755    0.004104
  12.390    0.008816    0.005623
  12.600    0.007307    0.019320
  12.810   -0.000315    0.006961
  13.020   -0.014177    0.012628
  13.230   -0.007345    0.001374
  13.440   -0.023528   -0.007499
  13.650   -0.019680   -0.018207
  13.860   -0.012051   -0.015591
  14.070   -0.001580   -0.025902
  14.280    0.001989   -0.015904
  14.490    0.011942   -0.012344
  14.700    0.014109   -0.007464
  14.910    0.015509   -0.000270
  15.120   -0.001941   -0.001445
  15.330    0.000778   -0.001117
  15.540   -0.001839   -0.002147
  15.750   -0.001293   -0.001421
  15.960    0.000457   -0.001354
  16.170   -0.002503   -0.000907
  16.380    0.000084   -0.000197
  16.590   -0.001376    0.000253
  16.800    0.000118    0.000850
  17.010   -0.000627    0.000634
  17.220    0.000324    0.001274
  17.430    0.000012    0.000639
  17.640    0.000273    0.000899
  17.850    0.000217    0.000511
  18.060    0.000034    0.000467
  18.270    0.000325    0.000369
  18.480    0.000108    0.000223
  18.690   -0.000039    0.000234
  18.900    0.000186    0.000101
  19.110   -0.000000    0.000078
  19.320    0.000045    0.000019
  19.530    0.000059    0.000043
  19.740    0.000040   -0.000024
  19.950    0.000036    0.000029
  20.160    0.000049   -0.000016
  20.370   -0.000002    0.000016
  20.580    0.000042   -0.000011
  20.790   -0.000020   -0.000005
  21.000    0.000020   -0.000015
  21.210   -0.000002   -0.000020
  21.420    0.000016   -0.000017
  21.630    0.000020   -0.000015
  21.840    0.000015   -0.000007
  22.050    0.000018    0.000000
  22.260    0.000012   -0.000000
  22.470    0.000000   -0.000001
  22.680   -0.000004   -0.000001
  22.890   -0.000001   -0.000009
  23.100   -0.000002   -0.000012
  23.310    0.000004   -0.000011
  23.520    0.000009   -0.000007
  23.730    0.000008   -0.000004
  23.940    0.000006    0.000002
  24.150    0.000001    0.000003
  24.360   -0.000004    0.000002
  24.570   -0.000008   -0.000001
  24.780   -0.000005   -0.000007
  24.990   -0.000004   -0.000007
  25.200    0.000001   -0.000008
  25.410    0.000003   -0.000004
  25.620    0.000003   -0.000000
  25.830    0.000000    0.000003
  26.040   -0.000004    0.000004
  26.250   -0.000007    0.000001
  26.460   -0.000009   -0.000002
  26.670   -0.000007   -0.000004
  26.880   -0.000003   -0.000006
  27.090   -0.000001   -0.000004
  27.300    0.000001   -0.000001
  27.510    0.000000    0.000002
  27.720   -0.000003    0.000003
  27.930   -0.000006    0.000004
  28.140   -0.000007    0.000001
  28.350   -0.000008   -0.000002
  28.560   -0.000005   -0.000003
  28.770   -0.000003   -0.000004
  28.980   -0.000001   -0.000002
  29.190   -0.000000    0.000001
  29.400   -0.000002    0.000003
  29.610   -0.000004    0.000004
  29.820   -0.000006    0.000003
  30.030   -0.000007    0.000001
  30.240   -0.000007   -0.000001
  30.450   -0.000004   -0.000002
  30.660   -0.000002   -0.000002
  30.870   -0.000001   -0.000000
  31.080   -0.000001    0.000002
  31.290   -0.000002    0.000004
  31.500   -0.000005    0.000004
  31.710   -0.000006    0.000003
  31.920   -0.000006    0.000001
  32.130   -0.000005   -0.000001
  32.340   -0.000003   -0.000001
  32.550   -0.000001   -0.000000
  32.760   -0.000001    0.000001
  32.970   -0.000001    0.000003
  33.180   -0.000003    0.000004
  33.390   -0.000004    0.000004
  33.600   -0.000005    0.000002
  33.810   -0.000005    0.000001
  34.020   -0.000004   -0.000000
  34.230   -0.000002   -0.000000
  34.440   -0.000001    0.000001
  34.650   -0.000001    0.000002
  34.860   -0.000002    0.000004
  35.070   -0.000003    0.000004
  35.280   -0.000004    0.000003
  35.490   -0.000004    0.000002
  35.700   -0.000004    0.000001
  35.910   -0.000002    0.000000
  36.120   -0.000001    0.000001
  36.330   -0.000000    0.000002
  36.540   -0.000001    0.000003
  36.750   -0.000001    0.000004
  36.960   -0.000003    0.000004
  37.170   -0.000003    0.000003
  37.380   -0.000003    0.000001
  37.590   -0.000002    0.000001
  37.800   -0.000001    0.000001
  38.010   -0.000000    0.000001
  38.220    0.000000    0.000002
  38.430   -0.000000    0.000003
  38.640   -0.000001    0.000004
  38.850   -0.000002    0.000003
  39.060   -0.000003    0.000002
  39.270   -0.000002    0.000001
  39.480   -0.000001    0.000001
  39.690   -0.000000    0.000001
  39.900    0.000001    0.000002
  40.110    0.000000    0.000003
  40.320   -0.000000    0.000003
  40.530   -0.000001    0.000003
  40.740   -0.000002    0.000003
  40.950   -0.000002    0.000002
  41.160   -0.000001    0.000001
  41.370   -0.000000    0.000001
  41.580    0.000001    0.000001
  41.790    0.000001    0.000002
  42.000    0.000001    0.000003
  42.210   -0.000000    0.000003
  42.420   -0.000001    0.000003
  42.630   -0.000001    0.000002
  42.840   -0.000001    0.000001
  43.050   -0.000000    0.000001
  43.260    0.000001    0.000001
  43.470    0.000001    0.000002
  43.680    0.000001    0.000002
  43.890    0.000001    0.000003
  44.100   -0.000000    0.000003
  44.310   -0.000001    0.000002
  44.520   -0.000001    0.000001
  44.730   -0.000000    0.000001
  44.940    0.000000    0.000001
  45.150    0.000001    0.000001
  45.360    0.000001    0.000002
  45.570    0.000001    0.000002
  45.780    0.000001    0.000002
  45.990    0.000000    0.000002
  46.200   -0.000000    0.000002
  46.410   -0.000000    0.000001
  46.620    0.000000    0.000001
  46.830    0.000001    0.000001
  47.040    0.000001    0.000001
  47.250    0.000001    0.000002
  47.460    0.000001    0.000002
  47.670    0.000001    0.000002
  47.880    0.000000    0.000002
  48.090    0.000000    0.000001
  48.300    0.000000    0.000001
  48.510    0.000001    0.000000
  48.720    0.000001    0.000001
  48.930    0.000002    0.000001
  49.140    0.000001    0.000001
  49.350    0.000001    0.000002
  49.560    0.000001    0.000001
  49.770    0.000000    0.000001
  49.980    0.000000    0.000001
  50.190    0.000001    0.000000
  50.400    0.000001    0.000000
  50.610    0.000002    0.000000
  50.820    0.000002    0.000001
  51.030    0.000001    0.000001
  51.240    0.000001    0.000001
  51.450    0.000000    0.000001
  51.660    0.000000    0.000001
  51.870    0.000001    0.000000
  52.080    0.000001   -0.000000
  52.290    0.000001    0.000000
  52.500    0.000002    0.000000
  52.710    0.000001    0.000001
  52.920    0.000001    0.000001
  53.130    0.000001    0.000001
  53.340    0.000000    0.000000
  53.550    0.000000    0.000000
  53.760    0.000001   -0.000000
  53.970    0.000001   -0.000000
  54.180    0.000001   -0.000000
  54.390    0.000001    0.000000
  54.600    0.000001    0.000001
  54.810    0.000001    0.000001
  55.020    0.000001    0.000000
  55.230    0.000000    0.000000
  55.440    0.000001   -0.000000
  55.650    0.000001   -0.000000
  55.860    0.000001   -0.000000
  56.070    0.000001   -0.000000
  56.280    0.000001    0.000000
  56.490    0.000001    0.000000
  56.700    0.000001    0.000000
  56.910    0.000000    0.000000
  57.120    0.000000   -0.000000
  57.330    0.000001   -0.000001
  57.540    0.000001   -0.000001
  57.750    0.000001   -0.000000
  57.960    0.000001   -0.000000
  58.170    0.000001    0.000000
  58.380    0.000001    0.000000
  58.590    0.000000    0.000000
  58.800    0.000000   -0.000000
  59.010    0.000000   -0.000001
  59.220    0.000001   -0.000001
  59.430    0.000001   -0.000001
  59.640    0.000001   -0.000000
  59.850    0.000001   -0.000000
  60.060    0.000001    0.000000
  60.270    0.000000    0.000000
  60.480    0.000000   -0.000000
  60.690    0.000000   -0.000000
  60.900    0.000000   -0.000001
  61.110    0.000001   -0.000001
  61.320    0.000001   -0.000001
  61.530    0.000001   -0.000000
  61.740    0.000001   -0.000000
  61.950    0.000000   -0.000000
  62.160    0.000000   -0.000000
  62.370    0.000000   -0.000000
  62.580    0.000000   -0.000001
  62.790    0.000000   -0.000001
  63.000    0.000001   -0.000001
  63.210    0.000001   -0.000001
  63.420    0.000001   -0.000000
  63.630    0.000000   -0.000000
  63.840    0.000000   -0.000000
  64.050    0.000000   -0.000000
  64.260    0.000000   -0.000001
  64.470    0.000000   -0.000001
  64.680    0.000000   -0.000001
  64.890    0.000001   -0.000001
  65.100    0.000001   -0.000000
  65.310    0.000000   -0.000000
  65.520    0.000000   -0.000000
  65.730    0.000000   -0.000000
  65.940   -0.000000   -0.000000
  66.150   -0.000000   -0.000001
  66.360    0.000000   -0.000001
  66.570    0.000000   -0.000001
  66.780    0.000000   -0.000001
  66.990    0.000000   -0.000000
  67.200    0.000000   -0.000000
  67.410    0.000000   -0.000000
  67.620   -0.000000   -0.000000
  67.830   -0.000000   -0.000001
  68.040   -0.000000   -0.000001
  68.250    0.000000   -0.000001
  68.460    0.000000   -0.000001
  68.670    0.000000   -0.000000
  68.880    0.000000   -0.000000
  69.090    0.000000   -0.000000
  69.300   -0.000000   -0.000000
  69.510   -0.000000   -0.000000
  69.720   -0.000000   -0.000001
  69.930   -0.000000   -0.000001
  70.140    0.000000   -0.000001
  70.350    0.000000   -0.000000
  70.560    0.000000   -0.000000
  70.770    0.000000   -0.000000
  70.980   -0.000000   -0.000000
  71.190   -0.000000   -0.000000
  71.400   -0.000000   -0.000000
  71.610   -0.000000   -0.000001
  71.820   -0.000000   -0.000001
  72.030    0.000000   -0.000000
  72.240    0.000000   -0.000000
  72.450    0.000000   -0.000000
  72.660   -0.000000   -0.000000
  72.870   -0.000000   -0.000000
  73.080   -0.000000   -0.000000
  73.290   -0.000000   -0.000000
  73.500   -0.000000   -0.000000
  73.710   -0.000000   -0.000000
  73.920    0.000000   -0.000000
  74.130    0.000000   -0.000000
  74.340   -0.000000   -0.000000
  74.550   -0.000000   -0.000000
  74.760   -0.000000   -0.000000
  74.970   -0.000000   -0.000000
  75.180   -0.000000   -0.000000
  75.390   -0.000000   -0.000000
  75.600   -0.000000   -0.000000
  75.810    0.000000   -0.000000
  76.020   -0.000000   -0.000000
  76.230   -0.000000   -0.000000
  76.440   -0.000000   -0.000000
  76.650   -0.000000   -0.000000
  76.860   -0.000000   -0.000000
  77.070   -0.000000   -0.000000
  77.280   -0.000000   -0.000000
  77.490   -0.000000   -0.000000
  77.700   -0.000000   -0.000000
  77.910   -0.000000    0.000000
  78.120   -0.000000    0.000000
  78.330   -0.000000   -0.000000
  78.540   -0.000000   -0.000000
  78.750   -0.000000   -0.000000
  78.960   -0.000000   -0.000000
  79.170   -0.000000   -0.000000
  79.380   -0.000000   -0.000000
  79.590   -0.000000    0.000000
  79.800   -0.000000    0.000000
  80.010   -0.000000    0.000000
  80.220   -0.000000   -0.000000
  80.430   -0.000000   -0.000000
  80.640   -0.000000   -0.000000
  80.850   -0.000000   -0.000000
  81.060   -0.000000   -0.000000
  81.270   -0.000000   -0.000000
  81.480   -0.000000    0.000000
  81.690   -0.000000    0.000000
  81.900   -0.000000    0.000000
  82.110   -0.000000   -0.000000
  82.320   -0.000000   -0.000000
  82.530   -0.000000   -0.000000
  82.740   -0.000000   -0.000000
  82.950   -0.000000   -0.000000
  83.160   -0.000000    0.000000
  83.370   -0.000000    0.000000
  83.580   -0.000000    0.000000
  83.790   -0.000000    0.000000
  84.000   -0.000000   -0.000000
  84.210   -0.000000   -0.000000
  84.420   -0.000000   -0.000000
  84.630   -0.000000   -0.000000
  84.840   -0.000000    0.000000
  85.050   -0.000000    0.000000
  85.260   -0.000000    0.000000
  85.470   -0.000000    0.000000
  85.680   -0.000000    0.000000
  85.890   -0.000000   -0.000000
  86.100   -0.000000   -0.000000
  86.310   -0.000000   -0.000000
  86.520   -0.000000    0.000000
  86.730   -0.000000    0.000000
  86.940   -0.000000    0.000000
  87.150   -0.000000    0.000000
  87.360   -0.000000    0.000000
  87.570   -0.000000   -0.000000
  87.780   -0.000000   -0.000000
  87.990   -0.000000   -0.000000
  88.200   -0.000000   -0.000000
  88.410   -0.000000    0.000000
  88.620   -0.000000    0.000000
  88.830   -0.000000    0.000000
  89.040   -0.000000    0.000000
  89.250   -0.000000    0.000000
  89.460   -0.000000   -0.000000
  89.670   -0.000000   -0.000000
  89.880   -0.000000   -0.000000
  90.090    0.000000    0.000000
  90.300   -0.000000    0.000000
  90.510   -0.000000    0.000000
  90.720   -0.000000    0.000000
  90.930   -0.000000    0.000000
  91.140   -0.000000    0.000000
  91.350   -0.000000   -0.000000
  91.560   -0.000000   -0.000000
  91.770    0.000000    0.000000
  91.980    0.000000    0.000000
  92.190   -0.000000    0.000000
  92.400   -0.000000    0.000000
  92.610   -0.000000    0.000000
  92.820   -0.000000    0.000000
  93.030   -0.000000    0.000000
  93.240   -0.000000   -0.000000
  93.450   -0.000000   -0.000000
  93.660    0.000000    0.000000
  93.870    0.000000    0.000000
  94.080   -0.000000    0.000000
  94.290   -0.000000    0.000000
  94.500   -0.000000    0.000000
  94.710   -0.000000    0.000000
  94.920   -0.000000   -0.000000
  95.130   -0.000000   -0.000000
  95.340    0.000000    0.000000
  95.550    0.000000    0.000000
  95.760    0.000000    0.000000
  95.970   -0.000000    0.000000
  96.180   -0.000000    0.000000
  96.390   -0.000000    0.000000
  96.600   -0.000000    0.000000
  96.810   -0.000000   -0.000000
  97.020    0.000000    0.000000
  97.230    0.000000    0.000000
  97.440    0.000000    0.000000
  97.650   -0.000000    0.000000
  97.860   -0.000000    0.000000
  98.070   -0.000000    0.000000
  98.280   -0.000000    0.000000
  98.490   -0.000000    0.000000
  98.700   -0.000000   -0.000000
  98.910    0.000000    0.000000
  99.120    0.000000    0.000000
  99.330    0.000000    0.000000
  99.540   -0.000000    0.000000
  99.750   -0.000000    0.000000
  99.960   -0.000000    0.000000
 100.170   -0.000000    0.000000
 100.380   -0.000000   -0.000000
 100.590    0.000000    0.000000
 100.800    0.000000    0.000000
 101.010    0.000000    0.000000
 101.220    0.000000    0.000000
 101.430   -0.000000    0.000000
 101.640   -0.000000    0.000000
 101.850   -0.000000    0.000000
 102.060   -0.000000    0.000000
 102.270    0.000000    0.000000
 102.480    0.000000    0.000000
 102.690    0.000000    0.000000
 102.900    0.000000    0.000000
 103.110   -0.000000    0.000000
 103.320   -0.000000    0.000000
 103.530   -0.000000    0.000000
 103.740   -0.000000    0.000000
 103.950   -0.000000    0.000000
 104.160    0.000000    0.000000
 104.370    0.000000    0.000000
 104.580    0.000000    0.000000
 104.790    0.000000    0.000000
 105.000   -0.000000    0.000000
 105.210   -0.000000    0.000000
 105.420   -0.000000    0.000000
 105.630   -0.000000    0.000000
 105.840    0.000000    0.000000
 106.050    0.000000    0.000000
 106.260    0.000000    0.000000
 106.470    0.000000    0.000000
 106.680    0.000000    0.000000
 106.890   -0.000000    0.000000
 107.100   -0.000000    0.000000
 107.310   -0.000000    0.000000
 107.520    0.000000    0.000000
 107.730    0.000000    0.000000
 107.940    0.000000    0.000000
 108.150    0.000000    0.000000
 108.360    0.000000    0.000000
 108.570    0.000000    0.000000
 108.780   -0.000000    0.000000
 108.990   -0.000000    0.000000
 109.200    0.000000    0.000000
 109.410    0.000000   -0.000000
 109.620    0.000000    0.000000
 109.830    0.000000    0.000000
 110.040    0.000000    0.000000
 110.250    0.000000    0.000000
 110.460    0.000000    0.000000
 110.670   -0.000000    0.000000
 110.880   -0.000000    0.000000
 111.090    0.000000   -0.000000
 111.300    0.000000    0.000000
 111.510    0.000000    0.000000
 111.720    0.000000    0.000000
 111.930    0.000000    0.000000
 112.140    0.000000    0.000000
 112.350    0.000000    0.000000
 112.560   -0.000000    0.000000
 112.770    0.000000   -0.000000
 112.980    0.000000   -0.000000
 113.190    0.000000    0.000000
 113.400    0.000000    0.000000
 113.610    0.000000    0.000000
 113.820    0.000000    0.000000
 114.030    0.000000    0.000000
 114.240    0.000000    0.000000
 114.450    0.000000    0.000000
 114.660    0.000000   -0.000000
 114.870    0.000000   -0.000000
 115.080    0.000000    0.000000
 115.290    0.000000    0.000000
 115.500    0.000000    0.000000
 115.710    0.000000    0.000000
 115.920    0.000000    0.000000
 116.130    0.000000    0.000000
 116.340    0.000000   -0.000000
 116.550    0.000000   -0.000000
 116.760    0.000000   -0.000000
 116.970    0.000000    0.000000
 117.180    0.000000    0.000000
 117.390    0.000000    0.000000
 117.600    0.000000    0.000000
 117.810    0.000000    0.000000
 118.020    0.000000   -0.000000
 118.230    0.000000   -0.000000
 118.440    0.000000   -0.000000
 118.650    0.000000   -0.000000
 118.860    0.000000    0.000000
 119.070    0.000000    0.000000
 119.280    0.000000    0.000000
 119.490    0.000000    0.000000
 119.700    0.000000   -0.000000
 119.910    0.000000   -0.000000
 END
