# 181 angles,  3 tensor ranks for 0=projectile
@subtitle   "9Be(6Li,d)13C CDCC+CRC, adapted from 58Ni(6Li,d) 31-channel card"              
@legend ON
@legend x1 0.2
@legend y1 0.8
@g0 type LOGY
@yaxis ticklabel format power
@legend string   0 "Lab energy =   32.0000"
#legend string   0 "Partition=  1 Excit=  7 near/far= 1"
#  Theta       sigma       iT11        T20         T21         T22         Kyy for projectile
   0.000      0.5513E-01   0.000      -1.414       0.000       0.000    
   1.000      0.5419E-01 -0.6680E-01  -1.404      0.9739E-01 -0.4044E-02
   2.000      0.5137E-01 -0.1290      -1.377      0.1862     -0.1508E-01
   3.000      0.4678E-01 -0.1830      -1.340      0.2596     -0.3016E-01
   4.000      0.4067E-01 -0.2265      -1.303      0.3125     -0.4539E-01
   5.000      0.3350E-01 -0.2587      -1.275      0.3420     -0.5680E-01
   6.000      0.2592E-01 -0.2786      -1.265      0.3448     -0.6104E-01
   7.000      0.1865E-01 -0.2847      -1.277      0.3159     -0.5582E-01
   8.000      0.1235E-01 -0.2723      -1.314      0.2454     -0.4073E-01
   9.000      0.7428E-02 -0.2301      -1.366      0.1151     -0.1956E-01
   10.00      0.4014E-02 -0.1316      -1.394     -0.1035     -0.8170E-02
   11.00      0.1964E-02  0.8133E-01  -1.273     -0.4244     -0.5779E-01
   12.00      0.9678E-03  0.4698     -0.7269     -0.6603     -0.2805    
   13.00      0.6702E-03  0.7742      0.3716E-01 -0.2199     -0.5925    
   14.00      0.7618E-03  0.6746     -0.1515E-01  0.4673     -0.5711    
   15.00      0.1020E-02  0.5417     -0.4676      0.6691     -0.3864    
   16.00      0.1303E-02  0.5189     -0.8089      0.5852     -0.2471    
   17.00      0.1525E-02  0.5636     -0.9819      0.4111     -0.1765    
   18.00      0.1632E-02  0.6344      -1.021      0.2237     -0.1603    
   19.00      0.1597E-02  0.7078     -0.9616      0.5003E-01 -0.1848    
   20.00      0.1424E-02  0.7699     -0.8224     -0.1033     -0.2416    
   21.00      0.1147E-02  0.8070     -0.6054     -0.2373     -0.3302    
   22.00      0.8274E-03  0.7906     -0.2911     -0.3493     -0.4585    
   23.00      0.5349E-03  0.6465      0.1486     -0.4043     -0.6380    
   24.00      0.3300E-03  0.2250      0.6208     -0.2570     -0.8307    
   25.00      0.2487E-03 -0.3915      0.5240      0.2882     -0.7912    
   26.00      0.2969E-03 -0.4408     -0.3370      0.7451     -0.4397    
   27.00      0.4540E-03 -0.4409E-01 -0.9070      0.7373     -0.2070    
   28.00      0.6831E-03  0.3081      -1.059      0.5687     -0.1451    
   29.00      0.9416E-03  0.5447      -1.025      0.3906     -0.1589    
   30.00      0.1191E-02  0.6963     -0.9187      0.2284     -0.2023    
   31.00      0.1405E-02  0.7880     -0.7813      0.8389E-01 -0.2584    
   32.00      0.1568E-02  0.8352     -0.6294     -0.4105E-01 -0.3204    
   33.00      0.1678E-02  0.8489     -0.4719     -0.1415     -0.3847    
   34.00      0.1742E-02  0.8393     -0.3167     -0.2112     -0.4481    
   35.00      0.1770E-02  0.8174     -0.1730     -0.2451     -0.5067    
   36.00      0.1775E-02  0.7940     -0.5164E-01 -0.2424     -0.5563    
   37.00      0.1765E-02  0.7779      0.3677E-01 -0.2082     -0.5923    
   38.00      0.1746E-02  0.7738      0.8464E-01 -0.1522     -0.6119    
   39.00      0.1718E-02  0.7820      0.8956E-01 -0.8664E-01 -0.6139    
   40.00      0.1679E-02  0.7990      0.5467E-01 -0.2283E-01 -0.5997    
   41.00      0.1623E-02  0.8195     -0.1282E-01  0.3119E-01 -0.5721    
   42.00      0.1547E-02  0.8387     -0.1041      0.7112E-01 -0.5348    
   43.00      0.1449E-02  0.8528     -0.2109      0.9572E-01 -0.4912    
   44.00      0.1329E-02  0.8592     -0.3266      0.1056     -0.4440    
   45.00      0.1192E-02  0.8566     -0.4462      0.1024     -0.3952    
   46.00      0.1046E-02  0.8438     -0.5666      0.8785E-01 -0.3460    
   47.00      0.8977E-03  0.8201     -0.6853      0.6365E-01 -0.2976    
   48.00      0.7563E-03  0.7848     -0.8003      0.3133E-01 -0.2506    
   49.00      0.6277E-03  0.7371     -0.9101     -0.7814E-02 -0.2058    
   50.00      0.5161E-03  0.6762      -1.013     -0.5239E-01 -0.1638    
   51.00      0.4234E-03  0.6007      -1.107     -0.1004     -0.1253    
   52.00      0.3496E-03  0.5089      -1.192     -0.1479     -0.9071E-01
   53.00      0.2933E-03  0.4000      -1.265     -0.1885     -0.6090E-01
   54.00      0.2523E-03  0.2765      -1.324     -0.2124     -0.3684E-01
   55.00      0.2240E-03  0.1474      -1.366     -0.2097     -0.1952E-01
   56.00      0.2056E-03  0.2755E-01  -1.391     -0.1752     -0.9222E-02
   57.00      0.1942E-03 -0.6643E-01  -1.402     -0.1116     -0.4923E-02
   58.00      0.1875E-03 -0.1222      -1.403     -0.2954E-01 -0.4627E-02
   59.00      0.1835E-03 -0.1349      -1.399      0.5709E-01 -0.6291E-02
   60.00      0.1810E-03 -0.1069      -1.393      0.1349     -0.8671E-02
   61.00      0.1792E-03 -0.4526E-01  -1.386      0.1936     -0.1159E-01
   62.00      0.1778E-03  0.4004E-01  -1.376      0.2269     -0.1567E-01
   63.00      0.1767E-03  0.1383      -1.361      0.2324     -0.2182E-01
   64.00      0.1758E-03  0.2393      -1.339      0.2116     -0.3076E-01
   65.00      0.1751E-03  0.3346      -1.309      0.1681     -0.4280E-01
   66.00      0.1741E-03  0.4178      -1.273      0.1071     -0.5768E-01
   67.00      0.1727E-03  0.4849      -1.231      0.3422E-01 -0.7471E-01
   68.00      0.1704E-03  0.5337      -1.187     -0.4546E-01 -0.9280E-01
   69.00      0.1667E-03  0.5639      -1.143     -0.1273     -0.1106    
   70.00      0.1612E-03  0.5763      -1.103     -0.2074     -0.1269    
   71.00      0.1537E-03  0.5728      -1.070     -0.2827     -0.1406    
   72.00      0.1442E-03  0.5560      -1.044     -0.3509     -0.1512    
   73.00      0.1328E-03  0.5287      -1.026     -0.4106     -0.1584    
   74.00      0.1200E-03  0.4939      -1.016     -0.4614     -0.1626    
   75.00      0.1064E-03  0.4541      -1.011     -0.5040     -0.1644    
   76.00      0.9253E-04  0.4111      -1.010     -0.5399     -0.1647    
   77.00      0.7914E-04  0.3654      -1.011     -0.5713     -0.1645    
   78.00      0.6671E-04  0.3163      -1.010     -0.6005     -0.1647    
   79.00      0.5562E-04  0.2619      -1.006     -0.6292     -0.1662    
   80.00      0.4603E-04  0.1997     -0.9968     -0.6580     -0.1701    
   81.00      0.3796E-04  0.1274     -0.9792     -0.6866     -0.1773    
   82.00      0.3132E-04  0.4331E-01 -0.9510     -0.7131     -0.1887    
   83.00      0.2595E-04 -0.5297E-01 -0.9084     -0.7349     -0.2060    
   84.00      0.2168E-04 -0.1599     -0.8466     -0.7484     -0.2312    
   85.00      0.1837E-04 -0.2731     -0.7602     -0.7494     -0.2664    
   86.00      0.1586E-04 -0.3851     -0.6466     -0.7339     -0.3126    
   87.00      0.1402E-04 -0.4855     -0.5082     -0.6999     -0.3690    
   88.00      0.1273E-04 -0.5640     -0.3533     -0.6496     -0.4322    
   89.00      0.1187E-04 -0.6136     -0.1949     -0.5892     -0.4967    
   90.00      0.1133E-04 -0.6332     -0.4687E-01 -0.5274     -0.5571    
   91.00      0.1100E-04 -0.6285      0.7971E-01 -0.4728     -0.6088    
   92.00      0.1079E-04 -0.6089      0.1782     -0.4310     -0.6491    
   93.00      0.1062E-04 -0.5850      0.2467     -0.4042     -0.6770    
   94.00      0.1044E-04 -0.5657      0.2863     -0.3916     -0.6932    
   95.00      0.1023E-04 -0.5563      0.3001     -0.3903     -0.6988    
   96.00      0.1002E-04 -0.5586      0.2917     -0.3966     -0.6954    
   97.00      0.9840E-05 -0.5712      0.2651     -0.4064     -0.6845    
   98.00      0.9724E-05 -0.5908      0.2254     -0.4161     -0.6683    
   99.00      0.9701E-05 -0.6135      0.1790     -0.4230     -0.6493    
   100.0      0.9785E-05 -0.6365      0.1334     -0.4248     -0.6308    
   101.0      0.9980E-05 -0.6582      0.9670E-01 -0.4193     -0.6158    
   102.0      0.1028E-04 -0.6776      0.7519E-01 -0.4045     -0.6071    
   103.0      0.1066E-04 -0.6942      0.7212E-01 -0.3790     -0.6059    
   104.0      0.1112E-04 -0.7070      0.8760E-01 -0.3424     -0.6123    
   105.0      0.1163E-04 -0.7145      0.1196     -0.2957     -0.6255    
   106.0      0.1219E-04 -0.7144      0.1654     -0.2404     -0.6442    
   107.0      0.1280E-04 -0.7041      0.2215     -0.1790     -0.6672    
   108.0      0.1343E-04 -0.6814      0.2844     -0.1140     -0.6929    
   109.0      0.1404E-04 -0.6453      0.3499     -0.4803E-01 -0.7196    
   110.0      0.1458E-04 -0.5965      0.4136      0.1650E-01 -0.7457    
   111.0      0.1497E-04 -0.5372      0.4713      0.7780E-01 -0.7693    
   112.0      0.1518E-04 -0.4711      0.5194      0.1347     -0.7889    
   113.0      0.1518E-04 -0.4028      0.5556      0.1866     -0.8037    
   114.0      0.1496E-04 -0.3380      0.5789      0.2329     -0.8132    
   115.0      0.1459E-04 -0.2823      0.5905      0.2724     -0.8180    
   116.0      0.1412E-04 -0.2407      0.5941      0.3027     -0.8194    
   117.0      0.1367E-04 -0.2151      0.5952      0.3195     -0.8198    
   118.0      0.1332E-04 -0.2035      0.6000      0.3180     -0.8218    
   119.0      0.1312E-04 -0.1985      0.6129      0.2946     -0.8270    
   120.0      0.1306E-04 -0.1903      0.6343      0.2493     -0.8357    
   121.0      0.1309E-04 -0.1695      0.6606      0.1862     -0.8464    
   122.0      0.1313E-04 -0.1300      0.6854      0.1117     -0.8565    
   123.0      0.1312E-04 -0.6940E-01  0.7020      0.3358E-01 -0.8633    
   124.0      0.1302E-04  0.1174E-01  0.7049     -0.3992E-01 -0.8644    
   125.0      0.1283E-04  0.1099      0.6903     -0.1001     -0.8584    
   126.0      0.1256E-04  0.2186      0.6574     -0.1390     -0.8449    
   127.0      0.1221E-04  0.3293      0.6087     -0.1507     -0.8249    
   128.0      0.1179E-04  0.4319      0.5499     -0.1332     -0.8008    
   129.0      0.1127E-04  0.5171      0.4890     -0.8870E-01 -0.7758    
   130.0      0.1067E-04  0.5773      0.4351     -0.2312E-01 -0.7537    
   131.0      0.9975E-05  0.6080      0.3970      0.5455E-01 -0.7379    
   132.0      0.9219E-05  0.6080      0.3819      0.1325     -0.7316    
   133.0      0.8437E-05  0.5800      0.3941      0.1961     -0.7363    
   134.0      0.7669E-05  0.5316      0.4326      0.2291     -0.7518    
   135.0      0.6954E-05  0.4755      0.4891      0.2160     -0.7745    
   136.0      0.6321E-05  0.4289      0.5455      0.1477     -0.7972    
   137.0      0.5789E-05  0.4099      0.5749      0.2680E-01 -0.8087    
   138.0      0.5372E-05  0.4319      0.5464     -0.1284     -0.7967    
   139.0      0.5089E-05  0.4968      0.4354     -0.2843     -0.7509    
   140.0      0.4969E-05  0.5910      0.2382     -0.3988     -0.6701    
   141.0      0.5039E-05  0.6886     -0.1555E-01 -0.4365     -0.5664    
   142.0      0.5313E-05  0.7639     -0.2707     -0.3893     -0.4623    
   143.0      0.5763E-05  0.8059     -0.4760     -0.2801     -0.3788    
   144.0      0.6322E-05  0.8203     -0.6087     -0.1455     -0.3250    
   145.0      0.6888E-05  0.8192     -0.6726     -0.1514E-01 -0.2991    
   146.0      0.7351E-05  0.8130     -0.6823      0.9558E-01 -0.2953    
   147.0      0.7618E-05  0.8076     -0.6513      0.1819     -0.3080    
   148.0      0.7626E-05  0.8050     -0.5882      0.2443     -0.3336    
   149.0      0.7352E-05  0.8055     -0.4976      0.2835     -0.3703    
   150.0      0.6820E-05  0.8078     -0.3811      0.2983     -0.4173    
   151.0      0.6099E-05  0.8089     -0.2398      0.2814     -0.4742    
   152.0      0.5295E-05  0.8028     -0.7943E-01  0.2184     -0.5385    
   153.0      0.4539E-05  0.7804      0.7754E-01  0.8800E-01 -0.6012    
   154.0      0.3962E-05  0.7321      0.1745     -0.1217     -0.6394    
   155.0      0.3677E-05  0.6587      0.1260     -0.3784     -0.6189    
   156.0      0.3769E-05  0.5822     -0.1088     -0.5868     -0.5233    
   157.0      0.4284E-05  0.5332     -0.4486     -0.6570     -0.3857    
   158.0      0.5233E-05  0.5235     -0.7566     -0.5890     -0.2613    
   159.0      0.6575E-05  0.5441     -0.9583     -0.4441     -0.1802    
   160.0      0.8211E-05  0.5817      -1.051     -0.2784     -0.1432    
   161.0      0.9982E-05  0.6273      -1.060     -0.1206     -0.1402    
   162.0      0.1169E-04  0.6755      -1.007      0.1891E-01 -0.1624    
   163.0      0.1312E-04  0.7223     -0.9028      0.1376     -0.2049    
   164.0      0.1413E-04  0.7633     -0.7507      0.2337     -0.2669    
   165.0      0.1465E-04  0.7911     -0.5471      0.3019     -0.3500    
   166.0      0.1470E-04  0.7939     -0.2897      0.3294     -0.4551    
   167.0      0.1448E-04  0.7533      0.1152E-01  0.2942     -0.5783    
   168.0      0.1430E-04  0.6470      0.3156      0.1692     -0.7027    
   169.0      0.1457E-04  0.4639      0.5373     -0.5627E-01 -0.7934    
   170.0      0.1574E-04  0.2284      0.5763     -0.3439     -0.8095    
   171.0      0.1822E-04  0.2064E-02  0.3989     -0.6074     -0.7370    
   172.0      0.2225E-04 -0.1599      0.7567E-01 -0.7736     -0.6050    
   173.0      0.2787E-04 -0.2437     -0.2861     -0.8271     -0.4573    
   174.0      0.3485E-04 -0.2662     -0.6143     -0.7934     -0.3234    
   175.0      0.4272E-04 -0.2504     -0.8815     -0.7046     -0.2144    
   176.0      0.5082E-04 -0.2133      -1.085     -0.5844     -0.1312    
   177.0      0.5833E-04 -0.1653      -1.232     -0.4473     -0.7096E-01
   178.0      0.6445E-04 -0.1121      -1.331     -0.3016     -0.3061E-01
   179.0      0.6846E-04 -0.5648E-01  -1.387     -0.1516     -0.7512E-02
   180.0      0.6986E-04   0.000      -1.405       0.000       0.000    
 END
