# 181 angles,  3 tensor ranks for 0=projectile
@subtitle   "9Be(6Li,d)13C CDCC+CRC, adapted from 58Ni(6Li,d) 31-channel card"              
@legend ON
@legend x1 0.2
@legend y1 0.8
@g0 type LOGY
@yaxis ticklabel format power
@legend string   0 "Lab energy =   32.0000"
#legend string   0 "Partition=  1 Excit=  8 near/far= 1"
#  Theta       sigma       iT11        T20         T21         T22         Kyy for projectile
   0.000      0.1182       0.000      0.7071       0.000       0.000    
   1.000      0.1166     -0.4431E-01  0.7043     -0.3824E-02  0.3549E-02
   2.000      0.1119     -0.8333E-01  0.6970     -0.4328E-02  0.1365E-01
   3.000      0.1041     -0.1124      0.6884      0.1259E-02  0.2897E-01
   4.000      0.9355E-01 -0.1280      0.6819      0.1483E-01  0.4807E-01
   5.000      0.8106E-01 -0.1270      0.6798      0.3726E-01  0.7014E-01
   6.000      0.6771E-01 -0.1064      0.6813      0.6813E-01  0.9566E-01
   7.000      0.5469E-01 -0.6388E-01  0.6817      0.1050      0.1265    
   8.000      0.4305E-01  0.1104E-02  0.6710      0.1422      0.1655    
   9.000      0.3334E-01  0.8363E-01  0.6362      0.1703      0.2151    
   10.00      0.2565E-01  0.1709      0.5676      0.1778      0.2748    
   11.00      0.1963E-01  0.2445      0.4665      0.1558      0.3398    
   12.00      0.1481E-01  0.2876      0.3468      0.1023      0.4022    
   13.00      0.1083E-01  0.2904      0.2285      0.2115E-01  0.4537    
   14.00      0.7513E-02  0.2479      0.1306     -0.8225E-01  0.4857    
   15.00      0.4868E-02  0.1527      0.7366E-01 -0.2011      0.4842    
   16.00      0.2969E-02 -0.7032E-02  0.9298E-01 -0.3121      0.4209    
   17.00      0.1827E-02 -0.2122      0.2420     -0.3330      0.2654    
   18.00      0.1341E-02 -0.3214      0.4843     -0.1439      0.9200E-01
   19.00      0.1310E-02 -0.2158      0.5974      0.1355      0.9320E-01
   20.00      0.1505E-02 -0.5057E-01  0.5335      0.2754      0.2411    
   21.00      0.1733E-02  0.5413E-01  0.4153      0.2817      0.4014    
   22.00      0.1877E-02  0.9852E-01  0.3013      0.2213      0.5232    
   23.00      0.1899E-02  0.1067      0.1996      0.1257      0.5931    
   24.00      0.1813E-02  0.1004      0.1060      0.4030E-02  0.6000    
   25.00      0.1663E-02  0.1011      0.1674E-01 -0.1407      0.5309    
   26.00      0.1497E-02  0.1321     -0.6757E-01 -0.2992      0.3806    
   27.00      0.1358E-02  0.2127     -0.1390     -0.4446      0.1689    
   28.00      0.1280E-02  0.3409     -0.1828     -0.5306     -0.4480E-01
   29.00      0.1288E-02  0.4785     -0.1868     -0.5164     -0.1782    
   30.00      0.1392E-02  0.5711     -0.1569     -0.4083     -0.1854    
   31.00      0.1593E-02  0.5925     -0.1161     -0.2606     -0.9342E-01
   32.00      0.1882E-02  0.5586     -0.8689E-01 -0.1300      0.3446E-01
   33.00      0.2245E-02  0.5027     -0.7897E-01 -0.4325E-01  0.1484    
   34.00      0.2662E-02  0.4521     -0.9014E-01 -0.6459E-03  0.2264    
   35.00      0.3112E-02  0.4212     -0.1121      0.1031E-01  0.2661    
   36.00      0.3574E-02  0.4132     -0.1351      0.4258E-02  0.2739    
   37.00      0.4025E-02  0.4245     -0.1507     -0.6870E-02  0.2584    
   38.00      0.4439E-02  0.4483     -0.1534     -0.1543E-01  0.2283    
   39.00      0.4790E-02  0.4773     -0.1406     -0.1784E-01  0.1904    
   40.00      0.5055E-02  0.5051     -0.1124     -0.1353E-01  0.1499    
   41.00      0.5211E-02  0.5274     -0.7052E-01 -0.3754E-02  0.1105    
   42.00      0.5243E-02  0.5415     -0.1775E-01  0.9413E-02  0.7442E-01
   43.00      0.5146E-02  0.5465      0.4322E-01  0.2373E-01  0.4302E-01
   44.00      0.4926E-02  0.5419      0.1099      0.3710E-01  0.1713E-01
   45.00      0.4602E-02  0.5282      0.1801      0.4760E-01 -0.2724E-02
   46.00      0.4201E-02  0.5058      0.2519      0.5352E-01 -0.1601E-01
   47.00      0.3756E-02  0.4758      0.3231      0.5338E-01 -0.2202E-01
   48.00      0.3299E-02  0.4394      0.3911      0.4609E-01 -0.1981E-01
   49.00      0.2859E-02  0.3986      0.4530      0.3128E-01 -0.8321E-02
   50.00      0.2458E-02  0.3559      0.5056      0.9652E-02  0.1334E-01
   51.00      0.2106E-02  0.3143      0.5464     -0.1680E-01  0.4532E-01
   52.00      0.1808E-02  0.2769      0.5741     -0.4498E-01  0.8651E-01
   53.00      0.1562E-02  0.2464      0.5891     -0.7144E-01  0.1343    
   54.00      0.1360E-02  0.2242      0.5933     -0.9334E-01  0.1846    
   55.00      0.1197E-02  0.2108      0.5891     -0.1091      0.2329    
   56.00      0.1065E-02  0.2062      0.5785     -0.1186      0.2745    
   57.00      0.9599E-03  0.2101      0.5628     -0.1220      0.3060    
   58.00      0.8757E-03  0.2222      0.5424     -0.1196      0.3249    
   59.00      0.8088E-03  0.2416      0.5179     -0.1111      0.3307    
   60.00      0.7555E-03  0.2666      0.4901     -0.9589E-01  0.3239    
   61.00      0.7127E-03  0.2949      0.4604     -0.7366E-01  0.3064    
   62.00      0.6775E-03  0.3239      0.4298     -0.4481E-01  0.2803    
   63.00      0.6475E-03  0.3514      0.3994     -0.1052E-01  0.2483    
   64.00      0.6205E-03  0.3758      0.3698      0.2763E-01  0.2125    
   65.00      0.5952E-03  0.3962      0.3413      0.6807E-01  0.1752    
   66.00      0.5703E-03  0.4123      0.3142      0.1096      0.1382    
   67.00      0.5448E-03  0.4235      0.2888      0.1512      0.1032    
   68.00      0.5179E-03  0.4295      0.2658      0.1921      0.7123E-01
   69.00      0.4885E-03  0.4304      0.2462      0.2319      0.4261E-01
   70.00      0.4559E-03  0.4262      0.2308      0.2697      0.1701E-01
   71.00      0.4199E-03  0.4177      0.2200      0.3054     -0.6398E-02
   72.00      0.3809E-03  0.4056      0.2139      0.3386     -0.2860E-01
   73.00      0.3401E-03  0.3905      0.2120      0.3691     -0.5045E-01
   74.00      0.2991E-03  0.3729      0.2136      0.3973     -0.7247E-01
   75.00      0.2598E-03  0.3527      0.2181      0.4234     -0.9482E-01
   76.00      0.2239E-03  0.3294      0.2255      0.4479     -0.1174    
   77.00      0.1923E-03  0.3015      0.2367      0.4706     -0.1400    
   78.00      0.1656E-03  0.2676      0.2531      0.4906     -0.1622    
   79.00      0.1437E-03  0.2268      0.2766      0.5056     -0.1838    
   80.00      0.1259E-03  0.1798      0.3087      0.5124     -0.2041    
   81.00      0.1116E-03  0.1287      0.3494      0.5079     -0.2219    
   82.00      0.9978E-04  0.7646E-01  0.3973      0.4898     -0.2351    
   83.00      0.8987E-04  0.2589E-01  0.4496      0.4573     -0.2403    
   84.00      0.8140E-04 -0.2068E-01  0.5028      0.4107     -0.2335    
   85.00      0.7407E-04 -0.6154E-01  0.5530      0.3514     -0.2105    
   86.00      0.6771E-04 -0.9528E-01  0.5970      0.2818     -0.1683    
   87.00      0.6225E-04 -0.1206      0.6324      0.2053     -0.1057    
   88.00      0.5763E-04 -0.1364      0.6575      0.1261     -0.2396E-01
   89.00      0.5384E-04 -0.1417      0.6709      0.4948E-01  0.7318E-01
   90.00      0.5087E-04 -0.1363      0.6720     -0.1907E-01  0.1792    
   91.00      0.4861E-04 -0.1217      0.6617     -0.7466E-01  0.2857    
   92.00      0.4691E-04 -0.1005      0.6429     -0.1145      0.3842    
   93.00      0.4553E-04 -0.7668E-01  0.6198     -0.1386      0.4687    
   94.00      0.4420E-04 -0.5422E-01  0.5958     -0.1496      0.5364    
   95.00      0.4273E-04 -0.3625E-01  0.5729     -0.1513      0.5878    
   96.00      0.4099E-04 -0.2469E-01  0.5511     -0.1476      0.6251    
   97.00      0.3896E-04 -0.2037E-01  0.5290     -0.1419      0.6508    
   98.00      0.3671E-04 -0.2339E-01  0.5048     -0.1359      0.6671    
   99.00      0.3444E-04 -0.3348E-01  0.4759     -0.1299      0.6753    
   100.0      0.3238E-04 -0.5005E-01  0.4396     -0.1226      0.6754    
   101.0      0.3078E-04 -0.7185E-01  0.3933     -0.1123      0.6671    
   102.0      0.2983E-04 -0.9659E-01  0.3363     -0.9772E-01  0.6505    
   103.0      0.2960E-04 -0.1212      0.2708     -0.7888E-01  0.6274    
   104.0      0.3001E-04 -0.1430      0.2010     -0.5720E-01  0.6003    
   105.0      0.3090E-04 -0.1600      0.1310     -0.3441E-01  0.5724    
   106.0      0.3210E-04 -0.1713      0.6312E-01 -0.1183E-01  0.5457    
   107.0      0.3343E-04 -0.1761     -0.1267E-02  0.9700E-02  0.5218    
   108.0      0.3473E-04 -0.1740     -0.6108E-01  0.2962E-01  0.5016    
   109.0      0.3582E-04 -0.1646     -0.1145      0.4749E-01  0.4858    
   110.0      0.3655E-04 -0.1480     -0.1591      0.6287E-01  0.4747    
   111.0      0.3680E-04 -0.1249     -0.1921      0.7521E-01  0.4687    
   112.0      0.3652E-04 -0.9696E-01 -0.2113      0.8371E-01  0.4678    
   113.0      0.3574E-04 -0.6643E-01 -0.2159      0.8744E-01  0.4719    
   114.0      0.3454E-04 -0.3646E-01 -0.2077      0.8565E-01  0.4797    
   115.0      0.3309E-04 -0.1076E-01 -0.1920      0.7858E-01  0.4892    
   116.0      0.3156E-04  0.6980E-02 -0.1782      0.6825E-01  0.4970    
   117.0      0.3016E-04  0.1405E-01 -0.1776      0.5911E-01  0.4986    
   118.0      0.2908E-04  0.1010E-01 -0.1998      0.5758E-01  0.4900    
   119.0      0.2842E-04 -0.1982E-02 -0.2470      0.7017E-01  0.4690    
   120.0      0.2816E-04 -0.1662E-01 -0.3107      0.1008      0.4366    
   121.0      0.2820E-04 -0.2759E-01 -0.3749      0.1491      0.3968    
   122.0      0.2836E-04 -0.3010E-01 -0.4225      0.2105      0.3540    
   123.0      0.2847E-04 -0.2165E-01 -0.4412      0.2779      0.3123    
   124.0      0.2839E-04 -0.1752E-02 -0.4256      0.3431      0.2742    
   125.0      0.2804E-04  0.2855E-01 -0.3770      0.3981      0.2416    
   126.0      0.2735E-04  0.6702E-01 -0.3014      0.4363      0.2159    
   127.0      0.2628E-04  0.1106     -0.2074      0.4536      0.1989    
   128.0      0.2482E-04  0.1555     -0.1045      0.4483      0.1928    
   129.0      0.2301E-04  0.1982     -0.2174E-02  0.4212      0.2000    
   130.0      0.2096E-04  0.2348      0.8904E-01  0.3754      0.2224    
   131.0      0.1879E-04  0.2623      0.1577      0.3173      0.2599    
   132.0      0.1667E-04  0.2782      0.1922      0.2579      0.3079    
   133.0      0.1470E-04  0.2807      0.1835      0.2129      0.3556    
   134.0      0.1302E-04  0.2685      0.1302      0.2006      0.3862    
   135.0      0.1169E-04  0.2415      0.4476E-01  0.2355      0.3800    
   136.0      0.1075E-04  0.2023     -0.4403E-01  0.3178      0.3231    
   137.0      0.1018E-04  0.1569     -0.9946E-01  0.4282      0.2163    
   138.0      0.9906E-05  0.1130     -0.9437E-01  0.5349      0.7688E-01
   139.0      0.9821E-05  0.7700E-01 -0.2397E-01  0.6088     -0.7023E-01
   140.0      0.9841E-05  0.5155E-01  0.9561E-01  0.6334     -0.2020    
   141.0      0.9911E-05  0.3695E-01  0.2373      0.6067     -0.3014    
   142.0      0.9994E-05  0.3228E-01  0.3739      0.5378     -0.3581    
   143.0      0.1005E-04  0.3626E-01  0.4867      0.4431     -0.3692    
   144.0      0.1001E-04  0.4751E-01  0.5695      0.3404     -0.3374    
   145.0      0.9851E-05  0.6460E-01  0.6248      0.2434     -0.2672    
   146.0      0.9564E-05  0.8605E-01  0.6582      0.1601     -0.1616    
   147.0      0.9201E-05  0.1099      0.6729      0.9359E-01 -0.2248E-01
   148.0      0.8840E-05  0.1330      0.6696      0.4405E-01  0.1444    
   149.0      0.8551E-05  0.1504      0.6482      0.1063E-01  0.3248    
   150.0      0.8380E-05  0.1554      0.6097     -0.6833E-02  0.4964    
   151.0      0.8356E-05  0.1412      0.5560     -0.6704E-02  0.6330    
   152.0      0.8495E-05  0.1037      0.4893      0.1373E-01  0.7122    
   153.0      0.8801E-05  0.4484E-01  0.4138      0.5585E-01  0.7218    
   154.0      0.9251E-05 -0.2708E-01  0.3386      0.1176      0.6630    
   155.0      0.9789E-05 -0.1007      0.2765      0.1936      0.5474    
   156.0      0.1035E-04 -0.1653      0.2406      0.2764      0.3900    
   157.0      0.1092E-04 -0.2111      0.2409      0.3563      0.2067    
   158.0      0.1153E-04 -0.2286      0.2812      0.4196      0.1698E-01
   159.0      0.1231E-04 -0.2094      0.3564      0.4501     -0.1524    
   160.0      0.1339E-04 -0.1515      0.4514      0.4354     -0.2711    
   161.0      0.1488E-04 -0.6301E-01  0.5446      0.3740     -0.3155    
   162.0      0.1690E-04  0.3872E-01  0.6149      0.2778     -0.2788    
   163.0      0.1955E-04  0.1336      0.6476      0.1663     -0.1712    
   164.0      0.2294E-04  0.2049      0.6382      0.6066E-01 -0.1525E-01
   165.0      0.2717E-04  0.2437      0.5921     -0.2275E-01  0.1609    
   166.0      0.3230E-04  0.2492      0.5222     -0.7456E-01  0.3308    
   167.0      0.3828E-04  0.2263      0.4434     -0.9245E-01  0.4750    
   168.0      0.4499E-04  0.1826      0.3686     -0.7909E-01  0.5824    
   169.0      0.5226E-04  0.1261      0.3069     -0.4005E-01  0.6483    
   170.0      0.5991E-04  0.6401E-01  0.2649      0.1728E-01  0.6725    
   171.0      0.6770E-04  0.2908E-02  0.2464      0.8437E-01  0.6580    
   172.0      0.7536E-04 -0.5164E-01  0.2537      0.1522      0.6101    
   173.0      0.8259E-04 -0.9536E-01  0.2867      0.2119      0.5357    
   174.0      0.8910E-04 -0.1253      0.3426      0.2556      0.4425    
   175.0      0.9471E-04 -0.1397      0.4157      0.2766      0.3393    
   176.0      0.9935E-04 -0.1377      0.4972      0.2705      0.2353    
   177.0      0.1030E-03 -0.1200      0.5762      0.2355      0.1408    
   178.0      0.1057E-03 -0.8854E-01  0.6419      0.1741      0.6538E-01
   179.0      0.1073E-03 -0.4695E-01  0.6851      0.9253E-01  0.1677E-01
   180.0      0.1079E-03   0.000      0.7002       0.000       0.000    
 END
