# 181 angles,  3 tensor ranks for 0=projectile
@subtitle   "9Be(6Li,d)13C CDCC+CRC, adapted from 58Ni(6Li,d) 31-channel card"              
@legend ON
@legend x1 0.2
@legend y1 0.8
@g0 type LOGY
@yaxis ticklabel format power
@legend string   0 "Lab energy =   32.0000"
#legend string   0 "Partition=  1 Excit=  2 near/far= 1"
#  Theta       sigma       iT11        T20         T21         T22         Kyy for projectile
   0.000       15.80       0.000     -0.2796       0.000       0.000    
   1.000       15.79     -0.1043     -0.2761     -0.1593E-01  0.3021E-02
   2.000       15.76     -0.1903     -0.2652     -0.3232E-01  0.1206E-01
   3.000       15.68     -0.2433     -0.2461     -0.4974E-01  0.2687E-01
   4.000       15.58     -0.2539     -0.2164     -0.6860E-01  0.4637E-01
   5.000       15.64     -0.2177     -0.1726     -0.8839E-01  0.6735E-01
   6.000       16.16     -0.1395     -0.1130     -0.1067      0.8341E-01
   7.000       17.53     -0.3914E-01 -0.4339E-01 -0.1192      0.8676E-01
   8.000       20.11      0.5330E-01  0.2300E-01 -0.1224      0.7391E-01
   9.000       24.04      0.1158      0.7375E-01 -0.1169      0.4905E-01
   10.00       29.12      0.1458      0.1052     -0.1061      0.1991E-01
   11.00       34.78      0.1524      0.1208     -0.9339E-01 -0.7814E-02
   12.00       40.18      0.1458      0.1257     -0.8087E-01 -0.3182E-01
   13.00       44.35      0.1329      0.1241     -0.6935E-01 -0.5197E-01
   14.00       46.49      0.1171      0.1183     -0.5900E-01 -0.6894E-01
   15.00       46.14      0.9968E-01  0.1098     -0.4970E-01 -0.8360E-01
   16.00       43.28      0.8080E-01  0.9904E-01 -0.4121E-01 -0.9677E-01
   17.00       38.31      0.5969E-01  0.8617E-01 -0.3326E-01 -0.1092    
   18.00       31.94      0.3495E-01  0.7085E-01 -0.2549E-01 -0.1214    
   19.00       25.03      0.4299E-02  0.5230E-01 -0.1744E-01 -0.1342    
   20.00       18.35     -0.3607E-01  0.2910E-01 -0.8451E-02 -0.1482    
   21.00       12.52     -0.9286E-01 -0.1177E-02  0.2281E-02 -0.1637    
   22.00       7.934     -0.1778     -0.4193E-01  0.1538E-01 -0.1799    
   23.00       4.732     -0.3068     -0.9428E-01  0.2900E-01 -0.1900    
   24.00       2.864     -0.4702     -0.1387      0.3092E-01 -0.1697    
   25.00       2.145     -0.5383     -0.1087     -0.3773E-02 -0.8755E-01
   26.00       2.309     -0.4010      0.3589E-03 -0.5839E-01  0.3767E-02
   27.00       3.057     -0.2277      0.8616E-01 -0.8895E-01  0.4053E-01
   28.00       4.092     -0.1190      0.1267     -0.9753E-01  0.4386E-01
   29.00       5.144     -0.6045E-01  0.1428     -0.9674E-01  0.3800E-01
   30.00       5.990     -0.2876E-01  0.1484     -0.9233E-01  0.3151E-01
   31.00       6.475     -0.1105E-01  0.1493     -0.8622E-01  0.2668E-01
   32.00       6.521     -0.9638E-03  0.1480     -0.7887E-01  0.2407E-01
   33.00       6.134      0.4572E-02  0.1457     -0.7013E-01  0.2395E-01
   34.00       5.391      0.6930E-02  0.1430     -0.5941E-01  0.2666E-01
   35.00       4.421      0.6391E-02  0.1400     -0.4558E-01  0.3282E-01
   36.00       3.373      0.2135E-02  0.1367     -0.2652E-01  0.4330E-01
   37.00       2.388     -0.8411E-02  0.1323      0.1595E-02  0.5896E-01
   38.00       1.577     -0.3108E-01  0.1237      0.4499E-01  0.7908E-01
   39.00       1.003     -0.7585E-01  0.1031      0.1092      0.9518E-01
   40.00      0.6842     -0.1442      0.5917E-01  0.1774      0.7880E-01
   41.00      0.5987     -0.1918      0.4967E-02  0.1849      0.5925E-02
   42.00      0.6995     -0.1760     -0.1942E-01  0.1195     -0.7186E-01
   43.00      0.9262     -0.1327     -0.1486E-01  0.5018E-01 -0.1100    
   44.00       1.216     -0.9395E-01 -0.1585E-02  0.4726E-02 -0.1203    
   45.00       1.514     -0.6501E-01  0.1163E-01 -0.2173E-01 -0.1195    
   46.00       1.771     -0.4347E-01  0.2282E-01 -0.3657E-01 -0.1152    
   47.00       1.954     -0.2673E-01  0.3179E-01 -0.4433E-01 -0.1107    
   48.00       2.042     -0.1293E-01  0.3863E-01 -0.4743E-01 -0.1072    
   49.00       2.026     -0.7310E-03  0.4343E-01 -0.4720E-01 -0.1053    
   50.00       1.912      0.1090E-01  0.4627E-01 -0.4433E-01 -0.1050    
   51.00       1.717      0.2291E-01  0.4722E-01 -0.3916E-01 -0.1064    
   52.00       1.467      0.3630E-01  0.4640E-01 -0.3170E-01 -0.1092    
   53.00       1.192      0.5224E-01  0.4385E-01 -0.2170E-01 -0.1127    
   54.00      0.9216      0.7228E-01  0.3946E-01 -0.8565E-02 -0.1159    
   55.00      0.6812      0.9832E-01  0.3268E-01  0.8430E-02 -0.1167    
   56.00      0.4886      0.1319      0.2228E-01  0.2923E-01 -0.1105    
   57.00      0.3532      0.1712      0.6701E-02  0.5015E-01 -0.9026E-01
   58.00      0.2762      0.2042     -0.1315E-01  0.6001E-01 -0.5106E-01
   59.00      0.2520      0.2120     -0.2993E-01  0.4659E-01 -0.3991E-02
   60.00      0.2708      0.1930     -0.3588E-01  0.1594E-01  0.2811E-01
   61.00      0.3202      0.1654     -0.3247E-01 -0.1407E-01  0.3856E-01
   62.00      0.3875      0.1420     -0.2538E-01 -0.3485E-01  0.3599E-01
   63.00      0.4609      0.1248     -0.1822E-01 -0.4670E-01  0.2843E-01
   64.00      0.5307      0.1117     -0.1256E-01 -0.5199E-01  0.1956E-01
   65.00      0.5896      0.1005     -0.9098E-02 -0.5264E-01  0.1054E-01
   66.00      0.6326      0.8963E-01 -0.8244E-02 -0.4990E-01  0.1537E-02
   67.00      0.6574      0.7788E-01 -0.1021E-01 -0.4461E-01 -0.7508E-02
   68.00      0.6637      0.6457E-01 -0.1500E-01 -0.3735E-01 -0.1663E-01
   69.00      0.6531      0.4921E-01 -0.2237E-01 -0.2856E-01 -0.2571E-01
   70.00      0.6284      0.3155E-01 -0.3182E-01 -0.1858E-01 -0.3445E-01
   71.00      0.5934      0.1154E-01 -0.4273E-01 -0.7672E-02 -0.4236E-01
   72.00      0.5518     -0.1065E-01 -0.5436E-01  0.3885E-02 -0.4882E-01
   73.00      0.5074     -0.3456E-01 -0.6600E-01  0.1575E-01 -0.5306E-01
   74.00      0.4636     -0.5931E-01 -0.7694E-01  0.2740E-01 -0.5429E-01
   75.00      0.4230     -0.8361E-01 -0.8652E-01  0.3808E-01 -0.5183E-01
   76.00      0.3875     -0.1057     -0.9406E-01  0.4685E-01 -0.4527E-01
   77.00      0.3582     -0.1238     -0.9896E-01  0.5269E-01 -0.3467E-01
   78.00      0.3353     -0.1363     -0.1008      0.5490E-01 -0.2070E-01
   79.00      0.3182     -0.1422     -0.9962E-01  0.5329E-01 -0.4596E-02
   80.00      0.3061     -0.1419     -0.9561E-01  0.4839E-01  0.1210E-01
   81.00      0.2978     -0.1363     -0.8945E-01  0.4132E-01  0.2788E-01
   82.00      0.2920     -0.1269     -0.8202E-01  0.3345E-01  0.4150E-01
   83.00      0.2877     -0.1153     -0.7426E-01  0.2611E-01  0.5210E-01
   84.00      0.2841     -0.1032     -0.6701E-01  0.2031E-01  0.5919E-01
   85.00      0.2808     -0.9163E-01 -0.6087E-01  0.1671E-01  0.6254E-01
   86.00      0.2776     -0.8172E-01 -0.5611E-01  0.1558E-01  0.6212E-01
   87.00      0.2745     -0.7407E-01 -0.5268E-01  0.1695E-01  0.5805E-01
   88.00      0.2718     -0.6900E-01 -0.5034E-01  0.2066E-01  0.5070E-01
   89.00      0.2695     -0.6651E-01 -0.4879E-01  0.2639E-01  0.4063E-01
   90.00      0.2679     -0.6634E-01 -0.4770E-01  0.3370E-01  0.2861E-01
   91.00      0.2670     -0.6801E-01 -0.4683E-01  0.4203E-01  0.1552E-01
   92.00      0.2667     -0.7098E-01 -0.4597E-01  0.5080E-01  0.2241E-02
   93.00      0.2670     -0.7472E-01 -0.4498E-01  0.5944E-01 -0.1042E-01
   94.00      0.2675     -0.7877E-01 -0.4385E-01  0.6748E-01 -0.2182E-01
   95.00      0.2680     -0.8276E-01 -0.4269E-01  0.7459E-01 -0.3149E-01
   96.00      0.2679     -0.8643E-01 -0.4170E-01  0.8054E-01 -0.3918E-01
   97.00      0.2669     -0.8955E-01 -0.4115E-01  0.8526E-01 -0.4482E-01
   98.00      0.2646     -0.9195E-01 -0.4125E-01  0.8872E-01 -0.4846E-01
   99.00      0.2607     -0.9355E-01 -0.4222E-01  0.9098E-01 -0.5028E-01
   100.0      0.2551     -0.9433E-01 -0.4423E-01  0.9212E-01 -0.5048E-01
   101.0      0.2479     -0.9442E-01 -0.4743E-01  0.9222E-01 -0.4937E-01
   102.0      0.2391     -0.9399E-01 -0.5187E-01  0.9136E-01 -0.4728E-01
   103.0      0.2292     -0.9322E-01 -0.5745E-01  0.8969E-01 -0.4461E-01
   104.0      0.2184     -0.9213E-01 -0.6384E-01  0.8740E-01 -0.4178E-01
   105.0      0.2073     -0.9047E-01 -0.7044E-01  0.8486E-01 -0.3914E-01
   106.0      0.1964     -0.8775E-01 -0.7639E-01  0.8256E-01 -0.3693E-01
   107.0      0.1862     -0.8336E-01 -0.8060E-01  0.8101E-01 -0.3528E-01
   108.0      0.1774     -0.7685E-01 -0.8183E-01  0.8067E-01 -0.3415E-01
   109.0      0.1705     -0.6828E-01 -0.7890E-01  0.8175E-01 -0.3349E-01
   110.0      0.1660     -0.5846E-01 -0.7107E-01  0.8418E-01 -0.3329E-01
   111.0      0.1644     -0.4888E-01 -0.5850E-01  0.8758E-01 -0.3360E-01
   112.0      0.1655     -0.4120E-01 -0.4239E-01  0.9144E-01 -0.3458E-01
   113.0      0.1691     -0.3654E-01 -0.2471E-01  0.9529E-01 -0.3633E-01
   114.0      0.1744     -0.3503E-01 -0.7558E-02  0.9884E-01 -0.3882E-01
   115.0      0.1806     -0.3591E-01  0.7443E-02  0.1021     -0.4182E-01
   116.0      0.1867     -0.3794E-01  0.1927E-01  0.1050     -0.4498E-01
   117.0      0.1918     -0.3996E-01  0.2741E-01  0.1080     -0.4792E-01
   118.0      0.1950     -0.4120E-01  0.3158E-01  0.1110     -0.5033E-01
   119.0      0.1957     -0.4140E-01  0.3161E-01  0.1141     -0.5208E-01
   120.0      0.1937     -0.4074E-01  0.2733E-01  0.1172     -0.5327E-01
   121.0      0.1888     -0.3959E-01  0.1863E-01  0.1204     -0.5418E-01
   122.0      0.1815     -0.3830E-01  0.5476E-02  0.1235     -0.5525E-01
   123.0      0.1719     -0.3691E-01 -0.1199E-01  0.1266     -0.5698E-01
   124.0      0.1608     -0.3505E-01 -0.3328E-01  0.1300     -0.5972E-01
   125.0      0.1488     -0.3194E-01 -0.5739E-01  0.1338     -0.6361E-01
   126.0      0.1370     -0.2670E-01 -0.8237E-01  0.1378     -0.6846E-01
   127.0      0.1263     -0.1882E-01 -0.1050      0.1419     -0.7365E-01
   128.0      0.1178     -0.9036E-02 -0.1207      0.1448     -0.7828E-01
   129.0      0.1124      0.2513E-03 -0.1249      0.1452     -0.8147E-01
   130.0      0.1107      0.5446E-02 -0.1146      0.1420     -0.8282E-01
   131.0      0.1130      0.3623E-02 -0.9125E-01  0.1348     -0.8268E-01
   132.0      0.1188     -0.5631E-02 -0.5964E-01  0.1248     -0.8192E-01
   133.0      0.1275     -0.2009E-01 -0.2593E-01  0.1138     -0.8129E-01
   134.0      0.1381     -0.3637E-01  0.5143E-02  0.1037     -0.8101E-01
   135.0      0.1490     -0.5157E-01  0.3105E-01  0.9560E-01 -0.8087E-01
   136.0      0.1590     -0.6395E-01  0.5103E-01  0.9015E-01 -0.8046E-01
   137.0      0.1668     -0.7296E-01  0.6518E-01  0.8734E-01 -0.7939E-01
   138.0      0.1713     -0.7880E-01  0.7391E-01  0.8703E-01 -0.7751E-01
   139.0      0.1719     -0.8206E-01  0.7751E-01  0.8908E-01 -0.7482E-01
   140.0      0.1684     -0.8336E-01  0.7603E-01  0.9346E-01 -0.7157E-01
   141.0      0.1607     -0.8307E-01  0.6921E-01  0.1004     -0.6809E-01
   142.0      0.1494     -0.8109E-01  0.5639E-01  0.1104     -0.6482E-01
   143.0      0.1353     -0.7665E-01  0.3652E-01  0.1243     -0.6223E-01
   144.0      0.1196     -0.6819E-01  0.8208E-02  0.1432     -0.6082E-01
   145.0      0.1036     -0.5360E-01 -0.2987E-01  0.1679     -0.6119E-01
   146.0      0.8903E-01 -0.3111E-01 -0.7769E-01  0.1982     -0.6415E-01
   147.0      0.7746E-01 -0.1781E-02 -0.1310      0.2302     -0.7073E-01
   148.0      0.7041E-01  0.2685E-01 -0.1776      0.2540     -0.8163E-01
   149.0      0.6909E-01  0.4077E-01 -0.1998      0.2567     -0.9599E-01
   150.0      0.7428E-01  0.2962E-01 -0.1877      0.2333     -0.1108    
   151.0      0.8616E-01 -0.2875E-02 -0.1499      0.1929     -0.1228    
   152.0      0.1043     -0.4405E-01 -0.1033      0.1499     -0.1308    
   153.0      0.1277     -0.8364E-01 -0.6019E-01  0.1130     -0.1353    
   154.0      0.1546     -0.1173     -0.2469E-01  0.8439E-01 -0.1371    
   155.0      0.1833     -0.1445      0.3229E-02  0.6323E-01 -0.1371    
   156.0      0.2116     -0.1662      0.2502E-01  0.4784E-01 -0.1356    
   157.0      0.2375     -0.1840      0.4223E-01  0.3669E-01 -0.1329    
   158.0      0.2590     -0.1990      0.5610E-01  0.2861E-01 -0.1291    
   159.0      0.2748     -0.2122      0.6754E-01  0.2278E-01 -0.1243    
   160.0      0.2836     -0.2241      0.7714E-01  0.1870E-01 -0.1185    
   161.0      0.2850     -0.2346      0.8531E-01  0.1610E-01 -0.1114    
   162.0      0.2793     -0.2434      0.9222E-01  0.1493E-01 -0.1029    
   163.0      0.2673     -0.2491      0.9780E-01  0.1532E-01 -0.9242E-01
   164.0      0.2503     -0.2501      0.1017      0.1758E-01 -0.7947E-01
   165.0      0.2301     -0.2435      0.1031      0.2209E-01 -0.6336E-01
   166.0      0.2091     -0.2261      0.1006      0.2920E-01 -0.4354E-01
   167.0      0.1894     -0.1942      0.9233E-01  0.3899E-01 -0.2007E-01
   168.0      0.1731     -0.1456      0.7640E-01  0.5082E-01  0.5743E-02
   169.0      0.1622     -0.8230E-01  0.5188E-01  0.6300E-01  0.3077E-01
   170.0      0.1577     -0.1228E-01  0.2027E-01  0.7288E-01  0.5054E-01
   171.0      0.1602      0.5184E-01 -0.1408E-01  0.7793E-01  0.6127E-01
   172.0      0.1694      0.9897E-01 -0.4588E-01  0.7709E-01  0.6206E-01
   173.0      0.1846      0.1246     -0.7139E-01  0.7121E-01  0.5510E-01
   174.0      0.2041      0.1307     -0.8959E-01  0.6211E-01  0.4396E-01
   175.0      0.2261      0.1225     -0.1014      0.5156E-01  0.3181E-01
   176.0      0.2482      0.1050     -0.1085      0.4070E-01  0.2070E-01
   177.0      0.2683      0.8198E-01 -0.1125      0.3007E-01  0.1169E-01
   178.0      0.2842      0.5593E-01 -0.1145      0.1981E-01  0.5183E-02
   179.0      0.2945      0.2830E-01 -0.1155      0.9828E-02  0.1292E-02
   180.0      0.2980       0.000     -0.1158       0.000       0.000    
 END
