# 501  0.2000   32.0000 = NLN,RINTP,ELAB
   0.000    0.000000    0.000000
   0.200   -2.583233   -0.737165
   0.400   -2.566990   -0.709610
   0.600   -2.538956   -0.631960
   0.800   -2.522999   -0.638616
   1.000   -2.475965   -0.640765
   1.200   -2.411800   -0.587723
   1.400   -2.363401   -0.520542
   1.600   -2.349400   -0.528123
   1.800   -2.341554   -0.616476
   2.000   -2.321468   -0.833738
   2.200   -2.269327   -1.129254
   2.400   -2.176831   -1.475795
   2.600   -2.040258   -1.843670
   2.800   -1.864600   -2.199866
   3.000   -1.669159   -2.512300
   3.200   -1.468965   -2.769938
   3.400   -1.270541   -2.967373
   3.600   -1.070817   -3.099186
   3.800   -0.869820   -3.153411
   4.000   -0.666655   -3.119684
   4.200   -0.460319   -2.993415
   4.400   -0.256381   -2.779838
   4.600   -0.064251   -2.493949
   4.800    0.101234   -2.159268
   5.000    0.230090   -1.806036
   5.200    0.318013   -1.461639
   5.400    0.367005   -1.147271
   5.600    0.383766   -0.875005
   5.800    0.376461   -0.649126
   6.000    0.353018   -0.468169
   6.200    0.320072   -0.327809
   6.400    0.282792   -0.221989
   6.600    0.244873   -0.144426
   6.800    0.208584   -0.089270
   7.000    0.175355   -0.051092
   7.200    0.145860   -0.025684
   7.400    0.120260   -0.009378
   7.600    0.098413    0.000490
   7.800    0.080055    0.005982
   8.000    0.064868    0.008562
   8.200    0.052435    0.009327
   8.400    0.042377    0.009009
   8.600    0.034379    0.008128
   8.800    0.028068    0.007073
   9.000    0.023106    0.006042
   9.200    0.019247    0.005180
   9.400    0.016183    0.004566
   9.600    0.013689    0.004153
   9.800    0.011606    0.003925
  10.000    0.009805    0.003797
  10.200    0.008182    0.003709
  10.400    0.006734    0.003609
  10.600    0.005395    0.003482
  10.800    0.004185    0.003300
  11.000    0.003086    0.003088
  11.200    0.002074    0.002823
  11.400    0.001200    0.002557
  11.600    0.000413    0.002243
  11.800   -0.000225    0.001927
  12.000   -0.000753    0.001573
  12.200   -0.001044    0.001265
  12.400   -0.001236    0.000806
  12.600   -0.001239    0.000500
  12.800   -0.001130    0.000078
  13.000   -0.000952   -0.000215
  13.200   -0.000570   -0.000547
  13.400   -0.000496   -0.000697
  13.600   -0.000074   -0.000893
  13.800    0.000229   -0.000948
  14.000    0.000392   -0.001053
  14.200    0.000593   -0.000972
  14.400    0.000652   -0.000939
  14.600    0.000474   -0.000607
  14.800    0.000548   -0.000341
  15.000    0.000413   -0.000020
  15.200    0.000461    0.000297
  15.400    0.000563    0.000417
  15.600    0.000454    0.000581
  15.800    0.000418    0.000706
  16.000    0.000364    0.000630
  16.200    0.000261    0.000783
  16.400    0.000302    0.000664
  16.600    0.000277    0.000458
  16.800    0.000216    0.000624
  17.000    0.000291    0.000234
  17.200    0.000266    0.000418
  17.400    0.000404    0.000055
  17.600    0.000436    0.000121
  17.800    0.000557   -0.000306
  18.000    0.000534   -0.000443
  18.200    0.000483   -0.000736
  18.400    0.000357   -0.000975
  18.600    0.000169   -0.000925
  18.800   -0.000004   -0.000961
  19.000   -0.000138   -0.000820
  19.200   -0.000248   -0.000737
  19.400   -0.000283   -0.000576
  19.600   -0.000264   -0.000476
  19.800   -0.000246   -0.000349
  20.000   -0.000193   -0.000257
  20.200   -0.000164   -0.000160
  20.400   -0.000122   -0.000103
  20.600   -0.000106   -0.000031
  20.800   -0.000080   -0.000001
  21.000   -0.000072    0.000043
  21.200   -0.000064    0.000053
  21.400   -0.000061    0.000079
  21.600   -0.000056    0.000065
  21.800   -0.000058    0.000070
  22.000   -0.000049    0.000058
  22.200   -0.000048    0.000048
  22.400   -0.000040    0.000043
  22.600   -0.000034    0.000036
  22.800   -0.000032    0.000032
  23.000   -0.000029    0.000030
  23.200   -0.000029    0.000027
  23.400   -0.000027    0.000021
  23.600   -0.000027    0.000017
  23.800   -0.000025    0.000012
  24.000   -0.000021    0.000007
  24.200   -0.000019    0.000005
  24.400   -0.000015    0.000004
  24.600   -0.000013    0.000005
  24.800   -0.000013    0.000005
  25.000   -0.000013    0.000006
  25.200   -0.000014    0.000004
  25.400   -0.000014    0.000003
  25.600   -0.000014    0.000001
  25.800   -0.000012   -0.000000
  26.000   -0.000010   -0.000001
  26.200   -0.000008   -0.000000
  26.400   -0.000008    0.000000
  26.600   -0.000007    0.000002
  26.800   -0.000008    0.000002
  27.000   -0.000009    0.000003
  27.200   -0.000010    0.000002
  27.400   -0.000009    0.000001
  27.600   -0.000009   -0.000000
  27.800   -0.000007   -0.000001
  28.000   -0.000006   -0.000000
  28.200   -0.000005    0.000001
  28.400   -0.000005    0.000002
  28.600   -0.000006    0.000003
  28.800   -0.000007    0.000003
  29.000   -0.000007    0.000002
  29.200   -0.000007    0.000001
  29.400   -0.000007    0.000001
  29.600   -0.000006    0.000000
  29.800   -0.000005    0.000000
  30.000   -0.000004    0.000001
  30.200   -0.000004    0.000002
  30.400   -0.000004    0.000003
  30.600   -0.000005    0.000003
  30.800   -0.000006    0.000003
  31.000   -0.000006    0.000002
  31.200   -0.000006    0.000001
  31.400   -0.000005    0.000001
  31.600   -0.000004    0.000001
  31.800   -0.000003    0.000002
  32.000   -0.000003    0.000003
  32.200   -0.000003    0.000003
  32.400   -0.000004    0.000004
  32.600   -0.000004    0.000003
  32.800   -0.000005    0.000003
  33.000   -0.000004    0.000002
  33.200   -0.000004    0.000002
  33.400   -0.000003    0.000002
  33.600   -0.000002    0.000002
  33.800   -0.000002    0.000003
  34.000   -0.000002    0.000003
  34.200   -0.000003    0.000004
  34.400   -0.000003    0.000004
  34.600   -0.000003    0.000003
  34.800   -0.000003    0.000002
  35.000   -0.000003    0.000002
  35.200   -0.000002    0.000002
  35.400   -0.000001    0.000002
  35.600   -0.000001    0.000003
  35.800   -0.000001    0.000003
  36.000   -0.000002    0.000004
  36.200   -0.000002    0.000004
  36.400   -0.000002    0.000003
  36.600   -0.000002    0.000003
  36.800   -0.000002    0.000002
  37.000   -0.000001    0.000002
  37.200   -0.000001    0.000002
  37.400   -0.000000    0.000003
  37.600   -0.000000    0.000003
  37.800   -0.000001    0.000003
  38.000   -0.000001    0.000003
  38.200   -0.000002    0.000003
  38.400   -0.000002    0.000002
  38.600   -0.000001    0.000002
  38.800   -0.000001    0.000002
  39.000   -0.000000    0.000002
  39.200    0.000000    0.000002
  39.400    0.000000    0.000003
  39.600   -0.000000    0.000003
  39.800   -0.000001    0.000003
  40.000   -0.000001    0.000003
  40.200   -0.000001    0.000002
  40.400   -0.000001    0.000002
  40.600   -0.000000    0.000002
  40.800    0.000000    0.000002
  41.000    0.000001    0.000002
  41.200    0.000001    0.000002
  41.400    0.000000    0.000003
  41.600    0.000000    0.000003
  41.800   -0.000000    0.000002
  42.000   -0.000000    0.000002
  42.200   -0.000000    0.000002
  42.400    0.000000    0.000001
  42.600    0.000001    0.000001
  42.800    0.000001    0.000002
  43.000    0.000001    0.000002
  43.200    0.000001    0.000002
  43.400    0.000000    0.000002
  43.600    0.000000    0.000002
  43.800    0.000000    0.000002
  44.000    0.000000    0.000001
  44.200    0.000001    0.000001
  44.400    0.000001    0.000001
  44.600    0.000001    0.000001
  44.800    0.000001    0.000002
  45.000    0.000001    0.000002
  45.200    0.000001    0.000002
  45.400    0.000000    0.000002
  45.600    0.000000    0.000001
  45.800    0.000000    0.000001
  46.000    0.000001    0.000001
  46.200    0.000001    0.000001
  46.400    0.000001    0.000001
  46.600    0.000001    0.000001
  46.800    0.000001    0.000002
  47.000    0.000001    0.000002
  47.200    0.000001    0.000001
  47.400    0.000001    0.000001
  47.600    0.000001    0.000001
  47.800    0.000001    0.000001
  48.000    0.000001    0.000001
  48.200    0.000001    0.000001
  48.400    0.000001    0.000001
  48.600    0.000001    0.000001
  48.800    0.000001    0.000001
  49.000    0.000001    0.000001
  49.200    0.000001    0.000001
  49.400    0.000001    0.000000
  49.600    0.000001    0.000000
  49.800    0.000001    0.000000
  50.000    0.000001    0.000000
  50.200    0.000001    0.000001
  50.400    0.000001    0.000001
  50.600    0.000001    0.000001
  50.800    0.000001    0.000001
  51.000    0.000001    0.000000
  51.200    0.000001    0.000000
  51.400    0.000001    0.000000
  51.600    0.000001    0.000000
  51.800    0.000001    0.000000
  52.000    0.000001    0.000000
  52.200    0.000001    0.000001
  52.400    0.000001    0.000001
  52.600    0.000001    0.000000
  52.800    0.000001    0.000000
  53.000    0.000001   -0.000000
  53.200    0.000001   -0.000000
  53.400    0.000001   -0.000000
  53.600    0.000001   -0.000000
  53.800    0.000001    0.000000
  54.000    0.000001    0.000000
  54.200    0.000001    0.000000
  54.400    0.000001    0.000000
  54.600    0.000001    0.000000
  54.800    0.000001   -0.000000
  55.000    0.000001   -0.000000
  55.200    0.000001   -0.000000
  55.400    0.000001   -0.000000
  55.600    0.000001   -0.000000
  55.800    0.000001    0.000000
  56.000    0.000001    0.000000
  56.200    0.000001    0.000000
  56.400    0.000001   -0.000000
  56.600    0.000001   -0.000000
  56.800    0.000001   -0.000000
  57.000    0.000001   -0.000000
  57.200    0.000001   -0.000000
  57.400    0.000001   -0.000000
  57.600    0.000001   -0.000000
  57.800    0.000001   -0.000000
  58.000    0.000001   -0.000000
  58.200    0.000000   -0.000000
  58.400    0.000000   -0.000000
  58.600    0.000001   -0.000001
  58.800    0.000001   -0.000001
  59.000    0.000001   -0.000000
  59.200    0.000001   -0.000000
  59.400    0.000001   -0.000000
  59.600    0.000001   -0.000000
  59.800    0.000000   -0.000000
  60.000    0.000000   -0.000000
  60.200    0.000000   -0.000001
  60.400    0.000000   -0.000001
  60.600    0.000001   -0.000001
  60.800    0.000001   -0.000001
  61.000    0.000001   -0.000000
  61.200    0.000001   -0.000000
  61.400    0.000000   -0.000000
  61.600    0.000000   -0.000000
  61.800    0.000000   -0.000000
  62.000    0.000000   -0.000001
  62.200    0.000000   -0.000001
  62.400    0.000000   -0.000001
  62.600    0.000001   -0.000001
  62.800    0.000001   -0.000000
  63.000    0.000000   -0.000000
  63.200    0.000000   -0.000000
  63.400    0.000000   -0.000000
  63.600    0.000000   -0.000000
  63.800    0.000000   -0.000001
  64.000    0.000000   -0.000001
  64.200    0.000000   -0.000001
  64.400    0.000000   -0.000001
  64.600    0.000000   -0.000000
  64.800    0.000000   -0.000000
  65.000    0.000000   -0.000000
  65.200    0.000000   -0.000000
  65.400   -0.000000   -0.000000
  65.600   -0.000000   -0.000001
  65.800    0.000000   -0.000001
  66.000    0.000000   -0.000001
  66.200    0.000000   -0.000001
  66.400    0.000000   -0.000000
  66.600    0.000000   -0.000000
  66.800    0.000000   -0.000000
  67.000   -0.000000   -0.000000
  67.200   -0.000000   -0.000000
  67.400   -0.000000   -0.000000
  67.600   -0.000000   -0.000001
  67.800    0.000000   -0.000001
  68.000    0.000000   -0.000001
  68.200    0.000000   -0.000000
  68.400    0.000000   -0.000000
  68.600    0.000000   -0.000000
  68.800   -0.000000   -0.000000
  69.000   -0.000000   -0.000000
  69.200   -0.000000   -0.000000
  69.400   -0.000000   -0.000001
  69.600   -0.000000   -0.000001
  69.800    0.000000   -0.000000
  70.000    0.000000   -0.000000
  70.200    0.000000   -0.000000
  70.400   -0.000000   -0.000000
  70.600   -0.000000   -0.000000
  70.800   -0.000000   -0.000000
  71.000   -0.000000   -0.000000
  71.200   -0.000000   -0.000000
  71.400   -0.000000   -0.000000
  71.600   -0.000000   -0.000000
  71.800    0.000000   -0.000000
  72.000   -0.000000   -0.000000
  72.200   -0.000000   -0.000000
  72.400   -0.000000   -0.000000
  72.600   -0.000000   -0.000000
  72.800   -0.000000   -0.000000
  73.000   -0.000000   -0.000000
  73.200   -0.000000   -0.000000
  73.400   -0.000000   -0.000000
  73.600   -0.000000   -0.000000
  73.800   -0.000000   -0.000000
  74.000   -0.000000   -0.000000
  74.200   -0.000000   -0.000000
  74.400   -0.000000   -0.000000
  74.600   -0.000000   -0.000000
  74.800   -0.000000   -0.000000
  75.000   -0.000000   -0.000000
  75.200   -0.000000   -0.000000
  75.400   -0.000000   -0.000000
  75.600   -0.000000   -0.000000
  75.800   -0.000000   -0.000000
  76.000   -0.000000   -0.000000
  76.200   -0.000000   -0.000000
  76.400   -0.000000   -0.000000
  76.600   -0.000000   -0.000000
  76.800   -0.000000   -0.000000
  77.000   -0.000000   -0.000000
  77.200   -0.000000   -0.000000
  77.400   -0.000000   -0.000000
  77.600   -0.000000   -0.000000
  77.800   -0.000000   -0.000000
  78.000   -0.000000   -0.000000
  78.200   -0.000000   -0.000000
  78.400   -0.000000   -0.000000
  78.600   -0.000000   -0.000000
  78.800   -0.000000   -0.000000
  79.000   -0.000000   -0.000000
  79.200   -0.000000   -0.000000
  79.400   -0.000000    0.000000
  79.600   -0.000000   -0.000000
  79.800   -0.000000   -0.000000
  80.000   -0.000000   -0.000000
  80.200   -0.000000   -0.000000
  80.400   -0.000000   -0.000000
  80.600   -0.000000   -0.000000
  80.800   -0.000000   -0.000000
  81.000   -0.000000    0.000000
  81.200   -0.000000    0.000000
  81.400   -0.000000    0.000000
  81.600   -0.000000   -0.000000
  81.800   -0.000000   -0.000000
  82.000   -0.000000   -0.000000
  82.200   -0.000000   -0.000000
  82.400   -0.000000   -0.000000
  82.600   -0.000000    0.000000
  82.800   -0.000000    0.000000
  83.000   -0.000000    0.000000
  83.200   -0.000000    0.000000
  83.400   -0.000000    0.000000
  83.600   -0.000000   -0.000000
  83.800   -0.000000   -0.000000
  84.000   -0.000000   -0.000000
  84.200   -0.000000   -0.000000
  84.400   -0.000000    0.000000
  84.600   -0.000000    0.000000
  84.800   -0.000000    0.000000
  85.000   -0.000000    0.000000
  85.200   -0.000000    0.000000
  85.400   -0.000000   -0.000000
  85.600   -0.000000   -0.000000
  85.800   -0.000000   -0.000000
  86.000   -0.000000   -0.000000
  86.200   -0.000000    0.000000
  86.400   -0.000000    0.000000
  86.600   -0.000000    0.000000
  86.800   -0.000000    0.000000
  87.000   -0.000000    0.000000
  87.200   -0.000000    0.000000
  87.400   -0.000000   -0.000000
  87.600   -0.000000   -0.000000
  87.800   -0.000000   -0.000000
  88.000   -0.000000    0.000000
  88.200   -0.000000    0.000000
  88.400   -0.000000    0.000000
  88.600   -0.000000    0.000000
  88.800   -0.000000    0.000000
  89.000   -0.000000    0.000000
  89.200   -0.000000   -0.000000
  89.400   -0.000000   -0.000000
  89.600   -0.000000    0.000000
  89.800   -0.000000    0.000000
  90.000   -0.000000    0.000000
  90.200   -0.000000    0.000000
  90.400   -0.000000    0.000000
  90.600   -0.000000    0.000000
  90.800   -0.000000    0.000000
  91.000   -0.000000    0.000000
  91.200   -0.000000    0.000000
  91.400   -0.000000    0.000000
  91.600   -0.000000    0.000000
  91.800   -0.000000    0.000000
  92.000   -0.000000    0.000000
  92.200   -0.000000    0.000000
  92.400   -0.000000    0.000000
  92.600   -0.000000    0.000000
  92.800   -0.000000    0.000000
  93.000   -0.000000    0.000000
  93.200   -0.000000    0.000000
  93.400   -0.000000    0.000000
  93.600   -0.000000    0.000000
  93.800   -0.000000    0.000000
  94.000   -0.000000    0.000000
  94.200   -0.000000    0.000000
  94.400   -0.000000    0.000000
  94.600   -0.000000    0.000000
  94.800   -0.000000    0.000000
  95.000   -0.000000    0.000000
  95.200   -0.000000    0.000000
  95.400   -0.000000    0.000000
  95.600   -0.000000    0.000000
  95.800   -0.000000    0.000000
  96.000   -0.000000    0.000000
  96.200   -0.000000    0.000000
  96.400   -0.000000    0.000000
  96.600   -0.000000    0.000000
  96.800   -0.000000    0.000000
  97.000   -0.000000    0.000000
  97.200   -0.000000    0.000000
  97.400   -0.000000    0.000000
  97.600   -0.000000    0.000000
  97.800   -0.000000    0.000000
  98.000   -0.000000    0.000000
  98.200   -0.000000    0.000000
  98.400   -0.000000    0.000000
  98.600    0.000000    0.000000
  98.800    0.000000    0.000000
  99.000   -0.000000    0.000000
  99.200   -0.000000    0.000000
  99.400   -0.000000    0.000000
  99.600   -0.000000    0.000000
  99.800   -0.000000    0.000000
 100.000   -0.000000    0.000000
 END
