# 181 angles,  3 tensor ranks for 0=projectile
@subtitle   "9Be(6Li,d)13C CDCC+CRC, adapted from 58Ni(6Li,d) 31-channel card"              
@legend ON
@legend x1 0.2
@legend y1 0.8
@g0 type LOGY
@yaxis ticklabel format power
@legend string   0 "Lab energy =   32.0000"
#legend string   0 "Partition=  1 Excit=  1 near/far= 1"
#  Theta       sigma       iT11        T20         T21         T22         Kyy for projectile
  0.1000E-01   1.000      0.2127E-10 -0.8611E-08  0.9167E-12 -0.1759E-14
   1.000       1.013      0.1226E-04 -0.4442E-04  0.4698E-06 -0.9553E-07
   2.000      0.9585     -0.8685E-04  0.1910E-03 -0.4057E-05  0.1510E-05
   3.000      0.8355     -0.5763E-03  0.7681E-03 -0.2420E-04  0.1448E-04
   4.000      0.7087     -0.1536E-02  0.1434E-02 -0.5941E-04  0.5097E-04
   5.000      0.6266     -0.2534E-02  0.1699E-02 -0.8624E-04  0.1044E-03
   6.000      0.6093     -0.2611E-02  0.1117E-02 -0.6553E-04  0.1265E-03
   7.000      0.6521     -0.1191E-02 -0.1655E-03  0.1406E-04  0.5719E-04
   8.000      0.7332      0.1358E-02 -0.1579E-02  0.1226E-03 -0.1221E-03
   9.000      0.8223      0.4415E-02 -0.2744E-02  0.2254E-03 -0.4009E-03
   10.00      0.8884      0.7644E-02 -0.3564E-02  0.3014E-03 -0.7753E-03
   11.00      0.9079      0.1097E-01 -0.4055E-02  0.3361E-03 -0.1261E-02
   12.00      0.8685      0.1443E-01 -0.4223E-02  0.3108E-03 -0.1893E-02
   13.00      0.7719      0.1810E-01 -0.4001E-02  0.1912E-03 -0.2737E-02
   14.00      0.6324      0.2200E-01 -0.3185E-02 -0.9105E-04 -0.3891E-02
   15.00      0.4738      0.2593E-01 -0.1278E-02 -0.6765E-03 -0.5503E-02
   16.00      0.3238      0.2882E-01  0.2851E-02 -0.1851E-02 -0.7706E-02
   17.00      0.2084      0.2681E-01  0.1125E-01 -0.4047E-02 -0.1011E-01
   18.00      0.1471      0.1225E-01  0.2356E-01 -0.6845E-02 -0.1003E-01
   19.00      0.1484     -0.8241E-02  0.2805E-01 -0.7125E-02 -0.4605E-02
   20.00      0.2095     -0.1325E-01  0.2104E-01 -0.4729E-02  0.7104E-03
   21.00      0.3166     -0.7560E-02  0.1347E-01 -0.2625E-02  0.2779E-02
   22.00      0.4479      0.1078E-03  0.8633E-02 -0.1404E-02  0.3064E-02
   23.00      0.5782      0.7413E-02  0.5867E-02 -0.7828E-03  0.2628E-02
   24.00      0.6834      0.1421E-01  0.4410E-02 -0.5458E-03  0.1855E-02
   25.00      0.7445      0.2078E-01  0.3841E-02 -0.5970E-03  0.8427E-03
   26.00      0.7510      0.2746E-01  0.3973E-02 -0.9179E-03 -0.4248E-03
   27.00      0.7020      0.3459E-01  0.4773E-02 -0.1548E-02 -0.2038E-02
   28.00      0.6058      0.4262E-01  0.6336E-02 -0.2590E-02 -0.4171E-02
   29.00      0.4778      0.5222E-01  0.8922E-02 -0.4250E-02 -0.7151E-02
   30.00      0.3377      0.6457E-01  0.1307E-01 -0.6935E-02 -0.1165E-01
   31.00      0.2059      0.8212E-01  0.1990E-01 -0.1153E-01 -0.1922E-01
   32.00      0.1001      0.1109      0.3179E-01 -0.2027E-01 -0.3448E-01
   33.00      0.3268E-01  0.1645      0.4957E-01 -0.3824E-01 -0.7500E-01
   34.00      0.9447E-02  0.8152E-01 -0.5574E-01 -0.5898E-02 -0.1143    
   35.00      0.2898E-01 -0.6448E-01 -0.1069      0.5062E-01  0.1656E-01
   36.00      0.8364E-01 -0.2375E-01 -0.7004E-01  0.3785E-01  0.2406E-01
   37.00      0.1613      0.3599E-02 -0.5286E-01  0.3002E-01  0.2048E-01
   38.00      0.2474      0.2256E-01 -0.4371E-01  0.2539E-01  0.1686E-01
   39.00      0.3276      0.3781E-01 -0.3812E-01  0.2223E-01  0.1374E-01
   40.00      0.3898      0.5158E-01 -0.3434E-01  0.1975E-01  0.1093E-01
   41.00      0.4255      0.6509E-01 -0.3161E-01  0.1751E-01  0.8217E-02
   42.00      0.4309      0.7924E-01 -0.2954E-01  0.1522E-01  0.5436E-02
   43.00      0.4069      0.9486E-01 -0.2796E-01  0.1261E-01  0.2413E-02
   44.00      0.3583      0.1130     -0.2687E-01  0.9342E-02 -0.1053E-02
   45.00      0.2928      0.1351     -0.2648E-01  0.4962E-02 -0.5245E-02
   46.00      0.2198      0.1636     -0.2746E-01 -0.1312E-02 -0.1062E-01
   47.00      0.1485      0.2030     -0.3187E-01 -0.1097E-01 -0.1802E-01
   48.00      0.8698E-01  0.2629     -0.4640E-01 -0.2727E-01 -0.2928E-01
   49.00      0.4106E-01  0.3647     -0.9880E-01 -0.5828E-01 -0.4882E-01
   50.00      0.1384E-01  0.5313     -0.3481     -0.1202     -0.8495E-01
   51.00      0.5595E-02  0.1416      -1.117     -0.4409E-01 -0.4092E-01
   52.00      0.1411E-01 -0.2910     -0.5826      0.1212      0.4612E-01
   53.00      0.3527E-01 -0.1982     -0.2984      0.1133      0.3664E-01
   54.00      0.6387E-01 -0.1220     -0.2026      0.9968E-01  0.2452E-01
   55.00      0.9444E-01 -0.7092E-01 -0.1615      0.9086E-01  0.1485E-01
   56.00      0.1220     -0.3376E-01 -0.1413      0.8544E-01  0.6556E-02
   57.00      0.1426     -0.4178E-02 -0.1314      0.8224E-01 -0.1208E-02
   58.00      0.1538      0.2121E-01 -0.1277      0.8064E-01 -0.9025E-02
   59.00      0.1548      0.4444E-01 -0.1285      0.8033E-01 -0.1735E-01
   60.00      0.1461      0.6683E-01 -0.1333      0.8120E-01 -0.2662E-01
   61.00      0.1295      0.8935E-01 -0.1424      0.8334E-01 -0.3732E-01
   62.00      0.1077      0.1126     -0.1568      0.8701E-01 -0.5006E-01
   63.00      0.8365E-01  0.1368     -0.1783      0.9261E-01 -0.6563E-01
   64.00      0.6025E-01  0.1601     -0.2102      0.1006     -0.8477E-01
   65.00      0.4006E-01  0.1748     -0.2562      0.1109     -0.1071    
   66.00      0.2493E-01  0.1544     -0.3140      0.1191     -0.1258    
   67.00      0.1590E-01  0.3300E-01 -0.3435      0.1056     -0.1114    
   68.00      0.1320E-01 -0.2002     -0.2456      0.4315E-01 -0.2648E-01
   69.00      0.1633E-01 -0.3301     -0.7530E-01 -0.2407E-01  0.6027E-01
   70.00      0.2420E-01 -0.3113      0.2255E-01 -0.5229E-01  0.8697E-01
   71.00      0.3534E-01 -0.2538      0.5859E-01 -0.5967E-01  0.8266E-01
   72.00      0.4816E-01 -0.2011      0.6955E-01 -0.6184E-01  0.7040E-01
   73.00      0.6108E-01 -0.1592      0.7195E-01 -0.6398E-01  0.5750E-01
   74.00      0.7276E-01 -0.1262      0.7180E-01 -0.6743E-01  0.4578E-01
   75.00      0.8217E-01 -0.9936E-01  0.7129E-01 -0.7243E-01  0.3557E-01
   76.00      0.8868E-01 -0.7673E-01  0.7117E-01 -0.7889E-01  0.2688E-01
   77.00      0.9204E-01 -0.5663E-01  0.7168E-01 -0.8663E-01  0.1972E-01
   78.00      0.9235E-01 -0.3779E-01  0.7282E-01 -0.9536E-01  0.1416E-01
   79.00      0.9001E-01 -0.1916E-01  0.7444E-01 -0.1047      0.1038E-01
   80.00      0.8558E-01  0.9625E-04  0.7631E-01 -0.1141      0.8598E-02
   81.00      0.7973E-01  0.2058E-01  0.7807E-01 -0.1227      0.9100E-02
   82.00      0.7314E-01  0.4246E-01  0.7928E-01 -0.1296      0.1213E-01
   83.00      0.6645E-01  0.6527E-01  0.7943E-01 -0.1334      0.1778E-01
   84.00      0.6018E-01  0.8754E-01  0.7805E-01 -0.1327      0.2587E-01
   85.00      0.5475E-01  0.1067      0.7484E-01 -0.1264      0.3579E-01
   86.00      0.5044E-01  0.1193      0.6989E-01 -0.1137      0.4641E-01
   87.00      0.4742E-01  0.1218      0.6380E-01 -0.9520E-01  0.5623E-01
   88.00      0.4579E-01  0.1125      0.5763E-01 -0.7277E-01  0.6381E-01
   89.00      0.4555E-01  0.9234E-01  0.5253E-01 -0.4927E-01  0.6830E-01
   90.00      0.4667E-01  0.6566E-01  0.4920E-01 -0.2757E-01  0.6976E-01
   91.00      0.4908E-01  0.3845E-01  0.4764E-01 -0.9638E-02  0.6908E-01
   92.00      0.5267E-01  0.1644E-01  0.4718E-01  0.3899E-02  0.6748E-01
   93.00      0.5727E-01  0.3517E-02  0.4682E-01  0.1349E-01  0.6600E-01
   94.00      0.6271E-01  0.1248E-02  0.4557E-01  0.2012E-01  0.6529E-01
   95.00      0.6872E-01  0.9284E-02  0.4274E-01  0.2484E-01  0.6553E-01
   96.00      0.7501E-01  0.2606E-01  0.3792E-01  0.2847E-01  0.6661E-01
   97.00      0.8121E-01  0.4945E-01  0.3101E-01  0.3155E-01  0.6824E-01
   98.00      0.8690E-01  0.7727E-01  0.2206E-01  0.3434E-01  0.7009E-01
   99.00      0.9166E-01  0.1075      0.1127E-01  0.3693E-01  0.7183E-01
   100.0      0.9507E-01  0.1384     -0.1133E-02  0.3927E-01  0.7320E-01
   101.0      0.9678E-01  0.1686     -0.1492E-01  0.4127E-01  0.7398E-01
   102.0      0.9652E-01  0.1968     -0.2986E-01  0.4282E-01  0.7399E-01
   103.0      0.9416E-01  0.2218     -0.4571E-01  0.4382E-01  0.7307E-01
   104.0      0.8977E-01  0.2425     -0.6217E-01  0.4427E-01  0.7104E-01
   105.0      0.8358E-01  0.2575     -0.7878E-01  0.4425E-01  0.6772E-01
   106.0      0.7602E-01  0.2646     -0.9477E-01  0.4408E-01  0.6287E-01
   107.0      0.6765E-01  0.2615     -0.1087      0.4446E-01  0.5623E-01
   108.0      0.5919E-01  0.2447     -0.1183      0.4671E-01  0.4762E-01
   109.0      0.5135E-01  0.2110     -0.1197      0.5304E-01  0.3717E-01
   110.0      0.4487E-01  0.1592     -0.1082      0.6649E-01  0.2579E-01
   111.0      0.4034E-01  0.9480E-01 -0.7982E-01  0.8970E-01  0.1566E-01
   112.0      0.3819E-01  0.3271E-01 -0.3638E-01  0.1223      0.9993E-02
   113.0      0.3862E-01 -0.7423E-02  0.1228E-01  0.1590      0.1111E-01
   114.0      0.4156E-01 -0.1474E-01  0.5292E-01  0.1918      0.1849E-01
   115.0      0.4668E-01  0.6351E-02  0.7771E-01  0.2156      0.2925E-01
   116.0      0.5338E-01  0.4336E-01  0.8671E-01  0.2297      0.4041E-01
   117.0      0.6089E-01  0.8500E-01  0.8403E-01  0.2364      0.5028E-01
   118.0      0.6832E-01  0.1245      0.7406E-01  0.2379      0.5823E-01
   119.0      0.7478E-01  0.1586      0.6000E-01  0.2363      0.6423E-01
   120.0      0.7946E-01  0.1861      0.4383E-01  0.2325      0.6839E-01
   121.0      0.8175E-01  0.2066      0.2673E-01  0.2272      0.7074E-01
   122.0      0.8128E-01  0.2196      0.9447E-02  0.2204      0.7115E-01
   123.0      0.7802E-01  0.2241     -0.7351E-02  0.2120      0.6921E-01
   124.0      0.7228E-01  0.2185     -0.2270E-01  0.2014      0.6414E-01
   125.0      0.6465E-01  0.1996     -0.3486E-01  0.1878      0.5461E-01
   126.0      0.5601E-01  0.1629     -0.4055E-01  0.1702      0.3863E-01
   127.0      0.4735E-01  0.1023     -0.3388E-01  0.1476      0.1364E-01
   128.0      0.3973E-01  0.1378E-01 -0.5818E-02  0.1198     -0.2230E-01
   129.0      0.3410E-01 -0.9657E-01  0.5276E-01  0.9050E-01 -0.6691E-01
   130.0      0.3122E-01 -0.2001      0.1399      0.6857E-01 -0.1087    
   131.0      0.3151E-01 -0.2534      0.2313      0.6424E-01 -0.1299    
   132.0      0.3505E-01 -0.2374      0.2949      0.7844E-01 -0.1221    
   133.0      0.4150E-01 -0.1745      0.3192      0.1020     -0.9408E-01
   134.0      0.5015E-01 -0.9757E-01  0.3143      0.1258     -0.5946E-01
   135.0      0.6000E-01 -0.2648E-01  0.2941      0.1456     -0.2645E-01
   136.0      0.6985E-01  0.3221E-01  0.2677      0.1608      0.2008E-02
   137.0      0.7846E-01  0.7814E-01  0.2397      0.1720      0.2556E-01
   138.0      0.8468E-01  0.1128      0.2116      0.1798      0.4461E-01
   139.0      0.8764E-01  0.1377      0.1838      0.1849      0.5944E-01
   140.0      0.8682E-01  0.1535      0.1559      0.1873      0.6991E-01
   141.0      0.8219E-01  0.1598      0.1273      0.1863      0.7509E-01
   142.0      0.7419E-01  0.1543      0.9731E-01  0.1807      0.7275E-01
   143.0      0.6375E-01  0.1318      0.6575E-01  0.1672      0.5844E-01
   144.0      0.5217E-01  0.8202E-01  0.3425E-01  0.1401      0.2372E-01
   145.0      0.4101E-01 -0.1258E-01  0.9478E-02  0.8879E-01 -0.4579E-01
   146.0      0.3192E-01 -0.1722      0.1002E-01 -0.3083E-03 -0.1672    
   147.0      0.2643E-01 -0.3844      0.6807E-01 -0.1249     -0.3326    
   148.0      0.2577E-01 -0.5442      0.1906     -0.2296     -0.4600    
   149.0      0.3071E-01 -0.5433      0.3120     -0.2472     -0.4608    
   150.0      0.4144E-01 -0.4312      0.3757     -0.1966     -0.3711    
   151.0      0.5749E-01 -0.3032      0.3910     -0.1306     -0.2664    
   152.0      0.7776E-01 -0.1981      0.3828     -0.7329E-01 -0.1787    
   153.0      0.1006     -0.1191      0.3659     -0.2850E-01 -0.1114    
   154.0      0.1239     -0.6052E-01  0.3465      0.5998E-02 -0.6064E-01
   155.0      0.1455     -0.1659E-01  0.3264      0.3301E-01 -0.2217E-01
   156.0      0.1631      0.1677E-01  0.3060      0.5471E-01  0.6924E-02
   157.0      0.1749      0.4215E-01  0.2847      0.7258E-01  0.2835E-01
   158.0      0.1795      0.6086E-01  0.2616      0.8748E-01  0.4269E-01
   159.0      0.1763      0.7301E-01  0.2351      0.9969E-01  0.4942E-01
   160.0      0.1656      0.7718E-01  0.2028      0.1087      0.4656E-01
   161.0      0.1489      0.6963E-01  0.1617      0.1129      0.2996E-01
   162.0      0.1283      0.4269E-01  0.1070      0.1081     -0.7932E-02
   163.0      0.1069     -0.1738E-01  0.3427E-01  0.8635E-01 -0.7910E-01
   164.0      0.8851E-01 -0.1291     -0.5570E-01  0.3460E-01 -0.1963    
   165.0      0.7698E-01 -0.2967     -0.1407     -0.5670E-01 -0.3517    
   166.0      0.7625E-01 -0.4662     -0.1693     -0.1661     -0.4823    
   167.0      0.8976E-01 -0.5444     -0.1138     -0.2381     -0.5082    
   168.0      0.1201     -0.5161     -0.1736E-01 -0.2494     -0.4396    
   169.0      0.1688     -0.4390      0.6976E-01 -0.2246     -0.3416    
   170.0      0.2359     -0.3576      0.1325     -0.1894     -0.2532    
   171.0      0.3199     -0.2875      0.1744     -0.1558     -0.1838    
   172.0      0.4179     -0.2304      0.2019     -0.1267     -0.1315    
   173.0      0.5255     -0.1843      0.2202     -0.1023     -0.9242E-01
   174.0      0.6372     -0.1464      0.2325     -0.8184E-01 -0.6322E-01
   175.0      0.7468     -0.1146      0.2409     -0.6437E-01 -0.4142E-01
   176.0      0.8478     -0.8725E-01  0.2466     -0.4915E-01 -0.2532E-01
   177.0      0.9341     -0.6302E-01  0.2504     -0.3557E-01 -0.1375E-01
   178.0       1.000     -0.4092E-01  0.2528     -0.2312E-01 -0.5966E-02
   179.0       1.041     -0.2014E-01  0.2542     -0.1139E-01 -0.1470E-02
   180.0       1.056     -0.2002E-03  0.2546     -0.1132E-03 -0.1462E-06
 END
