 Integrated cross sections for all states
  1  1  3  3.2000E+01  1.4737
   1  33
  1.0  1  0.0000  1.5 -1  0.0000  1.7041E+03  2.8565E+03  1.1524E+03
  3.0  1  2.1860  1.5 -1  0.0000  1.9960E+01
  2.0  1  4.3100  1.5 -1  0.0000  1.0427E+01
  1.0  1  5.7000  1.5 -1  0.0000  1.7359E+00
  1.0  1  1.5571  1.5 -1  0.0000  1.0611E-01
  1.0  1  1.8657  1.5 -1  0.0000  2.3600E+00
  1.0  1  2.4930  1.5 -1  0.0000  2.1413E+00
  1.0  1  3.4338  1.5 -1  0.0000  7.7129E+00
  0.0 -1  1.5571  1.5 -1  0.0000  5.5687E-03
  1.0 -1  1.5571  1.5 -1  0.0000  1.4178E-02
  2.0 -1  1.5571  1.5 -1  0.0000  4.4933E-02
  0.0 -1  1.8657  1.5 -1  0.0000  2.5623E-01
  1.0 -1  1.8657  1.5 -1  0.0000  5.7313E-01
  2.0 -1  1.8657  1.5 -1  0.0000  1.3018E+00
  0.0 -1  2.4930  1.5 -1  0.0000  8.4107E-01
  1.0 -1  2.4930  1.5 -1  0.0000  2.8968E+00
  2.0 -1  2.4930  1.5 -1  0.0000  2.8123E+00
  0.0 -1  3.4338  1.5 -1  0.0000  1.1068E+00
  1.0 -1  3.4338  1.5 -1  0.0000  3.9121E+00
  2.0 -1  3.4338  1.5 -1  0.0000  3.5707E+00
  3.0  1  3.2182  1.5 -1  0.0000  4.6958E+00
  2.0 -1  1.5571  1.5 -1  0.0000  2.9514E-03
  3.0 -1  1.5571  1.5 -1  0.0000  3.1201E-03
  4.0 -1  1.5571  1.5 -1  0.0000  6.0256E-03
  2.0 -1  1.8657  1.5 -1  0.0000  8.4874E-01
  3.0 -1  1.8657  1.5 -1  0.0000  8.6661E-01
  4.0 -1  1.8657  1.5 -1  0.0000  1.3800E+00
  2.0 -1  2.4930  1.5 -1  0.0000  1.3589E+00
  3.0 -1  2.4930  1.5 -1  0.0000  1.4761E+00
  4.0 -1  2.4930  1.5 -1  0.0000  3.1169E+00
  2.0 -1  3.4338  1.5 -1  0.0000  7.7607E-01
  3.0 -1  3.4338  1.5 -1  0.0000  1.3835E+00
  4.0 -1  3.4338  1.5 -1  0.0000  2.9424E+00
   2   1
  0.0  1  0.0000  1.5 -1  0.0000  0.0000E+00
   3   2
  1.0  1  0.0000  0.5 -1  0.0000  8.5158E-02
  1.0  1  0.0000  2.5  1  6.8600  1.6545E-01
