0.000 107.3
0.000 -0.7004E-01
0.000 0.000
1.000 104.6
0.1898E-01 -0.7043E-01
-0.6060E-03 -0.3728E-03
2.000 97.05
0.3885E-01 -0.7164E-01
-0.1316E-02 -0.1537E-02
3.000 85.39
0.6063E-01 -0.7379E-01
-0.2249E-02 -0.3642E-02
4.000 70.96
0.8568E-01 -0.7712E-01
-0.3564E-02 -0.6989E-02
5.000 55.30
0.1160 -0.8205E-01
-0.5489E-02 -0.1213E-01
6.000 39.97
0.1549 -0.8936E-01
-0.8384E-02 -0.2013E-01
7.000 26.32
0.2082 -0.1005
-0.1286E-01 -0.3314E-01
8.000 15.31
0.2873 -0.1188
-0.1997E-01 -0.5610E-01
9.000 7.459
0.4164 -0.1521
-0.3136E-01 -0.1023
10.00 2.773
0.6353 -0.2216
-0.4507E-01 -0.2148
11.00 0.8573
0.6024 -0.3041
0.1503E-01 -0.4391
12.00 1.028
-0.4971 -0.5732E-01
0.1615 -0.1291
13.00 2.472
-0.5041 0.7659E-02
0.1285 0.4319E-01
14.00 4.400
-0.3777 0.1863E-02
0.1022 0.7183E-01
15.00 6.171
-0.2879 -0.8795E-02
0.8870E-01 0.7704E-01
16.00 7.360
-0.2236 -0.1839E-01
0.8149E-01 0.7795E-01
17.00 7.776
-0.1731 -0.2691E-01
0.7752E-01 0.7827E-01
18.00 7.433
-0.1294 -0.3494E-01
0.7520E-01 0.7888E-01
19.00 6.494
-0.8793E-01 -0.4313E-01
0.7348E-01 0.7993E-01
20.00 5.193
-0.4507E-01 -0.5231E-01
0.7130E-01 0.8137E-01
21.00 3.781
0.3210E-02 -0.6383E-01
0.6702E-01 0.8293E-01
22.00 2.470
0.6271E-01 -0.8048E-01
0.5712E-01 0.8381E-01
23.00 1.407
0.1439 -0.1092
0.3220E-01 0.8143E-01
24.00 0.6659
0.2665 -0.1709
-0.3890E-01 0.6526E-01
25.00 0.2549
0.4305 -0.3297
-0.2706 -0.1358E-01
26.00 0.1302
0.2224 -0.5079
-0.6504 -0.2099
27.00 0.2166
-0.1872 -0.2724
-0.3567 -0.1488
28.00 0.4266
-0.1943 -0.1402
-0.1249 -0.5629E-01
29.00 0.6766
-0.1356 -0.9593E-01
-0.2989E-01 -0.1344E-01
30.00 0.8988
-0.7679E-01 -0.7858E-01
0.1638E-01 0.7436E-02
31.00 1.048
-0.2182E-01 -0.7077E-01
0.4349E-01 0.1788E-01
32.00 1.103
0.3198E-01 -0.6691E-01
0.6176E-01 0.2197E-01
33.00 1.066
0.8759E-01 -0.6487E-01
0.7527E-01 0.2082E-01
34.00 0.9548
0.1476 -0.6377E-01
0.8545E-01 0.1386E-01
35.00 0.7992
0.2135 -0.6327E-01
0.9204E-01 -0.9230E-03
36.00 0.6318
0.2833 -0.6356E-01
0.9275E-01 -0.2706E-01
37.00 0.4821
0.3447 -0.6561E-01
0.8233E-01 -0.6853E-01
38.00 0.3724
0.3637 -0.7156E-01
0.5346E-01 -0.1237
39.00 0.3149
0.2933 -0.8345E-01
0.6148E-02 -0.1724
40.00 0.3114
0.1397 -0.9911E-01
-0.3922E-01 -0.1822
41.00 0.3549
-0.1294E-01 -0.1128
-0.6025E-01 -0.1503
42.00 0.4318
-0.1072 -0.1224
-0.5847E-01 -0.1035
43.00 0.5257
-0.1476 -0.1292
-0.4614E-01 -0.6120E-01
44.00 0.6200
-0.1553 -0.1351
-0.3129E-01 -0.2800E-01
45.00 0.7006
-0.1457 -0.1413
-0.1715E-01 -0.2776E-02
46.00 0.7573
-0.1271 -0.1483
-0.4623E-02 0.1654E-01
47.00 0.7847
-0.1038 -0.1566
0.6152E-02 0.3166E-01
48.00 0.7822
-0.7778E-01 -0.1666
0.1526E-01 0.4376E-01
49.00 0.7524
-0.5012E-01 -0.1787
0.2276E-01 0.5363E-01
50.00 0.7011
-0.2166E-01 -0.1934
0.2865E-01 0.6175E-01
51.00 0.6351
0.6753E-02 -0.2112
0.3280E-01 0.6844E-01
52.00 0.5616
0.3393E-01 -0.2329
0.3499E-01 0.7389E-01
53.00 0.4871
0.5811E-01 -0.2590
0.3492E-01 0.7821E-01
54.00 0.4168
0.7686E-01 -0.2899
0.3231E-01 0.8150E-01
55.00 0.3542
0.8721E-01 -0.3257
0.2701E-01 0.8390E-01
56.00 0.3010
0.8629E-01 -0.3659
0.1921E-01 0.8564E-01
57.00 0.2576
0.7240E-01 -0.4092
0.9593E-02 0.8706E-01
58.00 0.2230
0.4625E-01 -0.4538
-0.7194E-03 0.8861E-01
59.00 0.1957
0.1141E-01 -0.4982
-0.1047E-01 0.9070E-01
60.00 0.1736
-0.2643E-01 -0.5419
-0.1873E-01 0.9358E-01
61.00 0.1550
-0.6114E-01 -0.5857
-0.2530E-01 0.9721E-01
62.00 0.1384
-0.8758E-01 -0.6313
-0.3083E-01 0.1013
63.00 0.1228
-0.1021 -0.6812
-0.3670E-01 0.1051
64.00 0.1077
-0.1021 -0.7381
-0.4496E-01 0.1076
65.00 0.9317E-01
-0.8550E-01 -0.8039
-0.5840E-01 0.1075
66.00 0.7939E-01
-0.5008E-01 -0.8793
-0.8069E-01 0.1024
67.00 0.6685E-01
0.6274E-02 -0.9620
-0.1165 0.8920E-01
68.00 0.5606E-01
0.8429E-01 -1.044
-0.1710 0.6394E-01
69.00 0.4745E-01
0.1801 -1.109
-0.2476 0.2295E-01
70.00 0.4131E-01
0.2808 -1.131
-0.3435 -0.3417E-01
71.00 0.3775E-01
0.3639 -1.087
-0.4454 -0.1008
72.00 0.3667E-01
0.4073 -0.9737
-0.5317 -0.1631
73.00 0.3776E-01
0.4041 -0.8173
-0.5855 -0.2081
74.00 0.4058E-01
0.3662 -0.6552
-0.6048 -0.2307
75.00 0.4459E-01
0.3128 -0.5143
-0.5987 -0.2346
76.00 0.4921E-01
0.2588 -0.4040
-0.5788 -0.2265
77.00 0.5389E-01
0.2118 -0.3225
-0.5539 -0.2123
78.00 0.5816E-01
0.1743 -0.2639
-0.5291 -0.1959
79.00 0.6165E-01
0.1459 -0.2221
-0.5067 -0.1796
80.00 0.6416E-01
0.1250 -0.1923
-0.4877 -0.1646
81.00 0.6558E-01
0.1099 -0.1709
-0.4723 -0.1516
82.00 0.6594E-01
0.9865E-01 -0.1555
-0.4601 -0.1409
83.00 0.6534E-01
0.8971E-01 -0.1446
-0.4508 -0.1327
84.00 0.6395E-01
0.8170E-01 -0.1371
-0.4437 -0.1269
85.00 0.6198E-01
0.7359E-01 -0.1326
-0.4381 -0.1231
86.00 0.5966E-01
0.6466E-01 -0.1304
-0.4330 -0.1209
87.00 0.5717E-01
0.5459E-01 -0.1304
-0.4277 -0.1193
88.00 0.5470E-01
0.4344E-01 -0.1321
-0.4211 -0.1176
89.00 0.5236E-01
0.3171E-01 -0.1354
-0.4127 -0.1148
90.00 0.5022E-01
0.2022E-01 -0.1401
-0.4021 -0.1103
91.00 0.4830E-01
0.9983E-02 -0.1464
-0.3895 -0.1035
92.00 0.4658E-01
0.2022E-02 -0.1545
-0.3755 -0.9449E-01
93.00 0.4499E-01
-0.2877E-02 -0.1645
-0.3608 -0.8353E-01
94.00 0.4345E-01
-0.4302E-02 -0.1769
-0.3465 -0.7128E-01
95.00 0.4189E-01
-0.2276E-02 -0.1920
-0.3334 -0.5852E-01
96.00 0.4023E-01
0.2777E-02 -0.2104
-0.3224 -0.4607E-01
97.00 0.3841E-01
0.1013E-01 -0.2325
-0.3141 -0.3468E-01
98.00 0.3641E-01
0.1888E-01 -0.2587
-0.3086 -0.2495E-01
99.00 0.3422E-01
0.2804E-01 -0.2895
-0.3062 -0.1727E-01
100.0 0.3187E-01
0.3662E-01 -0.3254
-0.3063 -0.1181E-01
101.0 0.2939E-01
0.4367E-01 -0.3668
-0.3086 -0.8502E-02
102.0 0.2684E-01
0.4829E-01 -0.4137
-0.3121 -0.7048E-02
103.0 0.2431E-01
0.4966E-01 -0.4660
-0.3155 -0.6987E-02
104.0 0.2185E-01
0.4704E-01 -0.5233
-0.3172 -0.7747E-02
105.0 0.1953E-01
0.3990E-01 -0.5843
-0.3152 -0.8748E-02
106.0 0.1740E-01
0.2801E-01 -0.6474
-0.3075 -0.9527E-02
107.0 0.1552E-01
0.1170E-01 -0.7101
-0.2919 -0.9891E-02
108.0 0.1390E-01
-0.8010E-02 -0.7693
-0.2668 -0.1005E-01
109.0 0.1255E-01
-0.2932E-01 -0.8212
-0.2314 -0.1069E-01
110.0 0.1145E-01
-0.4994E-01 -0.8622
-0.1863 -0.1286E-01
111.0 0.1060E-01
-0.6761E-01 -0.8896
-0.1340 -0.1773E-01
112.0 0.9942E-02
-0.8085E-01 -0.9022
-0.7796E-01 -0.2620E-01
113.0 0.9434E-02
-0.8954E-01 -0.9004
-0.2236E-01 -0.3857E-01
114.0 0.9022E-02
-0.9498E-01 -0.8867
0.2940E-01 -0.5451E-01
115.0 0.8653E-02
-0.9954E-01 -0.8643
0.7525E-01 -0.7318E-01
116.0 0.8282E-02
-0.1061 -0.8361
0.1146 -0.9358E-01
117.0 0.7876E-02
-0.1176 -0.8049
0.1482 -0.1149
118.0 0.7421E-02
-0.1368 -0.7720
0.1774 -0.1365
119.0 0.6920E-02
-0.1659 -0.7380
0.2042 -0.1583
120.0 0.6394E-02
-0.2066 -0.7025
0.2302 -0.1806
121.0 0.5874E-02
-0.2594 -0.6642
0.2569 -0.2039
122.0 0.5397E-02
-0.3228 -0.6212
0.2847 -0.2294
123.0 0.4998E-02
-0.3925 -0.5721
0.3128 -0.2577
124.0 0.4705E-02
-0.4613 -0.5164
0.3388 -0.2892
125.0 0.4532E-02
-0.5207 -0.4554
0.3591 -0.3233
126.0 0.4481E-02
-0.5639 -0.3920
0.3706 -0.3581
127.0 0.4539E-02
-0.5889 -0.3295
0.3714 -0.3910
128.0 0.4684E-02
-0.5982 -0.2703
0.3620 -0.4196
129.0 0.4890E-02
-0.5968 -0.2149
0.3442 -0.4419
130.0 0.5130E-02
-0.5894 -0.1628
0.3201 -0.4564
131.0 0.5380E-02
-0.5792 -0.1127
0.2918 -0.4623
132.0 0.5628E-02
-0.5672 -0.6381E-01
0.2609 -0.4586
133.0 0.5865E-02
-0.5533 -0.1572E-01
0.2285 -0.4451
134.0 0.6092E-02
-0.5370 0.3106E-01
0.1960 -0.4223
135.0 0.6312E-02
-0.5180 0.7541E-01
0.1646 -0.3915
136.0 0.6528E-02
-0.4973 0.1158
0.1354 -0.3553
137.0 0.6737E-02
-0.4768 0.1509
0.1092 -0.3173
138.0 0.6933E-02
-0.4593 0.1795
0.8652E-01 -0.2813
139.0 0.7103E-02
-0.4477 0.2010
0.6700E-01 -0.2508
140.0 0.7232E-02
-0.4444 0.2154
0.4999E-01 -0.2283
141.0 0.7306E-02
-0.4510 0.2228
0.3453E-01 -0.2150
142.0 0.7324E-02
-0.4673 0.2237
0.1960E-01 -0.2110
143.0 0.7295E-02
-0.4914 0.2181
0.4395E-02 -0.2148
144.0 0.7244E-02
-0.5190 0.2066
-0.1143E-01 -0.2235
145.0 0.7207E-02
-0.5439 0.1899
-0.2756E-01 -0.2330
146.0 0.7228E-02
-0.5585 0.1696
-0.4293E-01 -0.2385
147.0 0.7349E-02
-0.5560 0.1481
-0.5597E-01 -0.2354
148.0 0.7594E-02
-0.5334 0.1286
-0.6515E-01 -0.2216
149.0 0.7970E-02
-0.4931 0.1141
-0.6968E-01 -0.1977
150.0 0.8451E-02
-0.4417 0.1065
-0.6982E-01 -0.1669
151.0 0.8988E-02
-0.3873 0.1066
-0.6667E-01 -0.1335
152.0 0.9510E-02
-0.3373 0.1140
-0.6168E-01 -0.1011
153.0 0.9938E-02
-0.2965 0.1277
-0.5616E-01 -0.7241E-01
154.0 0.1020E-01
-0.2675 0.1469
-0.5112E-01 -0.4869E-01
155.0 0.1023E-01
-0.2516 0.1705
-0.4721E-01 -0.3060E-01
156.0 0.1002E-01
-0.2494 0.1976
-0.4479E-01 -0.1851E-01
157.0 0.9572E-02
-0.2612 0.2267
-0.4393E-01 -0.1286E-01
158.0 0.8941E-02
-0.2873 0.2558
-0.4441E-01 -0.1441E-01
159.0 0.8201E-02
-0.3274 0.2813
-0.4559E-01 -0.2438E-01
160.0 0.7448E-02
-0.3798 0.2976
-0.4636E-01 -0.4429E-01
161.0 0.6776E-02
-0.4394 0.2980
-0.4514E-01 -0.7536E-01
162.0 0.6270E-02
-0.4966 0.2760
-0.4037E-01 -0.1171
163.0 0.5995E-02
-0.5381 0.2305
-0.3159E-01 -0.1660
164.0 0.5986E-02
-0.5520 0.1695
-0.2042E-01 -0.2151
165.0 0.6251E-02
-0.5346 0.1088
-0.1032E-01 -0.2569
166.0 0.6772E-02
-0.4915 0.6370E-01
-0.4706E-02 -0.2865
167.0 0.7519E-02
-0.4329 0.4263E-01
-0.5357E-02 -0.3025
168.0 0.8454E-02
-0.3682 0.4657E-01
-0.1205E-01 -0.3059
169.0 0.9538E-02
-0.3032 0.7185E-01
-0.2324E-01 -0.2981
170.0 0.1074E-01
-0.2413 0.1131
-0.3674E-01 -0.2806
171.0 0.1203E-01
-0.1843 0.1645
-0.5027E-01 -0.2546
172.0 0.1338E-01
-0.1337 0.2209
-0.6174E-01 -0.2218
173.0 0.1478E-01
-0.9054E-01 0.2775
-0.6948E-01 -0.1842
174.0 0.1618E-01
-0.5575E-01 0.3306
-0.7242E-01 -0.1447
175.0 0.1754E-01
-0.2966E-01 0.3774
-0.7015E-01 -0.1058
176.0 0.1879E-01
-0.1198E-01 0.4163
-0.6286E-01 -0.7047E-01
177.0 0.1987E-01
-0.1800E-02 0.4464
-0.5118E-01 -0.4079E-01
178.0 0.2071E-01
0.2332E-02 0.4677
-0.3607E-01 -0.1847E-01
179.0 0.2124E-01
0.2246E-02 0.4803
-0.1863E-01 -0.4669E-02
180.0 0.2142E-01
0.000 0.4845
0.000 0.000
