0.000 2.190
0.000 -0.4902
0.000 0.000
1.000 2.169
0.1480E-01 -0.4906
0.2067E-01 0.1292E-02
2.000 2.108
0.2996E-01 -0.4917
0.3965E-01 0.5007E-02
3.000 2.013
0.4579E-01 -0.4939
0.5525E-01 0.1064E-01
4.000 1.896
0.6250E-01 -0.4974
0.6578E-01 0.1724E-01
5.000 1.767
0.8023E-01 -0.5023
0.6969E-01 0.2340E-01
6.000 1.639
0.9913E-01 -0.5085
0.6578E-01 0.2722E-01
7.000 1.522
0.1194 -0.5155
0.5347E-01 0.2658E-01
8.000 1.422
0.1411 -0.5220
0.3310E-01 0.1964E-01
9.000 1.344
0.1641 -0.5261
0.6005E-02 0.5463E-02
10.00 1.286
0.1878 -0.5258
-0.2574E-01 -0.1552E-01
11.00 1.244
0.2106 -0.5193
-0.5981E-01 -0.4160E-01
12.00 1.213
0.2303 -0.5060
-0.9414E-01 -0.7039E-01
13.00 1.185
0.2442 -0.4862
-0.1272 -0.9955E-01
14.00 1.153
0.2501 -0.4616
-0.1580 -0.1274
15.00 1.110
0.2460 -0.4341
-0.1860 -0.1529
16.00 1.052
0.2306 -0.4058
-0.2105 -0.1758
17.00 0.9786
0.2027 -0.3786
-0.2311 -0.1961
18.00 0.8919
0.1618 -0.3541
-0.2471 -0.2140
19.00 0.7968
0.1076 -0.3339
-0.2575 -0.2299
20.00 0.6997
0.4040E-01 -0.3193
-0.2611 -0.2441
21.00 0.6068
-0.3783E-01 -0.3120
-0.2561 -0.2568
22.00 0.5234
-0.1229 -0.3138
-0.2409 -0.2682
23.00 0.4528
-0.2077 -0.3263
-0.2145 -0.2783
24.00 0.3967
-0.2825 -0.3507
-0.1775 -0.2872
25.00 0.3544
-0.3375 -0.3860
-0.1331 -0.2942
26.00 0.3241
-0.3667 -0.4290
-0.8650E-01 -0.2987
27.00 0.3028
-0.3708 -0.4753
-0.4389E-01 -0.3000
28.00 0.2871
-0.3561 -0.5208
-0.1007E-01 -0.2974
29.00 0.2738
-0.3318 -0.5630
0.1248E-01 -0.2908
30.00 0.2604
-0.3065 -0.6013
0.2326E-01 -0.2802
31.00 0.2452
-0.2867 -0.6362
0.2286E-01 -0.2658
32.00 0.2277
-0.2769 -0.6686
0.1221E-01 -0.2480
33.00 0.2081
-0.2796 -0.6992
-0.7828E-02 -0.2275
34.00 0.1874
-0.2964 -0.7277
-0.3630E-01 -0.2054
35.00 0.1670
-0.3271 -0.7530
-0.7191E-01 -0.1829
36.00 0.1479
-0.3699 -0.7730
-0.1125 -0.1621
37.00 0.1312
-0.4202 -0.7850
-0.1550 -0.1453
38.00 0.1171
-0.4712 -0.7867
-0.1952 -0.1346
39.00 0.1058
-0.5150 -0.7768
-0.2288 -0.1317
40.00 0.9700E-01
-0.5445 -0.7561
-0.2526 -0.1369
41.00 0.9025E-01
-0.5557 -0.7270
-0.2649 -0.1492
42.00 0.8505E-01
-0.5481 -0.6934
-0.2661 -0.1667
43.00 0.8090E-01
-0.5247 -0.6592
-0.2579 -0.1872
44.00 0.7738E-01
-0.4902 -0.6280
-0.2430 -0.2084
45.00 0.7411E-01
-0.4492 -0.6025
-0.2242 -0.2285
46.00 0.7084E-01
-0.4062 -0.5843
-0.2038 -0.2462
47.00 0.6740E-01
-0.3644 -0.5740
-0.1840 -0.2607
48.00 0.6373E-01
-0.3258 -0.5715
-0.1663 -0.2716
49.00 0.5986E-01
-0.2920 -0.5757
-0.1514 -0.2788
50.00 0.5587E-01
-0.2635 -0.5852
-0.1399 -0.2827
51.00 0.5186E-01
-0.2409 -0.5985
-0.1317 -0.2838
52.00 0.4793E-01
-0.2239 -0.6143
-0.1262 -0.2826
53.00 0.4417E-01
-0.2124 -0.6313
-0.1227 -0.2796
54.00 0.4063E-01
-0.2057 -0.6488
-0.1207 -0.2754
55.00 0.3732E-01
-0.2032 -0.6664
-0.1193 -0.2701
56.00 0.3425E-01
-0.2047 -0.6838
-0.1180 -0.2639
57.00 0.3140E-01
-0.2098 -0.7011
-0.1166 -0.2567
58.00 0.2875E-01
-0.2185 -0.7182
-0.1145 -0.2485
59.00 0.2627E-01
-0.2310 -0.7356
-0.1114 -0.2391
60.00 0.2395E-01
-0.2472 -0.7536
-0.1067 -0.2287
61.00 0.2177E-01
-0.2669 -0.7727
-0.9977E-01 -0.2170
62.00 0.1972E-01
-0.2893 -0.7935
-0.8992E-01 -0.2043
63.00 0.1780E-01
-0.3134 -0.8163
-0.7671E-01 -0.1905
64.00 0.1603E-01
-0.3378 -0.8415
-0.5992E-01 -0.1758
65.00 0.1442E-01
-0.3609 -0.8689
-0.3958E-01 -0.1603
66.00 0.1297E-01
-0.3812 -0.8976
-0.1590E-01 -0.1445
67.00 0.1169E-01
-0.3974 -0.9266
0.1084E-01 -0.1290
68.00 0.1058E-01
-0.4082 -0.9544
0.4041E-01 -0.1146
69.00 0.9635E-02
-0.4126 -0.9794
0.7255E-01 -0.1023
70.00 0.8827E-02
-0.4094 -1.000
0.1069 -0.9291E-01
71.00 0.8140E-02
-0.3980 -1.015
0.1425 -0.8694E-01
72.00 0.7554E-02
-0.3781 -1.023
0.1783 -0.8444E-01
73.00 0.7047E-02
-0.3504 -1.023
0.2123 -0.8498E-01
74.00 0.6598E-02
-0.3168 -1.017
0.2429 -0.8770E-01
75.00 0.6188E-02
-0.2802 -1.003
0.2689 -0.9150E-01
76.00 0.5801E-02
-0.2437 -0.9849
0.2899 -0.9531E-01
77.00 0.5424E-02
-0.2102 -0.9637
0.3067 -0.9835E-01
78.00 0.5052E-02
-0.1816 -0.9412
0.3202 -0.1002
79.00 0.4683E-02
-0.1587 -0.9187
0.3322 -0.1006
80.00 0.4321E-02
-0.1413 -0.8968
0.3439 -0.9986E-01
81.00 0.3970E-02
-0.1283 -0.8755
0.3565 -0.9800E-01
82.00 0.3633E-02
-0.1187 -0.8544
0.3705 -0.9522E-01
83.00 0.3312E-02
-0.1109 -0.8325
0.3861 -0.9164E-01
84.00 0.3008E-02
-0.1038 -0.8085
0.4029 -0.8733E-01
85.00 0.2719E-02
-0.9630E-01 -0.7811
0.4203 -0.8229E-01
86.00 0.2445E-02
-0.8761E-01 -0.7491
0.4374 -0.7639E-01
87.00 0.2186E-02
-0.7691E-01 -0.7121
0.4530 -0.6931E-01
88.00 0.1941E-02
-0.6354E-01 -0.6700
0.4659 -0.6056E-01
89.00 0.1714E-02
-0.4708E-01 -0.6235
0.4744 -0.4958E-01
90.00 0.1505E-02
-0.2748E-01 -0.5736
0.4767 -0.3592E-01
91.00 0.1318E-02
-0.5210E-02 -0.5223
0.4713 -0.1949E-01
92.00 0.1154E-02
0.1878E-01 -0.4723
0.4571 -0.9283E-03
93.00 0.1014E-02
0.4319E-01 -0.4271
0.4345 0.1805E-01
94.00 0.8974E-03
0.6666E-01 -0.3900
0.4046 0.3451E-01
95.00 0.8044E-03
0.8799E-01 -0.3635
0.3699 0.4469E-01
96.00 0.7329E-03
0.1062 -0.3488
0.3332 0.4511E-01
97.00 0.6801E-03
0.1203 -0.3456
0.2971 0.3422E-01
98.00 0.6426E-03
0.1291 -0.3526
0.2632 0.1353E-01
99.00 0.6165E-03
0.1312 -0.3678
0.2309 -0.1287E-01
100.0 0.5982E-03
0.1244 -0.3885
0.1985 -0.3986E-01
101.0 0.5846E-03
0.1066 -0.4121
0.1636 -0.6310E-01
102.0 0.5736E-03
0.7640E-01 -0.4360
0.1243 -0.8010E-01
103.0 0.5636E-03
0.3313E-01 -0.4580
0.8011E-01 -0.9039E-01
104.0 0.5539E-03
-0.2234E-01 -0.4761
0.3152E-01 -0.9529E-01
105.0 0.5445E-03
-0.8774E-01 -0.4885
-0.1967E-01 -0.9729E-01
106.0 0.5362E-03
-0.1595 -0.4931
-0.7086E-01 -0.9943E-01
107.0 0.5303E-03
-0.2332 -0.4879
-0.1188 -0.1047
108.0 0.5281E-03
-0.3040 -0.4719
-0.1600 -0.1152
109.0 0.5313E-03
-0.3679 -0.4460
-0.1912 -0.1320
110.0 0.5409E-03
-0.4217 -0.4127
-0.2100 -0.1549
111.0 0.5580E-03
-0.4636 -0.3757
-0.2153 -0.1823
112.0 0.5829E-03
-0.4929 -0.3390
-0.2076 -0.2122
113.0 0.6155E-03
-0.5097 -0.3057
-0.1889 -0.2422
114.0 0.6543E-03
-0.5150 -0.2779
-0.1626 -0.2702
115.0 0.6964E-03
-0.5104 -0.2566
-0.1327 -0.2948
116.0 0.7384E-03
-0.4984 -0.2412
-0.1029 -0.3157
117.0 0.7764E-03
-0.4818 -0.2300
-0.7622E-01 -0.3331
118.0 0.8071E-03
-0.4639 -0.2214
-0.5504E-01 -0.3477
119.0 0.8282E-03
-0.4483 -0.2133
-0.4070E-01 -0.3601
120.0 0.8386E-03
-0.4392 -0.2048
-0.3381E-01 -0.3709
121.0 0.8386E-03
-0.4403 -0.1954
-0.3416E-01 -0.3803
122.0 0.8304E-03
-0.4544 -0.1851
-0.4081E-01 -0.3886
123.0 0.8173E-03
-0.4822 -0.1741
-0.5207E-01 -0.3959
124.0 0.8038E-03
-0.5216 -0.1626
-0.6555E-01 -0.4024
125.0 0.7936E-03
-0.5672 -0.1505
-0.7845E-01 -0.4086
126.0 0.7894E-03
-0.6114 -0.1376
-0.8809E-01 -0.4148
127.0 0.7919E-03
-0.6461 -0.1235
-0.9260E-01 -0.4216
128.0 0.7995E-03
-0.6653 -0.1076
-0.9136E-01 -0.4292
129.0 0.8094E-03
-0.6659 -0.8956E-01
-0.8488E-01 -0.4375
130.0 0.8180E-03
-0.6479 -0.6887E-01
-0.7448E-01 -0.4462
131.0 0.8213E-03
-0.6137 -0.4565E-01
-0.6182E-01 -0.4548
132.0 0.8158E-03
-0.5676 -0.2044E-01
-0.4862E-01 -0.4627
133.0 0.7991E-03
-0.5147 0.5982E-02
-0.3651E-01 -0.4694
134.0 0.7703E-03
-0.4609 0.3283E-01
-0.2697E-01 -0.4748
135.0 0.7304E-03
-0.4126 0.5942E-01
-0.2132E-01 -0.4784
136.0 0.6820E-03
-0.3765 0.8506E-01
-0.2077E-01 -0.4802
137.0 0.6291E-03
-0.3589 0.1087
-0.2630E-01 -0.4804
138.0 0.5761E-03
-0.3648 0.1284
-0.3866E-01 -0.4790
139.0 0.5276E-03
-0.3959 0.1416
-0.5813E-01 -0.4763
140.0 0.4877E-03
-0.4479 0.1450
-0.8409E-01 -0.4724
141.0 0.4596E-03
-0.5094 0.1363
-0.1145 -0.4670
142.0 0.4447E-03
-0.5638 0.1153
-0.1461 -0.4600
143.0 0.4423E-03
-0.5964 0.8480E-01
-0.1750 -0.4514
144.0 0.4500E-03
-0.6004 0.4964E-01
-0.1987 -0.4413
145.0 0.4639E-03
-0.5778 0.1467E-01
-0.2162 -0.4303
146.0 0.4802E-03
-0.5353 -0.1646E-01
-0.2278 -0.4186
147.0 0.4957E-03
-0.4804 -0.4154E-01
-0.2341 -0.4065
148.0 0.5084E-03
-0.4191 -0.5961E-01
-0.2354 -0.3942
149.0 0.5173E-03
-0.3560 -0.7070E-01
-0.2322 -0.3819
150.0 0.5227E-03
-0.2944 -0.7547E-01
-0.2246 -0.3697
151.0 0.5260E-03
-0.2374 -0.7483E-01
-0.2132 -0.3581
152.0 0.5294E-03
-0.1887 -0.6971E-01
-0.1985 -0.3478
153.0 0.5354E-03
-0.1523 -0.6123E-01
-0.1814 -0.3396
154.0 0.5460E-03
-0.1329 -0.5109E-01
-0.1632 -0.3338
155.0 0.5621E-03
-0.1343 -0.4168E-01
-0.1448 -0.3303
156.0 0.5839E-03
-0.1582 -0.3577E-01
-0.1267 -0.3276
157.0 0.6114E-03
-0.2035 -0.3599E-01
-0.1087 -0.3238
158.0 0.6451E-03
-0.2661 -0.4444E-01
-0.8990E-01 -0.3169
159.0 0.6859E-03
-0.3386 -0.6261E-01
-0.6952E-01 -0.3055
160.0 0.7356E-03
-0.4117 -0.9139E-01
-0.4716E-01 -0.2895
161.0 0.7963E-03
-0.4759 -0.1307
-0.2317E-01 -0.2701
162.0 0.8701E-03
-0.5232 -0.1789
0.1404E-02 -0.2493
163.0 0.9585E-03
-0.5488 -0.2330
0.2514E-01 -0.2297
164.0 0.1062E-02
-0.5520 -0.2885
0.4674E-01 -0.2132
165.0 0.1180E-02
-0.5356 -0.3414
0.6533E-01 -0.2010
166.0 0.1307E-02
-0.5049 -0.3885
0.8067E-01 -0.1933
167.0 0.1436E-02
-0.4657 -0.4285
0.9297E-01 -0.1892
168.0 0.1556E-02
-0.4231 -0.4612
0.1027 -0.1876
169.0 0.1655E-02
-0.3810 -0.4876
0.1105 -0.1871
170.0 0.1720E-02
-0.3416 -0.5085
0.1167 -0.1866
171.0 0.1742E-02
-0.3064 -0.5254
0.1217 -0.1850
172.0 0.1714E-02
-0.2759 -0.5397
0.1258 -0.1812
173.0 0.1635E-02
-0.2500 -0.5534
0.1290 -0.1739
174.0 0.1509E-02
-0.2281 -0.5685
0.1311 -0.1618
175.0 0.1351E-02
-0.2083 -0.5867
0.1311 -0.1433
176.0 0.1178E-02
-0.1877 -0.6094
0.1270 -0.1172
177.0 0.1012E-02
-0.1615 -0.6362
0.1153 -0.8334E-01
178.0 0.8757E-03
-0.1232 -0.6645
0.9124E-01 -0.4540E-01
179.0 0.7859E-03
-0.6819E-01 -0.6875
0.5160E-01 -0.1310E-01
180.0 0.7547E-03
0.000 -0.6967
0.000 0.000
