0.000 1.959
0.000 -0.2099
0.000 0.000
1.000 1.951
0.2377E-01 -0.2045
-0.2136E-01 0.8612E-03
2.000 1.929
0.4523E-01 -0.1878
-0.4425E-01 0.3123E-02
3.000 1.904
0.6264E-01 -0.1585
-0.6955E-01 0.5771E-02
4.000 1.892
0.7523E-01 -0.1158
-0.9675E-01 0.7075E-02
5.000 1.912
0.8324E-01 -0.6142E-01
-0.1235 0.4938E-02
6.000 1.981
0.8764E-01 -0.6712E-03
-0.1463 -0.2155E-02
7.000 2.110
0.8962E-01 0.5821E-01
-0.1620 -0.1409E-01
8.000 2.298
0.9020E-01 0.1080
-0.1697 -0.2899E-01
9.000 2.532
0.9010E-01 0.1453
-0.1711 -0.4427E-01
10.00 2.793
0.8992E-01 0.1712
-0.1686 -0.5779E-01
11.00 3.061
0.9026E-01 0.1887
-0.1644 -0.6831E-01
12.00 3.317
0.9177E-01 0.2015
-0.1599 -0.7543E-01
13.00 3.546
0.9502E-01 0.2125
-0.1555 -0.7929E-01
14.00 3.734
0.1004 0.2237
-0.1510 -0.8043E-01
15.00 3.866
0.1081 0.2361
-0.1458 -0.7957E-01
16.00 3.927
0.1181 0.2500
-0.1395 -0.7754E-01
17.00 3.905
0.1304 0.2650
-0.1314 -0.7510E-01
18.00 3.794
0.1451 0.2805
-0.1211 -0.7291E-01
19.00 3.598
0.1624 0.2954
-0.1080 -0.7146E-01
20.00 3.333
0.1826 0.3085
-0.9169E-01 -0.7103E-01
21.00 3.025
0.2057 0.3186
-0.7170E-01 -0.7158E-01
22.00 2.699
0.2318 0.3245
-0.4792E-01 -0.7266E-01
23.00 2.378
0.2606 0.3255
-0.2059E-01 -0.7327E-01
24.00 2.079
0.2910 0.3217
0.9530E-02 -0.7189E-01
25.00 1.810
0.3216 0.3144
0.4125E-01 -0.6662E-01
26.00 1.574
0.3499 0.3058
0.7310E-01 -0.5559E-01
27.00 1.371
0.3728 0.2983
0.1036 -0.3752E-01
28.00 1.198
0.3864 0.2939
0.1312 -0.1214E-01
29.00 1.054
0.3863 0.2937
0.1547 0.1946E-01
30.00 0.9354
0.3687 0.2970
0.1727 0.5481E-01
31.00 0.8407
0.3321 0.3023
0.1844 0.9043E-01
32.00 0.7668
0.2784 0.3075
0.1895 0.1228
33.00 0.7097
0.2132 0.3109
0.1888 0.1493
34.00 0.6657
0.1448 0.3121
0.1838 0.1692
35.00 0.6309
0.8132E-01 0.3111
0.1761 0.1833
36.00 0.6022
0.2904E-01 0.3089
0.1674 0.1934
37.00 0.5775
-0.8342E-02 0.3065
0.1587 0.2019
38.00 0.5553
-0.2956E-01 0.3049
0.1504 0.2104
39.00 0.5346
-0.3518E-01 0.3050
0.1426 0.2202
40.00 0.5148
-0.2691E-01 0.3075
0.1353 0.2322
41.00 0.4957
-0.7210E-02 0.3128
0.1280 0.2463
42.00 0.4772
0.2092E-01 0.3213
0.1207 0.2620
43.00 0.4596
0.5396E-01 0.3325
0.1131 0.2783
44.00 0.4431
0.8793E-01 0.3455
0.1051 0.2935
45.00 0.4279
0.1188 0.3589
0.9687E-01 0.3062
46.00 0.4140
0.1430 0.3708
0.8883E-01 0.3150
47.00 0.4008
0.1584 0.3798
0.8156E-01 0.3193
48.00 0.3877
0.1647 0.3851
0.7568E-01 0.3196
49.00 0.3736
0.1630 0.3869
0.7175E-01 0.3167
50.00 0.3580
0.1555 0.3856
0.7008E-01 0.3122
51.00 0.3405
0.1446 0.3820
0.7075E-01 0.3073
52.00 0.3211
0.1323 0.3769
0.7363E-01 0.3033
53.00 0.3005
0.1202 0.3707
0.7843E-01 0.3008
54.00 0.2791
0.1093 0.3635
0.8476E-01 0.3001
55.00 0.2578
0.1002 0.3550
0.9223E-01 0.3014
56.00 0.2370
0.9317E-01 0.3449
0.1004 0.3045
57.00 0.2172
0.8865E-01 0.3328
0.1089 0.3092
58.00 0.1987
0.8686E-01 0.3182
0.1173 0.3154
59.00 0.1816
0.8776E-01 0.3009
0.1250 0.3228
60.00 0.1662
0.9086E-01 0.2805
0.1317 0.3306
61.00 0.1527
0.9515E-01 0.2571
0.1369 0.3381
62.00 0.1409
0.9931E-01 0.2308
0.1403 0.3442
63.00 0.1308
0.1021 0.2023
0.1422 0.3479
64.00 0.1221
0.1028 0.1728
0.1429 0.3489
65.00 0.1145
0.1014 0.1435
0.1430 0.3474
66.00 0.1076
0.9867E-01 0.1156
0.1431 0.3440
67.00 0.1011
0.9532E-01 0.8977E-01
0.1435 0.3397
68.00 0.9486E-01
0.9212E-01 0.6659E-01
0.1445 0.3353
69.00 0.8879E-01
0.8942E-01 0.4615E-01
0.1459 0.3315
70.00 0.8286E-01
0.8726E-01 0.2834E-01
0.1478 0.3284
71.00 0.7705E-01
0.8558E-01 0.1295E-01
0.1503 0.3261
72.00 0.7136E-01
0.8443E-01 -0.2664E-03
0.1534 0.3244
73.00 0.6580E-01
0.8406E-01 -0.1156E-01
0.1572 0.3232
74.00 0.6041E-01
0.8487E-01 -0.2122E-01
0.1617 0.3223
75.00 0.5524E-01
0.8718E-01 -0.2959E-01
0.1667 0.3215
76.00 0.5035E-01
0.9102E-01 -0.3709E-01
0.1716 0.3208
77.00 0.4581E-01
0.9593E-01 -0.4423E-01
0.1759 0.3200
78.00 0.4167E-01
0.1011 -0.5149E-01
0.1792 0.3190
79.00 0.3794E-01
0.1054 -0.5919E-01
0.1813 0.3174
80.00 0.3459E-01
0.1082 -0.6741E-01
0.1825 0.3152
81.00 0.3157E-01
0.1090 -0.7595E-01
0.1830 0.3123
82.00 0.2882E-01
0.1082 -0.8439E-01
0.1833 0.3092
83.00 0.2628E-01
0.1064 -0.9227E-01
0.1834 0.3062
84.00 0.2392E-01
0.1042 -0.9921E-01
0.1834 0.3036
85.00 0.2173E-01
0.1019 -0.1051
0.1828 0.3019
86.00 0.1968E-01
0.9956E-01 -0.1101
0.1811 0.3009
87.00 0.1779E-01
0.9676E-01 -0.1148
0.1778 0.3003
88.00 0.1603E-01
0.9310E-01 -0.1201
0.1729 0.2997
89.00 0.1440E-01
0.8824E-01 -0.1265
0.1665 0.2982
90.00 0.1290E-01
0.8203E-01 -0.1349
0.1592 0.2949
91.00 0.1152E-01
0.7454E-01 -0.1455
0.1516 0.2886
92.00 0.1026E-01
0.6595E-01 -0.1583
0.1443 0.2787
93.00 0.9133E-02
0.5644E-01 -0.1729
0.1379 0.2646
94.00 0.8133E-02
0.4607E-01 -0.1884
0.1330 0.2463
95.00 0.7259E-02
0.3476E-01 -0.2037
0.1301 0.2243
96.00 0.6504E-02
0.2233E-01 -0.2171
0.1296 0.1998
97.00 0.5853E-02
0.8620E-02 -0.2272
0.1316 0.1743
98.00 0.5287E-02
-0.6405E-02 -0.2326
0.1364 0.1496
99.00 0.4785E-02
-0.2262E-01 -0.2329
0.1437 0.1273
100.0 0.4330E-02
-0.3978E-01 -0.2278
0.1531 0.1082
101.0 0.3913E-02
-0.5760E-01 -0.2176
0.1634 0.9251E-01
102.0 0.3531E-02
-0.7582E-01 -0.2028
0.1733 0.7971E-01
103.0 0.3185E-02
-0.9414E-01 -0.1843
0.1810 0.6874E-01
104.0 0.2879E-02
-0.1121 -0.1628
0.1846 0.5845E-01
105.0 0.2615E-02
-0.1290 -0.1395
0.1827 0.4785E-01
106.0 0.2394E-02
-0.1434 -0.1146
0.1747 0.3648E-01
107.0 0.2214E-02
-0.1536 -0.8745E-01
0.1609 0.2469E-01
108.0 0.2073E-02
-0.1578 -0.5635E-01
0.1428 0.1365E-01
109.0 0.1965E-02
-0.1549 -0.1925E-01
0.1222 0.5119E-02
110.0 0.1882E-02
-0.1450 0.2513E-01
0.1008 0.8336E-03
111.0 0.1819E-02
-0.1296 0.7642E-01
0.7990E-01 0.1886E-02
112.0 0.1772E-02
-0.1114 0.1321
0.6017E-01 0.8326E-02
113.0 0.1736E-02
-0.9316E-01 0.1879
0.4229E-01 0.1916E-01
114.0 0.1710E-02
-0.7711E-01 0.2386
0.2714E-01 0.3269E-01
115.0 0.1689E-02
-0.6376E-01 0.2796
0.1586E-01 0.4697E-01
116.0 0.1669E-02
-0.5180E-01 0.3082
0.9691E-02 0.6020E-01
117.0 0.1647E-02
-0.3838E-01 0.3231
0.9571E-02 0.7087E-01
118.0 0.1625E-02
-0.2016E-01 0.3251
0.1584E-01 0.7767E-01
119.0 0.1606E-02
0.5520E-02 0.3160
0.2786E-01 0.7966E-01
120.0 0.1597E-02
0.3941E-01 0.2987
0.4390E-01 0.7664E-01
121.0 0.1601E-02
0.7977E-01 0.2771
0.6128E-01 0.6955E-01
122.0 0.1621E-02
0.1227 0.2554
0.7714E-01 0.6053E-01
123.0 0.1656E-02
0.1630 0.2370
0.8922E-01 0.5236E-01
124.0 0.1706E-02
0.1960 0.2242
0.9636E-01 0.4765E-01
125.0 0.1763E-02
0.2180 0.2179
0.9853E-01 0.4810E-01
126.0 0.1824E-02
0.2269 0.2176
0.9649E-01 0.5415E-01
127.0 0.1878E-02
0.2225 0.2219
0.9143E-01 0.6496E-01
128.0 0.1920E-02
0.2058 0.2287
0.8465E-01 0.7865E-01
129.0 0.1943E-02
0.1790 0.2360
0.7743E-01 0.9273E-01
130.0 0.1941E-02
0.1450 0.2423
0.7112E-01 0.1045
131.0 0.1913E-02
0.1077 0.2468
0.6721E-01 0.1117
132.0 0.1857E-02
0.7173E-01 0.2497
0.6732E-01 0.1124
133.0 0.1778E-02
0.4193E-01 0.2521
0.7320E-01 0.1056
134.0 0.1683E-02
0.2337E-01 0.2557
0.8640E-01 0.9098E-01
135.0 0.1586E-02
0.2057E-01 0.2623
0.1077 0.6898E-01
136.0 0.1504E-02
0.3622E-01 0.2732
0.1357 0.4137E-01
137.0 0.1454E-02
0.6912E-01 0.2881
0.1662 0.1193E-01
138.0 0.1450E-02
0.1127 0.3052
0.1922 -0.1393E-01
139.0 0.1496E-02
0.1569 0.3210
0.2069 -0.3124E-01
140.0 0.1589E-02
0.1926 0.3324
0.2077 -0.3797E-01
141.0 0.1717E-02
0.2157 0.3379
0.1961 -0.3542E-01
142.0 0.1862E-02
0.2263 0.3380
0.1763 -0.2662E-01
143.0 0.2003E-02
0.2269 0.3340
0.1524 -0.1467E-01
144.0 0.2120E-02
0.2202 0.3275
0.1271 -0.1945E-02
145.0 0.2193E-02
0.2083 0.3198
0.1020 0.9741E-02
146.0 0.2211E-02
0.1926 0.3116
0.7737E-01 0.1881E-01
147.0 0.2170E-02
0.1741 0.3035
0.5315E-01 0.2355E-01
148.0 0.2074E-02
0.1537 0.2963
0.2905E-01 0.2191E-01
149.0 0.1936E-02
0.1323 0.2913
0.5027E-02 0.1142E-01
150.0 0.1772E-02
0.1118 0.2904
-0.1835E-01 -0.1069E-01
151.0 0.1605E-02
0.9499E-01 0.2965
-0.3940E-01 -0.4699E-01
152.0 0.1456E-02
0.8590E-01 0.3124
-0.5500E-01 -0.9842E-01
153.0 0.1347E-02
0.8956E-01 0.3393
-0.6095E-01 -0.1617
154.0 0.1295E-02
0.1098 0.3742
-0.5409E-01 -0.2271
155.0 0.1309E-02
0.1462 0.4094
-0.3539E-01 -0.2811
156.0 0.1388E-02
0.1934 0.4359
-0.1051E-01 -0.3138
157.0 0.1525E-02
0.2439 0.4486
0.1369E-01 -0.3243
158.0 0.1703E-02
0.2918 0.4474
0.3286E-01 -0.3184
159.0 0.1906E-02
0.3339 0.4349
0.4591E-01 -0.3032
160.0 0.2111E-02
0.3689 0.4145
0.5368E-01 -0.2840
161.0 0.2299E-02
0.3964 0.3892
0.5770E-01 -0.2637
162.0 0.2452E-02
0.4163 0.3610
0.5941E-01 -0.2436
163.0 0.2556E-02
0.4282 0.3310
0.5992E-01 -0.2239
164.0 0.2608E-02
0.4311 0.2997
0.6003E-01 -0.2042
165.0 0.2608E-02
0.4237 0.2674
0.6033E-01 -0.1842
166.0 0.2562E-02
0.4043 0.2345
0.6127E-01 -0.1634
167.0 0.2482E-02
0.3712 0.2017
0.6329E-01 -0.1416
168.0 0.2378E-02
0.3230 0.1704
0.6679E-01 -0.1188
169.0 0.2261E-02
0.2594 0.1424
0.7207E-01 -0.9563E-01
170.0 0.2142E-02
0.1817 0.1205
0.7917E-01 -0.7291E-01
171.0 0.2029E-02
0.9361E-01 0.1078
0.8764E-01 -0.5193E-01
172.0 0.1927E-02
0.1758E-02 0.1075
0.9647E-01 -0.3400E-01
173.0 0.1836E-02
-0.8515E-01 0.1219
0.1041 -0.1994E-01
174.0 0.1755E-02
-0.1576 0.1514
0.1086 -0.9944E-02
175.0 0.1682E-02
-0.2069 0.1940
0.1079 -0.3606E-02
176.0 0.1617E-02
-0.2259 0.2449
0.1004 -0.2401E-03
177.0 0.1564E-02
-0.2109 0.2970
0.8500E-01 0.9502E-03
178.0 0.1525E-02
-0.1629 0.3421
0.6188E-01 0.8287E-03
179.0 0.1501E-02
-0.8871E-01 0.3726
0.3262E-01 0.2762E-03
180.0 0.1493E-02
0.000 0.3833
0.000 0.000
