0.000 0.2686
0.000 0.5089E-01
0.000 0.000
1.000 0.2629
0.1478E-01 0.3653E-01
0.7368E-02 0.1619E-01
2.000 0.2487
0.8456E-02 -0.1068E-01
0.1165E-01 0.6499E-01
3.000 0.2343
-0.4233E-01 -0.9844E-01
0.7115E-02 0.1416
4.000 0.2321
-0.1491 -0.2192
-0.1405E-01 0.2215
5.000 0.2553
-0.2796 -0.3293
-0.5263E-01 0.2588
6.000 0.3144
-0.3703 -0.3795
-0.9523E-01 0.2309
7.000 0.4123
-0.3954 -0.3692
-0.1279 0.1641
8.000 0.5416
-0.3749 -0.3299
-0.1483 0.9331E-01
9.000 0.6839
-0.3345 -0.2862
-0.1602 0.3422E-01
10.00 0.8130
-0.2890 -0.2491
-0.1677 -0.1115E-01
11.00 0.9021
-0.2442 -0.2217
-0.1737 -0.4546E-01
12.00 0.9309
-0.2013 -0.2047
-0.1801 -0.7228E-01
13.00 0.8929
-0.1597 -0.1980
-0.1889 -0.9532E-01
14.00 0.7973
-0.1177 -0.2008
-0.2022 -0.1189
15.00 0.6667
-0.7334E-01 -0.2109
-0.2229 -0.1490
16.00 0.5299
-0.2588E-01 -0.2211
-0.2542 -0.1942
17.00 0.4136
0.2049E-01 -0.2139
-0.2968 -0.2629
18.00 0.3349
0.5199E-01 -0.1610
-0.3414 -0.3524
19.00 0.2977
0.5127E-01 -0.4987E-01
-0.3669 -0.4332
20.00 0.2936
0.1933E-01 0.8709E-01
-0.3600 -0.4692
21.00 0.3068
-0.2371E-01 0.2046
-0.3311 -0.4565
22.00 0.3204
-0.6236E-01 0.2874
-0.2967 -0.4144
23.00 0.3213
-0.9298E-01 0.3419
-0.2656 -0.3584
24.00 0.3039
-0.1173 0.3773
-0.2396 -0.2940
25.00 0.2695
-0.1374 0.3980
-0.2175 -0.2206
26.00 0.2248
-0.1537 0.4032
-0.1970 -0.1356
27.00 0.1782
-0.1632 0.3861
-0.1746 -0.3854E-01
28.00 0.1372
-0.1565 0.3351
-0.1457 0.6262E-01
29.00 0.1066
-0.1163 0.2400
-0.1053 0.1415
30.00 0.8801E-01
-0.2719E-01 0.1116
-0.5455E-01 0.1549
31.00 0.8025E-01
0.1020 -0.6683E-02
-0.6162E-02 0.8069E-01
32.00 0.8063E-01
0.2350 -0.7233E-01
0.2422E-01 -0.4515E-01
33.00 0.8590E-01
0.3429 -0.8374E-01
0.3212E-01 -0.1646
34.00 0.9308E-01
0.4207 -0.6542E-01
0.2262E-01 -0.2477
35.00 0.9993E-01
0.4748 -0.3982E-01
0.1802E-02 -0.2923
36.00 0.1050
0.5114 -0.1973E-01
-0.2641E-01 -0.3063
37.00 0.1077
0.5336 -0.1130E-01
-0.5977E-01 -0.2982
38.00 0.1079
0.5418 -0.1733E-01
-0.9675E-01 -0.2750
39.00 0.1058
0.5356 -0.3900E-01
-0.1359 -0.2417
40.00 0.1018
0.5142 -0.7642E-01
-0.1758 -0.2024
41.00 0.9656E-01
0.4778 -0.1287
-0.2149 -0.1606
42.00 0.9042E-01
0.4276 -0.1936
-0.2517 -0.1190
43.00 0.8388E-01
0.3664 -0.2679
-0.2846 -0.7997E-01
44.00 0.7731E-01
0.2981 -0.3472
-0.3125 -0.4534E-01
45.00 0.7096E-01
0.2276 -0.4267
-0.3349 -0.1630E-01
46.00 0.6503E-01
0.1598 -0.5019
-0.3517 0.6538E-02
47.00 0.5963E-01
0.9916E-01 -0.5691
-0.3636 0.2315E-01
48.00 0.5484E-01
0.4886E-01 -0.6261
-0.3718 0.3390E-01
49.00 0.5070E-01
0.1050E-01 -0.6723
-0.3780 0.3935E-01
50.00 0.4722E-01
-0.1593E-01 -0.7081
-0.3838 0.4009E-01
51.00 0.4444E-01
-0.3178E-01 -0.7351
-0.3903 0.3667E-01
52.00 0.4234E-01
-0.3933E-01 -0.7548
-0.3977 0.2960E-01
53.00 0.4093E-01
-0.4123E-01 -0.7693
-0.4053 0.1941E-01
54.00 0.4016E-01
-0.3981E-01 -0.7799
-0.4117 0.6799E-02
55.00 0.3998E-01
-0.3665E-01 -0.7881
-0.4153 -0.7373E-02
56.00 0.4028E-01
-0.3240E-01 -0.7949
-0.4147 -0.2217E-01
57.00 0.4094E-01
-0.2689E-01 -0.8008
-0.4095 -0.3671E-01
58.00 0.4183E-01
-0.1953E-01 -0.8060
-0.3997 -0.5027E-01
59.00 0.4280E-01
-0.9703E-02 -0.8102
-0.3861 -0.6242E-01
60.00 0.4372E-01
0.3034E-02 -0.8131
-0.3698 -0.7294E-01
61.00 0.4449E-01
0.1885E-01 -0.8139
-0.3514 -0.8183E-01
62.00 0.4504E-01
0.3771E-01 -0.8119
-0.3319 -0.8920E-01
63.00 0.4534E-01
0.5940E-01 -0.8066
-0.3117 -0.9524E-01
64.00 0.4539E-01
0.8361E-01 -0.7975
-0.2912 -0.1001
65.00 0.4523E-01
0.1099 -0.7844
-0.2709 -0.1041
66.00 0.4490E-01
0.1377 -0.7672
-0.2510 -0.1071
67.00 0.4442E-01
0.1663 -0.7462
-0.2319 -0.1092
68.00 0.4383E-01
0.1946 -0.7221
-0.2142 -0.1102
69.00 0.4315E-01
0.2215 -0.6957
-0.1979 -0.1100
70.00 0.4238E-01
0.2459 -0.6682
-0.1833 -0.1084
71.00 0.4152E-01
0.2668 -0.6407
-0.1704 -0.1052
72.00 0.4058E-01
0.2835 -0.6143
-0.1589 -0.1004
73.00 0.3957E-01
0.2957 -0.5900
-0.1483 -0.9412E-01
74.00 0.3852E-01
0.3033 -0.5683
-0.1383 -0.8657E-01
75.00 0.3744E-01
0.3067 -0.5499
-0.1283 -0.7810E-01
76.00 0.3636E-01
0.3064 -0.5348
-0.1178 -0.6911E-01
77.00 0.3529E-01
0.3030 -0.5231
-0.1066 -0.5998E-01
78.00 0.3424E-01
0.2971 -0.5146
-0.9440E-01 -0.5107E-01
79.00 0.3321E-01
0.2892 -0.5088
-0.8118E-01 -0.4265E-01
80.00 0.3219E-01
0.2799 -0.5053
-0.6695E-01 -0.3498E-01
81.00 0.3117E-01
0.2696 -0.5032
-0.5185E-01 -0.2820E-01
82.00 0.3015E-01
0.2589 -0.5020
-0.3619E-01 -0.2243E-01
83.00 0.2913E-01
0.2484 -0.5005
-0.2047E-01 -0.1762E-01
84.00 0.2812E-01
0.2386 -0.4982
-0.5363E-02 -0.1361E-01
85.00 0.2710E-01
0.2299 -0.4944
0.8372E-02 -0.1004E-01
86.00 0.2606E-01
0.2224 -0.4887
0.1998E-01 -0.6431E-02
87.00 0.2499E-01
0.2159 -0.4811
0.2888E-01 -0.2278E-02
88.00 0.2388E-01
0.2099 -0.4720
0.3471E-01 0.2869E-02
89.00 0.2271E-01
0.2040 -0.4620
0.3745E-01 0.9300E-02
90.00 0.2147E-01
0.1974 -0.4518
0.3733E-01 0.1711E-01
91.00 0.2018E-01
0.1897 -0.4422
0.3482E-01 0.2618E-01
92.00 0.1885E-01
0.1805 -0.4341
0.3056E-01 0.3627E-01
93.00 0.1750E-01
0.1696 -0.4284
0.2529E-01 0.4702E-01
94.00 0.1616E-01
0.1571 -0.4258
0.1981E-01 0.5804E-01
95.00 0.1484E-01
0.1432 -0.4271
0.1491E-01 0.6896E-01
96.00 0.1358E-01
0.1283 -0.4329
0.1133E-01 0.7945E-01
97.00 0.1239E-01
0.1131 -0.4435
0.9694E-02 0.8930E-01
98.00 0.1129E-01
0.9802E-01 -0.4591
0.1036E-01 0.9843E-01
99.00 0.1028E-01
0.8386E-01 -0.4792
0.1336E-01 0.1069
100.0 0.9366E-02
0.7103E-01 -0.5030
0.1831E-01 0.1151
101.0 0.8547E-02
0.5967E-01 -0.5292
0.2452E-01 0.1234
102.0 0.7814E-02
0.4950E-01 -0.5563
0.3105E-01 0.1322
103.0 0.7157E-02
0.3975E-01 -0.5824
0.3695E-01 0.1420
104.0 0.6565E-02
0.2924E-01 -0.6057
0.4146E-01 0.1528
105.0 0.6029E-02
0.1646E-01 -0.6247
0.4416E-01 0.1645
106.0 0.5539E-02
-0.2266E-03 -0.6381
0.4513E-01 0.1765
107.0 0.5089E-02
-0.2237E-01 -0.6447
0.4500E-01 0.1881
108.0 0.4673E-02
-0.5119E-01 -0.6438
0.4505E-01 0.1983
109.0 0.4290E-02
-0.8724E-01 -0.6350
0.4709E-01 0.2060
110.0 0.3940E-02
-0.1300 -0.6184
0.5342E-01 0.2100
111.0 0.3625E-02
-0.1774 -0.5949
0.6642E-01 0.2092
112.0 0.3350E-02
-0.2257 -0.5663
0.8798E-01 0.2029
113.0 0.3119E-02
-0.2694 -0.5352
0.1187 0.1909
114.0 0.2932E-02
-0.3029 -0.5050
0.1571 0.1739
115.0 0.2788E-02
-0.3216 -0.4792
0.1997 0.1538
116.0 0.2679E-02
-0.3242 -0.4603
0.2412 0.1328
117.0 0.2595E-02
-0.3131 -0.4491
0.2767 0.1131
118.0 0.2522E-02
-0.2936 -0.4444
0.3023 0.9583E-01
119.0 0.2451E-02
-0.2723 -0.4442
0.3162 0.8126E-01
120.0 0.2374E-02
-0.2561 -0.4456
0.3179 0.6843E-01
121.0 0.2286E-02
-0.2508 -0.4458
0.3085 0.5559E-01
122.0 0.2189E-02
-0.2611 -0.4418
0.2896 0.4048E-01
123.0 0.2087E-02
-0.2897 -0.4308
0.2640 0.2064E-01
124.0 0.1987E-02
-0.3369 -0.4102
0.2349 -0.6212E-02
125.0 0.1895E-02
-0.3996 -0.3779
0.2068 -0.4175E-01
126.0 0.1820E-02
-0.4703 -0.3336
0.1848 -0.8637E-01
127.0 0.1768E-02
-0.5375 -0.2791
0.1738 -0.1386
128.0 0.1744E-02
-0.5882 -0.2194
0.1772 -0.1950
129.0 0.1749E-02
-0.6115 -0.1614
0.1953 -0.2502
130.0 0.1784E-02
-0.6028 -0.1125
0.2249 -0.2987
131.0 0.1842E-02
-0.5656 -0.7768E-01
0.2605 -0.3366
132.0 0.1918E-02
-0.5094 -0.5888E-01
0.2960 -0.3622
133.0 0.2000E-02
-0.4462 -0.5454E-01
0.3264 -0.3764
134.0 0.2077E-02
-0.3869 -0.6096E-01
0.3485 -0.3815
135.0 0.2142E-02
-0.3397 -0.7352E-01
0.3610 -0.3807
136.0 0.2185E-02
-0.3096 -0.8757E-01
0.3635 -0.3772
137.0 0.2202E-02
-0.2993 -0.9888E-01
0.3565 -0.3740
138.0 0.2192E-02
-0.3088 -0.1038
0.3406 -0.3734
139.0 0.2154E-02
-0.3366 -0.9926E-01
0.3165 -0.3775
140.0 0.2092E-02
-0.3797 -0.8291E-01
0.2849 -0.3876
141.0 0.2010E-02
-0.4333 -0.5316E-01
0.2466 -0.4042
142.0 0.1912E-02
-0.4912 -0.9611E-02
0.2025 -0.4274
143.0 0.1808E-02
-0.5450 0.4641E-01
0.1543 -0.4560
144.0 0.1705E-02
-0.5846 0.1111
0.1049 -0.4874
145.0 0.1612E-02
-0.5988 0.1776
0.5852E-01 -0.5177
146.0 0.1537E-02
-0.5776 0.2364
0.2086E-01 -0.5414
147.0 0.1489E-02
-0.5163 0.2771
-0.2255E-02 -0.5531
148.0 0.1469E-02
-0.4188 0.2921
-0.6848E-02 -0.5488
149.0 0.1480E-02
-0.2987 0.2797
0.7198E-02 -0.5282
150.0 0.1517E-02
-0.1748 0.2448
0.3572E-01 -0.4946
151.0 0.1576E-02
-0.6577E-01 0.1969
0.7174E-01 -0.4533
152.0 0.1650E-02
0.1529E-01 0.1460
0.1078 -0.4101
153.0 0.1731E-02
0.6152E-01 0.9957E-01
0.1374 -0.3694
154.0 0.1813E-02
0.7150E-01 0.6175E-01
0.1563 -0.3336
155.0 0.1890E-02
0.4745E-01 0.3333E-01
0.1615 -0.3037
156.0 0.1961E-02
-0.6177E-02 0.1249E-01
0.1517 -0.2795
157.0 0.2024E-02
-0.8342E-01 -0.4187E-02
0.1267 -0.2597
158.0 0.2081E-02
-0.1769 -0.2097E-01
0.8758E-01 -0.2431
159.0 0.2136E-02
-0.2777 -0.4215E-01
0.3662E-01 -0.2279
160.0 0.2197E-02
-0.3753 -0.7132E-01
-0.2234E-01 -0.2127
161.0 0.2268E-02
-0.4586 -0.1105
-0.8413E-01 -0.1962
162.0 0.2357E-02
-0.5170 -0.1597
-0.1429 -0.1780
163.0 0.2466E-02
-0.5434 -0.2165
-0.1931 -0.1581
164.0 0.2595E-02
-0.5355 -0.2770
-0.2309 -0.1368
165.0 0.2739E-02
-0.4958 -0.3370
-0.2547 -0.1151
166.0 0.2888E-02
-0.4305 -0.3929
-0.2651 -0.9374E-01
167.0 0.3030E-02
-0.3474 -0.4425
-0.2640 -0.7343E-01
168.0 0.3149E-02
-0.2538 -0.4850
-0.2538 -0.5462E-01
169.0 0.3233E-02
-0.1559 -0.5202
-0.2372 -0.3762E-01
170.0 0.3272E-02
-0.5842E-01 -0.5488
-0.2159 -0.2266E-01
171.0 0.3260E-02
0.3468E-01 -0.5716
-0.1917 -0.9975E-02
172.0 0.3198E-02
0.1199 -0.5895
-0.1656 0.1704E-03
173.0 0.3092E-02
0.1936 -0.6033
-0.1388 0.7529E-02
174.0 0.2951E-02
0.2510 -0.6139
-0.1120 0.1192E-01
175.0 0.2791E-02
0.2867 -0.6220
-0.8652E-01 0.1332E-01
176.0 0.2626E-02
0.2944 -0.6281
-0.6318E-01 0.1201E-01
177.0 0.2476E-02
0.2683 -0.6326
-0.4287E-01 0.8715E-02
178.0 0.2354E-02
0.2062 -0.6357
-0.2596E-01 0.4638E-02
179.0 0.2276E-02
0.1125 -0.6374
-0.1207E-01 0.1293E-02
180.0 0.2248E-02
0.000 -0.6380
0.000 0.000
