0.000 9.213
0.000 0.7071
0.000 0.000
1.000 9.741
-0.7607E-01 0.6194
0.2269 0.2979E-01
2.000 11.16
-0.1224 0.4200
0.3711 0.9738E-01
3.000 13.02
-0.1371 0.2103
0.4267 0.1680
4.000 14.75
-0.1322 0.3773E-01
0.4282 0.2253
5.000 15.77
-0.1181 -0.9351E-01
0.4043 0.2678
6.000 15.72
-0.1003 -0.1935
0.3699 0.2986
7.000 14.49
-0.8085E-01 -0.2730
0.3305 0.3213
8.000 12.27
-0.6038E-01 -0.3410
0.2862 0.3381
9.000 9.461
-0.3891E-01 -0.4041
0.2335 0.3506
10.00 6.564
-0.1691E-01 -0.4673
0.1634 0.3584
11.00 4.026
0.1927E-02 -0.5302
0.5810E-01 0.3575
12.00 2.156
-0.8849E-03 -0.5696
-0.1171 0.3317
13.00 1.068
-0.9845E-01 -0.4590
-0.3778 0.2298
14.00 0.6948
-0.3666 0.9197E-02
-0.4182 0.3821E-01
15.00 0.8427
-0.4793 0.3032
-0.1791E-01 0.3300E-02
16.00 1.264
-0.4086 0.2364
0.2520 0.7422E-01
17.00 1.727
-0.3308 0.1169
0.3607 0.1280
18.00 2.066
-0.2735 0.1632E-01
0.4069 0.1578
19.00 2.196
-0.2307 -0.6765E-01
0.4310 0.1720
20.00 2.112
-0.1959 -0.1450
0.4468 0.1760
21.00 1.860
-0.1649 -0.2252
0.4592 0.1726
22.00 1.514
-0.1350 -0.3180
0.4685 0.1635
23.00 1.148
-0.1049 -0.4341
0.4713 0.1499
24.00 0.8220
-0.7659E-01 -0.5834
0.4581 0.1344
25.00 0.5704
-0.5950E-01 -0.7629
0.4099 0.1229
26.00 0.4051
-0.7550E-01 -0.9255
0.3020 0.1267
27.00 0.3193
-0.1470 -0.9603
0.1377 0.1554
28.00 0.2952
-0.2558 -0.8018
-0.1556E-01 0.1966
29.00 0.3098
-0.3511 -0.5480
-0.9645E-01 0.2242
30.00 0.3412
-0.4108 -0.3210
-0.1152 0.2293
31.00 0.3716
-0.4438 -0.1577
-0.1072 0.2177
32.00 0.3892
-0.4630 -0.4751E-01
-0.9477E-01 0.1954
33.00 0.3881
-0.4764 0.2700E-01
-0.8795E-01 0.1656
34.00 0.3681
-0.4881 0.7895E-01
-0.9083E-01 0.1289
35.00 0.3326
-0.4993 0.1171
-0.1056 0.8426E-01
36.00 0.2874
-0.5092 0.1479
-0.1341 0.3023E-01
37.00 0.2391
-0.5144 0.1767
-0.1777 -0.3466E-01
38.00 0.1936
-0.5079 0.2095
-0.2364 -0.1100
39.00 0.1550
-0.4790 0.2526
-0.3056 -0.1902
40.00 0.1259
-0.4156 0.3115
-0.3727 -0.2611
41.00 0.1067
-0.3137 0.3853
-0.4163 -0.3008
42.00 0.9629E-01
-0.1879 0.4634
-0.4184 -0.2929
43.00 0.9262E-01
-0.6656E-01 0.5306
-0.3802 -0.2422
44.00 0.9330E-01
0.2858E-01 0.5775
-0.3210 -0.1715
45.00 0.9600E-01
0.9333E-01 0.6047
-0.2617 -0.1026
46.00 0.9890E-01
0.1350 0.6169
-0.2146 -0.4718E-01
47.00 0.1007
0.1633 0.6185
-0.1834 -0.7610E-02
48.00 0.1009
0.1861 0.6118
-0.1675 0.1780E-01
49.00 0.9944E-01
0.2086 0.5969
-0.1649 0.3206E-01
50.00 0.9657E-01
0.2342 0.5724
-0.1727 0.3835E-01
51.00 0.9294E-01
0.2644 0.5364
-0.1877 0.3972E-01
52.00 0.8919E-01
0.2993 0.4872
-0.2060 0.3912E-01
53.00 0.8594E-01
0.3376 0.4246
-0.2233 0.3925E-01
54.00 0.8360E-01
0.3763 0.3511
-0.2350 0.4218E-01
55.00 0.8237E-01
0.4124 0.2721
-0.2382 0.4889E-01
56.00 0.8219E-01
0.4430 0.1939
-0.2318 0.5899E-01
57.00 0.8278E-01
0.4669 0.1226
-0.2170 0.7105E-01
58.00 0.8373E-01
0.4843 0.6202E-01
-0.1966 0.8323E-01
59.00 0.8456E-01
0.4964 0.1332E-01
-0.1736 0.9386E-01
60.00 0.8482E-01
0.5050 -0.2415E-01
-0.1506 0.1018
61.00 0.8418E-01
0.5115 -0.5206E-01
-0.1294 0.1065
62.00 0.8243E-01
0.5172 -0.7244E-01
-0.1111 0.1076
63.00 0.7950E-01
0.5228 -0.8726E-01
-0.9657E-01 0.1053
64.00 0.7545E-01
0.5291 -0.9829E-01
-0.8602E-01 0.9973E-01
65.00 0.7043E-01
0.5361 -0.1072
-0.7970E-01 0.9110E-01
66.00 0.6469E-01
0.5441 -0.1155
-0.7781E-01 0.7970E-01
67.00 0.5850E-01
0.5531 -0.1249
-0.8049E-01 0.6585E-01
68.00 0.5215E-01
0.5628 -0.1372
-0.8779E-01 0.4996E-01
69.00 0.4594E-01
0.5730 -0.1544
-0.9957E-01 0.3265E-01
70.00 0.4012E-01
0.5831 -0.1787
-0.1152 0.1488E-01
71.00 0.3491E-01
0.5926 -0.2119
-0.1333 -0.1943E-02
72.00 0.3043E-01
0.6002 -0.2546
-0.1515 -0.1595E-01
73.00 0.2675E-01
0.6051 -0.3058
-0.1664 -0.2506E-01
74.00 0.2385E-01
0.6061 -0.3619
-0.1742 -0.2758E-01
75.00 0.2166E-01
0.6031 -0.4175
-0.1716 -0.2290E-01
76.00 0.2006E-01
0.5965 -0.4663
-0.1574 -0.1189E-01
77.00 0.1889E-01
0.5874 -0.5034
-0.1325 0.3320E-02
78.00 0.1803E-01
0.5772 -0.5264
-0.9968E-01 0.2012E-01
79.00 0.1732E-01
0.5671 -0.5355
-0.6227E-01 0.3620E-01
80.00 0.1668E-01
0.5580 -0.5323
-0.2350E-01 0.4998E-01
81.00 0.1600E-01
0.5505 -0.5193
0.1413E-01 0.6069E-01
82.00 0.1525E-01
0.5446 -0.4989
0.4883E-01 0.6817E-01
83.00 0.1441E-01
0.5404 -0.4731
0.7943E-01 0.7270E-01
84.00 0.1347E-01
0.5376 -0.4435
0.1051 0.7483E-01
85.00 0.1246E-01
0.5361 -0.4116
0.1254 0.7526E-01
86.00 0.1143E-01
0.5356 -0.3786
0.1399 0.7482E-01
87.00 0.1041E-01
0.5356 -0.3456
0.1484 0.7436E-01
88.00 0.9447E-02
0.5359 -0.3138
0.1509 0.7467E-01
89.00 0.8562E-02
0.5359 -0.2846
0.1479 0.7641E-01
90.00 0.7774E-02
0.5355 -0.2594
0.1400 0.7994E-01
91.00 0.7084E-02
0.5343 -0.2393
0.1283 0.8529E-01
92.00 0.6484E-02
0.5322 -0.2251
0.1140 0.9222E-01
93.00 0.5960E-02
0.5293 -0.2171
0.9822E-01 0.1003
94.00 0.5496E-02
0.5255 -0.2148
0.8196E-01 0.1092
95.00 0.5077E-02
0.5208 -0.2171
0.6590E-01 0.1185
96.00 0.4692E-02
0.5151 -0.2227
0.5035E-01 0.1283
97.00 0.4331E-02
0.5083 -0.2298
0.3530E-01 0.1385
98.00 0.3994E-02
0.5001 -0.2366
0.2040E-01 0.1494
99.00 0.3683E-02
0.4905 -0.2418
0.5103E-02 0.1615
100.0 0.3404E-02
0.4790 -0.2446
-0.1118E-01 0.1750
101.0 0.3164E-02
0.4651 -0.2450
-0.2883E-01 0.1903
102.0 0.2970E-02
0.4487 -0.2441
-0.4777E-01 0.2073
103.0 0.2827E-02
0.4297 -0.2440
-0.6733E-01 0.2255
104.0 0.2733E-02
0.4086 -0.2467
-0.8636E-01 0.2438
105.0 0.2684E-02
0.3862 -0.2539
-0.1036 0.2608
106.0 0.2670E-02
0.3635 -0.2662
-0.1183 0.2756
107.0 0.2676E-02
0.3414 -0.2827
-0.1301 0.2876
108.0 0.2688E-02
0.3203 -0.3018
-0.1393 0.2969
109.0 0.2691E-02
0.3000 -0.3214
-0.1467 0.3041
110.0 0.2674E-02
0.2800 -0.3394
-0.1529 0.3103
111.0 0.2626E-02
0.2598 -0.3539
-0.1586 0.3163
112.0 0.2543E-02
0.2384 -0.3635
-0.1641 0.3232
113.0 0.2426E-02
0.2149 -0.3670
-0.1697 0.3315
114.0 0.2281E-02
0.1882 -0.3641
-0.1752 0.3418
115.0 0.2119E-02
0.1573 -0.3551
-0.1802 0.3541
116.0 0.1956E-02
0.1212 -0.3417
-0.1832 0.3680
117.0 0.1807E-02
0.7982E-01 -0.3267
-0.1821 0.3822
118.0 0.1689E-02
0.3432E-01 -0.3141
-0.1739 0.3951
119.0 0.1612E-02
-0.1211E-01 -0.3073
-0.1562 0.4049
120.0 0.1583E-02
-0.5481E-01 -0.3073
-0.1284 0.4104
121.0 0.1600E-02
-0.8950E-01 -0.3116
-0.9294E-01 0.4121
122.0 0.1652E-02
-0.1141 -0.3152
-0.5445E-01 0.4120
123.0 0.1725E-02
-0.1293 -0.3133
-0.1777E-01 0.4121
124.0 0.1802E-02
-0.1376 -0.3027
0.1360E-01 0.4145
125.0 0.1865E-02
-0.1418 -0.2819
0.3781E-01 0.4200
126.0 0.1898E-02
-0.1446 -0.2510
0.5428E-01 0.4292
127.0 0.1892E-02
-0.1481 -0.2104
0.6326E-01 0.4416
128.0 0.1844E-02
-0.1543 -0.1610
0.6559E-01 0.4563
129.0 0.1756E-02
-0.1645 -0.1041
0.6281E-01 0.4714
130.0 0.1639E-02
-0.1801 -0.4163E-01
0.5741E-01 0.4839
131.0 0.1506E-02
-0.2020 0.2316E-01
0.5334E-01 0.4886
132.0 0.1373E-02
-0.2303 0.8492E-01
0.5624E-01 0.4787
133.0 0.1257E-02
-0.2634 0.1364
0.7286E-01 0.4465
134.0 0.1169E-02
-0.2977 0.1700
0.1087 0.3871
135.0 0.1118E-02
-0.3277 0.1814
0.1643 0.3029
136.0 0.1106E-02
-0.3484 0.1732
0.2326 0.2060
137.0 0.1128E-02
-0.3576 0.1542
0.3014 0.1139
138.0 0.1174E-02
-0.3569 0.1349
0.3593 0.4074E-01
139.0 0.1232E-02
-0.3499 0.1223
0.3998 -0.6566E-02
140.0 0.1288E-02
-0.3400 0.1186
0.4221 -0.2805E-01
141.0 0.1327E-02
-0.3297 0.1229
0.4280 -0.2699E-01
142.0 0.1339E-02
-0.3204 0.1325
0.4204 -0.7244E-02
143.0 0.1319E-02
-0.3126 0.1447
0.4016 0.2800E-01
144.0 0.1265E-02
-0.3064 0.1573
0.3734 0.7635E-01
145.0 0.1179E-02
-0.3014 0.1688
0.3361 0.1358
146.0 0.1070E-02
-0.2974 0.1788
0.2892 0.2039
147.0 0.9458E-03
-0.2941 0.1877
0.2312 0.2764
148.0 0.8194E-03
-0.2919 0.1977
0.1602 0.3450
149.0 0.7021E-03
-0.2920 0.2127
0.7531E-01 0.3943
150.0 0.6050E-03
-0.2972 0.2382
-0.1896E-01 0.4001
151.0 0.5370E-03
-0.3113 0.2791
-0.1081 0.3344
152.0 0.5041E-03
-0.3364 0.3337
-0.1671 0.1857
153.0 0.5091E-03
-0.3691 0.3906
-0.1739 -0.1727E-01
154.0 0.5504E-03
-0.4019 0.4346
-0.1286 -0.2164
155.0 0.6227E-03
-0.4280 0.4575
-0.5148E-01 -0.3659
156.0 0.7171E-03
-0.4448 0.4603
0.3477E-01 -0.4538
157.0 0.8228E-03
-0.4532 0.4478
0.1167 -0.4894
158.0 0.9282E-03
-0.4546 0.4244
0.1889 -0.4865
159.0 0.1023E-02
-0.4506 0.3928
0.2502 -0.4552
160.0 0.1098E-02
-0.4418 0.3546
0.2998 -0.4004
161.0 0.1151E-02
-0.4285 0.3109
0.3361 -0.3234
162.0 0.1181E-02
-0.4105 0.2637
0.3558 -0.2229
163.0 0.1195E-02
-0.3876 0.2167
0.3532 -0.9761E-01
164.0 0.1206E-02
-0.3596 0.1769
0.3219 0.5014E-01
165.0 0.1231E-02
-0.3274 0.1548
0.2577 0.2096
166.0 0.1292E-02
-0.2930 0.1614
0.1640 0.3586
167.0 0.1412E-02
-0.2596 0.2023
0.5560E-01 0.4685
168.0 0.1612E-02
-0.2302 0.2717
-0.4533E-01 0.5189
169.0 0.1912E-02
-0.2057 0.3548
-0.1206 0.5094
170.0 0.2321E-02
-0.1853 0.4362
-0.1641 0.4570
171.0 0.2842E-02
-0.1673 0.5063
-0.1800 0.3832
172.0 0.3464E-02
-0.1501 0.5621
-0.1765 0.3047
173.0 0.4164E-02
-0.1329 0.6044
-0.1615 0.2313
174.0 0.4907E-02
-0.1152 0.6356
-0.1406 0.1673
175.0 0.5652E-02
-0.9684E-01 0.6582
-0.1171 0.1142
176.0 0.6351E-02
-0.7801E-01 0.6743
-0.9298E-01 0.7196E-01
177.0 0.6955E-02
-0.5879E-01 0.6853
-0.6905E-01 0.3994E-01
178.0 0.7422E-02
-0.3931E-01 0.6925
-0.4563E-01 0.1758E-01
179.0 0.7717E-02
-0.1969E-01 0.6965
-0.2268E-01 0.4368E-02
180.0 0.7818E-02
0.000 0.6978
0.000 0.000
