0.000 18.78
0.000 -0.1845
0.000 0.000
1.000 18.71
0.3869E-01 -0.1782
-0.2593E-01 -0.1771E-02
2.000 18.46
0.7550E-01 -0.1606
-0.4933E-01 -0.6788E-02
3.000 17.96
0.1091 -0.1340
-0.6834E-01 -0.1428E-01
4.000 17.08
0.1390 -0.1016
-0.8213E-01 -0.2329E-01
5.000 15.75
0.1655 -0.6590E-01
-0.9070E-01 -0.3291E-01
6.000 13.93
0.1891 -0.2870E-01
-0.9457E-01 -0.4246E-01
7.000 11.69
0.2106 0.9590E-02
-0.9430E-01 -0.5142E-01
8.000 9.198
0.2300 0.4978E-01
-0.9008E-01 -0.5927E-01
9.000 6.681
0.2454 0.9414E-01
-0.8123E-01 -0.6513E-01
10.00 4.410
0.2494 0.1466
-0.6512E-01 -0.6667E-01
11.00 2.625
0.2166 0.2111
-0.3505E-01 -0.5722E-01
12.00 1.482
0.7694E-01 0.2734
0.1903E-01 -0.2069E-01
13.00 1.020
-0.2068 0.2469
0.7292E-01 0.4423E-01
14.00 1.151
-0.3279 0.1168
0.5204E-01 0.5999E-01
15.00 1.689
-0.2289 0.4464E-01
0.3449E-02 0.2700E-01
16.00 2.393
-0.1106 0.3218E-01
-0.2715E-01 -0.4559E-02
17.00 3.034
-0.1908E-01 0.4150E-01
-0.4366E-01 -0.2659E-01
18.00 3.441
0.5234E-01 0.5787E-01
-0.5309E-01 -0.4187E-01
19.00 3.532
0.1131 0.7692E-01
-0.5910E-01 -0.5269E-01
20.00 3.318
0.1698 0.9739E-01
-0.6335E-01 -0.6010E-01
21.00 2.878
0.2267 0.1186
-0.6633E-01 -0.6413E-01
22.00 2.329
0.2859 0.1389
-0.6743E-01 -0.6375E-01
23.00 1.784
0.3458 0.1543
-0.6451E-01 -0.5682E-01
24.00 1.324
0.3973 0.1563
-0.5304E-01 -0.4046E-01
25.00 0.9890
0.4208 0.1317
-0.2677E-01 -0.1332E-01
26.00 0.7800
0.3941 0.7193E-01
0.1724E-01 0.1965E-01
27.00 0.6693
0.3185 -0.1184E-01
0.7144E-01 0.4666E-01
28.00 0.6185
0.2274 -0.9304E-01
0.1219 0.5942E-01
29.00 0.5923
0.1539 -0.1546
0.1612 0.6032E-01
30.00 0.5669
0.1101 -0.1957
0.1898 0.5685E-01
31.00 0.5319
0.9438E-01 -0.2217
0.2105 0.5555E-01
32.00 0.4878
0.1023 -0.2357
0.2243 0.6057E-01
33.00 0.4414
0.1299 -0.2370
0.2294 0.7383E-01
34.00 0.4011
0.1724 -0.2218
0.2225 0.9423E-01
35.00 0.3728
0.2211 -0.1877
0.2018 0.1166
36.00 0.3591
0.2647 -0.1373
0.1699 0.1329
37.00 0.3585
0.2934 -0.7901E-01
0.1336 0.1366
38.00 0.3669
0.3035 -0.2273E-01
0.1004 0.1259
39.00 0.3789
0.2975 0.2538E-01
0.7467E-01 0.1036
40.00 0.3893
0.2798 0.6361E-01
0.5725E-01 0.7384E-01
41.00 0.3941
0.2544 0.9296E-01
0.4704E-01 0.4039E-01
42.00 0.3909
0.2242 0.1153
0.4231E-01 0.5995E-02
43.00 0.3796
0.1907 0.1322
0.4145E-01 -0.2722E-01
44.00 0.3616
0.1551 0.1450
0.4311E-01 -0.5720E-01
45.00 0.3398
0.1186 0.1543
0.4611E-01 -0.8158E-01
46.00 0.3169
0.8345E-01 0.1605
0.4935E-01 -0.9762E-01
47.00 0.2959
0.5249E-01 0.1639
0.5185E-01 -0.1028
48.00 0.2786
0.2921E-01 0.1650
0.5286E-01 -0.9572E-01
49.00 0.2659
0.1652E-01 0.1646
0.5200E-01 -0.7726E-01
50.00 0.2576
0.1558E-01 0.1638
0.4942E-01 -0.5068E-01
51.00 0.2528
0.2537E-01 0.1636
0.4567E-01 -0.2068E-01
52.00 0.2501
0.4318E-01 0.1644
0.4148E-01 0.8141E-02
53.00 0.2480
0.6573E-01 0.1664
0.3750E-01 0.3244E-01
54.00 0.2453
0.9006E-01 0.1694
0.3422E-01 0.5043E-01
55.00 0.2411
0.1139 0.1729
0.3198E-01 0.6162E-01
56.00 0.2348
0.1359 0.1766
0.3102E-01 0.6633E-01
57.00 0.2261
0.1553 0.1802
0.3155E-01 0.6538E-01
58.00 0.2153
0.1717 0.1836
0.3373E-01 0.5979E-01
59.00 0.2025
0.1853 0.1868
0.3773E-01 0.5071E-01
60.00 0.1885
0.1961 0.1899
0.4370E-01 0.3935E-01
61.00 0.1737
0.2046 0.1933
0.5171E-01 0.2693E-01
62.00 0.1588
0.2109 0.1974
0.6179E-01 0.1474E-01
63.00 0.1443
0.2154 0.2025
0.7384E-01 0.4060E-02
64.00 0.1308
0.2184 0.2090
0.8759E-01 -0.3875E-02
65.00 0.1186
0.2202 0.2176
0.1026 -0.8030E-02
66.00 0.1077
0.2214 0.2285
0.1184 -0.7717E-02
67.00 0.9823E-01
0.2226 0.2420
0.1341 -0.2739E-02
68.00 0.9009E-01
0.2245 0.2579
0.1489 0.6532E-02
69.00 0.8312E-01
0.2275 0.2756
0.1622 0.1921E-01
70.00 0.7716E-01
0.2317 0.2943
0.1731 0.3405E-01
71.00 0.7205E-01
0.2372 0.3127
0.1811 0.4965E-01
72.00 0.6762E-01
0.2436 0.3294
0.1859 0.6470E-01
73.00 0.6376E-01
0.2504 0.3430
0.1874 0.7815E-01
74.00 0.6034E-01
0.2574 0.3524
0.1858 0.8931E-01
75.00 0.5727E-01
0.2643 0.3567
0.1815 0.9790E-01
76.00 0.5449E-01
0.2710 0.3557
0.1749 0.1040
77.00 0.5192E-01
0.2776 0.3494
0.1665 0.1079
78.00 0.4954E-01
0.2843 0.3383
0.1570 0.1099
79.00 0.4731E-01
0.2914 0.3230
0.1467 0.1106
80.00 0.4521E-01
0.2991 0.3045
0.1361 0.1102
81.00 0.4323E-01
0.3079 0.2837
0.1257 0.1089
82.00 0.4137E-01
0.3178 0.2613
0.1157 0.1068
83.00 0.3961E-01
0.3291 0.2383
0.1065 0.1039
84.00 0.3797E-01
0.3414 0.2152
0.9814E-01 0.9992E-01
85.00 0.3643E-01
0.3543 0.1925
0.9070E-01 0.9481E-01
86.00 0.3499E-01
0.3669 0.1705
0.8406E-01 0.8838E-01
87.00 0.3365E-01
0.3781 0.1493
0.7806E-01 0.8056E-01
88.00 0.3237E-01
0.3872 0.1289
0.7248E-01 0.7140E-01
89.00 0.3113E-01
0.3932 0.1093
0.6716E-01 0.6115E-01
90.00 0.2991E-01
0.3958 0.9033E-01
0.6196E-01 0.5025E-01
91.00 0.2868E-01
0.3945 0.7184E-01
0.5681E-01 0.3936E-01
92.00 0.2745E-01
0.3893 0.5379E-01
0.5172E-01 0.2925E-01
93.00 0.2620E-01
0.3803 0.3620E-01
0.4674E-01 0.2075E-01
94.00 0.2494E-01
0.3677 0.1906E-01
0.4193E-01 0.1466E-01
95.00 0.2370E-01
0.3518 0.2320E-02
0.3740E-01 0.1156E-01
96.00 0.2247E-01
0.3336 -0.1424E-01
0.3322E-01 0.1176E-01
97.00 0.2126E-01
0.3143 -0.3104E-01
0.2946E-01 0.1521E-01
98.00 0.2010E-01
0.2952 -0.4873E-01
0.2617E-01 0.2146E-01
99.00 0.1897E-01
0.2782 -0.6813E-01
0.2340E-01 0.2974E-01
100.0 0.1788E-01
0.2645 -0.9013E-01
0.2118E-01 0.3898E-01
101.0 0.1684E-01
0.2549 -0.1154
0.1958E-01 0.4795E-01
102.0 0.1586E-01
0.2495 -0.1444
0.1872E-01 0.5534E-01
103.0 0.1493E-01
0.2473 -0.1770
0.1875E-01 0.5995E-01
104.0 0.1407E-01
0.2465 -0.2124
0.1989E-01 0.6091E-01
105.0 0.1328E-01
0.2449 -0.2491
0.2237E-01 0.5787E-01
106.0 0.1255E-01
0.2402 -0.2851
0.2642E-01 0.5123E-01
107.0 0.1189E-01
0.2305 -0.3181
0.3221E-01 0.4222E-01
108.0 0.1130E-01
0.2146 -0.3454
0.3981E-01 0.3276E-01
109.0 0.1079E-01
0.1919 -0.3649
0.4911E-01 0.2524E-01
110.0 0.1036E-01
0.1632 -0.3750
0.5975E-01 0.2199E-01
111.0 0.1000E-01
0.1297 -0.3752
0.7117E-01 0.2473E-01
112.0 0.9722E-02
0.9367E-01 -0.3666
0.8257E-01 0.3407E-01
113.0 0.9512E-02
0.5773E-01 -0.3514
0.9309E-01 0.4930E-01
114.0 0.9356E-02
0.2450E-01 -0.3329
0.1019 0.6855E-01
115.0 0.9235E-02
-0.3876E-02 -0.3146
0.1084 0.8925E-01
116.0 0.9126E-02
-0.2605E-01 -0.2995
0.1121 0.1087
117.0 0.9009E-02
-0.4165E-01 -0.2896
0.1132 0.1247
118.0 0.8866E-02
-0.5121E-01 -0.2860
0.1118 0.1355
119.0 0.8686E-02
-0.5600E-01 -0.2883
0.1085 0.1404
120.0 0.8466E-02
-0.5775E-01 -0.2954
0.1039 0.1393
121.0 0.8209E-02
-0.5834E-01 -0.3053
0.9906E-01 0.1328
122.0 0.7926E-02
-0.5953E-01 -0.3157
0.9485E-01 0.1222
123.0 0.7630E-02
-0.6265E-01 -0.3241
0.9232E-01 0.1095
124.0 0.7338E-02
-0.6842E-01 -0.3280
0.9232E-01 0.9689E-01
125.0 0.7069E-02
-0.7681E-01 -0.3256
0.9532E-01 0.8692E-01
126.0 0.6839E-02
-0.8708E-01 -0.3163
0.1012 0.8171E-01
127.0 0.6659E-02
-0.9806E-01 -0.3005
0.1093 0.8259E-01
128.0 0.6533E-02
-0.1085 -0.2805
0.1181 0.8970E-01
129.0 0.6454E-02
-0.1172 -0.2594
0.1260 0.1019
130.0 0.6406E-02
-0.1239 -0.2408
0.1314 0.1170
131.0 0.6364E-02
-0.1285 -0.2273
0.1334 0.1328
132.0 0.6297E-02
-0.1317 -0.2206
0.1315 0.1473
133.0 0.6179E-02
-0.1344 -0.2210
0.1260 0.1590
134.0 0.5992E-02
-0.1376 -0.2276
0.1175 0.1672
135.0 0.5731E-02
-0.1425 -0.2385
0.1067 0.1715
136.0 0.5409E-02
-0.1503 -0.2510
0.9483E-01 0.1718
137.0 0.5053E-02
-0.1623 -0.2615
0.8321E-01 0.1679
138.0 0.4699E-02
-0.1792 -0.2656
0.7381E-01 0.1595
139.0 0.4387E-02
-0.2007 -0.2592
0.6899E-01 0.1467
140.0 0.4146E-02
-0.2248 -0.2394
0.7106E-01 0.1303
141.0 0.3998E-02
-0.2477 -0.2073
0.8128E-01 0.1120
142.0 0.3943E-02
-0.2652 -0.1678
0.9901E-01 0.9439E-01
143.0 0.3964E-02
-0.2744 -0.1282
0.1218 0.7978E-01
144.0 0.4030E-02
-0.2749 -0.9554E-01
0.1463 0.6974E-01
145.0 0.4103E-02
-0.2686 -0.7361E-01
0.1696 0.6469E-01
146.0 0.4142E-02
-0.2582 -0.6352E-01
0.1898 0.6423E-01
147.0 0.4114E-02
-0.2467 -0.6441E-01
0.2056 0.6764E-01
148.0 0.4000E-02
-0.2367 -0.7457E-01
0.2160 0.7417E-01
149.0 0.3799E-02
-0.2303 -0.9198E-01
0.2196 0.8321E-01
150.0 0.3528E-02
-0.2296 -0.1143
0.2145 0.9411E-01
151.0 0.3217E-02
-0.2364 -0.1384
0.1982 0.1060
152.0 0.2908E-02
-0.2519 -0.1599
0.1680 0.1174
153.0 0.2641E-02
-0.2761 -0.1730
0.1230 0.1257
154.0 0.2449E-02
-0.3060 -0.1719
0.6691E-01 0.1276
155.0 0.2350E-02
-0.3356 -0.1542
0.9458E-02 0.1198
156.0 0.2342E-02
-0.3583 -0.1233
-0.3703E-01 0.1019
157.0 0.2404E-02
-0.3705 -0.8727E-01
-0.6439E-01 0.7583E-01
158.0 0.2497E-02
-0.3731 -0.5338E-01
-0.7208E-01 0.4487E-01
159.0 0.2575E-02
-0.3691 -0.2512E-01
-0.6483E-01 0.1118E-01
160.0 0.2595E-02
-0.3616 -0.2397E-02
-0.4866E-01 -0.2479E-01
161.0 0.2527E-02
-0.3524 0.1687E-01
-0.2877E-01 -0.6413E-01
162.0 0.2359E-02
-0.3418 0.3549E-01
-0.9607E-02 -0.1092
163.0 0.2104E-02
-0.3284 0.5642E-01
0.3948E-02 -0.1632
164.0 0.1796E-02
-0.3084 0.8232E-01
0.4667E-02 -0.2301
165.0 0.1482E-02
-0.2746 0.1144
-0.1928E-01 -0.3121
166.0 0.1213E-02
-0.2172 0.1491
-0.8399E-01 -0.4032
167.0 0.1033E-02
-0.1312 0.1733
-0.1980 -0.4779
168.0 0.9643E-03
-0.3315E-01 0.1681
-0.3358 -0.4954
169.0 0.1009E-02
0.4166E-01 0.1295
-0.4409 -0.4413
170.0 0.1143E-02
0.7477E-01 0.7680E-01
-0.4826 -0.3495
171.0 0.1328E-02
0.7623E-01 0.2907E-01
-0.4759 -0.2597
172.0 0.1514E-02
0.6271E-01 -0.7353E-02
-0.4466 -0.1883
173.0 0.1659E-02
0.4474E-01 -0.3385E-01
-0.4109 -0.1355
174.0 0.1731E-02
0.2706E-01 -0.5363E-01
-0.3749 -0.9660E-01
175.0 0.1721E-02
0.1160E-01 -0.6958E-01
-0.3389 -0.6739E-01
176.0 0.1638E-02
-0.6399E-03 -0.8374E-01
-0.2999 -0.4471E-01
177.0 0.1513E-02
-0.8629E-02 -0.9720E-01
-0.2519 -0.2670E-01
178.0 0.1384E-02
-0.1117E-01 -0.1097
-0.1874 -0.1271E-01
179.0 0.1288E-02
-0.7721E-02 -0.1192
-0.1017 -0.3362E-02
180.0 0.1253E-02
0.000 -0.1229
0.000 0.000
