0.000 0.4008E-02
0.000 0.7071
0.000 0.000
1.000 0.4165E-02
-0.4525E-01 0.7038
0.8811E-02 0.2028E-02
2.000 0.4605E-02
-0.7426E-01 0.6953
0.2304E-01 0.6843E-02
3.000 0.5243E-02
-0.8333E-01 0.6842
0.4410E-01 0.1204E-01
4.000 0.5963E-02
-0.7846E-01 0.6723
0.7024E-01 0.1601E-01
5.000 0.6643E-02
-0.6730E-01 0.6602
0.9904E-01 0.1832E-01
6.000 0.7179E-02
-0.5532E-01 0.6477
0.1286 0.1926E-01
7.000 0.7505E-02
-0.4555E-01 0.6343
0.1578 0.1949E-01
8.000 0.7593E-02
-0.3922E-01 0.6192
0.1858 0.1981E-01
9.000 0.7452E-02
-0.3637E-01 0.6013
0.2124 0.2096E-01
10.00 0.7111E-02
-0.3624E-01 0.5796
0.2377 0.2354E-01
11.00 0.6614E-02
-0.3762E-01 0.5524
0.2620 0.2786E-01
12.00 0.6009E-02
-0.3913E-01 0.5183
0.2856 0.3400E-01
13.00 0.5346E-02
-0.3954E-01 0.4751
0.3083 0.4202E-01
14.00 0.4672E-02
-0.3805E-01 0.4206
0.3284 0.5237E-01
15.00 0.4033E-02
-0.3461E-01 0.3533
0.3418 0.6640E-01
16.00 0.3470E-02
-0.3027E-01 0.2734
0.3416 0.8655E-01
17.00 0.3011E-02
-0.2725E-01 0.1859
0.3194 0.1158
18.00 0.2670E-02
-0.2835E-01 0.1025
0.2690 0.1562
19.00 0.2445E-02
-0.3541E-01 0.3925E-01
0.1924 0.2062
20.00 0.2320E-02
-0.4773E-01 0.9241E-02
0.1014 0.2606
21.00 0.2267E-02
-0.6235E-01 0.1529E-01
0.1269E-01 0.3125
22.00 0.2253E-02
-0.7601E-01 0.4952E-01
-0.6072E-01 0.3569
23.00 0.2246E-02
-0.8699E-01 0.9920E-01
-0.1134 0.3918
24.00 0.2220E-02
-0.9557E-01 0.1525
-0.1462 0.4173
25.00 0.2155E-02
-0.1034 0.2008
-0.1629 0.4343
26.00 0.2043E-02
-0.1127 0.2389
-0.1678 0.4439
27.00 0.1887E-02
-0.1256 0.2636
-0.1646 0.4466
28.00 0.1697E-02
-0.1436 0.2727
-0.1557 0.4427
29.00 0.1488E-02
-0.1672 0.2643
-0.1428 0.4323
30.00 0.1277E-02
-0.1954 0.2365
-0.1270 0.4154
31.00 0.1081E-02
-0.2252 0.1877
-0.1091 0.3919
32.00 0.9101E-03
-0.2515 0.1183
-0.9075E-01 0.3619
33.00 0.7698E-03
-0.2675 0.3194E-01
-0.7408E-01 0.3258
34.00 0.6608E-03
-0.2673 -0.6228E-01
-0.6209E-01 0.2847
35.00 0.5795E-03
-0.2486 -0.1517
-0.5745E-01 0.2407
36.00 0.5197E-03
-0.2153 -0.2243
-0.6104E-01 0.1965
37.00 0.4745E-03
-0.1752 -0.2739
-0.7123E-01 0.1549
38.00 0.4377E-03
-0.1371 -0.3017
-0.8448E-01 0.1177
39.00 0.4050E-03
-0.1072 -0.3136
-0.9637E-01 0.8633E-01
40.00 0.3744E-03
-0.8820E-01 -0.3169
-0.1024 0.6191E-01
41.00 0.3457E-03
-0.8031E-01 -0.3176
-0.9838E-01 0.4555E-01
42.00 0.3201E-03
-0.8198E-01 -0.3202
-0.8111E-01 0.3804E-01
43.00 0.2984E-03
-0.9074E-01 -0.3266
-0.4944E-01 0.3868E-01
44.00 0.2809E-03
-0.1038 -0.3365
-0.5327E-02 0.4456E-01
45.00 0.2666E-03
-0.1185 -0.3484
0.4647E-01 0.5091E-01
46.00 0.2542E-03
-0.1328 -0.3600
0.1000 0.5278E-01
47.00 0.2421E-03
-0.1451 -0.3690
0.1499 0.4685E-01
48.00 0.2297E-03
-0.1541 -0.3735
0.1923 0.3242E-01
49.00 0.2170E-03
-0.1586 -0.3718
0.2247 0.1150E-01
50.00 0.2045E-03
-0.1576 -0.3625
0.2459 -0.1171E-01
51.00 0.1932E-03
-0.1510 -0.3451
0.2560 -0.3181E-01
52.00 0.1836E-03
-0.1398 -0.3198
0.2566 -0.4387E-01
53.00 0.1758E-03
-0.1260 -0.2886
0.2509 -0.4503E-01
54.00 0.1696E-03
-0.1120 -0.2540
0.2422 -0.3522E-01
55.00 0.1641E-03
-0.9977E-01 -0.2187
0.2336 -0.1652E-01
56.00 0.1588E-03
-0.9033E-01 -0.1850
0.2264 0.8238E-02
57.00 0.1530E-03
-0.8412E-01 -0.1544
0.2208 0.3651E-01
58.00 0.1466E-03
-0.8128E-01 -0.1278
0.2163 0.6637E-01
59.00 0.1393E-03
-0.8195E-01 -0.1057
0.2120 0.9622E-01
60.00 0.1313E-03
-0.8632E-01 -0.8787E-01
0.2074 0.1245
61.00 0.1227E-03
-0.9448E-01 -0.7358E-01
0.2021 0.1494
62.00 0.1138E-03
-0.1062 -0.6127E-01
0.1961 0.1696
63.00 0.1048E-03
-0.1205 -0.4872E-01
0.1897 0.1841
64.00 0.9622E-04
-0.1360 -0.3342E-01
0.1829 0.1929
65.00 0.8833E-04
-0.1506 -0.1318E-01
0.1760 0.1972
66.00 0.8141E-04
-0.1625 0.1304E-01
0.1693 0.1990
67.00 0.7551E-04
-0.1703 0.4463E-01
0.1631 0.2001
68.00 0.7053E-04
-0.1739 0.7943E-01
0.1581 0.2017
69.00 0.6619E-04
-0.1744 0.1147
0.1547 0.2041
70.00 0.6222E-04
-0.1733 0.1479
0.1534 0.2064
71.00 0.5836E-04
-0.1720 0.1778
0.1539 0.2078
72.00 0.5448E-04
-0.1714 0.2039
0.1559 0.2079
73.00 0.5057E-04
-0.1719 0.2265
0.1588 0.2070
74.00 0.4669E-04
-0.1732 0.2457
0.1617 0.2060
75.00 0.4294E-04
-0.1752 0.2619
0.1638 0.2061
76.00 0.3938E-04
-0.1780 0.2750
0.1647 0.2083
77.00 0.3603E-04
-0.1817 0.2851
0.1638 0.2127
78.00 0.3290E-04
-0.1867 0.2927
0.1612 0.2190
79.00 0.2996E-04
-0.1932 0.2985
0.1570 0.2262
80.00 0.2719E-04
-0.2012 0.3038
0.1514 0.2339
81.00 0.2460E-04
-0.2098 0.3101
0.1447 0.2419
82.00 0.2220E-04
-0.2182 0.3186
0.1372 0.2505
83.00 0.1999E-04
-0.2251 0.3296
0.1290 0.2603
84.00 0.1797E-04
-0.2293 0.3430
0.1206 0.2717
85.00 0.1615E-04
-0.2301 0.3577
0.1119 0.2847
86.00 0.1452E-04
-0.2270 0.3724
0.1032 0.2991
87.00 0.1308E-04
-0.2198 0.3862
0.9453E-01 0.3146
88.00 0.1182E-04
-0.2088 0.3983
0.8588E-01 0.3308
89.00 0.1073E-04
-0.1944 0.4085
0.7740E-01 0.3467
90.00 0.9778E-05
-0.1770 0.4168
0.6928E-01 0.3613
91.00 0.8910E-05
-0.1575 0.4232
0.6157E-01 0.3734
92.00 0.8086E-05
-0.1361 0.4275
0.5408E-01 0.3818
93.00 0.7274E-05
-0.1129 0.4287
0.4624E-01 0.3856
94.00 0.6460E-05
-0.8749E-01 0.4249
0.3726E-01 0.3841
95.00 0.5653E-05
-0.5926E-01 0.4128
0.2632E-01 0.3763
96.00 0.4879E-05
-0.2740E-01 0.3876
0.1293E-01 0.3615
97.00 0.4174E-05
0.8681E-02 0.3434
-0.2600E-02 0.3394
98.00 0.3577E-05
0.4878E-01 0.2740
-0.1851E-01 0.3109
99.00 0.3114E-05
0.9091E-01 0.1762
-0.3109E-01 0.2796
100.0 0.2801E-05
0.1306 0.5410E-01
-0.3523E-01 0.2511
101.0 0.2635E-05
0.1621 -0.7894E-01
-0.2675E-01 0.2315
102.0 0.2597E-05
0.1808 -0.2051
-0.5246E-02 0.2234
103.0 0.2657E-05
0.1865 -0.3119
0.2575E-01 0.2244
104.0 0.2773E-05
0.1818 -0.3972
0.6148E-01 0.2295
105.0 0.2905E-05
0.1709 -0.4666
0.9856E-01 0.2333
106.0 0.3014E-05
0.1573 -0.5277
0.1356 0.2323
107.0 0.3074E-05
0.1437 -0.5868
0.1724 0.2243
108.0 0.3075E-05
0.1317 -0.6470
0.2091 0.2091
109.0 0.3021E-05
0.1221 -0.7078
0.2455 0.1881
110.0 0.2930E-05
0.1149 -0.7651
0.2806 0.1641
111.0 0.2825E-05
0.1088 -0.8119
0.3127 0.1413
112.0 0.2729E-05
0.1019 -0.8404
0.3400 0.1238
113.0 0.2657E-05
0.9204E-01 -0.8447
0.3615 0.1145
114.0 0.2617E-05
0.7786E-01 -0.8226
0.3773 0.1145
115.0 0.2614E-05
0.5916E-01 -0.7772
0.3886 0.1229
116.0 0.2643E-05
0.3680E-01 -0.7157
0.3972 0.1366
117.0 0.2698E-05
0.1223E-01 -0.6479
0.4053 0.1513
118.0 0.2769E-05
-0.1304E-01 -0.5827
0.4146 0.1626
119.0 0.2845E-05
-0.3762E-01 -0.5256
0.4260 0.1671
120.0 0.2915E-05
-0.6015E-01 -0.4775
0.4395 0.1633
121.0 0.2974E-05
-0.7915E-01 -0.4356
0.4539 0.1518
122.0 0.3018E-05
-0.9301E-01 -0.3951
0.4668 0.1353
123.0 0.3044E-05
-0.1003 -0.3514
0.4759 0.1176
124.0 0.3051E-05
-0.1004 -0.3018
0.4787 0.1029
125.0 0.3036E-05
-0.9371E-01 -0.2460
0.4744 0.9534E-01
126.0 0.2998E-05
-0.8248E-01 -0.1856
0.4630 0.9810E-01
127.0 0.2936E-05
-0.7025E-01 -0.1229
0.4461 0.1127
128.0 0.2849E-05
-0.6150E-01 -0.6069E-01
0.4256 0.1385
129.0 0.2742E-05
-0.6070E-01 -0.1649E-02
0.4034 0.1722
130.0 0.2621E-05
-0.7131E-01 0.5174E-01
0.3808 0.2090
131.0 0.2500E-05
-0.9479E-01 0.9708E-01
0.3581 0.2432
132.0 0.2392E-05
-0.1298 0.1320
0.3350 0.2696
133.0 0.2311E-05
-0.1716 0.1545
0.3114 0.2849
134.0 0.2266E-05
-0.2133 0.1635
0.2877 0.2875
135.0 0.2257E-05
-0.2477 0.1595
0.2654 0.2783
136.0 0.2275E-05
-0.2699 0.1455
0.2462 0.2599
137.0 0.2301E-05
-0.2787 0.1256
0.2314 0.2356
138.0 0.2315E-05
-0.2757 0.1048
0.2212 0.2094
139.0 0.2298E-05
-0.2637 0.8743E-01
0.2153 0.1843
140.0 0.2237E-05
-0.2451 0.7694E-01
0.2131 0.1631
141.0 0.2126E-05
-0.2217 0.7628E-01
0.2141 0.1481
142.0 0.1972E-05
-0.1941 0.8833E-01
0.2177 0.1418
143.0 0.1795E-05
-0.1627 0.1163
0.2227 0.1486
144.0 0.1623E-05
-0.1286 0.1629
0.2265 0.1744
145.0 0.1485E-05
-0.9587E-01 0.2271
0.2244 0.2247
146.0 0.1410E-05
-0.7210E-01 0.2990
0.2114 0.2981
147.0 0.1416E-05
-0.6485E-01 0.3604
0.1864 0.3815
148.0 0.1508E-05
-0.7554E-01 0.3947
0.1553 0.4551
149.0 0.1680E-05
-0.9804E-01 0.3989
0.1275 0.5054
150.0 0.1910E-05
-0.1241 0.3819
0.1098 0.5309
151.0 0.2167E-05
-0.1483 0.3547
0.1041 0.5365
152.0 0.2415E-05
-0.1683 0.3248
0.1095 0.5272
153.0 0.2618E-05
-0.1835 0.2959
0.1235 0.5055
154.0 0.2747E-05
-0.1935 0.2691
0.1438 0.4719
155.0 0.2787E-05
-0.1977 0.2453
0.1683 0.4261
156.0 0.2742E-05
-0.1942 0.2255
0.1943 0.3671
157.0 0.2628E-05
-0.1801 0.2117
0.2185 0.2946
158.0 0.2473E-05
-0.1516 0.2073
0.2364 0.2100
159.0 0.2316E-05
-0.1043 0.2172
0.2415 0.1205
160.0 0.2198E-05
-0.3713E-01 0.2468
0.2267 0.4237E-01
161.0 0.2163E-05
0.4294E-01 0.2988
0.1883 0.1693E-02
162.0 0.2248E-05
0.1182 0.3682
0.1310 0.2166E-01
163.0 0.2485E-05
0.1682 0.4419
0.6941E-01 0.1025
164.0 0.2891E-05
0.1836 0.5062
0.1882E-01 0.2179
165.0 0.3465E-05
0.1699 0.5548
-0.1353E-01 0.3346
166.0 0.4192E-05
0.1388 0.5884
-0.2868E-01 0.4309
167.0 0.5038E-05
0.1008 0.6110
-0.3123E-01 0.4990
168.0 0.5957E-05
0.6237E-01 0.6263
-0.2585E-01 0.5389
169.0 0.6891E-05
0.2691E-01 0.6373
-0.1605E-01 0.5534
170.0 0.7779E-05
-0.4150E-02 0.6458
-0.4205E-02 0.5458
171.0 0.8563E-05
-0.3021E-01 0.6530
0.8067E-02 0.5188
172.0 0.9203E-05
-0.5095E-01 0.6597
0.1957E-01 0.4747
173.0 0.9676E-05
-0.6610E-01 0.6663
0.2932E-01 0.4163
174.0 0.9984E-05
-0.7530E-01 0.6730
0.3642E-01 0.3467
175.0 0.1014E-04
-0.7818E-01 0.6797
0.4007E-01 0.2698
176.0 0.1019E-04
-0.7441E-01 0.6862
0.3968E-01 0.1910
177.0 0.1016E-04
-0.6386E-01 0.6920
0.3496E-01 0.1170
178.0 0.1009E-04
-0.4695E-01 0.6967
0.2612E-01 0.5550E-01
179.0 0.1004E-04
-0.2492E-01 0.6997
0.1399E-01 0.1446E-01
180.0 0.1002E-04
0.000 0.7007
0.000 0.000
