0.000 1.746
0.000 0.7071
0.000 0.000
1.000 1.745
-0.1018E-01 0.7066
0.1467E-01 -0.9568E-03
2.000 1.742
-0.1882E-01 0.7051
0.3186E-01 -0.3505E-02
3.000 1.738
-0.2494E-01 0.7017
0.5348E-01 -0.6529E-02
4.000 1.739
-0.2842E-01 0.6947
0.8012E-01 -0.7867E-02
5.000 1.748
-0.2984E-01 0.6815
0.1106 -0.4446E-02
6.000 1.775
-0.3003E-01 0.6601
0.1418 0.6778E-02
7.000 1.821
-0.2952E-01 0.6307
0.1699 0.2727E-01
8.000 1.886
-0.2823E-01 0.5963
0.1916 0.5581E-01
9.000 1.961
-0.2566E-01 0.5618
0.2060 0.8891E-01
10.00 2.031
-0.2122E-01 0.5309
0.2145 0.1223
11.00 2.083
-0.1469E-01 0.5047
0.2196 0.1524
12.00 2.107
-0.6429E-02 0.4816
0.2240 0.1770
13.00 2.097
0.2632E-02 0.4575
0.2295 0.1954
14.00 2.055
0.1107E-01 0.4276
0.2367 0.2077
15.00 1.983
0.1722E-01 0.3879
0.2451 0.2152
16.00 1.888
0.1962E-01 0.3363
0.2527 0.2197
17.00 1.774
0.1734E-01 0.2734
0.2571 0.2235
18.00 1.645
0.1028E-01 0.2021
0.2553 0.2286
19.00 1.505
-0.7579E-03 0.1267
0.2447 0.2370
20.00 1.361
-0.1417E-01 0.5246E-01
0.2229 0.2495
21.00 1.218
-0.2775E-01 -0.1585E-01
0.1882 0.2659
22.00 1.082
-0.3897E-01 -0.7381E-01
0.1400 0.2844
23.00 0.9587
-0.4538E-01 -0.1180
0.7889E-01 0.3016
24.00 0.8504
-0.4509E-01 -0.1462
0.7023E-02 0.3130
25.00 0.7584
-0.3740E-01 -0.1575
-0.7182E-01 0.3141
26.00 0.6824
-0.2308E-01 -0.1520
-0.1525 0.3018
27.00 0.6213
-0.4414E-02 -0.1307
-0.2292 0.2760
28.00 0.5735
0.1512E-01 -0.9514E-01
-0.2960 0.2396
29.00 0.5370
0.3166E-01 -0.4789E-01
-0.3481 0.1979
30.00 0.5091
0.4187E-01 0.7468E-02
-0.3829 0.1563
31.00 0.4874
0.4365E-01 0.6654E-01
-0.4003 0.1191
32.00 0.4692
0.3644E-01 0.1247
-0.4026 0.8798E-01
33.00 0.4524
0.2096E-01 0.1778
-0.3929 0.6254E-01
34.00 0.4355
-0.1211E-02 0.2224
-0.3746 0.4101E-01
35.00 0.4178
-0.2802E-01 0.2562
-0.3504 0.2123E-01
36.00 0.3992
-0.5722E-01 0.2776
-0.3222 0.1251E-02
37.00 0.3799
-0.8654E-01 0.2859
-0.2914 -0.2041E-01
38.00 0.3604
-0.1138 0.2814
-0.2591 -0.4458E-01
39.00 0.3412
-0.1372 0.2646
-0.2261 -0.7138E-01
40.00 0.3228
-0.1551 0.2370
-0.1929 -0.1000
41.00 0.3058
-0.1666 0.2004
-0.1599 -0.1287
42.00 0.2908
-0.1712 0.1569
-0.1274 -0.1545
43.00 0.2780
-0.1694 0.1095
-0.9593E-01 -0.1743
44.00 0.2677
-0.1624 0.6136E-01
-0.6598E-01 -0.1849
45.00 0.2596
-0.1521 0.1553E-01
-0.3848E-01 -0.1846
46.00 0.2532
-0.1411 -0.2562E-01
-0.1444E-01 -0.1737
47.00 0.2474
-0.1315 -0.6098E-01
0.5237E-02 -0.1543
48.00 0.2414
-0.1249 -0.9081E-01
0.2000E-01 -0.1293
49.00 0.2342
-0.1218 -0.1163
0.2965E-01 -0.1018
50.00 0.2254
-0.1225 -0.1391
0.3433E-01 -0.7397E-01
51.00 0.2148
-0.1262 -0.1607
0.3439E-01 -0.4743E-01
52.00 0.2027
-0.1324 -0.1824
0.3027E-01 -0.2292E-01
53.00 0.1895
-0.1401 -0.2048
0.2244E-01 -0.7498E-03
54.00 0.1756
-0.1487 -0.2279
0.1134E-01 0.1904E-01
55.00 0.1617
-0.1575 -0.2511
-0.2577E-02 0.3658E-01
56.00 0.1482
-0.1658 -0.2734
-0.1886E-01 0.5212E-01
57.00 0.1354
-0.1732 -0.2930
-0.3692E-01 0.6612E-01
58.00 0.1235
-0.1793 -0.3080
-0.5597E-01 0.7924E-01
59.00 0.1127
-0.1837 -0.3164
-0.7495E-01 0.9232E-01
60.00 0.1031
-0.1863 -0.3166
-0.9270E-01 0.1062
61.00 0.9473E-01
-0.1873 -0.3077
-0.1081 0.1217
62.00 0.8742E-01
-0.1871 -0.2900
-0.1203 0.1391
63.00 0.8104E-01
-0.1862 -0.2648
-0.1289 0.1583
64.00 0.7542E-01
-0.1850 -0.2341
-0.1342 0.1792
65.00 0.7039E-01
-0.1837 -0.1997
-0.1363 0.2012
66.00 0.6583E-01
-0.1821 -0.1631
-0.1356 0.2241
67.00 0.6167E-01
-0.1799 -0.1251
-0.1323 0.2474
68.00 0.5786E-01
-0.1770 -0.8600E-01
-0.1265 0.2709
69.00 0.5436E-01
-0.1734 -0.4613E-01
-0.1184 0.2941
70.00 0.5112E-01
-0.1691 -0.5865E-02
-0.1086 0.3162
71.00 0.4810E-01
-0.1646 0.3412E-01
-0.9788E-01 0.3366
72.00 0.4525E-01
-0.1598 0.7294E-01
-0.8708E-01 0.3546
73.00 0.4254E-01
-0.1546 0.1098
-0.7698E-01 0.3697
74.00 0.3995E-01
-0.1487 0.1440
-0.6803E-01 0.3817
75.00 0.3747E-01
-0.1418 0.1755
-0.6032E-01 0.3907
76.00 0.3511E-01
-0.1339 0.2044
-0.5372E-01 0.3967
77.00 0.3287E-01
-0.1249 0.2310
-0.4804E-01 0.4000
78.00 0.3073E-01
-0.1152 0.2557
-0.4326E-01 0.4009
79.00 0.2870E-01
-0.1051 0.2787
-0.3953E-01 0.3995
80.00 0.2677E-01
-0.9493E-01 0.2998
-0.3718E-01 0.3957
81.00 0.2492E-01
-0.8471E-01 0.3189
-0.3647E-01 0.3899
82.00 0.2316E-01
-0.7424E-01 0.3361
-0.3746E-01 0.3823
83.00 0.2151E-01
-0.6330E-01 0.3516
-0.3987E-01 0.3733
84.00 0.1997E-01
-0.5182E-01 0.3656
-0.4315E-01 0.3639
85.00 0.1853E-01
-0.3997E-01 0.3788
-0.4660E-01 0.3547
86.00 0.1718E-01
-0.2819E-01 0.3918
-0.4964E-01 0.3467
87.00 0.1591E-01
-0.1704E-01 0.4050
-0.5200E-01 0.3402
88.00 0.1469E-01
-0.7021E-02 0.4185
-0.5376E-01 0.3357
89.00 0.1351E-01
0.1613E-02 0.4323
-0.5530E-01 0.3332
90.00 0.1235E-01
0.8895E-02 0.4458
-0.5713E-01 0.3327
91.00 0.1122E-01
0.1510E-01 0.4583
-0.5973E-01 0.3342
92.00 0.1013E-01
0.2063E-01 0.4692
-0.6344E-01 0.3379
93.00 0.9099E-02
0.2586E-01 0.4778
-0.6840E-01 0.3441
94.00 0.8144E-02
0.3103E-01 0.4837
-0.7463E-01 0.3529
95.00 0.7279E-02
0.3621E-01 0.4862
-0.8205E-01 0.3644
96.00 0.6514E-02
0.4126E-01 0.4847
-0.9052E-01 0.3784
97.00 0.5852E-02
0.4600E-01 0.4786
-0.9989E-01 0.3941
98.00 0.5292E-02
0.5021E-01 0.4675
-0.1099 0.4104
99.00 0.4825E-02
0.5371E-01 0.4514
-0.1203 0.4259
100.0 0.4441E-02
0.5634E-01 0.4306
-0.1303 0.4391
101.0 0.4126E-02
0.5789E-01 0.4054
-0.1390 0.4488
102.0 0.3866E-02
0.5805E-01 0.3763
-0.1453 0.4542
103.0 0.3644E-02
0.5634E-01 0.3433
-0.1483 0.4549
104.0 0.3442E-02
0.5219E-01 0.3061
-0.1473 0.4510
105.0 0.3245E-02
0.4493E-01 0.2637
-0.1420 0.4429
106.0 0.3044E-02
0.3397E-01 0.2141
-0.1327 0.4307
107.0 0.2834E-02
0.1884E-01 0.1548
-0.1193 0.4149
108.0 0.2619E-02
-0.6415E-03 0.8314E-01
-0.1017 0.3961
109.0 0.2410E-02
-0.2419E-01 -0.2335E-02
-0.7982E-01 0.3755
110.0 0.2220E-02
-0.5084E-01 -0.9992E-01
-0.5331E-01 0.3549
111.0 0.2062E-02
-0.7884E-01 -0.2032
-0.2259E-01 0.3369
112.0 0.1947E-02
-0.1058 -0.3011
0.1080E-01 0.3243
113.0 0.1878E-02
-0.1295 -0.3804
0.4407E-01 0.3186
114.0 0.1852E-02
-0.1486 -0.4315
0.7399E-01 0.3192
115.0 0.1856E-02
-0.1638 -0.4523
0.9825E-01 0.3237
116.0 0.1877E-02
-0.1765 -0.4479
0.1162 0.3289
117.0 0.1898E-02
-0.1889 -0.4266
0.1288 0.3318
118.0 0.1908E-02
-0.2028 -0.3965
0.1378 0.3309
119.0 0.1901E-02
-0.2191 -0.3641
0.1454 0.3253
120.0 0.1874E-02
-0.2384 -0.3333
0.1533 0.3150
121.0 0.1831E-02
-0.2609 -0.3064
0.1631 0.3006
122.0 0.1777E-02
-0.2858 -0.2835
0.1754 0.2828
123.0 0.1721E-02
-0.3116 -0.2635
0.1897 0.2633
124.0 0.1675E-02
-0.3353 -0.2438
0.2045 0.2442
125.0 0.1651E-02
-0.3533 -0.2214
0.2171 0.2282
126.0 0.1656E-02
-0.3626 -0.1938
0.2251 0.2177
127.0 0.1693E-02
-0.3622 -0.1605
0.2267 0.2138
128.0 0.1760E-02
-0.3538 -0.1236
0.2222 0.2158
129.0 0.1846E-02
-0.3413 -0.8676E-01
0.2128 0.2213
130.0 0.1935E-02
-0.3285 -0.5362E-01
0.2007 0.2277
131.0 0.2011E-02
-0.3185 -0.2673E-01
0.1874 0.2328
132.0 0.2059E-02
-0.3127 -0.7075E-02
0.1743 0.2353
133.0 0.2066E-02
-0.3116 0.5758E-02
0.1619 0.2346
134.0 0.2031E-02
-0.3146 0.1313E-01
0.1508 0.2312
135.0 0.1960E-02
-0.3208 0.1701E-01
0.1410 0.2260
136.0 0.1865E-02
-0.3285 0.1976E-01
0.1329 0.2206
137.0 0.1765E-02
-0.3357 0.2389E-01
0.1266 0.2169
138.0 0.1676E-02
-0.3403 0.3147E-01
0.1221 0.2169
139.0 0.1612E-02
-0.3407 0.4327E-01
0.1193 0.2216
140.0 0.1583E-02
-0.3364 0.5799E-01
0.1176 0.2309
141.0 0.1590E-02
-0.3280 0.7241E-01
0.1164 0.2431
142.0 0.1630E-02
-0.3174 0.8276E-01
0.1154 0.2554
143.0 0.1695E-02
-0.3069 0.8645E-01
0.1148 0.2656
144.0 0.1771E-02
-0.2983 0.8258E-01
0.1150 0.2720
145.0 0.1841E-02
-0.2928 0.7139E-01
0.1166 0.2741
146.0 0.1892E-02
-0.2904 0.5339E-01
0.1197 0.2718
147.0 0.1913E-02
-0.2906 0.2889E-01
0.1243 0.2658
148.0 0.1901E-02
-0.2924 -0.1725E-02
0.1295 0.2570
149.0 0.1860E-02
-0.2939 -0.3717E-01
0.1341 0.2468
150.0 0.1800E-02
-0.2928 -0.7428E-01
0.1359 0.2373
151.0 0.1734E-02
-0.2861 -0.1071
0.1316 0.2316
152.0 0.1681E-02
-0.2711 -0.1270
0.1177 0.2331
153.0 0.1657E-02
-0.2463 -0.1244
0.9173E-01 0.2443
154.0 0.1676E-02
-0.2128 -0.9302E-01
0.5406E-01 0.2655
155.0 0.1745E-02
-0.1750 -0.3411E-01
0.8768E-02 0.2931
156.0 0.1863E-02
-0.1386 0.4391E-01
-0.3792E-01 0.3217
157.0 0.2025E-02
-0.1080 0.1295
-0.8041E-01 0.3461
158.0 0.2219E-02
-0.8519E-01 0.2130
-0.1155 0.3631
159.0 0.2432E-02
-0.7010E-01 0.2883
-0.1423 0.3718
160.0 0.2650E-02
-0.6127E-01 0.3533
-0.1615 0.3729
161.0 0.2857E-02
-0.5689E-01 0.4082
-0.1747 0.3673
162.0 0.3039E-02
-0.5518E-01 0.4543
-0.1833 0.3564
163.0 0.3188E-02
-0.5470E-01 0.4932
-0.1884 0.3410
164.0 0.3296E-02
-0.5435E-01 0.5262
-0.1908 0.3221
165.0 0.3363E-02
-0.5337E-01 0.5542
-0.1911 0.3002
166.0 0.3388E-02
-0.5137E-01 0.5782
-0.1892 0.2760
167.0 0.3377E-02
-0.4821E-01 0.5990
-0.1851 0.2498
168.0 0.3335E-02
-0.4402E-01 0.6172
-0.1788 0.2222
169.0 0.3270E-02
-0.3907E-01 0.6333
-0.1701 0.1938
170.0 0.3192E-02
-0.3369E-01 0.6474
-0.1588 0.1652
171.0 0.3112E-02
-0.2824E-01 0.6594
-0.1451 0.1372
172.0 0.3036E-02
-0.2303E-01 0.6692
-0.1292 0.1107
173.0 0.2970E-02
-0.1831E-01 0.6771
-0.1118 0.8617E-01
174.0 0.2916E-02
-0.1422E-01 0.6835
-0.9377E-01 0.6414E-01
175.0 0.2874E-02
-0.1082E-01 0.6885
-0.7589E-01 0.4490E-01
176.0 0.2844E-02
-0.8048E-02 0.6920
-0.5875E-01 0.2879E-01
177.0 0.2826E-02
-0.5748E-02 0.6937
-0.4269E-01 0.1612E-01
178.0 0.2818E-02
-0.3734E-02 0.6939
-0.2773E-01 0.7098E-02
179.0 0.2815E-02
-0.1849E-02 0.6934
-0.1363E-01 0.1759E-02
180.0 0.2814E-02
0.000 0.6931
0.000 0.000
