0.000 0.1401
0.000 -0.3000
0.000 0.000
1.000 0.1394
-0.3597E-02 -0.2990
0.1616E-01 0.4274E-03
2.000 0.1373
-0.6844E-02 -0.2963
0.3222E-01 0.1694E-02
3.000 0.1340
-0.9383E-02 -0.2918
0.4806E-01 0.3751E-02
4.000 0.1295
-0.1084E-01 -0.2855
0.6357E-01 0.6517E-02
5.000 0.1240
-0.1084E-01 -0.2775
0.7858E-01 0.9869E-02
6.000 0.1177
-0.8952E-02 -0.2679
0.9294E-01 0.1364E-01
7.000 0.1109
-0.4766E-02 -0.2569
0.1064 0.1763E-01
8.000 0.1037
0.2154E-02 -0.2446
0.1188 0.2156E-01
9.000 0.9629E-01
0.1223E-01 -0.2313
0.1298 0.2514E-01
10.00 0.8891E-01
0.2586E-01 -0.2172
0.1391 0.2799E-01
11.00 0.8169E-01
0.4338E-01 -0.2028
0.1465 0.2973E-01
12.00 0.7475E-01
0.6502E-01 -0.1884
0.1517 0.2995E-01
13.00 0.6819E-01
0.9089E-01 -0.1742
0.1544 0.2825E-01
14.00 0.6207E-01
0.1209 -0.1608
0.1545 0.2425E-01
15.00 0.5643E-01
0.1547 -0.1482
0.1519 0.1763E-01
16.00 0.5130E-01
0.1918 -0.1366
0.1465 0.8133E-02
17.00 0.4668E-01
0.2310 -0.1261
0.1383 -0.4372E-02
18.00 0.4258E-01
0.2711 -0.1164
0.1276 -0.1991E-01
19.00 0.3901E-01
0.3099 -0.1075
0.1144 -0.3837E-01
20.00 0.3597E-01
0.3449 -0.9906E-01
0.9904E-01 -0.5943E-01
21.00 0.3348E-01
0.3728 -0.9090E-01
0.8201E-01 -0.8253E-01
22.00 0.3154E-01
0.3900 -0.8303E-01
0.6390E-01 -0.1068
23.00 0.3017E-01
0.3932 -0.7567E-01
0.4555E-01 -0.1312
24.00 0.2939E-01
0.3802 -0.6923E-01
0.2798E-01 -0.1545
25.00 0.2920E-01
0.3504 -0.6423E-01
0.1222E-01 -0.1752
26.00 0.2959E-01
0.3058 -0.6113E-01
-0.8551E-03 -0.1924
27.00 0.3056E-01
0.2501 -0.6013E-01
-0.1070E-01 -0.2055
28.00 0.3205E-01
0.1880 -0.6114E-01
-0.1722E-01 -0.2146
29.00 0.3404E-01
0.1244 -0.6375E-01
-0.2068E-01 -0.2199
30.00 0.3645E-01
0.6317E-01 -0.6741E-01
-0.2160E-01 -0.2222
31.00 0.3921E-01
0.6842E-02 -0.7152E-01
-0.2060E-01 -0.2221
32.00 0.4223E-01
-0.4308E-01 -0.7553E-01
-0.1828E-01 -0.2203
33.00 0.4542E-01
-0.8606E-01 -0.7903E-01
-0.1514E-01 -0.2171
34.00 0.4869E-01
-0.1221 -0.8169E-01
-0.1161E-01 -0.2131
35.00 0.5194E-01
-0.1517 -0.8334E-01
-0.7989E-02 -0.2083
36.00 0.5507E-01
-0.1753 -0.8389E-01
-0.4522E-02 -0.2030
37.00 0.5802E-01
-0.1935 -0.8331E-01
-0.1373E-02 -0.1973
38.00 0.6071E-01
-0.2069 -0.8165E-01
0.1339E-02 -0.1912
39.00 0.6308E-01
-0.2159 -0.7900E-01
0.3534E-02 -0.1846
40.00 0.6509E-01
-0.2211 -0.7548E-01
0.5163E-02 -0.1778
41.00 0.6671E-01
-0.2229 -0.7123E-01
0.6203E-02 -0.1707
42.00 0.6791E-01
-0.2218 -0.6641E-01
0.6652E-02 -0.1633
43.00 0.6869E-01
-0.2181 -0.6118E-01
0.6531E-02 -0.1556
44.00 0.6903E-01
-0.2122 -0.5570E-01
0.5877E-02 -0.1479
45.00 0.6894E-01
-0.2046 -0.5011E-01
0.4741E-02 -0.1400
46.00 0.6843E-01
-0.1957 -0.4455E-01
0.3190E-02 -0.1321
47.00 0.6752E-01
-0.1859 -0.3911E-01
0.1300E-02 -0.1243
48.00 0.6621E-01
-0.1756 -0.3389E-01
-0.8478E-03 -0.1167
49.00 0.6453E-01
-0.1651 -0.2892E-01
-0.3167E-02 -0.1092
50.00 0.6250E-01
-0.1549 -0.2424E-01
-0.5574E-02 -0.1020
51.00 0.6015E-01
-0.1453 -0.1981E-01
-0.7985E-02 -0.9505E-01
52.00 0.5750E-01
-0.1365 -0.1562E-01
-0.1033E-01 -0.8846E-01
53.00 0.5460E-01
-0.1288 -0.1159E-01
-0.1253E-01 -0.8222E-01
54.00 0.5148E-01
-0.1225 -0.7651E-02
-0.1452E-01 -0.7634E-01
55.00 0.4818E-01
-0.1177 -0.3696E-02
-0.1627E-01 -0.7080E-01
56.00 0.4474E-01
-0.1146 0.3779E-03
-0.1771E-01 -0.6558E-01
57.00 0.4122E-01
-0.1133 0.4684E-02
-0.1880E-01 -0.6064E-01
58.00 0.3767E-01
-0.1140 0.9333E-02
-0.1951E-01 -0.5594E-01
59.00 0.3413E-01
-0.1166 0.1443E-01
-0.1979E-01 -0.5144E-01
60.00 0.3066E-01
-0.1213 0.2008E-01
-0.1959E-01 -0.4706E-01
61.00 0.2729E-01
-0.1279 0.2634E-01
-0.1884E-01 -0.4275E-01
62.00 0.2409E-01
-0.1366 0.3326E-01
-0.1747E-01 -0.3847E-01
63.00 0.2107E-01
-0.1471 0.4082E-01
-0.1536E-01 -0.3416E-01
64.00 0.1829E-01
-0.1590 0.4893E-01
-0.1238E-01 -0.2979E-01
65.00 0.1576E-01
-0.1720 0.5738E-01
-0.8336E-02 -0.2540E-01
66.00 0.1350E-01
-0.1851 0.6578E-01
-0.3024E-02 -0.2105E-01
67.00 0.1153E-01
-0.1968 0.7351E-01
0.3794E-02 -0.1693E-01
68.00 0.9842E-02
-0.2050 0.7965E-01
0.1232E-01 -0.1335E-01
69.00 0.8442E-02
-0.2068 0.8301E-01
0.2264E-01 -0.1078E-01
70.00 0.7318E-02
-0.1987 0.8218E-01
0.3457E-01 -0.9843E-02
71.00 0.6455E-02
-0.1773 0.7594E-01
0.4754E-01 -0.1120E-01
72.00 0.5833E-02
-0.1407 0.6375E-01
0.6047E-01 -0.1532E-01
73.00 0.5428E-02
-0.8967E-01 0.4626E-01
0.7199E-01 -0.2225E-01
74.00 0.5215E-02
-0.2816E-01 0.2545E-01
0.8078E-01 -0.3139E-01
75.00 0.5164E-02
0.3760E-01 0.4071E-02
0.8604E-01 -0.4171E-01
76.00 0.5248E-02
0.1012 -0.1526E-01
0.8767E-01 -0.5201E-01
77.00 0.5437E-02
0.1580 -0.3080E-01
0.8622E-01 -0.6133E-01
78.00 0.5704E-02
0.2055 -0.4182E-01
0.8250E-01 -0.6909E-01
79.00 0.6023E-02
0.2434 -0.4841E-01
0.7731E-01 -0.7507E-01
80.00 0.6369E-02
0.2725 -0.5113E-01
0.7130E-01 -0.7931E-01
81.00 0.6722E-02
0.2940 -0.5065E-01
0.6493E-01 -0.8195E-01
82.00 0.7062E-02
0.3093 -0.4763E-01
0.5848E-01 -0.8317E-01
83.00 0.7374E-02
0.3196 -0.4263E-01
0.5210E-01 -0.8315E-01
84.00 0.7645E-02
0.3259 -0.3608E-01
0.4589E-01 -0.8203E-01
85.00 0.7865E-02
0.3287 -0.2831E-01
0.3987E-01 -0.7994E-01
86.00 0.8028E-02
0.3289 -0.1957E-01
0.3405E-01 -0.7697E-01
87.00 0.8129E-02
0.3266 -0.1003E-01
0.2844E-01 -0.7320E-01
88.00 0.8168E-02
0.3222 0.1595E-03
0.2303E-01 -0.6871E-01
89.00 0.8145E-02
0.3160 0.1088E-01
0.1783E-01 -0.6358E-01
90.00 0.8065E-02
0.3081 0.2200E-01
0.1286E-01 -0.5790E-01
91.00 0.7931E-02
0.2985 0.3340E-01
0.8144E-02 -0.5180E-01
92.00 0.7749E-02
0.2874 0.4492E-01
0.3712E-02 -0.4542E-01
93.00 0.7529E-02
0.2749 0.5636E-01
-0.3887E-03 -0.3895E-01
94.00 0.7276E-02
0.2608 0.6750E-01
-0.4108E-02 -0.3263E-01
95.00 0.7000E-02
0.2453 0.7804E-01
-0.7393E-02 -0.2672E-01
96.00 0.6708E-02
0.2283 0.8765E-01
-0.1019E-01 -0.2157E-01
97.00 0.6409E-02
0.2096 0.9596E-01
-0.1246E-01 -0.1751E-01
98.00 0.6110E-02
0.1893 0.1026
-0.1419E-01 -0.1492E-01
99.00 0.5817E-02
0.1671 0.1071
-0.1537E-01 -0.1415E-01
100.0 0.5535E-02
0.1429 0.1092
-0.1607E-01 -0.1552E-01
101.0 0.5270E-02
0.1165 0.1085
-0.1636E-01 -0.1921E-01
102.0 0.5025E-02
0.8780E-01 0.1049
-0.1639E-01 -0.2531E-01
103.0 0.4801E-02
0.5664E-01 0.9845E-01
-0.1636E-01 -0.3368E-01
104.0 0.4601E-02
0.2308E-01 0.8924E-01
-0.1648E-01 -0.4401E-01
105.0 0.4425E-02
-0.1269E-01 0.7767E-01
-0.1700E-01 -0.5576E-01
106.0 0.4273E-02
-0.5027E-01 0.6427E-01
-0.1817E-01 -0.6819E-01
107.0 0.4145E-02
-0.8903E-01 0.4970E-01
-0.2019E-01 -0.8045E-01
108.0 0.4041E-02
-0.1281 0.3466E-01
-0.2319E-01 -0.9161E-01
109.0 0.3961E-02
-0.1663 0.1983E-01
-0.2724E-01 -0.1008
110.0 0.3903E-02
-0.2022 0.5830E-02
-0.3229E-01 -0.1073
111.0 0.3868E-02
-0.2345 -0.6912E-02
-0.3818E-01 -0.1105
112.0 0.3857E-02
-0.2615 -0.1813E-01
-0.4466E-01 -0.1102
113.0 0.3870E-02
-0.2820 -0.2777E-01
-0.5140E-01 -0.1065
114.0 0.3908E-02
-0.2947 -0.3597E-01
-0.5802E-01 -0.9974E-01
115.0 0.3971E-02
-0.2990 -0.4299E-01
-0.6414E-01 -0.9072E-01
116.0 0.4061E-02
-0.2947 -0.4920E-01
-0.6943E-01 -0.8029E-01
117.0 0.4176E-02
-0.2821 -0.5498E-01
-0.7362E-01 -0.6946E-01
118.0 0.4318E-02
-0.2622 -0.6065E-01
-0.7657E-01 -0.5918E-01
119.0 0.4484E-02
-0.2363 -0.6645E-01
-0.7826E-01 -0.5030E-01
120.0 0.4673E-02
-0.2060 -0.7252E-01
-0.7877E-01 -0.4343E-01
121.0 0.4879E-02
-0.1728 -0.7884E-01
-0.7826E-01 -0.3891E-01
122.0 0.5099E-02
-0.1383 -0.8532E-01
-0.7697E-01 -0.3686E-01
123.0 0.5326E-02
-0.1039 -0.9178E-01
-0.7516E-01 -0.3716E-01
124.0 0.5552E-02
-0.7048E-01 -0.9799E-01
-0.7308E-01 -0.3953E-01
125.0 0.5769E-02
-0.3881E-01 -0.1037
-0.7096E-01 -0.4360E-01
126.0 0.5968E-02
-0.9277E-02 -0.1088
-0.6899E-01 -0.4894E-01
127.0 0.6139E-02
0.1797E-01 -0.1129
-0.6732E-01 -0.5511E-01
128.0 0.6274E-02
0.4298E-01 -0.1160
-0.6607E-01 -0.6166E-01
129.0 0.6364E-02
0.6597E-01 -0.1178
-0.6531E-01 -0.6821E-01
130.0 0.6403E-02
0.8728E-01 -0.1183
-0.6509E-01 -0.7441E-01
131.0 0.6385E-02
0.1073 -0.1173
-0.6543E-01 -0.7992E-01
132.0 0.6308E-02
0.1265 -0.1148
-0.6631E-01 -0.8447E-01
133.0 0.6170E-02
0.1453 -0.1108
-0.6770E-01 -0.8781E-01
134.0 0.5974E-02
0.1643 -0.1052
-0.6957E-01 -0.8971E-01
135.0 0.5724E-02
0.1840 -0.9806E-01
-0.7183E-01 -0.8998E-01
136.0 0.5428E-02
0.2047 -0.8944E-01
-0.7440E-01 -0.8846E-01
137.0 0.5093E-02
0.2270 -0.7949E-01
-0.7713E-01 -0.8504E-01
138.0 0.4732E-02
0.2511 -0.6845E-01
-0.7986E-01 -0.7966E-01
139.0 0.4355E-02
0.2770 -0.5670E-01
-0.8237E-01 -0.7241E-01
140.0 0.3975E-02
0.3046 -0.4483E-01
-0.8441E-01 -0.6353E-01
141.0 0.3605E-02
0.3331 -0.3367E-01
-0.8564E-01 -0.5355E-01
142.0 0.3255E-02
0.3610 -0.2435E-01
-0.8574E-01 -0.4338E-01
143.0 0.2936E-02
0.3856 -0.1829E-01
-0.8435E-01 -0.3438E-01
144.0 0.2657E-02
0.4032 -0.1702E-01
-0.8127E-01 -0.2845E-01
145.0 0.2424E-02
0.4088 -0.2190E-01
-0.7653E-01 -0.2779E-01
146.0 0.2242E-02
0.3972 -0.3359E-01
-0.7055E-01 -0.3455E-01
147.0 0.2113E-02
0.3639 -0.5147E-01
-0.6424E-01 -0.5005E-01
148.0 0.2037E-02
0.3068 -0.7329E-01
-0.5888E-01 -0.7407E-01
149.0 0.2014E-02
0.2278 -0.9549E-01
-0.5582E-01 -0.1044
150.0 0.2041E-02
0.1322 -0.1140
-0.5610E-01 -0.1374
151.0 0.2118E-02
0.2774E-01 -0.1256
-0.6009E-01 -0.1685
152.0 0.2241E-02
-0.7783E-01 -0.1283
-0.6746E-01 -0.1940
153.0 0.2410E-02
-0.1779 -0.1221
-0.7733E-01 -0.2112
154.0 0.2627E-02
-0.2679 -0.1082
-0.8853E-01 -0.2188
155.0 0.2892E-02
-0.3450 -0.8892E-01
-0.9982E-01 -0.2170
156.0 0.3211E-02
-0.4077 -0.6676E-01
-0.1101 -0.2067
157.0 0.3591E-02
-0.4556 -0.4431E-01
-0.1184 -0.1897
158.0 0.4039E-02
-0.4890 -0.2382E-01
-0.1242 -0.1679
159.0 0.4565E-02
-0.5088 -0.7050E-02
-0.1272 -0.1434
160.0 0.5180E-02
-0.5164 0.4904E-02
-0.1273 -0.1181
161.0 0.5894E-02
-0.5135 0.1158E-01
-0.1247 -0.9363E-01
162.0 0.6716E-02
-0.5018 0.1307E-01
-0.1200 -0.7125E-01
163.0 0.7654E-02
-0.4833 0.9915E-02
-0.1135 -0.5171E-01
164.0 0.8711E-02
-0.4596 0.2916E-02
-0.1059 -0.3538E-01
165.0 0.9887E-02
-0.4325 -0.7015E-02
-0.9747E-01 -0.2229E-01
166.0 0.1118E-01
-0.4030 -0.1897E-01
-0.8875E-01 -0.1225E-01
167.0 0.1257E-01
-0.3723 -0.3213E-01
-0.8002E-01 -0.4903E-02
168.0 0.1406E-01
-0.3411 -0.4579E-01
-0.7149E-01 0.1566E-03
169.0 0.1560E-01
-0.3099 -0.5940E-01
-0.6333E-01 0.3357E-02
170.0 0.1719E-01
-0.2790 -0.7253E-01
-0.5561E-01 0.5106E-02
171.0 0.1879E-01
-0.2486 -0.8486E-01
-0.4838E-01 0.5768E-02
172.0 0.2036E-01
-0.2189 -0.9618E-01
-0.4163E-01 0.5659E-02
173.0 0.2187E-01
-0.1898 -0.1063
-0.3535E-01 0.5044E-02
174.0 0.2327E-01
-0.1614 -0.1152
-0.2949E-01 0.4140E-02
175.0 0.2453E-01
-0.1335 -0.1228
-0.2399E-01 0.3121E-02
176.0 0.2562E-01
-0.1062 -0.1290
-0.1882E-01 0.2122E-02
177.0 0.2650E-01
-0.7929E-01 -0.1338
-0.1389E-01 0.1246E-02
178.0 0.2715E-01
-0.5268E-01 -0.1372
-0.9154E-02 0.5705E-03
179.0 0.2755E-01
-0.2629E-01 -0.1393
-0.4545E-02 0.1450E-03
180.0 0.2769E-01
0.000 -0.1400
0.000 0.000
