# Fusion cross sections for ELAB=  49.500, ECM=  45.665
     0.5   9.007      1
     0.5   17.88     -1
     1.5   16.16      1
     1.5   33.63     -1
     2.5   25.95      1
     2.5   49.07     -1
     3.5   23.91      1
     3.5   57.42     -1
     4.5   31.12      1
     4.5   47.84     -1
     5.5   9.605      1
     5.5   29.86     -1
     6.5   11.22      1
     6.5   16.36     -1
     7.5   2.661      1
     7.5   8.538     -1
     8.5   2.993      1
     8.5   4.339     -1
     9.5  0.6688      1
     9.5   2.164     -1
    10.5  0.7357      1
    10.5   1.063     -1
    11.5  0.1585      1
    11.5  0.5159     -1
    12.5  0.1717      1
    12.5  0.2476     -1
    13.5  0.3603E-01  1
    13.5  0.1178     -1
    14.5  0.3861E-01  1
    14.5  0.5561E-01 -1
    15.5  0.7945E-02  1
    15.5  0.2608E-01 -1
    16.5  0.8442E-02  1
    16.5  0.1206E-01 -1
    17.5  0.1571E-02  1
    17.5  0.5407E-02 -1
    18.5  0.1658E-02  1
    18.5  0.2289E-02 -1
    19.5  0.2305E-03  1
    19.5  0.8948E-03 -1
    20.5  0.2420E-03  1
    20.5  0.3178E-03 -1
 &
