# Fusion cross sections for ELAB=  16.000, ECM=  15.923
     0.5   30.50      1
     0.5   70.06     -1
     1.5   55.17      1
     1.5   135.6     -1
     2.5   80.81      1
     2.5   190.1     -1
     3.5   70.09      1
     3.5   215.8     -1
     4.5   94.94      1
     4.5   175.8     -1
     5.5   24.56      1
     5.5   106.0     -1
     6.5   37.03      1
     6.5   45.86     -1
     7.5   2.110      1
     7.5   10.30     -1
     8.5   2.574      1
     8.5   3.034     -1
     9.5  0.1055      1
     9.5  0.6591     -1
    10.5  0.1186      1
    10.5  0.1428     -1
    11.5  0.5515E-02  1
    11.5  0.3210E-01 -1
    12.5  0.5982E-02  1
    12.5  0.7223E-02 -1
    13.5  0.2761E-03  1
    13.5  0.1612E-02 -1
    14.5  0.2956E-03  1
    14.5  0.3564E-03 -1
    15.5  0.1328E-04  1
    15.5  0.7810E-04 -1
    16.5  0.1410E-04  1
    16.5  0.1698E-04 -1
    17.5  0.6193E-06  1
    17.5  0.3664E-05 -1
    18.5  0.6534E-06  1
    18.5  0.7859E-06 -1
    19.5  0.2820E-07  1
    19.5  0.1676E-06 -1
    20.5  0.2961E-07  1
    20.5  0.3559E-07 -1
 &
