# 181 angles,  3 tensor ranks for 0=projectile
@subtitle   "9Be(6Li,d)13C CDCC+CRC, adapted from 58Ni(6Li,d) 31-channel card"              
@legend ON
@legend x1 0.2
@legend y1 0.8
@g0 type LOGY
@yaxis ticklabel format power
@legend string   0 "Lab energy =   32.0000"
#legend string   0 "Partition=  1 Excit=  3 near/far= 1"
#  Theta       sigma       iT11        T20         T21         T22         Kyy for projectile
   0.000       1.602       0.000      0.1243E-01   0.000       0.000    
   1.000       1.525      0.2265E-02  0.1156E-01  0.9537E-02 -0.2926E-03
   2.000       1.315      0.5388E-02  0.8520E-02  0.2014E-01 -0.1281E-02
   3.000       1.018      0.1076E-01  0.1618E-02  0.3314E-01 -0.3374E-02
   4.000      0.6964      0.2146E-01 -0.1374E-01  0.5054E-01 -0.7595E-02
   5.000      0.4107      0.4575E-01 -0.5078E-01  0.7537E-01 -0.1659E-01
   6.000      0.2011      0.1101     -0.1530      0.1099     -0.3802E-01
   7.000      0.8247E-01  0.2990     -0.4638      0.1262     -0.9192E-01
   8.000      0.4528E-01  0.5777     -0.9412     -0.4496E-01 -0.1462    
   9.000      0.6430E-01  0.4135     -0.6788     -0.2081     -0.7718E-01
   10.00      0.1095      0.2379     -0.3795     -0.2034     -0.2684E-01
   11.00      0.1551      0.1589     -0.2373     -0.1806     -0.5865E-02
   12.00      0.1850      0.1216     -0.1631     -0.1650      0.4366E-02
   13.00      0.1936      0.1014     -0.1171     -0.1564      0.1036E-01
   14.00      0.1829      0.8717E-01 -0.8325E-01 -0.1526      0.1418E-01
   15.00      0.1595      0.7124E-01 -0.5500E-01 -0.1518      0.1625E-01
   16.00      0.1308      0.4539E-01 -0.3060E-01 -0.1516      0.1608E-01
   17.00      0.1026     -0.3783E-03 -0.1257E-01 -0.1489      0.1253E-01
   18.00      0.7848E-01 -0.7612E-01 -0.8132E-02 -0.1399      0.4213E-02
   19.00      0.5961E-01 -0.1860     -0.2845E-01 -0.1205     -0.9555E-02
   20.00      0.4555E-01 -0.3207     -0.8426E-01 -0.8988E-01 -0.2742E-01
   21.00      0.3513E-01 -0.4565     -0.1796     -0.5192E-01 -0.4556E-01
   22.00      0.2715E-01 -0.5652     -0.3095     -0.1546E-01 -0.5890E-01
   23.00      0.2076E-01 -0.6250     -0.4624      0.7991E-02 -0.6274E-01
   24.00      0.1554E-01 -0.6253     -0.6227      0.4696E-02 -0.5360E-01
   25.00      0.1140E-01 -0.5658     -0.7648     -0.4264E-01 -0.3016E-01
   26.00      0.8394E-02 -0.4624     -0.8410     -0.1511      0.2076E-02
   27.00      0.6545E-02 -0.3607     -0.7846     -0.3133      0.2160E-01
   28.00      0.5815E-02 -0.3210     -0.5836     -0.4595     -0.4918E-02
   29.00      0.6076E-02 -0.3438     -0.3574     -0.5024     -0.8131E-01
   30.00      0.7136E-02 -0.3624     -0.2324     -0.4473     -0.1697    
   31.00      0.8756E-02 -0.3345     -0.2155     -0.3581     -0.2403    
   32.00      0.1068E-01 -0.2617     -0.2586     -0.2762     -0.2885    
   33.00      0.1267E-01 -0.1589     -0.3241     -0.2126     -0.3196    
   34.00      0.1451E-01 -0.3865E-01 -0.3923     -0.1658     -0.3389    
   35.00      0.1606E-01  0.9040E-01 -0.4536     -0.1316     -0.3493    
   36.00      0.1724E-01  0.2210     -0.5034     -0.1061     -0.3524    
   37.00      0.1800E-01  0.3459     -0.5388     -0.8732E-01 -0.3490    
   38.00      0.1836E-01  0.4575     -0.5591     -0.7389E-01 -0.3400    
   39.00      0.1835E-01  0.5490     -0.5650     -0.6524E-01 -0.3267    
   40.00      0.1799E-01  0.6158     -0.5589     -0.6090E-01 -0.3111    
   41.00      0.1735E-01  0.6567     -0.5442     -0.6030E-01 -0.2955    
   42.00      0.1650E-01  0.6745     -0.5247     -0.6274E-01 -0.2819    
   43.00      0.1549E-01  0.6757     -0.5037     -0.6751E-01 -0.2718    
   44.00      0.1442E-01  0.6684     -0.4836     -0.7417E-01 -0.2654    
   45.00      0.1336E-01  0.6606     -0.4654     -0.8264E-01 -0.2616    
   46.00      0.1238E-01  0.6578     -0.4492     -0.9312E-01 -0.2581    
   47.00      0.1154E-01  0.6613     -0.4348     -0.1057     -0.2517    
   48.00      0.1086E-01  0.6686     -0.4226     -0.1198     -0.2400    
   49.00      0.1032E-01  0.6754     -0.4138     -0.1339     -0.2216    
   50.00      0.9916E-02  0.6777     -0.4102     -0.1460     -0.1968    
   51.00      0.9594E-02  0.6740     -0.4126     -0.1538     -0.1670    
   52.00      0.9319E-02  0.6644     -0.4206     -0.1555     -0.1341    
   53.00      0.9057E-02  0.6505     -0.4328     -0.1505     -0.9968E-01
   54.00      0.8778E-02  0.6337     -0.4471     -0.1389     -0.6535E-01
   55.00      0.8458E-02  0.6153     -0.4615     -0.1218     -0.3239E-01
   56.00      0.8082E-02  0.5963     -0.4751     -0.1004     -0.1859E-02
   57.00      0.7650E-02  0.5777     -0.4872     -0.7585E-01  0.2537E-01
   58.00      0.7174E-02  0.5601     -0.4977     -0.4931E-01  0.4869E-01
   59.00      0.6678E-02  0.5440     -0.5060     -0.2183E-01  0.6779E-01
   60.00      0.6189E-02  0.5297     -0.5117      0.5242E-02  0.8280E-01
   61.00      0.5727E-02  0.5167     -0.5142      0.3028E-01  0.9435E-01
   62.00      0.5297E-02  0.5041     -0.5137      0.5165E-01  0.1035    
   63.00      0.4895E-02  0.4909     -0.5114      0.6818E-01  0.1113    
   64.00      0.4503E-02  0.4762     -0.5095      0.7961E-01  0.1189    
   65.00      0.4104E-02  0.4599     -0.5106      0.8656E-01  0.1270    
   66.00      0.3688E-02  0.4421     -0.5175      0.9027E-01  0.1358    
   67.00      0.3255E-02  0.4232     -0.5327      0.9216E-01  0.1453    
   68.00      0.2813E-02  0.4030     -0.5582      0.9349E-01  0.1553    
   69.00      0.2381E-02  0.3802     -0.5950      0.9520E-01  0.1653    
   70.00      0.1979E-02  0.3521     -0.6427      0.9777E-01  0.1743    
   71.00      0.1621E-02  0.3144     -0.6996      0.1013      0.1805    
   72.00      0.1317E-02  0.2618     -0.7616      0.1052      0.1811    
   73.00      0.1067E-02  0.1892     -0.8226      0.1089      0.1724    
   74.00      0.8705E-03  0.9411E-01 -0.8740      0.1107      0.1499    
   75.00      0.7208E-03 -0.2141E-01 -0.9053      0.1087      0.1099    
   76.00      0.6115E-03 -0.1482     -0.9074      0.1009      0.5185E-01
   77.00      0.5348E-03 -0.2716     -0.8775      0.8603E-01 -0.1884E-01
   78.00      0.4816E-03 -0.3770     -0.8233      0.6446E-01 -0.9232E-01
   79.00      0.4426E-03 -0.4568     -0.7593      0.3810E-01 -0.1587    
   80.00      0.4100E-03 -0.5115     -0.6992      0.9114E-02 -0.2123    
   81.00      0.3786E-03 -0.5461     -0.6503     -0.2097E-01 -0.2522    
   82.00      0.3458E-03 -0.5659     -0.6137     -0.5141E-01 -0.2801    
   83.00      0.3112E-03 -0.5754     -0.5868     -0.8203E-01 -0.2989    
   84.00      0.2759E-03 -0.5776     -0.5657     -0.1129     -0.3116    
   85.00      0.2417E-03 -0.5749     -0.5463     -0.1442     -0.3211    
   86.00      0.2103E-03 -0.5686     -0.5250     -0.1757     -0.3293    
   87.00      0.1834E-03 -0.5591     -0.4990     -0.2064     -0.3372    
   88.00      0.1617E-03 -0.5466     -0.4676     -0.2348     -0.3447    
   89.00      0.1446E-03 -0.5322     -0.4329     -0.2599     -0.3512    
   90.00      0.1311E-03 -0.5168     -0.3981     -0.2817     -0.3564    
   91.00      0.1198E-03 -0.5001     -0.3652     -0.3014     -0.3600    
   92.00      0.1100E-03 -0.4786     -0.3332     -0.3197     -0.3621    
   93.00      0.1018E-03 -0.4478     -0.2991     -0.3365     -0.3632    
   94.00      0.9520E-04 -0.4039     -0.2619     -0.3523     -0.3653    
   95.00      0.9002E-04 -0.3466     -0.2246     -0.3683     -0.3714    
   96.00      0.8615E-04 -0.2777     -0.1941     -0.3861     -0.3842    
   97.00      0.8372E-04 -0.1990     -0.1780     -0.4051     -0.4027    
   98.00      0.8331E-04 -0.1129     -0.1816     -0.4199     -0.4213    
   99.00      0.8571E-04 -0.2484E-01 -0.2041     -0.4218     -0.4317    
   100.0      0.9147E-04  0.5735E-01 -0.2387     -0.4045     -0.4283    
   101.0      0.1006E-03  0.1274     -0.2755     -0.3681     -0.4122    
   102.0      0.1127E-03  0.1832     -0.3058     -0.3186     -0.3885    
   103.0      0.1271E-03  0.2251     -0.3248     -0.2635     -0.3616    
   104.0      0.1428E-03  0.2537     -0.3312     -0.2095     -0.3338    
   105.0      0.1585E-03  0.2694     -0.3268     -0.1613     -0.3058    
   106.0      0.1724E-03  0.2730     -0.3159     -0.1212     -0.2775    
   107.0      0.1826E-03  0.2654     -0.3029     -0.8974E-01 -0.2489    
   108.0      0.1875E-03  0.2478     -0.2922     -0.6555E-01 -0.2205    
   109.0      0.1868E-03  0.2218     -0.2868     -0.4662E-01 -0.1932    
   110.0      0.1808E-03  0.1892     -0.2891     -0.3065E-01 -0.1685    
   111.0      0.1708E-03  0.1534     -0.3004     -0.1541E-01 -0.1486    
   112.0      0.1583E-03  0.1189     -0.3211      0.1146E-02 -0.1357    
   113.0      0.1446E-03  0.9219E-01 -0.3498      0.2083E-01 -0.1312    
   114.0      0.1313E-03  0.7974E-01 -0.3824      0.4501E-01 -0.1352    
   115.0      0.1200E-03  0.8692E-01 -0.4113      0.7393E-01 -0.1460    
   116.0      0.1122E-03  0.1148     -0.4260      0.1059     -0.1603    
   117.0      0.1083E-03  0.1574     -0.4191      0.1372     -0.1743    
   118.0      0.1080E-03  0.2040     -0.3916      0.1640     -0.1851    
   119.0      0.1099E-03  0.2436     -0.3518      0.1844     -0.1913    
   120.0      0.1124E-03  0.2690     -0.3089      0.1989     -0.1922    
   121.0      0.1141E-03  0.2755     -0.2689      0.2084     -0.1873    
   122.0      0.1140E-03  0.2593     -0.2348      0.2142     -0.1764    
   123.0      0.1116E-03  0.2171     -0.2083      0.2174     -0.1611    
   124.0      0.1067E-03  0.1472     -0.1907      0.2191     -0.1449    
   125.0      0.9982E-04  0.4998E-01 -0.1832      0.2201     -0.1335    
   126.0      0.9172E-04 -0.6919E-01 -0.1851      0.2208     -0.1335    
   127.0      0.8340E-04 -0.1978     -0.1927      0.2208     -0.1510    
   128.0      0.7554E-04 -0.3162     -0.1993      0.2198     -0.1875    
   129.0      0.6820E-04 -0.4035     -0.1963      0.2184     -0.2391    
   130.0      0.6108E-04 -0.4452     -0.1768      0.2189     -0.2968    
   131.0      0.5396E-04 -0.4357     -0.1364      0.2246     -0.3494    
   132.0      0.4720E-04 -0.3752     -0.7391E-01  0.2396     -0.3843    
   133.0      0.4163E-04 -0.2722      0.4073E-02  0.2668     -0.3872    
   134.0      0.3817E-04 -0.1538      0.7725E-01  0.3054     -0.3493    
   135.0      0.3734E-04 -0.6357E-01  0.1157      0.3477     -0.2810    
   136.0      0.3916E-04 -0.3090E-01  0.1024      0.3812     -0.2113    
   137.0      0.4332E-04 -0.4789E-01  0.4725E-01  0.3958     -0.1646    
   138.0      0.4942E-04 -0.8519E-01 -0.2511E-01  0.3876     -0.1466    
   139.0      0.5689E-04 -0.1184     -0.9302E-01  0.3586     -0.1495    
   140.0      0.6479E-04 -0.1378     -0.1454      0.3147     -0.1627    
   141.0      0.7177E-04 -0.1443     -0.1807      0.2620     -0.1783    
   142.0      0.7635E-04 -0.1426     -0.2019      0.2040     -0.1918    
   143.0      0.7738E-04 -0.1366     -0.2130      0.1417     -0.2009    
   144.0      0.7435E-04 -0.1288     -0.2179      0.7408E-01 -0.2042    
   145.0      0.6738E-04 -0.1208     -0.2204     -0.5003E-03 -0.2005    
   146.0      0.5701E-04 -0.1134     -0.2264     -0.8426E-01 -0.1894    
   147.0      0.4423E-04 -0.1071     -0.2462     -0.1808     -0.1709    
   148.0      0.3059E-04 -0.1015     -0.2997     -0.2942     -0.1446    
   149.0      0.1837E-04 -0.9111E-01 -0.4295     -0.4094     -0.1114    
   150.0      0.1028E-04 -0.4858E-01 -0.6731     -0.3572     -0.9417E-01
   151.0      0.8794E-05  0.5294E-01 -0.6801      0.2304     -0.1770    
   152.0      0.1539E-04  0.9277E-01 -0.3158      0.5658     -0.2566    
   153.0      0.3015E-04  0.9085E-01 -0.1180      0.5081     -0.2664    
   154.0      0.5187E-04  0.9204E-01 -0.4514E-01  0.4015     -0.2591    
   155.0      0.7832E-04  0.9854E-01 -0.2026E-01  0.3116     -0.2495    
   156.0      0.1064E-03  0.1070     -0.1476E-01  0.2406     -0.2393    
   157.0      0.1322E-03  0.1151     -0.1727E-01  0.1842     -0.2283    
   158.0      0.1517E-03  0.1214     -0.2248E-01  0.1389     -0.2158    
   159.0      0.1611E-03  0.1260     -0.2773E-01  0.1017     -0.2014    
   160.0      0.1582E-03  0.1291     -0.3176E-01  0.6988E-01 -0.1846    
   161.0      0.1434E-03  0.1312     -0.3413E-01  0.4124E-01 -0.1647    
   162.0      0.1192E-03  0.1326     -0.3492E-01  0.1351E-01 -0.1417    
   163.0      0.8969E-04  0.1333     -0.3462E-01 -0.1578E-01 -0.1169    
   164.0      0.5987E-04  0.1335     -0.3385E-01 -0.4992E-01 -0.9702E-01
   165.0      0.3486E-04  0.1338     -0.3203E-01 -0.9176E-01 -0.1096    
   166.0      0.1975E-04  0.1355     -0.1981E-01 -0.1185     -0.2455    
   167.0      0.1912E-04  0.1337      0.1529E-01 -0.4271E-01 -0.4474    
   168.0      0.3642E-04  0.1256      0.3226E-01  0.2633E-01 -0.3866    
   169.0      0.7321E-04  0.1191      0.3470E-01  0.3614E-01 -0.2768    
   170.0      0.1289E-03  0.1143      0.3629E-01  0.3118E-01 -0.2009    
   171.0      0.2009E-03  0.1098      0.3903E-01  0.2470E-01 -0.1489    
   172.0      0.2859E-03  0.1049      0.4274E-01  0.1910E-01 -0.1108    
   173.0      0.3797E-03  0.9857E-01  0.4701E-01  0.1460E-01 -0.8137E-01
   174.0      0.4775E-03  0.9029E-01  0.5142E-01  0.1104E-01 -0.5813E-01
   175.0      0.5735E-03  0.7973E-01  0.5562E-01  0.8212E-02 -0.3967E-01
   176.0      0.6615E-03  0.6692E-01  0.5937E-01  0.5950E-02 -0.2517E-01
   177.0      0.7354E-03  0.5211E-01  0.6249E-01  0.4112E-02 -0.1414E-01
   178.0      0.7906E-03  0.3569E-01  0.6485E-01  0.2578E-02 -0.6302E-02
   179.0      0.8244E-03  0.1814E-01  0.6632E-01  0.1241E-02 -0.1581E-02
   180.0      0.8357E-03   0.000      0.6683E-01   0.000       0.000    
 END
