# Fusion cross sections for ELAB=  32.000, ECM=  19.191
     0.5   9.345       9.483      0.1380    
     1.5   31.13       31.61      0.4822    
     2.5   56.00       56.89      0.8931    
     3.5   74.62       75.85       1.230    
     4.5   93.30       94.81       1.512    
     5.5   111.9       113.8       1.869    
     6.5   130.2       132.5       2.332    
     7.5   147.7       150.8       3.159    
     8.5   162.1       166.6       4.582    
     9.5   168.7       175.1       6.441    
    10.5   162.8       170.9       8.139    
    11.5   143.2       152.2       9.058    
    12.5   113.6       122.3       8.705    
    13.5   82.00       89.13       7.136    
    14.5   55.27       60.56       5.293    
    15.5   36.16       39.65       3.484    
    16.5   23.19       25.38       2.185    
    17.5   14.57       15.91       1.339    
    18.5   8.951       9.756      0.8057    
    19.5   5.394       5.875      0.4816    
    20.5   3.201       3.491      0.2901    
    21.5   1.878       2.058      0.1797    
    22.5   1.094       1.209      0.1146    
    23.5  0.6345      0.7086      0.7410E-01
    24.5  0.3668      0.4155      0.4865E-01
    25.5  0.2118      0.2446      0.3284E-01
    26.5  0.1220      0.1452      0.2313E-01
    27.5  0.7026E-01  0.8736E-01  0.1710E-01
    28.5  0.4045E-01  0.5368E-01  0.1323E-01
    29.5  0.2334E-01  0.3393E-01  0.1059E-01
    30.5  0.1351E-01  0.2220E-01  0.8684E-02
 &
