# 181 angles,  3 tensor ranks for 0=projectile
@subtitle   "9Be(6Li,d)13C CDCC+CRC, adapted from 58Ni(6Li,d) 31-channel card"              
@legend ON
@legend x1 0.2
@legend y1 0.8
@g0 type LOGY
@yaxis ticklabel format power
@legend string   0 "Lab energy =   32.0000"
#legend string   0 "Partition=  1 Excit=  9 near/far= 1"
#  Theta       sigma       iT11        T20         T21         T22         Kyy for projectile
   0.000      0.1266       0.000      0.2489E-01   0.000       0.000    
   1.000      0.1247      0.3289E-01  0.2511E-01 -0.3901E-02 -0.1973E-02
   2.000      0.1193      0.5777E-01  0.2562E-01 -0.9185E-02 -0.7891E-02
   3.000      0.1109      0.6710E-01  0.2602E-01 -0.1680E-01 -0.1784E-01
   4.000      0.1005      0.5412E-01  0.2562E-01 -0.2676E-01 -0.3219E-01
   5.000      0.8934E-01  0.1388E-01  0.2340E-01 -0.3751E-01 -0.5153E-01
   6.000      0.7912E-01 -0.5397E-01  0.1805E-01 -0.4532E-01 -0.7618E-01
   7.000      0.7097E-01 -0.1407      0.8164E-02 -0.4485E-01 -0.1050    
   8.000      0.6528E-01 -0.2277     -0.7142E-02 -0.3181E-01 -0.1347    
   9.000      0.6141E-01 -0.2957     -0.2802E-01 -0.6314E-02 -0.1610    
   10.00      0.5798E-01 -0.3364     -0.5461E-01  0.2754E-01 -0.1818    
   11.00      0.5338E-01 -0.3544     -0.8828E-01  0.6548E-01 -0.1973    
   12.00      0.4655E-01 -0.3595     -0.1326      0.1059     -0.2096    
   13.00      0.3743E-01 -0.3598     -0.1945      0.1501     -0.2204    
   14.00      0.2701E-01 -0.3604     -0.2873      0.2018     -0.2302    
   15.00      0.1695E-01 -0.3629     -0.4367      0.2655     -0.2358    
   16.00      0.8959E-02 -0.3633     -0.6887      0.3339     -0.2196    
   17.00      0.4207E-02 -0.3370      -1.003      0.2978     -0.1070    
   18.00      0.2983E-02 -0.2607     -0.6334     -0.1259      0.1231    
   19.00      0.4720E-02 -0.2567      0.8386E-01 -0.3414      0.9690E-01
   20.00      0.8285E-02 -0.2850      0.2685     -0.2760     -0.8016E-02
   21.00      0.1239E-01 -0.3000      0.2663     -0.1910     -0.8081E-01
   22.00      0.1597E-01 -0.2972      0.2190     -0.1214     -0.1326    
   23.00      0.1838E-01 -0.2728      0.1562     -0.6401E-01 -0.1748    
   24.00      0.1945E-01 -0.2198      0.8338E-01 -0.1450E-01 -0.2127    
   25.00      0.1939E-01 -0.1302      0.1166E-02  0.2859E-01 -0.2479    
   26.00      0.1862E-01  0.2059E-02 -0.8795E-01  0.6393E-01 -0.2788    
   27.00      0.1764E-01  0.1730     -0.1764      0.8776E-01 -0.3005    
   28.00      0.1687E-01  0.3608     -0.2504      0.9562E-01 -0.3063    
   29.00      0.1656E-01  0.5270     -0.2949      0.8578E-01 -0.2916    
   30.00      0.1680E-01  0.6334     -0.3021      0.6196E-01 -0.2576    
   31.00      0.1751E-01  0.6640     -0.2768      0.3194E-01 -0.2121    
   32.00      0.1846E-01  0.6289     -0.2319      0.3179E-02 -0.1638    
   33.00      0.1941E-01  0.5501     -0.1801     -0.2001E-01 -0.1190    
   34.00      0.2010E-01  0.4484     -0.1297     -0.3631E-01 -0.8028E-01
   35.00      0.2036E-01  0.3380     -0.8480E-01 -0.4605E-01 -0.4799E-01
   36.00      0.2009E-01  0.2273     -0.4714E-01 -0.5001E-01 -0.2130E-01
   37.00      0.1932E-01  0.1211     -0.1744E-01 -0.4889E-01  0.8699E-03
   38.00      0.1813E-01  0.2312E-01  0.3667E-02 -0.4315E-01  0.1948E-01
   39.00      0.1668E-01 -0.6302E-01  0.1528E-01 -0.3309E-01  0.3526E-01
   40.00      0.1513E-01 -0.1327      0.1625E-01 -0.1900E-01  0.4864E-01
   41.00      0.1359E-01 -0.1809      0.5521E-02 -0.1392E-02  0.5978E-01
   42.00      0.1219E-01 -0.2029     -0.1721E-01  0.1883E-01  0.6862E-01
   43.00      0.1097E-01 -0.1966     -0.5082E-01  0.4030E-01  0.7504E-01
   44.00      0.9955E-02 -0.1643     -0.9235E-01  0.6140E-01  0.7902E-01
   45.00      0.9123E-02 -0.1128     -0.1374      0.8061E-01  0.8085E-01
   46.00      0.8442E-02 -0.5230E-01 -0.1812      0.9691E-01  0.8108E-01
   47.00      0.7869E-02  0.6404E-02 -0.2197      0.1100      0.8043E-01
   48.00      0.7362E-02  0.5476E-01 -0.2506      0.1200      0.7954E-01
   49.00      0.6890E-02  0.8773E-01 -0.2732      0.1275      0.7887E-01
   50.00      0.6431E-02  0.1038     -0.2882      0.1330      0.7858E-01
   51.00      0.5973E-02  0.1044     -0.2970      0.1368      0.7867E-01
   52.00      0.5514E-02  0.9249E-01 -0.3014      0.1390      0.7902E-01
   53.00      0.5057E-02  0.7186E-01 -0.3032      0.1397      0.7953E-01
   54.00      0.4610E-02  0.4629E-01 -0.3036      0.1388      0.8017E-01
   55.00      0.4180E-02  0.1906E-01 -0.3038      0.1363      0.8095E-01
   56.00      0.3777E-02 -0.7311E-02 -0.3045      0.1321      0.8190E-01
   57.00      0.3405E-02 -0.3112E-01 -0.3063      0.1264      0.8302E-01
   58.00      0.3071E-02 -0.5138E-01 -0.3092      0.1193      0.8420E-01
   59.00      0.2775E-02 -0.6773E-01 -0.3132      0.1110      0.8525E-01
   60.00      0.2516E-02 -0.8027E-01 -0.3180      0.1018      0.8592E-01
   61.00      0.2291E-02 -0.8954E-01 -0.3233      0.9212E-01  0.8590E-01
   62.00      0.2096E-02 -0.9635E-01 -0.3286      0.8220E-01  0.8489E-01
   63.00      0.1925E-02 -0.1018     -0.3333      0.7233E-01  0.8257E-01
   64.00      0.1773E-02 -0.1070     -0.3373      0.6263E-01  0.7856E-01
   65.00      0.1636E-02 -0.1131     -0.3401      0.5308E-01  0.7244E-01
   66.00      0.1511E-02 -0.1210     -0.3418      0.4342E-01  0.6375E-01
   67.00      0.1397E-02 -0.1314     -0.3423      0.3330E-01  0.5215E-01
   68.00      0.1293E-02 -0.1447     -0.3419      0.2229E-01  0.3745E-01
   69.00      0.1197E-02 -0.1609     -0.3409      0.1006E-01  0.1974E-01
   70.00      0.1109E-02 -0.1802     -0.3399     -0.3540E-02 -0.6292E-03
   71.00      0.1027E-02 -0.2026     -0.3394     -0.1843E-01 -0.2316E-01
   72.00      0.9495E-03 -0.2279     -0.3398     -0.3435E-01 -0.4732E-01
   73.00      0.8760E-03 -0.2563     -0.3411     -0.5093E-01 -0.7268E-01
   74.00      0.8065E-03 -0.2877     -0.3431     -0.6779E-01 -0.9896E-01
   75.00      0.7414E-03 -0.3219     -0.3453     -0.8462E-01 -0.1260    
   76.00      0.6816E-03 -0.3585     -0.3470     -0.1012     -0.1535    
   77.00      0.6280E-03 -0.3969     -0.3478     -0.1171     -0.1815    
   78.00      0.5811E-03 -0.4361     -0.3472     -0.1322     -0.2096    
   79.00      0.5409E-03 -0.4750     -0.3450     -0.1461     -0.2373    
   80.00      0.5069E-03 -0.5121     -0.3411     -0.1583     -0.2642    
   81.00      0.4781E-03 -0.5462     -0.3356     -0.1685     -0.2898    
   82.00      0.4532E-03 -0.5763     -0.3285     -0.1765     -0.3135    
   83.00      0.4312E-03 -0.6017     -0.3196     -0.1824     -0.3351    
   84.00      0.4112E-03 -0.6221     -0.3085     -0.1862     -0.3541    
   85.00      0.3924E-03 -0.6373     -0.2950     -0.1881     -0.3701    
   86.00      0.3745E-03 -0.6473     -0.2791     -0.1883     -0.3831    
   87.00      0.3572E-03 -0.6526     -0.2610     -0.1870     -0.3929    
   88.00      0.3403E-03 -0.6535     -0.2413     -0.1843     -0.3997    
   89.00      0.3238E-03 -0.6503     -0.2210     -0.1803     -0.4038    
   90.00      0.3076E-03 -0.6432     -0.2011     -0.1750     -0.4056    
   91.00      0.2918E-03 -0.6319     -0.1830     -0.1684     -0.4056    
   92.00      0.2764E-03 -0.6159     -0.1679     -0.1604     -0.4042    
   93.00      0.2614E-03 -0.5946     -0.1569     -0.1512     -0.4022    
   94.00      0.2469E-03 -0.5674     -0.1506     -0.1407     -0.3998    
   95.00      0.2329E-03 -0.5334     -0.1497     -0.1291     -0.3974    
   96.00      0.2196E-03 -0.4924     -0.1539     -0.1165     -0.3946    
   97.00      0.2069E-03 -0.4449     -0.1626     -0.1032     -0.3913    
   98.00      0.1947E-03 -0.3921     -0.1747     -0.8973E-01 -0.3866    
   99.00      0.1827E-03 -0.3362     -0.1886     -0.7637E-01 -0.3799    
   100.0      0.1710E-03 -0.2797     -0.2027     -0.6341E-01 -0.3704    
   101.0      0.1593E-03 -0.2255     -0.2152     -0.5098E-01 -0.3574    
   102.0      0.1479E-03 -0.1766     -0.2249     -0.3908E-01 -0.3411    
   103.0      0.1369E-03 -0.1355     -0.2311     -0.2761E-01 -0.3219    
   104.0      0.1266E-03 -0.1041     -0.2338     -0.1643E-01 -0.3013    
   105.0      0.1171E-03 -0.8279E-01 -0.2336     -0.5298E-02 -0.2813    
   106.0      0.1087E-03 -0.7059E-01 -0.2316      0.6142E-02 -0.2638    
   107.0      0.1016E-03 -0.6423E-01 -0.2288      0.1839E-01 -0.2507    
   108.0      0.9584E-04 -0.5867E-01 -0.2257      0.3205E-01 -0.2434    
   109.0      0.9147E-04 -0.4812E-01 -0.2225      0.4760E-01 -0.2425    
   110.0      0.8839E-04 -0.2776E-01 -0.2191      0.6522E-01 -0.2474    
   111.0      0.8640E-04  0.4475E-02 -0.2155      0.8456E-01 -0.2568    
   112.0      0.8521E-04  0.4698E-01 -0.2117      0.1048     -0.2683    
   113.0      0.8439E-04  0.9501E-01 -0.2079      0.1249     -0.2793    
   114.0      0.8343E-04  0.1423     -0.2040      0.1441     -0.2872    
   115.0      0.8176E-04  0.1830     -0.1999      0.1621     -0.2908    
   116.0      0.7893E-04  0.2126     -0.1949      0.1787     -0.2894    
   117.0      0.7467E-04  0.2286     -0.1880      0.1942     -0.2837    
   118.0      0.6901E-04  0.2300     -0.1779      0.2086     -0.2745    
   119.0      0.6224E-04  0.2173     -0.1632      0.2212     -0.2633    
   120.0      0.5486E-04  0.1926     -0.1430      0.2312     -0.2516    
   121.0      0.4744E-04  0.1595     -0.1172      0.2369     -0.2411    
   122.0      0.4054E-04  0.1234     -0.8756E-01  0.2368     -0.2335    
   123.0      0.3466E-04  0.9200E-01 -0.5863E-01  0.2299     -0.2303    
   124.0      0.3018E-04  0.7394E-01 -0.3814E-01  0.2174     -0.2327    
   125.0      0.2727E-04  0.7616E-01 -0.3454E-01  0.2046     -0.2414    
   126.0      0.2590E-04  0.9859E-01 -0.5153E-01  0.1992     -0.2559    
   127.0      0.2585E-04  0.1325     -0.8422E-01  0.2069     -0.2743    
   128.0      0.2673E-04  0.1656     -0.1224      0.2276     -0.2943    
   129.0      0.2808E-04  0.1894     -0.1572      0.2565     -0.3138    
   130.0      0.2949E-04  0.2006     -0.1840      0.2875     -0.3314    
   131.0      0.3055E-04  0.2003     -0.2018      0.3156     -0.3465    
   132.0      0.3096E-04  0.1912     -0.2117      0.3370     -0.3593    
   133.0      0.3054E-04  0.1770     -0.2148      0.3497     -0.3697    
   134.0      0.2920E-04  0.1616     -0.2124      0.3519     -0.3777    
   135.0      0.2701E-04  0.1490     -0.2052      0.3423     -0.3820    
   136.0      0.2415E-04  0.1432     -0.1939      0.3200     -0.3804    
   137.0      0.2085E-04  0.1481     -0.1793      0.2851     -0.3697    
   138.0      0.1737E-04  0.1653     -0.1629      0.2395     -0.3458    
   139.0      0.1403E-04  0.1905     -0.1480      0.1893     -0.3051    
   140.0      0.1114E-04  0.2054     -0.1400      0.1484     -0.2465    
   141.0      0.9057E-05  0.1702     -0.1457      0.1426     -0.1813    
   142.0      0.8082E-05  0.4357E-01 -0.1669      0.1983     -0.1444    
   143.0      0.8430E-05 -0.1429     -0.1909      0.2973     -0.1727    
   144.0      0.1018E-04 -0.2839     -0.2020      0.3761     -0.2512    
   145.0      0.1325E-04 -0.3274     -0.2007      0.4024     -0.3331    
   146.0      0.1745E-04 -0.2944     -0.1957      0.3877     -0.3940    
   147.0      0.2247E-04 -0.2193     -0.1925      0.3516     -0.4319    
   148.0      0.2788E-04 -0.1249     -0.1927      0.3074     -0.4520    
   149.0      0.3313E-04 -0.2322E-01 -0.1959      0.2621     -0.4596    
   150.0      0.3765E-04  0.7995E-01 -0.2009      0.2190     -0.4582    
   151.0      0.4090E-04  0.1824     -0.2067      0.1796     -0.4500    
   152.0      0.4251E-04  0.2834     -0.2118      0.1443     -0.4357    
   153.0      0.4234E-04  0.3822     -0.2148      0.1132     -0.4151    
   154.0      0.4050E-04  0.4764     -0.2135      0.8655E-01 -0.3876    
   155.0      0.3731E-04  0.5599     -0.2049      0.6483E-01 -0.3527    
   156.0      0.3332E-04  0.6187     -0.1850      0.4904E-01 -0.3110    
   157.0      0.2921E-04  0.6256     -0.1485      0.4034E-01 -0.2652    
   158.0      0.2581E-04  0.5396     -0.9238E-01  0.3928E-01 -0.2231    
   159.0      0.2396E-04  0.3294     -0.2394E-01  0.4370E-01 -0.1998    
   160.0      0.2445E-04  0.3282E-01  0.3210E-01  0.4730E-01 -0.2099    
   161.0      0.2790E-04 -0.2309      0.4973E-01  0.4382E-01 -0.2491    
   162.0      0.3467E-04 -0.3674      0.2816E-01  0.3335E-01 -0.2954    
   163.0      0.4489E-04 -0.3770     -0.1342E-01  0.2049E-01 -0.3309    
   164.0      0.5838E-04 -0.3063     -0.5743E-01  0.9063E-02 -0.3504    
   165.0      0.7465E-04 -0.1972     -0.9492E-01  0.5530E-03 -0.3561    
   166.0      0.9295E-04 -0.7465E-01 -0.1229     -0.5046E-02 -0.3518    
   167.0      0.1123E-03  0.4856E-01 -0.1412     -0.8350E-02 -0.3403    
   168.0      0.1315E-03  0.1662     -0.1504     -0.1013E-01 -0.3237    
   169.0      0.1496E-03  0.2746     -0.1518     -0.1109E-01 -0.3029    
   170.0      0.1657E-03  0.3711     -0.1465     -0.1184E-01 -0.2785    
   171.0      0.1791E-03  0.4528     -0.1358     -0.1277E-01 -0.2508    
   172.0      0.1893E-03  0.5163     -0.1213     -0.1407E-01 -0.2201    
   173.0      0.1963E-03  0.5579     -0.1043     -0.1566E-01 -0.1868    
   174.0      0.2002E-03  0.5734     -0.8628E-01 -0.1725E-01 -0.1517    
   175.0      0.2014E-03  0.5583     -0.6857E-01 -0.1828E-01 -0.1158    
   176.0      0.2007E-03  0.5089     -0.5236E-01 -0.1813E-01 -0.8068E-01
   177.0      0.1991E-03  0.4237     -0.3869E-01 -0.1624E-01 -0.4877E-01
   178.0      0.1972E-03  0.3049     -0.2839E-01 -0.1236E-01 -0.2290E-01
   179.0      0.1958E-03  0.1597     -0.2201E-01 -0.6702E-02 -0.5924E-02
   180.0      0.1953E-03   0.000     -0.1985E-01   0.000       0.000    
 END
