# 121 angles,  1 tensor ranks for 0=projectile
@subtitle   "9Be(6Li,d)13C"                                                                 
@legend ON
@legend x1 0.2
@legend y1 0.8
@g0 type LOGY
@yaxis ticklabel format power
@legend string   0 "Lab energy =   32.0000"
#legend string   0 "Partition=  2 Excit=  1 near/far= 1"
#  Theta       sigma       iT11        T20         T21         T22         Kyy for projectile
   0.000      0.3664E-01
  0.5000      0.3662E-01
   1.000      0.3658E-01
   1.500      0.3651E-01
   2.000      0.3642E-01
   2.500      0.3630E-01
   3.000      0.3615E-01
   3.500      0.3597E-01
   4.000      0.3578E-01
   4.500      0.3555E-01
   5.000      0.3530E-01
   5.500      0.3503E-01
   6.000      0.3473E-01
   6.500      0.3442E-01
   7.000      0.3408E-01
   7.500      0.3372E-01
   8.000      0.3335E-01
   8.500      0.3295E-01
   9.000      0.3255E-01
   9.500      0.3212E-01
   10.00      0.3169E-01
   10.50      0.3124E-01
   11.00      0.3079E-01
   11.50      0.3033E-01
   12.00      0.2986E-01
   12.50      0.2939E-01
   13.00      0.2891E-01
   13.50      0.2844E-01
   14.00      0.2796E-01
   14.50      0.2749E-01
   15.00      0.2701E-01
   15.50      0.2655E-01
   16.00      0.2608E-01
   16.50      0.2562E-01
   17.00      0.2517E-01
   17.50      0.2472E-01
   18.00      0.2428E-01
   18.50      0.2384E-01
   19.00      0.2341E-01
   19.50      0.2299E-01
   20.00      0.2257E-01
   20.50      0.2215E-01
   21.00      0.2174E-01
   21.50      0.2133E-01
   22.00      0.2093E-01
   22.50      0.2053E-01
   23.00      0.2012E-01
   23.50      0.1972E-01
   24.00      0.1932E-01
   24.50      0.1892E-01
   25.00      0.1852E-01
   25.50      0.1811E-01
   26.00      0.1771E-01
   26.50      0.1730E-01
   27.00      0.1689E-01
   27.50      0.1648E-01
   28.00      0.1606E-01
   28.50      0.1564E-01
   29.00      0.1523E-01
   29.50      0.1481E-01
   30.00      0.1439E-01
   30.50      0.1397E-01
   31.00      0.1355E-01
   31.50      0.1314E-01
   32.00      0.1273E-01
   32.50      0.1232E-01
   33.00      0.1192E-01
   33.50      0.1152E-01
   34.00      0.1113E-01
   34.50      0.1075E-01
   35.00      0.1038E-01
   35.50      0.1001E-01
   36.00      0.9660E-02
   36.50      0.9316E-02
   37.00      0.8983E-02
   37.50      0.8662E-02
   38.00      0.8352E-02
   38.50      0.8054E-02
   39.00      0.7768E-02
   39.50      0.7493E-02
   40.00      0.7231E-02
   40.50      0.6980E-02
   41.00      0.6740E-02
   41.50      0.6511E-02
   42.00      0.6293E-02
   42.50      0.6084E-02
   43.00      0.5885E-02
   43.50      0.5695E-02
   44.00      0.5514E-02
   44.50      0.5340E-02
   45.00      0.5174E-02
   45.50      0.5014E-02
   46.00      0.4860E-02
   46.50      0.4712E-02
   47.00      0.4570E-02
   47.50      0.4432E-02
   48.00      0.4298E-02
   48.50      0.4168E-02
   49.00      0.4043E-02
   49.50      0.3921E-02
   50.00      0.3802E-02
   50.50      0.3686E-02
   51.00      0.3574E-02
   51.50      0.3464E-02
   52.00      0.3358E-02
   52.50      0.3255E-02
   53.00      0.3155E-02
   53.50      0.3059E-02
   54.00      0.2966E-02
   54.50      0.2876E-02
   55.00      0.2791E-02
   55.50      0.2709E-02
   56.00      0.2632E-02
   56.50      0.2558E-02
   57.00      0.2489E-02
   57.50      0.2424E-02
   58.00      0.2364E-02
   58.50      0.2309E-02
   59.00      0.2258E-02
   59.50      0.2211E-02
   60.00      0.2170E-02
 END
