# 180 angles,  1 tensor ranks for 0=projectile
@subtitle   "56Fe(d,p)57Fe @ Ed=12 MeV;"                                                    
@legend ON
@legend x1 0.2
@legend y1 0.8
@g0 type LOGY
@yaxis ticklabel format power
@legend string   0 "Lab energy =   12.0000"
#legend string   0 "Partition=  2 Excit=  1 near/far= 1"
#  Theta       sigma       iT11        T20         T21         T22         Kyy for projectile
   1.000       5.298    
   2.000       5.686    
   3.000       6.307    
   4.000       7.125    
   5.000       8.095    
   6.000       9.159    
   7.000       10.26    
   8.000       11.34    
   9.000       12.33    
   10.00       13.18    
   11.00       13.86    
   12.00       14.32    
   13.00       14.54    
   14.00       14.52    
   15.00       14.26    
   16.00       13.77    
   17.00       13.08    
   18.00       12.22    
   19.00       11.24    
   20.00       10.16    
   21.00       9.033    
   22.00       7.902    
   23.00       6.802    
   24.00       5.766    
   25.00       4.820    
   26.00       3.985    
   27.00       3.273    
   28.00       2.691    
   29.00       2.239    
   30.00       1.913    
   31.00       1.702    
   32.00       1.593    
   33.00       1.570    
   34.00       1.617    
   35.00       1.716    
   36.00       1.849    
   37.00       2.001    
   38.00       2.156    
   39.00       2.302    
   40.00       2.429    
   41.00       2.530    
   42.00       2.599    
   43.00       2.633    
   44.00       2.631    
   45.00       2.596    
   46.00       2.528    
   47.00       2.433    
   48.00       2.315    
   49.00       2.178    
   50.00       2.030    
   51.00       1.874    
   52.00       1.715    
   53.00       1.559    
   54.00       1.409    
   55.00       1.268    
   56.00       1.138    
   57.00       1.021    
   58.00      0.9180    
   59.00      0.8290    
   60.00      0.7537    
   61.00      0.6912    
   62.00      0.6404    
   63.00      0.5998    
   64.00      0.5680    
   65.00      0.5433    
   66.00      0.5241    
   67.00      0.5090    
   68.00      0.4968    
   69.00      0.4864    
   70.00      0.4768    
   71.00      0.4673    
   72.00      0.4576    
   73.00      0.4474    
   74.00      0.4365    
   75.00      0.4250    
   76.00      0.4130    
   77.00      0.4007    
   78.00      0.3884    
   79.00      0.3763    
   80.00      0.3647    
   81.00      0.3539    
   82.00      0.3439    
   83.00      0.3351    
   84.00      0.3274    
   85.00      0.3210    
   86.00      0.3158    
   87.00      0.3118    
   88.00      0.3089    
   89.00      0.3070    
   90.00      0.3059    
   91.00      0.3055    
   92.00      0.3055    
   93.00      0.3058    
   94.00      0.3062    
   95.00      0.3064    
   96.00      0.3064    
   97.00      0.3058    
   98.00      0.3047    
   99.00      0.3027    
   100.0      0.2998    
   101.0      0.2960    
   102.0      0.2911    
   103.0      0.2850    
   104.0      0.2779    
   105.0      0.2697    
   106.0      0.2605    
   107.0      0.2504    
   108.0      0.2395    
   109.0      0.2279    
   110.0      0.2158    
   111.0      0.2034    
   112.0      0.1910    
   113.0      0.1786    
   114.0      0.1664    
   115.0      0.1548    
   116.0      0.1437    
   117.0      0.1334    
   118.0      0.1240    
   119.0      0.1155    
   120.0      0.1081    
   121.0      0.1017    
   122.0      0.9637E-01
   123.0      0.9209E-01
   124.0      0.8883E-01
   125.0      0.8654E-01
   126.0      0.8514E-01
   127.0      0.8456E-01
   128.0      0.8473E-01
   129.0      0.8554E-01
   130.0      0.8693E-01
   131.0      0.8881E-01
   132.0      0.9109E-01
   133.0      0.9370E-01
   134.0      0.9658E-01
   135.0      0.9964E-01
   136.0      0.1028    
   137.0      0.1061    
   138.0      0.1094    
   139.0      0.1126    
   140.0      0.1158    
   141.0      0.1187    
   142.0      0.1215    
   143.0      0.1241    
   144.0      0.1264    
   145.0      0.1283    
   146.0      0.1299    
   147.0      0.1312    
   148.0      0.1321    
   149.0      0.1326    
   150.0      0.1327    
   151.0      0.1325    
   152.0      0.1319    
   153.0      0.1310    
   154.0      0.1298    
   155.0      0.1284    
   156.0      0.1267    
   157.0      0.1247    
   158.0      0.1226    
   159.0      0.1202    
   160.0      0.1177    
   161.0      0.1150    
   162.0      0.1122    
   163.0      0.1092    
   164.0      0.1061    
   165.0      0.1029    
   166.0      0.9960E-01
   167.0      0.9624E-01
   168.0      0.9284E-01
   169.0      0.8944E-01
   170.0      0.8608E-01
   171.0      0.8280E-01
   172.0      0.7965E-01
   173.0      0.7668E-01
   174.0      0.7395E-01
   175.0      0.7153E-01
   176.0      0.6945E-01
   177.0      0.6778E-01
   178.0      0.6656E-01
   179.0      0.6581E-01
   180.0      0.6555E-01
 END
