# 180 angles,  1 tensor ranks for 0=projectile
@subtitle   "56Fe(d,p)57Fe @ Ed=12 MeV;"                                                    
@legend ON
@legend x1 0.2
@legend y1 0.8
@g0 type LOGY
@yaxis ticklabel format power
@legend string   0 "Lab energy =   12.0000"
#legend string   0 "Partition=  1 Excit=  1 near/far= 1"
#  Theta       sigma       iT11        T20         T21         T22         Kyy for projectile
   1.000       1.001    
   2.000      0.9932    
   3.000      0.9967    
   4.000       1.018    
   5.000       1.040    
   6.000       1.050    
   7.000       1.042    
   8.000       1.017    
   9.000      0.9816    
   10.00      0.9411    
   11.00      0.9016    
   12.00      0.8671    
   13.00      0.8398    
   14.00      0.8202    
   15.00      0.8072    
   16.00      0.7989    
   17.00      0.7930    
   18.00      0.7871    
   19.00      0.7791    
   20.00      0.7671    
   21.00      0.7502    
   22.00      0.7279    
   23.00      0.7004    
   24.00      0.6684    
   25.00      0.6332    
   26.00      0.5961    
   27.00      0.5588    
   28.00      0.5229    
   29.00      0.4900    
   30.00      0.4613    
   31.00      0.4378    
   32.00      0.4202    
   33.00      0.4086    
   34.00      0.4030    
   35.00      0.4029    
   36.00      0.4076    
   37.00      0.4160    
   38.00      0.4271    
   39.00      0.4395    
   40.00      0.4520    
   41.00      0.4635    
   42.00      0.4728    
   43.00      0.4793    
   44.00      0.4821    
   45.00      0.4810    
   46.00      0.4757    
   47.00      0.4663    
   48.00      0.4531    
   49.00      0.4367    
   50.00      0.4176    
   51.00      0.3966    
   52.00      0.3745    
   53.00      0.3521    
   54.00      0.3303    
   55.00      0.3096    
   56.00      0.2908    
   57.00      0.2743    
   58.00      0.2605    
   59.00      0.2496    
   60.00      0.2416    
   61.00      0.2366    
   62.00      0.2343    
   63.00      0.2344    
   64.00      0.2366    
   65.00      0.2404    
   66.00      0.2453    
   67.00      0.2510    
   68.00      0.2569    
   69.00      0.2627    
   70.00      0.2679    
   71.00      0.2724    
   72.00      0.2758    
   73.00      0.2781    
   74.00      0.2791    
   75.00      0.2788    
   76.00      0.2774    
   77.00      0.2747    
   78.00      0.2711    
   79.00      0.2666    
   80.00      0.2615    
   81.00      0.2559    
   82.00      0.2500    
   83.00      0.2439    
   84.00      0.2379    
   85.00      0.2320    
   86.00      0.2263    
   87.00      0.2209    
   88.00      0.2158    
   89.00      0.2111    
   90.00      0.2067    
   91.00      0.2025    
   92.00      0.1987    
   93.00      0.1951    
   94.00      0.1916    
   95.00      0.1882    
   96.00      0.1848    
   97.00      0.1815    
   98.00      0.1781    
   99.00      0.1748    
   100.0      0.1713    
   101.0      0.1678    
   102.0      0.1644    
   103.0      0.1609    
   104.0      0.1575    
   105.0      0.1542    
   106.0      0.1510    
   107.0      0.1480    
   108.0      0.1453    
   109.0      0.1429    
   110.0      0.1409    
   111.0      0.1392    
   112.0      0.1379    
   113.0      0.1370    
   114.0      0.1365    
   115.0      0.1364    
   116.0      0.1366    
   117.0      0.1371    
   118.0      0.1379    
   119.0      0.1389    
   120.0      0.1400    
   121.0      0.1412    
   122.0      0.1424    
   123.0      0.1436    
   124.0      0.1446    
   125.0      0.1454    
   126.0      0.1460    
   127.0      0.1463    
   128.0      0.1462    
   129.0      0.1458    
   130.0      0.1450    
   131.0      0.1438    
   132.0      0.1422    
   133.0      0.1403    
   134.0      0.1380    
   135.0      0.1353    
   136.0      0.1324    
   137.0      0.1292    
   138.0      0.1259    
   139.0      0.1224    
   140.0      0.1188    
   141.0      0.1153    
   142.0      0.1117    
   143.0      0.1083    
   144.0      0.1050    
   145.0      0.1019    
   146.0      0.9901E-01
   147.0      0.9644E-01
   148.0      0.9418E-01
   149.0      0.9228E-01
   150.0      0.9074E-01
   151.0      0.8959E-01
   152.0      0.8884E-01
   153.0      0.8849E-01
   154.0      0.8856E-01
   155.0      0.8902E-01
   156.0      0.8987E-01
   157.0      0.9110E-01
   158.0      0.9269E-01
   159.0      0.9461E-01
   160.0      0.9684E-01
   161.0      0.9935E-01
   162.0      0.1021    
   163.0      0.1051    
   164.0      0.1082    
   165.0      0.1115    
   166.0      0.1148    
   167.0      0.1182    
   168.0      0.1216    
   169.0      0.1249    
   170.0      0.1281    
   171.0      0.1312    
   172.0      0.1341    
   173.0      0.1367    
   174.0      0.1391    
   175.0      0.1412    
   176.0      0.1430    
   177.0      0.1444    
   178.0      0.1454    
   179.0      0.1460    
   180.0      0.1462    
 END
