0.1000E-01 1.000
0.1590E-10 -0.3629E-08
0.3891E-12 0.1273E-14
1.000 1.012
0.2439E-05 0.1049E-03
-0.1125E-05 0.3689E-06
2.000 0.9585
-0.1052E-03 0.4478E-03
-0.9611E-05 0.2509E-05
3.000 0.8374
-0.4526E-03 0.4725E-03
-0.1566E-04 -0.7380E-05
4.000 0.7132
-0.9400E-03 -0.2128E-03
0.5597E-05 -0.7311E-04
5.000 0.6331
-0.1105E-02 -0.1723E-02
0.7879E-04 -0.2516E-03
6.000 0.6165
-0.3303E-03 -0.3557E-02
0.1956E-03 -0.5397E-03
7.000 0.6587
0.1480E-02 -0.4898E-02
0.3094E-03 -0.8367E-03
8.000 0.7381
0.3830E-02 -0.5432E-02
0.3856E-03 -0.1040E-02
9.000 0.8249
0.6251E-02 -0.5389E-02
0.4265E-03 -0.1112E-02
10.00 0.8892
0.8559E-02 -0.5094E-02
0.4530E-03 -0.1051E-02
11.00 0.9079
0.1073E-01 -0.4779E-02
0.4910E-03 -0.8407E-03
12.00 0.8694
0.1278E-01 -0.4612E-02
0.5730E-03 -0.4337E-03
13.00 0.7753
0.1467E-01 -0.4768E-02
0.7507E-03 0.2784E-03
14.00 0.6397
0.1623E-01 -0.5528E-02
0.1121E-02 0.1516E-02
15.00 0.4854
0.1698E-01 -0.7427E-02
0.1879E-02 0.3727E-02
16.00 0.3393
0.1559E-01 -0.1148E-01
0.3417E-02 0.7781E-02
17.00 0.2264
0.9104E-02 -0.1904E-01
0.6310E-02 0.1489E-01
18.00 0.1652
-0.4961E-02 -0.2828E-01
0.1011E-01 0.2375E-01
19.00 0.1642
-0.1678E-01 -0.2895E-01
0.1108E-01 0.2591E-01
20.00 0.2204
-0.1496E-01 -0.1962E-01
0.8196E-02 0.1975E-01
21.00 0.3206
-0.7002E-02 -0.9972E-02
0.4900E-02 0.1322E-01
22.00 0.4442
0.6940E-03 -0.2887E-02
0.2420E-02 0.8929E-02
23.00 0.5672
0.7025E-02 0.2449E-02
0.5539E-03 0.6340E-02
24.00 0.6665
0.1228E-01 0.6975E-02
-0.1013E-02 0.4787E-02
25.00 0.7243
0.1683E-01 0.1132E-01
-0.2503E-02 0.3869E-02
26.00 0.7307
0.2095E-01 0.1594E-01
-0.4080E-02 0.3372E-02
27.00 0.6845
0.2481E-01 0.2125E-01
-0.5897E-02 0.3199E-02
28.00 0.5936
0.2850E-01 0.2775E-01
-0.8127E-02 0.3334E-02
29.00 0.4724
0.3201E-01 0.3611E-01
-0.1100E-01 0.3860E-02
30.00 0.3394
0.3514E-01 0.4734E-01
-0.1484E-01 0.5057E-02
31.00 0.2136
0.3708E-01 0.6280E-01
-0.1997E-01 0.7748E-02
32.00 0.1116
0.3469E-01 0.8235E-01
-0.2572E-01 0.1475E-01
33.00 0.4523E-01
0.1313E-01 0.8100E-01
-0.1983E-01 0.3767E-01
34.00 0.1994E-01
-0.5967E-01 -0.1386
0.7744E-01 0.9236E-01
35.00 0.3467E-01
-0.2783E-01 -0.2766
0.1237 0.5960E-01
36.00 0.8251E-01
0.1805E-01 -0.1971
0.8637E-01 0.2872E-01
37.00 0.1524
0.3979E-01 -0.1462
0.6455E-01 0.1789E-01
38.00 0.2309
0.5337E-01 -0.1175
0.5279E-01 0.1339E-01
39.00 0.3049
0.6424E-01 -0.1002
0.4589E-01 0.1117E-01
40.00 0.3630
0.7441E-01 -0.8905E-01
0.4159E-01 0.9937E-02
41.00 0.3972
0.8487E-01 -0.8162E-01
0.3881E-01 0.9163E-02
42.00 0.4038
0.9632E-01 -0.7674E-01
0.3701E-01 0.8583E-02
43.00 0.3832
0.1095 -0.7379E-01
0.3588E-01 0.8022E-02
44.00 0.3397
0.1252 -0.7258E-01
0.3522E-01 0.7318E-02
45.00 0.2801
0.1448 -0.7326E-01
0.3492E-01 0.6257E-02
46.00 0.2127
0.1706 -0.7649E-01
0.3483E-01 0.4464E-02
47.00 0.1461
0.2067 -0.8397E-01
0.3476E-01 0.1151E-02
48.00 0.8772E-01
0.2618 -0.1003
0.3411E-01 -0.5695E-02
49.00 0.4308E-01
0.3551 -0.1403
0.3043E-01 -0.2259E-01
50.00 0.1533E-01
0.5190 -0.2663
0.9018E-02 -0.7807E-01
51.00 0.5073E-02
0.3122 -0.5684
-0.9631E-01 -0.2258
52.00 0.1062E-01
-0.3146 -0.2200
-0.5637E-01 -0.7810E-01
53.00 0.2850E-01
-0.2291 -0.7965E-01
-0.9750E-02 -0.1026E-01
54.00 0.5417E-01
-0.1462 -0.4590E-01
0.6359E-02 0.7265E-02
55.00 0.8269E-01
-0.9246E-01 -0.3367E-01
0.1351E-01 0.1377E-01
56.00 0.1094
-0.5489E-01 -0.2733E-01
0.1726E-01 0.1689E-01
57.00 0.1307
-0.2618E-01 -0.2280E-01
0.1931E-01 0.1861E-01
58.00 0.1438
-0.2496E-02 -0.1862E-01
0.2031E-01 0.1956E-01
59.00 0.1477
0.1836E-01 -0.1404E-01
0.2049E-01 0.1991E-01
60.00 0.1425
0.3773E-01 -0.8474E-02
0.1982E-01 0.1958E-01
61.00 0.1294
0.5648E-01 -0.1215E-02
0.1814E-01 0.1824E-01
62.00 0.1107
0.7504E-01 0.8816E-02
0.1499E-01 0.1520E-01
63.00 0.8882E-01
0.9321E-01 0.2350E-01
0.9454E-02 0.9002E-02
64.00 0.6649E-01
0.1092 0.4642E-01
-0.4114E-03 -0.3353E-02
65.00 0.4613E-01
0.1167 0.8470E-01
-0.1884E-01 -0.2848E-01
66.00 0.2969E-01
0.9581E-01 0.1522
-0.5509E-01 -0.8080E-01
67.00 0.1847E-01
-0.5903E-02 0.2665
-0.1249 -0.1844
68.00 0.1310E-01
-0.2458 0.3933
-0.2208 -0.3261
69.00 0.1352E-01
-0.4620 0.3893
-0.2541 -0.3658
70.00 0.1909E-01
-0.4702 0.2784
-0.2090 -0.2823
71.00 0.2875E-01
-0.3914 0.1868
-0.1609 -0.1944
72.00 0.4116E-01
-0.3151 0.1329
-0.1314 -0.1346
73.00 0.5486E-01
-0.2565 0.1026
-0.1164 -0.9587E-01
74.00 0.6848E-01
-0.2127 0.8527E-01
-0.1106 -0.6981E-01
75.00 0.8076E-01
-0.1795 0.7509E-01
-0.1111 -0.5136E-01
76.00 0.9075E-01
-0.1535 0.6882E-01
-0.1160 -0.3764E-01
77.00 0.9776E-01
-0.1327 0.6451E-01
-0.1244 -0.2707E-01
78.00 0.1015
-0.1157 0.6085E-01
-0.1358 -0.1874E-01
79.00 0.1018
-0.1013 0.5675E-01
-0.1499 -0.1220E-01
80.00 0.9901E-01
-0.8902E-01 0.5115E-01
-0.1665 -0.7291E-02
81.00 0.9355E-01
-0.7810E-01 0.4285E-01
-0.1851 -0.4118E-02
82.00 0.8603E-01
-0.6792E-01 0.3030E-01
-0.2055 -0.3063E-02
83.00 0.7717E-01
-0.5762E-01 0.1145E-01
-0.2266 -0.4853E-02
84.00 0.6773E-01
-0.4591E-01 -0.1643E-01
-0.2467 -0.1065E-01
85.00 0.5847E-01
-0.3074E-01 -0.5679E-01
-0.2622 -0.2211E-01
86.00 0.5008E-01
-0.9016E-02 -0.1132
-0.2674 -0.4127E-01
87.00 0.4314E-01
0.2315E-01 -0.1874
-0.2540 -0.6976E-01
88.00 0.3812E-01
0.6896E-01 -0.2755
-0.2132 -0.1070
89.00 0.3531E-01
0.1276 -0.3644
-0.1420 -0.1482
90.00 0.3483E-01
0.1915 -0.4343
-0.5015E-01 -0.1844
91.00 0.3664E-01
0.2495 -0.4709
0.4180E-01 -0.2073
92.00 0.4049E-01
0.2937 -0.4745
0.1157 -0.2150
93.00 0.4601E-01
0.3227 -0.4559
0.1650 -0.2111
94.00 0.5270E-01
0.3397 -0.4275
0.1922 -0.2006
95.00 0.5996E-01
0.3486 -0.3975
0.2037 -0.1878
96.00 0.6716E-01
0.3525 -0.3702
0.2050 -0.1748
97.00 0.7368E-01
0.3532 -0.3474
0.2003 -0.1628
98.00 0.7899E-01
0.3520 -0.3292
0.1921 -0.1524
99.00 0.8262E-01
0.3493 -0.3156
0.1820 -0.1436
100.0 0.8430E-01
0.3454 -0.3063
0.1707 -0.1365
101.0 0.8391E-01
0.3405 -0.3012
0.1587 -0.1310
102.0 0.8151E-01
0.3344 -0.3004
0.1464 -0.1272
103.0 0.7734E-01
0.3274 -0.3044
0.1341 -0.1254
104.0 0.7180E-01
0.3198 -0.3139
0.1220 -0.1259
105.0 0.6538E-01
0.3121 -0.3301
0.1111 -0.1292
106.0 0.5865E-01
0.3054 -0.3544
0.1026 -0.1362
107.0 0.5216E-01
0.3015 -0.3878
0.9874E-01 -0.1477
108.0 0.4644E-01
0.3029 -0.4299
0.1024 -0.1642
109.0 0.4188E-01
0.3123 -0.4778
0.1168 -0.1856
110.0 0.3875E-01
0.3309 -0.5247
0.1437 -0.2100
111.0 0.3715E-01
0.3577 -0.5612
0.1815 -0.2341
112.0 0.3702E-01
0.3881 -0.5795
0.2249 -0.2543
113.0 0.3813E-01
0.4164 -0.5769
0.2671 -0.2686
114.0 0.4014E-01
0.4383 -0.5566
0.3026 -0.2769
115.0 0.4260E-01
0.4520 -0.5242
0.3292 -0.2809
116.0 0.4506E-01
0.4576 -0.4853
0.3471 -0.2827
117.0 0.4710E-01
0.4562 -0.4436
0.3575 -0.2842
118.0 0.4834E-01
0.4490 -0.4012
0.3617 -0.2869
119.0 0.4855E-01
0.4370 -0.3589
0.3607 -0.2919
120.0 0.4765E-01
0.4212 -0.3171
0.3552 -0.3001
121.0 0.4567E-01
0.4022 -0.2758
0.3455 -0.3124
122.0 0.4284E-01
0.3809 -0.2352
0.3315 -0.3297
123.0 0.3947E-01
0.3585 -0.1962
0.3132 -0.3523
124.0 0.3594E-01
0.3370 -0.1606
0.2912 -0.3803
125.0 0.3270E-01
0.3194 -0.1317
0.2670 -0.4120
126.0 0.3013E-01
0.3096 -0.1136
0.2435 -0.4436
127.0 0.2857E-01
0.3103 -0.1102
0.2255 -0.4685
128.0 0.2823E-01
0.3215 -0.1216
0.2168 -0.4803
129.0 0.2919E-01
0.3382 -0.1431
0.2186 -0.4759
130.0 0.3137E-01
0.3535 -0.1668
0.2277 -0.4581
131.0 0.3457E-01
0.3612 -0.1859
0.2387 -0.4330
132.0 0.3843E-01
0.3588 -0.1974
0.2471 -0.4065
133.0 0.4254E-01
0.3459 -0.2009
0.2498 -0.3826
134.0 0.4643E-01
0.3236 -0.1977
0.2452 -0.3630
135.0 0.4966E-01
0.2927 -0.1895
0.2327 -0.3480
136.0 0.5184E-01
0.2542 -0.1775
0.2117 -0.3374
137.0 0.5269E-01
0.2082 -0.1628
0.1816 -0.3309
138.0 0.5205E-01
0.1547 -0.1461
0.1413 -0.3280
139.0 0.4995E-01
0.9332E-01 -0.1279
0.8949E-01 -0.3287
140.0 0.4653E-01
0.2378E-01 -0.1085
0.2439E-01 -0.3330
141.0 0.4211E-01
-0.5375E-01 -0.8806E-01
-0.5575E-01 -0.3413
142.0 0.3711E-01
-0.1375 -0.6696E-01
-0.1518 -0.3542
143.0 0.3205E-01
-0.2216 -0.4596E-01
-0.2613 -0.3725
144.0 0.2748E-01
-0.2926 -0.2683E-01
-0.3737 -0.3963
145.0 0.2391E-01
-0.3261 -0.1292E-01
-0.4634 -0.4239
146.0 0.2183E-01
-0.2921 -0.8671E-02
-0.4897 -0.4495
147.0 0.2160E-01
-0.1812 -0.1618E-01
-0.4216 -0.4643
148.0 0.2346E-01
-0.2833E-01 -0.3144E-01
-0.2764 -0.4631
149.0 0.2746E-01
0.1103 -0.4671E-01
-0.1126 -0.4496
150.0 0.3346E-01
0.2019 -0.5680E-01
0.2071E-01 -0.4317
151.0 0.4114E-01
0.2454 -0.6071E-01
0.1077 -0.4152
152.0 0.5000E-01
0.2528 -0.5953E-01
0.1533 -0.4023
153.0 0.5939E-01
0.2368 -0.5455E-01
0.1679 -0.3935
154.0 0.6856E-01
0.2061 -0.4665E-01
0.1607 -0.3885
155.0 0.7672E-01
0.1660 -0.3622E-01
0.1378 -0.3869
156.0 0.8312E-01
0.1193 -0.2325E-01
0.1033 -0.3886
157.0 0.8714E-01
0.6713E-01 -0.7454E-02
0.5933E-01 -0.3935
158.0 0.8835E-01
0.9476E-02 0.1169E-01
0.6656E-02 -0.4018
159.0 0.8658E-01
-0.5448E-01 0.3490E-01
-0.5474E-01 -0.4140
160.0 0.8201E-01
-0.1261 0.6294E-01
-0.1255 -0.4301
161.0 0.7517E-01
-0.2066 0.9626E-01
-0.2059 -0.4499
162.0 0.6698E-01
-0.2960 0.1340
-0.2944 -0.4713
163.0 0.5866E-01
-0.3885 0.1717
-0.3836 -0.4883
164.0 0.5171E-01
-0.4666 0.1973
-0.4529 -0.4879
165.0 0.4777E-01
-0.4953 0.1892
-0.4654 -0.4505
166.0 0.4848E-01
-0.4406 0.1302
-0.3897 -0.3653
167.0 0.5532E-01
-0.3141 0.3260E-01
-0.2454 -0.2530
168.0 0.6948E-01
-0.1730 -0.6608E-01
-0.9570E-01 -0.1519
169.0 0.9164E-01
-0.6235E-01 -0.1404
0.1459E-01 -0.8191E-01
170.0 0.1219
0.8205E-02 -0.1876
0.7963E-01 -0.4061E-01
171.0 0.1597
0.4720E-01 -0.2151
0.1109 -0.1835E-01
172.0 0.2038
0.6535E-01 -0.2300
0.1208 -0.7079E-02
173.0 0.2523
0.7063E-01 -0.2378
0.1180 -0.1770E-02
174.0 0.3027
0.6814E-01 -0.2413
0.1078 0.4308E-03
175.0 0.3523
0.6098E-01 -0.2427
0.9333E-01 0.1079E-02
176.0 0.3981
0.5100E-01 -0.2429
0.7642E-01 0.1015E-02
177.0 0.4372
0.3933E-01 -0.2426
0.5814E-01 0.6875E-03
178.0 0.4672
0.2667E-01 -0.2422
0.3908E-01 0.3374E-03
179.0 0.4861
0.1346E-01 -0.2418
0.1963E-01 0.8866E-04
180.0 0.4925
0.1349E-03 -0.2417
0.1964E-03 0.8992E-08
