0.000 2.190
0.000 -0.4898
0.000 0.000
1.000 2.169
0.1489E-01 -0.4902
0.2074E-01 0.1290E-02
2.000 2.107
0.3013E-01 -0.4914
0.3980E-01 0.4998E-02
3.000 2.013
0.4605E-01 -0.4935
0.5548E-01 0.1062E-01
4.000 1.895
0.6285E-01 -0.4970
0.6610E-01 0.1720E-01
5.000 1.767
0.8067E-01 -0.5019
0.7010E-01 0.2334E-01
6.000 1.639
0.9965E-01 -0.5081
0.6626E-01 0.2712E-01
7.000 1.522
0.1200 -0.5151
0.5402E-01 0.2644E-01
8.000 1.423
0.1417 -0.5217
0.3372E-01 0.1945E-01
9.000 1.344
0.1648 -0.5258
0.6669E-02 0.5242E-02
10.00 1.286
0.1885 -0.5255
-0.2505E-01 -0.1577E-01
11.00 1.245
0.2112 -0.5191
-0.5912E-01 -0.4186E-01
12.00 1.214
0.2308 -0.5059
-0.9347E-01 -0.7063E-01
13.00 1.186
0.2447 -0.4862
-0.1266 -0.9976E-01
14.00 1.154
0.2505 -0.4617
-0.1574 -0.1276
15.00 1.111
0.2463 -0.4343
-0.1854 -0.1530
16.00 1.053
0.2308 -0.4061
-0.2100 -0.1759
17.00 0.9792
0.2029 -0.3790
-0.2306 -0.1961
18.00 0.8924
0.1619 -0.3546
-0.2467 -0.2140
19.00 0.7972
0.1075 -0.3345
-0.2572 -0.2299
20.00 0.7000
0.4021E-01 -0.3200
-0.2609 -0.2440
21.00 0.6070
-0.3820E-01 -0.3128
-0.2560 -0.2566
22.00 0.5234
-0.1235 -0.3146
-0.2410 -0.2679
23.00 0.4528
-0.2086 -0.3273
-0.2149 -0.2779
24.00 0.3965
-0.2837 -0.3517
-0.1781 -0.2867
25.00 0.3541
-0.3392 -0.3870
-0.1339 -0.2936
26.00 0.3236
-0.3689 -0.4300
-0.8751E-01 -0.2980
27.00 0.3022
-0.3732 -0.4763
-0.4505E-01 -0.2992
28.00 0.2864
-0.3588 -0.5218
-0.1132E-01 -0.2967
29.00 0.2730
-0.3346 -0.5639
0.1116E-01 -0.2900
30.00 0.2596
-0.3093 -0.6021
0.2187E-01 -0.2794
31.00 0.2444
-0.2896 -0.6369
0.2140E-01 -0.2650
32.00 0.2268
-0.2797 -0.6693
0.1065E-01 -0.2472
33.00 0.2073
-0.2826 -0.6997
-0.9496E-02 -0.2267
34.00 0.1867
-0.2994 -0.7280
-0.3808E-01 -0.2045
35.00 0.1664
-0.3303 -0.7530
-0.7375E-01 -0.1821
36.00 0.1475
-0.3732 -0.7726
-0.1143 -0.1615
37.00 0.1308
-0.4235 -0.7841
-0.1566 -0.1449
38.00 0.1169
-0.4744 -0.7852
-0.1963 -0.1346
39.00 0.1058
-0.5177 -0.7748
-0.2292 -0.1321
40.00 0.9714E-01
-0.5464 -0.7537
-0.2521 -0.1376
41.00 0.9053E-01
-0.5565 -0.7245
-0.2633 -0.1503
42.00 0.8545E-01
-0.5479 -0.6909
-0.2634 -0.1680
43.00 0.8139E-01
-0.5235 -0.6570
-0.2543 -0.1886
44.00 0.7793E-01
-0.4880 -0.6263
-0.2386 -0.2097
45.00 0.7471E-01
-0.4462 -0.6013
-0.2192 -0.2297
46.00 0.7145E-01
-0.4023 -0.5836
-0.1986 -0.2471
47.00 0.6799E-01
-0.3594 -0.5739
-0.1786 -0.2614
48.00 0.6429E-01
-0.3198 -0.5718
-0.1609 -0.2720
49.00 0.6037E-01
-0.2847 -0.5762
-0.1461 -0.2790
50.00 0.5631E-01
-0.2549 -0.5859
-0.1349 -0.2828
51.00 0.5223E-01
-0.2307 -0.5993
-0.1270 -0.2838
52.00 0.4824E-01
-0.2121 -0.6149
-0.1220 -0.2826
53.00 0.4443E-01
-0.1989 -0.6317
-0.1193 -0.2797
54.00 0.4083E-01
-0.1907 -0.6489
-0.1181 -0.2756
55.00 0.3748E-01
-0.1869 -0.6660
-0.1178 -0.2706
56.00 0.3439E-01
-0.1872 -0.6828
-0.1178 -0.2648
57.00 0.3152E-01
-0.1916 -0.6994
-0.1177 -0.2581
58.00 0.2887E-01
-0.2000 -0.7158
-0.1171 -0.2504
59.00 0.2640E-01
-0.2126 -0.7324
-0.1154 -0.2417
60.00 0.2409E-01
-0.2293 -0.7495
-0.1121 -0.2318
61.00 0.2192E-01
-0.2499 -0.7678
-0.1064 -0.2208
62.00 0.1989E-01
-0.2737 -0.7878
-0.9770E-01 -0.2088
63.00 0.1798E-01
-0.2996 -0.8099
-0.8545E-01 -0.1956
64.00 0.1622E-01
-0.3261 -0.8343
-0.6937E-01 -0.1815
65.00 0.1461E-01
-0.3518 -0.8609
-0.4943E-01 -0.1666
66.00 0.1316E-01
-0.3751 -0.8890
-0.2576E-01 -0.1512
67.00 0.1188E-01
-0.3947 -0.9175
0.1444E-02 -0.1359
68.00 0.1076E-01
-0.4092 -0.9448
0.3200E-01 -0.1215
69.00 0.9787E-02
-0.4176 -0.9696
0.6572E-01 -0.1088
70.00 0.8953E-02
-0.4186 -0.9903
0.1022 -0.9876E-01
71.00 0.8235E-02
-0.4112 -1.005
0.1406 -0.9181E-01
72.00 0.7617E-02
-0.3948 -1.014
0.1794 -0.8814E-01
73.00 0.7077E-02
-0.3700 -1.015
0.2169 -0.8744E-01
74.00 0.6597E-02
-0.3382 -1.008
0.2510 -0.8895E-01
75.00 0.6158E-02
-0.3023 -0.9951
0.2804 -0.9168E-01
76.00 0.5746E-02
-0.2652 -0.9769
0.3045 -0.9463E-01
77.00 0.5349E-02
-0.2301 -0.9554
0.3236 -0.9702E-01
78.00 0.4961E-02
-0.1988 -0.9326
0.3390 -0.9840E-01
79.00 0.4583E-02
-0.1725 -0.9098
0.3519 -0.9863E-01
80.00 0.4217E-02
-0.1511 -0.8877
0.3638 -0.9776E-01
81.00 0.3867E-02
-0.1337 -0.8667
0.3757 -0.9597E-01
82.00 0.3535E-02
-0.1194 -0.8464
0.3884 -0.9336E-01
83.00 0.3223E-02
-0.1070 -0.8259
0.4020 -0.9005E-01
84.00 0.2930E-02
-0.9549E-01 -0.8041
0.4161 -0.8606E-01
85.00 0.2655E-02
-0.8410E-01 -0.7796
0.4303 -0.8132E-01
86.00 0.2395E-02
-0.7223E-01 -0.7514
0.4438 -0.7563E-01
87.00 0.2150E-02
-0.5940E-01 -0.7191
0.4557 -0.6860E-01
88.00 0.1919E-02
-0.4522E-01 -0.6828
0.4649 -0.5967E-01
89.00 0.1704E-02
-0.2957E-01 -0.6429
0.4698 -0.4823E-01
90.00 0.1505E-02
-0.1263E-01 -0.6005
0.4691 -0.3378E-01
91.00 0.1326E-02
0.5015E-02 -0.5571
0.4616 -0.1628E-01
92.00 0.1168E-02
0.2253E-01 -0.5151
0.4466 0.3640E-02
93.00 0.1031E-02
0.3908E-01 -0.4770
0.4247 0.2426E-01
94.00 0.9150E-03
0.5415E-01 -0.4451
0.3973 0.4274E-01
95.00 0.8203E-03
0.6776E-01 -0.4210
0.3665 0.5538E-01
96.00 0.7449E-03
0.8027E-01 -0.4050
0.3346 0.5873E-01
97.00 0.6866E-03
0.9190E-01 -0.3969
0.3033 0.5098E-01
98.00 0.6421E-03
0.1021 -0.3960
0.2732 0.3312E-01
99.00 0.6082E-03
0.1092 -0.4017
0.2432 0.8667E-02
100.0 0.5818E-03
0.1102 -0.4125
0.2110 -0.1765E-01
101.0 0.5605E-03
0.1016 -0.4270
0.1737 -0.4150E-01
102.0 0.5428E-03
0.8010E-01 -0.4431
0.1294 -0.6015E-01
103.0 0.5278E-03
0.4356E-01 -0.4586
0.7765E-01 -0.7288E-01
104.0 0.5152E-03
-0.8300E-02 -0.4715
0.1964E-01 -0.8085E-01
105.0 0.5052E-03
-0.7368E-01 -0.4795
-0.4177E-01 -0.8659E-01
106.0 0.4988E-03
-0.1487 -0.4801
-0.1025 -0.9330E-01
107.0 0.4972E-03
-0.2280 -0.4711
-0.1575 -0.1039
108.0 0.5018E-03
-0.3055 -0.4518
-0.2020 -0.1203
109.0 0.5135E-03
-0.3757 -0.4233
-0.2321 -0.1428
110.0 0.5331E-03
-0.4348 -0.3891
-0.2459 -0.1703
111.0 0.5609E-03
-0.4807 -0.3529
-0.2436 -0.2006
112.0 0.5969E-03
-0.5126 -0.3183
-0.2274 -0.2313
113.0 0.6400E-03
-0.5309 -0.2881
-0.2009 -0.2604
114.0 0.6882E-03
-0.5370 -0.2634
-0.1681 -0.2862
115.0 0.7382E-03
-0.5328 -0.2444
-0.1334 -0.3082
116.0 0.7857E-03
-0.5207 -0.2305
-0.1001 -0.3263
117.0 0.8266E-03
-0.5036 -0.2200
-0.7085E-01 -0.3411
118.0 0.8575E-03
-0.4845 -0.2111
-0.4763E-01 -0.3533
119.0 0.8759E-03
-0.4670 -0.2024
-0.3154E-01 -0.3637
120.0 0.8810E-03
-0.4548 -0.1930
-0.2307E-01 -0.3726
121.0 0.8736E-03
-0.4516 -0.1824
-0.2211E-01 -0.3804
122.0 0.8560E-03
-0.4605 -0.1710
-0.2789E-01 -0.3872
123.0 0.8325E-03
-0.4825 -0.1591
-0.3897E-01 -0.3932
124.0 0.8078E-03
-0.5162 -0.1471
-0.5318E-01 -0.3984
125.0 0.7867E-03
-0.5568 -0.1352
-0.6772E-01 -0.4034
126.0 0.7723E-03
-0.5971 -0.1233
-0.7966E-01 -0.4087
127.0 0.7656E-03
-0.6290 -0.1111
-0.8665E-01 -0.4148
128.0 0.7656E-03
-0.6459 -0.9787E-01
-0.8751E-01 -0.4220
129.0 0.7698E-03
-0.6441 -0.8285E-01
-0.8241E-01 -0.4302
130.0 0.7745E-03
-0.6233 -0.6542E-01
-0.7251E-01 -0.4391
131.0 0.7760E-03
-0.5859 -0.4545E-01
-0.5956E-01 -0.4481
132.0 0.7705E-03
-0.5365 -0.2340E-01
-0.4546E-01 -0.4565
133.0 0.7554E-03
-0.4806 -0.3777E-04
-0.3203E-01 -0.4640
134.0 0.7296E-03
-0.4247 0.2383E-01
-0.2095E-01 -0.4702
135.0 0.6938E-03
-0.3758 0.4753E-01
-0.1369E-01 -0.4749
136.0 0.6504E-03
-0.3410 0.7042E-01
-0.1157E-01 -0.4782
137.0 0.6029E-03
-0.3273 0.9151E-01
-0.1573E-01 -0.4803
138.0 0.5555E-03
-0.3399 0.1091
-0.2705E-01 -0.4815
139.0 0.5127E-03
-0.3805 0.1209
-0.4598E-01 -0.4819
140.0 0.4784E-03
-0.4437 0.1240
-0.7202E-01 -0.4817
141.0 0.4556E-03
-0.5169 0.1165
-0.1033 -0.4802
142.0 0.4456E-03
-0.5821 0.9840E-01
-0.1364 -0.4769
143.0 0.4478E-03
-0.6240 0.7240E-01
-0.1677 -0.4714
144.0 0.4594E-03
-0.6358 0.4256E-01
-0.1944 -0.4635
145.0 0.4767E-03
-0.6202 0.1292E-01
-0.2153 -0.4539
146.0 0.4958E-03
-0.5843 -0.1352E-01
-0.2306 -0.4429
147.0 0.5135E-03
-0.5357 -0.3492E-01
-0.2406 -0.4310
148.0 0.5275E-03
-0.4805 -0.5043E-01
-0.2457 -0.4184
149.0 0.5371E-03
-0.4229 -0.6005E-01
-0.2460 -0.4052
150.0 0.5425E-03
-0.3659 -0.6435E-01
-0.2415 -0.3917
151.0 0.5452E-03
-0.3123 -0.6408E-01
-0.2326 -0.3782
152.0 0.5477E-03
-0.2647 -0.6003E-01
-0.2194 -0.3654
153.0 0.5524E-03
-0.2267 -0.5309E-01
-0.2028 -0.3539
154.0 0.5615E-03
-0.2025 -0.4471E-01
-0.1837 -0.3445
155.0 0.5761E-03
-0.1960 -0.3699E-01
-0.1633 -0.3370
156.0 0.5964E-03
-0.2094 -0.3250E-01
-0.1422 -0.3305
157.0 0.6223E-03
-0.2424 -0.3372E-01
-0.1206 -0.3231
158.0 0.6544E-03
-0.2917 -0.4272E-01
-0.9803E-01 -0.3132
159.0 0.6936E-03
-0.3508 -0.6105E-01
-0.7387E-01 -0.2995
160.0 0.7416E-03
-0.4113 -0.8970E-01
-0.4797E-01 -0.2818
161.0 0.8006E-03
-0.4641 -0.1287
-0.2087E-01 -0.2613
162.0 0.8726E-03
-0.5017 -0.1766
0.6255E-02 -0.2401
163.0 0.9593E-03
-0.5196 -0.2305
0.3192E-01 -0.2205
164.0 0.1061E-02
-0.5169 -0.2859
0.5482E-01 -0.2045
165.0 0.1177E-02
-0.4965 -0.3388
0.7414E-01 -0.1932
166.0 0.1302E-02
-0.4631 -0.3860
0.8973E-01 -0.1865
167.0 0.1429E-02
-0.4224 -0.4262
0.1020 -0.1835
168.0 0.1547E-02
-0.3792 -0.4592
0.1115 -0.1829
169.0 0.1643E-02
-0.3368 -0.4858
0.1189 -0.1835
170.0 0.1706E-02
-0.2975 -0.5070
0.1248 -0.1841
171.0 0.1724E-02
-0.2626 -0.5242
0.1295 -0.1834
172.0 0.1693E-02
-0.2323 -0.5390
0.1335 -0.1805
173.0 0.1610E-02
-0.2068 -0.5532
0.1367 -0.1741
174.0 0.1481E-02
-0.1854 -0.5690
0.1390 -0.1629
175.0 0.1320E-02
-0.1667 -0.5882
0.1393 -0.1452
176.0 0.1144E-02
-0.1484 -0.6123
0.1355 -0.1196
177.0 0.9753E-03
-0.1267 -0.6414
0.1238 -0.8576E-01
178.0 0.8367E-03
-0.9629E-01 -0.6724
0.9865E-01 -0.4714E-01
179.0 0.7457E-03
-0.5331E-01 -0.6982
0.5615E-01 -0.1369E-01
180.0 0.7141E-03
0.000 -0.7085
0.000 0.000
