0.000 0.6586E-02
0.000 -0.2504
0.000 0.000
1.000 0.6575E-02
0.1088 -0.2390
-0.1232E-01 0.3283E-02
2.000 0.6542E-02
0.1946 -0.2051
-0.2915E-01 0.1235E-01
3.000 0.6490E-02
0.2401 -0.1506
-0.5363E-01 0.2498E-01
4.000 0.6428E-02
0.2375 -0.7882E-01
-0.8647E-01 0.3783E-01
5.000 0.6377E-02
0.1892 0.4692E-02
-0.1254 0.4687E-01
6.000 0.6365E-02
0.1072 0.9180E-01
-0.1652 0.4813E-01
7.000 0.6422E-02
0.9385E-02 0.1721
-0.1988 0.3876E-01
8.000 0.6574E-02
-0.8427E-01 0.2350
-0.2198 0.1825E-01
9.000 0.6823E-02
-0.1578 0.2740
-0.2250 -0.1100E-01
10.00 0.7148E-02
-0.2029 0.2883
-0.2154 -0.4457E-01
11.00 0.7501E-02
-0.2186 0.2828
-0.1951 -0.7774E-01
12.00 0.7821E-02
-0.2083 0.2648
-0.1691 -0.1070
13.00 0.8048E-02
-0.1764 0.2413
-0.1414 -0.1302
14.00 0.8137E-02
-0.1266 0.2174
-0.1145 -0.1467
15.00 0.8071E-02
-0.6195E-01 0.1963
-0.8969E-01 -0.1561
16.00 0.7860E-02
0.1477E-01 0.1798
-0.6780E-01 -0.1588
17.00 0.7538E-02
0.9960E-01 0.1680
-0.4929E-01 -0.1549
18.00 0.7148E-02
0.1866 0.1603
-0.3461E-01 -0.1451
19.00 0.6735E-02
0.2674 0.1552
-0.2417E-01 -0.1303
20.00 0.6336E-02
0.3323 0.1506
-0.1811E-01 -0.1122
21.00 0.5971E-02
0.3724 0.1446
-0.1602E-01 -0.9263E-01
22.00 0.5640E-02
0.3828 0.1364
-0.1688E-01 -0.7366E-01
23.00 0.5327E-02
0.3646 0.1264
-0.1922E-01 -0.5669E-01
24.00 0.5002E-02
0.3245 0.1163
-0.2158E-01 -0.4214E-01
25.00 0.4636E-02
0.2722 0.1086
-0.2291E-01 -0.2940E-01
26.00 0.4208E-02
0.2172 0.1061
-0.2270E-01 -0.1716E-01
27.00 0.3717E-02
0.1672 0.1115
-0.2096E-01 -0.3883E-02
28.00 0.3180E-02
0.1275 0.1274
-0.1806E-01 0.1190E-01
29.00 0.2634E-02
0.1012 0.1562
-0.1458E-01 0.3126E-01
30.00 0.2119E-02
0.9009E-01 0.2000
-0.1116E-01 0.5453E-01
31.00 0.1670E-02
0.9444E-01 0.2589
-0.8378E-02 0.8070E-01
32.00 0.1310E-02
0.1120 0.3279
-0.6389E-02 0.1067
33.00 0.1044E-02
0.1364 0.3942
-0.4612E-02 0.1273
34.00 0.8615E-03
0.1577 0.4383
-0.1778E-02 0.1369
35.00 0.7463E-03
0.1662 0.4443
0.3144E-02 0.1332
36.00 0.6777E-03
0.1581 0.4106
0.9807E-02 0.1194
37.00 0.6374E-03
0.1376 0.3504
0.1653E-01 0.1014
38.00 0.6108E-03
0.1128 0.2821
0.2147E-01 0.8432E-01
39.00 0.5880E-03
0.9135E-01 0.2200
0.2352E-01 0.7065E-01
40.00 0.5627E-03
0.7877E-01 0.1732
0.2240E-01 0.6107E-01
41.00 0.5324E-03
0.7828E-01 0.1462
0.1809E-01 0.5549E-01
42.00 0.4968E-03
0.9098E-01 0.1405
0.1035E-01 0.5371E-01
43.00 0.4577E-03
0.1160 0.1551
-0.1573E-02 0.5562E-01
44.00 0.4180E-03
0.1503 0.1856
-0.1873E-01 0.6113E-01
45.00 0.3806E-03
0.1889 0.2243
-0.4172E-01 0.7005E-01
46.00 0.3478E-03
0.2259 0.2602
-0.6963E-01 0.8191E-01
47.00 0.3205E-03
0.2557 0.2819
-0.9940E-01 0.9583E-01
48.00 0.2989E-03
0.2746 0.2813
-0.1262 0.1106
49.00 0.2822E-03
0.2820 0.2570
-0.1451 0.1248
50.00 0.2691E-03
0.2794 0.2138
-0.1529 0.1371
51.00 0.2584E-03
0.2689 0.1600
-0.1490 0.1464
52.00 0.2490E-03
0.2526 0.1039
-0.1355 0.1522
53.00 0.2400E-03
0.2322 0.5157E-01
-0.1163 0.1547
54.00 0.2306E-03
0.2092 0.5849E-02
-0.9551E-01 0.1549
55.00 0.2205E-03
0.1850 -0.3275E-01
-0.7673E-01 0.1540
56.00 0.2095E-03
0.1612 -0.6496E-01
-0.6239E-01 0.1536
57.00 0.1974E-03
0.1388 -0.9176E-01
-0.5368E-01 0.1547
58.00 0.1846E-03
0.1189 -0.1139
-0.5070E-01 0.1581
59.00 0.1712E-03
0.1020 -0.1317
-0.5272E-01 0.1639
60.00 0.1573E-03
0.8876E-01 -0.1456
-0.5839E-01 0.1721
61.00 0.1432E-03
0.7990E-01 -0.1564
-0.6598E-01 0.1824
62.00 0.1292E-03
0.7607E-01 -0.1647
-0.7347E-01 0.1942
63.00 0.1158E-03
0.7717E-01 -0.1713
-0.7858E-01 0.2065
64.00 0.1033E-03
0.8141E-01 -0.1767
-0.7893E-01 0.2170
65.00 0.9249E-04
0.8461E-01 -0.1806
-0.7236E-01 0.2225
66.00 0.8370E-04
0.8067E-01 -0.1829
-0.5771E-01 0.2189
67.00 0.7708E-04
0.6391E-01 -0.1835
-0.3565E-01 0.2035
68.00 0.7240E-04
0.3241E-01 -0.1834
-0.8920E-02 0.1768
69.00 0.6915E-04
-0.1045E-01 -0.1841
0.1866E-01 0.1426
70.00 0.6666E-04
-0.5778E-01 -0.1873
0.4370E-01 0.1068
71.00 0.6430E-04
-0.1025 -0.1938
0.6407E-01 0.7423E-01
72.00 0.6160E-04
-0.1399 -0.2035
0.7879E-01 0.4784E-01
73.00 0.5838E-04
-0.1679 -0.2152
0.8747E-01 0.2827E-01
74.00 0.5466E-04
-0.1865 -0.2268
0.8995E-01 0.1456E-01
75.00 0.5059E-04
-0.1968 -0.2362
0.8627E-01 0.4836E-02
76.00 0.4634E-04
-0.2006 -0.2411
0.7700E-01 -0.2942E-02
77.00 0.4205E-04
-0.1991 -0.2397
0.6341E-01 -0.1044E-01
78.00 0.3778E-04
-0.1932 -0.2309
0.4749E-01 -0.1870E-01
79.00 0.3362E-04
-0.1832 -0.2139
0.3165E-01 -0.2828E-01
80.00 0.2968E-04
-0.1702 -0.1885
0.1852E-01 -0.3974E-01
81.00 0.2609E-04
-0.1565 -0.1544
0.1061E-01 -0.5404E-01
82.00 0.2301E-04
-0.1463 -0.1126
0.1001E-01 -0.7245E-01
83.00 0.2051E-04
-0.1448 -0.6585E-01
0.1769E-01 -0.9586E-01
84.00 0.1858E-04
-0.1556 -0.1855E-01
0.3285E-01 -0.1237
85.00 0.1711E-04
-0.1782 0.2448E-01
0.5300E-01 -0.1538
86.00 0.1595E-04
-0.2077 0.6008E-01
0.7489E-01 -0.1826
87.00 0.1493E-04
-0.2383 0.8751E-01
0.9571E-01 -0.2074
88.00 0.1392E-04
-0.2654 0.1080
0.1136 -0.2266
89.00 0.1287E-04
-0.2872 0.1234
0.1273 -0.2401
90.00 0.1177E-04
-0.3040 0.1356
0.1360 -0.2491
91.00 0.1066E-04
-0.3168 0.1462
0.1388 -0.2550
92.00 0.9576E-05
-0.3268 0.1566
0.1351 -0.2595
93.00 0.8574E-05
-0.3343 0.1681
0.1249 -0.2633
94.00 0.7671E-05
-0.3384 0.1828
0.1093 -0.2659
95.00 0.6875E-05
-0.3369 0.2027
0.9031E-01 -0.2655
96.00 0.6184E-05
-0.3272 0.2294
0.7092E-01 -0.2593
97.00 0.5597E-05
-0.3068 0.2634
0.5406E-01 -0.2446
98.00 0.5114E-05
-0.2747 0.3034
0.4223E-01 -0.2203
99.00 0.4730E-05
-0.2328 0.3460
0.3687E-01 -0.1873
100.0 0.4432E-05
-0.1858 0.3874
0.3805E-01 -0.1481
101.0 0.4201E-05
-0.1392 0.4244
0.4460E-01 -0.1066
102.0 0.4014E-05
-0.9729E-01 0.4549
0.5457E-01 -0.6609E-01
103.0 0.3858E-05
-0.6237E-01 0.4776
0.6588E-01 -0.2975E-01
104.0 0.3726E-05
-0.3534E-01 0.4913
0.7662E-01 -0.4519E-03
105.0 0.3612E-05
-0.1628E-01 0.4951
0.8522E-01 0.1943E-01
106.0 0.3511E-05
-0.4342E-02 0.4892
0.9058E-01 0.2866E-01
107.0 0.3416E-05
0.2556E-02 0.4750
0.9210E-01 0.2758E-01
108.0 0.3321E-05
0.7466E-02 0.4543
0.8960E-01 0.1772E-01
109.0 0.3227E-05
0.1342E-01 0.4285
0.8320E-01 0.1282E-02
110.0 0.3139E-05
0.2233E-01 0.3992
0.7334E-01 -0.1924E-01
111.0 0.3063E-05
0.3440E-01 0.3678
0.6085E-01 -0.4115E-01
112.0 0.3000E-05
0.4843E-01 0.3357
0.4696E-01 -0.6191E-01
113.0 0.2951E-05
0.6237E-01 0.3042
0.3313E-01 -0.7977E-01
114.0 0.2914E-05
0.7365E-01 0.2742
0.2088E-01 -0.9422E-01
115.0 0.2892E-05
0.7925E-01 0.2468
0.1152E-01 -0.1060
116.0 0.2884E-05
0.7643E-01 0.2239
0.5790E-02 -0.1162
117.0 0.2887E-05
0.6427E-01 0.2083
0.3522E-02 -0.1260
118.0 0.2894E-05
0.4498E-01 0.2026
0.3601E-02 -0.1354
119.0 0.2893E-05
0.2370E-01 0.2078
0.4358E-02 -0.1441
120.0 0.2882E-05
0.6762E-02 0.2223
0.4248E-02 -0.1517
121.0 0.2860E-05
-0.7167E-03 0.2421
0.2461E-02 -0.1579
122.0 0.2829E-05
0.3329E-02 0.2622
-0.7375E-03 -0.1627
123.0 0.2790E-05
0.1746E-01 0.2780
-0.4131E-02 -0.1667
124.0 0.2742E-05
0.3786E-01 0.2871
-0.6087E-02 -0.1703
125.0 0.2685E-05
0.5992E-01 0.2894
-0.5255E-02 -0.1743
126.0 0.2623E-05
0.7911E-01 0.2865
-0.1095E-02 -0.1797
127.0 0.2564E-05
0.9102E-01 0.2806
0.5866E-02 -0.1875
128.0 0.2518E-05
0.9153E-01 0.2739
0.1409E-01 -0.1985
129.0 0.2494E-05
0.7790E-01 0.2686
0.2140E-01 -0.2133
130.0 0.2494E-05
0.5012E-01 0.2660
0.2549E-01 -0.2320
131.0 0.2519E-05
0.1142E-01 0.2666
0.2434E-01 -0.2543
132.0 0.2568E-05
-0.3246E-01 0.2701
0.1646E-01 -0.2794
133.0 0.2634E-05
-0.7478E-01 0.2758
0.1095E-02 -0.3057
134.0 0.2704E-05
-0.1094 0.2830
-0.2166E-01 -0.3315
135.0 0.2761E-05
-0.1315 0.2911
-0.5080E-01 -0.3552
136.0 0.2785E-05
-0.1374 0.2989
-0.8453E-01 -0.3764
137.0 0.2763E-05
-0.1246 0.3051
-0.1201 -0.3952
138.0 0.2695E-05
-0.9185E-01 0.3081
-0.1537 -0.4128
139.0 0.2592E-05
-0.4028E-01 0.3076
-0.1807 -0.4306
140.0 0.2469E-05
0.2540E-01 0.3054
-0.1964 -0.4500
141.0 0.2340E-05
0.9724E-01 0.3056
-0.1980 -0.4715
142.0 0.2221E-05
0.1652 0.3132
-0.1860 -0.4945
143.0 0.2128E-05
0.2184 0.3308
-0.1648 -0.5159
144.0 0.2081E-05
0.2466 0.3560
-0.1427 -0.5308
145.0 0.2096E-05
0.2439 0.3806
-0.1296 -0.5344
146.0 0.2179E-05
0.2124 0.3944
-0.1331 -0.5249
147.0 0.2328E-05
0.1628 0.3902
-0.1551 -0.5054
148.0 0.2528E-05
0.1086 0.3663
-0.1924 -0.4814
149.0 0.2762E-05
0.6021E-01 0.3250
-0.2393 -0.4580
150.0 0.3008E-05
0.2310E-01 0.2702
-0.2903 -0.4384
151.0 0.3242E-05
-0.1403E-02 0.2068
-0.3415 -0.4238
152.0 0.3436E-05
-0.1398E-01 0.1393
-0.3905 -0.4141
153.0 0.3565E-05
-0.1555E-01 0.7184E-01
-0.4366 -0.4082
154.0 0.3611E-05
-0.6612E-02 0.8109E-02
-0.4792 -0.4046
155.0 0.3573E-05
0.1243E-01 -0.4774E-01
-0.5174 -0.4015
156.0 0.3469E-05
0.4007E-01 -0.9024E-01
-0.5492 -0.3967
157.0 0.3327E-05
0.7246E-01 -0.1126
-0.5722 -0.3880
158.0 0.3184E-05
0.1028 -0.1089
-0.5842 -0.3728
159.0 0.3081E-05
0.1222 -0.7825E-01
-0.5839 -0.3497
160.0 0.3060E-05
0.1223 -0.2976E-01
-0.5717 -0.3194
161.0 0.3160E-05
0.1000 0.1649E-01
-0.5502 -0.2859
162.0 0.3407E-05
0.6030E-01 0.3828E-01
-0.5248 -0.2558
163.0 0.3808E-05
0.1441E-01 0.2425E-01
-0.5017 -0.2341
164.0 0.4342E-05
-0.2676E-01 -0.2212E-01
-0.4852 -0.2220
165.0 0.4968E-05
-0.5699E-01 -0.8944E-01
-0.4770 -0.2179
166.0 0.5634E-05
-0.7467E-01 -0.1663
-0.4761 -0.2193
167.0 0.6283E-05
-0.8103E-01 -0.2442
-0.4809 -0.2237
168.0 0.6863E-05
-0.7848E-01 -0.3176
-0.4894 -0.2293
169.0 0.7319E-05
-0.6955E-01 -0.3830
-0.5004 -0.2347
170.0 0.7603E-05
-0.5610E-01 -0.4380
-0.5133 -0.2385
171.0 0.7677E-05
-0.3907E-01 -0.4811
-0.5275 -0.2391
172.0 0.7530E-05
-0.1871E-01 -0.5107
-0.5419 -0.2351
173.0 0.7179E-05
0.4603E-02 -0.5248
-0.5546 -0.2252
174.0 0.6667E-05
0.2959E-01 -0.5212
-0.5618 -0.2077
175.0 0.6049E-05
0.5343E-01 -0.4979
-0.5575 -0.1813
176.0 0.5390E-05
0.7173E-01 -0.4549
-0.5330 -0.1454
177.0 0.4760E-05
0.7894E-01 -0.3955
-0.4751 -0.1012
178.0 0.4233E-05
0.6965E-01 -0.3292
-0.3687 -0.5403E-01
179.0 0.3880E-05
0.4156E-01 -0.2741
-0.2053 -0.1534E-01
180.0 0.3756E-05
0.000 -0.2522
0.000 0.000
