0.000 2.771
0.000 0.7070
0.000 0.000
1.000 2.830
-0.1494 0.6703
0.5088E-01 0.2172E-01
2.000 2.969
-0.2608 0.5812
0.8921E-01 0.7521E-01
3.000 3.089
-0.3241 0.4804
0.1120 0.1383
4.000 3.077
-0.3503 0.3959
0.1238 0.1959
5.000 2.863
-0.3539 0.3382
0.1308 0.2428
6.000 2.446
-0.3447 0.3082
0.1387 0.2793
7.000 1.897
-0.3265 0.3031
0.1529 0.3071
8.000 1.327
-0.2975 0.3158
0.1807 0.3271
9.000 0.8419
-0.2496 0.3241
0.2328 0.3372
10.00 0.5073
-0.1706 0.2578
0.3169 0.3295
11.00 0.3326
-0.7414E-01 -0.5696E-02
0.3968 0.2950
12.00 0.2813
-0.3660E-01 -0.4015
0.3779 0.2542
13.00 0.2953
-0.7649E-01 -0.6432
0.2759 0.2404
14.00 0.3199
-0.1311 -0.7080
0.1785 0.2459
15.00 0.3209
-0.1723 -0.7012
0.1081 0.2551
16.00 0.2884
-0.1995 -0.6780
0.5632E-01 0.2625
17.00 0.2307
-0.2169 -0.6571
0.1403E-01 0.2666
18.00 0.1640
-0.2284 -0.6462
-0.2510E-01 0.2657
19.00 0.1038
-0.2386 -0.6538
-0.6590E-01 0.2552
20.00 0.5946E-01
-0.2566 -0.6992
-0.1126 0.2235
21.00 0.3355E-01
-0.2963 -0.8106
-0.1636 0.1539
22.00 0.2379E-01
-0.3401 -0.9383
-0.1935 0.8013E-01
23.00 0.2541E-01
-0.3181 -0.9233
-0.1879 0.9765E-01
24.00 0.3340E-01
-0.2479 -0.8181
-0.1848 0.1664
25.00 0.4365E-01
-0.1724 -0.7182
-0.1968 0.2252
26.00 0.5340E-01
-0.9945E-01 -0.6356
-0.2178 0.2654
27.00 0.6112E-01
-0.2763E-01 -0.5617
-0.2426 0.2904
28.00 0.6622E-01
0.4455E-01 -0.4894
-0.2671 0.3024
29.00 0.6878E-01
0.1177 -0.4153
-0.2875 0.3024
30.00 0.6933E-01
0.1920 -0.3395
-0.2992 0.2908
31.00 0.6871E-01
0.2665 -0.2665
-0.2976 0.2677
32.00 0.6791E-01
0.3394 -0.2048
-0.2796 0.2339
33.00 0.6788E-01
0.4079 -0.1657
-0.2463 0.1910
34.00 0.6930E-01
0.4695 -0.1570
-0.2043 0.1415
35.00 0.7255E-01
0.5234 -0.1780
-0.1641 0.8816E-01
36.00 0.7768E-01
0.5705 -0.2187
-0.1349 0.3318E-01
37.00 0.8450E-01
0.6124 -0.2652
-0.1212 -0.2200E-01
38.00 0.9270E-01
0.6498 -0.3052
-0.1222 -0.7629E-01
39.00 0.1019
0.6824 -0.3316
-0.1341 -0.1284
40.00 0.1117
0.7093 -0.3418
-0.1524 -0.1768
41.00 0.1216
0.7297 -0.3367
-0.1728 -0.2200
42.00 0.1310
0.7432 -0.3187
-0.1924 -0.2566
43.00 0.1394
0.7501 -0.2905
-0.2095 -0.2859
44.00 0.1459
0.7506 -0.2546
-0.2236 -0.3079
45.00 0.1502
0.7455 -0.2130
-0.2350 -0.3230
46.00 0.1516
0.7351 -0.1674
-0.2449 -0.3319
47.00 0.1500
0.7200 -0.1194
-0.2545 -0.3356
48.00 0.1455
0.7004 -0.7102E-01
-0.2652 -0.3347
49.00 0.1384
0.6770 -0.2433E-01
-0.2780 -0.3294
50.00 0.1295
0.6501 0.1843E-01
-0.2931 -0.3196
51.00 0.1192
0.6206 0.5523E-01
-0.3104 -0.3049
52.00 0.1083
0.5896 0.8461E-01
-0.3286 -0.2847
53.00 0.9721E-01
0.5582 0.1060
-0.3463 -0.2588
54.00 0.8642E-01
0.5275 0.1195
-0.3621 -0.2275
55.00 0.7625E-01
0.4987 0.1257
-0.3749 -0.1917
56.00 0.6698E-01
0.4728 0.1251
-0.3843 -0.1530
57.00 0.5882E-01
0.4509 0.1174
-0.3903 -0.1135
58.00 0.5190E-01
0.4343 0.1022
-0.3930 -0.7572E-01
59.00 0.4630E-01
0.4242 0.7924E-01
-0.3924 -0.4202E-01
60.00 0.4195E-01
0.4215 0.4966E-01
-0.3880 -0.1416E-01
61.00 0.3872E-01
0.4256 0.1624E-01
-0.3796 0.7122E-02
62.00 0.3640E-01
0.4350 -0.1744E-01
-0.3673 0.2206E-01
63.00 0.3475E-01
0.4475 -0.4855E-01
-0.3523 0.3151E-01
64.00 0.3352E-01
0.4611 -0.7611E-01
-0.3363 0.3655E-01
65.00 0.3254E-01
0.4747 -0.1009
-0.3207 0.3829E-01
66.00 0.3166E-01
0.4876 -0.1243
-0.3062 0.3791E-01
67.00 0.3081E-01
0.4996 -0.1474
-0.2923 0.3662E-01
68.00 0.2993E-01
0.5106 -0.1702
-0.2783 0.3556E-01
69.00 0.2894E-01
0.5203 -0.1914
-0.2634 0.3546E-01
70.00 0.2780E-01
0.5286 -0.2096
-0.2472 0.3654E-01
71.00 0.2647E-01
0.5356 -0.2239
-0.2301 0.3855E-01
72.00 0.2492E-01
0.5414 -0.2340
-0.2131 0.4104E-01
73.00 0.2319E-01
0.5458 -0.2406
-0.1971 0.4367E-01
74.00 0.2136E-01
0.5489 -0.2449
-0.1827 0.4645E-01
75.00 0.1948E-01
0.5506 -0.2479
-0.1700 0.4982E-01
76.00 0.1765E-01
0.5506 -0.2502
-0.1585 0.5461E-01
77.00 0.1591E-01
0.5487 -0.2512
-0.1473 0.6171E-01
78.00 0.1431E-01
0.5446 -0.2497
-0.1353 0.7175E-01
79.00 0.1285E-01
0.5385 -0.2441
-0.1220 0.8469E-01
80.00 0.1153E-01
0.5308 -0.2329
-0.1077 0.9968E-01
81.00 0.1035E-01
0.5222 -0.2159
-0.9381E-01 0.1152
82.00 0.9298E-02
0.5138 -0.1942
-0.8204E-01 0.1297
83.00 0.8379E-02
0.5062 -0.1698
-0.7442E-01 0.1418
84.00 0.7593E-02
0.4997 -0.1459
-0.7250E-01 0.1510
85.00 0.6935E-02
0.4940 -0.1253
-0.7689E-01 0.1577
86.00 0.6394E-02
0.4883 -0.1104
-0.8717E-01 0.1627
87.00 0.5947E-02
0.4818 -0.1020
-0.1021 0.1673
88.00 0.5572E-02
0.4737 -0.9947E-01
-0.1201 0.1727
89.00 0.5250E-02
0.4634 -0.1015
-0.1397 0.1798
90.00 0.4967E-02
0.4503 -0.1065
-0.1595 0.1893
91.00 0.4717E-02
0.4338 -0.1127
-0.1785 0.2016
92.00 0.4498E-02
0.4138 -0.1183
-0.1961 0.2170
93.00 0.4307E-02
0.3905 -0.1221
-0.2116 0.2352
94.00 0.4142E-02
0.3643 -0.1229
-0.2247 0.2558
95.00 0.3998E-02
0.3358 -0.1205
-0.2355 0.2782
96.00 0.3872E-02
0.3057 -0.1159
-0.2442 0.3013
97.00 0.3757E-02
0.2745 -0.1107
-0.2510 0.3239
98.00 0.3648E-02
0.2428 -0.1074
-0.2566 0.3447
99.00 0.3540E-02
0.2113 -0.1084
-0.2610 0.3625
100.0 0.3435E-02
0.1802 -0.1161
-0.2644 0.3765
101.0 0.3337E-02
0.1498 -0.1316
-0.2659 0.3865
102.0 0.3250E-02
0.1204 -0.1542
-0.2647 0.3931
103.0 0.3178E-02
0.9205E-01 -0.1812
-0.2601 0.3974
104.0 0.3117E-02
0.6488E-01 -0.2085
-0.2517 0.4009
105.0 0.3063E-02
0.3877E-01 -0.2318
-0.2394 0.4051
106.0 0.3008E-02
0.1351E-01 -0.2482
-0.2233 0.4110
107.0 0.2951E-02
-0.1110E-01 -0.2566
-0.2035 0.4190
108.0 0.2890E-02
-0.3497E-01 -0.2578
-0.1800 0.4287
109.0 0.2825E-02
-0.5763E-01 -0.2538
-0.1528 0.4390
110.0 0.2757E-02
-0.7821E-01 -0.2466
-0.1221 0.4489
111.0 0.2686E-02
-0.9554E-01 -0.2380
-0.8828E-01 0.4575
112.0 0.2614E-02
-0.1085 -0.2285
-0.5222E-01 0.4642
113.0 0.2538E-02
-0.1163 -0.2180
-0.1519E-01 0.4692
114.0 0.2459E-02
-0.1187 -0.2066
0.2122E-01 0.4725
115.0 0.2374E-02
-0.1164 -0.1949
0.5538E-01 0.4741
116.0 0.2284E-02
-0.1105 -0.1853
0.8595E-01 0.4737
117.0 0.2193E-02
-0.1029 -0.1811
0.1121 0.4704
118.0 0.2107E-02
-0.9629E-01 -0.1853
0.1339 0.4633
119.0 0.2033E-02
-0.9346E-01 -0.1990
0.1521 0.4520
120.0 0.1974E-02
-0.9709E-01 -0.2191
0.1686 0.4367
121.0 0.1926E-02
-0.1085 -0.2391
0.1856 0.4187
122.0 0.1880E-02
-0.1269 -0.2511
0.2052 0.3991
123.0 0.1827E-02
-0.1499 -0.2484
0.2286 0.3787
124.0 0.1760E-02
-0.1737 -0.2273
0.2559 0.3575
125.0 0.1674E-02
-0.1941 -0.1871
0.2862 0.3352
126.0 0.1571E-02
-0.2069 -0.1297
0.3178 0.3114
127.0 0.1453E-02
-0.2087 -0.5900E-01
0.3487 0.2861
128.0 0.1326E-02
-0.1966 0.2027E-01
0.3764 0.2604
129.0 0.1198E-02
-0.1685 0.1017
0.3985 0.2363
130.0 0.1078E-02
-0.1245 0.1768
0.4123 0.2171
131.0 0.9724E-03
-0.6724E-01 0.2347
0.4170 0.2051
132.0 0.8850E-03
-0.3382E-02 0.2645
0.4148 0.2010
133.0 0.8161E-03
0.5737E-01 0.2587
0.4110 0.2018
134.0 0.7638E-03
0.1045 0.2176
0.4124 0.2023
135.0 0.7249E-03
0.1296 0.1507
0.4240 0.1967
136.0 0.6945E-03
0.1285 0.7513E-01
0.4464 0.1817
137.0 0.6663E-03
0.1028 0.1041E-01
0.4765 0.1561
138.0 0.6327E-03
0.5727E-01 -0.2743E-01
0.5087 0.1206
139.0 0.5880E-03
-0.1829E-02 -0.2892E-01
0.5372 0.7585E-01
140.0 0.5308E-03
-0.6917E-01 0.9520E-02
0.5549 0.2222E-01
141.0 0.4647E-03
-0.1398 0.8692E-01
0.5523 -0.3896E-01
142.0 0.3967E-03
-0.2074 0.1973
0.5174 -0.1036
143.0 0.3338E-03
-0.2624 0.3280
0.4388 -0.1634
144.0 0.2802E-03
-0.2922 0.4588
0.3119 -0.2065
145.0 0.2377E-03
-0.2834 0.5660
0.1457 -0.2204
146.0 0.2063E-03
-0.2266 0.6270
-0.3568E-01 -0.1958
147.0 0.1854E-03
-0.1215 0.6258
-0.1961 -0.1326
148.0 0.1739E-03
0.1729E-01 0.5621
-0.2998 -0.4518E-01
149.0 0.1695E-03
0.1656 0.4556
-0.3282 0.3891E-01
150.0 0.1698E-03
0.3030 0.3359
-0.2853 0.9221E-01
151.0 0.1728E-03
0.4183 0.2266
-0.1861 0.9884E-01
152.0 0.1785E-03
0.5031 0.1413
-0.4657E-01 0.5638E-01
153.0 0.1880E-03
0.5469 0.8741E-01
0.1143 -0.2624E-01
154.0 0.2018E-03
0.5426 0.6971E-01
0.2737 -0.1333
155.0 0.2188E-03
0.4922 0.8929E-01
0.4124 -0.2504
156.0 0.2367E-03
0.4023 0.1436
0.5190 -0.3670
157.0 0.2546E-03
0.2784 0.2260
0.5840 -0.4700
158.0 0.2746E-03
0.1271 0.3230
0.5944 -0.5371
159.0 0.3009E-03
-0.3534E-01 0.4141
0.5405 -0.5429
160.0 0.3369E-03
-0.1831 0.4795
0.4290 -0.4781
161.0 0.3833E-03
-0.2934 0.5111
0.2832 -0.3583
162.0 0.4381E-03
-0.3564 0.5118
0.1295 -0.2107
163.0 0.4990E-03
-0.3723 0.4879
-0.1351E-01 -0.5766E-01
164.0 0.5653E-03
-0.3461 0.4444
-0.1344 0.8635E-01
165.0 0.6382E-03
-0.2855 0.3867
-0.2257 0.2117
166.0 0.7189E-03
-0.2006 0.3233
-0.2842 0.3111
167.0 0.8071E-03
-0.1022 0.2638
-0.3108 0.3808
168.0 0.9019E-03
0.4314E-03 0.2170
-0.3099 0.4200
169.0 0.1003E-02
0.9972E-01 0.1879
-0.2872 0.4314
170.0 0.1110E-02
0.1893 0.1784
-0.2490 0.4191
171.0 0.1220E-02
0.2637 0.1885
-0.2016 0.3889
172.0 0.1329E-02
0.3194 0.2173
-0.1512 0.3466
173.0 0.1427E-02
0.3552 0.2638
-0.1029 0.2966
174.0 0.1504E-02
0.3708 0.3265
-0.6028E-01 0.2420
175.0 0.1555E-02
0.3652 0.4022
-0.2568E-01 0.1851
176.0 0.1584E-02
0.3362 0.4846
-0.8792E-03 0.1288
177.0 0.1598E-02
0.2822 0.5641
0.1301E-01 0.7741E-01
178.0 0.1604E-02
0.2042 0.6299
0.1613E-01 0.3600E-01
179.0 0.1607E-02
0.1073 0.6730
0.1051E-01 0.9234E-02
180.0 0.1608E-02
0.000 0.6879
0.000 0.000
