0.000 1.783
0.000 0.7071
0.000 0.000
1.000 1.767
-0.3445E-02 0.7070
-0.5194E-02 -0.1577E-02
2.000 1.724
-0.7812E-02 0.7067
-0.7628E-02 -0.6063E-02
3.000 1.658
-0.1389E-01 0.7056
-0.4748E-02 -0.1269E-01
4.000 1.579
-0.2213E-01 0.7033
0.5520E-02 -0.2010E-01
5.000 1.496
-0.3244E-01 0.6988
0.2438E-01 -0.2638E-01
6.000 1.418
-0.4389E-01 0.6913
0.5179E-01 -0.2919E-01
7.000 1.353
-0.5471E-01 0.6805
0.8622E-01 -0.2632E-01
8.000 1.302
-0.6262E-01 0.6659
0.1250 -0.1622E-01
9.000 1.267
-0.6554E-01 0.6474
0.1649 0.1471E-02
10.00 1.244
-0.6235E-01 0.6245
0.2030 0.2595E-01
11.00 1.230
-0.5329E-01 0.5965
0.2372 0.5560E-01
12.00 1.217
-0.3987E-01 0.5625
0.2660 0.8851E-01
13.00 1.202
-0.2438E-01 0.5219
0.2886 0.1229
14.00 1.177
-0.9232E-02 0.4752
0.3043 0.1574
15.00 1.139
0.3493E-02 0.4234
0.3127 0.1910
16.00 1.085
0.1238E-01 0.3681
0.3132 0.2229
17.00 1.014
0.1672E-01 0.3109
0.3054 0.2525
18.00 0.9298
0.1643E-01 0.2533
0.2890 0.2794
19.00 0.8360
0.1189E-01 0.1963
0.2635 0.3030
20.00 0.7389
0.3850E-02 0.1410
0.2282 0.3221
21.00 0.6443
-0.6772E-02 0.8850E-01
0.1829 0.3353
22.00 0.5573
-0.1899E-01 0.4081E-01
0.1280 0.3409
23.00 0.4812
-0.3195E-01 0.9611E-03
0.6493E-01 0.3372
24.00 0.4176
-0.4516E-01 -0.2693E-01
-0.3153E-02 0.3237
25.00 0.3662
-0.5859E-01 -0.3840E-01
-0.7166E-01 0.3014
26.00 0.3259
-0.7263E-01 -0.3000E-01
-0.1351 0.2730
27.00 0.2945
-0.8782E-01 -0.5779E-03
-0.1883 0.2424
28.00 0.2698
-0.1045 0.4804E-01
-0.2275 0.2131
29.00 0.2496
-0.1227 0.1115
-0.2510 0.1872
30.00 0.2323
-0.1417 0.1836
-0.2586 0.1650
31.00 0.2168
-0.1605 0.2578
-0.2510 0.1453
32.00 0.2025
-0.1776 0.3268
-0.2292 0.1266
33.00 0.1893
-0.1910 0.3837
-0.1947 0.1074
34.00 0.1774
-0.1988 0.4224
-0.1493 0.8728E-01
35.00 0.1671
-0.1993 0.4389
-0.9639E-01 0.6696E-01
36.00 0.1584
-0.1917 0.4327
-0.4011E-01 0.4800E-01
37.00 0.1513
-0.1765 0.4064
0.1459E-01 0.3234E-01
38.00 0.1454
-0.1555 0.3657
0.6306E-01 0.2159E-01
39.00 0.1403
-0.1311 0.3173
0.1019 0.1646E-01
40.00 0.1356
-0.1063 0.2667
0.1291 0.1668E-01
41.00 0.1308
-0.8354E-01 0.2183
0.1443 0.2121E-01
42.00 0.1256
-0.6477E-01 0.1742
0.1482 0.2861E-01
43.00 0.1196
-0.5129E-01 0.1356
0.1422 0.3743E-01
44.00 0.1128
-0.4388E-01 0.1029
0.1278 0.4642E-01
45.00 0.1052
-0.4293E-01 0.7635E-01
0.1067 0.5469E-01
46.00 0.9694E-01
-0.4853E-01 0.5628E-01
0.8065E-01 0.6163E-01
47.00 0.8829E-01
-0.6063E-01 0.4286E-01
0.5153E-01 0.6702E-01
48.00 0.7956E-01
-0.7898E-01 0.3600E-01
0.2116E-01 0.7094E-01
49.00 0.7110E-01
-0.1031 0.3521E-01
-0.8495E-02 0.7378E-01
50.00 0.6320E-01
-0.1319 0.3954E-01
-0.3541E-01 0.7632E-01
51.00 0.5608E-01
-0.1639 0.4773E-01
-0.5769E-01 0.7962E-01
52.00 0.4983E-01
-0.1968 0.5848E-01
-0.7381E-01 0.8492E-01
53.00 0.4448E-01
-0.2282 0.7072E-01
-0.8294E-01 0.9337E-01
54.00 0.3994E-01
-0.2555 0.8369E-01
-0.8502E-01 0.1057
55.00 0.3609E-01
-0.2772 0.9666E-01
-0.8069E-01 0.1220
56.00 0.3279E-01
-0.2924 0.1087
-0.7103E-01 0.1414
57.00 0.2991E-01
-0.3015 0.1185
-0.5727E-01 0.1626
58.00 0.2735E-01
-0.3055 0.1243
-0.4060E-01 0.1839
59.00 0.2501E-01
-0.3060 0.1247
-0.2210E-01 0.2035
60.00 0.2286E-01
-0.3041 0.1186
-0.2768E-02 0.2203
61.00 0.2085E-01
-0.3012 0.1060
0.1648E-01 0.2334
62.00 0.1898E-01
-0.2980 0.8822E-01
0.3488E-01 0.2427
63.00 0.1724E-01
-0.2949 0.6711E-01
0.5185E-01 0.2482
64.00 0.1565E-01
-0.2921 0.4517E-01
0.6709E-01 0.2504
65.00 0.1421E-01
-0.2899 0.2484E-01
0.8054E-01 0.2497
66.00 0.1293E-01
-0.2882 0.8082E-02
0.9218E-01 0.2466
67.00 0.1182E-01
-0.2872 -0.3664E-02
0.1019 0.2415
68.00 0.1087E-01
-0.2868 -0.9392E-02
0.1094 0.2348
69.00 0.1006E-01
-0.2869 -0.8305E-02
0.1141 0.2272
70.00 0.9364E-02
-0.2872 0.3071E-03
0.1154 0.2194
71.00 0.8748E-02
-0.2868 0.1698E-01
0.1130 0.2118
72.00 0.8192E-02
-0.2850 0.4184E-01
0.1071 0.2049
73.00 0.7678E-02
-0.2808 0.7434E-01
0.9857E-01 0.1990
74.00 0.7199E-02
-0.2736 0.1131
0.8863E-01 0.1938
75.00 0.6748E-02
-0.2635 0.1562
0.7872E-01 0.1891
76.00 0.6321E-02
-0.2513 0.2011
0.7010E-01 0.1839
77.00 0.5914E-02
-0.2381 0.2452
0.6353E-01 0.1776
78.00 0.5522E-02
-0.2256 0.2866
0.5922E-01 0.1694
79.00 0.5139E-02
-0.2149 0.3238
0.5690E-01 0.1590
80.00 0.4761E-02
-0.2072 0.3562
0.5608E-01 0.1463
81.00 0.4388E-02
-0.2031 0.3835
0.5621E-01 0.1317
82.00 0.4018E-02
-0.2030 0.4057
0.5683E-01 0.1158
83.00 0.3658E-02
-0.2073 0.4225
0.5744E-01 0.9970E-01
84.00 0.3313E-02
-0.2157 0.4331
0.5740E-01 0.8496E-01
85.00 0.2990E-02
-0.2279 0.4366
0.5579E-01 0.7359E-01
86.00 0.2696E-02
-0.2430 0.4327
0.5144E-01 0.6812E-01
87.00 0.2435E-02
-0.2592 0.4217
0.4319E-01 0.7140E-01
88.00 0.2212E-02
-0.2738 0.4051
0.3035E-01 0.8620E-01
89.00 0.2030E-02
-0.2835 0.3853
0.1323E-01 0.1145
90.00 0.1889E-02
-0.2853 0.3652
-0.6504E-02 0.1564
91.00 0.1786E-02
-0.2777 0.3474
-0.2609E-01 0.2094
92.00 0.1715E-02
-0.2613 0.3339
-0.4253E-01 0.2688
93.00 0.1668E-02
-0.2387 0.3251
-0.5364E-01 0.3289
94.00 0.1636E-02
-0.2133 0.3201
-0.5861E-01 0.3848
95.00 0.1610E-02
-0.1884 0.3167
-0.5790E-01 0.4332
96.00 0.1584E-02
-0.1664 0.3125
-0.5271E-01 0.4726
97.00 0.1552E-02
-0.1486 0.3056
-0.4448E-01 0.5029
98.00 0.1511E-02
-0.1356 0.2950
-0.3446E-01 0.5250
99.00 0.1461E-02
-0.1275 0.2805
-0.2351E-01 0.5399
100.0 0.1403E-02
-0.1239 0.2622
-0.1206E-01 0.5489
101.0 0.1341E-02
-0.1241 0.2402
-0.2094E-03 0.5528
102.0 0.1280E-02
-0.1276 0.2151
0.1214E-01 0.5525
103.0 0.1225E-02
-0.1334 0.1878
0.2512E-01 0.5484
104.0 0.1177E-02
-0.1406 0.1601
0.3877E-01 0.5415
105.0 0.1141E-02
-0.1480 0.1342
0.5305E-01 0.5329
106.0 0.1117E-02
-0.1541 0.1124
0.6780E-01 0.5236
107.0 0.1106E-02
-0.1578 0.9622E-01
0.8287E-01 0.5149
108.0 0.1106E-02
-0.1582 0.8589E-01
0.9815E-01 0.5075
109.0 0.1116E-02
-0.1556 0.8055E-01
0.1137 0.5013
110.0 0.1130E-02
-0.1507 0.7827E-01
0.1295 0.4958
111.0 0.1145E-02
-0.1449 0.7666E-01
0.1458 0.4899
112.0 0.1154E-02
-0.1394 0.7354E-01
0.1628 0.4825
113.0 0.1155E-02
-0.1351 0.6760E-01
0.1805 0.4726
114.0 0.1144E-02
-0.1326 0.5881E-01
0.1989 0.4598
115.0 0.1120E-02
-0.1318 0.4844E-01
0.2179 0.4440
116.0 0.1082E-02
-0.1321 0.3854E-01
0.2375 0.4258
117.0 0.1032E-02
-0.1323 0.3129E-01
0.2577 0.4058
118.0 0.9752E-03
-0.1309 0.2836E-01
0.2782 0.3849
119.0 0.9153E-03
-0.1264 0.3047E-01
0.2984 0.3638
120.0 0.8568E-03
-0.1179 0.3734E-01
0.3173 0.3430
121.0 0.8034E-03
-0.1048 0.4768E-01
0.3338 0.3227
122.0 0.7577E-03
-0.8793E-01 0.5932E-01
0.3465 0.3029
123.0 0.7214E-03
-0.6842E-01 0.6947E-01
0.3544 0.2830
124.0 0.6952E-03
-0.4792E-01 0.7544E-01
0.3568 0.2624
125.0 0.6787E-03
-0.2802E-01 0.7572E-01
0.3544 0.2406
126.0 0.6696E-03
-0.9891E-02 0.7100E-01
0.3491 0.2171
127.0 0.6637E-03
0.5984E-02 0.6405E-01
0.3434 0.1917
128.0 0.6563E-03
0.1986E-01 0.5860E-01
0.3393 0.1642
129.0 0.6430E-03
0.3256E-01 0.5810E-01
0.3377 0.1340
130.0 0.6205E-03
0.4533E-01 0.6509E-01
0.3381 0.1009
131.0 0.5877E-03
0.5970E-01 0.8136E-01
0.3391 0.6428E-01
132.0 0.5450E-03
0.7750E-01 0.1083
0.3390 0.2350E-01
133.0 0.4946E-03
0.1007 0.1470
0.3359 -0.2199E-01
134.0 0.4402E-03
0.1312 0.1981
0.3279 -0.7217E-01
135.0 0.3866E-03
0.1698 0.2601
0.3133 -0.1255
136.0 0.3383E-03
0.2152 0.3279
0.2908 -0.1777
137.0 0.2993E-03
0.2626 0.3911
0.2612 -0.2215
138.0 0.2718E-03
0.3033 0.4357
0.2280 -0.2486
139.0 0.2564E-03
0.3277 0.4488
0.1976 -0.2536
140.0 0.2527E-03
0.3298 0.4260
0.1762 -0.2379
141.0 0.2597E-03
0.3109 0.3740
0.1662 -0.2097
142.0 0.2754E-03
0.2779 0.3076
0.1657 -0.1806
143.0 0.2966E-03
0.2394 0.2424
0.1704 -0.1605
144.0 0.3197E-03
0.2017 0.1892
0.1754 -0.1554
145.0 0.3405E-03
0.1675 0.1532
0.1768 -0.1673
146.0 0.3562E-03
0.1371 0.1346
0.1711 -0.1951
147.0 0.3656E-03
0.1092 0.1317
0.1548 -0.2356
148.0 0.3694E-03
0.8260E-01 0.1415
0.1248 -0.2839
149.0 0.3693E-03
0.5645E-01 0.1609
0.7874E-01 -0.3332
150.0 0.3678E-03
0.3092E-01 0.1868
0.1613E-01 -0.3750
151.0 0.3677E-03
0.7319E-02 0.2154
-0.6066E-01 -0.4003
152.0 0.3717E-03
-0.1201E-01 0.2420
-0.1456 -0.4013
153.0 0.3821E-03
-0.2442E-01 0.2614
-0.2297 -0.3749
154.0 0.3996E-03
-0.2810E-01 0.2695
-0.3035 -0.3252
155.0 0.4239E-03
-0.2282E-01 0.2652
-0.3608 -0.2623
156.0 0.4528E-03
-0.9679E-02 0.2495
-0.3999 -0.1979
157.0 0.4841E-03
0.9824E-02 0.2243
-0.4221 -0.1406
158.0 0.5161E-03
0.3441E-01 0.1913
-0.4295 -0.9479E-01
159.0 0.5486E-03
0.6316E-01 0.1522
-0.4236 -0.6111E-01
160.0 0.5819E-03
0.9529E-01 0.1098
-0.4052 -0.3787E-01
161.0 0.6177E-03
0.1298 0.6877E-01
-0.3750 -0.2188E-01
162.0 0.6576E-03
0.1653 0.3529E-01
-0.3343 -0.9146E-02
163.0 0.7036E-03
0.1998 0.1542E-01
-0.2855 0.4442E-02
164.0 0.7570E-03
0.2307 0.1340E-01
-0.2319 0.2207E-01
165.0 0.8178E-03
0.2560 0.3030E-01
-0.1778 0.4506E-01
166.0 0.8831E-03
0.2746 0.6401E-01
-0.1274 0.7262E-01
167.0 0.9475E-03
0.2868 0.1104
-0.8362E-01 0.1025
168.0 0.1004E-02
0.2936 0.1646
-0.4786E-01 0.1322
169.0 0.1044E-02
0.2962 0.2223
-0.2020E-01 0.1593
170.0 0.1061E-02
0.2957 0.2800
0.7865E-04 0.1822
171.0 0.1053E-02
0.2928 0.3353
0.1403E-01 0.1994
172.0 0.1017E-02
0.2880 0.3871
0.2278E-01 0.2098
173.0 0.9550E-03
0.2815 0.4356
0.2738E-01 0.2119
174.0 0.8706E-03
0.2729 0.4820
0.2873E-01 0.2042
175.0 0.7723E-03
0.2609 0.5275
0.2755E-01 0.1849
176.0 0.6709E-03
0.2420 0.5720
0.2436E-01 0.1527
177.0 0.5780E-03
0.2107 0.6139
0.1958E-01 0.1085
178.0 0.5043E-03
0.1606 0.6493
0.1363E-01 0.5854E-01
179.0 0.4572E-03
0.8833E-01 0.6732
0.6967E-02 0.1669E-01
180.0 0.4411E-03
0.000 0.6817
0.000 0.000
