0.000 0.7193E-01
0.000 -0.2824
0.000 0.000
1.000 0.7175E-01
0.2266E-01 -0.2822
0.9855E-02 -0.2296E-03
2.000 0.7121E-01
0.4518E-01 -0.2813
0.1971E-01 -0.9198E-03
3.000 0.7032E-01
0.6737E-01 -0.2799
0.2957E-01 -0.2075E-02
4.000 0.6910E-01
0.8908E-01 -0.2779
0.3943E-01 -0.3701E-02
5.000 0.6758E-01
0.1101 -0.2752
0.4926E-01 -0.5807E-02
6.000 0.6578E-01
0.1301 -0.2718
0.5903E-01 -0.8401E-02
7.000 0.6374E-01
0.1489 -0.2676
0.6870E-01 -0.1149E-01
8.000 0.6150E-01
0.1661 -0.2627
0.7820E-01 -0.1507E-01
9.000 0.5909E-01
0.1813 -0.2569
0.8745E-01 -0.1915E-01
10.00 0.5655E-01
0.1941 -0.2503
0.9634E-01 -0.2371E-01
11.00 0.5393E-01
0.2040 -0.2427
0.1047 -0.2871E-01
12.00 0.5126E-01
0.2105 -0.2342
0.1125 -0.3411E-01
13.00 0.4858E-01
0.2131 -0.2249
0.1195 -0.3983E-01
14.00 0.4591E-01
0.2113 -0.2147
0.1256 -0.4577E-01
15.00 0.4329E-01
0.2048 -0.2038
0.1305 -0.5181E-01
16.00 0.4072E-01
0.1933 -0.1923
0.1343 -0.5778E-01
17.00 0.3824E-01
0.1765 -0.1802
0.1367 -0.6351E-01
18.00 0.3584E-01
0.1547 -0.1679
0.1377 -0.6877E-01
19.00 0.3354E-01
0.1281 -0.1554
0.1372 -0.7336E-01
20.00 0.3134E-01
0.9711E-01 -0.1430
0.1354 -0.7704E-01
21.00 0.2922E-01
0.6255E-01 -0.1307
0.1322 -0.7959E-01
22.00 0.2720E-01
0.2532E-01 -0.1188
0.1278 -0.8081E-01
23.00 0.2525E-01
-0.1348E-01 -0.1073
0.1225 -0.8052E-01
24.00 0.2338E-01
-0.5265E-01 -0.9628E-01
0.1162 -0.7857E-01
25.00 0.2158E-01
-0.9095E-01 -0.8572E-01
0.1094 -0.7484E-01
26.00 0.1984E-01
-0.1271 -0.7556E-01
0.1023 -0.6927E-01
27.00 0.1817E-01
-0.1599 -0.6570E-01
0.9502E-01 -0.6179E-01
28.00 0.1655E-01
-0.1881 -0.5598E-01
0.8781E-01 -0.5240E-01
29.00 0.1500E-01
-0.2107 -0.4621E-01
0.8088E-01 -0.4110E-01
30.00 0.1352E-01
-0.2265 -0.3615E-01
0.7438E-01 -0.2793E-01
31.00 0.1211E-01
-0.2348 -0.2554E-01
0.6847E-01 -0.1298E-01
32.00 0.1078E-01
-0.2347 -0.1412E-01
0.6329E-01 0.3637E-02
33.00 0.9554E-02
-0.2255 -0.1628E-02
0.5893E-01 0.2169E-01
34.00 0.8424E-02
-0.2071 0.1215E-01
0.5554E-01 0.4082E-01
35.00 0.7403E-02
-0.1795 0.2736E-01
0.5320E-01 0.6050E-01
36.00 0.6498E-02
-0.1437 0.4395E-01
0.5202E-01 0.7989E-01
37.00 0.5712E-02
-0.1018 0.6162E-01
0.5206E-01 0.9784E-01
38.00 0.5048E-02
-0.5711E-01 0.7970E-01
0.5337E-01 0.1129
39.00 0.4505E-02
-0.1478E-01 0.9704E-01
0.5584E-01 0.1232
40.00 0.4083E-02
0.1895E-01 0.1121
0.5928E-01 0.1272
41.00 0.3775E-02
0.3772E-01 0.1231
0.6331E-01 0.1238
42.00 0.3575E-02
0.3691E-01 0.1285
0.6742E-01 0.1128
43.00 0.3477E-02
0.1545E-01 0.1276
0.7111E-01 0.9564E-01
44.00 0.3470E-02
-0.2358E-01 0.1207
0.7395E-01 0.7478E-01
45.00 0.3545E-02
-0.7386E-01 0.1092
0.7577E-01 0.5310E-01
46.00 0.3692E-02
-0.1280 0.9493E-01
0.7657E-01 0.3307E-01
47.00 0.3901E-02
-0.1794 0.7956E-01
0.7656E-01 0.1635E-01
48.00 0.4162E-02
-0.2235 0.6455E-01
0.7595E-01 0.3622E-02
49.00 0.4464E-02
-0.2580 0.5081E-01
0.7501E-01 -0.5163E-02
50.00 0.4800E-02
-0.2821 0.3882E-01
0.7391E-01 -0.1049E-01
51.00 0.5161E-02
-0.2964 0.2873E-01
0.7279E-01 -0.1306E-01
52.00 0.5539E-02
-0.3020 0.2051E-01
0.7174E-01 -0.1359E-01
53.00 0.5927E-02
-0.3004 0.1398E-01
0.7080E-01 -0.1275E-01
54.00 0.6319E-02
-0.2932 0.8970E-02
0.6999E-01 -0.1110E-01
55.00 0.6710E-02
-0.2816 0.5248E-02
0.6929E-01 -0.9100E-02
56.00 0.7094E-02
-0.2671 0.2614E-02
0.6869E-01 -0.7100E-02
57.00 0.7468E-02
-0.2508 0.8790E-03
0.6817E-01 -0.5355E-02
58.00 0.7827E-02
-0.2336 -0.1253E-03
0.6769E-01 -0.4040E-02
59.00 0.8169E-02
-0.2164 -0.5491E-03
0.6725E-01 -0.3258E-02
60.00 0.8490E-02
-0.1997 -0.5248E-03
0.6680E-01 -0.3056E-02
61.00 0.8788E-02
-0.1840 -0.1702E-03
0.6634E-01 -0.3433E-02
62.00 0.9062E-02
-0.1697 0.4101E-03
0.6584E-01 -0.4354E-02
63.00 0.9309E-02
-0.1570 0.1123E-02
0.6530E-01 -0.5754E-02
64.00 0.9528E-02
-0.1458 0.1883E-02
0.6472E-01 -0.7550E-02
65.00 0.9719E-02
-0.1362 0.2617E-02
0.6411E-01 -0.9646E-02
66.00 0.9881E-02
-0.1281 0.3258E-02
0.6346E-01 -0.1194E-01
67.00 0.1002E-01
-0.1212 0.3749E-02
0.6281E-01 -0.1433E-01
68.00 0.1012E-01
-0.1154 0.4039E-02
0.6217E-01 -0.1673E-01
69.00 0.1020E-01
-0.1103 0.4090E-02
0.6157E-01 -0.1904E-01
70.00 0.1025E-01
-0.1055 0.3870E-02
0.6105E-01 -0.2119E-01
71.00 0.1028E-01
-0.1009 0.3360E-02
0.6062E-01 -0.2311E-01
72.00 0.1029E-01
-0.9596E-01 0.2548E-02
0.6033E-01 -0.2478E-01
73.00 0.1028E-01
-0.9037E-01 0.1434E-02
0.6019E-01 -0.2615E-01
74.00 0.1025E-01
-0.8380E-01 0.2648E-04
0.6024E-01 -0.2723E-01
75.00 0.1021E-01
-0.7593E-01 -0.1659E-02
0.6049E-01 -0.2803E-01
76.00 0.1015E-01
-0.6649E-01 -0.3599E-02
0.6094E-01 -0.2858E-01
77.00 0.1009E-01
-0.5526E-01 -0.5766E-02
0.6160E-01 -0.2891E-01
78.00 0.1002E-01
-0.4206E-01 -0.8130E-02
0.6246E-01 -0.2910E-01
79.00 0.9953E-02
-0.2678E-01 -0.1066E-01
0.6348E-01 -0.2921E-01
80.00 0.9882E-02
-0.9378E-02 -0.1333E-01
0.6464E-01 -0.2931E-01
81.00 0.9815E-02
0.1010E-01 -0.1612E-01
0.6590E-01 -0.2949E-01
82.00 0.9751E-02
0.3155E-01 -0.1901E-01
0.6720E-01 -0.2983E-01
83.00 0.9694E-02
0.5478E-01 -0.2199E-01
0.6848E-01 -0.3039E-01
84.00 0.9644E-02
0.7954E-01 -0.2507E-01
0.6970E-01 -0.3124E-01
85.00 0.9602E-02
0.1055 -0.2824E-01
0.7080E-01 -0.3242E-01
86.00 0.9569E-02
0.1324 -0.3153E-01
0.7171E-01 -0.3395E-01
87.00 0.9545E-02
0.1597 -0.3495E-01
0.7240E-01 -0.3585E-01
88.00 0.9530E-02
0.1871 -0.3851E-01
0.7283E-01 -0.3810E-01
89.00 0.9524E-02
0.2142 -0.4224E-01
0.7296E-01 -0.4068E-01
90.00 0.9526E-02
0.2406 -0.4613E-01
0.7278E-01 -0.4354E-01
91.00 0.9537E-02
0.2659 -0.5019E-01
0.7229E-01 -0.4662E-01
92.00 0.9554E-02
0.2897 -0.5442E-01
0.7148E-01 -0.4986E-01
93.00 0.9577E-02
0.3118 -0.5879E-01
0.7037E-01 -0.5317E-01
94.00 0.9606E-02
0.3320 -0.6328E-01
0.6898E-01 -0.5648E-01
95.00 0.9639E-02
0.3498 -0.6785E-01
0.6733E-01 -0.5970E-01
96.00 0.9676E-02
0.3654 -0.7246E-01
0.6545E-01 -0.6277E-01
97.00 0.9716E-02
0.3784 -0.7705E-01
0.6337E-01 -0.6561E-01
98.00 0.9757E-02
0.3889 -0.8159E-01
0.6114E-01 -0.6817E-01
99.00 0.9798E-02
0.3969 -0.8601E-01
0.5878E-01 -0.7040E-01
100.0 0.9839E-02
0.4024 -0.9029E-01
0.5634E-01 -0.7227E-01
101.0 0.9878E-02
0.4055 -0.9437E-01
0.5385E-01 -0.7375E-01
102.0 0.9913E-02
0.4064 -0.9824E-01
0.5136E-01 -0.7485E-01
103.0 0.9943E-02
0.4053 -0.1019
0.4890E-01 -0.7556E-01
104.0 0.9966E-02
0.4023 -0.1053
0.4651E-01 -0.7591E-01
105.0 0.9980E-02
0.3978 -0.1085
0.4423E-01 -0.7593E-01
106.0 0.9982E-02
0.3919 -0.1114
0.4208E-01 -0.7565E-01
107.0 0.9970E-02
0.3851 -0.1142
0.4010E-01 -0.7513E-01
108.0 0.9943E-02
0.3775 -0.1168
0.3831E-01 -0.7440E-01
109.0 0.9898E-02
0.3695 -0.1192
0.3675E-01 -0.7353E-01
110.0 0.9834E-02
0.3612 -0.1216
0.3543E-01 -0.7256E-01
111.0 0.9749E-02
0.3531 -0.1239
0.3437E-01 -0.7156E-01
112.0 0.9641E-02
0.3452 -0.1261
0.3358E-01 -0.7056E-01
113.0 0.9510E-02
0.3378 -0.1283
0.3308E-01 -0.6961E-01
114.0 0.9356E-02
0.3311 -0.1305
0.3285E-01 -0.6874E-01
115.0 0.9180E-02
0.3252 -0.1326
0.3290E-01 -0.6800E-01
116.0 0.8982E-02
0.3201 -0.1346
0.3322E-01 -0.6741E-01
117.0 0.8764E-02
0.3160 -0.1364
0.3379E-01 -0.6699E-01
118.0 0.8530E-02
0.3128 -0.1381
0.3458E-01 -0.6675E-01
119.0 0.8280E-02
0.3105 -0.1394
0.3556E-01 -0.6671E-01
120.0 0.8020E-02
0.3090 -0.1404
0.3669E-01 -0.6685E-01
121.0 0.7753E-02
0.3083 -0.1409
0.3793E-01 -0.6718E-01
122.0 0.7482E-02
0.3080 -0.1408
0.3921E-01 -0.6767E-01
123.0 0.7211E-02
0.3081 -0.1400
0.4048E-01 -0.6832E-01
124.0 0.6943E-02
0.3083 -0.1383
0.4167E-01 -0.6909E-01
125.0 0.6684E-02
0.3082 -0.1357
0.4274E-01 -0.6996E-01
126.0 0.6434E-02
0.3077 -0.1321
0.4363E-01 -0.7090E-01
127.0 0.6197E-02
0.3064 -0.1275
0.4430E-01 -0.7190E-01
128.0 0.5975E-02
0.3042 -0.1219
0.4472E-01 -0.7292E-01
129.0 0.5768E-02
0.3009 -0.1153
0.4490E-01 -0.7398E-01
130.0 0.5577E-02
0.2963 -0.1078
0.4486E-01 -0.7506E-01
131.0 0.5403E-02
0.2907 -0.9978E-01
0.4465E-01 -0.7618E-01
132.0 0.5244E-02
0.2841 -0.9129E-01
0.4432E-01 -0.7739E-01
133.0 0.5100E-02
0.2767 -0.8263E-01
0.4398E-01 -0.7874E-01
134.0 0.4970E-02
0.2691 -0.7406E-01
0.4372E-01 -0.8027E-01
135.0 0.4851E-02
0.2617 -0.6583E-01
0.4362E-01 -0.8206E-01
136.0 0.4744E-02
0.2550 -0.5819E-01
0.4376E-01 -0.8416E-01
137.0 0.4647E-02
0.2497 -0.5134E-01
0.4422E-01 -0.8664E-01
138.0 0.4559E-02
0.2462 -0.4544E-01
0.4500E-01 -0.8954E-01
139.0 0.4481E-02
0.2453 -0.4061E-01
0.4609E-01 -0.9286E-01
140.0 0.4413E-02
0.2472 -0.3693E-01
0.4742E-01 -0.9660E-01
141.0 0.4356E-02
0.2523 -0.3440E-01
0.4888E-01 -0.1007
142.0 0.4313E-02
0.2609 -0.3300E-01
0.5028E-01 -0.1050
143.0 0.4285E-02
0.2729 -0.3266E-01
0.5140E-01 -0.1094
144.0 0.4277E-02
0.2880 -0.3325E-01
0.5199E-01 -0.1136
145.0 0.4290E-02
0.3056 -0.3465E-01
0.5177E-01 -0.1175
146.0 0.4330E-02
0.3250 -0.3667E-01
0.5049E-01 -0.1206
147.0 0.4399E-02
0.3451 -0.3915E-01
0.4794E-01 -0.1228
148.0 0.4501E-02
0.3648 -0.4192E-01
0.4400E-01 -0.1238
149.0 0.4638E-02
0.3829 -0.4484E-01
0.3867E-01 -0.1234
150.0 0.4814E-02
0.3983 -0.4781E-01
0.3205E-01 -0.1217
151.0 0.5029E-02
0.4104 -0.5079E-01
0.2433E-01 -0.1186
152.0 0.5284E-02
0.4186 -0.5376E-01
0.1580E-01 -0.1142
153.0 0.5577E-02
0.4228 -0.5676E-01
0.6759E-02 -0.1088
154.0 0.5907E-02
0.4230 -0.5986E-01
-0.2462E-02 -0.1026
155.0 0.6272E-02
0.4197 -0.6312E-01
-0.1158E-01 -0.9585E-01
156.0 0.6665E-02
0.4133 -0.6662E-01
-0.2035E-01 -0.8877E-01
157.0 0.7083E-02
0.4042 -0.7045E-01
-0.2858E-01 -0.8155E-01
158.0 0.7518E-02
0.3931 -0.7467E-01
-0.3612E-01 -0.7438E-01
159.0 0.7964E-02
0.3803 -0.7933E-01
-0.4290E-01 -0.6738E-01
160.0 0.8415E-02
0.3664 -0.8447E-01
-0.4884E-01 -0.6064E-01
161.0 0.8862E-02
0.3515 -0.9011E-01
-0.5393E-01 -0.5424E-01
162.0 0.9298E-02
0.3361 -0.9627E-01
-0.5814E-01 -0.4821E-01
163.0 0.9718E-02
0.3202 -0.1029
-0.6148E-01 -0.4258E-01
164.0 0.1011E-01
0.3040 -0.1101
-0.6396E-01 -0.3734E-01
165.0 0.1048E-01
0.2876 -0.1177
-0.6559E-01 -0.3250E-01
166.0 0.1082E-01
0.2709 -0.1258
-0.6638E-01 -0.2805E-01
167.0 0.1112E-01
0.2541 -0.1341
-0.6633E-01 -0.2398E-01
168.0 0.1138E-01
0.2370 -0.1428
-0.6546E-01 -0.2027E-01
169.0 0.1161E-01
0.2196 -0.1516
-0.6377E-01 -0.1691E-01
170.0 0.1180E-01
0.2018 -0.1605
-0.6127E-01 -0.1388E-01
171.0 0.1196E-01
0.1837 -0.1692
-0.5798E-01 -0.1118E-01
172.0 0.1209E-01
0.1651 -0.1778
-0.5391E-01 -0.8795E-02
173.0 0.1218E-01
0.1460 -0.1859
-0.4910E-01 -0.6708E-02
174.0 0.1226E-01
0.1264 -0.1934
-0.4359E-01 -0.4913E-02
175.0 0.1231E-01
0.1063 -0.2002
-0.3742E-01 -0.3404E-02
176.0 0.1235E-01
0.8568E-01 -0.2060
-0.3069E-01 -0.2175E-02
177.0 0.1237E-01
0.6467E-01 -0.2108
-0.2346E-01 -0.1222E-02
178.0 0.1239E-01
0.4332E-01 -0.2142
-0.1586E-01 -0.5429E-03
179.0 0.1240E-01
0.2172E-01 -0.2164
-0.7998E-02 -0.1357E-03
180.0 0.1240E-01
0.000 -0.2171
0.000 0.000
