0.000 0.1609E-01
0.000 -0.6053E-01
0.000 0.000
1.000 0.1615E-01
-0.3258E-01 -0.6258E-01
-0.1144E-02 -0.8044E-03
2.000 0.1632E-01
-0.6447E-01 -0.6855E-01
-0.1751E-02 -0.3162E-02
3.000 0.1660E-01
-0.9506E-01 -0.7783E-01
-0.1364E-02 -0.6918E-02
4.000 0.1698E-01
-0.1239 -0.8958E-01
0.3347E-03 -0.1184E-01
5.000 0.1744E-01
-0.1507 -0.1028
0.3490E-02 -0.1767E-01
6.000 0.1796E-01
-0.1754 -0.1165
0.8085E-02 -0.2413E-01
7.000 0.1854E-01
-0.1981 -0.1298
0.1396E-01 -0.3098E-01
8.000 0.1913E-01
-0.2190 -0.1421
0.2087E-01 -0.3801E-01
9.000 0.1974E-01
-0.2381 -0.1527
0.2851E-01 -0.4505E-01
10.00 0.2035E-01
-0.2559 -0.1615
0.3654E-01 -0.5199E-01
11.00 0.2094E-01
-0.2725 -0.1684
0.4466E-01 -0.5872E-01
12.00 0.2150E-01
-0.2881 -0.1732
0.5260E-01 -0.6518E-01
13.00 0.2203E-01
-0.3029 -0.1762
0.6011E-01 -0.7132E-01
14.00 0.2252E-01
-0.3170 -0.1776
0.6702E-01 -0.7709E-01
15.00 0.2296E-01
-0.3303 -0.1774
0.7322E-01 -0.8246E-01
16.00 0.2337E-01
-0.3431 -0.1761
0.7865E-01 -0.8740E-01
17.00 0.2374E-01
-0.3552 -0.1739
0.8331E-01 -0.9187E-01
18.00 0.2407E-01
-0.3665 -0.1708
0.8725E-01 -0.9585E-01
19.00 0.2436E-01
-0.3772 -0.1672
0.9056E-01 -0.9933E-01
20.00 0.2462E-01
-0.3870 -0.1631
0.9334E-01 -0.1023
21.00 0.2485E-01
-0.3959 -0.1585
0.9573E-01 -0.1048
22.00 0.2504E-01
-0.4039 -0.1536
0.9784E-01 -0.1068
23.00 0.2519E-01
-0.4109 -0.1482
0.9976E-01 -0.1084
24.00 0.2531E-01
-0.4169 -0.1423
0.1016 -0.1096
25.00 0.2539E-01
-0.4218 -0.1359
0.1033 -0.1106
26.00 0.2543E-01
-0.4257 -0.1289
0.1049 -0.1113
27.00 0.2541E-01
-0.4286 -0.1213
0.1065 -0.1121
28.00 0.2535E-01
-0.4305 -0.1131
0.1078 -0.1128
29.00 0.2524E-01
-0.4315 -0.1044
0.1088 -0.1138
30.00 0.2508E-01
-0.4317 -0.9508E-01
0.1093 -0.1151
31.00 0.2485E-01
-0.4313 -0.8547E-01
0.1094 -0.1167
32.00 0.2457E-01
-0.4303 -0.7570E-01
0.1087 -0.1189
33.00 0.2423E-01
-0.4291 -0.6597E-01
0.1073 -0.1218
34.00 0.2382E-01
-0.4277 -0.5654E-01
0.1050 -0.1253
35.00 0.2336E-01
-0.4264 -0.4766E-01
0.1018 -0.1295
36.00 0.2285E-01
-0.4253 -0.3960E-01
0.9771E-01 -0.1345
37.00 0.2228E-01
-0.4247 -0.3261E-01
0.9265E-01 -0.1403
38.00 0.2166E-01
-0.4248 -0.2693E-01
0.8668E-01 -0.1468
39.00 0.2099E-01
-0.4257 -0.2278E-01
0.7988E-01 -0.1541
40.00 0.2028E-01
-0.4275 -0.2033E-01
0.7235E-01 -0.1619
41.00 0.1954E-01
-0.4304 -0.1974E-01
0.6421E-01 -0.1702
42.00 0.1877E-01
-0.4343 -0.2109E-01
0.5560E-01 -0.1788
43.00 0.1798E-01
-0.4391 -0.2444E-01
0.4668E-01 -0.1876
44.00 0.1718E-01
-0.4446 -0.2979E-01
0.3764E-01 -0.1963
45.00 0.1639E-01
-0.4507 -0.3708E-01
0.2866E-01 -0.2048
46.00 0.1560E-01
-0.4569 -0.4620E-01
0.1994E-01 -0.2126
47.00 0.1482E-01
-0.4627 -0.5699E-01
0.1169E-01 -0.2197
48.00 0.1407E-01
-0.4676 -0.6921E-01
0.4109E-02 -0.2255
49.00 0.1335E-01
-0.4709 -0.8259E-01
-0.2602E-02 -0.2300
50.00 0.1267E-01
-0.4719 -0.9677E-01
-0.8257E-02 -0.2328
51.00 0.1202E-01
-0.4700 -0.1114
-0.1270E-01 -0.2337
52.00 0.1142E-01
-0.4646 -0.1260
-0.1579E-01 -0.2327
53.00 0.1086E-01
-0.4551 -0.1402
-0.1746E-01 -0.2295
54.00 0.1034E-01
-0.4414 -0.1536
-0.1766E-01 -0.2243
55.00 0.9857E-02
-0.4233 -0.1658
-0.1641E-01 -0.2172
56.00 0.9410E-02
-0.4010 -0.1764
-0.1378E-01 -0.2084
57.00 0.8992E-02
-0.3748 -0.1853
-0.9878E-02 -0.1982
58.00 0.8598E-02
-0.3454 -0.1922
-0.4857E-02 -0.1870
59.00 0.8224E-02
-0.3134 -0.1971
0.1113E-02 -0.1750
60.00 0.7864E-02
-0.2796 -0.1999
0.7850E-02 -0.1627
61.00 0.7513E-02
-0.2449 -0.2006
0.1517E-01 -0.1504
62.00 0.7167E-02
-0.2099 -0.1992
0.2289E-01 -0.1383
63.00 0.6826E-02
-0.1753 -0.1958
0.3084E-01 -0.1267
64.00 0.6486E-02
-0.1417 -0.1904
0.3885E-01 -0.1157
65.00 0.6148E-02
-0.1094 -0.1831
0.4675E-01 -0.1055
66.00 0.5813E-02
-0.7867E-01 -0.1740
0.5439E-01 -0.9624E-01
67.00 0.5484E-02
-0.4963E-01 -0.1630
0.6156E-01 -0.8792E-01
68.00 0.5164E-02
-0.2218E-01 -0.1503
0.6808E-01 -0.8066E-01
69.00 0.4857E-02
0.3904E-02 -0.1359
0.7370E-01 -0.7455E-01
70.00 0.4567E-02
0.2898E-01 -0.1201
0.7818E-01 -0.6969E-01
71.00 0.4299E-02
0.5352E-01 -0.1032
0.8124E-01 -0.6619E-01
72.00 0.4057E-02
0.7808E-01 -0.8572E-01
0.8261E-01 -0.6417E-01
73.00 0.3845E-02
0.1032 -0.6826E-01
0.8207E-01 -0.6373E-01
74.00 0.3665E-02
0.1295 -0.5163E-01
0.7949E-01 -0.6493E-01
75.00 0.3520E-02
0.1570 -0.3673E-01
0.7486E-01 -0.6777E-01
76.00 0.3411E-02
0.1860 -0.2442E-01
0.6834E-01 -0.7216E-01
77.00 0.3338E-02
0.2161 -0.1542E-01
0.6027E-01 -0.7787E-01
78.00 0.3299E-02
0.2467 -0.1017E-01
0.5114E-01 -0.8462E-01
79.00 0.3291E-02
0.2770 -0.8775E-02
0.4150E-01 -0.9204E-01
80.00 0.3313E-02
0.3060 -0.1098E-01
0.3192E-01 -0.9973E-01
81.00 0.3359E-02
0.3330 -0.1627E-01
0.2288E-01 -0.1074
82.00 0.3425E-02
0.3572 -0.2392E-01
0.1474E-01 -0.1146
83.00 0.3506E-02
0.3781 -0.3320E-01
0.7716E-02 -0.1214
84.00 0.3598E-02
0.3953 -0.4336E-01
0.1906E-02 -0.1274
85.00 0.3696E-02
0.4088 -0.5380E-01
-0.2701E-02 -0.1327
86.00 0.3795E-02
0.4186 -0.6402E-01
-0.6184E-02 -0.1373
87.00 0.3890E-02
0.4248 -0.7366E-01
-0.8659E-02 -0.1413
88.00 0.3979E-02
0.4277 -0.8247E-01
-0.1026E-01 -0.1446
89.00 0.4059E-02
0.4275 -0.9030E-01
-0.1111E-01 -0.1475
90.00 0.4126E-02
0.4245 -0.9707E-01
-0.1134E-01 -0.1499
91.00 0.4179E-02
0.4189 -0.1028
-0.1105E-01 -0.1520
92.00 0.4216E-02
0.4109 -0.1074
-0.1033E-01 -0.1539
93.00 0.4238E-02
0.4009 -0.1111
-0.9240E-02 -0.1557
94.00 0.4242E-02
0.3891 -0.1139
-0.7838E-02 -0.1574
95.00 0.4229E-02
0.3757 -0.1158
-0.6167E-02 -0.1592
96.00 0.4199E-02
0.3610 -0.1169
-0.4264E-02 -0.1610
97.00 0.4152E-02
0.3452 -0.1174
-0.2162E-02 -0.1629
98.00 0.4087E-02
0.3285 -0.1172
0.1036E-03 -0.1650
99.00 0.4005E-02
0.3110 -0.1163
0.2490E-02 -0.1672
100.0 0.3907E-02
0.2931 -0.1148
0.4945E-02 -0.1697
101.0 0.3793E-02
0.2748 -0.1127
0.7400E-02 -0.1723
102.0 0.3664E-02
0.2563 -0.1100
0.9769E-02 -0.1751
103.0 0.3520E-02
0.2377 -0.1065
0.1194E-01 -0.1780
104.0 0.3364E-02
0.2193 -0.1023
0.1378E-01 -0.1811
105.0 0.3197E-02
0.2013 -0.9722E-01
0.1512E-01 -0.1841
106.0 0.3021E-02
0.1838 -0.9121E-01
0.1576E-01 -0.1872
107.0 0.2840E-02
0.1673 -0.8422E-01
0.1545E-01 -0.1904
108.0 0.2655E-02
0.1520 -0.7620E-01
0.1391E-01 -0.1934
109.0 0.2470E-02
0.1385 -0.6719E-01
0.1081E-01 -0.1964
110.0 0.2290E-02
0.1274 -0.5729E-01
0.5803E-02 -0.1994
111.0 0.2117E-02
0.1194 -0.4676E-01
-0.1484E-02 -0.2024
112.0 0.1955E-02
0.1155 -0.3601E-01
-0.1138E-01 -0.2054
113.0 0.1808E-02
0.1166 -0.2568E-01
-0.2412E-01 -0.2085
114.0 0.1679E-02
0.1234 -0.1665E-01
-0.3973E-01 -0.2117
115.0 0.1570E-02
0.1364 -0.9983E-02
-0.5796E-01 -0.2152
116.0 0.1483E-02
0.1555 -0.6783E-02
-0.7813E-01 -0.2190
117.0 0.1419E-02
0.1799 -0.8007E-02
-0.9919E-01 -0.2229
118.0 0.1379E-02
0.2077 -0.1418E-01
-0.1198 -0.2268
119.0 0.1362E-02
0.2367 -0.2521E-01
-0.1386 -0.2304
120.0 0.1368E-02
0.2645 -0.4034E-01
-0.1545 -0.2335
121.0 0.1393E-02
0.2890 -0.5834E-01
-0.1668 -0.2356
122.0 0.1435E-02
0.3090 -0.7780E-01
-0.1755 -0.2366
123.0 0.1492E-02
0.3239 -0.9740E-01
-0.1809 -0.2362
124.0 0.1559E-02
0.3343 -0.1161
-0.1838 -0.2344
125.0 0.1633E-02
0.3407 -0.1333
-0.1847 -0.2312
126.0 0.1710E-02
0.3445 -0.1486
-0.1845 -0.2268
127.0 0.1787E-02
0.3465 -0.1619
-0.1836 -0.2212
128.0 0.1860E-02
0.3479 -0.1734
-0.1824 -0.2145
129.0 0.1926E-02
0.3496 -0.1832
-0.1812 -0.2070
130.0 0.1983E-02
0.3522 -0.1914
-0.1801 -0.1989
131.0 0.2030E-02
0.3562 -0.1984
-0.1790 -0.1904
132.0 0.2066E-02
0.3621 -0.2042
-0.1781 -0.1817
133.0 0.2089E-02
0.3701 -0.2092
-0.1770 -0.1732
134.0 0.2100E-02
0.3800 -0.2133
-0.1758 -0.1652
135.0 0.2099E-02
0.3919 -0.2168
-0.1742 -0.1579
136.0 0.2088E-02
0.4051 -0.2196
-0.1720 -0.1517
137.0 0.2069E-02
0.4192 -0.2219
-0.1692 -0.1470
138.0 0.2041E-02
0.4332 -0.2237
-0.1657 -0.1440
139.0 0.2008E-02
0.4461 -0.2250
-0.1614 -0.1429
140.0 0.1972E-02
0.4567 -0.2258
-0.1565 -0.1439
141.0 0.1933E-02
0.4635 -0.2261
-0.1511 -0.1469
142.0 0.1894E-02
0.4653 -0.2261
-0.1455 -0.1518
143.0 0.1857E-02
0.4605 -0.2257
-0.1402 -0.1581
144.0 0.1822E-02
0.4481 -0.2252
-0.1357 -0.1652
145.0 0.1791E-02
0.4272 -0.2246
-0.1323 -0.1725
146.0 0.1765E-02
0.3975 -0.2241
-0.1307 -0.1790
147.0 0.1745E-02
0.3592 -0.2239
-0.1313 -0.1838
148.0 0.1732E-02
0.3133 -0.2241
-0.1342 -0.1860
149.0 0.1726E-02
0.2612 -0.2250
-0.1397 -0.1849
150.0 0.1728E-02
0.2049 -0.2267
-0.1475 -0.1799
151.0 0.1738E-02
0.1470 -0.2291
-0.1573 -0.1709
152.0 0.1756E-02
0.8990E-01 -0.2322
-0.1685 -0.1579
153.0 0.1783E-02
0.3633E-01 -0.2360
-0.1804 -0.1413
154.0 0.1819E-02
-0.1141E-01 -0.2404
-0.1921 -0.1219
155.0 0.1863E-02
-0.5146E-01 -0.2450
-0.2028 -0.1006
156.0 0.1917E-02
-0.8252E-01 -0.2499
-0.2117 -0.7846E-01
157.0 0.1979E-02
-0.1039 -0.2548
-0.2183 -0.5647E-01
158.0 0.2049E-02
-0.1157 -0.2596
-0.2221 -0.3561E-01
159.0 0.2127E-02
-0.1184 -0.2642
-0.2229 -0.1666E-01
160.0 0.2212E-02
-0.1131 -0.2687
-0.2207 -0.2166E-03
161.0 0.2304E-02
-0.1010 -0.2730
-0.2157 0.1336E-01
162.0 0.2401E-02
-0.8379E-01 -0.2774
-0.2082 0.2393E-01
163.0 0.2503E-02
-0.6300E-01 -0.2818
-0.1985 0.3154E-01
164.0 0.2608E-02
-0.4019E-01 -0.2864
-0.1870 0.3639E-01
165.0 0.2715E-02
-0.1679E-01 -0.2914
-0.1744 0.3879E-01
166.0 0.2822E-02
0.5947E-02 -0.2968
-0.1608 0.3911E-01
167.0 0.2928E-02
0.2696E-01 -0.3026
-0.1469 0.3776E-01
168.0 0.3032E-02
0.4540E-01 -0.3090
-0.1328 0.3514E-01
169.0 0.3132E-02
0.6063E-01 -0.3158
-0.1189 0.3164E-01
170.0 0.3228E-02
0.7222E-01 -0.3229
-0.1053 0.2760E-01
171.0 0.3317E-02
0.7990E-01 -0.3304
-0.9226E-01 0.2330E-01
172.0 0.3399E-02
0.8359E-01 -0.3379
-0.7982E-01 0.1901E-01
173.0 0.3473E-02
0.8333E-01 -0.3452
-0.6802E-01 0.1491E-01
174.0 0.3539E-02
0.7932E-01 -0.3523
-0.5687E-01 0.1115E-01
175.0 0.3595E-02
0.7186E-01 -0.3587
-0.4633E-01 0.7839E-02
176.0 0.3642E-02
0.6137E-01 -0.3644
-0.3635E-01 0.5062E-02
177.0 0.3678E-02
0.4835E-01 -0.3690
-0.2683E-01 0.2864E-02
178.0 0.3705E-02
0.3335E-01 -0.3724
-0.1768E-01 0.1278E-02
179.0 0.3721E-02
0.1702E-01 -0.3746
-0.8777E-02 0.3201E-03
180.0 0.3726E-02
0.000 -0.3753
0.000 0.000
