0.000 36.72
0.000 -0.9668E-02
0.000 0.000
1.000 34.97
-0.5165E-02 -0.1057E-01
0.6164E-03 0.5136E-05
2.000 30.10
-0.9995E-02 -0.1350E-01
0.1391E-02 -0.1046E-04
3.000 23.19
-0.1388E-01 -0.1933E-01
0.2529E-02 -0.1681E-03
4.000 15.66
-0.1530E-01 -0.3030E-01
0.4340E-02 -0.8098E-03
5.000 8.897
-0.9676E-02 -0.5258E-01
0.7309E-02 -0.3002E-02
6.000 3.900
0.2112E-01 -0.1083
0.1168E-01 -0.1104E-01
7.000 1.097
0.1861 -0.3140
0.7009E-02 -0.5138E-01
8.000 0.3384
0.6893 -0.7420
-0.1377 -0.1795
9.000 1.054
0.1443 -0.1542
-0.1055 -0.4915E-01
10.00 2.498
-0.9294E-02 -0.3881E-01
-0.7089E-01 -0.1154E-01
11.00 3.975
-0.6321E-01 -0.1607E-01
-0.5885E-01 0.1245E-02
12.00 5.002
-0.9565E-01 -0.1260E-01
-0.5461E-01 0.8599E-02
13.00 5.359
-0.1222 -0.1596E-01
-0.5403E-01 0.1445E-01
14.00 5.066
-0.1478 -0.2323E-01
-0.5576E-01 0.1997E-01
15.00 4.296
-0.1745 -0.3397E-01
-0.5949E-01 0.2556E-01
16.00 3.287
-0.2040 -0.4882E-01
-0.6553E-01 0.3118E-01
17.00 2.259
-0.2386 -0.6956E-01
-0.7497E-01 0.3621E-01
18.00 1.377
-0.2825 -0.1000
-0.9036E-01 0.3853E-01
19.00 0.7277
-0.3446 -0.1482
-0.1174 0.3098E-01
20.00 0.3287
-0.4408 -0.2280
-0.1666 -0.1162E-01
21.00 0.1485
-0.5427 -0.3081
-0.2204 -0.1460
22.00 0.1273
-0.4405 -0.1965
-0.1423 -0.2278
23.00 0.1975
-0.3133 -0.7480E-01
-0.4561E-01 -0.1323
24.00 0.2983
-0.2847 -0.4880E-01
-0.1150E-01 -0.5186E-01
25.00 0.3847
-0.2912 -0.5750E-01
0.4615E-03 -0.1550E-02
26.00 0.4308
-0.3076 -0.7957E-01
0.6458E-02 0.3386E-01
27.00 0.4287
-0.3254 -0.1112
0.1103E-01 0.6233E-01
28.00 0.3850
-0.3390 -0.1546
0.1524E-01 0.8724E-01
29.00 0.3150
-0.3401 -0.2153
0.1830E-01 0.1090
30.00 0.2371
-0.3115 -0.3030
0.1657E-01 0.1243
31.00 0.1675
-0.2197 -0.4295
0.2886E-03 0.1211
32.00 0.1170
-0.1736E-01 -0.5925
-0.4992E-01 0.7360E-01
33.00 0.8997E-01
0.2856 -0.7315
-0.1480 -0.4219E-01
34.00 0.8440E-01
0.5221 -0.7472
-0.2558 -0.1841
35.00 0.9442E-01
0.5646 -0.6602
-0.3152 -0.2725
36.00 0.1127
0.4954 -0.5691
-0.3279 -0.3017
37.00 0.1326
0.4153 -0.5141
-0.3205 -0.3041
38.00 0.1500
0.3641 -0.4910
-0.3074 -0.2998
39.00 0.1636
0.3498 -0.4863
-0.2928 -0.2953
40.00 0.1742
0.3695 -0.4870
-0.2763 -0.2910
41.00 0.1842
0.4142 -0.4817
-0.2570 -0.2843
42.00 0.1962
0.4708 -0.4628
-0.2346 -0.2729
43.00 0.2121
0.5249 -0.4280
-0.2107 -0.2557
44.00 0.2328
0.5656 -0.3806
-0.1879 -0.2335
45.00 0.2579
0.5884 -0.3272
-0.1688 -0.2084
46.00 0.2860
0.5941 -0.2738
-0.1548 -0.1828
47.00 0.3147
0.5862 -0.2246
-0.1460 -0.1583
48.00 0.3415
0.5689 -0.1821
-0.1421 -0.1360
49.00 0.3637
0.5457 -0.1469
-0.1422 -0.1162
50.00 0.3792
0.5194 -0.1192
-0.1453 -0.9882E-01
51.00 0.3864
0.4923 -0.9879E-01
-0.1508 -0.8368E-01
52.00 0.3849
0.4659 -0.8505E-01
-0.1577 -0.7030E-01
53.00 0.3752
0.4416 -0.7745E-01
-0.1654 -0.5814E-01
54.00 0.3586
0.4201 -0.7539E-01
-0.1732 -0.4665E-01
55.00 0.3368
0.4020 -0.7824E-01
-0.1804 -0.3535E-01
56.00 0.3118
0.3874 -0.8542E-01
-0.1863 -0.2393E-01
57.00 0.2853
0.3764 -0.9634E-01
-0.1903 -0.1226E-01
58.00 0.2588
0.3689 -0.1104
-0.1919 -0.4895E-03
59.00 0.2335
0.3651 -0.1268
-0.1906 0.1107E-01
60.00 0.2101
0.3647 -0.1447
-0.1862 0.2199E-01
61.00 0.1892
0.3670 -0.1627
-0.1788 0.3178E-01
62.00 0.1709
0.3709 -0.1794
-0.1689 0.4003E-01
63.00 0.1552
0.3741 -0.1931
-0.1573 0.4636E-01
64.00 0.1418
0.3744 -0.2031
-0.1455 0.5052E-01
65.00 0.1302
0.3697 -0.2092
-0.1347 0.5237E-01
66.00 0.1198
0.3591 -0.2122
-0.1264 0.5196E-01
67.00 0.1100
0.3432 -0.2139
-0.1212 0.4953E-01
68.00 0.1003
0.3234 -0.2163
-0.1197 0.4548E-01
69.00 0.9057E-01
0.3016 -0.2211
-0.1217 0.4034E-01
70.00 0.8064E-01
0.2797 -0.2297
-0.1269 0.3465E-01
71.00 0.7069E-01
0.2588 -0.2434
-0.1347 0.2897E-01
72.00 0.6096E-01
0.2397 -0.2627
-0.1447 0.2369E-01
73.00 0.5171E-01
0.2223 -0.2883
-0.1559 0.1904E-01
74.00 0.4318E-01
0.2058 -0.3205
-0.1676 0.1498E-01
75.00 0.3555E-01
0.1888 -0.3594
-0.1783 0.1120E-01
76.00 0.2894E-01
0.1693 -0.4049
-0.1860 0.7096E-02
77.00 0.2338E-01
0.1444 -0.4557
-0.1880 0.1867E-02
78.00 0.1886E-01
0.1111 -0.5089
-0.1807 -0.5350E-02
79.00 0.1531E-01
0.6606E-01 -0.5588
-0.1600 -0.1524E-01
80.00 0.1264E-01
0.7582E-02 -0.5970
-0.1232 -0.2794E-01
81.00 0.1070E-01
-0.6305E-01 -0.6141
-0.7051E-01 -0.4270E-01
82.00 0.9352E-02
-0.1404 -0.6032
-0.6490E-02 -0.5775E-01
83.00 0.8441E-02
-0.2163 -0.5646
0.6111E-01 -0.7084E-01
84.00 0.7829E-02
-0.2828 -0.5046
0.1248 -0.7997E-01
85.00 0.7405E-02
-0.3354 -0.4328
0.1803 -0.8398E-01
86.00 0.7089E-02
-0.3725 -0.3575
0.2265 -0.8253E-01
87.00 0.6832E-02
-0.3952 -0.2840
0.2643 -0.7600E-01
88.00 0.6610E-02
-0.4055 -0.2151
0.2951 -0.6529E-01
89.00 0.6407E-02
-0.4066 -0.1518
0.3200 -0.5188E-01
90.00 0.6210E-02
-0.4019 -0.9382E-01
0.3397 -0.3759E-01
91.00 0.6004E-02
-0.3946 -0.4001E-01
0.3546 -0.2437E-01
92.00 0.5774E-02
-0.3874 0.1130E-01
0.3650 -0.1395E-01
93.00 0.5508E-02
-0.3814 0.6206E-01
0.3711 -0.7679E-02
94.00 0.5203E-02
-0.3765 0.1141
0.3730 -0.6402E-02
95.00 0.4865E-02
-0.3711 0.1686
0.3703 -0.1047E-01
96.00 0.4518E-02
-0.3624 0.2256
0.3617 -0.1966E-01
97.00 0.4193E-02
-0.3464 0.2831
0.3457 -0.3303E-01
98.00 0.3932E-02
-0.3192 0.3361
0.3204 -0.4866E-01
99.00 0.3773E-02
-0.2786 0.3773
0.2856 -0.6367E-01
100.0 0.3744E-02
-0.2269 0.3997
0.2441 -0.7495E-01
101.0 0.3855E-02
-0.1704 0.4012
0.2014 -0.8052E-01
102.0 0.4097E-02
-0.1167 0.3860
0.1634 -0.8026E-01
103.0 0.4442E-02
-0.7088E-01 0.3623
0.1333 -0.7534E-01
104.0 0.4851E-02
-0.3468E-01 0.3375
0.1115 -0.6711E-01
105.0 0.5271E-02
-0.7443E-02 0.3167
0.9609E-01 -0.5639E-01
106.0 0.5649E-02
0.1230E-01 0.3018
0.8499E-01 -0.4347E-01
107.0 0.5933E-02
0.2598E-01 0.2930
0.7617E-01 -0.2844E-01
108.0 0.6084E-02
0.3474E-01 0.2894
0.6814E-01 -0.1141E-01
109.0 0.6078E-02
0.3947E-01 0.2891
0.5992E-01 0.7271E-02
110.0 0.5912E-02
0.4097E-01 0.2903
0.5091E-01 0.2703E-01
111.0 0.5603E-02
0.4006E-01 0.2907
0.4089E-01 0.4717E-01
112.0 0.5185E-02
0.3767E-01 0.2883
0.2997E-01 0.6699E-01
113.0 0.4699E-02
0.3482E-01 0.2809
0.1865E-01 0.8605E-01
114.0 0.4196E-02
0.3256E-01 0.2668
0.7857E-02 0.1042
115.0 0.3723E-02
0.3173E-01 0.2453
-0.9369E-03 0.1218
116.0 0.3320E-02
0.3284E-01 0.2171
-0.5881E-02 0.1389
117.0 0.3013E-02
0.3580E-01 0.1852
-0.5292E-02 0.1555
118.0 0.2810E-02
0.4008E-01 0.1550
0.1370E-02 0.1712
119.0 0.2704E-02
0.4497E-01 0.1316
0.1282E-01 0.1849
120.0 0.2671E-02
0.4989E-01 0.1179
0.2638E-01 0.1965
121.0 0.2685E-02
0.5434E-01 0.1135
0.3922E-01 0.2064
122.0 0.2714E-02
0.5763E-01 0.1158
0.4939E-01 0.2154
123.0 0.2732E-02
0.5878E-01 0.1211
0.5606E-01 0.2246
124.0 0.2717E-02
0.5652E-01 0.1263
0.5922E-01 0.2341
125.0 0.2654E-02
0.4952E-01 0.1284
0.5930E-01 0.2432
126.0 0.2538E-02
0.3672E-01 0.1250
0.5698E-01 0.2500
127.0 0.2370E-02
0.1754E-01 0.1141
0.5303E-01 0.2524
128.0 0.2159E-02
-0.7849E-02 0.9443E-01
0.4828E-01 0.2482
129.0 0.1915E-02
-0.3840E-01 0.6585E-01
0.4368E-01 0.2366
130.0 0.1652E-02
-0.7215E-01 0.2920E-01
0.4030E-01 0.2187
131.0 0.1390E-02
-0.1058 -0.1323E-01
0.3957E-01 0.1984
132.0 0.1155E-02
-0.1338 -0.5680E-01
0.4369E-01 0.1833
133.0 0.9708E-03
-0.1465 -0.9302E-01
0.5567E-01 0.1844
134.0 0.8614E-03
-0.1326 -0.1106
0.7753E-01 0.2093
135.0 0.8402E-03
-0.8874E-01 -0.1046
0.1061 0.2495
136.0 0.9090E-03
-0.2842E-01 -0.8529E-01
0.1324 0.2797
137.0 0.1057E-02
0.3038E-01 -0.6886E-01
0.1494 0.2823
138.0 0.1263E-02
0.8021E-01 -0.6246E-01
0.1560 0.2593
139.0 0.1497E-02
0.1227 -0.6448E-01
0.1545 0.2214
140.0 0.1723E-02
0.1617 -0.7096E-01
0.1469 0.1781
141.0 0.1903E-02
0.2001 -0.7898E-01
0.1343 0.1348
142.0 0.2005E-02
0.2396 -0.8730E-01
0.1168 0.9417E-01
143.0 0.2005E-02
0.2815 -0.9617E-01
0.9414E-01 0.5685E-01
144.0 0.1894E-02
0.3263 -0.1074
0.6505E-01 0.2238E-01
145.0 0.1683E-02
0.3746 -0.1247
0.2756E-01 -0.1045E-01
146.0 0.1395E-02
0.4268 -0.1555
-0.2160E-01 -0.4340E-01
147.0 0.1070E-02
0.4821 -0.2147
-0.8735E-01 -0.7855E-01
148.0 0.7534E-03
0.5340 -0.3325
-0.1747 -0.1170
149.0 0.4975E-03
0.5515 -0.5604
-0.2738 -0.1512
150.0 0.3479E-03
0.4471 -0.8905
-0.2970 -0.1422
151.0 0.3380E-03
0.2094 -0.9954
-0.1048 -0.4925E-01
152.0 0.4813E-03
0.8489E-01 -0.7296
0.1229 0.3356E-01
153.0 0.7693E-03
0.1019 -0.4534
0.2168 0.5398E-01
154.0 0.1172E-02
0.1569 -0.2801
0.2308 0.4524E-01
155.0 0.1645E-02
0.2095 -0.1785
0.2149 0.2854E-01
156.0 0.2129E-02
0.2514 -0.1183
0.1882 0.1099E-01
157.0 0.2564E-02
0.2819 -0.8288E-01
0.1575 -0.5081E-02
158.0 0.2889E-02
0.3020 -0.6375E-01
0.1249 -0.1889E-01
159.0 0.3056E-02
0.3127 -0.5682E-01
0.9101E-01 -0.3022E-01
160.0 0.3037E-02
0.3146 -0.6073E-01
0.5582E-01 -0.3924E-01
161.0 0.2830E-02
0.3076 -0.7634E-01
0.1873E-01 -0.4646E-01
162.0 0.2461E-02
0.2908 -0.1071
-0.2109E-01 -0.5280E-01
163.0 0.1983E-02
0.2615 -0.1608
-0.6442E-01 -0.5983E-01
164.0 0.1463E-02
0.2132 -0.2530
-0.1109 -0.7005E-01
165.0 0.9808E-03
0.1323 -0.4133
-0.1532 -0.8685E-01
166.0 0.6204E-03
-0.4405E-03 -0.6691
-0.1517 -0.1094
167.0 0.4612E-03
-0.1345 -0.8574
-0.6222E-02 -0.1063
168.0 0.5712E-03
-0.9180E-01 -0.6131
0.1929 -0.4508E-01
169.0 0.9994E-03
0.1907E-01 -0.2925
0.2300 0.4022E-02
170.0 0.1770E-02
0.7533E-01 -0.1364
0.1928 0.2255E-01
171.0 0.2879E-02
0.9238E-01 -0.7686E-01
0.1501 0.2717E-01
172.0 0.4297E-02
0.9127E-01 -0.5906E-01
0.1149 0.2624E-01
173.0 0.5964E-02
0.8228E-01 -0.5933E-01
0.8748E-01 0.2286E-01
174.0 0.7793E-02
0.7014E-01 -0.6736E-01
0.6615E-01 0.1842E-01
175.0 0.9671E-02
0.5714E-01 -0.7817E-01
0.4939E-01 0.1369E-01
176.0 0.1147E-01
0.4438E-01 -0.8917E-01
0.3601E-01 0.9210E-02
177.0 0.1304E-01
0.3231E-01 -0.9885E-01
0.2508E-01 0.5371E-02
178.0 0.1426E-01
0.2101E-01 -0.1063
0.1584E-01 0.2446E-02
179.0 0.1504E-01
0.1033E-01 -0.1110
0.7665E-02 0.6203E-03
180.0 0.1531E-01
0.000 -0.1126
0.000 0.000
