0.000 15.64
0.000 0.7071
0.000 0.000
1.000 16.12
-0.4404E-01 0.6515
0.1881 0.2118E-01
2.000 17.42
-0.7715E-01 0.5107
0.3288 0.7478E-01
3.000 19.26
-0.9551E-01 0.3368
0.4055 0.1407
4.000 21.18
-0.1016 0.1703
0.4290 0.2035
5.000 22.71
-0.9984E-01 0.2851E-01
0.4176 0.2563
6.000 23.42
-0.9370E-01 -0.8614E-01
0.3864 0.2981
7.000 23.02
-0.8547E-01 -0.1776
0.3446 0.3303
8.000 21.44
-0.7641E-01 -0.2512
0.2970 0.3546
9.000 18.80
-0.6722E-01 -0.3119
0.2450 0.3725
10.00 15.41
-0.5836E-01 -0.3636
0.1880 0.3846
11.00 11.70
-0.5043E-01 -0.4095
0.1230 0.3908
12.00 8.120
-0.4482E-01 -0.4513
0.4425E-01 0.3889
13.00 5.044
-0.4566E-01 -0.4876
-0.5943E-01 0.3725
14.00 2.733
-0.6649E-01 -0.5050
-0.2080 0.3230
15.00 1.280
-0.1542 -0.4372
-0.4160 0.1882
16.00 0.6242
-0.4000 -0.8620E-01
-0.4926 -0.7954E-01
17.00 0.5861
-0.5297 0.2629
-0.1922E-01 -0.8999E-01
18.00 0.9247
-0.3861 0.1433
0.2800 0.1417
19.00 1.398
-0.2686 -0.1758E-01
0.3147 0.2808
20.00 1.810
-0.2000 -0.1238
0.2801 0.3522
21.00 2.042
-0.1576 -0.1924
0.2296 0.3932
22.00 2.054
-0.1295 -0.2381
0.1738 0.4193
23.00 1.870
-0.1105 -0.2678
0.1134 0.4365
24.00 1.558
-0.9969E-01 -0.2839
0.4632E-01 0.4465
25.00 1.195
-0.9920E-01 -0.2850
-0.2975E-01 0.4477
26.00 0.8487
-0.1156 -0.2663
-0.1156 0.4350
27.00 0.5668
-0.1619 -0.2192
-0.2043 0.3979
28.00 0.3692
-0.2552 -0.1374
-0.2673 0.3231
29.00 0.2541
-0.3917 -0.4053E-01
-0.2410 0.2142
30.00 0.2051
-0.5008 0.3679E-02
-0.8755E-01 0.1287
31.00 0.1998
-0.5043 -0.4379E-01
0.9867E-01 0.1286
32.00 0.2163
-0.4296 -0.1315
0.2080 0.1908
33.00 0.2375
-0.3386 -0.2072
0.2345 0.2654
34.00 0.2526
-0.2597 -0.2565
0.2111 0.3302
35.00 0.2566
-0.1989 -0.2814
0.1621 0.3808
36.00 0.2490
-0.1567 -0.2865
0.1004 0.4176
37.00 0.2321
-0.1329 -0.2760
0.3368E-01 0.4412
38.00 0.2092
-0.1284 -0.2542
-0.3208E-01 0.4512
39.00 0.1839
-0.1446 -0.2263
-0.9031E-01 0.4467
40.00 0.1591
-0.1814 -0.1999
-0.1333 0.4272
41.00 0.1368
-0.2358 -0.1845
-0.1529 0.3934
42.00 0.1180
-0.3001 -0.1904
-0.1429 0.3487
43.00 0.1031
-0.3618 -0.2252
-0.1025 0.2995
44.00 0.9180E-01
-0.4064 -0.2902
-0.3885E-01 0.2540
45.00 0.8355E-01
-0.4227 -0.3782
0.3433E-01 0.2198
46.00 0.7772E-01
-0.4069 -0.4758
0.1008 0.2010
47.00 0.7372E-01
-0.3635 -0.5689
0.1478 0.1971
48.00 0.7100E-01
-0.3030 -0.6468
0.1690 0.2042
49.00 0.6913E-01
-0.2371 -0.7054
0.1653 0.2167
50.00 0.6777E-01
-0.1761 -0.7460
0.1422 0.2294
51.00 0.6659E-01
-0.1263 -0.7739
0.1077 0.2384
52.00 0.6535E-01
-0.9012E-01 -0.7958
0.6962E-01 0.2417
53.00 0.6385E-01
-0.6659E-01 -0.8181
0.3450E-01 0.2386
54.00 0.6197E-01
-0.5261E-01 -0.8459
0.6984E-02 0.2296
55.00 0.5968E-01
-0.4373E-01 -0.8825
-0.1006E-01 0.2153
56.00 0.5704E-01
-0.3481E-01 -0.9290
-0.1533E-01 0.1968
57.00 0.5418E-01
-0.2044E-01 -0.9847
-0.8980E-02 0.1747
58.00 0.5129E-01
0.4575E-02 -1.046
0.7404E-02 0.1499
59.00 0.4857E-01
0.4453E-01 -1.108
0.3065E-01 0.1228
60.00 0.4620E-01
0.1018 -1.162
0.5607E-01 0.9379E-01
61.00 0.4434E-01
0.1759 -1.200
0.7799E-01 0.6345E-01
62.00 0.4307E-01
0.2628 -1.214
0.9078E-01 0.3230E-01
63.00 0.4244E-01
0.3556 -1.199
0.9020E-01 0.1000E-02
64.00 0.4244E-01
0.4462 -1.157
0.7455E-01 -0.2974E-01
65.00 0.4304E-01
0.5270 -1.092
0.4496E-01 -0.5918E-01
66.00 0.4414E-01
0.5932 -1.011
0.4798E-02 -0.8665E-01
67.00 0.4565E-01
0.6428 -0.9230
-0.4152E-01 -0.1116
68.00 0.4745E-01
0.6765 -0.8337
-0.8966E-01 -0.1335
69.00 0.4941E-01
0.6965 -0.7477
-0.1361 -0.1522
70.00 0.5140E-01
0.7057 -0.6671
-0.1785 -0.1675
71.00 0.5332E-01
0.7067 -0.5928
-0.2154 -0.1793
72.00 0.5507E-01
0.7021 -0.5246
-0.2463 -0.1876
73.00 0.5659E-01
0.6936 -0.4618
-0.2712 -0.1926
74.00 0.5782E-01
0.6826 -0.4036
-0.2904 -0.1945
75.00 0.5873E-01
0.6701 -0.3492
-0.3045 -0.1936
76.00 0.5930E-01
0.6567 -0.2980
-0.3141 -0.1903
77.00 0.5950E-01
0.6429 -0.2495
-0.3199 -0.1850
78.00 0.5933E-01
0.6289 -0.2031
-0.3228 -0.1782
79.00 0.5878E-01
0.6148 -0.1589
-0.3234 -0.1703
80.00 0.5786E-01
0.6005 -0.1167
-0.3227 -0.1617
81.00 0.5659E-01
0.5862 -0.7684E-01
-0.3214 -0.1527
82.00 0.5498E-01
0.5718 -0.3972E-01
-0.3201 -0.1436
83.00 0.5309E-01
0.5573 -0.5833E-02
-0.3194 -0.1344
84.00 0.5096E-01
0.5429 0.2432E-01
-0.3197 -0.1252
85.00 0.4866E-01
0.5286 0.5028E-01
-0.3211 -0.1159
86.00 0.4623E-01
0.5147 0.7166E-01
-0.3236 -0.1064
87.00 0.4372E-01
0.5012 0.8821E-01
-0.3274 -0.9648E-01
88.00 0.4119E-01
0.4884 0.9974E-01
-0.3321 -0.8603E-01
89.00 0.3867E-01
0.4764 0.1061
-0.3376 -0.7491E-01
90.00 0.3618E-01
0.4654 0.1074
-0.3435 -0.6302E-01
91.00 0.3374E-01
0.4555 0.1036
-0.3495 -0.5023E-01
92.00 0.3137E-01
0.4467 0.9499E-01
-0.3552 -0.3645E-01
93.00 0.2907E-01
0.4389 0.8200E-01
-0.3600 -0.2153E-01
94.00 0.2686E-01
0.4321 0.6532E-01
-0.3635 -0.5367E-02
95.00 0.2472E-01
0.4259 0.4579E-01
-0.3652 0.1213E-01
96.00 0.2267E-01
0.4200 0.2433E-01
-0.3649 0.3095E-01
97.00 0.2071E-01
0.4140 0.1792E-02
-0.3627 0.5100E-01
98.00 0.1883E-01
0.4074 -0.2120E-01
-0.3587 0.7207E-01
99.00 0.1705E-01
0.3999 -0.4438E-01
-0.3535 0.9388E-01
100.0 0.1535E-01
0.3910 -0.6790E-01
-0.3475 0.1161
101.0 0.1375E-01
0.3803 -0.9235E-01
-0.3414 0.1383
102.0 0.1224E-01
0.3675 -0.1187
-0.3357 0.1601
103.0 0.1083E-01
0.3520 -0.1485
-0.3310 0.1811
104.0 0.9513E-02
0.3333 -0.1832
-0.3273 0.2008
105.0 0.8300E-02
0.3104 -0.2247
-0.3246 0.2187
106.0 0.7188E-02
0.2821 -0.2749
-0.3224 0.2343
107.0 0.6181E-02
0.2467 -0.3351
-0.3196 0.2468
108.0 0.5283E-02
0.2018 -0.4060
-0.3144 0.2555
109.0 0.4500E-02
0.1449 -0.4862
-0.3042 0.2593
110.0 0.3836E-02
0.7360E-01 -0.5715
-0.2855 0.2573
111.0 0.3293E-02
-0.1302E-01 -0.6528
-0.2543 0.2483
112.0 0.2869E-02
-0.1127 -0.7165
-0.2072 0.2320
113.0 0.2562E-02
-0.2185 -0.7460
-0.1438 0.2093
114.0 0.2363E-02
-0.3188 -0.7278
-0.6802E-01 0.1828
115.0 0.2261E-02
-0.4009 -0.6582
0.1146E-01 0.1567
116.0 0.2243E-02
-0.4566 -0.5471
0.8443E-01 0.1351
117.0 0.2295E-02
-0.4848 -0.4126
0.1430 0.1206
118.0 0.2402E-02
-0.4908 -0.2739
0.1838 0.1132
119.0 0.2549E-02
-0.4829 -0.1445
0.2076 0.1113
120.0 0.2723E-02
-0.4686 -0.3123E-01
0.2173 0.1118
121.0 0.2909E-02
-0.4535 0.6438E-01
0.2166 0.1117
122.0 0.3095E-02
-0.4406 0.1438
0.2084 0.1083
123.0 0.3268E-02
-0.4315 0.2094
0.1950 0.9917E-01
124.0 0.3416E-02
-0.4264 0.2639
0.1780 0.8240E-01
125.0 0.3528E-02
-0.4248 0.3096
0.1585 0.5664E-01
126.0 0.3596E-02
-0.4260 0.3481
0.1372 0.2104E-01
127.0 0.3617E-02
-0.4291 0.3808
0.1146 -0.2464E-01
128.0 0.3591E-02
-0.4334 0.4084
0.9133E-01 -0.7965E-01
129.0 0.3523E-02
-0.4379 0.4319
0.6780E-01 -0.1418
130.0 0.3426E-02
-0.4413 0.4517
0.4466E-01 -0.2067
131.0 0.3318E-02
-0.4423 0.4686
0.2265E-01 -0.2666
132.0 0.3220E-02
-0.4388 0.4832
0.2670E-02 -0.3108
133.0 0.3159E-02
-0.4290 0.4964
-0.1439E-01 -0.3257
134.0 0.3161E-02
-0.4112 0.5088
-0.2795E-01 -0.3001
135.0 0.3249E-02
-0.3855 0.5205
-0.3817E-01 -0.2303
136.0 0.3441E-02
-0.3539 0.5313
-0.4604E-01 -0.1248
137.0 0.3743E-02
-0.3201 0.5402
-0.5314E-01 -0.2306E-02
138.0 0.4148E-02
-0.2881 0.5466
-0.6103E-01 0.1166
139.0 0.4637E-02
-0.2605 0.5499
-0.7070E-01 0.2166
140.0 0.5174E-02
-0.2387 0.5500
-0.8261E-01 0.2907
141.0 0.5715E-02
-0.2231 0.5467
-0.9680E-01 0.3380
142.0 0.6208E-02
-0.2132 0.5405
-0.1131 0.3607
143.0 0.6603E-02
-0.2087 0.5313
-0.1315 0.3624
144.0 0.6860E-02
-0.2093 0.5194
-0.1515 0.3461
145.0 0.6951E-02
-0.2151 0.5049
-0.1732 0.3144
146.0 0.6871E-02
-0.2260 0.4877
-0.1959 0.2697
147.0 0.6636E-02
-0.2422 0.4682
-0.2190 0.2141
148.0 0.6284E-02
-0.2636 0.4468
-0.2411 0.1512
149.0 0.5871E-02
-0.2891 0.4246
-0.2598 0.8720E-01
150.0 0.5463E-02
-0.3160 0.4038
-0.2715 0.3214E-01
151.0 0.5129E-02
-0.3394 0.3878
-0.2720 0.4732E-03
152.0 0.4929E-02
-0.3526 0.3804
-0.2580 0.7250E-02
153.0 0.4907E-02
-0.3498 0.3843
-0.2300 0.5996E-01
154.0 0.5085E-02
-0.3300 0.3983
-0.1934 0.1511
155.0 0.5453E-02
-0.2980 0.4180
-0.1564 0.2605
156.0 0.5980E-02
-0.2616 0.4379
-0.1261 0.3661
157.0 0.6608E-02
-0.2274 0.4538
-0.1058 0.4532
158.0 0.7266E-02
-0.1993 0.4638
-0.9566E-01 0.5164
159.0 0.7881E-02
-0.1786 0.4673
-0.9464E-01 0.5557
160.0 0.8388E-02
-0.1656 0.4647
-0.1013 0.5735
161.0 0.8740E-02
-0.1596 0.4568
-0.1146 0.5720
162.0 0.8914E-02
-0.1602 0.4444
-0.1336 0.5531
163.0 0.8920E-02
-0.1669 0.4286
-0.1581 0.5172
164.0 0.8793E-02
-0.1791 0.4110
-0.1871 0.4647
165.0 0.8592E-02
-0.1960 0.3940
-0.2194 0.3963
166.0 0.8391E-02
-0.2160 0.3809
-0.2525 0.3144
167.0 0.8266E-02
-0.2363 0.3759
-0.2826 0.2244
168.0 0.8286E-02
-0.2532 0.3825
-0.3048 0.1352
169.0 0.8503E-02
-0.2629 0.4025
-0.3150 0.5725E-01
170.0 0.8944E-02
-0.2631 0.4347
-0.3112 -0.1282E-02
171.0 0.9612E-02
-0.2534 0.4749
-0.2947 -0.3731E-01
172.0 0.1048E-01
-0.2353 0.5183
-0.2687 -0.5320E-01
173.0 0.1149E-01
-0.2113 0.5605
-0.2370 -0.5445E-01
174.0 0.1259E-01
-0.1837 0.5986
-0.2026 -0.4705E-01
175.0 0.1369E-01
-0.1542 0.6312
-0.1675 -0.3586E-01
176.0 0.1472E-01
-0.1237 0.6578
-0.1328 -0.2420E-01
177.0 0.1560E-01
-0.9282E-01 0.6783
-0.9876E-01 -0.1401E-01
178.0 0.1628E-01
-0.6188E-01 0.6927
-0.6541E-01 -0.6320E-02
179.0 0.1671E-01
-0.3093E-01 0.7013
-0.3257E-01 -0.1590E-02
180.0 0.1685E-01
0.000 0.7042
0.000 0.000
