0.000 18.76
0.000 -0.1848
0.000 0.000
1.000 18.69
0.3863E-01 -0.1785
-0.2595E-01 -0.1773E-02
2.000 18.44
0.7537E-01 -0.1609
-0.4937E-01 -0.6792E-02
3.000 17.93
0.1089 -0.1342
-0.6839E-01 -0.1429E-01
4.000 17.06
0.1387 -0.1017
-0.8217E-01 -0.2330E-01
5.000 15.73
0.1651 -0.6602E-01
-0.9073E-01 -0.3292E-01
6.000 13.91
0.1887 -0.2876E-01
-0.9458E-01 -0.4246E-01
7.000 11.68
0.2101 0.9566E-02
-0.9427E-01 -0.5141E-01
8.000 9.190
0.2293 0.4980E-01
-0.9000E-01 -0.5924E-01
9.000 6.677
0.2446 0.9420E-01
-0.8106E-01 -0.6505E-01
10.00 4.409
0.2483 0.1467
-0.6480E-01 -0.6651E-01
11.00 2.626
0.2150 0.2112
-0.3449E-01 -0.5690E-01
12.00 1.485
0.7508E-01 0.2731
0.1988E-01 -0.2013E-01
13.00 1.024
-0.2070 0.2464
0.7371E-01 0.4472E-01
14.00 1.157
-0.3263 0.1169
0.5259E-01 0.6025E-01
15.00 1.695
-0.2275 0.4495E-01
0.3842E-02 0.2725E-01
16.00 2.400
-0.1098 0.3247E-01
-0.2690E-01 -0.4309E-02
17.00 3.041
-0.1859E-01 0.4175E-01
-0.4352E-01 -0.2635E-01
18.00 3.447
0.5258E-01 0.5810E-01
-0.5303E-01 -0.4162E-01
19.00 3.538
0.1131 0.7717E-01
-0.5912E-01 -0.5243E-01
20.00 3.322
0.1696 0.9768E-01
-0.6344E-01 -0.5981E-01
21.00 2.882
0.2262 0.1189
-0.6650E-01 -0.6378E-01
22.00 2.332
0.2849 0.1394
-0.6772E-01 -0.6331E-01
23.00 1.786
0.3442 0.1552
-0.6494E-01 -0.5627E-01
24.00 1.324
0.3949 0.1576
-0.5366E-01 -0.3973E-01
25.00 0.9891
0.4176 0.1337
-0.2756E-01 -0.1239E-01
26.00 0.7794
0.3901 0.7449E-01
0.1643E-01 0.2077E-01
27.00 0.6681
0.3142 -0.8974E-02
0.7089E-01 0.4789E-01
28.00 0.6169
0.2231 -0.9027E-01
0.1219 0.6059E-01
29.00 0.5906
0.1500 -0.1521
0.1616 0.6125E-01
30.00 0.5651
0.1069 -0.1936
0.1907 0.5745E-01
31.00 0.5301
0.9215E-01 -0.2198
0.2120 0.5573E-01
32.00 0.4862
0.1013 -0.2340
0.2262 0.6027E-01
33.00 0.4402
0.1303 -0.2355
0.2317 0.7297E-01
34.00 0.4001
0.1742 -0.2205
0.2251 0.9272E-01
35.00 0.3723
0.2244 -0.1866
0.2044 0.1144
36.00 0.3589
0.2690 -0.1364
0.1723 0.1302
37.00 0.3586
0.2981 -0.7840E-01
0.1357 0.1334
38.00 0.3673
0.3082 -0.2245E-01
0.1021 0.1225
39.00 0.3797
0.3017 0.2535E-01
0.7599E-01 0.1002
40.00 0.3903
0.2833 0.6333E-01
0.5814E-01 0.7067E-01
41.00 0.3952
0.2573 0.9250E-01
0.4749E-01 0.3749E-01
42.00 0.3922
0.2262 0.1147
0.4232E-01 0.3400E-02
43.00 0.3811
0.1918 0.1315
0.4103E-01 -0.2947E-01
44.00 0.3633
0.1551 0.1443
0.4223E-01 -0.5907E-01
45.00 0.3415
0.1176 0.1535
0.4476E-01 -0.8302E-01
46.00 0.3189
0.8123E-01 0.1597
0.4756E-01 -0.9863E-01
47.00 0.2980
0.4910E-01 0.1630
0.4966E-01 -0.1034
48.00 0.2808
0.2473E-01 0.1642
0.5037E-01 -0.9591E-01
49.00 0.2682
0.1111E-01 0.1639
0.4934E-01 -0.7717E-01
50.00 0.2599
0.9493E-02 0.1632
0.4674E-01 -0.5043E-01
51.00 0.2551
0.1890E-01 0.1632
0.4312E-01 -0.2034E-01
52.00 0.2523
0.3665E-01 0.1642
0.3916E-01 0.8539E-02
53.00 0.2501
0.5946E-01 0.1665
0.3548E-01 0.3293E-01
54.00 0.2473
0.8433E-01 0.1697
0.3254E-01 0.5106E-01
55.00 0.2428
0.1090 0.1735
0.3065E-01 0.6246E-01
56.00 0.2362
0.1321 0.1774
0.3004E-01 0.6745E-01
57.00 0.2273
0.1526 0.1813
0.3090E-01 0.6682E-01
58.00 0.2161
0.1705 0.1849
0.3343E-01 0.6158E-01
59.00 0.2031
0.1856 0.1882
0.3779E-01 0.5286E-01
60.00 0.1887
0.1981 0.1915
0.4412E-01 0.4183E-01
61.00 0.1737
0.2083 0.1949
0.5255E-01 0.2972E-01
62.00 0.1585
0.2164 0.1988
0.6308E-01 0.1777E-01
63.00 0.1439
0.2226 0.2036
0.7563E-01 0.7264E-02
64.00 0.1303
0.2270 0.2097
0.8994E-01 -0.6004E-03
65.00 0.1179
0.2301 0.2175
0.1056 -0.4793E-02
66.00 0.1070
0.2321 0.2276
0.1219 -0.4632E-02
67.00 0.9756E-01
0.2337 0.2399
0.1383 0.6668E-04
68.00 0.8944E-01
0.2355 0.2546
0.1537 0.8925E-02
69.00 0.8253E-01
0.2378 0.2711
0.1675 0.2105E-01
70.00 0.7664E-01
0.2411 0.2887
0.1788 0.3517E-01
71.00 0.7159E-01
0.2452 0.3061
0.1872 0.4991E-01
72.00 0.6724E-01
0.2502 0.3221
0.1923 0.6397E-01
73.00 0.6343E-01
0.2555 0.3353
0.1940 0.7630E-01
74.00 0.6007E-01
0.2612 0.3447
0.1926 0.8628E-01
75.00 0.5704E-01
0.2669 0.3495
0.1884 0.9366E-01
76.00 0.5429E-01
0.2728 0.3494
0.1818 0.9853E-01
77.00 0.5174E-01
0.2790 0.3444
0.1733 0.1012
78.00 0.4938E-01
0.2855 0.3350
0.1634 0.1021
79.00 0.4716E-01
0.2928 0.3217
0.1526 0.1018
80.00 0.4507E-01
0.3009 0.3053
0.1412 0.1004
81.00 0.4310E-01
0.3103 0.2865
0.1298 0.9837E-01
82.00 0.4125E-01
0.3209 0.2661
0.1185 0.9567E-01
83.00 0.3952E-01
0.3329 0.2448
0.1077 0.9233E-01
84.00 0.3789E-01
0.3458 0.2230
0.9755E-01 0.8824E-01
85.00 0.3638E-01
0.3591 0.2012
0.8814E-01 0.8329E-01
86.00 0.3498E-01
0.3719 0.1797
0.7944E-01 0.7733E-01
87.00 0.3366E-01
0.3832 0.1583
0.7139E-01 0.7030E-01
88.00 0.3241E-01
0.3920 0.1372
0.6386E-01 0.6226E-01
89.00 0.3121E-01
0.3976 0.1163
0.5677E-01 0.5343E-01
90.00 0.3002E-01
0.3996 0.9548E-01
0.5008E-01 0.4421E-01
91.00 0.2882E-01
0.3977 0.7471E-01
0.4380E-01 0.3519E-01
92.00 0.2760E-01
0.3919 0.5404E-01
0.3799E-01 0.2708E-01
93.00 0.2637E-01
0.3823 0.3355E-01
0.3276E-01 0.2065E-01
94.00 0.2513E-01
0.3692 0.1338E-01
0.2822E-01 0.1656E-01
95.00 0.2389E-01
0.3530 -0.6402E-02
0.2448E-01 0.1531E-01
96.00 0.2266E-01
0.3346 -0.2587E-01
0.2164E-01 0.1712E-01
97.00 0.2145E-01
0.3151 -0.4528E-01
0.1974E-01 0.2183E-01
98.00 0.2028E-01
0.2960 -0.6515E-01
0.1878E-01 0.2893E-01
99.00 0.1914E-01
0.2789 -0.8615E-01
0.1871E-01 0.3758E-01
100.0 0.1804E-01
0.2650 -0.1090
0.1949E-01 0.4671E-01
101.0 0.1699E-01
0.2552 -0.1344
0.2105E-01 0.5507E-01
102.0 0.1599E-01
0.2493 -0.1626
0.2336E-01 0.6139E-01
103.0 0.1505E-01
0.2464 -0.1934
0.2644E-01 0.6453E-01
104.0 0.1417E-01
0.2448 -0.2261
0.3032E-01 0.6370E-01
105.0 0.1336E-01
0.2424 -0.2593
0.3507E-01 0.5868E-01
106.0 0.1261E-01
0.2368 -0.2911
0.4078E-01 0.4998E-01
107.0 0.1194E-01
0.2262 -0.3193
0.4750E-01 0.3898E-01
108.0 0.1133E-01
0.2096 -0.3416
0.5521E-01 0.2777E-01
109.0 0.1080E-01
0.1865 -0.3560
0.6376E-01 0.1886E-01
110.0 0.1034E-01
0.1575 -0.3614
0.7285E-01 0.1472E-01
111.0 0.9953E-02
0.1241 -0.3574
0.8200E-01 0.1722E-01
112.0 0.9642E-02
0.8844E-01 -0.3453
0.9061E-01 0.2709E-01
113.0 0.9397E-02
0.5312E-01 -0.3277
0.9799E-01 0.4367E-01
114.0 0.9205E-02
0.2072E-01 -0.3077
0.1036 0.6505E-01
115.0 0.9049E-02
-0.6595E-02 -0.2890
0.1069 0.8854E-01
116.0 0.8907E-02
-0.2749E-01 -0.2746
0.1078 0.1113
117.0 0.8760E-02
-0.4157E-01 -0.2665
0.1064 0.1307
118.0 0.8594E-02
-0.4941E-01 -0.2656
0.1029 0.1449
119.0 0.8400E-02
-0.5233E-01 -0.2717
0.9804E-01 0.1529
120.0 0.8175E-02
-0.5216E-01 -0.2832
0.9249E-01 0.1544
121.0 0.7926E-02
-0.5096E-01 -0.2982
0.8723E-01 0.1499
122.0 0.7663E-02
-0.5063E-01 -0.3138
0.8330E-01 0.1405
123.0 0.7399E-02
-0.5267E-01 -0.3273
0.8173E-01 0.1282
124.0 0.7152E-02
-0.5787E-01 -0.3359
0.8332E-01 0.1154
125.0 0.6936E-02
-0.6623E-01 -0.3376
0.8841E-01 0.1045
126.0 0.6765E-02
-0.7699E-01 -0.3313
0.9668E-01 0.9762E-01
127.0 0.6648E-02
-0.8888E-01 -0.3178
0.1070 0.9621E-01
128.0 0.6584E-02
-0.1005 -0.2994
0.1179 0.1004
129.0 0.6564E-02
-0.1108 -0.2792
0.1274 0.1091
130.0 0.6566E-02
-0.1193 -0.2607
0.1339 0.1205
131.0 0.6562E-02
-0.1260 -0.2467
0.1366 0.1326
132.0 0.6520E-02
-0.1314 -0.2387
0.1352 0.1436
133.0 0.6413E-02
-0.1365 -0.2371
0.1300 0.1523
134.0 0.6220E-02
-0.1424 -0.2412
0.1214 0.1582
135.0 0.5939E-02
-0.1502 -0.2492
0.1102 0.1609
136.0 0.5585E-02
-0.1614 -0.2588
0.9752E-01 0.1601
137.0 0.5185E-02
-0.1773 -0.2664
0.8449E-01 0.1557
138.0 0.4780E-02
-0.1987 -0.2678
0.7297E-01 0.1474
139.0 0.4412E-02
-0.2256 -0.2588
0.6534E-01 0.1352
140.0 0.4115E-02
-0.2556 -0.2365
0.6422E-01 0.1195
141.0 0.3913E-02
-0.2844 -0.2011
0.7152E-01 0.1019
142.0 0.3810E-02
-0.3070 -0.1577
0.8730E-01 0.8472E-01
143.0 0.3790E-02
-0.3194 -0.1139
0.1094 0.7051E-01
144.0 0.3825E-02
-0.3208 -0.7722E-01
0.1345 0.6090E-01
145.0 0.3876E-02
-0.3134 -0.5205E-01
0.1591 0.5638E-01
146.0 0.3904E-02
-0.3005 -0.3953E-01
0.1808 0.5659E-01
147.0 0.3875E-02
-0.2855 -0.3857E-01
0.1978 0.6077E-01
148.0 0.3770E-02
-0.2714 -0.4710E-01
0.2090 0.6816E-01
149.0 0.3586E-02
-0.2603 -0.6273E-01
0.2128 0.7810E-01
150.0 0.3340E-02
-0.2541 -0.8278E-01
0.2071 0.8993E-01
151.0 0.3060E-02
-0.2541 -0.1040
0.1894 0.1027
152.0 0.2785E-02
-0.2611 -0.1220
0.1570 0.1149
153.0 0.2556E-02
-0.2746 -0.1315
0.1098 0.1238
154.0 0.2403E-02
-0.2918 -0.1279
0.5284E-01 0.1259
155.0 0.2343E-02
-0.3084 -0.1104
-0.3214E-02 0.1184
156.0 0.2371E-02
-0.3199 -0.8356E-01
-0.4606E-01 0.1010
157.0 0.2464E-02
-0.3246 -0.5461E-01
-0.6881E-01 0.7627E-01
158.0 0.2582E-02
-0.3236 -0.2919E-01
-0.7214E-01 0.4714E-01
159.0 0.2679E-02
-0.3190 -0.9378E-02
-0.6119E-01 0.1563E-01
160.0 0.2710E-02
-0.3129 0.5565E-02
-0.4164E-01 -0.1791E-01
161.0 0.2644E-02
-0.3063 0.1775E-01
-0.1806E-01 -0.5457E-01
162.0 0.2468E-02
-0.2991 0.2972E-01
0.5977E-02 -0.9656E-01
163.0 0.2197E-02
-0.2901 0.4418E-01
0.2677E-01 -0.1472
164.0 0.1865E-02
-0.2761 0.6384E-01
0.3864E-01 -0.2107
165.0 0.1521E-02
-0.2511 0.9081E-01
0.3143E-01 -0.2907
166.0 0.1217E-02
-0.2050 0.1243
-0.1155E-01 -0.3854
167.0 0.9985E-03
-0.1292 0.1555
-0.1071 -0.4748
168.0 0.8912E-03
-0.3227E-01 0.1655
-0.2459 -0.5154
169.0 0.8978E-03
0.5129E-01 0.1421
-0.3738 -0.4765
170.0 0.9977E-03
0.9410E-01 0.9784E-01
-0.4424 -0.3845
171.0 0.1152E-02
0.1012 0.5340E-01
-0.4545 -0.2871
172.0 0.1313E-02
0.9011E-01 0.1844E-01
-0.4362 -0.2079
173.0 0.1439E-02
0.7318E-01 -0.6764E-02
-0.4073 -0.1492
174.0 0.1497E-02
0.5592E-01 -0.2483E-01
-0.3763 -0.1064
175.0 0.1477E-02
0.4031E-01 -0.3840E-01
-0.3449 -0.7451E-01
176.0 0.1389E-02
0.2695E-01 -0.4952E-01
-0.3101 -0.4986E-01
177.0 0.1261E-02
0.1610E-01 -0.5942E-01
-0.2656 -0.3017E-01
178.0 0.1131E-02
0.8068E-02 -0.6835E-01
-0.2017 -0.1460E-01
179.0 0.1035E-02
0.2986E-02 -0.7519E-01
-0.1115 -0.3920E-02
180.0 0.9998E-03
0.000 -0.7786E-01
0.000 0.000
