0.000 114.1
0.000 -0.4239E-01
0.000 0.000
1.000 111.3
0.1924E-01 -0.4245E-01
0.5237E-02 -0.5451E-03
2.000 103.2
0.3936E-01 -0.4265E-01
0.1068E-01 -0.2240E-02
3.000 90.69
0.6135E-01 -0.4305E-01
0.1656E-01 -0.5278E-02
4.000 75.26
0.8657E-01 -0.4378E-01
0.2323E-01 -0.1005E-01
5.000 58.54
0.1170 -0.4508E-01
0.3121E-01 -0.1725E-01
6.000 42.20
0.1557 -0.4747E-01
0.4145E-01 -0.2822E-01
7.000 27.68
0.2082 -0.5216E-01
0.5586E-01 -0.4561E-01
8.000 16.04
0.2846 -0.6234E-01
0.7876E-01 -0.7535E-01
9.000 7.794
0.4034 -0.8843E-01
0.1219 -0.1326
10.00 2.956
0.5683 -0.1722
0.2217 -0.2584
11.00 1.084
0.3084 -0.4055
0.3821 -0.4053
12.00 1.428
-0.5362 -0.3148
0.1740 -0.7536E-01
13.00 3.101
-0.4968 -0.1621
0.5241E-01 0.5999E-01
14.00 5.248
-0.3742 -0.1076
0.2790E-01 0.7737E-01
15.00 7.174
-0.2869 -0.8484E-01
0.2499E-01 0.7415E-01
16.00 8.424
-0.2236 -0.7317E-01
0.2797E-01 0.6653E-01
17.00 8.801
-0.1734 -0.6615E-01
0.3305E-01 0.5727E-01
18.00 8.333
-0.1294 -0.6123E-01
0.3910E-01 0.4642E-01
19.00 7.209
-0.8690E-01 -0.5721E-01
0.4572E-01 0.3315E-01
20.00 5.701
-0.4147E-01 -0.5354E-01
0.5264E-01 0.1592E-01
21.00 4.091
0.1236E-01 -0.5018E-01
0.5942E-01 -0.8047E-02
22.00 2.619
0.8411E-01 -0.4829E-01
0.6464E-01 -0.4406E-01
23.00 1.451
0.1942 -0.5345E-01
0.6322E-01 -0.1034
24.00 0.6659
0.3912 -0.9134E-01
0.3341E-01 -0.2093
25.00 0.2661
0.7137 -0.2728
-0.1141 -0.3499
26.00 0.1944
0.5336 -0.5372
-0.3171 -0.1307
27.00 0.3571
0.8313E-01 -0.4068
-0.2004 0.1359
28.00 0.6474
-0.2197E-01 -0.2839
-0.9856E-01 0.1777
29.00 0.9644
-0.2166E-01 -0.2182
-0.4608E-01 0.1698
30.00 1.228
0.5671E-02 -0.1785
-0.1655E-01 0.1541
31.00 1.387
0.4286E-01 -0.1500
0.1574E-02 0.1372
32.00 1.421
0.8645E-01 -0.1260
0.1291E-01 0.1199
33.00 1.336
0.1368 -0.1031
0.1912E-01 0.1012
34.00 1.161
0.1956 -0.7882E-01
0.2013E-01 0.7976E-01
35.00 0.9362
0.2645 -0.5170E-01
0.1425E-01 0.5363E-01
36.00 0.7048
0.3423 -0.2207E-01
-0.2473E-02 0.2077E-01
37.00 0.5051
0.4142 0.3643E-02
-0.3665E-01 -0.1878E-01
38.00 0.3647
0.4297 0.3232E-02
-0.9243E-01 -0.5454E-01
39.00 0.2973
0.3075 -0.5848E-01
-0.1504 -0.5602E-01
40.00 0.3032
0.7291E-01 -0.1690
-0.1647 -0.6129E-02
41.00 0.3711
-0.1153 -0.2585
-0.1319 0.5671E-01
42.00 0.4814
-0.2002 -0.3032
-0.8790E-01 0.9949E-01
43.00 0.6114
-0.2190 -0.3202
-0.5149E-01 0.1220
44.00 0.7386
-0.2075 -0.3253
-0.2477E-01 0.1320
45.00 0.8441
-0.1834 -0.3266
-0.5641E-02 0.1352
46.00 0.9151
-0.1541 -0.3274
0.8029E-02 0.1344
47.00 0.9450
-0.1224 -0.3294
0.1766E-01 0.1311
48.00 0.9337
-0.8955E-01 -0.3335
0.2408E-01 0.1258
49.00 0.8861
-0.5587E-01 -0.3403
0.2770E-01 0.1190
50.00 0.8106
-0.2171E-01 -0.3509
0.2861E-01 0.1106
51.00 0.7177
0.1233E-01 -0.3661
0.2670E-01 0.1007
52.00 0.6175
0.4496E-01 -0.3876
0.2166E-01 0.8931E-01
53.00 0.5193
0.7376E-01 -0.4169
0.1316E-01 0.7687E-01
54.00 0.4301
0.9481E-01 -0.4559
0.1059E-02 0.6416E-01
55.00 0.3546
0.1026 -0.5057
-0.1421E-01 0.5269E-01
56.00 0.2945
0.9154E-01 -0.5656
-0.3114E-01 0.4466E-01
57.00 0.2497
0.5842E-01 -0.6321
-0.4700E-01 0.4236E-01
58.00 0.2181
0.6342E-02 -0.6990
-0.5857E-01 0.4697E-01
59.00 0.1966
-0.5501E-01 -0.7606
-0.6363E-01 0.5755E-01
60.00 0.1818
-0.1133 -0.8142
-0.6217E-01 0.7130E-01
61.00 0.1705
-0.1588 -0.8615
-0.5607E-01 0.8495E-01
62.00 0.1601
-0.1869 -0.9066
-0.4797E-01 0.9594E-01
63.00 0.1489
-0.1965 -0.9543
-0.4032E-01 0.1027
64.00 0.1361
-0.1882 -1.009
-0.3509E-01 0.1045
65.00 0.1219
-0.1624 -1.072
-0.3409E-01 0.1005
66.00 0.1068
-0.1184 -1.144
-0.3929E-01 0.9009E-01
67.00 0.9184E-01
-0.5499E-01 -1.220
-0.5318E-01 0.7223E-01
68.00 0.7812E-01
0.2854E-01 -1.290
-0.7881E-01 0.4616E-01
69.00 0.6660E-01
0.1291 -1.332
-0.1190 0.1222E-01
70.00 0.5801E-01
0.2354 -1.318
-0.1740 -0.2653E-01
71.00 0.5271E-01
0.3266 -1.224
-0.2386 -0.6334E-01
72.00 0.5066E-01
0.3800 -1.050
-0.3014 -0.8999E-01
73.00 0.5149E-01
0.3866 -0.8347
-0.3513 -0.1019
74.00 0.5458E-01
0.3559 -0.6249
-0.3838 -0.1007
75.00 0.5912E-01
0.3064 -0.4521
-0.4016 -0.9189E-01
76.00 0.6430E-01
0.2534 -0.3248
-0.4102 -0.8045E-01
77.00 0.6936E-01
0.2056 -0.2378
-0.4143 -0.6952E-01
78.00 0.7370E-01
0.1663 -0.1817
-0.4169 -0.6046E-01
79.00 0.7693E-01
0.1358 -0.1476
-0.4192 -0.5361E-01
80.00 0.7886E-01
0.1133 -0.1283
-0.4216 -0.4881E-01
81.00 0.7950E-01
0.9740E-01 -0.1187
-0.4236 -0.4570E-01
82.00 0.7900E-01
0.8675E-01 -0.1149
-0.4245 -0.4387E-01
83.00 0.7758E-01
0.8007E-01 -0.1139
-0.4233 -0.4288E-01
84.00 0.7554E-01
0.7621E-01 -0.1138
-0.4189 -0.4231E-01
85.00 0.7312E-01
0.7416E-01 -0.1130
-0.4106 -0.4173E-01
86.00 0.7056E-01
0.7304E-01 -0.1104
-0.3978 -0.4075E-01
87.00 0.6802E-01
0.7212E-01 -0.1056
-0.3806 -0.3907E-01
88.00 0.6560E-01
0.7089E-01 -0.9890E-01
-0.3596 -0.3649E-01
89.00 0.6332E-01
0.6904E-01 -0.9084E-01
-0.3360 -0.3291E-01
90.00 0.6119E-01
0.6652E-01 -0.8258E-01
-0.3113 -0.2836E-01
91.00 0.5915E-01
0.6350E-01 -0.7545E-01
-0.2871 -0.2294E-01
92.00 0.5713E-01
0.6026E-01 -0.7078E-01
-0.2648 -0.1677E-01
93.00 0.5508E-01
0.5719E-01 -0.6974E-01
-0.2454 -0.9941E-02
94.00 0.5295E-01
0.5460E-01 -0.7321E-01
-0.2298 -0.2542E-02
95.00 0.5071E-01
0.5273E-01 -0.8179E-01
-0.2182 0.5369E-02
96.00 0.4836E-01
0.5165E-01 -0.9576E-01
-0.2106 0.1371E-01
97.00 0.4590E-01
0.5127E-01 -0.1152
-0.2067 0.2237E-01
98.00 0.4337E-01
0.5136E-01 -0.1398
-0.2058 0.3114E-01
99.00 0.4080E-01
0.5158E-01 -0.1695
-0.2072 0.3980E-01
100.0 0.3822E-01
0.5151E-01 -0.2035
-0.2100 0.4805E-01
101.0 0.3568E-01
0.5073E-01 -0.2412
-0.2131 0.5559E-01
102.0 0.3319E-01
0.4880E-01 -0.2817
-0.2155 0.6214E-01
103.0 0.3079E-01
0.4532E-01 -0.3236
-0.2162 0.6741E-01
104.0 0.2850E-01
0.3995E-01 -0.3655
-0.2144 0.7117E-01
105.0 0.2634E-01
0.3238E-01 -0.4056
-0.2095 0.7313E-01
106.0 0.2431E-01
0.2240E-01 -0.4421
-0.2014 0.7300E-01
107.0 0.2244E-01
0.9838E-02 -0.4733
-0.1900 0.7037E-01
108.0 0.2073E-01
-0.5360E-02 -0.4975
-0.1758 0.6475E-01
109.0 0.1919E-01
-0.2316E-01 -0.5130
-0.1594 0.5561E-01
110.0 0.1782E-01
-0.4343E-01 -0.5190
-0.1414 0.4242E-01
111.0 0.1663E-01
-0.6589E-01 -0.5146
-0.1224 0.2484E-01
112.0 0.1561E-01
-0.9020E-01 -0.5001
-0.1031 0.2874E-02
113.0 0.1475E-01
-0.1159 -0.4762
-0.8368E-01 -0.2297E-01
114.0 0.1402E-01
-0.1426 -0.4445
-0.6436E-01 -0.5167E-01
115.0 0.1341E-01
-0.1699 -0.4072
-0.4499E-01 -0.8182E-01
116.0 0.1288E-01
-0.1976 -0.3669
-0.2527E-01 -0.1119
117.0 0.1242E-01
-0.2255 -0.3262
-0.4833E-02 -0.1403
118.0 0.1201E-01
-0.2538 -0.2874
0.1660E-01 -0.1660
119.0 0.1163E-01
-0.2824 -0.2525
0.3907E-01 -0.1882
120.0 0.1129E-01
-0.3114 -0.2224
0.6221E-01 -0.2065
121.0 0.1100E-01
-0.3410 -0.1979
0.8516E-01 -0.2209
122.0 0.1075E-01
-0.3709 -0.1787
0.1065 -0.2320
123.0 0.1056E-01
-0.4008 -0.1638
0.1245 -0.2402
124.0 0.1044E-01
-0.4305 -0.1519
0.1374 -0.2464
125.0 0.1039E-01
-0.4595 -0.1413
0.1437 -0.2513
126.0 0.1040E-01
-0.4873 -0.1304
0.1426 -0.2558
127.0 0.1048E-01
-0.5137 -0.1176
0.1345 -0.2602
128.0 0.1059E-01
-0.5382 -0.1021
0.1204 -0.2650
129.0 0.1071E-01
-0.5605 -0.8357E-01
0.1020 -0.2699
130.0 0.1083E-01
-0.5802 -0.6208E-01
0.8160E-01 -0.2749
131.0 0.1091E-01
-0.5969 -0.3814E-01
0.6110E-01 -0.2794
132.0 0.1094E-01
-0.6101 -0.1247E-01
0.4237E-01 -0.2831
133.0 0.1090E-01
-0.6196 0.1403E-01
0.2688E-01 -0.2854
134.0 0.1078E-01
-0.6252 0.4035E-01
0.1570E-01 -0.2859
135.0 0.1059E-01
-0.6272 0.6539E-01
0.9473E-02 -0.2841
136.0 0.1033E-01
-0.6259 0.8791E-01
0.8368E-02 -0.2796
137.0 0.1003E-01
-0.6222 0.1065
0.1207E-01 -0.2719
138.0 0.9704E-02
-0.6172 0.1199
0.1976E-01 -0.2606
139.0 0.9386E-02
-0.6118 0.1265
0.3008E-01 -0.2454
140.0 0.9105E-02
-0.6067 0.1254
0.4130E-01 -0.2258
141.0 0.8888E-02
-0.6017 0.1163
0.5150E-01 -0.2019
142.0 0.8760E-02
-0.5959 0.9979E-01
0.5897E-01 -0.1741
143.0 0.8741E-02
-0.5877 0.7780E-01
0.6261E-01 -0.1439
144.0 0.8844E-02
-0.5756 0.5327E-01
0.6220E-01 -0.1133
145.0 0.9070E-02
-0.5588 0.2965E-01
0.5847E-01 -0.8515E-01
146.0 0.9407E-02
-0.5379 0.1008E-01
0.5278E-01 -0.6196E-01
147.0 0.9828E-02
-0.5147 -0.3214E-02
0.4666E-01 -0.4577E-01
148.0 0.1029E-01
-0.4918 -0.9116E-02
0.4134E-01 -0.3747E-01
149.0 0.1075E-01
-0.4719 -0.7457E-02
0.3758E-01 -0.3683E-01
150.0 0.1114E-01
-0.4570 0.1389E-02
0.3569E-01 -0.4267E-01
151.0 0.1142E-01
-0.4482 0.1684E-01
0.3564E-01 -0.5304E-01
152.0 0.1155E-01
-0.4457 0.3827E-01
0.3727E-01 -0.6540E-01
153.0 0.1152E-01
-0.4484 0.6499E-01
0.4043E-01 -0.7649E-01
154.0 0.1133E-01
-0.4541 0.9596E-01
0.4506E-01 -0.8232E-01
155.0 0.1104E-01
-0.4591 0.1294
0.5126E-01 -0.7816E-01
156.0 0.1071E-01
-0.4588 0.1625
0.5924E-01 -0.5900E-01
157.0 0.1040E-01
-0.4483 0.1910
0.6921E-01 -0.2084E-01
158.0 0.1018E-01
-0.4241 0.2098
0.8110E-01 0.3737E-01
159.0 0.1010E-01
-0.3864 0.2143
0.9433E-01 0.1118
160.0 0.1017E-01
-0.3397 0.2025
0.1077 0.1938
161.0 0.1038E-01
-0.2924 0.1755
0.1195 0.2721
162.0 0.1068E-01
-0.2535 0.1369
0.1278 0.3364
163.0 0.1100E-01
-0.2299 0.9168E-01
0.1308 0.3797
164.0 0.1127E-01
-0.2258 0.4446E-01
0.1266 0.3987
165.0 0.1142E-01
-0.2424 -0.8249E-03
0.1131 0.3921
166.0 0.1143E-01
-0.2783 -0.4048E-01
0.8778E-01 0.3598
167.0 0.1133E-01
-0.3299 -0.7022E-01
0.4830E-01 0.3025
168.0 0.1118E-01
-0.3895 -0.8461E-01
-0.6655E-02 0.2228
169.0 0.1110E-01
-0.4452 -0.7766E-01
-0.7522E-01 0.1275
170.0 0.1123E-01
-0.4819 -0.4529E-01
-0.1500 0.2926E-01
171.0 0.1169E-01
-0.4860 0.1082E-01
-0.2180 -0.5455E-01
172.0 0.1259E-01
-0.4535 0.8151E-01
-0.2654 -0.1091
173.0 0.1397E-01
-0.3925 0.1536
-0.2843 -0.1294
174.0 0.1578E-01
-0.3181 0.2162
-0.2756 -0.1218
175.0 0.1790E-01
-0.2439 0.2643
-0.2463 -0.9762E-01
176.0 0.2014E-01
-0.1777 0.2981
-0.2044 -0.6786E-01
177.0 0.2225E-01
-0.1219 0.3202
-0.1559 -0.3998E-01
178.0 0.2398E-01
-0.7559E-01 0.3335
-0.1046 -0.1821E-01
179.0 0.2512E-01
-0.3605E-01 0.3405
-0.5239E-01 -0.4607E-02
180.0 0.2551E-01
0.000 0.3426
0.000 0.000
