0.000 4.915
0.000 -1.414
0.000 0.000
1.000 5.025
-0.1128 -1.319
-0.3400 -0.3877E-01
2.000 5.327
-0.1998 -1.072
-0.6048 -0.1396
3.000 5.744
-0.2498 -0.7541
-0.7620 -0.2695
4.000 6.164
-0.2662 -0.4354
-0.8214 -0.3996
5.000 6.466
-0.2582 -0.1535
-0.8103 -0.5147
6.000 6.547
-0.2344 0.8056E-01
-0.7546 -0.6102
7.000 6.339
-0.2008 0.2692
-0.6717 -0.6872
8.000 5.830
-0.1603 0.4190
-0.5714 -0.7484
9.000 5.060
-0.1139 0.5364
-0.4572 -0.7963
10.00 4.117
-0.6114E-01 0.6253
-0.3278 -0.8326
11.00 3.115
-0.2285E-03 0.6846
-0.1776 -0.8568
12.00 2.169
0.7082E-01 0.7035
0.4841E-02 -0.8646
13.00 1.375
0.1510 0.6499
0.2365 -0.8427
14.00 0.7911
0.2213 0.4399
0.5304 -0.7569
15.00 0.4317
0.1914 -0.9203E-01
0.8171 -0.5398
16.00 0.2713
-0.1368 -0.9044
0.7272 -0.2081
17.00 0.2563
-0.5953 -1.117
0.8496E-01 -0.1214
18.00 0.3220
-0.7417 -0.6457
-0.3780 -0.3137
19.00 0.4085
-0.6898 -0.1672
-0.5010 -0.5091
20.00 0.4717
-0.5907 0.1661
-0.4701 -0.6451
21.00 0.4891
-0.4845 0.3922
-0.3801 -0.7375
22.00 0.4581
-0.3731 0.5484
-0.2615 -0.8012
23.00 0.3903
-0.2484 0.6515
-0.1220 -0.8433
24.00 0.3044
-0.9890E-01 0.6991
0.3858E-01 -0.8627
25.00 0.2184
0.8787E-01 0.6668
0.2194 -0.8495
26.00 0.1457
0.3169 0.4980
0.4076 -0.7806
27.00 0.9312E-01
0.5541 0.1016
0.5520 -0.6187
28.00 0.6112E-01
0.6598 -0.5621
0.5343 -0.3477
29.00 0.4600E-01
0.4200 -1.223
0.2626 -0.7779E-01
30.00 0.4213E-01
-0.1012 -1.402
-0.8243E-01 -0.4888E-02
31.00 0.4396E-01
-0.5589 -1.110
-0.2364 -0.1240
32.00 0.4724E-01
-0.8019 -0.6907
-0.1757 -0.2952
33.00 0.4947E-01
-0.8657 -0.3431
0.1399E-01 -0.4371
34.00 0.4977E-01
-0.8041 -0.1294
0.2640 -0.5244
35.00 0.4846E-01
-0.6500 -0.6991E-01
0.5231 -0.5487
36.00 0.4647E-01
-0.4301 -0.1729
0.7369 -0.5066
37.00 0.4486E-01
-0.1839 -0.4222
0.8443 -0.4048
38.00 0.4448E-01
0.3149E-01 -0.7566
0.8003 -0.2683
39.00 0.4577E-01
0.1620 -1.079
0.6108 -0.1369
40.00 0.4870E-01
0.1874 -1.303
0.3364 -0.4513E-01
41.00 0.5284E-01
0.1267 -1.401
0.5275E-01 -0.5448E-02
42.00 0.5749E-01
0.1640E-01 -1.388
-0.1884 -0.1043E-01
43.00 0.6186E-01
-0.1119 -1.304
-0.3676 -0.4495E-01
44.00 0.6519E-01
-0.2386 -1.181
-0.4862 -0.9512E-01
45.00 0.6693E-01
-0.3543 -1.044
-0.5538 -0.1512
46.00 0.6676E-01
-0.4559 -0.9069
-0.5812 -0.2070
47.00 0.6464E-01
-0.5431 -0.7794
-0.5779 -0.2591
48.00 0.6078E-01
-0.6170 -0.6667
-0.5511 -0.3051
49.00 0.5553E-01
-0.6788 -0.5727
-0.5069 -0.3435
50.00 0.4939E-01
-0.7297 -0.5010
-0.4502 -0.3727
51.00 0.4285E-01
-0.7703 -0.4551
-0.3866 -0.3915
52.00 0.3639E-01
-0.8005 -0.4383
-0.3226 -0.3983
53.00 0.3040E-01
-0.8195 -0.4528
-0.2671 -0.3924
54.00 0.2517E-01
-0.8258 -0.4971
-0.2321 -0.3743
55.00 0.2089E-01
-0.8167 -0.5616
-0.2314 -0.3479
56.00 0.1759E-01
-0.7898 -0.6251
-0.2763 -0.3220
57.00 0.1524E-01
-0.7437 -0.6557
-0.3674 -0.3094
58.00 0.1370E-01
-0.6799 -0.6229
-0.4882 -0.3228
59.00 0.1279E-01
-0.6016 -0.5133
-0.6081 -0.3676
60.00 0.1234E-01
-0.5124 -0.3387
-0.6971 -0.4388
61.00 0.1217E-01
-0.4143 -0.1270
-0.7367 -0.5253
62.00 0.1214E-01
-0.3071 0.9132E-01
-0.7228 -0.6144
63.00 0.1216E-01
-0.1899 0.2912
-0.6599 -0.6960
64.00 0.1217E-01
-0.6269E-01 0.4541
-0.5567 -0.7625
65.00 0.1216E-01
0.7259E-01 0.5669
-0.4228 -0.8086
66.00 0.1214E-01
0.2114 0.6202
-0.2687 -0.8303
67.00 0.1213E-01
0.3465 0.6092
-0.1054 -0.8258
68.00 0.1217E-01
0.4690 0.5348
0.5548E-01 -0.7955
69.00 0.1227E-01
0.5697 0.4049
0.2033 -0.7425
70.00 0.1245E-01
0.6413 0.2332
0.3296 -0.6724
71.00 0.1270E-01
0.6804 0.3752E-01
0.4297 -0.5925
72.00 0.1302E-01
0.6875 -0.1637
0.5028 -0.5104
73.00 0.1338E-01
0.6672 -0.3549
0.5517 -0.4323
74.00 0.1376E-01
0.6261 -0.5252
0.5812 -0.3628
75.00 0.1413E-01
0.5719 -0.6691
0.5967 -0.3041
76.00 0.1445E-01
0.5113 -0.7851
0.6031 -0.2567
77.00 0.1470E-01
0.4501 -0.8751
0.6045 -0.2200
78.00 0.1486E-01
0.3923 -0.9424
0.6035 -0.1925
79.00 0.1494E-01
0.3407 -0.9910
0.6018 -0.1727
80.00 0.1494E-01
0.2970 -1.025
0.6003 -0.1588
81.00 0.1486E-01
0.2621 -1.048
0.5988 -0.1493
82.00 0.1473E-01
0.2360 -1.064
0.5971 -0.1428
83.00 0.1456E-01
0.2183 -1.076
0.5942 -0.1379
84.00 0.1436E-01
0.2078 -1.087
0.5892 -0.1335
85.00 0.1414E-01
0.2029 -1.098
0.5812 -0.1288
86.00 0.1391E-01
0.2012 -1.112
0.5697 -0.1232
87.00 0.1366E-01
0.2004 -1.129
0.5546 -0.1163
88.00 0.1340E-01
0.1982 -1.149
0.5364 -0.1083
89.00 0.1310E-01
0.1928 -1.171
0.5159 -0.9933E-01
90.00 0.1277E-01
0.1831 -1.194
0.4944 -0.8998E-01
91.00 0.1238E-01
0.1686 -1.216
0.4731 -0.8075E-01
92.00 0.1193E-01
0.1494 -1.237
0.4531 -0.7215E-01
93.00 0.1141E-01
0.1262 -1.256
0.4353 -0.6455E-01
94.00 0.1083E-01
0.9990E-01 -1.271
0.4203 -0.5825E-01
95.00 0.1019E-01
0.7137E-01 -1.283
0.4085 -0.5340E-01
96.00 0.9505E-02
0.4167E-01 -1.291
0.4000 -0.5009E-01
97.00 0.8793E-02
0.1189E-01 -1.296
0.3951 -0.4831E-01
98.00 0.8074E-02
-0.1683E-01 -1.296
0.3935 -0.4798E-01
99.00 0.7365E-02
-0.4332E-01 -1.294
0.3950 -0.4892E-01
100.0 0.6681E-02
-0.6645E-01 -1.289
0.3990 -0.5084E-01
101.0 0.6035E-02
-0.8530E-01 -1.283
0.4046 -0.5331E-01
102.0 0.5431E-02
-0.9941E-01 -1.277
0.4106 -0.5587E-01
103.0 0.4874E-02
-0.1089 -1.272
0.4158 -0.5802E-01
104.0 0.4361E-02
-0.1146 -1.268
0.4190 -0.5939E-01
105.0 0.3889E-02
-0.1179 -1.267
0.4193 -0.5980E-01
106.0 0.3454E-02
-0.1203 -1.268
0.4166 -0.5929E-01
107.0 0.3053E-02
-0.1235 -1.271
0.4112 -0.5815E-01
108.0 0.2682E-02
-0.1286 -1.274
0.4043 -0.5684E-01
109.0 0.2339E-02
-0.1361 -1.276
0.3977 -0.5590E-01
110.0 0.2024E-02
-0.1455 -1.276
0.3932 -0.5587E-01
111.0 0.1738E-02
-0.1554 -1.272
0.3931 -0.5715E-01
112.0 0.1482E-02
-0.1633 -1.265
0.3991 -0.5997E-01
113.0 0.1257E-02
-0.1654 -1.254
0.4122 -0.6426E-01
114.0 0.1065E-02
-0.1573 -1.240
0.4319 -0.6955E-01
115.0 0.9053E-03
-0.1343 -1.226
0.4553 -0.7494E-01
116.0 0.7750E-03
-0.9308E-01 -1.215
0.4770 -0.7924E-01
117.0 0.6701E-03
-0.3319E-01 -1.209
0.4892 -0.8122E-01
118.0 0.5852E-03
0.4179E-01 -1.210
0.4841 -0.8011E-01
119.0 0.5141E-03
0.1250 -1.219
0.4556 -0.7599E-01
120.0 0.4512E-03
0.2084 -1.233
0.4009 -0.6983E-01
121.0 0.3920E-03
0.2845 -1.247
0.3196 -0.6324E-01
122.0 0.3337E-03
0.3473 -1.257
0.2129 -0.5825E-01
123.0 0.2758E-03
0.3914 -1.256
0.8149E-01 -0.5723E-01
124.0 0.2195E-03
0.4096 -1.236
-0.7461E-01 -0.6308E-01
125.0 0.1676E-03
0.3884 -1.188
-0.2546 -0.7958E-01
126.0 0.1236E-03
0.3022 -1.100
-0.4485 -0.1109
127.0 0.9133E-04
0.1129 -0.9712
-0.6128 -0.1566
128.0 0.7381E-04
-0.1793 -0.8571
-0.6457 -0.1968
129.0 0.7278E-04
-0.4360 -0.8644
-0.4873 -0.1928
130.0 0.8820E-04
-0.5104 -0.9919
-0.2842 -0.1457
131.0 0.1181E-03
-0.4585 -1.126
-0.1848 -0.9738E-01
132.0 0.1586E-03
-0.3842 -1.207
-0.1878 -0.6906E-01
133.0 0.2049E-03
-0.3301 -1.234
-0.2488 -0.6132E-01
134.0 0.2517E-03
-0.3031 -1.215
-0.3369 -0.7100E-01
135.0 0.2942E-03
-0.3005 -1.156
-0.4354 -0.9640E-01
136.0 0.3294E-03
-0.3187 -1.057
-0.5327 -0.1374
137.0 0.3560E-03
-0.3547 -0.9185
-0.6181 -0.1946
138.0 0.3750E-03
-0.4055 -0.7406
-0.6783 -0.2673
139.0 0.3894E-03
-0.4672 -0.5317
-0.6982 -0.3527
140.0 0.4028E-03
-0.5345 -0.3099
-0.6645 -0.4433
141.0 0.4190E-03
-0.6003 -0.1033
-0.5718 -0.5276
142.0 0.4411E-03
-0.6582 0.5691E-01
-0.4282 -0.5932
143.0 0.4705E-03
-0.7038 0.1480
-0.2556 -0.6306
144.0 0.5067E-03
-0.7368 0.1636
-0.8148E-01 -0.6372
145.0 0.5476E-03
-0.7598 0.1134
0.7004E-01 -0.6170
146.0 0.5896E-03
-0.7763 0.1584E-01
0.1838 -0.5774
147.0 0.6284E-03
-0.7896 -0.1088
0.2534 -0.5267
148.0 0.6600E-03
-0.8014 -0.2429
0.2787 -0.4720
149.0 0.6809E-03
-0.8120 -0.3723
0.2626 -0.4191
150.0 0.6895E-03
-0.8207 -0.4854
0.2094 -0.3727
151.0 0.6859E-03
-0.8258 -0.5718
0.1244 -0.3371
152.0 0.6722E-03
-0.8252 -0.6214
0.1440E-01 -0.3164
153.0 0.6525E-03
-0.8168 -0.6242
-0.1110 -0.3147
154.0 0.6325E-03
-0.7994 -0.5724
-0.2374 -0.3353
155.0 0.6184E-03
-0.7735 -0.4647
-0.3458 -0.3786
156.0 0.6159E-03
-0.7425 -0.3121
-0.4154 -0.4405
157.0 0.6295E-03
-0.7124 -0.1391
-0.4321 -0.5108
158.0 0.6611E-03
-0.6891 0.2301E-01
-0.3950 -0.5770
159.0 0.7098E-03
-0.6764 0.1492
-0.3175 -0.6288
160.0 0.7718E-03
-0.6742 0.2287
-0.2191 -0.6616
161.0 0.8411E-03
-0.6803 0.2639
-0.1168 -0.6763
162.0 0.9106E-03
-0.6913 0.2638
-0.2047E-01 -0.6765
163.0 0.9735E-03
-0.7043 0.2382
0.6597E-01 -0.6663
164.0 0.1024E-02
-0.7170 0.1949
0.1429 -0.6487
165.0 0.1061E-02
-0.7277 0.1382
0.2126 -0.6254
166.0 0.1082E-02
-0.7348 0.6945E-01
0.2776 -0.5972
167.0 0.1092E-02
-0.7371 -0.1229E-01
0.3399 -0.5636
168.0 0.1097E-02
-0.7328 -0.1096
0.3995 -0.5236
169.0 0.1102E-02
-0.7199 -0.2252
0.4543 -0.4761
170.0 0.1114E-02
-0.6965 -0.3600
0.4995 -0.4209
171.0 0.1140E-02
-0.6610 -0.5113
0.5291 -0.3591
172.0 0.1182E-02
-0.6129 -0.6718
0.5373 -0.2936
173.0 0.1241E-02
-0.5532 -0.8316
0.5214 -0.2286
174.0 0.1316E-02
-0.4840 -0.9801
0.4823 -0.1683
175.0 0.1401E-02
-0.4083 -1.110
0.4237 -0.1158
176.0 0.1488E-02
-0.3286 -1.215
0.3509 -0.7300E-01
177.0 0.1570E-02
-0.2469 -1.296
0.2689 -0.4038E-01
178.0 0.1636E-02
-0.1646 -1.352
0.1814 -0.1768E-01
179.0 0.1679E-02
-0.8226E-01 -1.385
0.9127E-01 -0.4377E-02
180.0 0.1694E-02
0.000 -1.396
0.000 0.000
