0.000 1.399
0.000 0.1690
0.000 0.000
1.000 1.388
-0.8516E-01 0.1707
-0.1713E-01 -0.1279E-02
2.000 1.357
-0.1656 0.1761
-0.3586E-01 -0.5249E-02
3.000 1.317
-0.2350 0.1853
-0.5727E-01 -0.1221E-01
4.000 1.282
-0.2849 0.1982
-0.8141E-01 -0.2230E-01
5.000 1.263
-0.3070 0.2142
-0.1068 -0.3507E-01
6.000 1.274
-0.2974 0.2321
-0.1309 -0.4915E-01
7.000 1.319
-0.2606 0.2500
-0.1508 -0.6257E-01
8.000 1.398
-0.2085 0.2662
-0.1654 -0.7357E-01
9.000 1.505
-0.1547 0.2800
-0.1750 -0.8134E-01
10.00 1.629
-0.1089 0.2910
-0.1810 -0.8606E-01
11.00 1.760
-0.7545E-01 0.2997
-0.1847 -0.8847E-01
12.00 1.886
-0.5424E-01 0.3065
-0.1868 -0.8945E-01
13.00 1.994
-0.4282E-01 0.3119
-0.1875 -0.8973E-01
14.00 2.074
-0.3787E-01 0.3167
-0.1867 -0.8981E-01
15.00 2.114
-0.3613E-01 0.3213
-0.1840 -0.8999E-01
16.00 2.106
-0.3487E-01 0.3265
-0.1793 -0.9037E-01
17.00 2.045
-0.3200E-01 0.3327
-0.1722 -0.9096E-01
18.00 1.932
-0.2596E-01 0.3402
-0.1626 -0.9163E-01
19.00 1.774
-0.1564E-01 0.3492
-0.1500 -0.9220E-01
20.00 1.585
-0.1862E-03 0.3596
-0.1342 -0.9234E-01
21.00 1.379
0.2098E-01 0.3711
-0.1148 -0.9154E-01
22.00 1.171
0.4810E-01 0.3828
-0.9131E-01 -0.8899E-01
23.00 0.9754
0.8101E-01 0.3935
-0.6371E-01 -0.8351E-01
24.00 0.7997
0.1188 0.4012
-0.3225E-01 -0.7348E-01
25.00 0.6495
0.1597 0.4034
0.1987E-02 -0.5695E-01
26.00 0.5263
0.2005 0.3971
0.3669E-01 -0.3195E-01
27.00 0.4292
0.2367 0.3791
0.6799E-01 0.2743E-02
28.00 0.3560
0.2621 0.3475
0.9046E-01 0.4630E-01
29.00 0.3036
0.2711 0.3031
0.9832E-01 0.9458E-01
30.00 0.2689
0.2608 0.2506
0.8784E-01 0.1400
31.00 0.2483
0.2340 0.1986
0.6014E-01 0.1741
32.00 0.2386
0.1993 0.1556
0.2149E-01 0.1912
33.00 0.2362
0.1667 0.1267
-0.1963E-01 0.1912
34.00 0.2378
0.1438 0.1122
-0.5636E-01 0.1782
35.00 0.2404
0.1334 0.1091
-0.8517E-01 0.1575
36.00 0.2418
0.1351 0.1130
-0.1053 0.1335
37.00 0.2408
0.1461 0.1195
-0.1175 0.1090
38.00 0.2368
0.1631 0.1250
-0.1229 0.8557E-01
39.00 0.2302
0.1827 0.1264
-0.1226 0.6396E-01
40.00 0.2215
0.2018 0.1218
-0.1177 0.4484E-01
41.00 0.2113
0.2184 0.1103
-0.1091 0.2880E-01
42.00 0.2001
0.2315 0.9196E-01
-0.9774E-01 0.1647E-01
43.00 0.1880
0.2413 0.6805E-01
-0.8459E-01 0.8383E-02
44.00 0.1751
0.2487 0.4014E-01
-0.7047E-01 0.4886E-02
45.00 0.1615
0.2550 0.9746E-02
-0.5607E-01 0.6092E-02
46.00 0.1476
0.2611 -0.2195E-01
-0.4193E-01 0.1189E-01
47.00 0.1335
0.2676 -0.5415E-01
-0.2839E-01 0.2196E-01
48.00 0.1199
0.2744 -0.8619E-01
-0.1567E-01 0.3578E-01
49.00 0.1070
0.2810 -0.1174
-0.3790E-02 0.5261E-01
50.00 0.9530E-01
0.2863 -0.1470
0.7369E-02 0.7143E-01
51.00 0.8490E-01
0.2893 -0.1741
0.1808E-01 0.9100E-01
52.00 0.7589E-01
0.2891 -0.1982
0.2870E-01 0.1099
53.00 0.6822E-01
0.2849 -0.2192
0.3956E-01 0.1269
54.00 0.6179E-01
0.2762 -0.2378
0.5084E-01 0.1406
55.00 0.5644E-01
0.2632 -0.2549
0.6251E-01 0.1504
56.00 0.5199E-01
0.2469 -0.2714
0.7433E-01 0.1559
57.00 0.4824E-01
0.2289 -0.2877
0.8595E-01 0.1578
58.00 0.4495E-01
0.2119 -0.3038
0.9711E-01 0.1569
59.00 0.4194E-01
0.1983 -0.3191
0.1077 0.1547
60.00 0.3904E-01
0.1902 -0.3329
0.1177 0.1521
61.00 0.3615E-01
0.1888 -0.3444
0.1274 0.1499
62.00 0.3326E-01
0.1944 -0.3534
0.1369 0.1482
63.00 0.3040E-01
0.2063 -0.3596
0.1463 0.1468
64.00 0.2763E-01
0.2233 -0.3630
0.1558 0.1454
65.00 0.2500E-01
0.2436 -0.3636
0.1652 0.1434
66.00 0.2258E-01
0.2651 -0.3613
0.1745 0.1405
67.00 0.2040E-01
0.2856 -0.3562
0.1837 0.1365
68.00 0.1845E-01
0.3033 -0.3484
0.1927 0.1312
69.00 0.1672E-01
0.3168 -0.3381
0.2016 0.1248
70.00 0.1517E-01
0.3254 -0.3260
0.2108 0.1173
71.00 0.1379E-01
0.3291 -0.3129
0.2207 0.1086
72.00 0.1255E-01
0.3281 -0.2993
0.2315 0.9850E-01
73.00 0.1142E-01
0.3231 -0.2854
0.2433 0.8675E-01
74.00 0.1040E-01
0.3148 -0.2710
0.2556 0.7331E-01
75.00 0.9477E-02
0.3041 -0.2556
0.2678 0.5833E-01
76.00 0.8634E-02
0.2920 -0.2388
0.2791 0.4224E-01
77.00 0.7858E-02
0.2792 -0.2199
0.2887 0.2555E-01
78.00 0.7137E-02
0.2669 -0.1988
0.2960 0.8764E-02
79.00 0.6462E-02
0.2556 -0.1753
0.3008 -0.7762E-02
80.00 0.5828E-02
0.2457 -0.1492
0.3028 -0.2378E-01
81.00 0.5230E-02
0.2373 -0.1203
0.3019 -0.3912E-01
82.00 0.4671E-02
0.2298 -0.8840E-01
0.2980 -0.5366E-01
83.00 0.4154E-02
0.2217 -0.5295E-01
0.2907 -0.6723E-01
84.00 0.3684E-02
0.2112 -0.1328E-01
0.2796 -0.7964E-01
85.00 0.3265E-02
0.1957 0.3108E-01
0.2644 -0.9055E-01
86.00 0.2899E-02
0.1733 0.8015E-01
0.2453 -0.9949E-01
87.00 0.2585E-02
0.1426 0.1331
0.2234 -0.1058
88.00 0.2322E-02
0.1035 0.1882
0.1998 -0.1088
89.00 0.2107E-02
0.5742E-01 0.2429
0.1764 -0.1075
90.00 0.1939E-02
0.6794E-02 0.2935
0.1547 -0.1012
91.00 0.1817E-02
-0.4504E-01 0.3363
0.1359 -0.8945E-01
92.00 0.1734E-02
-0.9472E-01 0.3683
0.1206 -0.7298E-01
93.00 0.1683E-02
-0.1397 0.3879
0.1088 -0.5326E-01
94.00 0.1655E-02
-0.1788 0.3957
0.9985E-01 -0.3236E-01
95.00 0.1642E-02
-0.2118 0.3934
0.9311E-01 -0.1236E-01
96.00 0.1636E-02
-0.2394 0.3836
0.8778E-01 0.5221E-02
97.00 0.1630E-02
-0.2623 0.3686
0.8332E-01 0.1966E-01
98.00 0.1617E-02
-0.2813 0.3509
0.7954E-01 0.3111E-01
99.00 0.1595E-02
-0.2969 0.3320
0.7651E-01 0.4030E-01
100.0 0.1563E-02
-0.3093 0.3134
0.7457E-01 0.4821E-01
101.0 0.1522E-02
-0.3180 0.2963
0.7411E-01 0.5570E-01
102.0 0.1475E-02
-0.3223 0.2817
0.7554E-01 0.6340E-01
103.0 0.1427E-02
-0.3217 0.2707
0.7915E-01 0.7176E-01
104.0 0.1379E-02
-0.3154 0.2643
0.8510E-01 0.8115E-01
105.0 0.1331E-02
-0.3029 0.2626
0.9334E-01 0.9190E-01
106.0 0.1284E-02
-0.2841 0.2653
0.1036 0.1042
107.0 0.1239E-02
-0.2595 0.2714
0.1154 0.1177
108.0 0.1200E-02
-0.2311 0.2793
0.1280 0.1317
109.0 0.1166E-02
-0.2022 0.2874
0.1406 0.1446
110.0 0.1138E-02
-0.1768 0.2943
0.1525 0.1543
111.0 0.1115E-02
-0.1582 0.2988
0.1633 0.1586
112.0 0.1096E-02
-0.1483 0.3006
0.1730 0.1554
113.0 0.1079E-02
-0.1469 0.2997
0.1816 0.1438
114.0 0.1060E-02
-0.1521 0.2969
0.1893 0.1240
115.0 0.1038E-02
-0.1614 0.2933
0.1965 0.9733E-01
116.0 0.1011E-02
-0.1721 0.2902
0.2031 0.6584E-01
117.0 0.9781E-03
-0.1817 0.2887
0.2091 0.3135E-01
118.0 0.9410E-03
-0.1879 0.2896
0.2136 -0.4658E-02
119.0 0.9027E-03
-0.1891 0.2937
0.2153 -0.4101E-01
120.0 0.8656E-03
-0.1844 0.3010
0.2129 -0.7665E-01
121.0 0.8309E-03
-0.1736 0.3112
0.2059 -0.1106
122.0 0.7980E-03
-0.1570 0.3234
0.1946 -0.1422
123.0 0.7663E-03
-0.1357 0.3364
0.1801 -0.1709
124.0 0.7349E-03
-0.1114 0.3491
0.1638 -0.1962
125.0 0.7036E-03
-0.8648E-01 0.3607
0.1468 -0.2178
126.0 0.6720E-03
-0.6368E-01 0.3714
0.1300 -0.2354
127.0 0.6396E-03
-0.4574E-01 0.3817
0.1141 -0.2494
128.0 0.6058E-03
-0.3465E-01 0.3919
0.9942E-01 -0.2608
129.0 0.5710E-03
-0.3147E-01 0.4020
0.8653E-01 -0.2716
130.0 0.5364E-03
-0.3656E-01 0.4109
0.7598E-01 -0.2845
131.0 0.5033E-03
-0.4974E-01 0.4177
0.6829E-01 -0.3023
132.0 0.4731E-03
-0.7029E-01 0.4217
0.6366E-01 -0.3279
133.0 0.4462E-03
-0.9683E-01 0.4227
0.6152E-01 -0.3627
134.0 0.4229E-03
-0.1271 0.4212
0.6036E-01 -0.4068
135.0 0.4038E-03
-0.1581 0.4177
0.5782E-01 -0.4575
136.0 0.3901E-03
-0.1860 0.4130
0.5136E-01 -0.5098
137.0 0.3823E-03
-0.2071 0.4084
0.3907E-01 -0.5574
138.0 0.3801E-03
-0.2184 0.4060
0.2043E-01 -0.5955
139.0 0.3822E-03
-0.2187 0.4074
-0.3766E-02 -0.6217
140.0 0.3871E-03
-0.2083 0.4131
-0.3201E-01 -0.6365
141.0 0.3932E-03
-0.1887 0.4221
-0.6277E-01 -0.6412
142.0 0.3995E-03
-0.1625 0.4324
-0.9476E-01 -0.6368
143.0 0.4048E-03
-0.1333 0.4419
-0.1271 -0.6242
144.0 0.4078E-03
-0.1050 0.4490
-0.1591 -0.6045
145.0 0.4073E-03
-0.8062E-01 0.4524
-0.1905 -0.5790
146.0 0.4032E-03
-0.6249E-01 0.4507
-0.2204 -0.5487
147.0 0.3967E-03
-0.5234E-01 0.4425
-0.2473 -0.5145
148.0 0.3906E-03
-0.5182E-01 0.4267
-0.2694 -0.4774
149.0 0.3879E-03
-0.6221E-01 0.4035
-0.2845 -0.4393
150.0 0.3918E-03
-0.8355E-01 0.3746
-0.2922 -0.4030
151.0 0.4051E-03
-0.1136 0.3420
-0.2934 -0.3716
152.0 0.4305E-03
-0.1476 0.3078
-0.2909 -0.3473
153.0 0.4698E-03
-0.1796 0.2734
-0.2879 -0.3309
154.0 0.5236E-03
-0.2045 0.2403
-0.2874 -0.3220
155.0 0.5899E-03
-0.2195 0.2101
-0.2914 -0.3191
156.0 0.6645E-03
-0.2238 0.1839
-0.3007 -0.3208
157.0 0.7415E-03
-0.2184 0.1624
-0.3151 -0.3256
158.0 0.8147E-03
-0.2046 0.1463
-0.3338 -0.3323
159.0 0.8787E-03
-0.1842 0.1361
-0.3554 -0.3399
160.0 0.9287E-03
-0.1592 0.1328
-0.3790 -0.3475
161.0 0.9613E-03
-0.1317 0.1374
-0.4033 -0.3539
162.0 0.9750E-03
-0.1036 0.1510
-0.4271 -0.3581
163.0 0.9713E-03
-0.7663E-01 0.1744
-0.4487 -0.3586
164.0 0.9544E-03
-0.5265E-01 0.2070
-0.4650 -0.3533
165.0 0.9311E-03
-0.3414E-01 0.2467
-0.4720 -0.3398
166.0 0.9085E-03
-0.2410E-01 0.2888
-0.4649 -0.3162
167.0 0.8926E-03
-0.2533E-01 0.3260
-0.4405 -0.2822
168.0 0.8873E-03
-0.3917E-01 0.3503
-0.3978 -0.2397
169.0 0.8942E-03
-0.6451E-01 0.3549
-0.3395 -0.1925
170.0 0.9127E-03
-0.9779E-01 0.3367
-0.2712 -0.1459
171.0 0.9399E-03
-0.1340 0.2977
-0.1998 -0.1042
172.0 0.9707E-03
-0.1681 0.2431
-0.1320 -0.7040E-01
173.0 0.9986E-03
-0.1957 0.1796
-0.7274E-01 -0.4490E-01
174.0 0.1018E-02
-0.2132 0.1128
-0.2498E-01 -0.2684E-01
175.0 0.1026E-02
-0.2173 0.4649E-01
0.9877E-02 -0.1473E-01
176.0 0.1024E-02
-0.2054 -0.1618E-01
0.3121E-01 -0.7128E-02
177.0 0.1015E-02
-0.1757 -0.7191E-01
0.3902E-01 -0.2838E-02
178.0 0.1005E-02
-0.1288 -0.1166
0.3436E-01 -0.8268E-03
179.0 0.9969E-03
-0.6823E-01 -0.1457
0.1990E-01 -0.1329E-03
180.0 0.9940E-03
0.000 -0.1558
0.000 0.000
