0.000 1.420
0.000 0.7071
0.000 0.000
1.000 1.422
0.1062E-03 0.7070
-0.9121E-02 0.1638E-03
2.000 1.427
0.1205E-02 0.7066
-0.1458E-01 0.7198E-03
3.000 1.433
0.3735E-02 0.7056
-0.1358E-01 0.2117E-02
4.000 1.442
0.7367E-02 0.7027
-0.4766E-02 0.5686E-02
5.000 1.455
0.1124E-01 0.6953
0.1140E-01 0.1378E-01
6.000 1.475
0.1451E-01 0.6811
0.3263E-01 0.2909E-01
7.000 1.504
0.1697E-01 0.6595
0.5545E-01 0.5325E-01
8.000 1.541
0.1929E-01 0.6327
0.7645E-01 0.8562E-01
9.000 1.578
0.2272E-01 0.6049
0.9368E-01 0.1234
10.00 1.607
0.2845E-01 0.5801
0.1072 0.1626
11.00 1.617
0.3708E-01 0.5598
0.1186 0.1998
12.00 1.601
0.4826E-01 0.5423
0.1303 0.2324
13.00 1.557
0.6061E-01 0.5232
0.1441 0.2591
14.00 1.490
0.7192E-01 0.4967
0.1610 0.2796
15.00 1.404
0.7947E-01 0.4576
0.1804 0.2944
16.00 1.305
0.8062E-01 0.4026
0.2000 0.3050
17.00 1.197
0.7356E-01 0.3321
0.2163 0.3133
18.00 1.083
0.5769E-01 0.2497
0.2253 0.3214
19.00 0.9684
0.3383E-01 0.1612
0.2226 0.3310
20.00 0.8558
0.4133E-02 0.7385E-01
0.2043 0.3424
21.00 0.7503
-0.2812E-01 -0.4900E-02
0.1671 0.3540
22.00 0.6562
-0.5868E-01 -0.6762E-01
0.1092 0.3619
23.00 0.5768
-0.8288E-01 -0.1077
0.3173E-01 0.3600
24.00 0.5139
-0.9673E-01 -0.1205
-0.6057E-01 0.3420
25.00 0.4675
-0.9835E-01 -0.1047
-0.1585 0.3042
26.00 0.4366
-0.8904E-01 -0.6346E-01
-0.2502 0.2485
27.00 0.4191
-0.7302E-01 -0.3289E-02
-0.3247 0.1830
28.00 0.4124
-0.5585E-01 0.6732E-01
-0.3747 0.1184
29.00 0.4135
-0.4241E-01 0.1403
-0.3994 0.6391E-01
30.00 0.4191
-0.3563E-01 0.2097
-0.4021 0.2350E-01
31.00 0.4257
-0.3639E-01 0.2717
-0.3890 -0.3646E-02
32.00 0.4303
-0.4414E-01 0.3245
-0.3660 -0.2130E-01
33.00 0.4308
-0.5755E-01 0.3675
-0.3376 -0.3406E-01
34.00 0.4260
-0.7499E-01 0.4005
-0.3069 -0.4601E-01
35.00 0.4157
-0.9465E-01 0.4233
-0.2757 -0.6021E-01
36.00 0.4008
-0.1146 0.4360
-0.2446 -0.7867E-01
37.00 0.3823
-0.1330 0.4387
-0.2141 -0.1024
38.00 0.3617
-0.1478 0.4314
-0.1842 -0.1316
39.00 0.3405
-0.1573 0.4145
-0.1547 -0.1653
40.00 0.3199
-0.1600 0.3888
-0.1256 -0.2014
41.00 0.3011
-0.1550 0.3553
-0.9664E-01 -0.2363
42.00 0.2851
-0.1425 0.3154
-0.6777E-01 -0.2652
43.00 0.2725
-0.1238 0.2713
-0.3917E-01 -0.2832
44.00 0.2634
-0.1016 0.2256
-0.1138E-01 -0.2867
45.00 0.2572
-0.7920E-01 0.1811
0.1468E-01 -0.2749
46.00 0.2531
-0.5993E-01 0.1398
0.3799E-01 -0.2500
47.00 0.2497
-0.4601E-01 0.1025
0.5771E-01 -0.2165
48.00 0.2457
-0.3839E-01 0.6896E-01
0.7332E-01 -0.1788
49.00 0.2400
-0.3693E-01 0.3822E-01
0.8467E-01 -0.1410
50.00 0.2321
-0.4075E-01 0.8859E-02
0.9186E-01 -0.1055
51.00 0.2217
-0.4868E-01 -0.2041E-01
0.9511E-01 -0.7345E-01
52.00 0.2091
-0.5950E-01 -0.5056E-01
0.9473E-01 -0.4542E-01
53.00 0.1950
-0.7209E-01 -0.8214E-01
0.9099E-01 -0.2140E-01
54.00 0.1798
-0.8553E-01 -0.1152
0.8414E-01 -0.1344E-02
55.00 0.1643
-0.9912E-01 -0.1495
0.7438E-01 0.1479E-01
56.00 0.1490
-0.1124 -0.1841
0.6192E-01 0.2703E-01
57.00 0.1342
-0.1249 -0.2179
0.4700E-01 0.3554E-01
58.00 0.1204
-0.1366 -0.2493
0.3003E-01 0.4076E-01
59.00 0.1078
-0.1473 -0.2765
0.1165E-01 0.4353E-01
60.00 0.9656E-01
-0.1571 -0.2973
-0.7234E-02 0.4507E-01
61.00 0.8672E-01
-0.1662 -0.3103
-0.2552E-01 0.4677E-01
62.00 0.7824E-01
-0.1750 -0.3145
-0.4213E-01 0.4994E-01
63.00 0.7096E-01
-0.1839 -0.3104
-0.5619E-01 0.5551E-01
64.00 0.6469E-01
-0.1934 -0.2992
-0.6713E-01 0.6392E-01
65.00 0.5924E-01
-0.2035 -0.2827
-0.7460E-01 0.7524E-01
66.00 0.5446E-01
-0.2141 -0.2625
-0.7835E-01 0.8927E-01
67.00 0.5024E-01
-0.2247 -0.2396
-0.7811E-01 0.1057
68.00 0.4651E-01
-0.2348 -0.2146
-0.7373E-01 0.1239
69.00 0.4319E-01
-0.2440 -0.1875
-0.6538E-01 0.1432
70.00 0.4022E-01
-0.2520 -0.1586
-0.5371E-01 0.1624
71.00 0.3754E-01
-0.2586 -0.1284
-0.3982E-01 0.1801
72.00 0.3507E-01
-0.2635 -0.9749E-01
-0.2506E-01 0.1950
73.00 0.3277E-01
-0.2661 -0.6665E-01
-0.1064E-01 0.2063
74.00 0.3061E-01
-0.2658 -0.3635E-01
0.2583E-02 0.2134
75.00 0.2858E-01
-0.2621 -0.6747E-02
0.1423E-01 0.2164
76.00 0.2667E-01
-0.2547 0.2230E-01
0.2424E-01 0.2157
77.00 0.2487E-01
-0.2438 0.5102E-01
0.3273E-01 0.2119
78.00 0.2318E-01
-0.2304 0.7946E-01
0.3968E-01 0.2057
79.00 0.2157E-01
-0.2153 0.1074
0.4495E-01 0.1977
80.00 0.2004E-01
-0.1996 0.1345
0.4826E-01 0.1883
81.00 0.1855E-01
-0.1840 0.1600
0.4940E-01 0.1779
82.00 0.1712E-01
-0.1689 0.1837
0.4839E-01 0.1668
83.00 0.1576E-01
-0.1544 0.2050
0.4560E-01 0.1557
84.00 0.1447E-01
-0.1409 0.2239
0.4171E-01 0.1451
85.00 0.1326E-01
-0.1285 0.2404
0.3757E-01 0.1358
86.00 0.1215E-01
-0.1178 0.2544
0.3392E-01 0.1283
87.00 0.1112E-01
-0.1093 0.2661
0.3118E-01 0.1227
88.00 0.1017E-01
-0.1034 0.2755
0.2936E-01 0.1191
89.00 0.9298E-02
-0.9969E-01 0.2825
0.2809E-01 0.1176
90.00 0.8495E-02
-0.9760E-01 0.2867
0.2686E-01 0.1182
91.00 0.7762E-02
-0.9597E-01 0.2879
0.2521E-01 0.1214
92.00 0.7103E-02
-0.9352E-01 0.2856
0.2293E-01 0.1278
93.00 0.6517E-02
-0.8922E-01 0.2796
0.2012E-01 0.1378
94.00 0.6000E-02
-0.8259E-01 0.2699
0.1705E-01 0.1517
95.00 0.5547E-02
-0.7388E-01 0.2562
0.1406E-01 0.1694
96.00 0.5149E-02
-0.6403E-01 0.2383
0.1138E-01 0.1898
97.00 0.4793E-02
-0.5443E-01 0.2162
0.9087E-02 0.2119
98.00 0.4470E-02
-0.4658E-01 0.1899
0.7124E-02 0.2340
99.00 0.4172E-02
-0.4189E-01 0.1598
0.5457E-02 0.2549
100.0 0.3895E-02
-0.4152E-01 0.1265
0.4251E-02 0.2738
101.0 0.3642E-02
-0.4622E-01 0.9077E-01
0.4007E-02 0.2901
102.0 0.3416E-02
-0.5629E-01 0.5378E-01
0.5582E-02 0.3039
103.0 0.3223E-02
-0.7148E-01 0.1705E-01
0.1004E-01 0.3153
104.0 0.3065E-02
-0.9083E-01 -0.1762E-01
0.1834E-01 0.3247
105.0 0.2943E-02
-0.1127 -0.4850E-01
0.3098E-01 0.3327
106.0 0.2857E-02
-0.1349 -0.7432E-01
0.4778E-01 0.3400
107.0 0.2804E-02
-0.1550 -0.9449E-01
0.6789E-01 0.3473
108.0 0.2781E-02
-0.1706 -0.1090
0.9004E-01 0.3554
109.0 0.2786E-02
-0.1802 -0.1183
0.1128 0.3646
110.0 0.2812E-02
-0.1833 -0.1233
0.1351 0.3747
111.0 0.2854E-02
-0.1809 -0.1254
0.1560 0.3851
112.0 0.2902E-02
-0.1748 -0.1260
0.1751 0.3943
113.0 0.2947E-02
-0.1674 -0.1270
0.1925 0.4009
114.0 0.2977E-02
-0.1611 -0.1295
0.2084 0.4034
115.0 0.2983E-02
-0.1578 -0.1342
0.2233 0.4009
116.0 0.2957E-02
-0.1585 -0.1409
0.2376 0.3928
117.0 0.2900E-02
-0.1635 -0.1486
0.2517 0.3794
118.0 0.2816E-02
-0.1724 -0.1559
0.2660 0.3615
119.0 0.2716E-02
-0.1841 -0.1607
0.2805 0.3406
120.0 0.2612E-02
-0.1966 -0.1611
0.2952 0.3187
121.0 0.2517E-02
-0.2079 -0.1553
0.3097 0.2981
122.0 0.2438E-02
-0.2160 -0.1425
0.3233 0.2811
123.0 0.2384E-02
-0.2192 -0.1229
0.3349 0.2692
124.0 0.2356E-02
-0.2169 -0.9832E-01
0.3434 0.2629
125.0 0.2354E-02
-0.2093 -0.7090E-01
0.3480 0.2616
126.0 0.2375E-02
-0.1977 -0.4314E-01
0.3488 0.2636
127.0 0.2408E-02
-0.1842 -0.1711E-01
0.3466 0.2666
128.0 0.2442E-02
-0.1709 0.5686E-02
0.3429 0.2681
129.0 0.2464E-02
-0.1597 0.2430E-01
0.3392 0.2662
130.0 0.2459E-02
-0.1521 0.3827E-01
0.3368 0.2592
131.0 0.2419E-02
-0.1485 0.4776E-01
0.3366 0.2464
132.0 0.2339E-02
-0.1492 0.5377E-01
0.3391 0.2275
133.0 0.2223E-02
-0.1537 0.5833E-01
0.3445 0.2033
134.0 0.2082E-02
-0.1611 0.6451E-01
0.3524 0.1758
135.0 0.1933E-02
-0.1697 0.7605E-01
0.3621 0.1484
136.0 0.1797E-02
-0.1773 0.9634E-01
0.3720 0.1262
137.0 0.1690E-02
-0.1815 0.1265
0.3803 0.1146
138.0 0.1627E-02
-0.1806 0.1634
0.3856 0.1168
139.0 0.1610E-02
-0.1748 0.1995
0.3875 0.1313
140.0 0.1639E-02
-0.1659 0.2253
0.3872 0.1519
141.0 0.1702E-02
-0.1566 0.2342
0.3865 0.1705
142.0 0.1787E-02
-0.1490 0.2247
0.3874 0.1802
143.0 0.1874E-02
-0.1438 0.1993
0.3914 0.1771
144.0 0.1945E-02
-0.1407 0.1628
0.3993 0.1598
145.0 0.1983E-02
-0.1386 0.1200
0.4114 0.1281
146.0 0.1978E-02
-0.1359 0.7493E-01
0.4273 0.8221E-01
147.0 0.1928E-02
-0.1307 0.3147E-01
0.4460 0.2295E-01
148.0 0.1840E-02
-0.1207 -0.5499E-02
0.4648 -0.4749E-01
149.0 0.1732E-02
-0.1033 -0.2861E-01
0.4796 -0.1237
150.0 0.1623E-02
-0.7662E-01 -0.2723E-01
0.4835 -0.1948
151.0 0.1536E-02
-0.4078E-01 0.1050E-01
0.4686 -0.2439
152.0 0.1491E-02
0.4476E-03 0.9129E-01
0.4289 -0.2519
153.0 0.1501E-02
0.3968E-01 0.2087
0.3653 -0.2082
154.0 0.1570E-02
0.6912E-01 0.3421
0.2882 -0.1197
155.0 0.1691E-02
0.8464E-01 0.4671
0.2120 -0.7581E-02
156.0 0.1850E-02
0.8686E-01 0.5667
0.1478 0.1051
157.0 0.2028E-02
0.7905E-01 0.6352
0.1003 0.2031
158.0 0.2205E-02
0.6487E-01 0.6733
0.6951E-01 0.2805
159.0 0.2363E-02
0.4729E-01 0.6847
0.5342E-01 0.3368
160.0 0.2489E-02
0.2858E-01 0.6731
0.4942E-01 0.3738
161.0 0.2574E-02
0.1057E-01 0.6415
0.5531E-01 0.3943
162.0 0.2612E-02
-0.5000E-02 0.5921
0.6938E-01 0.4004
163.0 0.2604E-02
-0.1634E-01 0.5268
0.9049E-01 0.3940
164.0 0.2557E-02
-0.2143E-01 0.4470
0.1180 0.3765
165.0 0.2480E-02
-0.1816E-01 0.3554
0.1513 0.3490
166.0 0.2385E-02
-0.4528E-02 0.2564
0.1901 0.3131
167.0 0.2284E-02
0.2075E-01 0.1575
0.2333 0.2708
168.0 0.2188E-02
0.5755E-01 0.6914E-01
0.2790 0.2245
169.0 0.2106E-02
0.1037 0.3195E-02
0.3238 0.1778
170.0 0.2045E-02
0.1546 -0.2913E-01
0.3633 0.1342
171.0 0.2009E-02
0.2038 -0.2077E-01
0.3924 0.9691E-01
172.0 0.1999E-02
0.2443 0.2876E-01
0.4068 0.6751E-01
173.0 0.2008E-02
0.2705 0.1131
0.4042 0.4592E-01
174.0 0.2031E-02
0.2791 0.2209
0.3841 0.3065E-01
175.0 0.2061E-02
0.2686 0.3389
0.3475 0.1987E-01
176.0 0.2093E-02
0.2399 0.4537
0.2962 0.1212E-01
177.0 0.2124E-02
0.1950 0.5538
0.2328 0.6561E-02
178.0 0.2150E-02
0.1372 0.6304
0.1601 0.2824E-02
179.0 0.2167E-02
0.7077E-01 0.6780
0.8147E-01 0.6898E-03
180.0 0.2174E-02
0.000 0.6940
0.000 0.000
