# 121 angles,  1 tensor ranks for 0=projectile
@subtitle   "12C(d,p)13C"                                                                   
@legend ON
@legend x1 0.2
@legend y1 0.8
@g0 type LOGY
@yaxis ticklabel format power
@legend string   0 "Lab energy =   30.0000"
#legend string   0 "Partition=  1 Excit=  2 near/far= 1"
#  Theta       sigma       iT11        T20         T21         T22         Kyy for projectile
   0.000       1.715    
  0.5000       1.717    
   1.000       1.722    
   1.500       1.730    
   2.000       1.743    
   2.500       1.759    
   3.000       1.781    
   3.500       1.808    
   4.000       1.843    
   4.500       1.884    
   5.000       1.935    
   5.500       1.995    
   6.000       2.067    
   6.500       2.151    
   7.000       2.248    
   7.500       2.359    
   8.000       2.487    
   8.500       2.631    
   9.000       2.792    
   9.500       2.972    
   10.00       3.170    
   10.50       3.388    
   11.00       3.624    
   11.50       3.880    
   12.00       4.154    
   12.50       4.445    
   13.00       4.752    
   13.50       5.074    
   14.00       5.410    
   14.50       5.755    
   15.00       6.110    
   15.50       6.470    
   16.00       6.832    
   16.50       7.194    
   17.00       7.553    
   17.50       7.904    
   18.00       8.245    
   18.50       8.572    
   19.00       8.881    
   19.50       9.170    
   20.00       9.434    
   20.50       9.673    
   21.00       9.882    
   21.50       10.06    
   22.00       10.20    
   22.50       10.31    
   23.00       10.39    
   23.50       10.43    
   24.00       10.43    
   24.50       10.39    
   25.00       10.32    
   25.50       10.21    
   26.00       10.07    
   26.50       9.903    
   27.00       9.702    
   27.50       9.473    
   28.00       9.220    
   28.50       8.945    
   29.00       8.651    
   29.50       8.341    
   30.00       8.018    
   30.50       7.685    
   31.00       7.345    
   31.50       7.001    
   32.00       6.656    
   32.50       6.312    
   33.00       5.973    
   33.50       5.640    
   34.00       5.316    
   34.50       5.002    
   35.00       4.701    
   35.50       4.414    
   36.00       4.143    
   36.50       3.888    
   37.00       3.650    
   37.50       3.430    
   38.00       3.229    
   38.50       3.046    
   39.00       2.883    
   39.50       2.737    
   40.00       2.610    
   40.50       2.501    
   41.00       2.408    
   41.50       2.332    
   42.00       2.272    
   42.50       2.226    
   43.00       2.194    
   43.50       2.175    
   44.00       2.166    
   44.50       2.168    
   45.00       2.179    
   45.50       2.197    
   46.00       2.222    
   46.50       2.252    
   47.00       2.286    
   47.50       2.323    
   48.00       2.362    
   48.50       2.402    
   49.00       2.442    
   49.50       2.480    
   50.00       2.517    
   50.50       2.551    
   51.00       2.582    
   51.50       2.609    
   52.00       2.632    
   52.50       2.650    
   53.00       2.663    
   53.50       2.671    
   54.00       2.674    
   54.50       2.671    
   55.00       2.664    
   55.50       2.651    
   56.00       2.633    
   56.50       2.610    
   57.00       2.584    
   57.50       2.553    
   58.00       2.518    
   58.50       2.480    
   59.00       2.440    
   59.50       2.397    
   60.00       2.352    
 END
