 Mean Elastic Optical Potential generated            1
         101  0.20000000000000001        0.00000000    
  0.0000E+00  0.0000E+00  0.0000E+00  0.0000E+00  0.0000E+00  0.0000E+00
  0.0000E+00  0.0000E+00 -3.7403E-01  8.4566E-02 -2.3979E-01  5.1981E-02
 -5.0867E-01  4.1095E-02 -4.1164E-01  2.7424E-02 -2.7601E-01  2.1472E-02
 -1.1750E-01  1.5676E-02  4.2222E-03  1.0585E-02  1.0866E-01 -3.5639E-03
  1.3096E-01 -1.3768E-02  1.1393E-01 -2.0180E-02  7.1273E-02 -2.2134E-02
  1.1458E-02 -1.8200E-02 -1.3696E-02 -2.7211E-02 -4.2224E-02 -3.2637E-02
 -2.3482E-02 -4.9400E-02 -2.6953E-03 -5.4935E-02  2.5143E-02 -5.1805E-02
  3.8487E-02 -4.8987E-02  4.7825E-02 -3.1812E-02  6.1282E-02 -3.0584E-02
  4.9650E-02 -1.7717E-02  6.8025E-02 -1.3411E-02  5.2292E-02 -9.9901E-03
  5.3151E-02 -5.6100E-04  4.9724E-02 -8.4814E-04  4.8176E-02  2.5982E-03
  3.7919E-02  5.9485E-03  3.8429E-02  6.9843E-03  3.8708E-02  1.2794E-02
  2.2617E-02  1.1205E-02  3.0359E-02  1.7523E-02  2.2585E-02  2.1595E-02
  1.5472E-02  1.8683E-02  1.7884E-02  2.7496E-02  1.8920E-02  2.7623E-02
  6.1719E-03  2.8143E-02  5.0952E-03  3.2285E-02  1.8095E-02  2.7467E-02
 -8.4342E-03  3.2919E-02  3.2635E-03  2.7391E-02 -3.2939E-03  2.9616E-02
 -1.6882E-02  2.4201E-02 -9.2223E-03  2.6499E-02 -1.3706E-02  2.3174E-02
 -2.3681E-02  2.2897E-02 -2.2416E-02  1.7604E-02 -3.1092E-02  2.2586E-02
 -8.2091E-03  2.0669E-02 -5.2807E-02  1.0567E-02 -2.0338E-02  2.0798E-02
 -7.8724E-03  1.4916E-02 -3.6740E-02  5.6649E-03 -2.3079E-02  1.3050E-02
 -8.3151E-04  4.2279E-03 -3.1532E-02 -8.8666E-03 -1.5014E-02  8.0344E-03
 -2.2579E-03 -1.1593E-02 -2.5496E-02 -2.4437E-02 -2.1980E-02 -4.7206E-03
 -1.5686E-03 -2.3536E-02 -1.6080E-02 -3.2336E-02 -2.1658E-02 -1.8882E-02
 -7.1974E-03 -2.9818E-02 -6.5394E-03 -2.9173E-02 -9.1511E-03 -2.5384E-02
 -2.8407E-03 -2.4280E-02  1.9799E-03 -2.2255E-02  4.1041E-03 -1.7908E-02
  5.0277E-03 -1.5087E-02  1.5362E-02 -1.0629E-02  1.1434E-02 -7.0745E-03
  1.8065E-02 -2.2802E-03  1.7542E-02  2.7384E-03  1.9510E-02  4.1522E-03
  2.1591E-02  1.0203E-02  1.5064E-02  1.0824E-02  2.1457E-02  1.2595E-02
  1.0841E-02  1.8315E-02  1.7186E-02  1.5099E-02  5.7454E-03  1.6019E-02
  1.6009E-02  2.0989E-02 -1.4676E-04  1.3320E-02  9.3090E-03  2.0678E-02
  3.0361E-04  1.1839E-02  2.7843E-03  1.9819E-02 -5.9862E-02 -1.8253E-02
 -6.7596E-02 -5.0182E-02 -5.6783E-02 -8.7941E-02 -1.0736E-02 -1.0661E-01
  2.7858E-02 -1.0497E-01  7.3053E-02 -9.0621E-02  9.6269E-02 -7.2984E-02
  0.0000E+00  0.0000E+00  0.0000E+00  0.0000E+00  0.0000E+00  0.0000E+00
  0.0000E+00  0.0000E+00  0.0000E+00  0.0000E+00
