# 181 angles,  3 tensor ranks for 0=projectile
@subtitle   "208Pb(7Li,7Li)208Pb at 35 MeV"                                                 
@legend ON
@legend x1 0.2
@legend y1 0.8
@g0 type LOGY
@yaxis ticklabel format power
@xaxis label "Scattering angle (degrees)"
@yaxis label "Cross section (mb/sr)"
@legend string   0 "Partition=  1 Excit=  1 near/far= 1"
#legend string   0 "Lab energy =   35.0000"
@s0 linestyle   1
#  Theta       sigma       iT11        T20         T21         T22         Kyy for projectile
  0.1000E-01   1.000     -0.1963E-16 -0.5765E-15  0.7660E-19  0.2887E-19
   1.000       1.000      0.2086E-10  0.2860E-11 -0.4836E-13 -0.2039E-11
   2.000       1.000      0.3421E-10  0.1168E-12 -0.7236E-14 -0.2714E-12
   3.000       1.000     -0.7033E-10 -0.1424E-10  0.2630E-12 -0.7405E-11
   4.000       1.000      0.1974E-10 -0.2685E-10 -0.1950E-12 -0.3846E-10
   5.000       1.000      0.2327E-09  0.1266E-10 -0.1953E-12  0.1104E-10
   6.000       1.000      0.1954E-09 -0.2018E-10 -0.2208E-12 -0.2891E-10
   7.000       1.000     -0.1653E-09  0.1097E-10 -0.5631E-12  0.4263E-11
   8.000       1.000      0.2750E-09 -0.7376E-10 -0.4655E-12 -0.9696E-10
   9.000       1.000      0.1825E-09  0.3306E-10 -0.1503E-11  0.2151E-10
   10.00       1.000      0.4132E-10  0.1022E-09  0.1065E-12  0.1264E-09
   11.00       1.000      0.2986E-09  0.5779E-12  0.1326E-11  0.1435E-10
   12.00       1.000     -0.4565E-10 -0.1363E-09  0.9182E-13 -0.1661E-09
   13.00       1.000      0.1650E-09  0.5891E-11 -0.2624E-11 -0.1552E-10
   14.00       1.000     -0.3477E-09  0.2385E-09  0.2359E-12  0.2940E-09
   15.00       1.000     -0.1398E-08 -0.4915E-10  0.2098E-11 -0.4453E-10
   16.00       1.000      0.2297E-09  0.8937E-10 -0.9656E-12  0.1027E-09
   17.00       1.000     -0.5408E-09  0.4767E-10  0.4229E-11  0.8605E-10
   18.00       1.000      0.4291E-09 -0.2076E-09 -0.5428E-12 -0.2576E-09
   19.00       1.000      0.7224E-09  0.1282E-09  0.3103E-11  0.1750E-09
   20.00       1.000      0.3885E-09 -0.3730E-09  0.6010E-12 -0.4536E-09
   21.00       1.000      0.1448E-08  0.1703E-09  0.2012E-11  0.2191E-09
   22.00       1.000      0.3257E-09 -0.4488E-09  0.1541E-11 -0.5421E-09
   23.00       1.000      0.1598E-08  0.2287E-09  0.2345E-11  0.2912E-09
   24.00       1.000      0.2219E-09 -0.4665E-09  0.1785E-11 -0.5634E-09
   25.00       1.000      0.1001E-08  0.3373E-09  0.4329E-11  0.4316E-09
   26.00       1.000     -0.3611E-10 -0.3658E-09  0.4970E-12 -0.4460E-09
   27.00       1.000     -0.6464E-09  0.4493E-09  0.7079E-11  0.5781E-09
   28.00      0.9999     -0.4301E-09 -0.5599E-10 -0.3227E-11 -0.8071E-10
   29.00      0.9999     -0.2955E-08  0.3792E-09  0.7945E-11  0.4930E-09
   30.00       1.000     -0.5446E-09  0.4052E-09 -0.8136E-11  0.4681E-09
   31.00       1.000     -0.3966E-08 -0.9212E-10  0.3771E-11 -0.1003E-09
   32.00       1.000      0.1978E-09  0.6587E-09 -0.8472E-11  0.7797E-09
   33.00       1.000     -0.1329E-08 -0.7694E-09 -0.4402E-11 -0.9559E-09
   34.00       1.000      0.1320E-08  0.3044E-09  0.1500E-11  0.3773E-09
   35.00       1.000      0.3520E-08 -0.7593E-09 -0.8606E-11 -0.9546E-09
   36.00      0.9998      0.8122E-09 -0.4172E-09  0.1399E-10 -0.4725E-09
   37.00      0.9997      0.4098E-08  0.4543E-09 -0.2366E-11  0.5501E-09
   38.00      0.9997     -0.1673E-08 -0.5875E-09  0.7918E-11 -0.6993E-09
   39.00       1.000     -0.1986E-08  0.1305E-08  0.6809E-11  0.1615E-08
   40.00       1.000     -0.1876E-08  0.8368E-10 -0.1505E-10  0.6662E-10
   41.00       1.001     -0.5000E-08 -0.1462E-09  0.5287E-11 -0.1668E-09
   42.00       1.001      0.2126E-08  0.5534E-09 -0.1373E-10  0.6473E-09
   43.00       1.001      0.1740E-08 -0.1675E-08 -0.4030E-11 -0.2060E-08
   44.00       1.001      0.2523E-08  0.1065E-09  0.1827E-10  0.1683E-09
   45.00       1.001      0.5003E-08  0.2719E-09 -0.5914E-11  0.3212E-09
   46.00       1.001     -0.3348E-08 -0.4512E-09  0.1409E-10 -0.5254E-09
   47.00       1.001     -0.3031E-08  0.1948E-08  0.1859E-11  0.2389E-08
   48.00       1.001     -0.2048E-08 -0.2467E-09 -0.2580E-10 -0.3486E-09
   49.00       1.000     -0.3761E-08 -0.1035E-08  0.7034E-11 -0.1255E-08
   50.00       1.001      0.5197E-08  0.4641E-09 -0.5064E-11  0.5599E-09
   51.00       1.001      0.4871E-08 -0.1712E-08 -0.1345E-11 -0.2099E-08
   52.00       1.002     -0.7047E-09  0.3741E-09  0.3196E-10  0.5081E-09
   53.00       1.004      0.4936E-09  0.2209E-08 -0.1024E-10  0.2690E-08
   54.00       1.006     -0.5660E-08 -0.7999E-09 -0.1575E-10 -0.1003E-08
   55.00       1.008     -0.4843E-08  0.2826E-09  0.6355E-11  0.3551E-09
   56.00       1.010      0.5485E-08 -0.1448E-09 -0.2244E-10 -0.2076E-09
   57.00       1.012      0.3546E-08 -0.2594E-08  0.1117E-10 -0.3162E-08
   58.00       1.014      0.1413E-08  0.1304E-08  0.3594E-10  0.1642E-08
   59.00       1.015      0.1007E-08  0.2039E-08 -0.1876E-10  0.2475E-08
   60.00       1.016     -0.7554E-08 -0.9988E-09 -0.1048E-10 -0.1235E-08
   61.00       1.015     -0.4032E-08  0.6793E-09  0.2953E-11  0.8352E-09
   62.00       1.013      0.6588E-08 -0.7625E-09 -0.2614E-10 -0.9617E-09
   63.00       1.009      0.3494E-08 -0.2786E-08  0.2233E-10 -0.3389E-08
   64.00       1.004      0.6785E-09  0.2237E-08  0.3887E-10  0.2778E-08
   65.00      0.9964     -0.7306E-09  0.2422E-08 -0.3083E-10  0.2938E-08
   66.00      0.9873     -0.7970E-08 -0.1783E-08 -0.1840E-10 -0.2200E-08
   67.00      0.9762     -0.1927E-08 -0.7957E-10  0.1048E-10 -0.8856E-10
   68.00      0.9631      0.9436E-08 -0.5451E-09 -0.1616E-10 -0.6806E-09
   69.00      0.9482      0.3172E-08 -0.2264E-08  0.2538E-10 -0.2754E-08
   70.00      0.9314     -0.3996E-08  0.3033E-08  0.3785E-10  0.3742E-08
   71.00      0.9129     -0.2989E-08  0.2929E-08 -0.4917E-10  0.3554E-08
   72.00      0.8927     -0.4571E-08 -0.3689E-08 -0.3298E-10 -0.4539E-08
   73.00      0.8711      0.1873E-08 -0.1655E-08  0.4036E-10 -0.2002E-08
   74.00      0.8482      0.1076E-07  0.1721E-08  0.7821E-11  0.2112E-08
   75.00      0.8242     -0.1726E-09 -0.5162E-09 -0.1424E-12 -0.6323E-09
   76.00      0.7992     -0.1090E-07  0.1916E-08  0.1958E-10  0.2357E-08
   77.00      0.7734     -0.1924E-08  0.2169E-08 -0.4941E-10  0.2634E-08
   78.00      0.7470      0.4985E-08 -0.5130E-08 -0.3306E-10 -0.6297E-08
   79.00      0.7202      0.4034E-08 -0.2458E-08  0.7890E-10 -0.2980E-08
   80.00      0.6931      0.3804E-08  0.5933E-08  0.2767E-10  0.7276E-08
   81.00      0.6659     -0.5379E-08  0.1491E-08 -0.6848E-10  0.1804E-08
   82.00      0.6388     -0.1113E-07 -0.3549E-08 -0.1030E-10 -0.4349E-08
   83.00      0.6117      0.5010E-08 -0.7342E-10  0.1855E-10 -0.8537E-10
   84.00      0.5850      0.1371E-07 -0.1185E-08 -0.6749E-11 -0.1452E-08
   85.00      0.5586     -0.2356E-08 -0.9010E-09  0.5053E-10 -0.1095E-08
   86.00      0.5326     -0.1061E-07  0.6229E-08  0.1402E-10  0.7631E-08
   87.00      0.5073     -0.2264E-08  0.9983E-09 -0.1082E-09  0.1211E-08
   88.00      0.4825      0.3316E-08 -0.9298E-08 -0.1013E-10 -0.1139E-07
   89.00      0.4585      0.7523E-08 -0.4394E-09  0.1274E-09 -0.5338E-09
   90.00      0.4351      0.5218E-08  0.8854E-08  0.1588E-11  0.1084E-07
   91.00      0.4126     -0.1146E-07 -0.1007E-09 -0.9632E-10 -0.1200E-09
   92.00      0.3908     -0.1196E-07 -0.4735E-08  0.1800E-11 -0.5799E-08
   93.00      0.3699      0.1222E-07 -0.6485E-10  0.2241E-10 -0.8179E-10
   94.00      0.3498      0.1489E-07 -0.1811E-08  0.6871E-11 -0.2219E-08
   95.00      0.3305     -0.8816E-08  0.1206E-08  0.7051E-10  0.1465E-08
   96.00      0.3120     -0.1354E-07  0.8623E-08 -0.2715E-10  0.1057E-07
   97.00      0.2944      0.1593E-08 -0.2968E-08 -0.1515E-09 -0.3598E-08
   98.00      0.2777      0.8841E-08 -0.1342E-07  0.5048E-10 -0.1645E-07
   99.00      0.2617      0.7751E-08  0.4474E-08  0.1934E-09  0.5418E-08
   100.0      0.2465     -0.2476E-08  0.1458E-07 -0.6342E-10  0.1788E-07
   101.0      0.2321     -0.1666E-07 -0.4675E-08 -0.1815E-09 -0.5655E-08
   102.0      0.2185     -0.3805E-08 -0.1159E-07  0.5324E-10 -0.1422E-07
   103.0      0.2055      0.2249E-07  0.2804E-08  0.1171E-09  0.3379E-08
   104.0      0.1933      0.8767E-08  0.5189E-08 -0.1357E-10  0.6362E-08
   105.0      0.1818     -0.2331E-07  0.1262E-08 -0.1677E-10  0.1555E-08
   106.0      0.1709     -0.1193E-07  0.2995E-08 -0.5200E-10  0.3698E-08
   107.0      0.1606      0.1843E-07 -0.6851E-08 -0.9425E-10 -0.8334E-08
   108.0      0.1510      0.1346E-07 -0.1093E-07  0.1297E-09 -0.1347E-07
   109.0      0.1419     -0.8614E-08  0.1262E-07  0.1893E-09  0.1532E-07
   110.0      0.1333     -0.1388E-07  0.1678E-07 -0.1989E-09  0.2070E-07
   111.0      0.1252     -0.4160E-08 -0.1688E-07 -0.2475E-09 -0.2048E-07
   112.0      0.1177      0.1367E-07 -0.1937E-07  0.2373E-09 -0.2391E-07
   113.0      0.1106      0.1725E-07  0.1807E-07  0.2588E-09  0.2191E-07
   114.0      0.1039     -0.1301E-07  0.1839E-07 -0.2272E-09  0.2272E-07
   115.0      0.9768E-01 -0.2801E-07 -0.1518E-07 -0.2245E-09 -0.1838E-07
   116.0      0.9182E-01  0.1171E-07 -0.1437E-07  0.1604E-09 -0.1776E-07
   117.0      0.8633E-01  0.3440E-07  0.8017E-08  0.1561E-09  0.9660E-08
   118.0      0.8119E-01 -0.9240E-08  0.8448E-08 -0.4040E-10  0.1039E-07
   119.0      0.7638E-01 -0.3538E-07  0.2674E-08 -0.7061E-10  0.3354E-08
   120.0      0.7187E-01  0.5032E-08 -0.1975E-08 -0.1175E-09 -0.2283E-08
   121.0      0.6766E-01  0.3107E-07 -0.1538E-07 -0.1406E-10 -0.1882E-07
   122.0      0.6371E-01  0.1318E-08 -0.3811E-08  0.2894E-09 -0.5029E-08
   123.0      0.6002E-01 -0.2260E-07  0.2810E-07  0.8368E-10  0.3431E-07
   124.0      0.5656E-01 -0.9801E-08  0.8082E-08 -0.4477E-09  0.1050E-07
   125.0      0.5333E-01  0.1173E-07 -0.3875E-07 -0.1305E-09 -0.4727E-07
   126.0      0.5031E-01  0.1991E-07 -0.1056E-07  0.5658E-09 -0.1375E-07
   127.0      0.4748E-01 -0.4951E-09  0.4550E-07  0.1543E-09  0.5549E-07
   128.0      0.4484E-01 -0.3065E-07  0.1150E-07 -0.6231E-09  0.1506E-07
   129.0      0.4237E-01 -0.9304E-08 -0.4713E-07 -0.1612E-09 -0.5746E-07
   130.0      0.4006E-01  0.4073E-07 -0.1158E-07  0.6083E-09 -0.1520E-07
   131.0      0.3790E-01  0.1637E-07  0.4318E-07  0.1616E-09  0.5261E-07
   132.0      0.3588E-01 -0.4876E-07  0.1168E-07 -0.5202E-09  0.1524E-07
   133.0      0.3399E-01 -0.2011E-07 -0.3397E-07 -0.1673E-09 -0.4129E-07
   134.0      0.3222E-01  0.5350E-07 -0.1267E-07  0.3678E-09 -0.1623E-07
   135.0      0.3057E-01  0.2067E-07  0.2048E-07  0.1887E-09  0.2470E-07
   136.0      0.2902E-01 -0.5409E-07  0.1522E-07 -0.1674E-09  0.1898E-07
   137.0      0.2758E-01 -0.1877E-07 -0.4173E-08 -0.2326E-09 -0.4612E-08
   138.0      0.2622E-01  0.5017E-07 -0.1966E-07 -0.5952E-10 -0.2394E-07
   139.0      0.2496E-01  0.1558E-07 -0.1325E-07  0.3012E-09 -0.1692E-07
   140.0      0.2378E-01 -0.4193E-07  0.2594E-07  0.2906E-09  0.3108E-07
   141.0      0.2267E-01 -0.1240E-07  0.3013E-07 -0.3915E-09  0.3787E-07
   142.0      0.2163E-01  0.3007E-07 -0.3367E-07 -0.5046E-09 -0.3995E-07
   143.0      0.2066E-01  0.1049E-07 -0.4501E-07  0.4966E-09 -0.5645E-07
   144.0      0.1976E-01 -0.1566E-07  0.4217E-07  0.6850E-09  0.4976E-07
   145.0      0.1891E-01 -0.1087E-07  0.5684E-07 -0.6063E-09  0.7134E-07
   146.0      0.1811E-01  0.4227E-10 -0.5061E-07 -0.8203E-09 -0.5955E-07
   147.0      0.1737E-01  0.1417E-07 -0.6499E-07  0.7097E-09 -0.8178E-07
   148.0      0.1667E-01  0.1541E-07  0.5812E-07  0.9053E-09  0.6829E-07
   149.0      0.1602E-01 -0.2068E-07  0.6930E-07 -0.7958E-09  0.8752E-07
   150.0      0.1541E-01 -0.2940E-07 -0.6393E-07 -0.9404E-09 -0.7504E-07
   151.0      0.1484E-01  0.3028E-07 -0.7001E-07  0.8553E-09 -0.8883E-07
   152.0      0.1431E-01  0.4083E-07  0.6742E-07  0.9311E-09  0.7907E-07
   153.0      0.1381E-01 -0.4257E-07  0.6768E-07 -0.8817E-09  0.8635E-07
   154.0      0.1335E-01 -0.4889E-07 -0.6820E-07 -0.8860E-09 -0.7990E-07
   155.0      0.1291E-01  0.5694E-07 -0.6307E-07  0.8713E-09 -0.8099E-07
   156.0      0.1250E-01  0.5307E-07  0.6612E-07  0.8160E-09  0.7732E-07
   157.0      0.1213E-01 -0.7270E-07  0.5706E-07 -0.8237E-09  0.7376E-07
   158.0      0.1177E-01 -0.5314E-07 -0.6126E-07 -0.7329E-09 -0.7140E-07
   159.0      0.1144E-01  0.8916E-07 -0.5051E-07  0.7411E-09 -0.6573E-07
   160.0      0.1114E-01  0.4911E-07  0.5388E-07  0.6475E-09  0.6243E-07
   161.0      0.1085E-01 -0.1057E-06  0.4424E-07 -0.6278E-09  0.5783E-07
   162.0      0.1059E-01 -0.4117E-07 -0.4438E-07 -0.5700E-09 -0.5085E-07
   163.0      0.1034E-01  0.1220E-06 -0.3894E-07  0.4896E-09 -0.5089E-07
   164.0      0.1012E-01  0.2956E-07  0.3325E-07  0.5084E-09  0.3717E-07
   165.0      0.9909E-02 -0.1377E-06  0.3514E-07 -0.3327E-09  0.4552E-07
   166.0      0.9717E-02 -0.1449E-07 -0.2096E-07 -0.4690E-09 -0.2191E-07
   167.0      0.9542E-02  0.1530E-06 -0.3327E-07  0.1629E-09 -0.4215E-07
   168.0      0.9382E-02 -0.3994E-08  0.7980E-08  0.4563E-09  0.5480E-08
   169.0      0.9237E-02 -0.1683E-06  0.3363E-07  0.1514E-10  0.4103E-07
   170.0      0.9107E-02  0.2617E-07  0.5403E-08 -0.4737E-09  0.1199E-07
   171.0      0.8990E-02  0.1846E-06 -0.3651E-07 -0.2002E-09 -0.4219E-07
   172.0      0.8887E-02 -0.5300E-07 -0.1913E-07  0.5247E-09 -0.3089E-07
   173.0      0.8796E-02 -0.2041E-06  0.4237E-07  0.3966E-09  0.4544E-07
   174.0      0.8719E-02  0.8687E-07  0.3367E-07 -0.6162E-09  0.5296E-07
   175.0      0.8653E-02  0.2323E-06 -0.5240E-07 -0.6247E-09 -0.4990E-07
   176.0      0.8600E-02 -0.1341E-06 -0.5089E-07  0.7679E-09 -0.8429E-07
   177.0      0.8559E-02 -0.2877E-06  0.7085E-07  0.9630E-09  0.5003E-07
   178.0      0.8530E-02  0.2164E-06  0.7857E-07 -0.1056E-08  0.1567E-06
   179.0      0.8513E-02  0.5256E-06 -0.1280E-06 -0.2076E-08  0.8112E-07
   180.0      0.8507E-02  0.7481E-08 -0.2696E-06 -0.2880E-10  0.1004E-10
 END
