# Fusion cross sections for ELAB=  35.000, ECM=  33.858
     0.5   2.840       2.840       0.000    
     1.5   11.36       11.36       0.000    
     2.5   17.02       17.02       0.000    
     3.5   22.67       22.67       0.000    
     4.5   28.28       28.28       0.000    
     5.5   33.84       33.84       0.000    
     6.5   39.30       39.30       0.000    
     7.5   44.60       44.60       0.000    
     8.5   49.63       49.63       0.000    
     9.5   54.24       54.24       0.000    
    10.5   58.17       58.17       0.000    
    11.5   61.11       61.11       0.000    
    12.5   62.69       62.69       0.000    
    13.5   62.57       62.57       0.000    
    14.5   60.59       60.59       0.000    
    15.5   56.82       56.82       0.000    
    16.5   51.60       51.60       0.000    
    17.5   45.45       45.45       0.000    
    18.5   38.96       38.96       0.000    
    19.5   32.61       32.61       0.000    
    20.5   26.77       26.77       0.000    
    21.5   21.61       21.61       0.000    
    22.5   17.21       17.21       0.000    
    23.5   13.56       13.56       0.000    
    24.5   10.58       10.58       0.000    
    25.5   8.185       8.185       0.000    
    26.5   6.291       6.291       0.000    
    27.5   4.806       4.806       0.000    
    28.5   3.652       3.652       0.000    
    29.5   2.762       2.762       0.000    
    30.5   2.080       2.080       0.000    
    31.5   1.560       1.560       0.000    
    32.5   1.167       1.167       0.000    
    33.5  0.8692      0.8692       0.000    
    34.5  0.6458      0.6458       0.000    
    35.5  0.4784      0.4784       0.000    
    36.5  0.3535      0.3535       0.000    
    37.5  0.2606      0.2606       0.000    
    38.5  0.1917      0.1917       0.000    
    39.5  0.1407      0.1407       0.000    
    40.5  0.1031      0.1031       0.000    
    41.5  0.7535E-01  0.7535E-01   0.000    
    42.5  0.5499E-01  0.5499E-01   0.000    
    43.5  0.4007E-01  0.4007E-01   0.000    
    44.5  0.2915E-01  0.2915E-01   0.000    
    45.5  0.2117E-01  0.2117E-01   0.000    
    46.5  0.1536E-01  0.1536E-01   0.000    
    47.5  0.1112E-01  0.1112E-01   0.000    
    48.5  0.8046E-02  0.8046E-02   0.000    
    49.5  0.5814E-02  0.5814E-02   0.000    
    50.5  0.4195E-02  0.4195E-02   0.000    
    51.5  0.3024E-02  0.3024E-02   0.000    
    52.5  0.2178E-02  0.2178E-02   0.000    
    53.5  0.1567E-02  0.1567E-02   0.000    
    54.5  0.1126E-02  0.1126E-02   0.000    
    55.5  0.8083E-03  0.8083E-03   0.000    
    56.5  0.5798E-03  0.5798E-03   0.000    
    57.5  0.4156E-03  0.4156E-03   0.000    
    58.5  0.2976E-03  0.2976E-03   0.000    
    59.5  0.2129E-03  0.2129E-03   0.000    
    60.5  0.1523E-03  0.1523E-03   0.000    
    61.5  0.1088E-03  0.1088E-03   0.000    
    62.5  0.7767E-04  0.7767E-04   0.000    
    63.5  0.5542E-04  0.5542E-04   0.000    
    64.5  0.3952E-04  0.3952E-04   0.000    
    65.5  0.2816E-04  0.2816E-04   0.000    
    66.5  0.2005E-04  0.2005E-04   0.000    
    67.5  0.1427E-04  0.1427E-04   0.000    
    68.5  0.1015E-04  0.1015E-04   0.000    
    69.5  0.7219E-05  0.7219E-05   0.000    
    70.5  0.5129E-05  0.5129E-05   0.000    
    71.5  0.3643E-05  0.3643E-05   0.000    
    72.5  0.2586E-05  0.2586E-05   0.000    
    73.5  0.1835E-05  0.1835E-05   0.000    
    74.5  0.1301E-05  0.1301E-05   0.000    
    75.5  0.9225E-06  0.9225E-06   0.000    
    76.5  0.6536E-06  0.6536E-06   0.000    
    77.5  0.4630E-06  0.4630E-06   0.000    
    78.5  0.3278E-06  0.3278E-06   0.000    
    79.5  0.2320E-06  0.2320E-06   0.000    
    80.5  0.1641E-06  0.1641E-06   0.000    
    81.5  0.1161E-06  0.1161E-06   0.000    
    82.5  0.8204E-07  0.8204E-07   0.000    
    83.5  0.5798E-07  0.5798E-07   0.000    
    84.5  0.4096E-07  0.4096E-07   0.000    
    85.5  0.2892E-07  0.2892E-07   0.000    
    86.5  0.2042E-07  0.2042E-07   0.000    
    87.5  0.1441E-07  0.1441E-07   0.000    
    88.5  0.1017E-07  0.1017E-07   0.000    
    89.5  0.7168E-08  0.7168E-08   0.000    
    90.5  0.5054E-08  0.5054E-08   0.000    
 &
