# 181 angles,  3 tensor ranks for 0=projectile
@subtitle   "9Be(6Li,d)13C CDCC+CRC, adapted from 58Ni(6Li,d) 31-channel card"              
@legend ON
@legend x1 0.2
@legend y1 0.8
@g0 type LOGY
@yaxis ticklabel format power
@legend string   0 "Lab energy =   32.0000"
#legend string   0 "Partition=  1 Excit= 10 near/far= 1"
#  Theta       sigma       iT11        T20         T21         T22         Kyy for projectile
   0.000      0.9668E-01   0.000      0.7071       0.000       0.000    
   1.000      0.9543E-01 -0.5068E-01  0.7034      0.5237E-03  0.4177E-02
   2.000      0.9167E-01 -0.9489E-01  0.6940      0.4433E-02  0.1606E-01
   3.000      0.8541E-01 -0.1271      0.6827      0.1448E-01  0.3406E-01
   4.000      0.7687E-01 -0.1431      0.6740      0.3236E-01  0.5658E-01
   5.000      0.6666E-01 -0.1395      0.6706      0.5854E-01  0.8283E-01
   6.000      0.5571E-01 -0.1129      0.6720      0.9176E-01  0.1136    
   7.000      0.4507E-01 -0.6071E-01  0.6720      0.1281      0.1509    
   8.000      0.3564E-01  0.1648E-01  0.6585      0.1595      0.1978    
   9.000      0.2789E-01  0.1105      0.6161      0.1743      0.2554    
   10.00      0.2181E-01  0.2030      0.5345      0.1605      0.3204    
   11.00      0.1706E-01  0.2708      0.4173      0.1123      0.3845    
   12.00      0.1319E-01  0.2957      0.2819      0.3358E-01  0.4373    
   13.00      0.9875E-02  0.2692      0.1490     -0.6676E-01  0.4693    
   14.00      0.7013E-02  0.1864      0.3552E-01 -0.1795      0.4697    
   15.00      0.4675E-02  0.3724E-01 -0.4102E-01 -0.2914      0.4193    
   16.00      0.2982E-02 -0.1863     -0.4564E-01 -0.3641      0.2865    
   17.00      0.1978E-02 -0.4302      0.7910E-01 -0.3048      0.6737E-01
   18.00      0.1581E-02 -0.5043      0.3128     -0.5684E-01 -0.9568E-01
   19.00      0.1607E-02 -0.3349      0.4765      0.1980     -0.3345E-01
   20.00      0.1840E-02 -0.1181      0.5030      0.2993      0.1609    
   21.00      0.2099E-02  0.2941E-01  0.4636      0.2856      0.3519    
   22.00      0.2273E-02  0.1098      0.4093      0.2200      0.4957    
   23.00      0.2321E-02  0.1487      0.3556      0.1327      0.5840    
   24.00      0.2250E-02  0.1683      0.3037      0.3503E-01  0.6115    
   25.00      0.2085E-02  0.1876      0.2502     -0.6876E-01  0.5725    
   26.00      0.1863E-02  0.2246      0.1898     -0.1748      0.4630    
   27.00      0.1618E-02  0.2970      0.1161     -0.2747      0.2856    
   28.00      0.1385E-02  0.4162      0.2396E-01 -0.3504      0.5643E-01
   29.00      0.1201E-02  0.5743     -0.8577E-01 -0.3715     -0.1805    
   30.00      0.1099E-02  0.7246     -0.1989     -0.3101     -0.3439    
   31.00      0.1109E-02  0.7941     -0.2883     -0.1805     -0.3565    
   32.00      0.1248E-02  0.7544     -0.3365     -0.5149E-01 -0.2311    
   33.00      0.1523E-02  0.6568     -0.3518      0.1864E-01 -0.6568E-01
   34.00      0.1924E-02  0.5668     -0.3513      0.2796E-01  0.6116E-01
   35.00      0.2428E-02  0.5139     -0.3441      0.4038E-02  0.1291    
   36.00      0.2999E-02  0.4978     -0.3310     -0.2825E-01  0.1489    
   37.00      0.3594E-02  0.5072     -0.3099     -0.5516E-01  0.1373    
   38.00      0.4161E-02  0.5304     -0.2792     -0.7159E-01  0.1077    
   39.00      0.4654E-02  0.5579     -0.2387     -0.7734E-01  0.6915E-01
   40.00      0.5028E-02  0.5834     -0.1893     -0.7457E-01  0.2750E-01
   41.00      0.5250E-02  0.6030     -0.1326     -0.6621E-01 -0.1361E-01
   42.00      0.5300E-02  0.6149     -0.7038E-01 -0.5523E-01 -0.5189E-01
   43.00      0.5175E-02  0.6182     -0.4289E-02 -0.4432E-01 -0.8579E-01
   44.00      0.4889E-02  0.6127      0.6423E-01 -0.3583E-01 -0.1140    
   45.00      0.4472E-02  0.5984      0.1339     -0.3188E-01 -0.1353    
   46.00      0.3966E-02  0.5755      0.2032     -0.3441E-01 -0.1476    
   47.00      0.3417E-02  0.5441      0.2702     -0.4513E-01 -0.1482    
   48.00      0.2872E-02  0.5050      0.3317     -0.6507E-01 -0.1332    
   49.00      0.2369E-02  0.4597      0.3829     -0.9381E-01 -0.9794E-01
   50.00      0.1934E-02  0.4112      0.4181     -0.1281     -0.3810E-01
   51.00      0.1581E-02  0.3647      0.4316     -0.1606      0.4740E-01
   52.00      0.1309E-02  0.3263      0.4216     -0.1805      0.1527    
   53.00      0.1112E-02  0.3011      0.3929     -0.1764      0.2628    
   54.00      0.9737E-03  0.2900      0.3572     -0.1426      0.3574    
   55.00      0.8804E-03  0.2891      0.3283     -0.8331E-01  0.4187    
   56.00      0.8177E-03  0.2919      0.3155     -0.1012E-01  0.4393    
   57.00      0.7738E-03  0.2930      0.3205      0.6338E-01  0.4233    
   58.00      0.7393E-03  0.2902      0.3397      0.1272      0.3812    
   59.00      0.7078E-03  0.2837      0.3669      0.1766      0.3248    
   60.00      0.6749E-03  0.2754      0.3965      0.2112      0.2640    
   61.00      0.6384E-03  0.2675      0.4245      0.2329      0.2055    
   62.00      0.5982E-03  0.2621      0.4481      0.2444      0.1529    
   63.00      0.5555E-03  0.2609      0.4656      0.2488      0.1082    
   64.00      0.5129E-03  0.2651      0.4752      0.2490      0.7221E-01
   65.00      0.4733E-03  0.2748      0.4756      0.2483      0.4525E-01
   66.00      0.4398E-03  0.2884      0.4657      0.2503      0.2732E-01
   67.00      0.4143E-03  0.3024      0.4459      0.2582      0.1772E-01
   68.00      0.3972E-03  0.3122      0.4191      0.2740      0.1447E-01
   69.00      0.3873E-03  0.3139      0.3903      0.2969      0.1445E-01
   70.00      0.3819E-03  0.3058      0.3648      0.3245      0.1419E-01
   71.00      0.3778E-03  0.2888      0.3464      0.3533      0.1105E-01
   72.00      0.3718E-03  0.2650      0.3368      0.3804      0.3733E-02
   73.00      0.3617E-03  0.2367      0.3354      0.4038     -0.7792E-02
   74.00      0.3464E-03  0.2057      0.3411      0.4226     -0.2271E-01
   75.00      0.3258E-03  0.1728      0.3525      0.4363     -0.3977E-01
   76.00      0.3008E-03  0.1382      0.3682      0.4450     -0.5750E-01
   77.00      0.2729E-03  0.1011      0.3875      0.4483     -0.7434E-01
   78.00      0.2436E-03  0.6078E-01  0.4101      0.4453     -0.8853E-01
   79.00      0.2145E-03  0.1658E-01  0.4358      0.4344     -0.9806E-01
   80.00      0.1871E-03 -0.3115E-01  0.4645      0.4131     -0.1005    
   81.00      0.1625E-03 -0.8057E-01  0.4959      0.3788     -0.9296E-01
   82.00      0.1412E-03 -0.1282      0.5288      0.3300     -0.7247E-01
   83.00      0.1236E-03 -0.1692      0.5608      0.2672     -0.3663E-01
   84.00      0.1096E-03 -0.1987      0.5887      0.1941      0.1494E-01
   85.00      0.9886E-04 -0.2136      0.6093      0.1173      0.7961E-01
   86.00      0.9068E-04 -0.2140      0.6205      0.4467E-01  0.1520    
   87.00      0.8425E-04 -0.2030      0.6227     -0.1781E-01  0.2258    
   88.00      0.7879E-04 -0.1855      0.6172     -0.6716E-01  0.2962    
   89.00      0.7374E-04 -0.1658      0.6060     -0.1032      0.3610    
   90.00      0.6873E-04 -0.1472      0.5904     -0.1271      0.4196    
   91.00      0.6361E-04 -0.1316      0.5716     -0.1405      0.4726    
   92.00      0.5836E-04 -0.1199      0.5510     -0.1450      0.5202    
   93.00      0.5305E-04 -0.1129      0.5300     -0.1416      0.5627    
   94.00      0.4779E-04 -0.1111      0.5094     -0.1311      0.5991    
   95.00      0.4272E-04 -0.1148      0.4885     -0.1140      0.6279    
   96.00      0.3800E-04 -0.1240      0.4649     -0.9034E-01  0.6467    
   97.00      0.3378E-04 -0.1379      0.4345     -0.5963E-01  0.6521    
   98.00      0.3020E-04 -0.1552      0.3925     -0.2077E-01  0.6406    
   99.00      0.2738E-04 -0.1740      0.3353      0.2737E-01  0.6098    
   100.0      0.2539E-04 -0.1924      0.2621      0.8451E-01  0.5599    
   101.0      0.2430E-04 -0.2089      0.1771      0.1472      0.4959    
   102.0      0.2405E-04 -0.2229      0.8937E-01  0.2091      0.4265    
   103.0      0.2450E-04 -0.2345      0.8738E-02  0.2640      0.3607    
   104.0      0.2539E-04 -0.2447     -0.5843E-01  0.3091      0.3035    
   105.0      0.2646E-04 -0.2541     -0.1109      0.3456      0.2553    
   106.0      0.2745E-04 -0.2626     -0.1506      0.3764      0.2139    
   107.0      0.2816E-04 -0.2687     -0.1806      0.4050      0.1767    
   108.0      0.2844E-04 -0.2705     -0.2029      0.4337      0.1418    
   109.0      0.2817E-04 -0.2655     -0.2184      0.4647      0.1074    
   110.0      0.2728E-04 -0.2513     -0.2264      0.4993      0.7246E-01
   111.0      0.2576E-04 -0.2247     -0.2258      0.5379      0.3565E-01
   112.0      0.2370E-04 -0.1820     -0.2150      0.5796     -0.3931E-02
   113.0      0.2130E-04 -0.1179     -0.1945      0.6204     -0.4663E-01
   114.0      0.1883E-04 -0.2697E-01 -0.1685      0.6531     -0.9167E-01
   115.0      0.1659E-04  0.9328E-01 -0.1486      0.6672     -0.1362    
   116.0      0.1485E-04  0.2359     -0.1547      0.6525     -0.1742    
   117.0      0.1381E-04  0.3787     -0.2067      0.6076     -0.1979    
   118.0      0.1353E-04  0.4896     -0.3059      0.5476     -0.2025    
   119.0      0.1394E-04  0.5483     -0.4252      0.4990     -0.1929    
   120.0      0.1482E-04  0.5599     -0.5256      0.4811     -0.1812    
   121.0      0.1584E-04  0.5443     -0.5791      0.4976     -0.1800    
   122.0      0.1672E-04  0.5205     -0.5730      0.5393     -0.1975    
   123.0      0.1731E-04  0.5001     -0.5038      0.5908     -0.2377    
   124.0      0.1758E-04  0.4882     -0.3738      0.6320     -0.3011    
   125.0      0.1765E-04  0.4863     -0.1936      0.6403     -0.3840    
   126.0      0.1768E-04  0.4933      0.1381E-01  0.5950     -0.4774    
   127.0      0.1779E-04  0.5061      0.2141      0.4861     -0.5675    
   128.0      0.1806E-04  0.5204      0.3697      0.3199     -0.6387    
   129.0      0.1851E-04  0.5326      0.4520      0.1184     -0.6783    
   130.0      0.1911E-04  0.5415      0.4502     -0.8778E-01 -0.6804    
   131.0      0.1977E-04  0.5486      0.3731     -0.2693     -0.6473    
   132.0      0.2036E-04  0.5572      0.2441     -0.4057     -0.5877    
   133.0      0.2074E-04  0.5703      0.9294E-01 -0.4870     -0.5128    
   134.0      0.2080E-04  0.5889     -0.5103E-01 -0.5128     -0.4326    
   135.0      0.2046E-04  0.6116     -0.1620     -0.4886     -0.3549    
   136.0      0.1970E-04  0.6346     -0.2192     -0.4250     -0.2859    
   137.0      0.1856E-04  0.6517     -0.2073     -0.3364     -0.2313    
   138.0      0.1717E-04  0.6541     -0.1184     -0.2418     -0.1971    
   139.0      0.1572E-04  0.6288      0.4257E-01 -0.1649     -0.1897    
   140.0      0.1449E-04  0.5601      0.2480     -0.1334     -0.2120    
   141.0      0.1379E-04  0.4391      0.4375     -0.1704     -0.2582    
   142.0      0.1385E-04  0.2793      0.5349     -0.2752     -0.3097    
   143.0      0.1474E-04  0.1185      0.5020     -0.4143     -0.3447    
   144.0      0.1638E-04 -0.7607E-02  0.3670     -0.5441     -0.3533    
   145.0      0.1849E-04 -0.8648E-01  0.1887     -0.6402     -0.3399    
   146.0      0.2073E-04 -0.1239      0.1244E-01 -0.7002     -0.3134    
   147.0      0.2277E-04 -0.1305     -0.1399     -0.7311     -0.2801    
   148.0      0.2434E-04 -0.1145     -0.2613     -0.7410     -0.2430    
   149.0      0.2525E-04 -0.8072E-01 -0.3504     -0.7357     -0.2032    
   150.0      0.2539E-04 -0.3179E-01 -0.4068     -0.7185     -0.1604    
   151.0      0.2477E-04  0.3081E-01 -0.4287     -0.6896     -0.1138    
   152.0      0.2348E-04  0.1054     -0.4127     -0.6470     -0.6255E-01
   153.0      0.2169E-04  0.1887     -0.3537     -0.5869     -0.6734E-02
   154.0      0.1957E-04  0.2741     -0.2458     -0.5053      0.5084E-01
   155.0      0.1734E-04  0.3488     -0.8394E-01 -0.4008      0.1029    
   156.0      0.1520E-04  0.3907      0.1311     -0.2778      0.1364    
   157.0      0.1345E-04  0.3656      0.3797     -0.1537      0.1321    
   158.0      0.1240E-04  0.2396      0.6011     -0.6742E-01  0.7299E-01
   159.0      0.1241E-04  0.1960E-01  0.6968     -0.6880E-01 -0.3462E-01
   160.0      0.1373E-04 -0.2167      0.6075     -0.1708     -0.1490    
   161.0      0.1651E-04 -0.3795      0.3817     -0.3261     -0.2254    
   162.0      0.2073E-04 -0.4405      0.1145     -0.4745     -0.2511    
   163.0      0.2627E-04 -0.4210     -0.1323     -0.5839     -0.2371    
   164.0      0.3298E-04 -0.3516     -0.3382     -0.6468     -0.1979    
   165.0      0.4063E-04 -0.2554     -0.5018     -0.6659     -0.1444    
   166.0      0.4899E-04 -0.1471     -0.6263     -0.6469     -0.8403E-01
   167.0      0.5772E-04 -0.3617E-01 -0.7147     -0.5959     -0.2253E-01
   168.0      0.6649E-04  0.7140E-01 -0.7683     -0.5182      0.3575E-01
   169.0      0.7493E-04  0.1714     -0.7868     -0.4193      0.8735E-01
   170.0      0.8269E-04  0.2606     -0.7686     -0.3048      0.1295    
   171.0      0.8944E-04  0.3363     -0.7118     -0.1814      0.1598    
   172.0      0.9489E-04  0.3961     -0.6152     -0.5703E-01  0.1766    
   173.0      0.9878E-04  0.4375     -0.4788      0.5967E-01  0.1791    
   174.0      0.1010E-03  0.4575     -0.3050      0.1593      0.1672    
   175.0      0.1018E-03  0.4524     -0.1005      0.2319      0.1424    
   176.0      0.1014E-03  0.4182      0.1217      0.2679      0.1080    
   177.0      0.1004E-03  0.3523      0.3403      0.2598      0.6954E-01
   178.0      0.9928E-04  0.2559      0.5277      0.2061      0.3409E-01
   179.0      0.9846E-04  0.1348      0.6548      0.1141      0.9045E-02
   180.0      0.9816E-04   0.000      0.7000       0.000       0.000    
 END
