         1  3.9689E-09
         2  7.9063E-09
         3 -4.0297E-09
         4  6.7940E-08
         5 -1.7304E-08
         6  6.4997E-08
         7  1.2900E-09
         8  1.6383E-07
         9 -4.5803E-07
        10 -9.0565E-08
        11 -2.6693E-07
        12  1.4430E-07
        13 -1.8717E-06
        14 -5.1991E-07
        15  2.1700E-07
        16 -2.2262E-06
        17 -5.3554E-06
        18  8.6178E-06
        19 -2.9357E-07
        20 -3.8660E-08
        21  7.7867E-07
        22 -1.3696E-07
        23 -7.4585E-06
        24 -9.7181E-06
        25  1.2221E-05
        26 -1.0011E-05
        27 -1.1556E-05
        28 -1.0842E-05
        29  1.9316E-06
        30 -2.9553E-05
        31 -2.4576E-05
        32  4.0186E-05
        33 -2.5888E-05
        34 -7.9580E-05
        35 -1.1980E-04
        36  1.1913E-04
        37 -7.0321E-05
        38 -7.3500E-05
        39  6.1731E-05
        40 -8.5244E-06
        41 -1.4408E-05
        42  2.3739E-04
        43 -4.1426E-05
        44 -1.5015E-04
        45  2.9740E-04
        46  3.0626E-04
        47  2.2672E-04
        48  4.3889E-04
        49  2.4911E-04
        50 -1.0038E-04
        51  1.2674E-04
        52  4.5297E-04
        53  1.8066E-04
        54  1.8227E-04
        55 -5.8322E-05
        56 -8.2440E-05
        57 -3.2833E-04
        58  3.8876E-04
        59 -3.4659E-04
        60 -6.2867E-05
        61 -6.5201E-04
        62 -3.7619E-04
        63  7.2742E-04
        64 -6.6048E-04
        65  3.7924E-05
        66 -9.4079E-05
        67 -2.7400E-04
        68 -2.4040E-04
        69 -2.6492E-04
        70  2.5793E-04
        71 -2.9549E-05
        72 -1.8786E-04
        73  1.6934E-04
        74  8.8906E-04
        75 -6.2871E-05
        76 -1.0674E-03
        77  2.7372E-04
        78  5.0077E-04
        79 -2.0149E-04
        80 -8.0261E-04
        81  5.0072E-04
        82  1.6325E-04
        83 -6.5896E-04
        84 -7.3026E-05
        85  1.3095E-05
        86 -1.8043E-04
        87 -6.6010E-04
        88  3.7374E-04
        89  5.1042E-04
        90  3.2356E-04
        91  2.1646E-04
        92  4.6117E-04
        93  4.6958E-04
        94  1.3061E-04
        95  3.7965E-04
        96  3.8835E-04
        97  1.5778E-04
        98  2.7416E-04
        99  3.7056E-04
       100  3.6723E-04
       101  4.7177E-04
       102  4.7662E-04
       103  4.7163E-04
       104  5.1309E-04
       105  5.4136E-04
       106  5.7753E-04
       107  6.1962E-04
       108  6.6014E-04
       109  7.0196E-04
       110  7.5134E-04
       111  7.9072E-04
       112  8.4684E-04
       113  8.8879E-04
       114  9.0870E-04
       115  1.0185E-03
       116  1.0641E-03
       117  9.9675E-04
       118  1.1895E-03
       119  1.4006E-03
       120  1.3983E-03
       121  1.4034E-03
       122  1.6630E-03
       123  1.5297E-03
       124  1.7714E-03
       125  1.9367E-03
       126  1.8027E-03
       127  2.1415E-03
       128  1.9878E-03
       129  2.1013E-03
       130  2.5475E-03
       131  2.2470E-03
       132  2.0042E-03
       133  2.6998E-03
       134  3.3125E-03
       135  2.4566E-03
       136  3.1691E-03
       137  3.4601E-03
       138  3.4320E-03
       139  3.7228E-03
       140  3.9524E-03
       141  4.3178E-03
       142  4.0796E-03
       143  4.6215E-03
       144  4.9335E-03
       145  5.4043E-03
       146  4.9469E-03
       147  5.2316E-03
       148  5.4529E-03
       149  5.8489E-03
       150  6.3487E-03
       151  6.3683E-03
       152  6.8587E-03
       153  7.1249E-03
       154  7.4378E-03
       155  7.6599E-03
       156  8.0175E-03
       157  8.4021E-03
       158  8.6747E-03
       159  9.1121E-03
       160  9.4984E-03
       161  9.8747E-03
       162  1.0376E-02
       163  1.0779E-02
       164  1.1262E-02
       165  1.1718E-02
       166  1.2215E-02
       167  1.2726E-02
       168  1.3254E-02
       169  1.3801E-02
       170  1.4364E-02
       171  1.4942E-02
       172  1.5554E-02
       173  1.6153E-02
       174  1.6850E-02
       175  1.7491E-02
       176  1.8160E-02
       177  1.8867E-02
       178  1.9702E-02
       179  2.0450E-02
       180  2.1101E-02
       181  2.2041E-02
       182  2.2851E-02
       183  2.3770E-02
       184  2.4554E-02
       185  2.5527E-02
       186  2.6497E-02
       187  2.7665E-02
       188  2.8671E-02
       189  2.9581E-02
       190  3.0703E-02
       191  3.1776E-02
       192  3.3065E-02
       193  3.4279E-02
       194  3.5701E-02
       195  3.6509E-02
       196  3.8229E-02
       197  3.9303E-02
       198  4.0861E-02
       199  4.2139E-02
       200  4.3380E-02
       201  4.5264E-02
       202  4.6686E-02
       203  4.8164E-02
       204  5.0141E-02
       205  5.1959E-02
       206  5.3781E-02
       207  5.5780E-02
       208  5.7677E-02
       209  5.9293E-02
       210  6.1447E-02
       211  6.3443E-02
       212  6.5617E-02
       213  6.7789E-02
       214  7.0129E-02
       215  7.2561E-02
       216  7.4848E-02
       217  7.7404E-02
       218  7.9855E-02
       219  8.2570E-02
       220  8.5264E-02
       221  8.8071E-02
       222  9.0933E-02
       223  9.3882E-02
       224  9.6921E-02
       225  1.0005E-01
       226  1.0328E-01
       227  1.0659E-01
       228  1.1000E-01
       229  1.1352E-01
       230  1.1713E-01
       231  1.2086E-01
       232  1.2467E-01
       233  1.2864E-01
       234  1.3266E-01
       235  1.3684E-01
       236  1.4112E-01
       237  1.4558E-01
       238  1.5002E-01
       239  1.5477E-01
       240  1.5968E-01
       241  1.6454E-01
       242  1.6963E-01
       243  1.7479E-01
       244  1.8031E-01
       245  1.8581E-01
       246  1.9154E-01
       247  1.9728E-01
       248  2.0350E-01
       249  2.0961E-01
       250  2.1616E-01
       251  2.2261E-01
       252  2.2945E-01
       253  2.3629E-01
       254  2.4336E-01
       255  2.5097E-01
       256  2.5850E-01
       257  2.6633E-01
       258  2.7468E-01
       259  2.8273E-01
       260  2.9136E-01
       261  3.0002E-01
       262  3.0945E-01
       263  3.1834E-01
       264  3.2782E-01
       265  3.3767E-01
       266  3.4794E-01
       267  3.5832E-01
       268  3.6918E-01
       269  3.8037E-01
       270  3.9170E-01
       271  4.0344E-01
       272  4.1547E-01
       273  4.2798E-01
       274  4.4097E-01
       275  4.5418E-01
       276  4.6781E-01
       277  4.8192E-01
       278  4.9639E-01
       279  5.1141E-01
       280  5.2677E-01
       281  5.4269E-01
       282  5.5906E-01
       283  5.7600E-01
       284  5.9343E-01
       285  6.1142E-01
       286  6.2999E-01
       287  6.4915E-01
       288  6.6893E-01
       289  6.8935E-01
       290  7.1043E-01
       291  7.3220E-01
       292  7.5469E-01
       293  7.7792E-01
       294  8.0193E-01
       295  8.2673E-01
       296  8.5241E-01
       297  8.7892E-01
       298  9.0641E-01
       299  9.3472E-01
       300  9.6417E-01
       301  9.9442E-01
       302  1.0260E+00
       303  1.0586E+00
       304  1.0923E+00
       305  1.1274E+00
       306  1.1635E+00
       307  1.2012E+00
       308  1.2402E+00
       309  1.2807E+00
       310  1.3228E+00
       311  1.3664E+00
       312  1.4117E+00
       313  1.4589E+00
       314  1.5078E+00
       315  1.5585E+00
       316  1.6118E+00
       317  1.6670E+00
       318  1.7245E+00
       319  1.7846E+00
       320  1.8468E+00
       321  1.9120E+00
       322  1.9803E+00
       323  2.0515E+00
       324  2.1258E+00
       325  2.2035E+00
       326  2.2852E+00
       327  2.3705E+00
       328  2.4599E+00
       329  2.5537E+00
       330  2.6523E+00
       331  2.7559E+00
       332  2.8649E+00
       333  2.9796E+00
       334  3.1006E+00
       335  3.2284E+00
       336  3.3633E+00
       337  3.5060E+00
       338  3.6572E+00
       339  3.8176E+00
       340  3.9879E+00
       341  4.1691E+00
       342  4.3621E+00
       343  4.5682E+00
       344  4.7885E+00
       345  5.0245E+00
       346  5.2780E+00
       347  5.5506E+00
       348  5.8448E+00
       349  6.1628E+00
       350  6.5077E+00
       351  6.8828E+00
       352  7.2921E+00
       353  7.7402E+00
       354  8.2328E+00
       355  8.7766E+00
       356  9.3795E+00
       357  1.0051E+01
       358  1.0805E+01
       359  1.1654E+01
       360  1.2618E+01
       361  1.3721E+01
       362  1.4993E+01
       363  1.6476E+01
       364  1.8221E+01
       365  2.0302E+01
       366  2.2816E+01
       367  2.5900E+01
       368  2.9744E+01
       369  3.4617E+01
       370  4.0883E+01
       371  4.9004E+01
       372  5.9432E+01
       373  7.2289E+01
       374  8.6844E+01
       375  1.0143E+02
       376  1.1436E+02
       377  1.2487E+02
       378  1.3306E+02
       379  1.3938E+02
       380  1.4430E+02
       381  1.4817E+02
       382  1.5127E+02
       383  1.5380E+02
       384  1.5589E+02
       385  1.5765E+02
       386  1.5914E+02
       387  1.6042E+02
       388  1.6152E+02
       389  1.6249E+02
       390  1.6334E+02
       391  1.6409E+02
       392  1.6477E+02
       393  1.6537E+02
       394  1.6591E+02
       395  1.6641E+02
       396  1.6685E+02
       397  1.6726E+02
       398  1.6763E+02
       399  1.6798E+02
       400  1.6829E+02
       401  1.6859E+02
       402  1.6886E+02
       403  1.6911E+02
       404  1.6934E+02
       405  1.6956E+02
       406  1.6976E+02
       407  1.6995E+02
       408  1.7013E+02
       409  1.7030E+02
       410  1.7045E+02
       411  1.7060E+02
       412  1.7074E+02
       413  1.7087E+02
       414  1.7099E+02
       415  1.7111E+02
       416  1.7122E+02
       417  1.7132E+02
       418  1.7142E+02
       419  1.7152E+02
       420  1.7161E+02
       421  1.7169E+02
       422  1.7177E+02
       423  1.7185E+02
       424  1.7192E+02
       425  1.7199E+02
       426  1.7206E+02
       427  1.7212E+02
       428  1.7218E+02
       429  1.7223E+02
       430  1.7229E+02
       431  1.7234E+02
       432  1.7239E+02
       433  1.7243E+02
       434  1.7248E+02
       435  1.7252E+02
       436  1.7256E+02
       437  1.7260E+02
       438  1.7264E+02
       439  1.7267E+02
       440  1.7271E+02
       441  1.7274E+02
       442  1.7277E+02
       443  1.7280E+02
       444  1.7283E+02
       445  1.7285E+02
       446  1.7288E+02
       447  1.7290E+02
       448  1.7292E+02
       449  1.7294E+02
       450  1.7296E+02
         1  4.5657E-09
         2  1.3759E-09
         3 -7.5623E-08
         4 -1.6171E-07
         5 -2.0651E-07
         6  5.3940E-07
         7 -6.5010E-07
         8  1.3408E-06
         9 -6.4442E-06
        10 -3.5154E-06
        11  4.5579E-06
        12 -2.7594E-05
        13 -9.4914E-07
        14  7.2512E-06
        15  3.9294E-06
        16  5.2112E-05
        17  7.6634E-06
        18  1.2193E-06
        19  1.5065E-04
        20  9.1547E-05
        21  3.3961E-04
        22  1.3375E-04
        23  9.4413E-05
        24  2.2008E-04
        25  2.8557E-04
        26 -1.2224E-04
        27  3.8575E-04
        28 -1.0397E-03
        29 -5.1275E-04
        30  9.1452E-05
        31  5.8480E-04
        32 -2.2770E-04
        33 -8.9244E-04
        34 -5.5033E-04
        35 -6.1467E-04
        36 -5.2121E-04
        37 -3.6847E-04
        38  8.0611E-04
        39  4.2762E-04
        40 -3.1225E-04
        41  1.7513E-04
        42  3.9732E-04
        43 -1.6152E-06
        44 -1.1177E-04
        45  2.3780E-04
        46 -8.7404E-05
        47  9.7814E-05
        48  5.8268E-05
        49  7.9968E-05
        50  9.7437E-05
        51  1.1542E-04
        52  1.3208E-04
        53  1.5936E-04
        54  1.3117E-04
        55  2.4713E-04
        56  2.6514E-04
        57  1.3630E-04
        58  3.0600E-04
        59  4.2074E-04
        60  1.4335E-04
        61  4.6109E-04
        62  5.3065E-04
        63  2.8331E-04
        64  7.4550E-04
        65  3.4724E-04
        66  1.1279E-03
        67  5.5754E-04
        68  3.5505E-04
        69  4.0369E-04
        70  9.8836E-04
        71  1.0748E-03
        72  1.1070E-03
        73  1.2110E-03
        74  1.5405E-03
        75  1.4491E-03
        76  1.6028E-03
        77  1.7337E-03
        78  1.8762E-03
        79  2.0482E-03
        80  2.2239E-03
        81  2.4067E-03
        82  2.6042E-03
        83  2.8049E-03
        84  3.0532E-03
        85  3.2985E-03
        86  3.4550E-03
        87  3.6879E-03
        88  4.2317E-03
        89  4.4820E-03
        90  4.6563E-03
        91  5.2103E-03
        92  5.4241E-03
        93  5.9814E-03
        94  5.8339E-03
        95  6.7656E-03
        96  6.8739E-03
        97  7.5455E-03
        98  7.9687E-03
        99  8.4018E-03
       100  9.1795E-03
       101  9.7825E-03
       102  1.0405E-02
       103  1.0963E-02
       104  1.1631E-02
       105  1.2314E-02
       106  1.3116E-02
       107  1.3879E-02
       108  1.4705E-02
       109  1.5567E-02
       110  1.6468E-02
       111  1.7415E-02
       112  1.8386E-02
       113  1.9464E-02
       114  2.0478E-02
       115  2.1729E-02
       116  2.2743E-02
       117  2.4020E-02
       118  2.5215E-02
       119  2.6808E-02
       120  2.8239E-02
       121  3.0004E-02
       122  3.0901E-02
       123  3.2461E-02
       124  3.4607E-02
       125  3.5942E-02
       126  3.7811E-02
       127  3.9701E-02
       128  4.1754E-02
       129  4.3631E-02
       130  4.5823E-02
       131  4.7951E-02
       132  5.0237E-02
       133  5.2620E-02
       134  5.5065E-02
       135  5.7612E-02
       136  6.0246E-02
       137  6.2981E-02
       138  6.5814E-02
       139  6.8752E-02
       140  7.1806E-02
       141  7.4963E-02
       142  7.8308E-02
       143  8.1607E-02
       144  8.5063E-02
       145  8.8753E-02
       146  9.2531E-02
       147  9.6392E-02
       148  1.0037E-01
       149  1.0464E-01
       150  1.0892E-01
       151  1.1322E-01
       152  1.1778E-01
       153  1.2262E-01
       154  1.2752E-01
       155  1.3254E-01
       156  1.3771E-01
       157  1.4327E-01
       158  1.4881E-01
       159  1.5457E-01
       160  1.6048E-01
       161  1.6660E-01
       162  1.7290E-01
       163  1.7943E-01
       164  1.8614E-01
       165  1.9306E-01
       166  2.0019E-01
       167  2.0754E-01
       168  2.1511E-01
       169  2.2293E-01
       170  2.3093E-01
       171  2.3923E-01
       172  2.4779E-01
       173  2.5651E-01
       174  2.6562E-01
       175  2.7486E-01
       176  2.8437E-01
       177  2.9419E-01
       178  3.0437E-01
       179  3.1479E-01
       180  3.2557E-01
       181  3.3665E-01
       182  3.4802E-01
       183  3.5961E-01
       184  3.7145E-01
       185  3.8383E-01
       186  3.9655E-01
       187  4.0948E-01
       188  4.2288E-01
       189  4.3660E-01
       190  4.5071E-01
       191  4.6520E-01
       192  4.8007E-01
       193  4.9536E-01
       194  5.1106E-01
       195  5.2717E-01
       196  5.4372E-01
       197  5.6071E-01
       198  5.7812E-01
       199  5.9606E-01
       200  6.1439E-01
       201  6.3326E-01
       202  6.5264E-01
       203  6.7247E-01
       204  6.9282E-01
       205  7.1368E-01
       206  7.3507E-01
       207  7.5708E-01
       208  7.7944E-01
       209  8.0275E-01
       210  8.2631E-01
       211  8.5060E-01
       212  8.7553E-01
       213  9.0111E-01
       214  9.2729E-01
       215  9.5407E-01
       216  9.8164E-01
       217  1.0099E+00
       218  1.0388E+00
       219  1.0684E+00
       220  1.0988E+00
       221  1.1299E+00
       222  1.1617E+00
       223  1.1944E+00
       224  1.2279E+00
       225  1.2622E+00
       226  1.2973E+00
       227  1.3333E+00
       228  1.3702E+00
       229  1.4079E+00
       230  1.4467E+00
       231  1.4863E+00
       232  1.5269E+00
       233  1.5685E+00
       234  1.6110E+00
       235  1.6547E+00
       236  1.6992E+00
       237  1.7450E+00
       238  1.7920E+00
       239  1.8399E+00
       240  1.8891E+00
       241  1.9394E+00
       242  1.9908E+00
       243  2.0436E+00
       244  2.0976E+00
       245  2.1529E+00
       246  2.2096E+00
       247  2.2677E+00
       248  2.3270E+00
       249  2.3878E+00
       250  2.4501E+00
       251  2.5139E+00
       252  2.5791E+00
       253  2.6460E+00
       254  2.7144E+00
       255  2.7845E+00
       256  2.8563E+00
       257  2.9298E+00
       258  3.0050E+00
       259  3.0820E+00
       260  3.1609E+00
       261  3.2417E+00
       262  3.3246E+00
       263  3.4092E+00
       264  3.4959E+00
       265  3.5848E+00
       266  3.6758E+00
       267  3.7689E+00
       268  3.8645E+00
       269  3.9623E+00
       270  4.0623E+00
       271  4.1648E+00
       272  4.2699E+00
       273  4.3775E+00
       274  4.4877E+00
       275  4.6006E+00
       276  4.7163E+00
       277  4.8348E+00
       278  4.9562E+00
       279  5.0805E+00
       280  5.2080E+00
       281  5.3386E+00
       282  5.4724E+00
       283  5.6096E+00
       284  5.7502E+00
       285  5.8942E+00
       286  6.0419E+00
       287  6.1933E+00
       288  6.3485E+00
       289  6.5076E+00
       290  6.6706E+00
       291  6.8379E+00
       292  7.0095E+00
       293  7.1854E+00
       294  7.3656E+00
       295  7.5507E+00
       296  7.7404E+00
       297  7.9350E+00
       298  8.1348E+00
       299  8.3397E+00
       300  8.5499E+00
       301  8.7657E+00
       302  8.9871E+00
       303  9.2143E+00
       304  9.4476E+00
       305  9.6871E+00
       306  9.9330E+00
       307  1.0185E+01
       308  1.0445E+01
       309  1.0711E+01
       310  1.0984E+01
       311  1.1265E+01
       312  1.1554E+01
       313  1.1850E+01
       314  1.2155E+01
       315  1.2468E+01
       316  1.2790E+01
       317  1.3120E+01
       318  1.3460E+01
       319  1.3810E+01
       320  1.4169E+01
       321  1.4539E+01
       322  1.4919E+01
       323  1.5309E+01
       324  1.5712E+01
       325  1.6125E+01
       326  1.6551E+01
       327  1.6988E+01
       328  1.7439E+01
       329  1.7903E+01
       330  1.8380E+01
       331  1.8871E+01
       332  1.9377E+01
       333  1.9897E+01
       334  2.0433E+01
       335  2.0984E+01
       336  2.1552E+01
       337  2.2137E+01
       338  2.2739E+01
       339  2.3359E+01
       340  2.3997E+01
       341  2.4655E+01
       342  2.5331E+01
       343  2.6028E+01
       344  2.6745E+01
       345  2.7483E+01
       346  2.8243E+01
       347  2.9025E+01
       348  2.9829E+01
       349  3.0657E+01
       350  3.1508E+01
       351  3.2384E+01
       352  3.3284E+01
       353  3.4209E+01
       354  3.5159E+01
       355  3.6135E+01
       356  3.7136E+01
       357  3.8164E+01
       358  3.9218E+01
       359  4.0298E+01
       360  4.1405E+01
       361  4.2537E+01
       362  4.3696E+01
       363  4.4880E+01
       364  4.6089E+01
       365  4.7323E+01
       366  4.8581E+01
       367  4.9862E+01
       368  5.1165E+01
       369  5.2490E+01
       370  5.3834E+01
       371  5.5197E+01
       372  5.6578E+01
       373  5.7974E+01
       374  5.9384E+01
       375  6.0806E+01
       376  6.2239E+01
       377  6.3679E+01
       378  6.5126E+01
       379  6.6577E+01
       380  6.8030E+01
       381  6.9483E+01
       382  7.0933E+01
       383  7.2379E+01
       384  7.3818E+01
       385  7.5249E+01
       386  7.6669E+01
       387  7.8077E+01
       388  7.9470E+01
       389  8.0847E+01
       390  8.2207E+01
       391  8.3548E+01
       392  8.4869E+01
       393  8.6168E+01
       394  8.7444E+01
       395  8.8697E+01
       396  8.9926E+01
       397  9.1130E+01
       398  9.2309E+01
       399  9.3461E+01
       400  9.4588E+01
       401  9.5688E+01
       402  9.6762E+01
       403  9.7810E+01
       404  9.8831E+01
       405  9.9826E+01
       406  1.0079E+02
       407  1.0174E+02
       408  1.0266E+02
       409  1.0355E+02
       410  1.0442E+02
       411  1.0526E+02
       412  1.0608E+02
       413  1.0688E+02
       414  1.0765E+02
       415  1.0840E+02
       416  1.0913E+02
       417  1.0984E+02
       418  1.1053E+02
       419  1.1120E+02
       420  1.1185E+02
       421  1.1248E+02
       422  1.1309E+02
       423  1.1368E+02
       424  1.1426E+02
       425  1.1482E+02
       426  1.1536E+02
       427  1.1589E+02
       428  1.1640E+02
       429  1.1690E+02
       430  1.1738E+02
       431  1.1784E+02
       432  1.1830E+02
       433  1.1874E+02
       434  1.1917E+02
       435  1.1958E+02
       436  1.1999E+02
       437  1.2038E+02
       438  1.2076E+02
       439  1.2113E+02
       440  1.2149E+02
       441  1.2183E+02
       442  1.2217E+02
       443  1.2250E+02
       444  1.2282E+02
       445  1.2313E+02
       446  1.2343E+02
       447  1.2373E+02
       448  1.2401E+02
       449  1.2429E+02
       450  1.2456E+02
         1 -2.7130E-08
         2  1.0021E-08
         3 -2.9785E-07
         4 -5.1610E-07
         5  8.1908E-07
         6  3.4791E-07
         7  9.1268E-06
         8 -1.7703E-05
         9  3.1055E-05
        10  4.1749E-05
        11  1.4232E-04
        12 -3.2612E-05
        13  3.3001E-04
        14  2.4086E-05
        15  6.3321E-05
        16 -1.3695E-04
        17 -4.0515E-05
        18 -1.3305E-04
        19 -1.0691E-03
        20 -3.5921E-04
        21  9.5989E-04
        22  1.0952E-03
        23  1.5188E-04
        24 -6.5040E-04
        25 -2.0117E-04
        26  1.5346E-04
        27  3.2933E-04
        28  1.1855E-04
        29  1.2248E-04
        30  3.4404E-05
        31  4.6704E-05
        32  6.9419E-05
        33  9.3172E-05
        34  7.5391E-05
        35  9.3999E-05
        36  3.1553E-04
        37  2.4342E-04
        38  1.9142E-04
        39  9.8503E-04
        40  3.7625E-04
        41  4.8567E-04
        42  7.9644E-04
        43  7.3659E-04
        44  6.1362E-04
        45  7.2185E-04
        46  6.8569E-04
        47  9.0193E-04
        48  1.0077E-03
        49  1.1661E-03
        50  1.3230E-03
        51  1.5055E-03
        52  1.7342E-03
        53  1.8907E-03
        54  2.1309E-03
        55  2.4781E-03
        56  2.9500E-03
        57  3.2832E-03
        58  3.5220E-03
        59  4.0321E-03
        60  4.2553E-03
        61  4.4952E-03
        62  5.0706E-03
        63  5.6827E-03
        64  6.3056E-03
        65  6.9317E-03
        66  7.5971E-03
        67  8.3395E-03
        68  9.1361E-03
        69  9.9886E-03
        70  1.0877E-02
        71  1.1898E-02
        72  1.2849E-02
        73  1.4033E-02
        74  1.5158E-02
        75  1.6197E-02
        76  1.8207E-02
        77  1.9334E-02
        78  2.1022E-02
        79  2.2781E-02
        80  2.4580E-02
        81  2.6470E-02
        82  2.8465E-02
        83  3.0618E-02
        84  3.2887E-02
        85  3.5300E-02
        86  3.7862E-02
        87  4.0536E-02
        88  4.3380E-02
        89  4.6397E-02
        90  4.9618E-02
        91  5.2901E-02
        92  5.6454E-02
        93  6.0225E-02
        94  6.4378E-02
        95  6.8293E-02
        96  7.2682E-02
        97  7.7188E-02
        98  8.2092E-02
        99  8.7004E-02
       100  9.2336E-02
       101  9.7898E-02
       102  1.0372E-01
       103  1.0981E-01
       104  1.1621E-01
       105  1.2290E-01
       106  1.2988E-01
       107  1.3713E-01
       108  1.4483E-01
       109  1.5278E-01
       110  1.6113E-01
       111  1.6976E-01
       112  1.7893E-01
       113  1.8839E-01
       114  1.9833E-01
       115  2.0858E-01
       116  2.1928E-01
       117  2.3052E-01
       118  2.4216E-01
       119  2.5429E-01
       120  2.6690E-01
       121  2.8000E-01
       122  2.9365E-01
       123  3.0782E-01
       124  3.2261E-01
       125  3.3782E-01
       126  3.5380E-01
       127  3.7029E-01
       128  3.8736E-01
       129  4.0496E-01
       130  4.2367E-01
       131  4.4267E-01
       132  4.6258E-01
       133  4.8308E-01
       134  5.0439E-01
       135  5.2648E-01
       136  5.4932E-01
       137  5.7299E-01
       138  5.9749E-01
       139  6.2285E-01
       140  6.4908E-01
       141  6.7622E-01
       142  7.0439E-01
       143  7.3337E-01
       144  7.6339E-01
       145  7.9435E-01
       146  8.2660E-01
       147  8.5970E-01
       148  8.9385E-01
       149  9.2935E-01
       150  9.6588E-01
       151  1.0036E+00
       152  1.0426E+00
       153  1.0828E+00
       154  1.1243E+00
       155  1.1672E+00
       156  1.2114E+00
       157  1.2570E+00
       158  1.3040E+00
       159  1.3526E+00
       160  1.4026E+00
       161  1.4542E+00
       162  1.5073E+00
       163  1.5622E+00
       164  1.6185E+00
       165  1.6769E+00
       166  1.7369E+00
       167  1.7987E+00
       168  1.8623E+00
       169  1.9280E+00
       170  1.9955E+00
       171  2.0650E+00
       172  2.1367E+00
       173  2.2104E+00
       174  2.2863E+00
       175  2.3645E+00
       176  2.4450E+00
       177  2.5278E+00
       178  2.6130E+00
       179  2.7007E+00
       180  2.7910E+00
       181  2.8838E+00
       182  2.9795E+00
       183  3.0778E+00
       184  3.1788E+00
       185  3.2829E+00
       186  3.3898E+00
       187  3.4998E+00
       188  3.6131E+00
       189  3.7294E+00
       190  3.8491E+00
       191  3.9722E+00
       192  4.0987E+00
       193  4.2288E+00
       194  4.3626E+00
       195  4.5002E+00
       196  4.6415E+00
       197  4.7869E+00
       198  4.9363E+00
       199  5.0898E+00
       200  5.2477E+00
       201  5.4099E+00
       202  5.5768E+00
       203  5.7482E+00
       204  5.9244E+00
       205  6.1054E+00
       206  6.2915E+00
       207  6.4827E+00
       208  6.6793E+00
       209  6.8812E+00
       210  7.0888E+00
       211  7.3021E+00
       212  7.5212E+00
       213  7.7464E+00
       214  7.9778E+00
       215  8.2156E+00
       216  8.4598E+00
       217  8.7109E+00
       218  8.9689E+00
       219  9.2338E+00
       220  9.5061E+00
       221  9.7858E+00
       222  1.0073E+01
       223  1.0368E+01
       224  1.0672E+01
       225  1.0983E+01
       226  1.1304E+01
       227  1.1632E+01
       228  1.1970E+01
       229  1.2317E+01
       230  1.2674E+01
       231  1.3040E+01
       232  1.3416E+01
       233  1.3802E+01
       234  1.4199E+01
       235  1.4606E+01
       236  1.5024E+01
       237  1.5454E+01
       238  1.5895E+01
       239  1.6347E+01
       240  1.6812E+01
       241  1.7289E+01
       242  1.7779E+01
       243  1.8281E+01
       244  1.8797E+01
       245  1.9326E+01
       246  1.9868E+01
       247  2.0425E+01
       248  2.0996E+01
       249  2.1581E+01
       250  2.2181E+01
       251  2.2796E+01
       252  2.3426E+01
       253  2.4072E+01
       254  2.4733E+01
       255  2.5410E+01
       256  2.6103E+01
       257  2.6812E+01
       258  2.7538E+01
       259  2.8280E+01
       260  2.9038E+01
       261  2.9813E+01
       262  3.0605E+01
       263  3.1413E+01
       264  3.2237E+01
       265  3.3079E+01
       266  3.3936E+01
       267  3.4810E+01
       268  3.5700E+01
       269  3.6605E+01
       270  3.7526E+01
       271  3.8462E+01
       272  3.9412E+01
       273  4.0377E+01
       274  4.1356E+01
       275  4.2348E+01
       276  4.3352E+01
       277  4.4368E+01
       278  4.5395E+01
       279  4.6433E+01
       280  4.7480E+01
       281  4.8535E+01
       282  4.9599E+01
       283  5.0669E+01
       284  5.1745E+01
       285  5.2826E+01
       286  5.3911E+01
       287  5.4998E+01
       288  5.6087E+01
       289  5.7177E+01
       290  5.8266E+01
       291  5.9353E+01
       292  6.0437E+01
       293  6.1518E+01
       294  6.2594E+01
       295  6.3664E+01
       296  6.4727E+01
       297  6.5783E+01
       298  6.6829E+01
       299  6.7866E+01
       300  6.8893E+01
       301  6.9909E+01
       302  7.0912E+01
       303  7.1903E+01
       304  7.2881E+01
       305  7.3845E+01
       306  7.4795E+01
       307  7.5729E+01
       308  7.6649E+01
       309  7.7553E+01
       310  7.8442E+01
       311  7.9314E+01
       312  8.0170E+01
       313  8.1009E+01
       314  8.1832E+01
       315  8.2638E+01
       316  8.3428E+01
       317  8.4201E+01
       318  8.4957E+01
       319  8.5696E+01
       320  8.6419E+01
       321  8.7125E+01
       322  8.7816E+01
       323  8.8490E+01
       324  8.9148E+01
       325  8.9790E+01
       326  9.0417E+01
       327  9.1028E+01
       328  9.1624E+01
       329  9.2205E+01
       330  9.2772E+01
       331  9.3324E+01
       332  9.3863E+01
       333  9.4387E+01
       334  9.4898E+01
       335  9.5395E+01
       336  9.5880E+01
       337  9.6352E+01
       338  9.6811E+01
       339  9.7258E+01
       340  9.7693E+01
       341  9.8117E+01
       342  9.8529E+01
       343  9.8930E+01
       344  9.9320E+01
       345  9.9700E+01
       346  1.0007E+02
       347  1.0043E+02
       348  1.0078E+02
       349  1.0112E+02
       350  1.0145E+02
       351  1.0177E+02
       352  1.0208E+02
       353  1.0239E+02
       354  1.0268E+02
       355  1.0297E+02
       356  1.0325E+02
       357  1.0352E+02
       358  1.0378E+02
       359  1.0404E+02
       360  1.0429E+02
       361  1.0453E+02
       362  1.0476E+02
       363  1.0499E+02
       364  1.0521E+02
       365  1.0543E+02
       366  1.0563E+02
       367  1.0584E+02
       368  1.0603E+02
       369  1.0623E+02
       370  1.0641E+02
       371  1.0659E+02
       372  1.0677E+02
       373  1.0694E+02
       374  1.0710E+02
       375  1.0726E+02
       376  1.0741E+02
       377  1.0756E+02
       378  1.0771E+02
       379  1.0785E+02
       380  1.0799E+02
       381  1.0812E+02
       382  1.0825E+02
       383  1.0837E+02
       384  1.0849E+02
       385  1.0861E+02
       386  1.0872E+02
       387  1.0883E+02
       388  1.0893E+02
       389  1.0903E+02
       390  1.0913E+02
       391  1.0923E+02
       392  1.0932E+02
       393  1.0941E+02
       394  1.0949E+02
       395  1.0957E+02
       396  1.0965E+02
       397  1.0973E+02
       398  1.0980E+02
       399  1.0987E+02
       400  1.0994E+02
       401  1.1001E+02
       402  1.1007E+02
       403  1.1013E+02
       404  1.1019E+02
       405  1.1024E+02
       406  1.1030E+02
       407  1.1035E+02
       408  1.1040E+02
       409  1.1044E+02
       410  1.1049E+02
       411  1.1053E+02
       412  1.1057E+02
       413  1.1061E+02
       414  1.1064E+02
       415  1.1068E+02
       416  1.1071E+02
       417  1.1074E+02
       418  1.1077E+02
       419  1.1080E+02
       420  1.1082E+02
       421  1.1084E+02
       422  1.1087E+02
       423  1.1089E+02
       424  1.1091E+02
       425  1.1092E+02
       426  1.1094E+02
       427  1.1095E+02
       428  1.1097E+02
       429  1.1098E+02
       430  1.1099E+02
       431  1.1100E+02
       432  1.1100E+02
       433  1.1101E+02
       434  1.1102E+02
       435  1.1102E+02
       436  1.1102E+02
       437  1.1102E+02
       438  1.1102E+02
       439  1.1102E+02
       440  1.1102E+02
       441  1.1102E+02
       442  1.1101E+02
       443  1.1101E+02
       444  1.1100E+02
       445  1.1099E+02
       446  1.1099E+02
       447  1.1098E+02
       448  1.1097E+02
       449  1.1096E+02
       450  1.1094E+02
         1  1.8441E-08
         2 -1.0604E-08
         3 -1.5087E-08
         4 -3.3436E-08
         5 -8.6958E-08
         6 -1.1736E-08
         7  1.0543E-07
         8  7.9571E-08
         9 -2.2720E-07
        10 -5.2700E-07
        11  9.7689E-08
        12  3.3771E-08
        13  7.9198E-07
        14 -8.4109E-07
        15 -1.3493E-06
        16  1.2137E-06
        17 -9.5641E-07
        18  3.4956E-06
        19  2.1936E-06
        20 -1.3932E-06
        21 -7.1279E-06
        22 -3.9711E-06
        23 -8.5311E-06
        24 -9.7374E-06
        25  1.1011E-05
        26 -1.4979E-05
        27  1.9551E-05
        28 -3.2396E-05
        29  1.6769E-05
        30  2.5782E-05
        31  1.8758E-05
        32  8.7406E-06
        33 -1.1981E-05
        34  1.2511E-04
        35  9.2393E-06
        36  1.3314E-05
        37  5.7993E-05
        38 -2.1071E-05
        39  4.1189E-05
        40  9.2500E-05
        41 -1.6089E-04
        42  4.8435E-05
        43  1.7607E-04
        44  8.4446E-05
        45  1.1111E-04
        46 -3.0038E-04
        47  2.0904E-04
        48  5.5031E-05
        49  5.3881E-05
        50 -4.8346E-05
        51 -7.3453E-05
        52  3.9779E-05
        53  1.9705E-04
        54  9.9200E-05
        55 -1.8188E-04
        56  4.4949E-04
        57  3.0372E-04
        58  5.3404E-04
        59 -6.3652E-04
        60 -7.3130E-04
        61 -2.7211E-04
        62 -2.4228E-04
        63  6.7707E-04
        64  5.6639E-04
        65 -2.0725E-04
        66 -3.5333E-04
        67  9.2416E-04
        68 -3.8063E-04
        69 -2.8331E-04
        70 -1.0252E-03
        71  2.8602E-04
        72  3.2400E-04
        73 -5.1025E-04
        74  4.2451E-04
        75 -3.2065E-04
        76 -1.1363E-03
        77 -9.6581E-04
        78  7.1948E-04
        79  9.8773E-05
        80 -4.7059E-04
        81 -4.2654E-04
        82  3.8100E-04
        83  5.7620E-04
        84 -2.3091E-04
        85 -4.3219E-04
        86  8.1895E-05
        87  1.7001E-04
        88  1.5453E-04
        89  1.7352E-04
        90  2.3260E-04
        91  2.4904E-04
        92  1.0370E-04
        93  5.1574E-05
        94  2.7920E-04
        95  2.6679E-04
        96  2.7154E-04
        97  2.3780E-04
        98  4.3985E-04
        99  4.1876E-04
       100  4.6020E-04
       101  3.6367E-04
       102  4.0165E-04
       103  4.4785E-04
       104  4.9239E-04
       105  5.3853E-04
       106  5.8068E-04
       107  6.1938E-04
       108  6.6048E-04
       109  7.0277E-04
       110  7.4746E-04
       111  8.0265E-04
       112  8.5011E-04
       113  8.7781E-04
       114  9.4669E-04
       115  1.0745E-03
       116  1.0859E-03
       117  1.2160E-03
       118  1.1227E-03
       119  1.1508E-03
       120  1.4851E-03
       121  1.3481E-03
       122  1.4704E-03
       123  1.5021E-03
       124  1.9289E-03
       125  1.9589E-03
       126  1.6633E-03
       127  1.8065E-03
       128  2.1319E-03
       129  2.3290E-03
       130  2.4230E-03
       131  2.4475E-03
       132  2.4506E-03
       133  2.5136E-03
       134  2.3705E-03
       135  2.9964E-03
       136  3.4764E-03
       137  3.3837E-03
       138  3.5997E-03
       139  3.9603E-03
       140  4.0773E-03
       141  4.1440E-03
       142  4.1736E-03
       143  4.0332E-03
       144  4.9338E-03
       145  5.0541E-03
       146  5.0871E-03
       147  5.2914E-03
       148  5.5536E-03
       149  5.7817E-03
       150  5.9272E-03
       151  6.2864E-03
       152  6.6271E-03
       153  7.0972E-03
       154  7.4213E-03
       155  7.7248E-03
       156  8.0026E-03
       157  8.3785E-03
       158  8.7016E-03
       159  9.0693E-03
       160  9.5200E-03
       161  9.9271E-03
       162  1.0325E-02
       163  1.0830E-02
       164  1.1259E-02
       165  1.1737E-02
       166  1.2223E-02
       167  1.2739E-02
       168  1.3266E-02
       169  1.3813E-02
       170  1.4378E-02
       171  1.4963E-02
       172  1.5569E-02
       173  1.6200E-02
       174  1.6849E-02
       175  1.7499E-02
       176  1.8203E-02
       177  1.8898E-02
       178  1.9728E-02
       179  2.0388E-02
       180  2.1110E-02
       181  2.2116E-02
       182  2.2968E-02
       183  2.3889E-02
       184  2.4617E-02
       185  2.5689E-02
       186  2.6432E-02
       187  2.7502E-02
       188  2.8799E-02
       189  2.9610E-02
       190  3.0737E-02
       191  3.1915E-02
       192  3.3118E-02
       193  3.4316E-02
       194  3.5781E-02
       195  3.6966E-02
       196  3.8232E-02
       197  3.9161E-02
       198  4.0869E-02
       199  4.2578E-02
       200  4.3946E-02
       201  4.5091E-02
       202  4.6590E-02
       203  4.8377E-02
       204  5.0340E-02
       205  5.2095E-02
       206  5.3805E-02
       207  5.5643E-02
       208  5.7572E-02
       209  5.9624E-02
       210  6.1463E-02
       211  6.3542E-02
       212  6.5742E-02
       213  6.7894E-02
       214  7.0175E-02
       215  7.2690E-02
       216  7.4865E-02
       217  7.7589E-02
       218  8.0033E-02
       219  8.2609E-02
       220  8.5346E-02
       221  8.8185E-02
       222  9.1035E-02
       223  9.4014E-02
       224  9.7051E-02
       225  1.0019E-01
       226  1.0341E-01
       227  1.0673E-01
       228  1.1015E-01
       229  1.1366E-01
       230  1.1728E-01
       231  1.2101E-01
       232  1.2484E-01
       233  1.2878E-01
       234  1.3284E-01
       235  1.3702E-01
       236  1.4136E-01
       237  1.4572E-01
       238  1.5035E-01
       239  1.5500E-01
       240  1.5990E-01
       241  1.6485E-01
       242  1.6978E-01
       243  1.7503E-01
       244  1.8052E-01
       245  1.8604E-01
       246  1.9182E-01
       247  1.9763E-01
       248  2.0373E-01
       249  2.1011E-01
       250  2.1627E-01
       251  2.2293E-01
       252  2.2969E-01
       253  2.3680E-01
       254  2.4384E-01
       255  2.5129E-01
       256  2.5877E-01
       257  2.6709E-01
       258  2.7463E-01
       259  2.8329E-01
       260  2.9169E-01
       261  3.0061E-01
       262  3.0945E-01
       263  3.1888E-01
       264  3.2847E-01
       265  3.3845E-01
       266  3.4865E-01
       267  3.5898E-01
       268  3.6980E-01
       269  3.8097E-01
       270  3.9229E-01
       271  4.0420E-01
       272  4.1626E-01
       273  4.2865E-01
       274  4.4172E-01
       275  4.5502E-01
       276  4.6863E-01
       277  4.8277E-01
       278  4.9731E-01
       279  5.1229E-01
       280  5.2775E-01
       281  5.4368E-01
       282  5.6011E-01
       283  5.7707E-01
       284  5.9455E-01
       285  6.1258E-01
       286  6.3120E-01
       287  6.5041E-01
       288  6.7023E-01
       289  6.9070E-01
       290  7.1184E-01
       291  7.3367E-01
       292  7.5622E-01
       293  7.7952E-01
       294  8.0357E-01
       295  8.2845E-01
       296  8.5418E-01
       297  8.8081E-01
       298  9.0828E-01
       299  9.3673E-01
       300  9.6628E-01
       301  9.9676E-01
       302  1.0284E+00
       303  1.0610E+00
       304  1.0948E+00
       305  1.1299E+00
       306  1.1664E+00
       307  1.2041E+00
       308  1.2432E+00
       309  1.2837E+00
       310  1.3260E+00
       311  1.3698E+00
       312  1.4153E+00
       313  1.4626E+00
       314  1.5117E+00
       315  1.5627E+00
       316  1.6159E+00
       317  1.6717E+00
       318  1.7292E+00
       319  1.7893E+00
       320  1.8521E+00
       321  1.9175E+00
       322  1.9862E+00
       323  2.0577E+00
       324  2.1321E+00
       325  2.2105E+00
       326  2.2923E+00
       327  2.3781E+00
       328  2.4679E+00
       329  2.5622E+00
       330  2.6612E+00
       331  2.7654E+00
       332  2.8749E+00
       333  2.9903E+00
       334  3.1120E+00
       335  3.2405E+00
       336  3.3762E+00
       337  3.5197E+00
       338  3.6718E+00
       339  3.8332E+00
       340  4.0047E+00
       341  4.1871E+00
       342  4.3815E+00
       343  4.5890E+00
       344  4.8110E+00
       345  5.0488E+00
       346  5.3043E+00
       347  5.5792E+00
       348  5.8759E+00
       349  6.1968E+00
       350  6.5449E+00
       351  6.9236E+00
       352  7.3371E+00
       353  7.7900E+00
       354  8.2881E+00
       355  8.8383E+00
       356  9.4487E+00
       357  1.0129E+01
       358  1.0893E+01
       359  1.1755E+01
       360  1.2734E+01
       361  1.3855E+01
       362  1.5151E+01
       363  1.6661E+01
       364  1.8443E+01
       365  2.0571E+01
       366  2.3147E+01
       367  2.6312E+01
       368  3.0267E+01
       369  3.5292E+01
       370  4.1764E+01
       371  5.0155E+01
       372  6.0900E+01
       373  7.4046E+01
       374  8.8726E+01
       375  1.0320E+02
       376  1.1586E+02
       377  1.2606E+02
       378  1.3399E+02
       379  1.4011E+02
       380  1.4487E+02
       381  1.4863E+02
       382  1.5165E+02
       383  1.5411E+02
       384  1.5616E+02
       385  1.5787E+02
       386  1.5933E+02
       387  1.6058E+02
       388  1.6167E+02
       389  1.6262E+02
       390  1.6346E+02
       391  1.6420E+02
       392  1.6486E+02
       393  1.6546E+02
       394  1.6599E+02
       395  1.6648E+02
       396  1.6692E+02
       397  1.6732E+02
       398  1.6769E+02
       399  1.6803E+02
       400  1.6834E+02
       401  1.6863E+02
       402  1.6890E+02
       403  1.6915E+02
       404  1.6938E+02
       405  1.6959E+02
       406  1.6980E+02
       407  1.6998E+02
       408  1.7016E+02
       409  1.7032E+02
       410  1.7048E+02
       411  1.7063E+02
       412  1.7076E+02
       413  1.7089E+02
       414  1.7102E+02
       415  1.7113E+02
       416  1.7124E+02
       417  1.7135E+02
       418  1.7144E+02
       419  1.7154E+02
       420  1.7163E+02
       421  1.7171E+02
       422  1.7179E+02
       423  1.7186E+02
       424  1.7194E+02
       425  1.7200E+02
       426  1.7207E+02
       427  1.7213E+02
       428  1.7219E+02
       429  1.7225E+02
       430  1.7230E+02
       431  1.7235E+02
       432  1.7240E+02
       433  1.7245E+02
       434  1.7249E+02
       435  1.7253E+02
       436  1.7257E+02
       437  1.7261E+02
       438  1.7265E+02
       439  1.7268E+02
       440  1.7272E+02
       441  1.7275E+02
       442  1.7278E+02
       443  1.7281E+02
       444  1.7283E+02
       445  1.7286E+02
       446  1.7288E+02
       447  1.7291E+02
       448  1.7293E+02
       449  1.7295E+02
       450  1.7297E+02
