 Mean Elastic Optical Potential generated            1
         501  0.20000000000000001        0.00000000    
  0.0000E+00  0.0000E+00 -2.6267E+00 -7.9685E-01 -2.6068E+00 -7.9828E-01
 -2.5677E+00 -7.4600E-01 -2.5343E+00 -6.6992E-01 -2.5005E+00 -5.8917E-01
 -2.4470E+00 -5.0094E-01 -2.3971E+00 -4.6154E-01 -2.3807E+00 -4.9036E-01
 -1.9476E+00 -7.9013E-01 -2.2782E+00 -8.3958E-01 -2.2261E+00 -1.1203E+00
 -2.1399E+00 -1.4493E+00 -2.0229E+00 -1.7950E+00 -1.8761E+00 -2.1352E+00
 -1.7094E+00 -2.4512E+00 -1.5335E+00 -2.7288E+00 -1.3456E+00 -2.9550E+00
 -1.1415E+00 -3.1151E+00 -9.2258E-01 -3.1891E+00 -6.9719E-01 -3.1628E+00
 -4.7374E-01 -3.0337E+00 -2.5976E-01 -2.8117E+00 -6.4566E-02 -2.5178E+00
  1.0180E-01 -2.1762E+00  2.3177E-01 -1.8194E+00  3.1903E-01 -1.4712E+00
  3.6906E-01 -1.1545E+00  3.8555E-01 -8.8027E-01  3.7821E-01 -6.5289E-01
  3.5470E-01 -4.7098E-01  3.2180E-01 -3.2979E-01  2.8457E-01 -2.2327E-01
  2.4664E-01 -1.4512E-01  2.1031E-01 -8.9331E-02  1.7698E-01 -5.0703E-02
  1.4728E-01 -2.4818E-02  1.2145E-01 -8.1487E-03  9.9343E-02  2.0475E-03
  8.0721E-02  7.7912E-03  6.5185E-02  1.0590E-02  5.2398E-02  1.1474E-02
  4.1977E-02  1.1186E-02  3.3586E-02  1.0240E-02  2.6898E-02  8.9836E-03
  2.1618E-02  7.6582E-03  1.7463E-02  6.4140E-03  1.4191E-02  5.3200E-03
  1.1596E-02  4.4272E-03  9.4867E-03  3.6761E-03  7.8137E-03  3.0931E-03
  6.3801E-03  2.5672E-03  5.2637E-03  2.1764E-03  4.3213E-03  1.7917E-03
  3.5853E-03  1.5157E-03  2.9852E-03  1.2605E-03  2.4891E-03  1.0881E-03
  2.0957E-03  9.4063E-04  1.7414E-03  8.7300E-04  1.4061E-03  7.0862E-04
  1.1485E-03  8.1194E-04  8.7655E-04  5.7480E-04  6.9853E-04  7.0450E-04
  5.2792E-04  4.8780E-04  3.5027E-04  5.0413E-04  3.1449E-04  3.9152E-04
  1.7217E-04  2.3318E-04  1.4897E-04  7.7274E-05 -4.1337E-04 -1.3470E-04
 -4.6556E-05  1.1662E-04 -3.0241E-04 -1.0465E-04 -4.8219E-04 -3.3366E-04
 -5.1180E-04 -1.1344E-04 -2.5521E-04  4.8819E-06 -3.9730E-04 -4.3883E-04
 -5.7681E-04 -5.3380E-05 -1.7757E-05  1.0073E-04 -4.6537E-04 -3.4584E-04
 -1.0906E-04  5.5117E-04  3.0424E-04  1.2697E-05 -2.9093E-04  1.7214E-04
  6.5417E-04  4.5470E-04  1.0644E-04 -7.1689E-05  5.8375E-04  4.3951E-04
  6.4985E-04 -3.4434E-05  1.0068E-04  7.3225E-05  6.4028E-04  1.4874E-04
  5.9689E-04 -1.3985E-04  1.7300E-04 -1.8225E-04  2.3947E-04 -1.7058E-04
  2.4665E-04 -3.1286E-04 -1.0623E-04 -2.6032E-04  4.1020E-06 -3.3364E-04
 -2.3460E-04 -1.8633E-04 -1.6995E-04 -2.2990E-04 -2.1268E-04 -1.6980E-04
 -2.2420E-04 -5.1691E-05 -1.7869E-04 -1.0882E-04 -1.7026E-04 -4.5240E-05
 -1.6785E-04 -1.3450E-05 -1.0597E-04 -3.8617E-05 -9.2884E-05 -1.1464E-05
 -8.0635E-05 -2.1342E-05 -5.9903E-05  1.3236E-05 -1.7999E-05 -1.5089E-05
 -5.2292E-05  9.0356E-06 -4.9772E-06  2.9305E-06 -2.3696E-05  1.4221E-05
 -1.4625E-05 -9.8809E-06 -1.7170E-05  1.7795E-05 -5.4880E-06 -5.5128E-06
 -1.3416E-05  2.2381E-06 -5.3129E-06  5.7579E-06 -5.0868E-06 -1.5040E-07
 -5.7787E-06  5.7171E-06 -7.0104E-06  3.4687E-06 -6.5568E-06  5.9076E-06
 -9.0801E-06  4.3629E-06 -1.1050E-05  1.9684E-06 -8.4059E-06  1.8533E-06
 -1.0409E-05 -4.1822E-07 -5.2554E-06  1.4508E-08 -8.0685E-06 -5.6591E-07
 -5.0338E-06  1.7029E-06 -7.0538E-06  3.4892E-06 -6.5186E-06  2.3451E-06
 -9.4548E-06  2.7004E-06 -8.8431E-06  2.7249E-06 -9.7265E-06 -5.6006E-07
 -8.6785E-06  4.9868E-07 -7.3161E-06 -1.1010E-06 -6.1697E-06 -3.1950E-07
 -5.3327E-06  1.0888E-06 -6.5380E-06  1.9148E-06 -5.5422E-06  2.8310E-06
 -8.1652E-06  2.5795E-06 -7.8496E-06  2.3281E-06 -8.4878E-06  1.1298E-06
 -7.6147E-06 -1.5473E-07 -7.0024E-06  4.2375E-07 -4.9326E-06 -2.8199E-07
 -5.4610E-06  1.2686E-06 -4.3186E-06  2.3372E-06 -5.3605E-06  2.5402E-06
 -6.1885E-06  3.3847E-06 -6.8894E-06  2.5442E-06 -6.9849E-06  1.9767E-06
 -6.5354E-06  1.0089E-06 -5.7709E-06  5.1481E-07 -4.5927E-06  1.0035E-06
 -3.9340E-06  1.2891E-06 -3.6564E-06  2.5288E-06 -4.3102E-06  3.1971E-06
 -4.5938E-06  3.4201E-06 -5.5742E-06  3.1303E-06 -5.6880E-06  2.4773E-06
 -5.3635E-06  1.7481E-06 -4.6991E-06  1.1479E-06 -3.7192E-06  1.5389E-06
 -2.9655E-06  1.6784E-06 -2.8572E-06  2.7818E-06 -2.9083E-06  3.2593E-06
 -3.6629E-06  3.6513E-06 -4.1638E-06  3.4587E-06 -4.4340E-06  2.8915E-06
 -4.3216E-06  2.1310E-06 -3.5931E-06  1.8315E-06 -2.8367E-06  1.5907E-06
 -2.1886E-06  2.1795E-06 -1.8263E-06  2.7011E-06 -2.0699E-06  3.3775E-06
 -2.5018E-06  3.6943E-06 -3.0288E-06  3.5553E-06 -3.3864E-06  3.0752E-06
 -3.1883E-06  2.4980E-06 -2.7290E-06  1.9599E-06 -2.0090E-06  1.9079E-06
 -1.3622E-06  2.1710E-06 -1.0912E-06  2.7088E-06 -1.1739E-06  3.2838E-06
 -1.5571E-06  3.5555E-06 -2.0660E-06  3.5289E-06 -2.3453E-06  3.1069E-06
 -2.2939E-06  2.5254E-06 -1.8881E-06  2.0724E-06 -1.2417E-06  1.9411E-06
 -7.1343E-07  2.1062E-06 -3.9763E-07  2.6199E-06 -4.4337E-07  3.0518E-06
 -7.9441E-07  3.3741E-06 -1.2133E-06  3.3408E-06 -1.5067E-06  2.9806E-06
 -1.5333E-06  2.4679E-06 -1.1425E-06  2.0399E-06 -6.6680E-07  1.8244E-06
 -1.3299E-07  1.9937E-06  1.6611E-07  2.3480E-06  1.4013E-07  2.8080E-06
 -1.3517E-07  3.0742E-06 -5.2779E-07  3.0543E-06 -8.2092E-07  2.7537E-06
 -8.4109E-07  2.2832E-06 -5.9252E-07  1.8560E-06 -1.1237E-07  1.6648E-06
  3.2083E-07  1.7523E-06  6.1058E-07  2.0857E-06  6.1471E-07  2.4523E-06
  3.7010E-07  2.7211E-06  9.3598E-09  2.7130E-06 -2.7729E-07  2.4549E-06
 -3.1423E-07  2.0222E-06 -1.2033E-07  1.6340E-06  2.7257E-07  1.4274E-06
  6.8582E-07  1.4728E-06  9.4762E-07  1.7483E-06  9.7147E-07  2.0857E-06
  7.5790E-07  2.3223E-06  4.2967E-07  2.3356E-06  1.6625E-07  2.0975E-06
  8.0631E-08  1.7264E-06  2.4517E-07  1.3487E-06  5.7720E-07  1.1445E-06
  9.4661E-07  1.1817E-06  1.1856E-06  1.4018E-06  1.2080E-06  1.6981E-06
  1.0301E-06  1.9259E-06  7.2611E-07  1.9410E-06  4.8087E-07  1.7389E-06
  3.6078E-07  1.4125E-06  4.9695E-07  1.0591E-06  7.7801E-07  8.4566E-07
  1.1111E-06  8.5132E-07  1.3217E-06  1.0321E-06  1.3653E-06  1.3227E-06
  1.1998E-06  1.5254E-06  9.2013E-07  1.5561E-06  6.6861E-07  1.3860E-06
  5.5516E-07  1.0801E-06  6.4397E-07  7.6515E-07  8.9690E-07  5.5288E-07
  1.1940E-06  5.5128E-07  1.3977E-06  7.2232E-07  1.4349E-06  9.6594E-07
  1.2775E-06  1.1532E-06  1.0125E-06  1.1998E-06  7.7349E-07  1.0435E-06
  6.6875E-07  7.6225E-07  7.2695E-07  4.6995E-07  9.4100E-07  2.8153E-07
  1.2002E-06  2.6890E-07  1.3947E-06  4.1169E-07  1.4328E-06  6.2972E-07
  1.2878E-06  8.2640E-07  1.0384E-06  8.7219E-07  8.1207E-07  7.3557E-07
  6.9823E-07  4.7319E-07  7.5545E-07  2.1275E-07  9.3303E-07  4.1625E-08
  1.1631E-06  2.6380E-08  1.3389E-06  1.5430E-07  1.3643E-06  3.4783E-07
  1.2412E-06  5.2547E-07  1.0148E-06  5.6703E-07  7.9529E-07  4.7019E-07
  6.8880E-07  2.3695E-07  7.2127E-07 -1.1763E-08  8.7435E-07 -1.7743E-07
  1.0849E-06 -1.8537E-07  1.2314E-06 -7.6223E-08  1.2627E-06  1.0673E-07
  1.1504E-06  2.7043E-07  9.4091E-07  3.1257E-07  7.4011E-07  2.2625E-07
  6.1147E-07  2.9495E-08  6.2921E-07 -1.8511E-07  7.7369E-07 -3.3867E-07
  9.6494E-07 -3.6444E-07  1.1067E-06 -2.6580E-07  1.1301E-06 -8.5754E-08
  1.0305E-06  6.9951E-08  8.3802E-07  1.2108E-07  6.4224E-07  3.8720E-08
  5.2847E-07 -1.3456E-07  5.2879E-07 -3.3126E-07  6.6028E-07 -4.6303E-07
  8.2316E-07 -4.9154E-07  9.5702E-07 -4.0267E-07  9.8519E-07 -2.3485E-07
  8.8359E-07 -9.0918E-08  7.0796E-07 -3.7234E-08  5.1249E-07 -9.6479E-08
  4.0688E-07 -2.5507E-07  4.0390E-07 -4.3572E-07  5.1982E-07 -5.6969E-07
  6.7870E-07 -5.8761E-07  7.9816E-07 -4.9365E-07  8.3601E-07 -3.4970E-07
  7.3620E-07 -2.0212E-07  5.6317E-07 -1.4102E-07  4.0854E-07 -2.0098E-07
  2.9246E-07 -3.3670E-07  2.9804E-07 -4.9486E-07  3.8695E-07 -6.1945E-07
  5.3436E-07 -6.3899E-07  6.5019E-07 -5.5153E-07  6.6865E-07 -4.0546E-07
  5.9625E-07 -2.7939E-07  4.3320E-07 -2.2015E-07  2.7336E-07 -2.6427E-07
  1.7809E-07 -3.8519E-07  1.7489E-07 -5.3136E-07  2.5886E-07 -6.4494E-07
  3.9133E-07 -6.5290E-07  4.9943E-07 -5.7942E-07  5.1815E-07 -4.4679E-07
  4.4436E-07 -3.1883E-07  3.0606E-07 -2.6264E-07  1.5534E-07 -3.0449E-07
  5.8498E-08 -4.0714E-07  5.8890E-08 -5.5021E-07  1.4775E-07 -6.3512E-07
  2.6407E-07 -6.4819E-07  3.6176E-07 -5.8032E-07  3.8626E-07 -4.4138E-07
  3.2373E-07 -3.3511E-07  1.9669E-07 -2.7143E-07  4.6508E-08 -2.9721E-07
 -4.1179E-08 -3.9965E-07 -3.5287E-08 -5.1515E-07  4.5890E-08 -5.9487E-07
  1.4678E-07 -6.1976E-07  2.4346E-07 -5.3791E-07  2.5711E-07 -4.2365E-07
  2.0301E-07 -3.1934E-07  9.3529E-08 -2.6294E-07 -4.2716E-08 -2.8592E-07
 -1.1614E-07 -3.7633E-07 -1.1640E-07 -4.7887E-07 -5.1191E-08 -5.6752E-07
  5.6416E-08 -5.7313E-07  1.4037E-07 -5.0030E-07  1.6065E-07 -3.8763E-07
  1.0154E-07 -2.8272E-07 -8.5536E-09 -2.2992E-07 -1.2758E-07 -2.5616E-07
 -1.8739E-07 -3.3403E-07 -1.8721E-07 -4.3306E-07 -1.1803E-07 -5.1167E-07
 -1.7398E-08 -5.2490E-07  6.1838E-08 -4.5591E-07  8.0752E-08 -3.4170E-07
  2.4623E-08 -2.4529E-07 -7.4401E-08 -1.9575E-07 -1.7619E-07 -2.1537E-07
 -2.4319E-07 -3.0086E-07 -2.3728E-07 -3.9448E-07 -1.7306E-07 -4.5037E-07
 -7.9012E-08 -4.5498E-07  1.5707E-09 -3.8704E-07  1.7485E-08 -2.8706E-07
 -2.2138E-08 -1.9920E-07 -1.1848E-07 -1.5543E-07 -2.1254E-07 -1.6305E-07
 -2.6836E-07 -2.3474E-07 -2.6706E-07 -3.2020E-07 -2.0496E-07 -3.8943E-07
 -1.1874E-07 -4.0115E-07 -4.6906E-08 -3.3573E-07 -3.0238E-08 -2.3270E-07
 -6.6628E-08 -1.4056E-07 -1.4985E-07 -1.0556E-07 -2.3462E-07 -1.2052E-07
 -2.8543E-07 -1.7999E-07 -2.9018E-07 -2.5839E-07 -2.3015E-07 -3.2062E-07
 -1.5314E-07 -3.2926E-07 -7.5562E-08 -2.7517E-07 -6.4067E-08 -1.8597E-07
 -9.0520E-08 -1.0179E-07 -1.7213E-07 -5.9533E-08 -2.5429E-07 -8.1276E-08
 -3.0340E-07 -1.4165E-07 -2.9096E-07 -2.1120E-07 -2.4597E-07 -2.6603E-07
 -1.6611E-07 -2.6061E-07 -1.0768E-07 -2.0440E-07 -7.7870E-08 -1.2583E-07
 -1.1147E-07 -5.2406E-08 -1.7954E-07 -1.1824E-08 -2.5681E-07 -3.7797E-08
 -2.9953E-07 -9.4503E-08 -2.8690E-07 -1.5764E-07 -2.3987E-07 -2.0463E-07
 -1.6387E-07 -2.0818E-07 -1.0595E-07 -1.5811E-07 -8.9616E-08 -7.6099E-08
 -1.2389E-07 -1.4237E-08 -1.8223E-07  2.0387E-08 -2.4592E-07  2.0299E-09
 -2.9126E-07 -5.7496E-08 -2.7602E-07 -1.2052E-07 -2.3468E-07 -1.5720E-07
 -1.5987E-07 -1.6163E-07 -9.7519E-08 -1.1898E-07 -8.0294E-08 -4.4070E-08
 -1.2574E-07  1.9272E-08 -1.7951E-07  5.2162E-08 -2.3682E-07  3.8934E-08
 -2.7343E-07 -5.9607E-09 -2.5809E-07 -7.7220E-08 -2.1295E-07 -1.2608E-07
 -1.5739E-07 -1.1967E-07 -9.1313E-08 -7.0534E-08 -8.3256E-08 -5.7470E-09
 -1.1790E-07  5.0823E-08 -1.7154E-07  7.4947E-08 -2.2300E-07  6.5927E-08
 -2.5580E-07  1.4771E-08 -2.4771E-07 -4.2589E-08 -1.9888E-07 -8.8020E-08
 -1.3837E-07 -7.9477E-08 -8.7450E-08 -3.7992E-08 -7.9097E-08  1.2008E-08
 -1.0795E-07  6.3338E-08 -1.5278E-07  9.7557E-08 -2.0619E-07  7.8278E-08
 -2.3637E-07  3.7397E-08 -2.1953E-07 -2.3136E-08 -1.7524E-07 -6.2132E-08
 -1.2666E-07 -4.7960E-08 -9.5730E-08 -1.0879E-08 -6.3281E-08  4.0636E-08
 -9.8066E-08  8.3049E-08 -1.3867E-07  1.0337E-07 -1.8538E-07  9.1746E-08
 -2.0847E-07  5.8315E-08 -1.9615E-07  8.4439E-09 -1.5518E-07 -1.9833E-08
 -9.4567E-08 -3.0809E-08 -5.9579E-08  1.4030E-09 -5.9239E-08  5.5318E-08
 -8.1459E-08  1.0273E-07 -1.2452E-07  1.1796E-07 -1.6758E-07  1.0485E-07
 -1.9078E-07  6.0810E-08 -1.8189E-07  2.4773E-08 -1.4261E-07 -9.7862E-09
 -9.1976E-08 -5.7244E-09 -4.9483E-08  2.5717E-08 -3.4626E-08  8.1057E-08
 -5.7147E-08  1.1665E-07 -1.0568E-07  1.2648E-07 -1.4819E-07  1.1403E-07
 -1.6539E-07  7.2508E-08 -1.5119E-07  3.0333E-08 -1.2078E-07  3.0295E-09
 -6.1129E-08 -9.8538E-11 -3.4262E-08  4.0418E-08 -2.9766E-08  8.2599E-08
 -4.8556E-08  1.1694E-07 -9.2848E-08  1.3330E-07 -1.2907E-07  1.1742E-07
 -1.5009E-07  8.5707E-08 -1.3980E-07  4.2530E-08 -9.0538E-08  1.7388E-08
 -6.6769E-08  2.6256E-08 -3.2582E-08  4.9813E-08 -2.1958E-08  9.4698E-08
 -3.7501E-08  1.2341E-07 -8.0277E-08  1.3961E-07 -1.1869E-07  1.2795E-07
 -1.2909E-07  8.3579E-08 -1.0710E-07  4.6264E-08 -8.0523E-08  2.7613E-08
 -4.2258E-08  3.0993E-08 -1.4842E-08  6.6066E-08  5.5175E-11  1.0715E-07
 -3.2419E-08  1.3168E-07 -6.2348E-08  1.3556E-07 -9.7403E-08  1.2482E-07
 -1.1840E-07  9.0305E-08 -9.8228E-08  5.7208E-08 -7.1309E-08  3.7236E-08
 -3.1587E-08  3.9999E-08 -1.1465E-09  6.2760E-08  4.5320E-09  1.0004E-07
 -1.5591E-08  1.4087E-07 -5.8304E-08  1.4249E-07 -8.0184E-08  1.1640E-07
 -9.3595E-08  9.1773E-08 -7.8632E-08  5.5061E-08 -4.1280E-08  3.4512E-08
 -4.8158E-09  4.7567E-08  1.7532E-08  7.0573E-08  1.3810E-08  1.0557E-07
 -8.6145E-09  1.2492E-07 -3.7759E-08  1.3809E-07 -6.4087E-08  1.2124E-07
 -7.2534E-08  9.0352E-08 -5.8762E-08  6.0419E-08 -2.9036E-08  4.5480E-08
