0.000 0.3972
0.5000 0.3977
1.000 0.3990
1.500 0.4013
2.000 0.4046
2.500 0.4088
3.000 0.4141
3.500 0.4204
4.000 0.4278
4.500 0.4363
5.000 0.4459
5.500 0.4568
6.000 0.4689
6.500 0.4822
7.000 0.4967
7.500 0.5124
8.000 0.5294
8.500 0.5474
9.000 0.5665
9.500 0.5865
10.00 0.6074
10.50 0.6290
11.00 0.6511
11.50 0.6736
12.00 0.6962
12.50 0.7188
13.00 0.7411
13.50 0.7629
14.00 0.7840
14.50 0.8041
15.00 0.8231
15.50 0.8407
16.00 0.8568
16.50 0.8711
17.00 0.8837
17.50 0.8942
18.00 0.9027
18.50 0.9091
19.00 0.9134
19.50 0.9156
20.00 0.9156
20.50 0.9137
21.00 0.9098
21.50 0.9041
22.00 0.8967
22.50 0.8877
23.00 0.8774
23.50 0.8657
24.00 0.8530
24.50 0.8393
25.00 0.8248
25.50 0.8097
26.00 0.7940
26.50 0.7780
27.00 0.7617
27.50 0.7452
28.00 0.7286
28.50 0.7120
29.00 0.6954
29.50 0.6789
30.00 0.6625
30.50 0.6463
31.00 0.6303
31.50 0.6145
32.00 0.5988
32.50 0.5834
33.00 0.5682
33.50 0.5531
34.00 0.5383
34.50 0.5237
35.00 0.5094
35.50 0.4952
36.00 0.4813
36.50 0.4676
37.00 0.4541
37.50 0.4409
38.00 0.4280
38.50 0.4154
39.00 0.4030
39.50 0.3910
40.00 0.3793
40.50 0.3680
41.00 0.3570
41.50 0.3464
42.00 0.3362
42.50 0.3264
43.00 0.3170
43.50 0.3080
44.00 0.2995
44.50 0.2913
45.00 0.2836
45.50 0.2763
46.00 0.2694
46.50 0.2629
47.00 0.2569
47.50 0.2512
48.00 0.2459
48.50 0.2410
49.00 0.2364
49.50 0.2322
50.00 0.2283
50.50 0.2247
51.00 0.2215
51.50 0.2185
52.00 0.2158
52.50 0.2134
53.00 0.2112
53.50 0.2092
54.00 0.2075
54.50 0.2059
55.00 0.2045
55.50 0.2033
56.00 0.2023
56.50 0.2013
57.00 0.2005
57.50 0.1998
58.00 0.1992
58.50 0.1987
59.00 0.1982
59.50 0.1977
60.00 0.1974
60.50 0.1970
61.00 0.1966
61.50 0.1963
62.00 0.1960
62.50 0.1956
63.00 0.1952
63.50 0.1948
64.00 0.1944
64.50 0.1939
65.00 0.1934
65.50 0.1929
66.00 0.1923
66.50 0.1917
67.00 0.1910
67.50 0.1902
68.00 0.1894
68.50 0.1885
69.00 0.1876
69.50 0.1867
70.00 0.1856
70.50 0.1846
71.00 0.1835
71.50 0.1824
72.00 0.1812
72.50 0.1800
73.00 0.1788
73.50 0.1775
74.00 0.1763
74.50 0.1750
75.00 0.1737
75.50 0.1725
76.00 0.1712
76.50 0.1700
77.00 0.1687
77.50 0.1675
78.00 0.1663
78.50 0.1652
79.00 0.1640
79.50 0.1629
80.00 0.1618
80.50 0.1607
81.00 0.1596
81.50 0.1586
82.00 0.1576
82.50 0.1567
83.00 0.1557
83.50 0.1548
84.00 0.1539
84.50 0.1531
85.00 0.1522
85.50 0.1514
86.00 0.1507
86.50 0.1499
87.00 0.1492
87.50 0.1485
88.00 0.1479
88.50 0.1473
89.00 0.1467
89.50 0.1462
90.00 0.1457
90.50 0.1453
91.00 0.1449
91.50 0.1445
92.00 0.1442
92.50 0.1439
93.00 0.1436
93.50 0.1434
94.00 0.1432
94.50 0.1430
95.00 0.1429
95.50 0.1428
96.00 0.1427
96.50 0.1426
97.00 0.1425
97.50 0.1425
98.00 0.1424
98.50 0.1424
99.00 0.1423
99.50 0.1423
100.0 0.1423
100.5 0.1422
101.0 0.1422
101.5 0.1421
102.0 0.1421
102.5 0.1420
103.0 0.1420
103.5 0.1419
104.0 0.1418
104.5 0.1417
105.0 0.1416
105.5 0.1414
106.0 0.1413
106.5 0.1411
107.0 0.1409
107.5 0.1406
108.0 0.1404
108.5 0.1401
109.0 0.1397
109.5 0.1394
110.0 0.1390
110.5 0.1385
111.0 0.1380
111.5 0.1375
112.0 0.1369
112.5 0.1363
113.0 0.1356
113.5 0.1349
114.0 0.1341
114.5 0.1333
115.0 0.1325
115.5 0.1315
116.0 0.1306
116.5 0.1296
117.0 0.1285
117.5 0.1274
118.0 0.1262
118.5 0.1251
119.0 0.1238
119.5 0.1225
120.0 0.1212
120.5 0.1198
121.0 0.1184
121.5 0.1170
122.0 0.1155
122.5 0.1140
123.0 0.1124
123.5 0.1108
124.0 0.1092
124.5 0.1075
125.0 0.1058
125.5 0.1041
126.0 0.1024
126.5 0.1006
127.0 0.9879E-01
127.5 0.9698E-01
128.0 0.9515E-01
128.5 0.9331E-01
129.0 0.9147E-01
129.5 0.8962E-01
130.0 0.8778E-01
130.5 0.8593E-01
131.0 0.8410E-01
131.5 0.8228E-01
132.0 0.8047E-01
132.5 0.7868E-01
133.0 0.7691E-01
133.5 0.7516E-01
134.0 0.7344E-01
134.5 0.7175E-01
135.0 0.7008E-01
135.5 0.6845E-01
136.0 0.6684E-01
136.5 0.6527E-01
137.0 0.6374E-01
137.5 0.6224E-01
138.0 0.6078E-01
138.5 0.5936E-01
139.0 0.5797E-01
139.5 0.5663E-01
140.0 0.5533E-01
140.5 0.5408E-01
141.0 0.5286E-01
141.5 0.5170E-01
142.0 0.5058E-01
142.5 0.4951E-01
143.0 0.4849E-01
143.5 0.4752E-01
144.0 0.4660E-01
144.5 0.4573E-01
145.0 0.4491E-01
145.5 0.4415E-01
146.0 0.4344E-01
146.5 0.4279E-01
147.0 0.4218E-01
147.5 0.4163E-01
148.0 0.4113E-01
148.5 0.4067E-01
149.0 0.4027E-01
149.5 0.3992E-01
150.0 0.3961E-01
150.5 0.3934E-01
151.0 0.3912E-01
151.5 0.3894E-01
152.0 0.3880E-01
152.5 0.3870E-01
153.0 0.3863E-01
153.5 0.3860E-01
154.0 0.3861E-01
154.5 0.3865E-01
155.0 0.3872E-01
155.5 0.3882E-01
156.0 0.3895E-01
156.5 0.3912E-01
157.0 0.3931E-01
157.5 0.3953E-01
158.0 0.3978E-01
158.5 0.4005E-01
159.0 0.4035E-01
159.5 0.4068E-01
160.0 0.4102E-01
160.5 0.4139E-01
161.0 0.4178E-01
161.5 0.4218E-01
162.0 0.4260E-01
162.5 0.4304E-01
163.0 0.4349E-01
163.5 0.4394E-01
164.0 0.4441E-01
164.5 0.4488E-01
165.0 0.4535E-01
165.5 0.4582E-01
166.0 0.4630E-01
166.5 0.4677E-01
167.0 0.4724E-01
167.5 0.4770E-01
168.0 0.4816E-01
168.5 0.4861E-01
169.0 0.4905E-01
169.5 0.4949E-01
170.0 0.4991E-01
170.5 0.5032E-01
171.0 0.5072E-01
171.5 0.5110E-01
172.0 0.5147E-01
172.5 0.5183E-01
173.0 0.5217E-01
173.5 0.5249E-01
174.0 0.5280E-01
174.5 0.5308E-01
175.0 0.5335E-01
175.5 0.5359E-01
176.0 0.5381E-01
176.5 0.5401E-01
177.0 0.5419E-01
177.5 0.5433E-01
178.0 0.5446E-01
178.5 0.5455E-01
179.0 0.5462E-01
179.5 0.5466E-01
180.0 0.5468E-01
