@legend string   0 "Partition=  1 Excit=  1 near/far= 1"
#legend string   0 "Lab energy =   49.5000"
@s0 linestyle   1
#  Theta       sigma       iT11        T20         T21         T22         Kyy for projectile
  0.1000E-01  0.3858E+15 -0.9914E-10
   1.000      0.3715E+07  0.4555E-04
   2.000      0.2095E+06  0.5986E-03
   3.000      0.3546E+05  0.2753E-02
   4.000       9358.      0.8513E-02
   5.000       3298.      0.2031E-01
   6.000       1562.      0.3681E-01
   7.000       1018.      0.4913E-01
   8.000       849.5      0.5168E-01
   9.000       804.0      0.4822E-01
   10.00       795.4      0.4321E-01
   11.00       792.8      0.3849E-01
   12.00       785.6      0.3450E-01
   13.00       770.7      0.3119E-01
   14.00       748.1      0.2844E-01
   15.00       718.8      0.2610E-01
   16.00       684.2      0.2408E-01
   17.00       645.7      0.2228E-01
   18.00       604.5      0.2065E-01
   19.00       561.6      0.1914E-01
   20.00       518.2      0.1771E-01
   21.00       474.9      0.1635E-01
   22.00       432.3      0.1503E-01
   23.00       391.1      0.1375E-01
   24.00       351.7      0.1250E-01
   25.00       314.3      0.1129E-01
   26.00       279.2      0.1013E-01
   27.00       246.6      0.9042E-02
   28.00       216.5      0.8060E-02
   29.00       188.9      0.7235E-02
   30.00       164.0      0.6636E-02
   31.00       141.5      0.6356E-02
   32.00       121.4      0.6521E-02
   33.00       103.6      0.7297E-02
   34.00       87.89      0.8899E-02
   35.00       74.23      0.1161E-01
   36.00       62.42      0.1577E-01
   37.00       52.29      0.2184E-01
   38.00       43.68      0.3033E-01
   39.00       36.44      0.4187E-01
   40.00       30.40      0.5710E-01
   41.00       25.42      0.7668E-01
   42.00       21.36      0.1011    
   43.00       18.09      0.1305    
   44.00       15.49      0.1645    
   45.00       13.45      0.2020    
   46.00       11.87      0.2414    
   47.00       10.67      0.2803    
   48.00       9.778      0.3165    
   49.00       9.118      0.3478    
   50.00       8.637      0.3731    
   51.00       8.287      0.3920    
   52.00       8.030      0.4048    
   53.00       7.833      0.4123    
   54.00       7.670      0.4154    
   55.00       7.522      0.4153    
   56.00       7.373      0.4128    
   57.00       7.214      0.4087    
   58.00       7.036      0.4037    
   59.00       6.837      0.3980    
   60.00       6.613      0.3921    
   61.00       6.367      0.3863    
   62.00       6.098      0.3807    
   63.00       5.811      0.3754    
   64.00       5.509      0.3705    
   65.00       5.194      0.3661    
   66.00       4.873      0.3622    
   67.00       4.548      0.3590    
   68.00       4.223      0.3565    
   69.00       3.903      0.3546    
   70.00       3.590      0.3536    
   71.00       3.288      0.3534    
   72.00       2.998      0.3541    
   73.00       2.723      0.3559    
   74.00       2.464      0.3588    
   75.00       2.222      0.3631    
   76.00       1.998      0.3687    
   77.00       1.793      0.3760    
   78.00       1.606      0.3849    
   79.00       1.437      0.3957    
   80.00       1.285      0.4084    
   81.00       1.150      0.4232    
   82.00       1.031      0.4399    
   83.00      0.9265      0.4585    
   84.00      0.8355      0.4788    
   85.00      0.7568      0.5003    
   86.00      0.6894      0.5227    
   87.00      0.6320      0.5453    
   88.00      0.5834      0.5674    
   89.00      0.5424      0.5884    
   90.00      0.5081      0.6076    
   91.00      0.4795      0.6246    
   92.00      0.4555      0.6390    
   93.00      0.4353      0.6505    
   94.00      0.4183      0.6592    
   95.00      0.4036      0.6653    
   96.00      0.3908      0.6688    
   97.00      0.3794      0.6702    
   98.00      0.3688      0.6698    
   99.00      0.3588      0.6679    
   100.0      0.3491      0.6648    
   101.0      0.3394      0.6608    
   102.0      0.3296      0.6561    
   103.0      0.3196      0.6511    
   104.0      0.3093      0.6458    
   105.0      0.2986      0.6404    
   106.0      0.2877      0.6350    
   107.0      0.2764      0.6297    
   108.0      0.2648      0.6246    
   109.0      0.2530      0.6198    
   110.0      0.2411      0.6152    
   111.0      0.2291      0.6109    
   112.0      0.2171      0.6070    
   113.0      0.2052      0.6035    
   114.0      0.1934      0.6003    
   115.0      0.1819      0.5977    
   116.0      0.1707      0.5954    
   117.0      0.1599      0.5937    
   118.0      0.1495      0.5925    
   119.0      0.1396      0.5918    
   120.0      0.1302      0.5917    
   121.0      0.1213      0.5922    
   122.0      0.1130      0.5933    
   123.0      0.1053      0.5951    
   124.0      0.9816E-01  0.5977    
   125.0      0.9161E-01  0.6009    
   126.0      0.8564E-01  0.6048    
   127.0      0.8024E-01  0.6094    
   128.0      0.7539E-01  0.6147    
   129.0      0.7107E-01  0.6206    
   130.0      0.6726E-01  0.6271    
   131.0      0.6392E-01  0.6339    
   132.0      0.6104E-01  0.6411    
   133.0      0.5857E-01  0.6485    
   134.0      0.5648E-01  0.6558    
   135.0      0.5475E-01  0.6630    
   136.0      0.5333E-01  0.6699    
   137.0      0.5220E-01  0.6764    
   138.0      0.5132E-01  0.6823    
   139.0      0.5067E-01  0.6876    
   140.0      0.5021E-01  0.6922    
   141.0      0.4992E-01  0.6959    
   142.0      0.4977E-01  0.6989    
   143.0      0.4974E-01  0.7010    
   144.0      0.4981E-01  0.7022    
   145.0      0.4995E-01  0.7025    
   146.0      0.5015E-01  0.7018    
   147.0      0.5040E-01  0.7003    
   148.0      0.5067E-01  0.6978    
   149.0      0.5096E-01  0.6944    
   150.0      0.5126E-01  0.6900    
   151.0      0.5156E-01  0.6846    
   152.0      0.5184E-01  0.6782    
   153.0      0.5212E-01  0.6706    
   154.0      0.5238E-01  0.6620    
   155.0      0.5261E-01  0.6522    
   156.0      0.5282E-01  0.6412    
   157.0      0.5301E-01  0.6290    
   158.0      0.5317E-01  0.6155    
   159.0      0.5331E-01  0.6006    
   160.0      0.5343E-01  0.5844    
   161.0      0.5352E-01  0.5669    
   162.0      0.5359E-01  0.5479    
   163.0      0.5364E-01  0.5275    
   164.0      0.5367E-01  0.5058    
   165.0      0.5369E-01  0.4825    
   166.0      0.5369E-01  0.4579    
   167.0      0.5369E-01  0.4319    
   168.0      0.5367E-01  0.4046    
   169.0      0.5365E-01  0.3760    
   170.0      0.5362E-01  0.3461    
   171.0      0.5359E-01  0.3151    
   172.0      0.5356E-01  0.2830    
   173.0      0.5353E-01  0.2499    
   174.0      0.5350E-01  0.2159    
   175.0      0.5348E-01  0.1812    
   176.0      0.5345E-01  0.1458    
   177.0      0.5343E-01  0.1098    
   178.0      0.5342E-01  0.7343E-01
   179.0      0.5341E-01  0.3678E-01
   180.0      0.5341E-01  0.3679E-03
 END
   10.88       793.3      0.3902E-01
   13.05       769.7      0.3104E-01
   15.22       711.6      0.2563E-01
   17.39       629.9      0.2163E-01
   19.56       537.3      0.1833E-01
   21.72       444.1      0.1540E-01
   23.89       355.9      0.1264E-01
   26.05       277.5      0.1007E-01
   28.21       210.5      0.7872E-02
   30.37       155.3      0.6490E-02
   32.52       111.8      0.6836E-02
   34.67       78.53      0.1057E-01
   36.82       54.00      0.2058E-01
   38.96       36.70      0.4134E-01
   41.10       24.97      0.7889E-01
   43.24       17.41      0.1382    
   45.37       12.81      0.2165    
   47.50       10.19      0.2989    
   49.62       8.801      0.3642    
   51.74       8.090      0.4020    
   53.86       7.692      0.4152    
   55.97       7.378      0.4129    
   58.08       7.021      0.4032    
   60.18       6.571      0.3911    
   62.27       6.023      0.3792    
   64.36       5.397      0.3688    
   66.45       4.727      0.3607    
   68.52       4.056      0.3554    
   70.60       3.407      0.3533    
   72.67       2.812      0.3552    
   74.73       2.286      0.3618    
   76.79       1.835      0.3743    
   78.84       1.463      0.3938    
   80.88       1.166      0.4213    
   82.92      0.9343      0.4569    
   84.96      0.7598      0.4994    
   86.98      0.6330      0.5448    
   89.00      0.5424      0.5884    
   91.02      0.4789      0.6249    
   93.03      0.4348      0.6508    
   97.02      0.3792      0.6702    
   101.0      0.3394      0.6608    
   105.0      0.2992      0.6407    
   108.9      0.2544      0.6203    
   112.8      0.2078      0.6042    
   116.7      0.1636      0.5942    
   120.5      0.1256      0.5919    
   124.3      0.9580E-01  0.5987    
   128.2      0.7466E-01  0.6156    
   131.9      0.6117E-01  0.6408    
   135.7      0.5368E-01  0.6681    
   139.5      0.5043E-01  0.6899    
   143.2      0.4975E-01  0.7013    
   146.9      0.5038E-01  0.7004    
 END
