# Fusion cross sections for ELAB=  16.000, ECM=  15.368
     0.5   5.300      1
     0.5   10.62     -1
     1.5   21.42      1
     1.5   42.42     -1
     2.5   45.46      1
     2.5   92.14     -1
     3.5   72.39      1
     3.5   142.7     -1
     4.5   87.81      1
     4.5   177.5     -1
     5.5   95.02      1
     5.5   183.9     -1
     6.5   86.48      1
     6.5   178.0     -1
     7.5   84.39      1
     7.5   160.5     -1
     8.5   63.91      1
     8.5   134.1     -1
     9.5   53.14      1
     9.5   96.96     -1
    10.5   29.38      1
    10.5   61.13     -1
    11.5   18.17      1
    11.5   28.65     -1
    12.5   2.957      1
    12.5   9.331     -1
    13.5   1.853      1
    13.5   2.534     -1
    14.5  0.1770      1
    14.5  0.5855     -1
    15.5  0.1046      1
    15.5  0.1533     -1
    16.5  0.1369E-01  1
    16.5  0.4225E-01 -1
    17.5  0.7989E-02  1
    17.5  0.1187E-01 -1
    18.5  0.1107E-02  1
    18.5  0.3368E-02 -1
    19.5  0.6429E-03  1
    19.5  0.9596E-03 -1
    20.5  0.9090E-04  1
    20.5  0.2744E-03 -1
 &
