# 501 angles,  1 tensor ranks for 0=projectile
@subtitle   "49Ti(d,p)50Ti 16 MeV (ADWA), 3.0+ 4.147 MeV 2p1.5"                             
@legend ON
@legend x1 0.2
@legend y1 0.8
@g0 type LOGY
@yaxis ticklabel format power
@legend string   0 "Lab energy =   16.0000"
#legend string   0 "Partition=  1 Excit=  1 near/far= 1"
#  Theta       sigma       iT11        T20         T21         T22         Kyy for projectile
   15.00      0.7062    
   15.10      0.7074    
   15.20      0.7085    
   15.30      0.7096    
   15.40      0.7106    
   15.50      0.7117    
   15.60      0.7126    
   15.70      0.7135    
   15.80      0.7144    
   15.90      0.7152    
   16.00      0.7160    
   16.10      0.7167    
   16.20      0.7173    
   16.30      0.7178    
   16.40      0.7183    
   16.50      0.7186    
   16.60      0.7189    
   16.70      0.7191    
   16.80      0.7193    
   16.90      0.7193    
   17.00      0.7192    
   17.10      0.7190    
   17.20      0.7188    
   17.30      0.7184    
   17.40      0.7179    
   17.50      0.7173    
   17.60      0.7166    
   17.70      0.7158    
   17.80      0.7149    
   17.90      0.7138    
   18.00      0.7126    
   18.10      0.7113    
   18.20      0.7099    
   18.30      0.7084    
   18.40      0.7068    
   18.50      0.7050    
   18.60      0.7031    
   18.70      0.7010    
   18.80      0.6989    
   18.90      0.6966    
   19.00      0.6942    
   19.10      0.6917    
   19.20      0.6890    
   19.30      0.6862    
   19.40      0.6833    
   19.50      0.6803    
   19.60      0.6772    
   19.70      0.6739    
   19.80      0.6705    
   19.90      0.6670    
   20.00      0.6633    
   20.10      0.6596    
   20.20      0.6557    
   20.30      0.6517    
   20.40      0.6477    
   20.50      0.6434    
   20.60      0.6391    
   20.70      0.6347    
   20.80      0.6302    
   20.90      0.6256    
   21.00      0.6208    
   21.10      0.6160    
   21.20      0.6111    
   21.30      0.6061    
   21.40      0.6010    
   21.50      0.5958    
   21.60      0.5905    
   21.70      0.5852    
   21.80      0.5798    
   21.90      0.5743    
   22.00      0.5687    
   22.10      0.5631    
   22.20      0.5574    
   22.30      0.5516    
   22.40      0.5458    
   22.50      0.5399    
   22.60      0.5340    
   22.70      0.5280    
   22.80      0.5220    
   22.90      0.5160    
   23.00      0.5099    
   23.10      0.5038    
   23.20      0.4977    
   23.30      0.4916    
   23.40      0.4854    
   23.50      0.4792    
   23.60      0.4730    
   23.70      0.4668    
   23.80      0.4606    
   23.90      0.4544    
   24.00      0.4483    
   24.10      0.4421    
   24.20      0.4359    
   24.30      0.4298    
   24.40      0.4237    
   24.50      0.4176    
   24.60      0.4115    
   24.70      0.4055    
   24.80      0.3995    
   24.90      0.3936    
   25.00      0.3877    
   25.10      0.3818    
   25.20      0.3760    
   25.30      0.3703    
   25.40      0.3646    
   25.50      0.3590    
   25.60      0.3535    
   25.70      0.3481    
   25.80      0.3427    
   25.90      0.3374    
   26.00      0.3322    
   26.10      0.3271    
   26.20      0.3220    
   26.30      0.3171    
   26.40      0.3123    
   26.50      0.3075    
   26.60      0.3029    
   26.70      0.2984    
   26.80      0.2939    
   26.90      0.2896    
   27.00      0.2855    
   27.10      0.2814    
   27.20      0.2774    
   27.30      0.2736    
   27.40      0.2699    
   27.50      0.2663    
   27.60      0.2629    
   27.70      0.2596    
   27.80      0.2564    
   27.90      0.2534    
   28.00      0.2505    
   28.10      0.2477    
   28.20      0.2451    
   28.30      0.2427    
   28.40      0.2403    
   28.50      0.2381    
   28.60      0.2361    
   28.70      0.2342    
   28.80      0.2325    
   28.90      0.2309    
   29.00      0.2295    
   29.10      0.2282    
   29.20      0.2270    
   29.30      0.2261    
   29.40      0.2252    
   29.50      0.2246    
   29.60      0.2240    
   29.70      0.2237    
   29.80      0.2234    
   29.90      0.2234    
   30.00      0.2235    
   30.10      0.2237    
   30.20      0.2241    
   30.30      0.2246    
   30.40      0.2253    
   30.50      0.2262    
   30.60      0.2272    
   30.70      0.2283    
   30.80      0.2296    
   30.90      0.2310    
   31.00      0.2326    
   31.10      0.2343    
   31.20      0.2361    
   31.30      0.2381    
   31.40      0.2403    
   31.50      0.2425    
   31.60      0.2449    
   31.70      0.2475    
   31.80      0.2501    
   31.90      0.2529    
   32.00      0.2558    
   32.10      0.2588    
   32.20      0.2620    
   32.30      0.2652    
   32.40      0.2686    
   32.50      0.2721    
   32.60      0.2757    
   32.70      0.2794    
   32.80      0.2832    
   32.90      0.2871    
   33.00      0.2911    
   33.10      0.2952    
   33.20      0.2994    
   33.30      0.3037    
   33.40      0.3080    
   33.50      0.3125    
   33.60      0.3170    
   33.70      0.3216    
   33.80      0.3263    
   33.90      0.3310    
   34.00      0.3358    
   34.10      0.3406    
   34.20      0.3456    
   34.30      0.3505    
   34.40      0.3555    
   34.50      0.3606    
   34.60      0.3657    
   34.70      0.3708    
   34.80      0.3760    
   34.90      0.3812    
   35.00      0.3864    
   35.10      0.3917    
   35.20      0.3970    
   35.30      0.4022    
   35.40      0.4075    
   35.50      0.4129    
   35.60      0.4182    
   35.70      0.4235    
   35.80      0.4288    
   35.90      0.4341    
   36.00      0.4394    
   36.10      0.4446    
   36.20      0.4499    
   36.30      0.4551    
   36.40      0.4603    
   36.50      0.4655    
   36.60      0.4706    
   36.70      0.4757    
   36.80      0.4808    
   36.90      0.4858    
   37.00      0.4908    
   37.10      0.4957    
   37.20      0.5006    
   37.30      0.5054    
   37.40      0.5101    
   37.50      0.5148    
   37.60      0.5194    
   37.70      0.5240    
   37.80      0.5284    
   37.90      0.5328    
   38.00      0.5371    
   38.10      0.5413    
   38.20      0.5455    
   38.30      0.5495    
   38.40      0.5535    
   38.50      0.5574    
   38.60      0.5611    
   38.70      0.5648    
   38.80      0.5683    
   38.90      0.5718    
   39.00      0.5752    
   39.10      0.5784    
   39.20      0.5815    
   39.30      0.5846    
   39.40      0.5875    
   39.50      0.5903    
   39.60      0.5929    
   39.70      0.5955    
   39.80      0.5979    
   39.90      0.6002    
   40.00      0.6024    
   40.10      0.6044    
   40.20      0.6063    
   40.30      0.6081    
   40.40      0.6098    
   40.50      0.6113    
   40.60      0.6127    
   40.70      0.6140    
   40.80      0.6151    
   40.90      0.6161    
   41.00      0.6169    
   41.10      0.6176    
   41.20      0.6182    
   41.30      0.6187    
   41.40      0.6190    
   41.50      0.6191    
   41.60      0.6191    
   41.70      0.6190    
   41.80      0.6188    
   41.90      0.6184    
   42.00      0.6179    
   42.10      0.6172    
   42.20      0.6164    
   42.30      0.6155    
   42.40      0.6144    
   42.50      0.6132    
   42.60      0.6118    
   42.70      0.6104    
   42.80      0.6087    
   42.90      0.6070    
   43.00      0.6051    
   43.10      0.6031    
   43.20      0.6010    
   43.30      0.5987    
   43.40      0.5964    
   43.50      0.5938    
   43.60      0.5912    
   43.70      0.5885    
   43.80      0.5856    
   43.90      0.5826    
   44.00      0.5795    
   44.10      0.5763    
   44.20      0.5729    
   44.30      0.5695    
   44.40      0.5659    
   44.50      0.5623    
   44.60      0.5585    
   44.70      0.5547    
   44.80      0.5507    
   44.90      0.5466    
   45.00      0.5425    
   45.10      0.5382    
   45.20      0.5339    
   45.30      0.5295    
   45.40      0.5250    
   45.50      0.5204    
   45.60      0.5157    
   45.70      0.5110    
   45.80      0.5061    
   45.90      0.5012    
   46.00      0.4963    
   46.10      0.4913    
   46.20      0.4862    
   46.30      0.4810    
   46.40      0.4758    
   46.50      0.4706    
   46.60      0.4652    
   46.70      0.4599    
   46.80      0.4545    
   46.90      0.4490    
   47.00      0.4435    
   47.10      0.4380    
   47.20      0.4325    
   47.30      0.4269    
   47.40      0.4213    
   47.50      0.4156    
   47.60      0.4100    
   47.70      0.4043    
   47.80      0.3986    
   47.90      0.3929    
   48.00      0.3872    
   48.10      0.3815    
   48.20      0.3758    
   48.30      0.3700    
   48.40      0.3643    
   48.50      0.3586    
   48.60      0.3529    
   48.70      0.3472    
   48.80      0.3416    
   48.90      0.3359    
   49.00      0.3303    
   49.10      0.3247    
   49.20      0.3191    
   49.30      0.3135    
   49.40      0.3080    
   49.50      0.3025    
   49.60      0.2971    
   49.70      0.2917    
   49.80      0.2863    
   49.90      0.2810    
   50.00      0.2757    
   50.10      0.2705    
   50.20      0.2653    
   50.30      0.2602    
   50.40      0.2552    
   50.50      0.2502    
   50.60      0.2453    
   50.70      0.2404    
   50.80      0.2356    
   50.90      0.2309    
   51.00      0.2262    
   51.10      0.2216    
   51.20      0.2171    
   51.30      0.2127    
   51.40      0.2083    
   51.50      0.2041    
   51.60      0.1999    
   51.70      0.1958    
   51.80      0.1917    
   51.90      0.1878    
   52.00      0.1840    
   52.10      0.1802    
   52.20      0.1766    
   52.30      0.1730    
   52.40      0.1695    
   52.50      0.1661    
   52.60      0.1629    
   52.70      0.1597    
   52.80      0.1566    
   52.90      0.1536    
   53.00      0.1507    
   53.10      0.1479    
   53.20      0.1453    
   53.30      0.1427    
   53.40      0.1402    
   53.50      0.1378    
   53.60      0.1356    
   53.70      0.1334    
   53.80      0.1314    
   53.90      0.1294    
   54.00      0.1276    
   54.10      0.1259    
   54.20      0.1242    
   54.30      0.1227    
   54.40      0.1213    
   54.50      0.1200    
   54.60      0.1188    
   54.70      0.1177    
   54.80      0.1167    
   54.90      0.1158    
   55.00      0.1150    
   55.10      0.1144    
   55.20      0.1138    
   55.30      0.1133    
   55.40      0.1130    
   55.50      0.1127    
   55.60      0.1126    
   55.70      0.1125    
   55.80      0.1126    
   55.90      0.1127    
   56.00      0.1129    
   56.10      0.1133    
   56.20      0.1137    
   56.30      0.1142    
   56.40      0.1149    
   56.50      0.1156    
   56.60      0.1164    
   56.70      0.1173    
   56.80      0.1183    
   56.90      0.1194    
   57.00      0.1205    
   57.10      0.1218    
   57.20      0.1231    
   57.30      0.1245    
   57.40      0.1260    
   57.50      0.1276    
   57.60      0.1293    
   57.70      0.1310    
   57.80      0.1328    
   57.90      0.1347    
   58.00      0.1366    
   58.10      0.1386    
   58.20      0.1407    
   58.30      0.1428    
   58.40      0.1450    
   58.50      0.1473    
   58.60      0.1496    
   58.70      0.1520    
   58.80      0.1544    
   58.90      0.1569    
   59.00      0.1595    
   59.10      0.1621    
   59.20      0.1647    
   59.30      0.1674    
   59.40      0.1701    
   59.50      0.1729    
   59.60      0.1757    
   59.70      0.1785    
   59.80      0.1814    
   59.90      0.1843    
   60.00      0.1872    
   60.10      0.1902    
   60.20      0.1931    
   60.30      0.1961    
   60.40      0.1992    
   60.50      0.2022    
   60.60      0.2053    
   60.70      0.2084    
   60.80      0.2115    
   60.90      0.2146    
   61.00      0.2177    
   61.10      0.2208    
   61.20      0.2239    
   61.30      0.2270    
   61.40      0.2302    
   61.50      0.2333    
   61.60      0.2364    
   61.70      0.2395    
   61.80      0.2426    
   61.90      0.2457    
   62.00      0.2488    
   62.10      0.2519    
   62.20      0.2549    
   62.30      0.2580    
   62.40      0.2610    
   62.50      0.2640    
   62.60      0.2669    
   62.70      0.2699    
   62.80      0.2728    
   62.90      0.2757    
   63.00      0.2785    
   63.10      0.2813    
   63.20      0.2841    
   63.30      0.2869    
   63.40      0.2896    
   63.50      0.2923    
   63.60      0.2949    
   63.70      0.2975    
   63.80      0.3000    
   63.90      0.3025    
   64.00      0.3050    
   64.10      0.3074    
   64.20      0.3098    
   64.30      0.3121    
   64.40      0.3143    
   64.50      0.3165    
   64.60      0.3187    
   64.70      0.3208    
   64.80      0.3228    
   64.90      0.3248    
   65.00      0.3267    
 END
