# 121 angles,  1 tensor ranks for 0=projectile
@subtitle   "12C(d,p)13C | E_beam = 16MeV | DWBA | Ex = 0.0MeV"                             
@legend ON
@legend x1 0.2
@legend y1 0.8
@g0 type LOGY
@yaxis ticklabel format power
@legend string   0 "Lab energy =   16.0000"
#legend string   0 "Partition=  2 Excit=  1 near/far= 1"
#  Theta       sigma       iT11        T20         T21         T22         Kyy for projectile
   0.000       83.13    
  0.5000       82.98    
   1.000       82.52    
   1.500       81.75    
   2.000       80.70    
   2.500       79.36    
   3.000       77.75    
   3.500       75.89    
   4.000       73.79    
   4.500       71.48    
   5.000       68.97    
   5.500       66.30    
   6.000       63.47    
   6.500       60.53    
   7.000       57.49    
   7.500       54.38    
   8.000       51.23    
   8.500       48.05    
   9.000       44.88    
   9.500       41.73    
   10.00       38.63    
   10.50       35.59    
   11.00       32.64    
   11.50       29.79    
   12.00       27.05    
   12.50       24.43    
   13.00       21.95    
   13.50       19.62    
   14.00       17.43    
   14.50       15.40    
   15.00       13.53    
   15.50       11.81    
   16.00       10.25    
   16.50       8.853    
   17.00       7.604    
   17.50       6.504    
   18.00       5.547    
   18.50       4.727    
   19.00       4.038    
   19.50       3.471    
   20.00       3.020    
   20.50       2.676    
   21.00       2.430    
   21.50       2.275    
   22.00       2.201    
   22.50       2.200    
   23.00       2.264    
   23.50       2.385    
   24.00       2.556    
   24.50       2.767    
   25.00       3.013    
   25.50       3.287    
   26.00       3.582    
   26.50       3.893    
   27.00       4.214    
   27.50       4.539    
   28.00       4.865    
   28.50       5.188    
   29.00       5.503    
   29.50       5.807    
   30.00       6.097    
   30.50       6.372    
   31.00       6.629    
   31.50       6.865    
   32.00       7.081    
   32.50       7.274    
   33.00       7.445    
   33.50       7.592    
   34.00       7.715    
   34.50       7.815    
   35.00       7.891    
   35.50       7.945    
   36.00       7.975    
   36.50       7.984    
   37.00       7.972    
   37.50       7.940    
   38.00       7.889    
   38.50       7.820    
   39.00       7.734    
   39.50       7.632    
   40.00       7.516    
   40.50       7.386    
   41.00       7.245    
   41.50       7.092    
   42.00       6.930    
   42.50       6.759    
   43.00       6.580    
   43.50       6.395    
   44.00       6.205    
   44.50       6.011    
   45.00       5.812    
   45.50       5.612    
   46.00       5.409    
   46.50       5.206    
   47.00       5.003    
   47.50       4.800    
   48.00       4.599    
   48.50       4.399    
   49.00       4.202    
   49.50       4.007    
   50.00       3.816    
   50.50       3.629    
   51.00       3.445    
   51.50       3.266    
   52.00       3.092    
   52.50       2.923    
   53.00       2.759    
   53.50       2.600    
   54.00       2.446    
   54.50       2.298    
   55.00       2.156    
   55.50       2.019    
   56.00       1.888    
   56.50       1.763    
   57.00       1.643    
   57.50       1.529    
   58.00       1.420    
   58.50       1.317    
   59.00       1.220    
   59.50       1.127    
   60.00       1.040    
 END
