# 361 angles,  1 tensor ranks for 0=projectile
@subtitle   "9Be(6Li,d)13C"                                                                 
@legend ON
@legend x1 0.2
@legend y1 0.8
@g0 type LOGY
@yaxis ticklabel format power
@legend string   0 "Lab energy =   32.0000"
#legend string   0 "Partition=  2 Excit=  1 near/far= 1"
#  Theta       sigma       iT11        T20         T21         T22         Kyy for projectile
   0.000      0.1811    
  0.5000      0.1810    
   1.000      0.1808    
   1.500      0.1803    
   2.000      0.1796    
   2.500      0.1788    
   3.000      0.1778    
   3.500      0.1766    
   4.000      0.1752    
   4.500      0.1736    
   5.000      0.1719    
   5.500      0.1699    
   6.000      0.1678    
   6.500      0.1655    
   7.000      0.1630    
   7.500      0.1603    
   8.000      0.1575    
   8.500      0.1545    
   9.000      0.1513    
   9.500      0.1480    
   10.00      0.1445    
   10.50      0.1408    
   11.00      0.1371    
   11.50      0.1332    
   12.00      0.1291    
   12.50      0.1250    
   13.00      0.1209    
   13.50      0.1166    
   14.00      0.1123    
   14.50      0.1079    
   15.00      0.1035    
   15.50      0.9916E-01
   16.00      0.9480E-01
   16.50      0.9046E-01
   17.00      0.8617E-01
   17.50      0.8195E-01
   18.00      0.7781E-01
   18.50      0.7376E-01
   19.00      0.6983E-01
   19.50      0.6603E-01
   20.00      0.6237E-01
   20.50      0.5886E-01
   21.00      0.5551E-01
   21.50      0.5234E-01
   22.00      0.4935E-01
   22.50      0.4655E-01
   23.00      0.4394E-01
   23.50      0.4153E-01
   24.00      0.3932E-01
   24.50      0.3730E-01
   25.00      0.3548E-01
   25.50      0.3385E-01
   26.00      0.3241E-01
   26.50      0.3115E-01
   27.00      0.3007E-01
   27.50      0.2915E-01
   28.00      0.2839E-01
   28.50      0.2777E-01
   29.00      0.2729E-01
   29.50      0.2693E-01
   30.00      0.2668E-01
   30.50      0.2652E-01
   31.00      0.2645E-01
   31.50      0.2644E-01
   32.00      0.2650E-01
   32.50      0.2659E-01
   33.00      0.2673E-01
   33.50      0.2688E-01
   34.00      0.2704E-01
   34.50      0.2720E-01
   35.00      0.2736E-01
   35.50      0.2749E-01
   36.00      0.2761E-01
   36.50      0.2769E-01
   37.00      0.2773E-01
   37.50      0.2773E-01
   38.00      0.2769E-01
   38.50      0.2760E-01
   39.00      0.2746E-01
   39.50      0.2727E-01
   40.00      0.2702E-01
   40.50      0.2673E-01
   41.00      0.2639E-01
   41.50      0.2601E-01
   42.00      0.2557E-01
   42.50      0.2510E-01
   43.00      0.2459E-01
   43.50      0.2405E-01
   44.00      0.2348E-01
   44.50      0.2288E-01
   45.00      0.2226E-01
   45.50      0.2163E-01
   46.00      0.2098E-01
   46.50      0.2032E-01
   47.00      0.1966E-01
   47.50      0.1900E-01
   48.00      0.1834E-01
   48.50      0.1769E-01
   49.00      0.1705E-01
   49.50      0.1642E-01
   50.00      0.1580E-01
   50.50      0.1520E-01
   51.00      0.1462E-01
   51.50      0.1406E-01
   52.00      0.1351E-01
   52.50      0.1299E-01
   53.00      0.1249E-01
   53.50      0.1201E-01
   54.00      0.1155E-01
   54.50      0.1111E-01
   55.00      0.1070E-01
   55.50      0.1030E-01
   56.00      0.9923E-02
   56.50      0.9564E-02
   57.00      0.9222E-02
   57.50      0.8897E-02
   58.00      0.8587E-02
   58.50      0.8291E-02
   59.00      0.8009E-02
   59.50      0.7739E-02
   60.00      0.7479E-02
   60.50      0.7230E-02
   61.00      0.6990E-02
   61.50      0.6759E-02
   62.00      0.6534E-02
   62.50      0.6317E-02
   63.00      0.6106E-02
   63.50      0.5901E-02
   64.00      0.5701E-02
   64.50      0.5507E-02
   65.00      0.5317E-02
   65.50      0.5132E-02
   66.00      0.4952E-02
   66.50      0.4776E-02
   67.00      0.4605E-02
   67.50      0.4438E-02
   68.00      0.4276E-02
   68.50      0.4120E-02
   69.00      0.3968E-02
   69.50      0.3821E-02
   70.00      0.3680E-02
   70.50      0.3544E-02
   71.00      0.3414E-02
   71.50      0.3289E-02
   72.00      0.3171E-02
   72.50      0.3058E-02
   73.00      0.2951E-02
   73.50      0.2850E-02
   74.00      0.2756E-02
   74.50      0.2667E-02
   75.00      0.2584E-02
   75.50      0.2507E-02
   76.00      0.2436E-02
   76.50      0.2370E-02
   77.00      0.2309E-02
   77.50      0.2254E-02
   78.00      0.2203E-02
   78.50      0.2157E-02
   79.00      0.2115E-02
   79.50      0.2077E-02
   80.00      0.2043E-02
   80.50      0.2012E-02
   81.00      0.1984E-02
   81.50      0.1958E-02
   82.00      0.1935E-02
   82.50      0.1914E-02
   83.00      0.1894E-02
   83.50      0.1876E-02
   84.00      0.1859E-02
   84.50      0.1843E-02
   85.00      0.1828E-02
   85.50      0.1813E-02
   86.00      0.1798E-02
   86.50      0.1784E-02
   87.00      0.1769E-02
   87.50      0.1754E-02
   88.00      0.1739E-02
   88.50      0.1724E-02
   89.00      0.1708E-02
   89.50      0.1692E-02
   90.00      0.1675E-02
   90.50      0.1659E-02
   91.00      0.1642E-02
   91.50      0.1625E-02
   92.00      0.1607E-02
   92.50      0.1590E-02
   93.00      0.1573E-02
   93.50      0.1556E-02
   94.00      0.1540E-02
   94.50      0.1524E-02
   95.00      0.1508E-02
   95.50      0.1493E-02
   96.00      0.1480E-02
   96.50      0.1467E-02
   97.00      0.1455E-02
   97.50      0.1444E-02
   98.00      0.1435E-02
   98.50      0.1427E-02
   99.00      0.1421E-02
   99.50      0.1416E-02
   100.0      0.1413E-02
   100.5      0.1412E-02
   101.0      0.1412E-02
   101.5      0.1414E-02
   102.0      0.1418E-02
   102.5      0.1424E-02
   103.0      0.1431E-02
   103.5      0.1440E-02
   104.0      0.1450E-02
   104.5      0.1462E-02
   105.0      0.1475E-02
   105.5      0.1490E-02
   106.0      0.1505E-02
   106.5      0.1522E-02
   107.0      0.1539E-02
   107.5      0.1558E-02
   108.0      0.1577E-02
   108.5      0.1596E-02
   109.0      0.1615E-02
   109.5      0.1635E-02
   110.0      0.1654E-02
   110.5      0.1674E-02
   111.0      0.1693E-02
   111.5      0.1711E-02
   112.0      0.1728E-02
   112.5      0.1745E-02
   113.0      0.1760E-02
   113.5      0.1774E-02
   114.0      0.1787E-02
   114.5      0.1799E-02
   115.0      0.1808E-02
   115.5      0.1816E-02
   116.0      0.1822E-02
   116.5      0.1827E-02
   117.0      0.1829E-02
   117.5      0.1829E-02
   118.0      0.1827E-02
   118.5      0.1824E-02
   119.0      0.1818E-02
   119.5      0.1810E-02
   120.0      0.1800E-02
   120.5      0.1788E-02
   121.0      0.1774E-02
   121.5      0.1758E-02
   122.0      0.1741E-02
   122.5      0.1722E-02
   123.0      0.1701E-02
   123.5      0.1679E-02
   124.0      0.1655E-02
   124.5      0.1630E-02
   125.0      0.1604E-02
   125.5      0.1578E-02
   126.0      0.1550E-02
   126.5      0.1521E-02
   127.0      0.1493E-02
   127.5      0.1463E-02
   128.0      0.1434E-02
   128.5      0.1404E-02
   129.0      0.1374E-02
   129.5      0.1345E-02
   130.0      0.1316E-02
   130.5      0.1287E-02
   131.0      0.1259E-02
   131.5      0.1232E-02
   132.0      0.1205E-02
   132.5      0.1179E-02
   133.0      0.1154E-02
   133.5      0.1130E-02
   134.0      0.1107E-02
   134.5      0.1085E-02
   135.0      0.1063E-02
   135.5      0.1044E-02
   136.0      0.1025E-02
   136.5      0.1007E-02
   137.0      0.9906E-03
   137.5      0.9752E-03
   138.0      0.9610E-03
   138.5      0.9478E-03
   139.0      0.9358E-03
   139.5      0.9249E-03
   140.0      0.9150E-03
   140.5      0.9062E-03
   141.0      0.8984E-03
   141.5      0.8916E-03
   142.0      0.8857E-03
   142.5      0.8808E-03
   143.0      0.8768E-03
   143.5      0.8736E-03
   144.0      0.8713E-03
   144.5      0.8699E-03
   145.0      0.8694E-03
   145.5      0.8697E-03
   146.0      0.8709E-03
   146.5      0.8731E-03
   147.0      0.8762E-03
   147.5      0.8802E-03
   148.0      0.8853E-03
   148.5      0.8916E-03
   149.0      0.8989E-03
   149.5      0.9075E-03
   150.0      0.9174E-03
   150.5      0.9286E-03
   151.0      0.9412E-03
   151.5      0.9553E-03
   152.0      0.9710E-03
   152.5      0.9884E-03
   153.0      0.1007E-02
   153.5      0.1028E-02
   154.0      0.1051E-02
   154.5      0.1075E-02
   155.0      0.1102E-02
   155.5      0.1130E-02
   156.0      0.1160E-02
   156.5      0.1193E-02
   157.0      0.1228E-02
   157.5      0.1264E-02
   158.0      0.1303E-02
   158.5      0.1344E-02
   159.0      0.1387E-02
   159.5      0.1433E-02
   160.0      0.1480E-02
   160.5      0.1530E-02
   161.0      0.1581E-02
   161.5      0.1634E-02
   162.0      0.1689E-02
   162.5      0.1745E-02
   163.0      0.1803E-02
   163.5      0.1863E-02
   164.0      0.1923E-02
   164.5      0.1985E-02
   165.0      0.2048E-02
   165.5      0.2111E-02
   166.0      0.2174E-02
   166.5      0.2239E-02
   167.0      0.2303E-02
   167.5      0.2367E-02
   168.0      0.2431E-02
   168.5      0.2494E-02
   169.0      0.2557E-02
   169.5      0.2619E-02
   170.0      0.2680E-02
   170.5      0.2740E-02
   171.0      0.2798E-02
   171.5      0.2854E-02
   172.0      0.2908E-02
   172.5      0.2960E-02
   173.0      0.3010E-02
   173.5      0.3057E-02
   174.0      0.3101E-02
   174.5      0.3143E-02
   175.0      0.3181E-02
   175.5      0.3216E-02
   176.0      0.3248E-02
   176.5      0.3276E-02
   177.0      0.3301E-02
   177.5      0.3321E-02
   178.0      0.3339E-02
   178.5      0.3352E-02
   179.0      0.3362E-02
   179.5      0.3368E-02
   180.0      0.3369E-02
 END
