# Fusion cross sections for ELAB=  32.000, ECM=  19.191
     0.5   9.288       9.289      0.8882E-03
     1.5   30.98       30.98      0.2408E-02
     2.5   55.82       55.82      0.5595E-02
     3.5   74.58       74.59      0.5600E-02
     4.5   93.45       93.46      0.1213E-01
     5.5   112.4       112.4      0.1448E-01
     6.5   131.1       131.1      0.2717E-01
     7.5   147.2       147.2      0.2493E-01
     8.5   156.0       156.1      0.2056E-01
     9.5   152.2       152.2      0.7700E-02
    10.5   133.2       133.2      0.2048E-02
    11.5   102.9       102.9      0.4347E-03
    12.5   69.40       69.40      0.8287E-04
    13.5   41.26       41.26      0.1499E-04
    14.5   22.25       22.25      0.2653E-05
    15.5   11.24       11.24      0.4659E-06
    16.5   5.453       5.453      0.8230E-07
    17.5   2.587       2.587      0.1470E-07
    18.5   1.211       1.211      0.2565E-08
    19.5  0.5621      0.5621      0.4109E-09
    20.5  0.2595      0.2595      0.6173E-10
    21.5  0.1193      0.1193      0.1070E-10
    22.5  0.5467E-01  0.5467E-01  0.3039E-11
    23.5  0.2498E-01  0.2498E-01  0.1144E-11
    24.5  0.1138E-01  0.1138E-01  0.2271E-11
    25.5  0.5174E-02  0.5174E-02  0.1239E-10
    26.5  0.2347E-02  0.2347E-02  0.2390E-09
    27.5  0.1063E-02  0.1063E-02  0.1353E-09
    28.5  0.4801E-03  0.4801E-03  0.4205E-09
    29.5  0.2166E-03  0.2166E-03  0.5699E-10
    30.5  0.9752E-04  0.9752E-04  0.1177E-10
 &
