# 361 angles,  1 tensor ranks for 0=projectile
@subtitle   "25Al(d,n)26Si"                                                                 
@legend ON
@legend x1 0.2
@legend y1 0.8
@g0 type LOGY
@yaxis ticklabel format power
@legend string   0 "Lab energy =    7.3200"
#legend string   0 "Partition=  2 Excit=  2 near/far= 1"
#  Theta       sigma       iT11        T20         T21         T22         Kyy for projectile
   0.000       5.029    
  0.5000       5.024    
   1.000       5.009    
   1.500       4.984    
   2.000       4.950    
   2.500       4.905    
   3.000       4.852    
   3.500       4.789    
   4.000       4.718    
   4.500       4.638    
   5.000       4.551    
   5.500       4.456    
   6.000       4.355    
   6.500       4.247    
   7.000       4.134    
   7.500       4.016    
   8.000       3.893    
   8.500       3.767    
   9.000       3.638    
   9.500       3.506    
   10.00       3.372    
   10.50       3.237    
   11.00       3.102    
   11.50       2.967    
   12.00       2.832    
   12.50       2.698    
   13.00       2.566    
   13.50       2.436    
   14.00       2.309    
   14.50       2.185    
   15.00       2.064    
   15.50       1.947    
   16.00       1.835    
   16.50       1.726    
   17.00       1.622    
   17.50       1.524    
   18.00       1.430    
   18.50       1.341    
   19.00       1.257    
   19.50       1.179    
   20.00       1.105    
   20.50       1.037    
   21.00      0.9746    
   21.50      0.9169    
   22.00      0.8642    
   22.50      0.8164    
   23.00      0.7733    
   23.50      0.7348    
   24.00      0.7007    
   24.50      0.6707    
   25.00      0.6447    
   25.50      0.6224    
   26.00      0.6036    
   26.50      0.5881    
   27.00      0.5756    
   27.50      0.5659    
   28.00      0.5587    
   28.50      0.5538    
   29.00      0.5509    
   29.50      0.5499    
   30.00      0.5505    
   30.50      0.5524    
   31.00      0.5554    
   31.50      0.5594    
   32.00      0.5641    
   32.50      0.5694    
   33.00      0.5750    
   33.50      0.5809    
   34.00      0.5868    
   34.50      0.5926    
   35.00      0.5982    
   35.50      0.6035    
   36.00      0.6083    
   36.50      0.6126    
   37.00      0.6163    
   37.50      0.6193    
   38.00      0.6216    
   38.50      0.6231    
   39.00      0.6238    
   39.50      0.6236    
   40.00      0.6225    
   40.50      0.6206    
   41.00      0.6177    
   41.50      0.6140    
   42.00      0.6094    
   42.50      0.6040    
   43.00      0.5977    
   43.50      0.5907    
   44.00      0.5828    
   44.50      0.5743    
   45.00      0.5651    
   45.50      0.5553    
   46.00      0.5449    
   46.50      0.5339    
   47.00      0.5225    
   47.50      0.5106    
   48.00      0.4984    
   48.50      0.4858    
   49.00      0.4730    
   49.50      0.4600    
   50.00      0.4468    
   50.50      0.4335    
   51.00      0.4202    
   51.50      0.4068    
   52.00      0.3935    
   52.50      0.3802    
   53.00      0.3671    
   53.50      0.3542    
   54.00      0.3414    
   54.50      0.3289    
   55.00      0.3167    
   55.50      0.3047    
   56.00      0.2931    
   56.50      0.2818    
   57.00      0.2709    
   57.50      0.2604    
   58.00      0.2503    
   58.50      0.2406    
   59.00      0.2313    
   59.50      0.2225    
   60.00      0.2141    
   60.50      0.2061    
   61.00      0.1986    
   61.50      0.1916    
   62.00      0.1850    
   62.50      0.1789    
   63.00      0.1731    
   63.50      0.1678    
   64.00      0.1630    
   64.50      0.1585    
   65.00      0.1544    
   65.50      0.1507    
   66.00      0.1474    
   66.50      0.1444    
   67.00      0.1418    
   67.50      0.1395    
   68.00      0.1374    
   68.50      0.1357    
   69.00      0.1343    
   69.50      0.1330    
   70.00      0.1321    
   70.50      0.1313    
   71.00      0.1307    
   71.50      0.1303    
   72.00      0.1301    
   72.50      0.1300    
   73.00      0.1300    
   73.50      0.1301    
   74.00      0.1304    
   74.50      0.1307    
   75.00      0.1310    
   75.50      0.1314    
   76.00      0.1319    
   76.50      0.1323    
   77.00      0.1328    
   77.50      0.1333    
   78.00      0.1337    
   78.50      0.1341    
   79.00      0.1345    
   79.50      0.1349    
   80.00      0.1352    
   80.50      0.1354    
   81.00      0.1356    
   81.50      0.1357    
   82.00      0.1357    
   82.50      0.1356    
   83.00      0.1355    
   83.50      0.1353    
   84.00      0.1349    
   84.50      0.1345    
   85.00      0.1340    
   85.50      0.1335    
   86.00      0.1328    
   86.50      0.1320    
   87.00      0.1311    
   87.50      0.1302    
   88.00      0.1292    
   88.50      0.1281    
   89.00      0.1269    
   89.50      0.1256    
   90.00      0.1243    
   90.50      0.1228    
   91.00      0.1214    
   91.50      0.1198    
   92.00      0.1182    
   92.50      0.1166    
   93.00      0.1149    
   93.50      0.1132    
   94.00      0.1114    
   94.50      0.1097    
   95.00      0.1078    
   95.50      0.1060    
   96.00      0.1042    
   96.50      0.1023    
   97.00      0.1005    
   97.50      0.9860E-01
   98.00      0.9675E-01
   98.50      0.9491E-01
   99.00      0.9308E-01
   99.50      0.9128E-01
   100.0      0.8949E-01
   100.5      0.8774E-01
   101.0      0.8602E-01
   101.5      0.8434E-01
   102.0      0.8270E-01
   102.5      0.8110E-01
   103.0      0.7955E-01
   103.5      0.7805E-01
   104.0      0.7660E-01
   104.5      0.7520E-01
   105.0      0.7386E-01
   105.5      0.7258E-01
   106.0      0.7137E-01
   106.5      0.7021E-01
   107.0      0.6912E-01
   107.5      0.6810E-01
   108.0      0.6714E-01
   108.5      0.6624E-01
   109.0      0.6541E-01
   109.5      0.6465E-01
   110.0      0.6396E-01
   110.5      0.6334E-01
   111.0      0.6278E-01
   111.5      0.6228E-01
   112.0      0.6185E-01
   112.5      0.6149E-01
   113.0      0.6118E-01
   113.5      0.6094E-01
   114.0      0.6076E-01
   114.5      0.6063E-01
   115.0      0.6057E-01
   115.5      0.6055E-01
   116.0      0.6059E-01
   116.5      0.6068E-01
   117.0      0.6082E-01
   117.5      0.6100E-01
   118.0      0.6123E-01
   118.5      0.6150E-01
   119.0      0.6181E-01
   119.5      0.6215E-01
   120.0      0.6253E-01
   120.5      0.6294E-01
   121.0      0.6338E-01
   121.5      0.6385E-01
   122.0      0.6433E-01
   122.5      0.6484E-01
   123.0      0.6537E-01
   123.5      0.6592E-01
   124.0      0.6648E-01
   124.5      0.6705E-01
   125.0      0.6764E-01
   125.5      0.6822E-01
   126.0      0.6882E-01
   126.5      0.6942E-01
   127.0      0.7002E-01
   127.5      0.7062E-01
   128.0      0.7122E-01
   128.5      0.7181E-01
   129.0      0.7240E-01
   129.5      0.7298E-01
   130.0      0.7356E-01
   130.5      0.7412E-01
   131.0      0.7468E-01
   131.5      0.7522E-01
   132.0      0.7576E-01
   132.5      0.7628E-01
   133.0      0.7678E-01
   133.5      0.7728E-01
   134.0      0.7776E-01
   134.5      0.7822E-01
   135.0      0.7867E-01
   135.5      0.7911E-01
   136.0      0.7953E-01
   136.5      0.7994E-01
   137.0      0.8034E-01
   137.5      0.8072E-01
   138.0      0.8109E-01
   138.5      0.8144E-01
   139.0      0.8179E-01
   139.5      0.8212E-01
   140.0      0.8245E-01
   140.5      0.8276E-01
   141.0      0.8307E-01
   141.5      0.8337E-01
   142.0      0.8366E-01
   142.5      0.8395E-01
   143.0      0.8424E-01
   143.5      0.8452E-01
   144.0      0.8480E-01
   144.5      0.8508E-01
   145.0      0.8536E-01
   145.5      0.8564E-01
   146.0      0.8593E-01
   146.5      0.8622E-01
   147.0      0.8651E-01
   147.5      0.8681E-01
   148.0      0.8712E-01
   148.5      0.8744E-01
   149.0      0.8777E-01
   149.5      0.8810E-01
   150.0      0.8845E-01
   150.5      0.8881E-01
   151.0      0.8919E-01
   151.5      0.8958E-01
   152.0      0.8998E-01
   152.5      0.9039E-01
   153.0      0.9083E-01
   153.5      0.9127E-01
   154.0      0.9174E-01
   154.5      0.9222E-01
   155.0      0.9271E-01
   155.5      0.9322E-01
   156.0      0.9375E-01
   156.5      0.9429E-01
   157.0      0.9485E-01
   157.5      0.9543E-01
   158.0      0.9601E-01
   158.5      0.9662E-01
   159.0      0.9723E-01
   159.5      0.9786E-01
   160.0      0.9850E-01
   160.5      0.9915E-01
   161.0      0.9981E-01
   161.5      0.1005    
   162.0      0.1012    
   162.5      0.1018    
   163.0      0.1025    
   163.5      0.1032    
   164.0      0.1039    
   164.5      0.1046    
   165.0      0.1053    
   165.5      0.1060    
   166.0      0.1067    
   166.5      0.1074    
   167.0      0.1081    
   167.5      0.1087    
   168.0      0.1094    
   168.5      0.1101    
   169.0      0.1107    
   169.5      0.1113    
   170.0      0.1119    
   170.5      0.1125    
   171.0      0.1131    
   171.5      0.1136    
   172.0      0.1141    
   172.5      0.1146    
   173.0      0.1151    
   173.5      0.1156    
   174.0      0.1160    
   174.5      0.1164    
   175.0      0.1167    
   175.5      0.1171    
   176.0      0.1173    
   176.5      0.1176    
   177.0      0.1178    
   177.5      0.1180    
   178.0      0.1182    
   178.5      0.1183    
   179.0      0.1184    
   179.5      0.1185    
   180.0      0.1185    
 END
