# Fusion cross sections for ELAB=   7.320, ECM=   6.774
     0.5   13.53      1
     0.5   27.98     -1
     1.5   55.47      1
     1.5   106.6     -1
     2.5   92.66      1
     2.5   188.2     -1
     3.5   123.9      1
     3.5   232.4     -1
     4.5   101.2      1
     4.5   210.7     -1
     5.5   90.31      1
     5.5   163.9     -1
     6.5   48.45      1
     6.5   104.4     -1
     7.5   30.52      1
     7.5   47.92     -1
     8.5   4.013      1
     8.5   15.16     -1
     9.5   2.453      1
     9.5   3.301     -1
    10.5  0.1860      1
    10.5  0.6931     -1
    11.5  0.1093      1
    11.5  0.1507     -1
    12.5  0.9218E-02  1
    12.5  0.3329E-01 -1
    13.5  0.5310E-02  1
    13.5  0.7347E-02 -1
    14.5  0.4470E-03  1
    14.5  0.1609E-02 -1
    15.5  0.2435E-03  1
    15.5  0.3405E-03 -1
    16.5  0.1836E-04  1
    16.5 -0.2196E-03 -1
    17.5 -0.1855E-03  1
    17.5 -0.2035E-03 -1
    18.5 -0.4379E-02  1
    18.5 -0.5761E-02 -1
    19.5 -0.1754E-01  1
    19.5 -0.1835E-01 -1
    20.5 -0.4169E-03  1
    20.5 -0.1753E-01 -1
 &
