# 361 angles,  1 tensor ranks for 0=projectile
@subtitle   "25Al(d,n)26Si"                                                                 
@legend ON
@legend x1 0.2
@legend y1 0.8
@g0 type LOGY
@yaxis ticklabel format power
@legend string   0 "Lab energy =    7.3200"
#legend string   0 "Partition=  2 Excit=  1 near/far= 1"
#  Theta       sigma       iT11        T20         T21         T22         Kyy for projectile
   0.000      0.1984    
  0.5000      0.1985    
   1.000      0.1986    
   1.500      0.1987    
   2.000      0.1990    
   2.500      0.1994    
   3.000      0.1999    
   3.500      0.2007    
   4.000      0.2016    
   4.500      0.2029    
   5.000      0.2045    
   5.500      0.2065    
   6.000      0.2090    
   6.500      0.2119    
   7.000      0.2155    
   7.500      0.2197    
   8.000      0.2246    
   8.500      0.2303    
   9.000      0.2368    
   9.500      0.2441    
   10.00      0.2524    
   10.50      0.2616    
   11.00      0.2718    
   11.50      0.2830    
   12.00      0.2952    
   12.50      0.3085    
   13.00      0.3228    
   13.50      0.3381    
   14.00      0.3545    
   14.50      0.3718    
   15.00      0.3901    
   15.50      0.4093    
   16.00      0.4294    
   16.50      0.4503    
   17.00      0.4719    
   17.50      0.4942    
   18.00      0.5170    
   18.50      0.5404    
   19.00      0.5642    
   19.50      0.5882    
   20.00      0.6125    
   20.50      0.6369    
   21.00      0.6613    
   21.50      0.6856    
   22.00      0.7097    
   22.50      0.7334    
   23.00      0.7568    
   23.50      0.7795    
   24.00      0.8017    
   24.50      0.8231    
   25.00      0.8437    
   25.50      0.8633    
   26.00      0.8820    
   26.50      0.8995    
   27.00      0.9159    
   27.50      0.9311    
   28.00      0.9449    
   28.50      0.9574    
   29.00      0.9685    
   29.50      0.9781    
   30.00      0.9863    
   30.50      0.9930    
   31.00      0.9981    
   31.50       1.002    
   32.00       1.004    
   32.50       1.004    
   33.00       1.003    
   33.50       1.001    
   34.00      0.9968    
   34.50      0.9913    
   35.00      0.9845    
   35.50      0.9762    
   36.00      0.9666    
   36.50      0.9558    
   37.00      0.9437    
   37.50      0.9304    
   38.00      0.9161    
   38.50      0.9007    
   39.00      0.8843    
   39.50      0.8670    
   40.00      0.8489    
   40.50      0.8301    
   41.00      0.8105    
   41.50      0.7904    
   42.00      0.7697    
   42.50      0.7486    
   43.00      0.7271    
   43.50      0.7053    
   44.00      0.6833    
   44.50      0.6611    
   45.00      0.6389    
   45.50      0.6166    
   46.00      0.5943    
   46.50      0.5722    
   47.00      0.5502    
   47.50      0.5284    
   48.00      0.5069    
   48.50      0.4858    
   49.00      0.4650    
   49.50      0.4446    
   50.00      0.4247    
   50.50      0.4053    
   51.00      0.3865    
   51.50      0.3682    
   52.00      0.3505    
   52.50      0.3334    
   53.00      0.3170    
   53.50      0.3012    
   54.00      0.2861    
   54.50      0.2717    
   55.00      0.2580    
   55.50      0.2450    
   56.00      0.2327    
   56.50      0.2211    
   57.00      0.2102    
   57.50      0.2001    
   58.00      0.1906    
   58.50      0.1818    
   59.00      0.1737    
   59.50      0.1662    
   60.00      0.1595    
   60.50      0.1533    
   61.00      0.1478    
   61.50      0.1428    
   62.00      0.1385    
   62.50      0.1347    
   63.00      0.1314    
   63.50      0.1287    
   64.00      0.1265    
   64.50      0.1247    
   65.00      0.1234    
   65.50      0.1225    
   66.00      0.1220    
   66.50      0.1219    
   67.00      0.1221    
   67.50      0.1227    
   68.00      0.1235    
   68.50      0.1247    
   69.00      0.1261    
   69.50      0.1277    
   70.00      0.1295    
   70.50      0.1315    
   71.00      0.1337    
   71.50      0.1361    
   72.00      0.1385    
   72.50      0.1411    
   73.00      0.1437    
   73.50      0.1465    
   74.00      0.1492    
   74.50      0.1520    
   75.00      0.1548    
   75.50      0.1577    
   76.00      0.1605    
   76.50      0.1633    
   77.00      0.1660    
   77.50      0.1687    
   78.00      0.1714    
   78.50      0.1740    
   79.00      0.1765    
   79.50      0.1789    
   80.00      0.1812    
   80.50      0.1834    
   81.00      0.1856    
   81.50      0.1876    
   82.00      0.1894    
   82.50      0.1912    
   83.00      0.1928    
   83.50      0.1944    
   84.00      0.1957    
   84.50      0.1970    
   85.00      0.1981    
   85.50      0.1991    
   86.00      0.1999    
   86.50      0.2007    
   87.00      0.2012    
   87.50      0.2017    
   88.00      0.2020    
   88.50      0.2022    
   89.00      0.2022    
   89.50      0.2022    
   90.00      0.2020    
   90.50      0.2017    
   91.00      0.2013    
   91.50      0.2007    
   92.00      0.2001    
   92.50      0.1994    
   93.00      0.1985    
   93.50      0.1976    
   94.00      0.1965    
   94.50      0.1954    
   95.00      0.1942    
   95.50      0.1929    
   96.00      0.1915    
   96.50      0.1901    
   97.00      0.1886    
   97.50      0.1870    
   98.00      0.1854    
   98.50      0.1837    
   99.00      0.1820    
   99.50      0.1803    
   100.0      0.1785    
   100.5      0.1766    
   101.0      0.1747    
   101.5      0.1728    
   102.0      0.1709    
   102.5      0.1690    
   103.0      0.1670    
   103.5      0.1651    
   104.0      0.1631    
   104.5      0.1612    
   105.0      0.1592    
   105.5      0.1572    
   106.0      0.1553    
   106.5      0.1533    
   107.0      0.1514    
   107.5      0.1495    
   108.0      0.1476    
   108.5      0.1457    
   109.0      0.1439    
   109.5      0.1421    
   110.0      0.1403    
   110.5      0.1385    
   111.0      0.1368    
   111.5      0.1351    
   112.0      0.1335    
   112.5      0.1319    
   113.0      0.1303    
   113.5      0.1288    
   114.0      0.1273    
   114.5      0.1259    
   115.0      0.1245    
   115.5      0.1231    
   116.0      0.1218    
   116.5      0.1206    
   117.0      0.1194    
   117.5      0.1182    
   118.0      0.1171    
   118.5      0.1160    
   119.0      0.1150    
   119.5      0.1140    
   120.0      0.1131    
   120.5      0.1122    
   121.0      0.1114    
   121.5      0.1106    
   122.0      0.1098    
   122.5      0.1091    
   123.0      0.1084    
   123.5      0.1078    
   124.0      0.1072    
   124.5      0.1067    
   125.0      0.1061    
   125.5      0.1057    
   126.0      0.1052    
   126.5      0.1048    
   127.0      0.1044    
   127.5      0.1040    
   128.0      0.1037    
   128.5      0.1034    
   129.0      0.1031    
   129.5      0.1028    
   130.0      0.1026    
   130.5      0.1024    
   131.0      0.1022    
   131.5      0.1020    
   132.0      0.1018    
   132.5      0.1016    
   133.0      0.1015    
   133.5      0.1013    
   134.0      0.1012    
   134.5      0.1011    
   135.0      0.1009    
   135.5      0.1008    
   136.0      0.1007    
   136.5      0.1006    
   137.0      0.1004    
   137.5      0.1003    
   138.0      0.1002    
   138.5      0.1000    
   139.0      0.9988E-01
   139.5      0.9974E-01
   140.0      0.9958E-01
   140.5      0.9942E-01
   141.0      0.9924E-01
   141.5      0.9906E-01
   142.0      0.9887E-01
   142.5      0.9867E-01
   143.0      0.9845E-01
   143.5      0.9823E-01
   144.0      0.9799E-01
   144.5      0.9775E-01
   145.0      0.9749E-01
   145.5      0.9722E-01
   146.0      0.9694E-01
   146.5      0.9664E-01
   147.0      0.9634E-01
   147.5      0.9602E-01
   148.0      0.9569E-01
   148.5      0.9535E-01
   149.0      0.9501E-01
   149.5      0.9465E-01
   150.0      0.9428E-01
   150.5      0.9390E-01
   151.0      0.9352E-01
   151.5      0.9312E-01
   152.0      0.9272E-01
   152.5      0.9231E-01
   153.0      0.9190E-01
   153.5      0.9148E-01
   154.0      0.9106E-01
   154.5      0.9063E-01
   155.0      0.9020E-01
   155.5      0.8977E-01
   156.0      0.8933E-01
   156.5      0.8890E-01
   157.0      0.8846E-01
   157.5      0.8803E-01
   158.0      0.8759E-01
   158.5      0.8716E-01
   159.0      0.8673E-01
   159.5      0.8630E-01
   160.0      0.8588E-01
   160.5      0.8546E-01
   161.0      0.8505E-01
   161.5      0.8464E-01
   162.0      0.8424E-01
   162.5      0.8384E-01
   163.0      0.8345E-01
   163.5      0.8307E-01
   164.0      0.8270E-01
   164.5      0.8234E-01
   165.0      0.8199E-01
   165.5      0.8164E-01
   166.0      0.8131E-01
   166.5      0.8098E-01
   167.0      0.8067E-01
   167.5      0.8036E-01
   168.0      0.8007E-01
   168.5      0.7979E-01
   169.0      0.7951E-01
   169.5      0.7926E-01
   170.0      0.7901E-01
   170.5      0.7877E-01
   171.0      0.7855E-01
   171.5      0.7833E-01
   172.0      0.7813E-01
   172.5      0.7794E-01
   173.0      0.7777E-01
   173.5      0.7760E-01
   174.0      0.7745E-01
   174.5      0.7731E-01
   175.0      0.7718E-01
   175.5      0.7707E-01
   176.0      0.7696E-01
   176.5      0.7687E-01
   177.0      0.7679E-01
   177.5      0.7673E-01
   178.0      0.7667E-01
   178.5      0.7663E-01
   179.0      0.7660E-01
   179.5      0.7658E-01
   180.0      0.7657E-01
 END
