# 361 angles,  1 tensor ranks for 0=projectile
@subtitle   "25Al(d,n)26Si"                                                                 
@legend ON
@legend x1 0.2
@legend y1 0.8
@g0 type LOGY
@yaxis ticklabel format power
@legend string   0 "Lab energy =    7.3200"
#legend string   0 "Partition=  1 Excit=  1 near/far= 1"
#  Theta       sigma       iT11        T20         T21         T22         Kyy for projectile
  0.1000E-01   1.000    
  0.5000      0.9997    
   1.000      0.9988    
   1.500       1.000    
   2.000       1.005    
   2.500       1.010    
   3.000       1.015    
   3.500       1.020    
   4.000       1.022    
   4.500       1.022    
   5.000       1.019    
   5.500       1.013    
   6.000       1.005    
   6.500      0.9946    
   7.000      0.9818    
   7.500      0.9671    
   8.000      0.9508    
   8.500      0.9333    
   9.000      0.9150    
   9.500      0.8962    
   10.00      0.8771    
   10.50      0.8582    
   11.00      0.8396    
   11.50      0.8216    
   12.00      0.8045    
   12.50      0.7883    
   13.00      0.7733    
   13.50      0.7597    
   14.00      0.7474    
   14.50      0.7366    
   15.00      0.7273    
   15.50      0.7195    
   16.00      0.7133    
   16.50      0.7087    
   17.00      0.7055    
   17.50      0.7037    
   18.00      0.7033    
   18.50      0.7042    
   19.00      0.7062    
   19.50      0.7094    
   20.00      0.7135    
   20.50      0.7185    
   21.00      0.7241    
   21.50      0.7304    
   22.00      0.7372    
   22.50      0.7443    
   23.00      0.7516    
   23.50      0.7591    
   24.00      0.7665    
   24.50      0.7737    
   25.00      0.7807    
   25.50      0.7873    
   26.00      0.7935    
   26.50      0.7991    
   27.00      0.8040    
   27.50      0.8082    
   28.00      0.8117    
   28.50      0.8143    
   29.00      0.8160    
   29.50      0.8167    
   30.00      0.8165    
   30.50      0.8153    
   31.00      0.8130    
   31.50      0.8098    
   32.00      0.8056    
   32.50      0.8003    
   33.00      0.7941    
   33.50      0.7869    
   34.00      0.7788    
   34.50      0.7698    
   35.00      0.7600    
   35.50      0.7495    
   36.00      0.7382    
   36.50      0.7262    
   37.00      0.7137    
   37.50      0.7006    
   38.00      0.6871    
   38.50      0.6732    
   39.00      0.6590    
   39.50      0.6446    
   40.00      0.6300    
   40.50      0.6153    
   41.00      0.6006    
   41.50      0.5860    
   42.00      0.5716    
   42.50      0.5573    
   43.00      0.5433    
   43.50      0.5297    
   44.00      0.5164    
   44.50      0.5036    
   45.00      0.4912    
   45.50      0.4794    
   46.00      0.4682    
   46.50      0.4576    
   47.00      0.4476    
   47.50      0.4383    
   48.00      0.4297    
   48.50      0.4218    
   49.00      0.4146    
   49.50      0.4082    
   50.00      0.4024    
   50.50      0.3974    
   51.00      0.3930    
   51.50      0.3894    
   52.00      0.3864    
   52.50      0.3841    
   53.00      0.3824    
   53.50      0.3813    
   54.00      0.3807    
   54.50      0.3807    
   55.00      0.3812    
   55.50      0.3822    
   56.00      0.3835    
   56.50      0.3853    
   57.00      0.3873    
   57.50      0.3897    
   58.00      0.3923    
   58.50      0.3951    
   59.00      0.3980    
   59.50      0.4011    
   60.00      0.4043    
   60.50      0.4074    
   61.00      0.4106    
   61.50      0.4137    
   62.00      0.4168    
   62.50      0.4197    
   63.00      0.4225    
   63.50      0.4251    
   64.00      0.4276    
   64.50      0.4298    
   65.00      0.4317    
   65.50      0.4334    
   66.00      0.4348    
   66.50      0.4360    
   67.00      0.4368    
   67.50      0.4373    
   68.00      0.4376    
   68.50      0.4375    
   69.00      0.4372    
   69.50      0.4365    
   70.00      0.4355    
   70.50      0.4343    
   71.00      0.4328    
   71.50      0.4311    
   72.00      0.4291    
   72.50      0.4269    
   73.00      0.4245    
   73.50      0.4220    
   74.00      0.4193    
   74.50      0.4165    
   75.00      0.4135    
   75.50      0.4105    
   76.00      0.4075    
   76.50      0.4044    
   77.00      0.4013    
   77.50      0.3982    
   78.00      0.3952    
   78.50      0.3923    
   79.00      0.3895    
   79.50      0.3868    
   80.00      0.3843    
   80.50      0.3819    
   81.00      0.3797    
   81.50      0.3777    
   82.00      0.3760    
   82.50      0.3744    
   83.00      0.3732    
   83.50      0.3722    
   84.00      0.3715    
   84.50      0.3710    
   85.00      0.3709    
   85.50      0.3710    
   86.00      0.3714    
   86.50      0.3722    
   87.00      0.3732    
   87.50      0.3745    
   88.00      0.3761    
   88.50      0.3780    
   89.00      0.3802    
   89.50      0.3826    
   90.00      0.3853    
   90.50      0.3882    
   91.00      0.3913    
   91.50      0.3946    
   92.00      0.3981    
   92.50      0.4018    
   93.00      0.4056    
   93.50      0.4095    
   94.00      0.4136    
   94.50      0.4177    
   95.00      0.4219    
   95.50      0.4261    
   96.00      0.4303    
   96.50      0.4345    
   97.00      0.4387    
   97.50      0.4428    
   98.00      0.4468    
   98.50      0.4507    
   99.00      0.4545    
   99.50      0.4581    
   100.0      0.4615    
   100.5      0.4648    
   101.0      0.4678    
   101.5      0.4706    
   102.0      0.4732    
   102.5      0.4754    
   103.0      0.4774    
   103.5      0.4791    
   104.0      0.4805    
   104.5      0.4815    
   105.0      0.4822    
   105.5      0.4825    
   106.0      0.4825    
   106.5      0.4822    
   107.0      0.4814    
   107.5      0.4803    
   108.0      0.4788    
   108.5      0.4769    
   109.0      0.4747    
   109.5      0.4721    
   110.0      0.4691    
   110.5      0.4657    
   111.0      0.4620    
   111.5      0.4579    
   112.0      0.4535    
   112.5      0.4487    
   113.0      0.4436    
   113.5      0.4382    
   114.0      0.4325    
   114.5      0.4266    
   115.0      0.4203    
   115.5      0.4138    
   116.0      0.4071    
   116.5      0.4001    
   117.0      0.3929    
   117.5      0.3856    
   118.0      0.3781    
   118.5      0.3704    
   119.0      0.3626    
   119.5      0.3547    
   120.0      0.3468    
   120.5      0.3387    
   121.0      0.3306    
   121.5      0.3225    
   122.0      0.3144    
   122.5      0.3063    
   123.0      0.2983    
   123.5      0.2903    
   124.0      0.2823    
   124.5      0.2745    
   125.0      0.2668    
   125.5      0.2593    
   126.0      0.2519    
   126.5      0.2446    
   127.0      0.2376    
   127.5      0.2308    
   128.0      0.2242    
   128.5      0.2178    
   129.0      0.2117    
   129.5      0.2058    
   130.0      0.2003    
   130.5      0.1950    
   131.0      0.1900    
   131.5      0.1854    
   132.0      0.1811    
   132.5      0.1771    
   133.0      0.1735    
   133.5      0.1702    
   134.0      0.1673    
   134.5      0.1647    
   135.0      0.1626    
   135.5      0.1608    
   136.0      0.1594    
   136.5      0.1583    
   137.0      0.1577    
   137.5      0.1575    
   138.0      0.1576    
   138.5      0.1582    
   139.0      0.1591    
   139.5      0.1604    
   140.0      0.1622    
   140.5      0.1643    
   141.0      0.1667    
   141.5      0.1696    
   142.0      0.1729    
   142.5      0.1765    
   143.0      0.1805    
   143.5      0.1848    
   144.0      0.1895    
   144.5      0.1945    
   145.0      0.1999    
   145.5      0.2056    
   146.0      0.2116    
   146.5      0.2179    
   147.0      0.2246    
   147.5      0.2315    
   148.0      0.2387    
   148.5      0.2462    
   149.0      0.2539    
   149.5      0.2619    
   150.0      0.2701    
   150.5      0.2786    
   151.0      0.2872    
   151.5      0.2961    
   152.0      0.3052    
   152.5      0.3144    
   153.0      0.3238    
   153.5      0.3333    
   154.0      0.3430    
   154.5      0.3528    
   155.0      0.3627    
   155.5      0.3727    
   156.0      0.3828    
   156.5      0.3930    
   157.0      0.4032    
   157.5      0.4135    
   158.0      0.4238    
   158.5      0.4341    
   159.0      0.4444    
   159.5      0.4547    
   160.0      0.4649    
   160.5      0.4752    
   161.0      0.4853    
   161.5      0.4954    
   162.0      0.5055    
   162.5      0.5154    
   163.0      0.5252    
   163.5      0.5349    
   164.0      0.5444    
   164.5      0.5539    
   165.0      0.5631    
   165.5      0.5722    
   166.0      0.5811    
   166.5      0.5898    
   167.0      0.5983    
   167.5      0.6066    
   168.0      0.6146    
   168.5      0.6224    
   169.0      0.6300    
   169.5      0.6373    
   170.0      0.6443    
   170.5      0.6510    
   171.0      0.6575    
   171.5      0.6636    
   172.0      0.6695    
   172.5      0.6750    
   173.0      0.6802    
   173.5      0.6851    
   174.0      0.6897    
   174.5      0.6939    
   175.0      0.6977    
   175.5      0.7012    
   176.0      0.7044    
   176.5      0.7072    
   177.0      0.7096    
   177.5      0.7117    
   178.0      0.7134    
   178.5      0.7147    
   179.0      0.7156    
   179.5      0.7162    
   180.0      0.7164    
 END
