# 121 angles,  1 tensor ranks for 0=projectile
@subtitle   "12C(d,p)13C | E_beam = 16MeV | DWBA | Ex = 0.0MeV"                             
@legend ON
@legend x1 0.2
@legend y1 0.8
@g0 type LOGY
@yaxis ticklabel format power
@xaxis label "Scattering angle (degrees)"
@yaxis label "Cross section (mb/sr)"
@legend string   0 "Partition=  1 Excit=  1 near/far= 1"
#legend string   0 "Lab energy =   16.0000"
@s0 linestyle   1
#  Theta       sigma       iT11        T20         T21         T22         Kyy for projectile
  0.1000E-01   1.000    
  0.5000      0.9975    
   1.000      0.9861    
   1.500      0.9665    
   2.000      0.9405    
   2.500      0.9101    
   3.000      0.8769    
   3.500      0.8425    
   4.000      0.8085    
   4.500      0.7762    
   5.000      0.7472    
   5.500      0.7226    
   6.000      0.7036    
   6.500      0.6913    
   7.000      0.6868    
   7.500      0.6908    
   8.000      0.7040    
   8.500      0.7272    
   9.000      0.7608    
   9.500      0.8050    
   10.00      0.8601    
   10.50      0.9260    
   11.00       1.003    
   11.50       1.090    
   12.00       1.186    
   12.50       1.293    
   13.00       1.407    
   13.50       1.529    
   14.00       1.658    
   14.50       1.792    
   15.00       1.930    
   15.50       2.071    
   16.00       2.213    
   16.50       2.355    
   17.00       2.496    
   17.50       2.633    
   18.00       2.766    
   18.50       2.892    
   19.00       3.011    
   19.50       3.121    
   20.00       3.221    
   20.50       3.309    
   21.00       3.385    
   21.50       3.447    
   22.00       3.495    
   22.50       3.529    
   23.00       3.547    
   23.50       3.549    
   24.00       3.536    
   24.50       3.507    
   25.00       3.462    
   25.50       3.402    
   26.00       3.327    
   26.50       3.239    
   27.00       3.137    
   27.50       3.023    
   28.00       2.898    
   28.50       2.763    
   29.00       2.619    
   29.50       2.468    
   30.00       2.311    
   30.50       2.150    
   31.00       1.986    
   31.50       1.821    
   32.00       1.657    
   32.50       1.494    
   33.00       1.334    
   33.50       1.179    
   34.00       1.030    
   34.50      0.8877    
   35.00      0.7543    
   35.50      0.6302    
   36.00      0.5166    
   36.50      0.4141    
   37.00      0.3236    
   37.50      0.2454    
   38.00      0.1801    
   38.50      0.1279    
   39.00      0.8900E-01
   39.50      0.6329E-01
   40.00      0.5068E-01
   40.50      0.5088E-01
   41.00      0.6351E-01
   41.50      0.8805E-01
   42.00      0.1239    
   42.50      0.1703    
   43.00      0.2264    
   43.50      0.2915    
   44.00      0.3645    
   44.50      0.4444    
   45.00      0.5301    
   45.50      0.6207    
   46.00      0.7149    
   46.50      0.8117    
   47.00      0.9100    
   47.50       1.009    
   48.00       1.107    
   48.50       1.203    
   49.00       1.297    
   49.50       1.387    
   50.00       1.472    
   50.50       1.553    
   51.00       1.627    
   51.50       1.695    
   52.00       1.756    
   52.50       1.809    
   53.00       1.854    
   53.50       1.892    
   54.00       1.920    
   54.50       1.940    
   55.00       1.952    
   55.50       1.956    
   56.00       1.951    
   56.50       1.938    
   57.00       1.918    
   57.50       1.890    
   58.00       1.855    
   58.50       1.815    
   59.00       1.768    
   59.50       1.716    
   60.00       1.660    
 END
@legend string   1 "Partition=  2 Excit=  1 near/far= 1"
#legend string   0 "Lab energy =   16.0000"
@s1 linestyle   2
#  Theta       sigma       iT11        T20         T21         T22         Kyy for projectile
   0.000       2.298    
  0.5000       2.298    
   1.000       2.296    
   1.500       2.293    
   2.000       2.289    
   2.500       2.285    
   3.000       2.279    
   3.500       2.272    
   4.000       2.264    
   4.500       2.255    
   5.000       2.244    
   5.500       2.233    
   6.000       2.221    
   6.500       2.208    
   7.000       2.194    
   7.500       2.178    
   8.000       2.162    
   8.500       2.145    
   9.000       2.127    
   9.500       2.108    
   10.00       2.088    
   10.50       2.067    
   11.00       2.045    
   11.50       2.022    
   12.00       1.999    
   12.50       1.974    
   13.00       1.949    
   13.50       1.923    
   14.00       1.897    
   14.50       1.869    
   15.00       1.841    
   15.50       1.812    
   16.00       1.783    
   16.50       1.753    
   17.00       1.722    
   17.50       1.691    
   18.00       1.660    
   18.50       1.628    
   19.00       1.595    
   19.50       1.562    
   20.00       1.529    
   20.50       1.495    
   21.00       1.462    
   21.50       1.427    
   22.00       1.393    
   22.50       1.359    
   23.00       1.324    
   23.50       1.290    
   24.00       1.255    
   24.50       1.220    
   25.00       1.186    
   25.50       1.151    
   26.00       1.117    
   26.50       1.082    
   27.00       1.048    
   27.50       1.014    
   28.00      0.9809    
   28.50      0.9477    
   29.00      0.9148    
   29.50      0.8823    
   30.00      0.8503    
   30.50      0.8187    
   31.00      0.7876    
   31.50      0.7570    
   32.00      0.7269    
   32.50      0.6975    
   33.00      0.6686    
   33.50      0.6404    
   34.00      0.6128    
   34.50      0.5859    
   35.00      0.5597    
   35.50      0.5342    
   36.00      0.5094    
   36.50      0.4854    
   37.00      0.4621    
   37.50      0.4397    
   38.00      0.4179    
   38.50      0.3970    
   39.00      0.3769    
   39.50      0.3576    
   40.00      0.3390    
   40.50      0.3213    
   41.00      0.3044    
   41.50      0.2883    
   42.00      0.2730    
   42.50      0.2585    
   43.00      0.2448    
   43.50      0.2318    
   44.00      0.2197    
   44.50      0.2083    
   45.00      0.1976    
   45.50      0.1877    
   46.00      0.1785    
   46.50      0.1701    
   47.00      0.1623    
   47.50      0.1552    
   48.00      0.1487    
   48.50      0.1430    
   49.00      0.1378    
   49.50      0.1332    
   50.00      0.1292    
   50.50      0.1258    
   51.00      0.1229    
   51.50      0.1206    
   52.00      0.1187    
   52.50      0.1173    
   53.00      0.1164    
   53.50      0.1159    
   54.00      0.1158    
   54.50      0.1161    
   55.00      0.1167    
   55.50      0.1177    
   56.00      0.1190    
   56.50      0.1206    
   57.00      0.1225    
   57.50      0.1246    
   58.00      0.1270    
   58.50      0.1296    
   59.00      0.1323    
   59.50      0.1353    
   60.00      0.1384    
 END
