# Fusion cross sections for ELAB=  16.000, ECM=  13.700
     0.0   8.913     -1
     1.0   52.71      1
     1.0   79.51     -1
     2.0   43.86      1
     2.0   132.7     -1
     3.0   124.5      1
     3.0   188.4     -1
     4.0   78.28      1
     4.0   220.9     -1
     5.0   130.7      1
     5.0   208.2     -1
     6.0   43.11      1
     6.0   153.4     -1
     7.0   57.92      1
     7.0   76.37     -1
     8.0   7.261      1
     8.0   30.89     -1
     9.0   9.085      1
     9.0   11.85     -1
    10.0   1.038      1
    10.0   4.453     -1
    11.0   1.267      1
    11.0   1.651     -1
    12.0  0.1408      1
    12.0  0.6058     -1
    13.0  0.1692      1
    13.0  0.2203     -1
    14.0  0.1843E-01  1
    14.0  0.7951E-01 -1
    15.0  0.2190E-01  1
    15.0  0.2850E-01 -1
    16.0  0.2348E-02  1
    16.0  0.1015E-01 -1
    17.0  0.2767E-02  1
    17.0  0.3598E-02 -1
    18.0  0.2929E-03  1
    18.0  0.1269E-02 -1
    19.0  0.3429E-03  1
    19.0  0.4457E-03 -1
    20.0  0.3593E-04  1
    20.0  0.1559E-03 -1
 &
