           2           1           1
    0.0-     1 1   8.988       0.000      0.7451E-01   8.913    
    1.0+     0 1   26.12       0.000      0.2823E-01   26.09    
    1.0+     2 2   26.76       0.000      0.1366       26.62    
    1.0-     1 1   26.96       0.000      0.1644       26.80    
    2.0+     2 1   43.99       0.000      0.1309       43.86    
    2.0-     1 1   44.65       0.000      0.3660E-01   44.61    
    2.0-     3 2   44.86       0.000      0.5958       44.26    
    3.0+     2 1   61.62       0.000      0.2434E-01   61.59    
    3.0+     4 2   63.24       0.000      0.2892       62.95    
    3.0-     3 1   64.49       0.000      0.5935       63.89    
    4.0+     4 1   78.33       0.000      0.5046E-01   78.28    
    4.0-     3 1   81.63       0.000      0.1987E-01   81.61    
    4.0-     5 2   61.63       0.000      0.6158       61.01    
    5.0+     4 1   95.12       0.000      0.1728E-01   95.10    
    5.0+     6 2   35.83       0.000      0.2020       35.63    
    5.0-     5 1   78.02       0.000      0.5485       77.47    
    6.0+     6 1   43.28       0.000      0.1719       43.11    
    6.0-     5 1   94.43       0.000      0.7317E-02   94.42    
    6.0-     7 2   15.91       0.000      0.5132E-01   15.85    
    7.0+     6 1   51.53       0.000      0.2604E-02   51.53    
    7.0+     8 2   6.400       0.000      0.1207E-01   6.388    
    7.0-     7 1   18.49       0.000      0.4147E-01   18.45    
    8.0+     8 1   7.270       0.000      0.9461E-02   7.261    
    8.0-     7 1   21.15       0.000      0.6165E-03   21.15    
    8.0-     9 2   2.478       0.000      0.2776E-02   2.475    
    9.0+     8 1   8.147       0.000      0.1331E-03   8.147    
    9.0+    10 2  0.9392       0.000      0.6341E-03  0.9386    
    9.0-     9 1   2.771       0.000      0.2129E-02   2.769    
   10.0+    10 1   1.038       0.000      0.4786E-03   1.038    
   10.0-     9 1   3.065       0.000      0.2823E-04   3.065    
   10.0-    11 2  0.3509       0.000      0.1447E-03  0.3507    
   11.0+    10 1   1.137       0.000      0.6004E-05   1.137    
   11.0+    12 2  0.1295       0.000      0.3306E-04  0.1295    
   11.0-    11 1  0.3843       0.000      0.1079E-03  0.3842    
   12.0+    12 1  0.1408       0.000      0.2440E-04  0.1408    
   12.0-    11 1  0.4177       0.000      0.1290E-05  0.4177    
   12.0-    13 2  0.4734E-01   0.000      0.7577E-05  0.4733E-01
   13.0+    12 1  0.1521       0.000      0.2801E-06  0.1521    
   13.0+    14 2  0.1716E-01   0.000      0.1743E-05  0.1715E-01
   13.0-    13 1  0.5113E-01   0.000      0.5539E-05  0.5112E-01
   14.0+    14 1  0.1843E-01   0.000      0.1262E-05  0.1843E-01
   14.0-    13 1  0.5492E-01   0.000      0.6120E-07  0.5492E-01
   14.0-    15 2  0.6171E-02   0.000      0.4024E-06  0.6171E-02
   15.0+    14 1  0.1970E-01   0.000      0.1342E-07  0.1970E-01
   15.0+    16 2  0.2205E-02   0.000      0.9344E-07  0.2205E-02
   15.0-    15 1  0.6597E-02   0.000      0.2890E-06  0.6596E-02
   16.0+    16 1  0.2348E-02   0.000      0.6667E-07  0.2348E-02
   16.0-    15 1  0.7022E-02   0.000      0.2956E-08  0.7022E-02
   16.0-    17 2  0.7837E-03   0.000      0.2187E-07  0.7837E-03
   17.0+    16 1  0.2490E-02   0.000      0.6555E-09  0.2490E-02
   17.0+    18 2  0.2771E-03   0.000      0.5170E-08  0.2771E-03
   17.0-    17 1  0.8312E-03   0.000      0.1551E-07  0.8312E-03
   18.0+    18 1  0.2929E-03   0.000      0.3641E-08  0.2929E-03
   18.0-    17 1  0.8787E-03   0.000      0.1475E-09  0.8787E-03
   18.0-    19 2  0.9751E-04   0.000      0.1238E-08  0.9751E-04
   19.0+    18 1  0.3087E-03   0.000      0.3369E-10  0.3087E-03
   19.0+    20 2  0.3418E-04   0.000      0.3015E-09  0.3418E-04
   19.0-    19 1  0.1028E-03   0.000      0.8725E-09  0.1028E-03
   20.0+    20 1  0.3593E-04   0.000      0.6978E-09  0.3593E-04
   20.0-    19 1  0.1081E-03   0.000      0.1213E-10  0.1081E-03
   20.0-    21 2  0.1194E-04   0.000      0.7459E-10  0.1194E-04
