# KN1,E,l,j,2j+1,N =   1  -2.23357   0  0.5   2 551
   9.99999931E-04   0.0000000000000000     
  0.100000001       2.1119965048960567E-004
  0.200000003       3.1760566772076251E-003
  0.300000012       1.6172268313000955E-002
  0.400000006       4.6972939222791402E-002
  0.500000000       9.7455771165168778E-002
  0.600000024      0.16251288134182335     
  0.699999988      0.23359566493954606     
  0.800000012      0.30264110309204273     
  0.899999976      0.36411389615203321     
   1.00000000      0.41526363065007221     
   1.10000002      0.45548565057373341     
   1.20000005      0.48549349101936728     
   1.29999995      0.50663865040559586     
   1.39999998      0.52045956882135924     
   1.50000000      0.52842802881688700     
   1.60000002      0.53183187658398001     
   1.70000005      0.53173945301195702     
   1.79999995      0.52900706340636894     
   1.89999998      0.52430548149582334     
   2.00000000      0.51815204998846820     
   2.09999990      0.51094163936012316     
   2.20000005      0.50297360907128852     
   2.29999995      0.49447423012679798     
   2.40000010      0.48561356728932747     
   2.50000000      0.47651987314397859     
   2.59999990      0.46728978212961675     
   2.70000005      0.45799619875826525     
   2.79999995      0.44869421763214268     
   2.90000010      0.43942554673690809     
   3.00000000      0.43022180461789128     
   3.09999990      0.42110697630353733     
   3.20000005      0.41209924384078528     
   3.29999995      0.40321235322916643     
   3.40000010      0.39445663818693855     
   3.50000000      0.38583978995475482     
   3.59999990      0.37736743895589719     
   3.70000005      0.36904359685198396     
   3.79999995      0.36087099470905615     
   3.90000010      0.35285134356633835     
   4.00000000      0.34498553679664412     
   4.09999990      0.33727380858086758     
   4.19999981      0.32971585907699952     
   4.30000019      0.32231095415609962     
   4.40000010      0.31505800556718599     
   4.50000000      0.30795563592140246     
   4.59999990      0.30100223179789581     
   4.69999981      0.29419598747870773     
   4.80000019      0.28753494121813145     
   4.90000010      0.28101700551259651     
   5.00000000      0.27463999250622056     
   5.09999990      0.26840163541799522     
   5.19999981      0.26229960668637875     
   5.30000019      0.25633153338745435     
   5.40000010      0.25049501037008914     
   5.50000000      0.24478761146656594     
   5.59999990      0.23920689907356915     
   5.69999981      0.23375043234393902     
   5.80000019      0.22841577419017847     
   5.90000010      0.22320049726606536     
   6.00000000      0.21810218906784706     
   6.09999990      0.21311845627447651     
   6.19999981      0.20824692842813719     
   6.30000019      0.20348526104163850     
   6.40000010      0.19883113820802747     
   6.50000000      0.19428227477630325     
   6.59999990      0.18983641814929728     
   6.69999981      0.18549134975175996     
   6.80000019      0.18124488621149371     
   6.90000010      0.17709488028946130     
   7.00000000      0.17303922159163804     
   7.09999990      0.16907583709046453     
   7.19999981      0.16520269148036368     
   7.30000019      0.16141778738919069     
   7.40000010      0.15771916546447282     
   7.50000000      0.15410490435112334     
   7.59999990      0.15057312057520061     
   7.69999981      0.14712196834674685     
   7.80000019      0.14374963929283902     
   7.90000010      0.14045436213101797     
   8.00000000      0.13723440229174033     
   8.10000038      0.13408806149762645     
   8.19999981      0.13101367730628674     
   8.30000019      0.12800962262267876     
   8.39999962      0.12507430518624604     
   8.50000000      0.12220616703747535     
   8.60000038      0.11940368396792518     
   8.69999981      0.11666536495723936     
   8.80000019      0.11398975160029963     
   8.89999962      0.11137541752722427     
   9.00000000      0.10882096781862213     
   9.10000038      0.10632503841815338     
   9.19999981      0.10388629554422045     
   9.30000019      0.10150343510239186     
   9.39999962       9.9175182099911136E-002
   9.50000000       9.6900290063471242E-002
   9.60000038       9.4677540461287332E-002
   9.69999981       9.2505742130344584E-002
   9.80000019       9.0383730709572258E-002
   9.89999962       8.8310368079576873E-002
   10.0000000       8.6284541809483764E-002
   10.1000004       8.4305164611329697E-002
   10.1999998       8.2371173802385025E-002
   10.3000002       8.0481530775714558E-002
   10.3999996       7.8635220479218768E-002
   10.5000000       7.6831250903355755E-002
   10.6000004       7.5068652577682971E-002
   10.6999998       7.3346478076332183E-002
   10.8000002       7.1663801532488747E-002
   10.8999996       7.0019718161911465E-002
   11.0000000       6.8413343795509049E-002
   11.1000004       6.6843814420960906E-002
   11.1999998       6.5310285733350515E-002
   11.3000002       6.3811932694763041E-002
   11.3999996       6.2347949102779771E-002
   11.5000000       6.0917547167791852E-002
   11.6000004       5.9519957099043626E-002
   11.6999998       5.8154426699305470E-002
   11.8000002       5.6820220968068630E-002
   11.8999996       5.5516621713145101E-002
   12.0000000       5.4242927170554289E-002
   12.1000004       5.2998451632568708E-002
   12.1999998       5.1782525083790797E-002
   12.3000002       5.0594492845126425E-002
   12.3999996       4.9433715225522631E-002
   12.5000000       4.8299567181331000E-002
   12.6000004       4.7191437983159903E-002
   12.6999998       4.6108730890076777E-002
   12.8000002       4.5050862831021873E-002
   12.8999996       4.4017264093294796E-002
   13.0000000       4.3007378017975502E-002
   13.1000004       4.2020660702142630E-002
   13.1999998       4.1056580707751748E-002
   13.3000002       4.0114618777039007E-002
   13.3999996       3.9194267554315522E-002
   13.5000000       3.8295031314020102E-002
   13.6000004       3.7416425694899148E-002
   13.6999998       3.6557977440184401E-002
   13.8000002       3.5719224143641426E-002
   13.8999996       3.4899714001362735E-002
   14.0000000       3.4099005569182397E-002
   14.1000004       3.3316667525590031E-002
   14.1999998       3.2552278440025111E-002
   14.3000002       3.1805426546433778E-002
   14.3999996       3.1075709521972812E-002
   14.5000000       3.0362734270747517E-002
   14.6000004       2.9666116712472337E-002
   14.6999998       2.8985481575945073E-002
   14.8000002       2.8320462197227871E-002
   14.8999996       2.7670700322430016E-002
   15.0000000       2.7035845914989916E-002
   15.1000004       2.6415556967355439E-002
   15.1999998       2.5809499316964076E-002
   15.3000002       2.5217346466426375E-002
   15.3999996       2.4638779407817932E-002
   15.5000000       2.4073486450987489E-002
   15.6000004       2.3521163055790422E-002
   15.6999998       2.2981511668158920E-002
   15.8000002       2.2454241559922056E-002
   15.8999996       2.1939068672290875E-002
   16.0000000       2.1435715462925237E-002
   16.1000004       2.0943910756501368E-002
   16.2000008       2.0463389598700386E-002
   16.2999992       1.9993893113540159E-002
   16.3999996       1.9535168363974422E-002
   16.5000000       1.9086968215684764E-002
   16.6000004       1.8649051203992760E-002
   16.7000008       1.8221181403821139E-002
   16.7999992       1.7803128302634544E-002
   16.8999996       1.7394666676291720E-002
   17.0000000       1.6995576467742905E-002
   17.1000004       1.6605642668507347E-002
   17.2000008       1.6224655202867404E-002
   17.2999992       1.5852408814717285E-002
   17.3999996       1.5488702957005652E-002
   17.5000000       1.5133341683712838E-002
   17.6000004       1.4786133544304659E-002
   17.7000008       1.4446891480606284E-002
   17.7999992       1.4115432726040617E-002
   17.8999996       1.3791578707177277E-002
   18.0000000       1.3475154947539130E-002
   18.1000004       1.3165990973614769E-002
   18.2000008       1.2863920223026447E-002
   18.2999992       1.2568779954804030E-002
   18.3999996       1.2280411161716796E-002
   18.5000000       1.1998658484615931E-002
   18.6000004       1.1723370128741629E-002
   18.7000008       1.1454397781949836E-002
   18.7999992       1.1191596534814573E-002
   18.8999996       1.0934824802562944E-002
   19.0000000       1.0683944248800764E-002
   19.1000004       1.0438819710987781E-002
   19.2000008       1.0199319127622404E-002
   19.2999992       9.9653134670967345E-003
   19.3999996       9.7366766581835941E-003
   19.5000000       9.5132855221181836E-003
   19.6000004       9.2950197062377435E-003
   19.7000008       9.0817616191435462E-003
   19.7999992       8.8733963673502860E-003
   19.8999996       8.6698116933887782E-003
   20.0000000       8.4708979153286148E-003
   20.1000004       8.2765478676882255E-003
   20.2000008       8.0866568437005584E-003
   20.2999992       7.9011225389032120E-003
   20.3999996       7.7198449960227226E-003
   20.5000000       7.5427265511232907E-003
   20.6000004       7.3696717809909320E-003
   20.7000008       7.2005874517247345E-003
   20.7999992       7.0353824685075433E-003
   20.8999996       6.8739678265289823E-003
   21.0000000       6.7162565630344432E-003
   21.1000004       6.5621637104741198E-003
   21.2000008       6.4116062507269716E-003
   21.2999992       6.2645030703748520E-003
   21.3999996       6.1207749170027696E-003
   21.5000000       5.9803443565017399E-003
   21.6000004       5.8431357313511994E-003
   21.7000008       5.7090751198585433E-003
   21.7999992       5.5780902963338116E-003
   21.8999996       5.4501106921780651E-003
   22.0000000       5.3250673578645186E-003
   22.1000004       5.2028929257919151E-003
   22.2000008       5.0835215739901572E-003
   22.2999992       4.9668889906586298E-003
   22.3999996       4.8529323395181158E-003
   22.5000000       4.7415902259576471E-003
   22.6000004       4.6328026639580267E-003
   22.7000008       4.5265110437742468E-003
   22.7999992       4.4226581003593496E-003
   22.8999996       4.3211878825127449E-003
   23.0000000       4.2220457227363671E-003
   23.1000004       4.1251782077824069E-003
   23.2000008       4.0305331498767796E-003
   23.2999992       3.9380595586028140E-003
   23.3999996       3.8477076134300126E-003
   23.5000000       3.7594286368730868E-003
   23.6000004       3.6731750682668105E-003
   23.7000008       3.5889004381425599E-003
   23.7999992       3.5065593431927288E-003
   23.8999996       3.4261074218095537E-003
   24.0000000       3.3475013301851376E-003
   24.1000004       3.2706987189598247E-003
   24.2000008       3.1956582104063383E-003
   24.2999992       3.1223393761373752E-003
   24.3999996       3.0507027153246699E-003
   24.5000000       2.9807096334177772E-003
   24.6000004       2.9123224213511148E-003
   24.7000008       2.8455042352280653E-003
   24.7999992       2.7802190764711849E-003
   24.8999996       2.7164317724278340E-003
   25.0000000       2.6541079574207761E-003
   25.1000004       2.5932140542335364E-003
   25.2000008       2.5337172560205455E-003
   25.2999992       2.4755855086323222E-003
   25.3999996       2.4187874933461759E-003
   25.5000000       2.3632926099931215E-003
   25.6000004       2.3090709604719137E-003
   25.7000008       2.2560933326413297E-003
   25.7999992       2.2043311845820089E-003
   25.8999996       2.1537566292193781E-003
   26.0000000       2.1043424192993812E-003
   26.1000004       2.0560619327089080E-003
   26.2000008       2.0088891581330221E-003
   26.2999992       1.9627986810412633E-003
   26.3999996       1.9177656699954609E-003
   26.5000000       1.8737658632716975E-003
   26.6000004       1.8307755557892061E-003
   26.7000008       1.7887715863391591E-003
   26.7999992       1.7477313251064736E-003
   26.8999996       1.7076326614779019E-003
   27.0000000       1.6684539921298521E-003
   27.1000004       1.6301742093895058E-003
   27.2000008       1.5927726898629713E-003
   27.2999992       1.5562292833243470E-003
   27.3999996       1.5205243018597003E-003
   27.5000000       1.4856385092601268E-003
   27.6000004       1.4515531106581586E-003
   27.7000008       1.4182497424019536E-003
   27.7999992       1.3857104621618011E-003
   27.8999996       1.3539177392636165E-003
   28.0000000       1.3228544452442191E-003
   28.1000004       1.2925038446232984E-003
   28.2000008       1.2628495858871068E-003
   28.2999992       1.2338756926790120E-003
   28.3999996       1.2055665551921689E-003
   28.5000000       1.1779069217596695E-003
   28.6000004       1.1508818906376451E-003
   28.7000008       1.1244769019768885E-003
   28.7999992       1.0986777299786749E-003
   28.8999996       1.0734704752305526E-003
   29.0000000       1.0488415572179768E-003
   29.1000004       1.0247777070077505E-003
   29.2000008       1.0012659600993306E-003
   29.2999992       9.7829364944014953E-004
   29.3999996       9.5584839860118681E-004
   29.5000000       9.3391811510911717E-004
   29.6000004       9.1249098393143867E-004
   29.7000008       8.9155546111107493E-004
   29.7999992       8.7110026754701891E-004
   29.8999996       8.5111438291767146E-004
   30.0000000       8.3158703974359552E-004
   30.1000004       8.1250771758649193E-004
   30.2000008       7.9386613738126875E-004
   30.2999992       7.7565225589815243E-004
   30.3999996       7.5785626033185428E-004
   30.5000000       7.4046856301488210E-004
   30.6000004       7.2347979625214220E-004
   30.7000008       7.0688080727405610E-004
   30.7999992       6.9066265330546570E-004
   30.8999996       6.7481659674767738E-004
   31.0000000       6.5933410047104221E-004
   31.1000004       6.4420682321554286E-004
   31.2000008       6.2942661509690385E-004
   31.2999992       6.1498551321580771E-004
   31.3999996       6.0087573736784859E-004
   31.5000000       5.8708968585191568E-004
   31.6000004       5.7361993137474375E-004
   31.7000008       5.6045921704942793E-004
   31.7999992       5.4760045248574579E-004
   31.8999996       5.3503670997017934E-004
   32.0000000       5.2276122073358013E-004
   32.0999985       5.1076737130446674E-004
   32.2000008       4.9904869994598950E-004
   32.2999992       4.8759889317464124E-004
   32.4000015       4.7641178235884350E-004
   32.5000000       4.6548134039556835E-004
   32.5999985       4.5480167846321271E-004
   32.7000008       4.4436704284897023E-004
   32.7999992       4.3417181184899419E-004
   32.9000015       4.2421049273968169E-004
   33.0000000       4.1447771881844477E-004
   33.0999985       4.0496824651237764E-004
   33.2000008       3.9567695255325901E-004
   33.2999992       3.8659883121737009E-004
   33.4000015       3.7772899162864001E-004
   33.5000000       3.6906265512366568E-004
   33.5999985       3.6059515267718634E-004
   33.7000008       3.5232192238662737E-004
   33.7999992       3.4423850701435543E-004
   33.9000015       3.3634055158632313E-004
   34.0000000       3.2862380104580835E-004
   34.0999985       3.2108409796098510E-004
   34.2000008       3.1371738028508850E-004
   34.2999992       3.0651967916797094E-004
   34.4000015       2.9948711681786747E-004
   34.5000000       2.9261590441221805E-004
   34.5999985       2.8590234005642479E-004
   34.7000008       2.7934280678943975E-004
   34.7999992       2.7293377063511204E-004
   34.9000015       2.6667177869824408E-004
   35.0000000       2.6055345730432875E-004
   35.0999985       2.5457551018196877E-004
   35.2000008       2.4873471668699628E-004
   35.2999992       2.4302793006733724E-004
   35.4000015       2.3745207576768575E-004
   35.5000000       2.3200414977307419E-004
   35.5999985       2.2668121699044756E-004
   35.7000008       2.2148040966736993E-004
   35.7999992       2.1639892584701044E-004
   35.9000015       2.1143402785857765E-004
   36.0000000       2.0658304084238756E-004
   36.0999985       2.0184335130877179E-004
   36.2000008       1.9721240573004905E-004
   36.2999992       1.9268770916480146E-004
   36.4000015       1.8826682391371403E-004
   36.5000000       1.8394736820625439E-004
   36.5999985       1.7972701491748340E-004
   36.7000008       1.7560349031430715E-004
   36.7999992       1.7157457283049348E-004
   36.9000015       1.6763809186979395E-004
   37.0000000       1.6379192663652594E-004
   37.0999985       1.6003400499298501E-004
   37.2000008       1.5636230234307200E-004
   37.2999992       1.5277484054153340E-004
   37.4000015       1.4926968682822732E-004
   37.5000000       1.4584495278684064E-004
   37.5999985       1.4249879332749703E-004
   37.7000008       1.3922940569270682E-004
   37.7999992       1.3603502848612384E-004
   37.9000015       1.3291394072358583E-004
   38.0000000       1.2986446090592688E-004
   38.0999985       1.2688494611306280E-004
   38.2000008       1.2397379111886076E-004
   38.2999992       1.2112942752631728E-004
   38.4000015       1.1835032292257754E-004
   38.5000000       1.1563498005334154E-004
   38.5999985       1.1298193601621206E-004
   38.7000008       1.1038976147254983E-004
   38.7999992       1.0785705987741136E-004
   38.9000015       1.0538246672715444E-004
   39.0000000       1.0296464882430605E-004
   39.0999985       1.0060230355929659E-004
   39.2000008       9.8294158208673597E-005
   39.2999992       9.6038969249416531E-005
   39.4000015       9.3835521688983529E-005
   39.5000000       9.1682628410729087E-005
   39.5999985       8.9579129534340005E-005
   39.7000008       8.7523891790944891E-005
   39.7999992       8.5515807912560850E-005
   39.9000015       8.3553796035548247E-005
   40.0000000       8.1636799117751953E-005
   40.0999985       7.9763784369015636E-005
   40.2000008       7.7933742694761581E-005
   40.2999992       7.6145688152336814E-005
   40.4000015       7.4398657419832279E-005
   40.5000000       7.2691709277089182E-005
   40.5999985       7.1023924098612614E-005
   40.7000008       6.9394403358119495E-005
   40.7999992       6.7802269144453685E-005
   40.9000015       6.6246663688607763E-005
   41.0000000       6.4726748901596217E-005
   41.0999985       6.3241705922931614E-005
   41.2000008       6.1790734679459999E-005
   41.2999992       6.0373053454318140E-005
   41.4000015       5.8987898465780246E-005
   41.5000000       5.7634523455767377E-005
   41.5999985       5.6312199287797763E-005
   41.7000008       5.5020213554161454E-005
   41.7999992       5.3757870192107656E-005
   41.9000015       5.2524489108837986E-005
   42.0000000       5.1319405815103670E-005
   42.0999985       5.0141971067209119E-005
   42.2000008       4.8991550517229119E-005
   42.2999992       4.7867524371251289E-005
   42.4000015       4.6769287055459507E-005
   42.5000000       4.5696246889878378E-005
   42.5999985       4.4647825769603238E-005
   42.7000008       4.3623458853343700E-005
   42.7999992       4.2622594259112994E-005
   42.9000015       4.1644692766899249E-005
   43.0000000       4.0689227528158440E-005
   43.0999985       3.9755683781972492E-005
   43.2000008       3.8843558577719723E-005
   43.2999992       3.7952360504108030E-005
   43.4000015       3.7081609424425000E-005
   43.5000000       3.6230836217862258E-005
   43.5999985       3.5399582526774638E-005
   43.7000008       3.4587400509738072E-005
   43.7999992       3.3793852600273138E-005
   43.9000015       3.3018511271104292E-005
   44.0000000       3.2260958803827735E-005
   44.0999985       3.1520787063863868E-005
   44.2000008       3.0797597280573074E-005
   44.2999992       3.0090999832416361E-005
   44.4000015       2.9400614037045097E-005
   44.5000000       2.8726067946206823E-005
   44.5999985       2.8066998145356541E-005
   44.7000008       2.7423049557865629E-005
   44.7999992       2.6793875253722766E-005
   44.9000015       2.6179136262623978E-005
   45.0000000       2.5578501391350935E-005
   45.0999985       2.4991647045339202E-005
   45.2000008       2.4418257054340334E-005
   45.2999992       2.3858022502083802E-005
   45.4000015       2.3310641559847052E-005
   45.5000000       2.2775819323844031E-005
   45.5999985       2.2253267656344508E-005
   45.7000008       2.1742705030438669E-005
   45.7999992       2.1243856378363320E-005
   45.9000015       2.0756452943307944E-005
   46.0000000       2.0280232134620868E-005
   46.0999985       1.9814937386337436E-005
   46.2000008       1.9360318018954000E-005
   46.2999992       1.8916129104373307E-005
   46.4000015       1.8482131333948433E-005
   46.5000000       1.8058090889554260E-005
   46.5999985       1.7643779317616970E-005
   46.7000008       1.7238973406033719E-005
   46.7999992       1.6843455063916180E-005
   46.9000015       1.6457011204093160E-005
   47.0000000       1.6079433628308990E-005
   47.0999985       1.5710518915055830E-005
   47.2000008       1.5350068309979489E-005
   47.2999992       1.4997887618799673E-005
   47.4000015       1.4653787102686996E-005
   47.5000000       1.4317581376040400E-005
   47.5999985       1.3989089306609867E-005
   47.7000008       1.3668133917910666E-005
   47.7999992       1.3354542293876530E-005
   47.9000015       1.3048145485700375E-005
   48.0000000       1.2748778420812459E-005
   48.0999985       1.2456279813946806E-005
   48.2000008       1.2170492080248109E-005
   48.2999992       1.1891261250372211E-005
   48.4000015       1.1618436887534492E-005
   48.5000000       1.1351872006461405E-005
   48.5999985       1.1091422994201536E-005
   48.7000008       1.0836949532753536E-005
   48.7999992       1.0588314523469206E-005
   48.9000015       1.0345384013191011E-005
   49.0000000       1.0108027122084266E-005
   49.0999985       9.8761159731250665E-006
   49.2000008       9.6495256232060086E-006
   49.2999992       9.4281339958225589E-006
   49.4000015       9.2118218153038261E-006
   49.5000000       9.0004725425522970E-006
   49.5999985       8.7939723122578973E-006
   49.7000008       8.5922098715525844E-006
   49.7999992       8.3950765200723932E-006
   49.9000015       8.2024660513946577E-006
   50.0000000       8.0142746958188546E-006
   50.0999985       7.8304010644602405E-006
   50.2000008       7.6507460946261657E-006
   50.2999992       7.4752129964456259E-006
   50.4000015       7.3037072007233135E-006
   50.5000000       7.1361363079900755E-006
   50.5999985       6.9724100387222935E-006
   50.7000008       6.8124401847034290E-006
   50.7999992       6.6561405615014602E-006
   50.9000015       6.5034269620366592E-006
   51.0000000       6.3542171112146847E-006
   51.0999985       6.2084306216005156E-006
   51.2000008       6.0659889501093926E-006
   51.2999992       5.9268153556913886E-006
   51.4000015       5.7908348579868571E-006
   51.5000000       5.6579741969304401E-006
   51.5999985       5.5281617932819041E-006
   51.7000008       5.4013277100625197E-006
   51.7999992       5.2774036148762228E-006
   51.9000015       5.1563227430952498E-006
   52.0000000       5.0380198618904059E-006
   52.0999985       4.9224312350866155E-006
   52.2000008       4.8094945888247777E-006
   52.2999992       4.6991490780114722E-006
   52.4000015       4.5913352535384041E-006
   52.5000000       4.4859950302539488E-006
   52.5999985       4.3830716556695285E-006
   52.7000008       4.2825096793839746E-006
   52.7999992       4.1842549232093916E-006
   52.9000015       4.0882544519824231E-006
   53.0000000       3.9944565450452162E-006
   53.0999985       3.9028106683807010E-006
   53.2000008       3.8132674473871666E-006
   53.2999992       3.7257786402774981E-006
   53.4000015       3.6402971120887045E-006
   53.5000000       3.5567768092877600E-006
   53.5999985       3.4751727349600684E-006
   53.7000008       3.3954409245671867E-006
   53.7999992       3.3175384222607488E-006
   53.9000015       3.2414232577398159E-006
   54.0000000       3.1670544236392021E-006
   54.0999985       3.0943918534365853E-006
   54.2000008       3.0233963998664972E-006
   54.2999992       2.9540298138295723E-006
   54.4000015       2.8862547237856815E-006
   54.5000000       2.8200346156198600E-006
   54.5999985       2.7553338129701729E-006
   54.7000008       2.6921174580069258E-006
   54.7999992       2.6303514926528626E-006
   54.9000015       2.5700026402342302E-006
 &
# KN1,E,l,j,2j+1,N =   1  -2.23357   2  1.5   4 551
   9.99999931E-04   0.0000000000000000     
  0.100000001       7.4163909113565679E-005
  0.200000003       1.1966984650448132E-003
  0.300000012       6.3404273562011112E-003
  0.400000006       1.8951311009332776E-002
  0.500000000       4.0084259519797327E-002
  0.600000024       6.7506193598554740E-002
  0.699999988       9.7122713830946394E-002
  0.800000012      0.12495446142839238     
  0.899999976      0.14831707866256638     
   1.00000000      0.16602830111368250     
   1.10000002      0.17805970129656376     
   1.20000005      0.18505394025520663     
   1.29999995      0.18792932297840906     
   1.39999998      0.18762911223582010     
   1.50000000      0.18499390497452761     
   1.60000002      0.18071506814517860     
   1.70000005      0.17533284365087756     
   1.79999995      0.16925473365513152     
   1.89999998      0.16278020054975639     
   2.00000000      0.15612475465916892     
   2.09999990      0.14944061013087021     
   2.20000005      0.14283322451843494     
   2.29999995      0.13637402603614190     
   2.40000010      0.13010986444307843     
   2.50000000      0.12407006495115491     
   2.59999990      0.11827149505869651     
   2.70000005      0.11272223613570788     
   2.79999995      0.10742422182018059     
   2.90000010      0.10237512914725286     
   3.00000000       9.7569732330190617E-002
   3.09999990       9.3000871197920013E-002
   3.20000005       8.8660143831932076E-002
   3.29999995       8.4538401618356004E-002
   3.40000010       8.0626102594746424E-002
   3.50000000       7.6913562812146091E-002
   3.59999990       7.3391134027412708E-002
   3.70000005       7.0049328232981808E-002
   3.79999995       6.6878903478421597E-002
   3.90000010       6.3870921465416661E-002
   4.00000000       6.1016784628900547E-002
   4.09999990       5.8308258105591849E-002
   4.19999981       5.5737480776490010E-002
   4.30000019       5.3296968259903828E-002
   4.40000010       5.0979610085830171E-002
   4.50000000       4.8778662737322093E-002
   4.59999990       4.6687739729031986E-002
   4.69999981       4.4700799659575553E-002
   4.80000019       4.2812132927229928E-002
   4.90000010       4.1016347649224058E-002
   5.00000000       3.9308355132578368E-002
   5.09999990       3.7683355223883067E-002
   5.19999981       3.6136821745989395E-002
   5.30000019       3.4664488172305309E-002
   5.40000010       3.3262333665573102E-002
   5.50000000       3.1926569560854316E-002
   5.59999990       3.0653626352710472E-002
   5.69999981       2.9440141218360139E-002
   5.80000019       2.8282946101404031E-002
   5.90000010       2.7179056362407621E-002
   6.00000000       2.6125659999447159E-002
   6.09999990       2.5120107425624118E-002
   6.19999981       2.4159901803521996E-002
   6.30000019       2.3242689909064654E-002
   6.40000010       2.2366253513233906E-002
   6.50000000       2.1528501258276562E-002
   6.59999990       2.0727461012707626E-002
   6.69999981       1.9961272672607219E-002
   6.80000019       1.9228181397355368E-002
   6.90000010       1.8526531253927093E-002
   7.00000000       1.7854759243949966E-002
   7.09999990       1.7211389699668952E-002
   7.19999981       1.6595029025186451E-002
   7.30000019       1.6004360760903977E-002
   7.40000010       1.5438140953906694E-002
   7.50000000       1.4895193818999787E-002
   7.59999990       1.4374407665190382E-002
   7.69999981       1.3874731079839621E-002
   7.80000019       1.3395169351011541E-002
   7.90000010       1.2934781112119981E-002
   8.00000000       1.2492675194662451E-002
   8.10000038       1.2068007680380388E-002
   8.19999981       1.1659979135672445E-002
   8.30000019       1.1267832018569205E-002
   8.39999962       1.0890848246715372E-002
   8.50000000       1.0528346916231219E-002
   8.60000038       1.0179682161938639E-002
   8.69999981       9.8442411506945455E-003
   8.80000019       9.5214421974393823E-003
   8.89999962       9.2107329979322083E-003
   9.00000000       8.9115889694332037E-003
   9.10000038       8.6235116928229209E-003
   9.19999981       8.3460274497000921E-003
   9.30000019       8.0786858485713577E-003
   9.39999962       7.8210585337802271E-003
   9.50000000       7.5727379731934472E-003
   9.60000038       7.3333363179514813E-003
   9.69999981       7.1024843306580288E-003
   9.80000019       6.8798303776514882E-003
   9.89999962       6.6650394808876511E-003
   10.0000000       6.4577924261829444E-003
   10.1000004       6.2577849238198780E-003
   10.1999998       6.0647268184799491E-003
   10.3000002       5.8783413452041305E-003
   10.3999996       5.6983644286319086E-003
   10.5000000       5.5245440225081483E-003
   10.6000004       5.3566394876216556E-003
   10.6999998       5.1944210053836157E-003
   10.8000002       5.0376690244650002E-003
   10.8999996       4.8861737393747981E-003
   11.0000000       4.7397345980093892E-003
   11.1000004       4.5981598369727594E-003
   11.1999998       4.4612660432017870E-003
   11.3000002       4.3288777395136518E-003
   11.3999996       4.2008269935153017E-003
   11.5000000       4.0769530477367359E-003
   11.6000004       3.9571019701620525E-003
   11.6999998       3.8411263238686856E-003
   11.8000002       3.7288848544157942E-003
   11.8999996       3.6202421940985212E-003
   12.0000000       3.5150685820423684E-003
   12.1000004       3.4132395995348690E-003
   12.1999998       3.3146359188838963E-003
   12.3000002       3.2191430660663501E-003
   12.3999996       3.1266511952250187E-003
   12.5000000       3.0370548755960514E-003
   12.6000004       2.9502528888611973E-003
   12.6999998       2.8661480374399615E-003
   12.8000002       2.7846469622517167E-003
   12.8999996       2.7056599701045228E-003
   13.0000000       2.6291008695996845E-003
   13.1000004       2.5548868154472381E-003
   13.1999998       2.4829381605048768E-003
   13.3000002       2.4131783152089091E-003
   13.3999996       2.3455336140694553E-003
   13.5000000       2.2799331885970725E-003
   13.6000004       2.2163088466421298E-003
   13.6999998       2.1545949574820126E-003
   13.8000002       2.0947283424685124E-003
   13.8999996       2.0366481711086861E-003
   14.0000000       1.9802958619285394E-003
   14.1000004       1.9256149881633495E-003
   14.1999998       1.8725511879390719E-003
   14.3000002       1.8210520786417640E-003
   14.3999996       1.7710671753192085E-003
   14.5000000       1.7225478128577254E-003
   14.6000004       1.6754470717966004E-003
   14.6999998       1.6297197075464528E-003
   14.8000002       1.5853220828846428E-003
   14.8999996       1.5422121034610744E-003
   15.0000000       1.5003491562467402E-003
   15.1000004       1.4596940508036678E-003
   15.1999998       1.4202089631356490E-003
   15.3000002       1.3818573820445091E-003
   15.3999996       1.3446040579109737E-003
   15.5000000       1.3084149536538689E-003
   15.6000004       1.2732571979103117E-003
   15.6999998       1.2390990402254627E-003
   15.8000002       1.2059098081560824E-003
   15.8999996       1.1736598662790059E-003
   16.0000000       1.1423205769335463E-003
   16.1000004       1.1118642626160606E-003
   16.2000008       1.0822641700062639E-003
   16.2999992       1.0534944354955085E-003
   16.3999996       1.0255300521602661E-003
   16.5000000       9.9834683810330702E-004
   16.6000004       9.7192140614303104E-004
   16.7000008       9.4623113469981344E-004
   16.7999992       9.2125413994360026E-004
   16.8999996       8.9696924902989410E-004
   17.0000000       8.7335597445613485E-004
   17.1000004       8.5039448942542172E-004
   17.2000008       8.2806560424825604E-004
   17.2999992       8.0635074363298554E-004
   17.3999996       7.8523192492742692E-004
   17.5000000       7.6469173719771050E-004
   17.6000004       7.4471332115171561E-004
   17.7000008       7.2528034982683159E-004
   17.7999992       7.0637701006268788E-004
   17.8999996       6.8798798465045550E-004
   18.0000000       6.7009843522627824E-004
   18.1000004       6.5269398578127571E-004
   18.2000008       6.3576070682418748E-004
   18.2999992       6.1928510015437591E-004
   18.3999996       6.0325408419244426E-004
   18.5000000       5.8765497987547618E-004
   18.6000004       5.7247549708140850E-004
   18.7000008       5.5770372157227599E-004
   18.7999992       5.4332810241224788E-004
   18.8999996       5.2933743985782481E-004
   19.0000000       5.1572087368990894E-004
   19.1000004       5.0246787198533684E-004
   19.2000008       4.8956822028958899E-004
   19.2999992       4.7701201118692586E-004
   19.3999996       4.6478963425579839E-004
   19.5000000       4.5289176637878007E-004
   19.6000004       4.4130936240727799E-004
   19.7000008       4.3003364615688952E-004
   19.7999992       4.1905610172736542E-004
   19.8999996       4.0836846513386452E-004
   20.0000000       3.9796271622707274E-004
   20.1000004       3.8783107090136263E-004
   20.2000008       3.7796597357999398E-004
   20.2999992       3.6836008995986332E-004
   20.3999996       3.5900630000912836E-004
   20.5000000       3.4989769121070434E-004
   20.6000004       3.4102755203437051E-004
   20.7000008       3.3238936564140923E-004
   20.7999992       3.2397680379294818E-004
   20.8999996       3.1578372098227446E-004
   21.0000000       3.0780414875470247E-004
   21.1000004       3.0003229022299200E-004
   21.2000008       2.9246251477390748E-004
   21.2999992       2.8508935294636374E-004
   21.3999996       2.7790749148397204E-004
   21.5000000       2.7091176855210128E-004
   21.6000004       2.6409716911898192E-004
   21.7000008       2.5745882048244627E-004
   21.7999992       2.5099198795129168E-004
   21.8999996       2.4469207066394932E-004
   22.0000000       2.3855459754750714E-004
   22.1000004       2.3257522341185453E-004
   22.2000008       2.2674972516625169E-004
   22.2999992       2.2107399816142012E-004
   22.3999996       2.1554405264931069E-004
   22.5000000       2.1015601035665447E-004
   22.6000004       2.0490610117316699E-004
   22.7000008       1.9979065994181730E-004
   22.7999992       1.9480612335268070E-004
   22.8999996       1.8994902693850654E-004
   23.0000000       1.8521600216324832E-004
   23.1000004       1.8060377360104975E-004
   23.2000008       1.7610915621116548E-004
   23.2999992       1.7172905269260128E-004
   23.3999996       1.6746045092518280E-004
   23.5000000       1.6330042148912622E-004
   23.6000004       1.5924611526296398E-004
   23.7000008       1.5529476109712190E-004
   23.7999992       1.5144366355798234E-004
   23.8999996       1.4769020074283676E-004
   24.0000000       1.4403182216436852E-004
   24.1000004       1.4046604669744667E-004
   24.2000008       1.3699046058960116E-004
   24.2999992       1.3360271553252405E-004
   24.3999996       1.3030052679539157E-004
   24.5000000       1.2708167141143223E-004
   24.6000004       1.2394398642023269E-004
   24.7000008       1.2088536716448293E-004
   24.7999992       1.1790376563985008E-004
   24.8999996       1.1499718889127772E-004
   25.0000000       1.1216369745835762E-004
   25.1000004       1.0940140386998424E-004
   25.2000008       1.0670847118128839E-004
   25.2999992       1.0408311155640108E-004
   25.3999996       1.0152358489084918E-004
   25.5000000       9.9028197477254710E-005
   25.6000004       9.6595300710516986E-005
   25.7000008       9.4223289830255643E-005
   25.7999992       9.1910602700973011E-005
   25.8999996       8.9655718628112307E-005
   26.0000000       8.7457157209419487E-005
   26.1000004       8.5313477218820533E-005
   26.2000008       8.3223275524230980E-005
   26.2999992       8.1185186036504699E-005
   26.3999996       7.9197878688585889E-005
   26.5000000       7.7260058445519680E-005
   26.6000004       7.5370464342153370E-005
   26.7000008       7.3527868549133645E-005
   26.7999992       7.1731075465555756E-005
   26.8999996       6.9978920838324063E-005
   27.0000000       6.8270270907011839E-005
   27.1000004       6.6604021572365044E-005
   27.2000008       6.4979097589630878E-005
   27.2999992       6.3394451784392974E-005
   27.3999996       6.1849064290941315E-005
   27.5000000       6.0341941812369850E-005
   27.6000004       5.8872116902351983E-005
   27.7000008       5.7438647266248515E-005
   27.7999992       5.6040615082467949E-005
   27.8999996       5.4677126343645248E-005
   28.0000000       5.3347310215292903E-005
   28.1000004       5.2050318413738347E-005
   28.2000008       5.0785324600702467E-005
   28.2999992       4.9551523795206319E-005
   28.3999996       4.8348131801973583E-005
   28.5000000       4.7174384655971760E-005
   28.6000004       4.6029538082238186E-005
   28.7000008       4.4912866970917128E-005
   28.7999992       4.3823664866885536E-005
   28.8999996       4.2761243473541993E-005
   29.0000000       4.1724932170521724E-005
   29.1000004       4.0714077544747326E-005
   29.2000008       3.9728042934391810E-005
   29.2999992       3.8766207985291473E-005
   29.3999996       3.7827968220169467E-005
   29.5000000       3.6912734618937664E-005
   29.6000004       3.6019933211117664E-005
   29.7000008       3.5149004679427410E-005
   29.7999992       3.4299403973793143E-005
   29.8999996       3.3470599936590142E-005
   30.0000000       3.2662074937588985E-005
   30.1000004       3.1873324519208013E-005
   30.2000008       3.1103857051182367E-005
   30.2999992       3.0353193394855454E-005
   30.3999996       2.9620866576454706E-005
   30.5000000       2.8906421469228039E-005
   30.6000004       2.8209414484428395E-005
   30.7000008       2.7529413270515754E-005
   30.7999992       2.6865996420343267E-005
   30.8999996       2.6218753186371506E-005
   31.0000000       2.5587283203759266E-005
   31.1000004       2.4971196220589156E-005
   31.2000008       2.4370111835624175E-005
   31.2999992       2.3783659242905595E-005
   31.3999996       2.3211476983277100E-005
   31.5000000       2.2653212702571910E-005
   31.6000004       2.2108522916348794E-005
   31.7000008       2.1577072780815737E-005
   31.7999992       2.1058535869935211E-005
   31.8999996       2.0552593958379773E-005
   32.0000000       2.0058936810342740E-005
   32.0999985       1.9577261973971198E-005
   32.2000008       1.9107274581310487E-005
   32.2999992       1.8648687153332307E-005
   32.4000015       1.8201219410487775E-005
   32.5000000       1.7764598087921553E-005
   32.5999985       1.7338556755897335E-005
   32.7000008       1.6922835644631252E-005
   32.7999992       1.6517181474066021E-005
   32.9000015       1.6121347287881091E-005
   33.0000000       1.5735092292114666E-005
   33.0999985       1.5358181697828195E-005
   33.2000008       1.4990386567908244E-005
   33.2999992       1.4631483668133233E-005
   33.4000015       1.4281255321894203E-005
   33.5000000       1.3939489268764543E-005
   33.5999985       1.3605978526836724E-005
   33.7000008       1.3280521258650028E-005
   33.7999992       1.2962920640569793E-005
   33.9000015       1.2652984735713121E-005
   34.0000000       1.2350526369932040E-005
   34.0999985       1.2055363011272191E-005
   34.2000008       1.1767316652474176E-005
   34.2999992       1.1486213696512822E-005
   34.4000015       1.1211884845104883E-005
   34.5000000       1.0944164990115800E-005
   34.5999985       1.0682893107862683E-005
   34.7000008       1.0427912156023825E-005
   34.7999992       1.0179068973329500E-005
   34.9000015       9.9362141817316996E-006
   35.0000000       9.6992020912503180E-006
   35.0999985       9.4678906071197424E-006
   35.2000008       9.2421411394337336E-006
   35.2999992       9.0218185150533234E-006
   35.4000015       8.8067908918794771E-006
   35.5000000       8.5969296751865149E-006
   35.5999985       8.3921094362050832E-006
   35.7000008       8.1922078327683009E-006
   35.7999992       7.9971055320246065E-006
   35.9000015       7.8066861351238349E-006
   36.0000000       7.6208361037643415E-006
   36.0999985       7.4394446886830700E-006
   36.2000008       7.2624038599746290E-006
   36.2999992       7.0896082391610716E-006
   36.4000015       6.9209550330483378E-006
   36.5000000       6.7563439691995294E-006
   36.5999985       6.5956772331041742E-006
   36.7000008       6.4388594069226440E-006
   36.7999992       6.2857974098017203E-006
   36.9000015       6.1364004397193815E-006
   37.0000000       5.9905799167800456E-006
   37.0999985       5.8482494279629630E-006
   37.2000008       5.7093246732955888E-006
   37.2999992       5.5737234133567972E-006
   37.4000015       5.4413654181393765E-006
   37.5000000       5.3121724171669849E-006
   37.5999985       5.1860680509346273E-006
   37.7000008       5.0629778235160093E-006
   37.7999992       4.9428290564154678E-006
   37.9000015       4.8255508435482367E-006
   38.0000000       4.7110740073945436E-006
   38.0999985       4.5993310562392590E-006
   38.2000008       4.4902561424790433E-006
   38.2999992       4.3837850220062820E-006
   38.4000015       4.2798550145887963E-006
   38.5000000       4.1784049652628316E-006
   38.5999985       4.0793752066976641E-006
   38.7000008       3.9827075225029893E-006
   38.7999992       3.8883451114432036E-006
   38.9000015       3.7962325525872087E-006
   39.0000000       3.7063157712868237E-006
   39.0999985       3.6185420060424731E-006
   39.2000008       3.5328597761727806E-006
   39.2999992       3.4492188503268712E-006
   39.4000015       3.3675702157497430E-006
   39.5000000       3.2878660483357960E-006
   39.5999985       3.2100596834315637E-006
   39.7000008       3.1341055873596428E-006
   39.7999992       3.0599593296539290E-006
   39.9000015       2.9875775559992545E-006
   40.0000000       2.9169179618278085E-006
   40.0999985       2.8479392665910912E-006
   40.2000008       2.7806011886660607E-006
   40.2999992       2.7148644208747755E-006
   40.4000015       2.6506906066351412E-006
   40.5000000       2.5880423166892242E-006
   40.5999985       2.5268830264182305E-006
   40.7000008       2.4671770937072133E-006
   40.7999992       2.4088897373834119E-006
   40.9000015       2.3519870161660307E-006
   41.0000000       2.2964358081551532E-006
   41.0999985       2.2422037908122570E-006
   41.2000008       2.1892594214591825E-006
   41.2999992       2.1375719182461728E-006
   41.4000015       2.0871112415855635E-006
   41.5000000       2.0378480760546558E-006
   41.5999985       1.9897538127504913E-006
   41.7000008       1.9428005320716099E-006
   41.7999992       1.8969609869252113E-006
   41.9000015       1.8522085863564421E-006
   42.0000000       1.8085173795712182E-006
   42.0999985       1.7658620403675262E-006
   42.2000008       1.7242178519400005E-006
   42.2999992       1.6835606920618635E-006
   42.4000015       1.6438670186322691E-006
   42.5000000       1.6051138555794790E-006
   42.5999985       1.5672787791113440E-006
   42.7000008       1.5303399043068846E-006
   42.7999992       1.4942758720314717E-006
   42.9000015       1.4590658361799645E-006
   43.0000000       1.4246894512331281E-006
   43.0999985       1.3911268601136413E-006
   43.2000008       1.3583586823458616E-006
   43.2999992       1.3263660025038663E-006
   43.4000015       1.2951303589456139E-006
   43.5000000       1.2646337328229301E-006
   43.5999985       1.2348585373558528E-006
   43.7000008       1.2057876073773140E-006
   43.7999992       1.1774041891289855E-006
   43.9000015       1.1496919303072518E-006
   44.0000000       1.1226348703594267E-006
   44.0999985       1.0962174310062316E-006
   44.2000008       1.0704244070066410E-006
   44.2999992       1.0452409571403675E-006
   44.4000015       1.0206525954168515E-006
   44.5000000       9.9664518249696197E-007
   44.5999985       9.7320491732206162E-007
   44.7000008       9.5031832895127128E-007
   44.7999992       9.2797226859408142E-007
   44.9000015       9.0615390183929833E-007
   45.0000000       8.8485070107551816E-007
   45.0999985       8.6405043809438892E-007
   45.2000008       8.4374117687368435E-007
   45.2999992       8.2391126653482312E-007
   45.4000015       8.0454933447667235E-007
   45.5000000       7.8564427967040418E-007
   45.5999985       7.6718526612503631E-007
   45.7000008       7.4916171650446709E-007
   45.7999992       7.3156330590536672E-007
   45.9000015       7.1437995578199576E-007
   46.0000000       6.9760182802021461E-007
   46.0999985       6.8121931915849842E-007
   46.2000008       6.6522305474631997E-007
   46.2999992       6.4960388383935163E-007
   46.4000015       6.3435287362948191E-007
   46.5000000       6.1946130420275278E-007
   46.5999985       6.0492066342835347E-007
   46.7000008       5.9072264197016283E-007
   46.7999992       5.7685912841672370E-007
   46.9000015       5.6332220453275264E-007
   47.0000000       5.5010414062338705E-007
   47.0999985       5.3719739101072320E-007
   47.2000008       5.2459458962210672E-007
   47.2999992       5.1228854568294393E-007
   47.4000015       5.0027223951386947E-007
   47.5000000       4.8853881843246840E-007
   47.5999985       4.7708159274926458E-007
   47.7000008       4.6589403186522728E-007
   47.7999992       4.5496976046090602E-007
   47.9000015       4.4430255477839033E-007
   48.0000000       4.3388633899306257E-007
   48.0999985       4.2371518167205963E-007
   48.2000008       4.1378329231933107E-007
   48.2999992       4.0408501800557321E-007
   48.4000015       3.9461484007539095E-007
   48.5000000       3.8536737093789206E-007
   48.5999985       3.7633735093316653E-007
   48.7000008       3.6751964527334757E-007
   48.7999992       3.5890924105836415E-007
   48.9000015       3.5050124436490458E-007
   49.0000000       3.4229087740204952E-007
   49.0999985       3.3427347573943323E-007
   49.2000008       3.2644448559889276E-007
   49.2999992       3.1879946121324068E-007
   49.4000015       3.1133406224863306E-007
   49.5000000       3.0404405128755587E-007
   49.5999985       2.9692529137308515E-007
   49.7000008       2.8997374361335463E-007
   49.7999992       2.8318546484122372E-007
   49.9000015       2.7655660533194856E-007
   50.0000000       2.7008340657579231E-007
   50.0999985       2.6376219910348997E-007
   50.2000008       2.5758940036388314E-007
   50.2999992       2.5156151265258339E-007
   50.4000015       2.4567512109093825E-007
   50.5000000       2.3992689165336231E-007
   50.5999985       2.3431356924060986E-007
   50.7000008       2.2883197580163207E-007
   50.7999992       2.2347900849862822E-007
   50.9000015       2.1825163791653247E-007
   51.0000000       2.1314690631633335E-007
   51.0999985       2.0816192592894360E-007
   51.2000008       2.0329387729079271E-007
   51.2999992       1.9854000761932389E-007
   51.4000015       1.9389762922692863E-007
   51.5000000       1.8936411797289363E-007
   51.5999985       1.8493691175298215E-007
   51.7000008       1.8061350902444688E-007
   51.7999992       1.7639146736705877E-007
   51.9000015       1.7226840207818010E-007
   52.0000000       1.6824198480110748E-007
   52.0999985       1.6430994218706619E-007
   52.2000008       1.6047005458839760E-007
   52.2999992       1.5672015478359036E-007
   52.4000015       1.5305812673233791E-007
   52.5000000       1.4948190436061621E-007
   52.5999985       1.4598947037452460E-007
   52.7000008       1.4257885510290243E-007
   52.7999992       1.3924813536729206E-007
   52.9000015       1.3599543337886842E-007
   53.0000000       1.3281891566182753E-007
   53.0999985       1.2971679200222392E-007
   53.2000008       1.2668731442228640E-007
   53.2999992       1.2372877617894581E-007
   53.4000015       1.2083951078623952E-007
   53.5000000       1.1801789106117233E-007
   53.5999985       1.1526232819231003E-007
   53.7000008       1.1257127083036345E-007
   53.7999992       1.0994320420089567E-007
   53.9000015       1.0737664923773077E-007
   54.0000000       1.0487016173720447E-007
   54.0999985       1.0242233153248915E-007
   54.2000008       1.0003178168778718E-007
   54.2999992       9.7697167711499022E-008
   54.4000015       9.5417176788140378E-008
   54.5000000       9.3190527028820463E-008
   54.5999985       9.1015966739099570E-008
   54.7000008       8.8892273704710326E-008
   54.7999992       8.6818254493938077E-008
   54.9000015       8.4792743776853056E-008
 &
# KN1,E,l,j,2j+1,N =   3  -2.74170   2  1.5   4 551
   9.99999931E-04   0.0000000000000000     
  0.100000001       1.5181015553045323E-004
  0.200000003       1.2453815764289129E-003
  0.300000012       4.1591152853229897E-003
  0.400000006       9.7117889909837819E-003
  0.500000000       1.8607209220988970E-002
  0.600000024       3.1405909277845930E-002
  0.699999988       4.8501289379574965E-002
  0.800000012       7.0102546006046915E-002
  0.899999976       9.6225362578905099E-002
   1.00000000      0.12669083469013323     
   1.10000002      0.16113272989090738     
   1.20000005      0.19901281072542357     
   1.29999995      0.23964357976499281     
   1.39999998      0.28221744430199053     
   1.50000000      0.32584096648326427     
   1.60000002      0.36957257182833253     
   1.70000005      0.41246186337156254     
   1.79999995      0.45358856113498514     
   1.89999998      0.49209905146232558     
   2.00000000      0.52723863348628741     
   2.09999990      0.55837778454652476     
   2.20000005      0.58503112946343772     
   2.29999995      0.60686828233078505     
   2.40000010      0.62371630271395817     
   2.50000000      0.63555409964130427     
   2.59999990      0.64249969619647385     
   2.70000005      0.64479175110661757     
   2.79999995      0.64276706846037179     
   2.90000010      0.63683597892926724     
   3.00000000      0.62745743635124795     
   3.09999990      0.61511544662621132     
   3.20000005      0.60029789848002524     
   3.29999995      0.58347966194826673     
   3.40000010      0.56510833590397591     
   3.50000000      0.54559471395392822     
   3.59999990      0.52530667984336665     
   3.70000005      0.50456626004596283     
   3.79999995      0.48364924665385522     
   3.90000010      0.46278677609741514     
   4.00000000      0.44216828420661008     
   4.09999990      0.42194532708138044     
   4.19999981      0.40223585032438158     
   4.30000019      0.38312858331735161     
   4.40000010      0.36468732450471192     
   4.50000000      0.34695496042089330     
   4.59999990      0.32995712407706695     
   4.69999981      0.31370544584621179     
   4.80000019      0.29820038551965944     
   4.90000010      0.28343365790734198     
   5.00000000      0.26939027948437388     
   5.09999990      0.25605027214363685     
   5.19999981      0.24339006385699583     
   5.30000019      0.23138362616594185     
   5.40000010      0.22000338680588558     
   5.50000000      0.20922095269269600     
   5.59999990      0.19900767478022668     
   5.69999981      0.18933508240929386     
   5.80000019      0.18017521100938966     
   5.90000010      0.17150084337067611     
   6.00000000      0.16328568157858678     
   6.09999990      0.15550446373083876     
   6.19999981      0.14813303724020532     
   6.30000019      0.14114839823459871     
   6.40000010      0.13452870489356891     
   6.50000000      0.12825327100044470     
   6.59999990      0.12230254479737616     
   6.69999981      0.11665807711721750     
   6.80000019      0.11130248201596847     
   6.90000010      0.10621939240052596     
   7.00000000      0.10139341256897209     
   7.09999990       9.6810069198441207E-002
   7.19999981       9.2455761910681999E-002
   7.30000019       8.8317714253607349E-002
   7.40000010       8.4383925735416296E-002
   7.50000000       8.0643125375815514E-002
   7.59999990       7.7084727044136700E-002
   7.69999981       7.3698786830164953E-002
   7.80000019       7.0475962541478795E-002
   7.90000010       6.7407475376199483E-002
   8.00000000       6.4485073774008764E-002
   8.10000038       6.1700999436326641E-002
   8.19999981       5.9047955435219124E-002
   8.30000019       5.6519076344839381E-002
   8.39999962       5.4107900306193543E-002
   8.50000000       5.1808342930468106E-002
   8.60000038       4.9614672942507675E-002
   8.69999981       4.7521489469542766E-002
   8.80000019       4.5523700864968396E-002
   8.89999962       4.3616504980506073E-002
   9.00000000       4.1795370785027305E-002
   9.10000038       4.0056021243304631E-002
   9.19999981       3.8394417368274925E-002
   9.30000019       3.6806743366683416E-002
   9.39999962       3.5289392798150618E-002
   9.50000000       3.3838955682422948E-002
   9.60000038       3.2452206478950349E-002
   9.69999981       3.1126092881230225E-002
   9.80000019       2.9857725366978376E-002
   9.89999962       2.8644367447989493E-002
   10.0000000       2.7483426571384691E-002
   10.1000004       2.6372445623692335E-002
   10.1999998       2.5309094995227682E-002
   10.3000002       2.4291165163789270E-002
   10.3999996       2.3316559761121170E-002
   10.5000000       2.2383289086281590E-002
   10.6000004       2.1489464037082604E-002
   10.6999998       2.0633290428224035E-002
   10.8000002       1.9813063667444834E-002
   10.8999996       1.9027163768306762E-002
   11.0000000       1.8274050672155265E-002
   11.1000004       1.7552259860149091E-002
   11.1999998       1.6860398236261859E-002
   11.3000002       1.6197140259702845E-002
   11.3999996       1.5561224313224426E-002
   11.5000000       1.4951449288638768E-002
   11.6000004       1.4366671376662437E-002
   11.6999998       1.3805801047228698E-002
   11.8000002       1.3267800206876236E-002
   11.8999996       1.2751679522214652E-002
   12.0000000       1.2256495898551729E-002
   12.1000004       1.1781350104775374E-002
   12.1999998       1.1325384532234011E-002
   12.3000002       1.0887781082742552E-002
   12.3999996       1.0467759173584614E-002
   12.5000000       1.0064573856501457E-002
   12.6000004       9.6775140391652734E-003
   12.6999998       9.3059008065272553E-003
   12.8000002       8.9490858330779181E-003
   12.8999996       8.6064498827470720E-003
   13.0000000       8.2774013892688986E-003
   13.1000004       7.9613751133814966E-003
   13.1999998       7.6578308715666539E-003
   13.3000002       7.3662523323894339E-003
   13.3999996       7.0861458767024193E-003
   13.5000000       6.8170395172183883E-003
   13.6000004       6.5584818750178044E-003
   13.6999998       6.3100412087404266E-003
   13.8000002       6.0713044938157639E-003
   13.8999996       5.8418765493848997E-003
   14.0000000       5.6213792091573261E-003
   14.1000004       5.4094505346045313E-003
   14.1999998       5.2057440678869521E-003
   14.3000002       5.0099281221194251E-003
   14.3999996       4.8216851070951696E-003
   14.5000000       4.6407108883931751E-003
   14.6000004       4.4667141782094031E-003
   14.6999998       4.2994159560658810E-003
   14.8000002       4.1385489179164205E-003
   14.8999996       3.9838569518646696E-003
   15.0000000       3.8350946393054274E-003
   15.1000004       3.6920267802112734E-003
   15.1999998       3.5544279410378373E-003
   15.3000002       3.4220820242041993E-003
   15.3999996       3.2947818581335981E-003
   15.5000000       3.1723288064748520E-003
   15.6000004       3.0545323958894115E-003
   15.6999998       2.9412099611988356E-003
   15.8000002       2.8321863070165975E-003
   15.8999996       2.7272933852293302E-003
   16.0000000       2.6263699873379370E-003
   16.1000004       2.5292614509188345E-003
   16.2000008       2.4358193796361373E-003
   16.2999992       2.3459013760095352E-003
   16.3999996       2.2593707863409135E-003
   16.5000000       2.1760964571802982E-003
   16.6000004       2.0959525028642562E-003
   16.7000008       2.0188180833926399E-003
   16.7999992       1.9445771924033427E-003
   16.8999996       1.8731184545081501E-003
   17.0000000       1.8043349317158597E-003
   17.1000004       1.7381239383761995E-003
   17.2000008       1.6743868643978115E-003
   17.2999992       1.6130290061355504E-003
   17.3999996       1.5539594047952177E-003
   17.5000000       1.4970906918559345E-003
   17.6000004       1.4423389412710880E-003
   17.7000008       1.3896235280463989E-003
   17.7999992       1.3388669930050911E-003
   17.8999996       1.2899949133102879E-003
   18.0000000       1.2429357786652539E-003
   18.1000004       1.1976208727488490E-003
   18.2000008       1.1539841597653206E-003
   18.2999992       1.1119621758475778E-003
   18.3999996       1.0714939250448658E-003
   18.5000000       1.0325207797436998E-003
   18.6000004       9.9498638530076807E-004
   18.7000008       9.5883656871950597E-004
   18.7999992       9.2401925114985123E-004
   18.8999996       8.9048436407072819E-004
   19.0000000       8.5818376897295919E-004
   19.1000004       8.2707118041421696E-004
   19.2000008       7.9710209226283761E-004
   19.2999992       7.6823370701139203E-004
   19.3999996       7.4042486803153819E-004
   19.5000000       7.1363599461670357E-004
   19.6000004       6.8782901971455642E-004
   19.7000008       6.6296733021635359E-004
   19.7999992       6.3901570970360485E-004
   19.8999996       6.1594028354494820E-004
   20.0000000       5.9370846622641997E-004
   20.1000004       5.7228891083539030E-004
   20.2000008       5.5165146060606187E-004
   20.2999992       5.3176710242837486E-004
   20.3999996       5.1260792224177871E-004
   20.5000000       4.9414706223769884E-004
   20.6000004       4.7635867978277567E-004
   20.7000008       4.5921790800819786E-004
   20.7999992       4.4270081796671126E-004
   20.8999996       4.2678438233048562E-004
   21.0000000       4.1144644052634451E-004
   21.1000004       3.9666566526910151E-004
   21.2000008       3.8242153043833944E-004
   21.2999992       3.6869428022603577E-004
   21.3999996       3.5546489951454032E-004
   21.5000000       3.4271508542934806E-004
   21.6000004       3.3042722002522037E-004
   21.7000008       3.1858434404307871E-004
   21.7999992       3.0717013171177495E-004
   21.8999996       2.9616886653710387E-004
   22.0000000       2.8556541804759540E-004
   22.1000004       2.7534521945759785E-004
   22.2000008       2.6549424620075191E-004
   22.2999992       2.5599899530746119E-004
   22.3999996       2.4684646558801844E-004
   22.5000000       2.3802413858907621E-004
   22.6000004       2.2951996029774876E-004
   22.7000008       2.2132232355332487E-004
   22.7999992       2.1342005114393639E-004
   22.8999996       2.0580237956250623E-004
   23.0000000       1.9845894338970752E-004
   23.1000004       1.9137976027969154E-004
   23.2000008       1.8455521653369656E-004
   23.2999992       1.7797605322416817E-004
   23.3999996       1.7163335285754033E-004
   23.5000000       1.6551852654898066E-004
   23.6000004       1.5962330169139630E-004
   23.7000008       1.5393971009901341E-004
   23.7999992       1.4846007660411045E-004
   23.8999996       1.4317700809179603E-004
   24.0000000       1.3808338295649160E-004
   24.1000004       1.3317234095871231E-004
   24.2000008       1.2843727346979731E-004
   24.2999992       1.2387181408881601E-004
   24.3999996       1.1946982961966659E-004
   24.5000000       1.1522541138813842E-004
   24.6000004       1.1113286688964956E-004
   24.7000008       1.0718671175519772E-004
   24.7999992       1.0338166202348888E-004
   24.8999996       9.9712626702889992E-005
   25.0000000       9.6174700615678270E-005
   25.1000004       9.2763157515143350E-005
   25.2000008       8.9473443460260933E-005
   25.2999992       8.6301170442198847E-005
   25.3999996       8.3242110248911034E-005
   25.5000000       8.0292188562776636E-005
   25.6000004       7.7447479280230187E-005
   25.7000008       7.4704199044056378E-005
   25.7999992       7.2058701981510498E-005
   25.8999996       6.9507474639837982E-005
   26.0000000       6.7047131112038812E-005
   26.1000004       6.4674408344276793E-005
   26.2000008       6.2386161619869718E-005
   26.2999992       6.0179360211764633E-005
   26.3999996       5.8051083197101637E-005
   26.5000000       5.5998515428868391E-005
   26.6000004       5.4018943657013387E-005
   26.7000008       5.2109752794411428E-005
   26.7999992       5.0268422321611507E-005
   26.8999996       4.8492522825722226E-005
   27.0000000       4.6779712668055917E-005
   27.1000004       4.5127734774906755E-005
   27.2000008       4.3534413548120207E-005
   27.2999992       4.1997651889843516E-005
   27.3999996       4.0515428337631160E-005
   27.5000000       3.9085794305652742E-005
   27.6000004       3.7706871428394926E-005
   27.7000008       3.6376849001891514E-005
   27.7999992       3.5093981519792117E-005
   27.8999996       3.3856586300800379E-005
   28.0000000       3.2663041202942326E-005
   28.1000004       3.1511782422869499E-005
   28.2000008       3.0401302375719060E-005
   28.2999992       2.9330147653243302E-005
   28.3999996       2.8296917057080900E-005
   28.5000000       2.7300259704435663E-005
   28.6000004       2.6338873203233656E-005
   28.7000008       2.5411501894386143E-005
   28.7999992       2.4516935158551521E-005
   28.8999996       2.3654005784993226E-005
   29.0000000       2.2821588400319483E-005
   29.1000004       2.2018597954771447E-005
   29.2000008       2.1243988263901371E-005
   29.2999992       2.0496750603536742E-005
   29.3999996       1.9775912356438109E-005
   29.5000000       1.9080535708005595E-005
   29.6000004       1.8409716389938097E-005
   29.7000008       1.7762582469746528E-005
   29.7999992       1.7138293184211186E-005
   29.8999996       1.6536037815719701E-005
   30.0000000       1.5955034609290960E-005
   30.1000004       1.5394529729223277E-005
   30.2000008       1.4853796253608668E-005
   30.2999992       1.4332133205548287E-005
   30.3999996       1.3828864619538902E-005
   30.5000000       1.3343338641798825E-005
   30.6000004       1.2874926663394074E-005
   30.7000008       1.2423022484779358E-005
   30.7999992       1.1987041510600950E-005
   30.8999996       1.1566419973772546E-005
   31.0000000       1.1160614187779482E-005
   31.1000004       1.0769099825943826E-005
   31.2000008       1.0391371226925198E-005
   31.2999992       1.0026940725285824E-005
   31.3999996       9.6753380063218653E-006
   31.5000000       9.3361094842418833E-006
   31.6000004       9.0088177028673796E-006
   31.7000008       8.6930407579572624E-006
   31.7999992       8.3883717404344216E-006
   31.8999996       8.0944181996858820E-006
   32.0000000       7.8108016262709375E-006
   32.0999985       7.5371569532999865E-006
   32.2000008       7.2731320758202102E-006
   32.2999992       7.0183873874454509E-006
   32.4000015       6.7725953338249238E-006
   32.5000000       6.5354399820663012E-006
   32.5999985       6.3066166057880802E-006
   32.7000008       6.0858312849868118E-006
   32.7999992       5.8728005204211474E-006
   32.9000015       5.6672508617772530E-006
   33.0000000       5.4689185492918347E-006
   33.0999985       5.2775491681861485E-006
   33.2000008       5.0928973155194214E-006
   33.2999992       4.9147262790930007E-006
   33.4000015       4.7428077277980316E-006
   33.5000000       4.5769214130933852E-006
   33.5999985       4.4168548812174191E-006
   33.7000008       4.2624031957198280E-006
   33.7999992       4.1133686699264432E-006
   33.9000015       3.9695606090382340E-006
   34.0000000       3.8307950613905038E-006
   34.0999985       3.6968945787000902E-006
   34.2000008       3.5676879848683246E-006
   34.2999992       3.4430101530552733E-006
   34.4000015       3.3227017907305332E-006
   34.5000000       3.2066092324157881E-006
   34.5999985       3.0945842398634778E-006
   34.7000008       2.9864838093408636E-006
   34.7999992       2.8821699858351003E-006
   34.9000015       2.7815096838638318E-006
   35.0000000       2.6843745147287136E-006
   35.0999985       2.5906406198935879E-006
   35.2000008       2.5001885103397418E-006
   35.2999992       2.4129029116362080E-006
   35.4000015       2.3286726145637095E-006
   35.5000000       2.2473903310275278E-006
   35.5999985       2.1689525551346150E-006
   35.7000008       2.0932594292154590E-006
   35.7999992       2.0202146146282672E-006
   35.9000015       1.9497251671636299E-006
   36.0000000       1.8817014168696019E-006
   36.0999985       1.8160568521717506E-006
   36.2000008       1.7527080081181223E-006
   36.2999992       1.6915743585939145E-006
   36.4000015       1.6325782123835149E-006
   36.5000000       1.5756446129124709E-006
   36.5999985       1.5207012415667170E-006
   36.7000008       1.4676783244428308E-006
   36.7999992       1.4165085424152547E-006
   36.9000015       1.3671269444014997E-006
   37.0000000       1.3194708637021811E-006
   37.0999985       1.2734798373151318E-006
   37.2000008       1.2290955281192973E-006
   37.2999992       1.1862616498131193E-006
   37.4000015       1.1449238945230072E-006
   37.5000000       1.1050298629716047E-006
   37.5999985       1.0665289971360393E-006
   37.7000008       1.0293725152815148E-006
   37.7999992       9.9351334930803002E-007
   37.9000015       9.5890608431038706E-007
   38.0000000       9.2550690028774621E-007
   38.0999985       8.9327351591437910E-007
   38.2000008       8.6216513430026855E-007
   38.2999992       8.3214239067783216E-007
   38.4000015       8.0316730193581340E-007
   38.5000000       7.7520321794288862E-007
   38.5999985       7.4821477459424635E-007
   38.7000008       7.2216784851910170E-007
   38.7999992       6.9702951338794296E-007
   38.9000015       6.7276799777204819E-007
   39.0000000       6.4935264448505017E-007
   39.0999985       6.2675387136823268E-007
   39.2000008       6.0494313345744872E-007
   39.2999992       5.8389288649295090E-007
   39.4000015       5.6357655171262497E-007
   39.5000000       5.4396848189240005E-007
   39.5999985       5.2504392858629265E-007
   39.7000008       5.0677901052202794E-007
   39.7999992       4.8915068311265459E-007
   39.9000015       4.7213670904634797E-007
   40.0000000       4.5571562991136720E-007
   40.0999985       4.3986673882512323E-007
   40.2000008       4.2457005402789728E-007
   40.2999992       4.0980629340634419E-007
   40.4000015       3.9555684991892607E-007
   40.5000000       3.8180376788555484E-007
   40.5999985       3.6852972011443438E-007
   40.7000008       3.5571798583317131E-007
   40.7999992       3.4335242940122107E-007
   40.9000015       3.3141747976904694E-007
   41.0000000       3.1989811066344022E-007
   41.0999985       3.0877982146846542E-007
   41.2000008       2.9804861878293237E-007
   41.2999992       2.8769099862538335E-007
   41.4000015       2.7769392926490384E-007
   41.5000000       2.6804483465769337E-007
   41.5999985       2.5873157846720622E-007
   41.7000008       2.4974244864544059E-007
   41.7999992       2.4106614255677779E-007
   41.9000015       2.3269175262614600E-007
   42.0000000       2.2460875249067906E-007
   42.0999985       2.1680698364023232E-007
   42.2000008       2.0927664252634752E-007
   42.2999992       2.0200826812481725E-007
   42.4000015       1.9499272993552222E-007
   42.5000000       1.8822121640405628E-007
   42.5999985       1.8168522375029926E-007
   42.7000008       1.7537654518986899E-007
   42.7999992       1.6928726053354742E-007
   42.9000015       1.6340972615279420E-007
   43.0000000       1.5773656529768006E-007
   43.0999985       1.5226065875416494E-007
   43.2000008       1.4697513583006374E-007
   43.2999992       1.4187336565723252E-007
   43.4000015       1.3694894879938048E-007
   43.5000000       1.3219570915439325E-007
   43.5999985       1.2760768614031126E-007
   43.7000008       1.2317912715629693E-007
   43.7999992       1.1890448030759804E-007
   43.9000015       1.1477838738576133E-007
   44.0000000       1.1079567709574150E-007
   44.0999985       1.0695135851943103E-007
   44.2000008       1.0324061480946053E-007
   44.2999992       9.9658797103314406E-008
   44.4000015       9.6201418651406026E-008
   44.5000000       9.2864149150790011E-008
   44.5999985       8.9642809277278048E-008
   44.7000008       8.6533365409542454E-008
   44.7999992       8.3531924537738482E-008
   44.9000015       8.0634729350698166E-008
   45.0000000       7.7838153495415870E-008
   45.0999985       7.5138697002409076E-008
   45.2000008       7.2532981871267264E-008
   45.2999992       7.0017747810682827E-008
   45.4000015       6.7589848128064516E-008
   45.5000000       6.5246245762546231E-008
   45.5999985       6.2984009457508524E-008
   45.7000008       6.0800310066454554E-008
   45.7999992       5.8692416988649690E-008
   45.9000015       5.6657694729148227E-008
   46.0000000       5.4693599579323328E-008
   46.0999985       5.2797676413781918E-008
   46.2000008       5.0967555599102900E-008
   46.2999992       4.9200950010702178E-008
   46.4000015       4.7495652154134452E-008
   46.5000000       4.5849531386895987E-008
   46.5999985       4.4260531237675898E-008
   46.7000008       4.2726666819238854E-008
   46.7999992       4.1246022331579403E-008
   46.9000015       3.9816748652621314E-008
   47.0000000       3.8437061012970415E-008
   47.0999985       3.7105236751943145E-008
   47.2000008       3.5819613152175913E-008
   47.2999992       3.4578585349747102E-008
   47.4000015       3.3380604317334368E-008
   47.5000000       3.2224174918031971E-008
   47.5999985       3.1107854026833954E-008
   47.7000008       3.0030248718050513E-008
   47.7999992       2.8990014515857499E-008
   47.9000015       2.7985853705994258E-008
   48.0000000       2.7016513706419102E-008
   48.0999985       2.6080785494802133E-008
   48.2000008       2.5177502090991931E-008
   48.2999992       2.4305537092553005E-008
   48.4000015       2.3463803261176191E-008
   48.5000000       2.2651251158674298E-008
   48.5999985       2.1866867830492988E-008
   48.7000008       2.1109675535110077E-008
   48.7999992       2.0378730517830902E-008
   48.9000015       1.9673121827444069E-008
   49.0000000       1.8991970173967242E-008
   49.0999985       1.8334426826470343E-008
   49.2000008       1.7699672549165319E-008
   49.2999992       1.7086916574713210E-008
   49.4000015       1.6495395613341295E-008
   49.5000000       1.5924372896442219E-008
   49.5999985       1.5373137253564662E-008
   49.7000008       1.4841002221648739E-008
   49.7999992       1.4327305185194941E-008
   49.9000015       1.3831406546500662E-008
   50.0000000       1.3352688924827186E-008
   50.0999985       1.2890556383448709E-008
   50.2000008       1.2444433683640081E-008
   50.2999992       1.2013765564668365E-008
   50.4000015       1.1598016048904143E-008
   50.5000000       1.1196667771140382E-008
   50.5999985       1.0809221331214829E-008
   50.7000008       1.0435194669298978E-008
   50.7999992       1.0074122462864750E-008
   50.9000015       9.7255555446790485E-009
   51.0000000       9.3890603411124067E-009
   51.0999985       9.0642183299528232E-009
   51.2000008       8.7506255171403848E-009
   51.2999992       8.4478919317259475E-009
   51.4000015       8.1556411383964023E-009
   51.5000000       7.8735097669756569E-009
   51.5999985       7.6011470583315445E-009
   51.7000008       7.3382144260619190E-009
   51.7999992       7.0843850334694318E-009
   51.9000015       6.8393433852460893E-009
   52.0000000       6.6027849333570398E-009
   52.0999985       6.3744156966755750E-009
   52.2000008       6.1539518938243461E-009
   52.2999992       5.9411195888175117E-009
   52.4000015       5.7356543490166674E-009
   52.5000000       5.5373009149988957E-009
   52.5999985       5.3458128819014283E-009
   52.7000008       5.1609523918691318E-009
   52.7999992       4.9824898371904740E-009
   52.9000015       4.8102035737598343E-009
   53.0000000       4.6438796445113876E-009
   53.0999985       4.4833115124637486E-009
   53.2000008       4.3282998030631122E-009
   53.2999992       4.1786520554779768E-009
   53.4000015       4.0341824825422756E-009
   53.5000000       3.8947117390508065E-009
   53.5999985       3.7600666981105706E-009
   53.7000008       3.6300802352609629E-009
   53.7999992       3.5045910201139571E-009
   53.9000015       3.3834433152233202E-009
   54.0000000       3.2664867819518308E-009
   54.0999985       3.1535762930842571E-009
   54.2000008       3.0445717519597858E-009
   54.2999992       2.9393379178839791E-009
   54.4000015       2.8377442376088058E-009
   54.5000000       2.7396646826773229E-009
   54.5999985       2.6449775924068035E-009
   54.7000008       2.5535655223408705E-009
   54.7999992       2.4653150979574053E-009
   54.9000015       2.3801168734665640E-009
 &
