# 361 angles,  3 tensor ranks for 0=projectile
@subtitle   "9Be(6Li,d)13C"                                                                 
@legend ON
@legend x1 0.2
@legend y1 0.8
@g0 type LOGY
@yaxis ticklabel format power
@legend string   0 "Lab energy =   32.0000"
#legend string   0 "Partition=  2 Excit=  1 near/far= 1"
#  Theta       sigma       iT11        T20         T21         T22         Kyy for projectile
   0.000      0.1553       0.000     -0.7802E-02   0.000       0.000    
  0.5000      0.1552      0.3886E-02 -0.7804E-02 -0.1102E-03  0.2607E-05
   1.000      0.1549      0.7729E-02 -0.7807E-02 -0.2204E-03  0.1046E-04
   1.500      0.1545      0.1148E-01 -0.7812E-02 -0.3305E-03  0.2368E-04
   2.000      0.1539      0.1511E-01 -0.7820E-02 -0.4404E-03  0.4243E-04
   2.500      0.1531      0.1856E-01 -0.7829E-02 -0.5502E-03  0.6698E-04
   3.000      0.1521      0.2181E-01 -0.7839E-02 -0.6597E-03  0.9764E-04
   3.500      0.1510      0.2481E-01 -0.7849E-02 -0.7689E-03  0.1348E-03
   4.000      0.1497      0.2753E-01 -0.7860E-02 -0.8778E-03  0.1789E-03
   4.500      0.1483      0.2994E-01 -0.7870E-02 -0.9863E-03  0.2306E-03
   5.000      0.1467      0.3201E-01 -0.7879E-02 -0.1094E-02  0.2903E-03
   5.500      0.1450      0.3374E-01 -0.7885E-02 -0.1202E-02  0.3587E-03
   6.000      0.1431      0.3509E-01 -0.7888E-02 -0.1308E-02  0.4367E-03
   6.500      0.1411      0.3606E-01 -0.7886E-02 -0.1414E-02  0.5248E-03
   7.000      0.1390      0.3663E-01 -0.7879E-02 -0.1519E-02  0.6240E-03
   7.500      0.1367      0.3682E-01 -0.7865E-02 -0.1623E-02  0.7351E-03
   8.000      0.1344      0.3663E-01 -0.7842E-02 -0.1726E-02  0.8590E-03
   8.500      0.1320      0.3606E-01 -0.7811E-02 -0.1827E-02  0.9966E-03
   9.000      0.1295      0.3513E-01 -0.7768E-02 -0.1927E-02  0.1149E-02
   9.500      0.1269      0.3387E-01 -0.7712E-02 -0.2026E-02  0.1317E-02
   10.00      0.1242      0.3231E-01 -0.7642E-02 -0.2122E-02  0.1501E-02
   10.50      0.1215      0.3047E-01 -0.7556E-02 -0.2217E-02  0.1702E-02
   11.00      0.1187      0.2841E-01 -0.7453E-02 -0.2309E-02  0.1922E-02
   11.50      0.1158      0.2616E-01 -0.7330E-02 -0.2398E-02  0.2161E-02
   12.00      0.1130      0.2377E-01 -0.7187E-02 -0.2485E-02  0.2419E-02
   12.50      0.1101      0.2131E-01 -0.7021E-02 -0.2569E-02  0.2698E-02
   13.00      0.1072      0.1882E-01 -0.6831E-02 -0.2649E-02  0.2997E-02
   13.50      0.1042      0.1636E-01 -0.6616E-02 -0.2726E-02  0.3317E-02
   14.00      0.1013      0.1401E-01 -0.6374E-02 -0.2798E-02  0.3658E-02
   14.50      0.9838E-01  0.1181E-01 -0.6104E-02 -0.2867E-02  0.4020E-02
   15.00      0.9545E-01  0.9843E-02 -0.5806E-02 -0.2930E-02  0.4403E-02
   15.50      0.9254E-01  0.8163E-02 -0.5478E-02 -0.2989E-02  0.4805E-02
   16.00      0.8964E-01  0.6833E-02 -0.5119E-02 -0.3042E-02  0.5227E-02
   16.50      0.8677E-01  0.5911E-02 -0.4730E-02 -0.3089E-02  0.5666E-02
   17.00      0.8393E-01  0.5451E-02 -0.4311E-02 -0.3130E-02  0.6122E-02
   17.50      0.8112E-01  0.5503E-02 -0.3861E-02 -0.3164E-02  0.6592E-02
   18.00      0.7835E-01  0.6108E-02 -0.3382E-02 -0.3191E-02  0.7075E-02
   18.50      0.7562E-01  0.7304E-02 -0.2875E-02 -0.3210E-02  0.7568E-02
   19.00      0.7292E-01  0.9116E-02 -0.2341E-02 -0.3221E-02  0.8068E-02
   19.50      0.7028E-01  0.1156E-01 -0.1781E-02 -0.3223E-02  0.8572E-02
   20.00      0.6767E-01  0.1466E-01 -0.1198E-02 -0.3216E-02  0.9077E-02
   20.50      0.6512E-01  0.1839E-01 -0.5948E-03 -0.3199E-02  0.9579E-02
   21.00      0.6262E-01  0.2275E-01  0.2607E-04 -0.3172E-02  0.1007E-01
   21.50      0.6018E-01  0.2772E-01  0.6611E-03 -0.3133E-02  0.1056E-01
   22.00      0.5778E-01  0.3326E-01  0.1307E-02 -0.3082E-02  0.1102E-01
   22.50      0.5545E-01  0.3932E-01  0.1958E-02 -0.3019E-02  0.1147E-01
   23.00      0.5317E-01  0.4584E-01  0.2612E-02 -0.2941E-02  0.1188E-01
   23.50      0.5094E-01  0.5276E-01  0.3263E-02 -0.2849E-02  0.1227E-01
   24.00      0.4878E-01  0.5998E-01  0.3905E-02 -0.2741E-02  0.1262E-01
   24.50      0.4668E-01  0.6741E-01  0.4533E-02 -0.2616E-02  0.1292E-01
   25.00      0.4465E-01  0.7495E-01  0.5141E-02 -0.2472E-02  0.1318E-01
   25.50      0.4267E-01  0.8249E-01  0.5723E-02 -0.2310E-02  0.1338E-01
   26.00      0.4077E-01  0.8990E-01  0.6273E-02 -0.2126E-02  0.1351E-01
   26.50      0.3893E-01  0.9705E-01  0.6782E-02 -0.1920E-02  0.1358E-01
   27.00      0.3716E-01  0.1038      0.7245E-02 -0.1690E-02  0.1358E-01
   27.50      0.3546E-01  0.1100      0.7653E-02 -0.1435E-02  0.1350E-01
   28.00      0.3383E-01  0.1155      0.7999E-02 -0.1153E-02  0.1334E-01
   28.50      0.3228E-01  0.1202      0.8276E-02 -0.8427E-03  0.1308E-01
   29.00      0.3081E-01  0.1239      0.8475E-02 -0.5031E-03  0.1274E-01
   29.50      0.2941E-01  0.1265      0.8590E-02 -0.1331E-03  0.1230E-01
   30.00      0.2809E-01  0.1278      0.8613E-02  0.2679E-03  0.1176E-01
   30.50      0.2685E-01  0.1278      0.8538E-02  0.6999E-03  0.1113E-01
   31.00      0.2569E-01  0.1264      0.8360E-02  0.1162E-02  0.1040E-01
   31.50      0.2462E-01  0.1234      0.8073E-02  0.1654E-02  0.9583E-02
   32.00      0.2362E-01  0.1190      0.7675E-02  0.2173E-02  0.8677E-02
   32.50      0.2272E-01  0.1130      0.7166E-02  0.2716E-02  0.7694E-02
   33.00      0.2189E-01  0.1056      0.6545E-02  0.3279E-02  0.6643E-02
   33.50      0.2115E-01  0.9690E-01  0.5817E-02  0.3857E-02  0.5537E-02
   34.00      0.2049E-01  0.8703E-01  0.4987E-02  0.4443E-02  0.4390E-02
   34.50      0.1991E-01  0.7622E-01  0.4064E-02  0.5032E-02  0.3219E-02
   35.00      0.1940E-01  0.6472E-01  0.3058E-02  0.5614E-02  0.2041E-02
   35.50      0.1898E-01  0.5281E-01  0.1982E-02  0.6182E-02  0.8725E-03
   36.00      0.1863E-01  0.4079E-01  0.8506E-03  0.6729E-02 -0.2704E-03
   36.50      0.1835E-01  0.2896E-01 -0.3224E-03  0.7247E-02 -0.1373E-02
   37.00      0.1814E-01  0.1762E-01 -0.1522E-02  0.7730E-02 -0.2422E-02
   37.50      0.1799E-01  0.7015E-02 -0.2735E-02  0.8171E-02 -0.3410E-02
   38.00      0.1791E-01 -0.2620E-02 -0.3948E-02  0.8567E-02 -0.4330E-02
   38.50      0.1787E-01 -0.1112E-01 -0.5151E-02  0.8914E-02 -0.5179E-02
   39.00      0.1789E-01 -0.1836E-01 -0.6337E-02  0.9213E-02 -0.5960E-02
   39.50      0.1795E-01 -0.2429E-01 -0.7500E-02  0.9462E-02 -0.6676E-02
   40.00      0.1806E-01 -0.2889E-01 -0.8637E-02  0.9664E-02 -0.7333E-02
   40.50      0.1819E-01 -0.3220E-01 -0.9749E-02  0.9820E-02 -0.7942E-02
   41.00      0.1836E-01 -0.3430E-01 -0.1084E-01  0.9934E-02 -0.8513E-02
   41.50      0.1855E-01 -0.3530E-01 -0.1191E-01  0.1001E-01 -0.9057E-02
   42.00      0.1875E-01 -0.3534E-01 -0.1296E-01  0.1005E-01 -0.9585E-02
   42.50      0.1897E-01 -0.3456E-01 -0.1400E-01  0.1006E-01 -0.1011E-01
   43.00      0.1919E-01 -0.3311E-01 -0.1505E-01  0.1005E-01 -0.1064E-01
   43.50      0.1942E-01 -0.3115E-01 -0.1610E-01  0.1002E-01 -0.1119E-01
   44.00      0.1964E-01 -0.2883E-01 -0.1716E-01  0.9965E-02 -0.1177E-01
   44.50      0.1985E-01 -0.2629E-01 -0.1825E-01  0.9899E-02 -0.1238E-01
   45.00      0.2006E-01 -0.2368E-01 -0.1936E-01  0.9822E-02 -0.1304E-01
   45.50      0.2024E-01 -0.2112E-01 -0.2051E-01  0.9738E-02 -0.1374E-01
   46.00      0.2040E-01 -0.1871E-01 -0.2170E-01  0.9648E-02 -0.1450E-01
   46.50      0.2055E-01 -0.1657E-01 -0.2294E-01  0.9555E-02 -0.1532E-01
   47.00      0.2066E-01 -0.1478E-01 -0.2423E-01  0.9461E-02 -0.1620E-01
   47.50      0.2075E-01 -0.1343E-01 -0.2557E-01  0.9366E-02 -0.1715E-01
   48.00      0.2081E-01 -0.1257E-01 -0.2697E-01  0.9273E-02 -0.1817E-01
   48.50      0.2084E-01 -0.1228E-01 -0.2844E-01  0.9183E-02 -0.1925E-01
   49.00      0.2084E-01 -0.1259E-01 -0.2997E-01  0.9095E-02 -0.2040E-01
   49.50      0.2081E-01 -0.1355E-01 -0.3157E-01  0.9011E-02 -0.2162E-01
   50.00      0.2075E-01 -0.1519E-01 -0.3324E-01  0.8931E-02 -0.2291E-01
   50.50      0.2066E-01 -0.1754E-01 -0.3497E-01  0.8855E-02 -0.2426E-01
   51.00      0.2054E-01 -0.2060E-01 -0.3677E-01  0.8784E-02 -0.2567E-01
   51.50      0.2039E-01 -0.2438E-01 -0.3863E-01  0.8718E-02 -0.2713E-01
   52.00      0.2022E-01 -0.2889E-01 -0.4056E-01  0.8655E-02 -0.2865E-01
   52.50      0.2003E-01 -0.3410E-01 -0.4254E-01  0.8597E-02 -0.3022E-01
   53.00      0.1982E-01 -0.4001E-01 -0.4458E-01  0.8543E-02 -0.3182E-01
   53.50      0.1959E-01 -0.4657E-01 -0.4666E-01  0.8492E-02 -0.3346E-01
   54.00      0.1934E-01 -0.5376E-01 -0.4878E-01  0.8444E-02 -0.3512E-01
   54.50      0.1908E-01 -0.6151E-01 -0.5093E-01  0.8399E-02 -0.3679E-01
   55.00      0.1881E-01 -0.6979E-01 -0.5310E-01  0.8355E-02 -0.3847E-01
   55.50      0.1854E-01 -0.7850E-01 -0.5529E-01  0.8312E-02 -0.4014E-01
   56.00      0.1826E-01 -0.8758E-01 -0.5747E-01  0.8270E-02 -0.4180E-01
   56.50      0.1798E-01 -0.9694E-01 -0.5963E-01  0.8227E-02 -0.4342E-01
   57.00      0.1771E-01 -0.1065     -0.6177E-01  0.8183E-02 -0.4501E-01
   57.50      0.1743E-01 -0.1161     -0.6387E-01  0.8137E-02 -0.4654E-01
   58.00      0.1717E-01 -0.1257     -0.6591E-01  0.8089E-02 -0.4801E-01
   58.50      0.1691E-01 -0.1351     -0.6788E-01  0.8037E-02 -0.4939E-01
   59.00      0.1666E-01 -0.1442     -0.6976E-01  0.7981E-02 -0.5069E-01
   59.50      0.1642E-01 -0.1530     -0.7155E-01  0.7920E-02 -0.5190E-01
   60.00      0.1620E-01 -0.1612     -0.7322E-01  0.7855E-02 -0.5299E-01
   60.50      0.1599E-01 -0.1688     -0.7477E-01  0.7783E-02 -0.5398E-01
   61.00      0.1580E-01 -0.1757     -0.7618E-01  0.7706E-02 -0.5484E-01
   61.50      0.1563E-01 -0.1817     -0.7745E-01  0.7623E-02 -0.5558E-01
   62.00      0.1547E-01 -0.1869     -0.7858E-01  0.7533E-02 -0.5621E-01
   62.50      0.1534E-01 -0.1911     -0.7956E-01  0.7438E-02 -0.5671E-01
   63.00      0.1522E-01 -0.1943     -0.8038E-01  0.7336E-02 -0.5709E-01
   63.50      0.1511E-01 -0.1965     -0.8106E-01  0.7230E-02 -0.5736E-01
   64.00      0.1503E-01 -0.1976     -0.8159E-01  0.7118E-02 -0.5753E-01
   64.50      0.1496E-01 -0.1976     -0.8197E-01  0.7002E-02 -0.5760E-01
   65.00      0.1492E-01 -0.1967     -0.8223E-01  0.6881E-02 -0.5759E-01
   65.50      0.1488E-01 -0.1948     -0.8236E-01  0.6758E-02 -0.5750E-01
   66.00      0.1487E-01 -0.1921     -0.8238E-01  0.6633E-02 -0.5735E-01
   66.50      0.1487E-01 -0.1885     -0.8229E-01  0.6505E-02 -0.5714E-01
   67.00      0.1489E-01 -0.1842     -0.8212E-01  0.6377E-02 -0.5690E-01
   67.50      0.1492E-01 -0.1792     -0.8187E-01  0.6249E-02 -0.5663E-01
   68.00      0.1496E-01 -0.1737     -0.8156E-01  0.6121E-02 -0.5634E-01
   68.50      0.1501E-01 -0.1678     -0.8120E-01  0.5995E-02 -0.5605E-01
   69.00      0.1508E-01 -0.1615     -0.8079E-01  0.5870E-02 -0.5576E-01
   69.50      0.1516E-01 -0.1550     -0.8036E-01  0.5748E-02 -0.5547E-01
   70.00      0.1524E-01 -0.1483     -0.7990E-01  0.5628E-02 -0.5521E-01
   70.50      0.1534E-01 -0.1417     -0.7943E-01  0.5511E-02 -0.5497E-01
   71.00      0.1544E-01 -0.1350     -0.7896E-01  0.5398E-02 -0.5475E-01
   71.50      0.1555E-01 -0.1285     -0.7849E-01  0.5289E-02 -0.5456E-01
   72.00      0.1567E-01 -0.1223     -0.7803E-01  0.5183E-02 -0.5441E-01
   72.50      0.1579E-01 -0.1163     -0.7758E-01  0.5082E-02 -0.5428E-01
   73.00      0.1592E-01 -0.1106     -0.7715E-01  0.4984E-02 -0.5420E-01
   73.50      0.1605E-01 -0.1053     -0.7674E-01  0.4890E-02 -0.5415E-01
   74.00      0.1618E-01 -0.1005     -0.7636E-01  0.4801E-02 -0.5413E-01
   74.50      0.1631E-01 -0.9612E-01 -0.7599E-01  0.4715E-02 -0.5414E-01
   75.00      0.1645E-01 -0.9226E-01 -0.7566E-01  0.4632E-02 -0.5419E-01
   75.50      0.1659E-01 -0.8892E-01 -0.7535E-01  0.4554E-02 -0.5427E-01
   76.00      0.1673E-01 -0.8613E-01 -0.7506E-01  0.4478E-02 -0.5437E-01
   76.50      0.1687E-01 -0.8390E-01 -0.7481E-01  0.4406E-02 -0.5451E-01
   77.00      0.1701E-01 -0.8222E-01 -0.7458E-01  0.4337E-02 -0.5467E-01
   77.50      0.1715E-01 -0.8110E-01 -0.7437E-01  0.4270E-02 -0.5485E-01
   78.00      0.1729E-01 -0.8053E-01 -0.7419E-01  0.4206E-02 -0.5506E-01
   78.50      0.1743E-01 -0.8049E-01 -0.7404E-01  0.4144E-02 -0.5529E-01
   79.00      0.1757E-01 -0.8098E-01 -0.7391E-01  0.4085E-02 -0.5553E-01
   79.50      0.1771E-01 -0.8197E-01 -0.7380E-01  0.4027E-02 -0.5580E-01
   80.00      0.1784E-01 -0.8343E-01 -0.7371E-01  0.3971E-02 -0.5608E-01
   80.50      0.1798E-01 -0.8533E-01 -0.7364E-01  0.3917E-02 -0.5637E-01
   81.00      0.1811E-01 -0.8764E-01 -0.7358E-01  0.3864E-02 -0.5668E-01
   81.50      0.1824E-01 -0.9033E-01 -0.7354E-01  0.3811E-02 -0.5700E-01
   82.00      0.1838E-01 -0.9334E-01 -0.7351E-01  0.3760E-02 -0.5733E-01
   82.50      0.1851E-01 -0.9664E-01 -0.7349E-01  0.3709E-02 -0.5766E-01
   83.00      0.1864E-01 -0.1002     -0.7347E-01  0.3659E-02 -0.5800E-01
   83.50      0.1878E-01 -0.1039     -0.7346E-01  0.3609E-02 -0.5833E-01
   84.00      0.1892E-01 -0.1077     -0.7344E-01  0.3559E-02 -0.5867E-01
   84.50      0.1906E-01 -0.1116     -0.7341E-01  0.3509E-02 -0.5899E-01
   85.00      0.1920E-01 -0.1156     -0.7338E-01  0.3458E-02 -0.5931E-01
   85.50      0.1935E-01 -0.1195     -0.7332E-01  0.3407E-02 -0.5960E-01
   86.00      0.1950E-01 -0.1232     -0.7324E-01  0.3355E-02 -0.5988E-01
   86.50      0.1966E-01 -0.1269     -0.7313E-01  0.3303E-02 -0.6013E-01
   87.00      0.1983E-01 -0.1302     -0.7299E-01  0.3249E-02 -0.6034E-01
   87.50      0.2001E-01 -0.1333     -0.7281E-01  0.3194E-02 -0.6052E-01
   88.00      0.2019E-01 -0.1361     -0.7259E-01  0.3137E-02 -0.6066E-01
   88.50      0.2039E-01 -0.1385     -0.7231E-01  0.3079E-02 -0.6074E-01
   89.00      0.2060E-01 -0.1404     -0.7198E-01  0.3019E-02 -0.6078E-01
   89.50      0.2082E-01 -0.1419     -0.7159E-01  0.2957E-02 -0.6075E-01
   90.00      0.2105E-01 -0.1429     -0.7114E-01  0.2892E-02 -0.6066E-01
   90.50      0.2130E-01 -0.1434     -0.7062E-01  0.2826E-02 -0.6050E-01
   91.00      0.2156E-01 -0.1433     -0.7003E-01  0.2757E-02 -0.6027E-01
   91.50      0.2184E-01 -0.1426     -0.6938E-01  0.2687E-02 -0.5997E-01
   92.00      0.2213E-01 -0.1415     -0.6866E-01  0.2613E-02 -0.5960E-01
   92.50      0.2244E-01 -0.1398     -0.6788E-01  0.2537E-02 -0.5915E-01
   93.00      0.2276E-01 -0.1375     -0.6703E-01  0.2459E-02 -0.5864E-01
   93.50      0.2309E-01 -0.1348     -0.6612E-01  0.2379E-02 -0.5805E-01
   94.00      0.2344E-01 -0.1317     -0.6515E-01  0.2296E-02 -0.5740E-01
   94.50      0.2380E-01 -0.1281     -0.6413E-01  0.2210E-02 -0.5668E-01
   95.00      0.2417E-01 -0.1242     -0.6307E-01  0.2123E-02 -0.5591E-01
   95.50      0.2455E-01 -0.1199     -0.6196E-01  0.2033E-02 -0.5509E-01
   96.00      0.2494E-01 -0.1154     -0.6083E-01  0.1941E-02 -0.5422E-01
   96.50      0.2534E-01 -0.1107     -0.5966E-01  0.1847E-02 -0.5332E-01
   97.00      0.2574E-01 -0.1059     -0.5848E-01  0.1751E-02 -0.5238E-01
   97.50      0.2615E-01 -0.1009     -0.5729E-01  0.1653E-02 -0.5142E-01
   98.00      0.2655E-01 -0.9599E-01 -0.5610E-01  0.1553E-02 -0.5045E-01
   98.50      0.2696E-01 -0.9107E-01 -0.5491E-01  0.1452E-02 -0.4946E-01
   99.00      0.2735E-01 -0.8623E-01 -0.5372E-01  0.1349E-02 -0.4848E-01
   99.50      0.2775E-01 -0.8153E-01 -0.5256E-01  0.1244E-02 -0.4750E-01
   100.0      0.2813E-01 -0.7701E-01 -0.5142E-01  0.1138E-02 -0.4654E-01
   100.5      0.2850E-01 -0.7273E-01 -0.5031E-01  0.1031E-02 -0.4560E-01
   101.0      0.2885E-01 -0.6871E-01 -0.4924E-01  0.9216E-03 -0.4469E-01
   101.5      0.2919E-01 -0.6500E-01 -0.4820E-01  0.8113E-03 -0.4381E-01
   102.0      0.2951E-01 -0.6162E-01 -0.4721E-01  0.6996E-03 -0.4296E-01
   102.5      0.2980E-01 -0.5862E-01 -0.4627E-01  0.5865E-03 -0.4217E-01
   103.0      0.3007E-01 -0.5601E-01 -0.4538E-01  0.4721E-03 -0.4142E-01
   103.5      0.3032E-01 -0.5382E-01 -0.4455E-01  0.3564E-03 -0.4072E-01
   104.0      0.3053E-01 -0.5206E-01 -0.4377E-01  0.2394E-03 -0.4008E-01
   104.5      0.3072E-01 -0.5074E-01 -0.4306E-01  0.1211E-03 -0.3950E-01
   105.0      0.3088E-01 -0.4989E-01 -0.4241E-01  0.1487E-05 -0.3899E-01
   105.5      0.3100E-01 -0.4950E-01 -0.4182E-01 -0.1194E-03 -0.3854E-01
   106.0      0.3109E-01 -0.4958E-01 -0.4129E-01 -0.2417E-03 -0.3815E-01
   106.5      0.3116E-01 -0.5012E-01 -0.4083E-01 -0.3652E-03 -0.3784E-01
   107.0      0.3119E-01 -0.5112E-01 -0.4043E-01 -0.4900E-03 -0.3759E-01
   107.5      0.3119E-01 -0.5258E-01 -0.4009E-01 -0.6159E-03 -0.3742E-01
   108.0      0.3115E-01 -0.5447E-01 -0.3981E-01 -0.7431E-03 -0.3731E-01
   108.5      0.3109E-01 -0.5679E-01 -0.3960E-01 -0.8714E-03 -0.3727E-01
   109.0      0.3100E-01 -0.5951E-01 -0.3944E-01 -0.1001E-02 -0.3730E-01
   109.5      0.3089E-01 -0.6261E-01 -0.3934E-01 -0.1131E-02 -0.3739E-01
   110.0      0.3075E-01 -0.6605E-01 -0.3929E-01 -0.1262E-02 -0.3754E-01
   110.5      0.3059E-01 -0.6980E-01 -0.3928E-01 -0.1393E-02 -0.3775E-01
   111.0      0.3041E-01 -0.7382E-01 -0.3932E-01 -0.1526E-02 -0.3801E-01
   111.5      0.3022E-01 -0.7805E-01 -0.3939E-01 -0.1658E-02 -0.3832E-01
   112.0      0.3001E-01 -0.8246E-01 -0.3950E-01 -0.1790E-02 -0.3867E-01
   112.5      0.2979E-01 -0.8699E-01 -0.3963E-01 -0.1922E-02 -0.3905E-01
   113.0      0.2956E-01 -0.9157E-01 -0.3978E-01 -0.2054E-02 -0.3946E-01
   113.5      0.2933E-01 -0.9615E-01 -0.3993E-01 -0.2184E-02 -0.3989E-01
   114.0      0.2910E-01 -0.1007     -0.4009E-01 -0.2314E-02 -0.4033E-01
   114.5      0.2886E-01 -0.1050     -0.4025E-01 -0.2441E-02 -0.4077E-01
   115.0      0.2863E-01 -0.1092     -0.4039E-01 -0.2567E-02 -0.4120E-01
   115.5      0.2841E-01 -0.1130     -0.4051E-01 -0.2691E-02 -0.4161E-01
   116.0      0.2819E-01 -0.1166     -0.4060E-01 -0.2812E-02 -0.4199E-01
   116.5      0.2798E-01 -0.1197     -0.4065E-01 -0.2930E-02 -0.4232E-01
   117.0      0.2779E-01 -0.1223     -0.4066E-01 -0.3046E-02 -0.4261E-01
   117.5      0.2761E-01 -0.1244     -0.4061E-01 -0.3157E-02 -0.4284E-01
   118.0      0.2744E-01 -0.1260     -0.4051E-01 -0.3265E-02 -0.4300E-01
   118.5      0.2729E-01 -0.1269     -0.4034E-01 -0.3370E-02 -0.4308E-01
   119.0      0.2715E-01 -0.1273     -0.4011E-01 -0.3471E-02 -0.4309E-01
   119.5      0.2703E-01 -0.1269     -0.3981E-01 -0.3567E-02 -0.4301E-01
   120.0      0.2692E-01 -0.1260     -0.3944E-01 -0.3661E-02 -0.4285E-01
   120.5      0.2683E-01 -0.1243     -0.3900E-01 -0.3750E-02 -0.4259E-01
   121.0      0.2676E-01 -0.1221     -0.3850E-01 -0.3837E-02 -0.4225E-01
   121.5      0.2669E-01 -0.1193     -0.3794E-01 -0.3920E-02 -0.4182E-01
   122.0      0.2664E-01 -0.1159     -0.3731E-01 -0.4001E-02 -0.4131E-01
   122.5      0.2659E-01 -0.1121     -0.3664E-01 -0.4079E-02 -0.4072E-01
   123.0      0.2656E-01 -0.1078     -0.3591E-01 -0.4156E-02 -0.4007E-01
   123.5      0.2653E-01 -0.1031     -0.3515E-01 -0.4231E-02 -0.3934E-01
   124.0      0.2650E-01 -0.9814E-01 -0.3436E-01 -0.4305E-02 -0.3856E-01
   124.5      0.2647E-01 -0.9293E-01 -0.3354E-01 -0.4380E-02 -0.3774E-01
   125.0      0.2644E-01 -0.8756E-01 -0.3270E-01 -0.4454E-02 -0.3687E-01
   125.5      0.2640E-01 -0.8210E-01 -0.3186E-01 -0.4529E-02 -0.3598E-01
   126.0      0.2636E-01 -0.7662E-01 -0.3102E-01 -0.4605E-02 -0.3507E-01
   126.5      0.2631E-01 -0.7120E-01 -0.3019E-01 -0.4683E-02 -0.3415E-01
   127.0      0.2625E-01 -0.6589E-01 -0.2938E-01 -0.4763E-02 -0.3322E-01
   127.5      0.2617E-01 -0.6077E-01 -0.2859E-01 -0.4845E-02 -0.3231E-01
   128.0      0.2608E-01 -0.5589E-01 -0.2783E-01 -0.4931E-02 -0.3141E-01
   128.5      0.2597E-01 -0.5131E-01 -0.2711E-01 -0.5019E-02 -0.3053E-01
   129.0      0.2584E-01 -0.4708E-01 -0.2643E-01 -0.5110E-02 -0.2969E-01
   129.5      0.2569E-01 -0.4324E-01 -0.2580E-01 -0.5206E-02 -0.2888E-01
   130.0      0.2552E-01 -0.3983E-01 -0.2523E-01 -0.5304E-02 -0.2812E-01
   130.5      0.2533E-01 -0.3690E-01 -0.2471E-01 -0.5407E-02 -0.2741E-01
   131.0      0.2512E-01 -0.3448E-01 -0.2426E-01 -0.5513E-02 -0.2676E-01
   131.5      0.2489E-01 -0.3258E-01 -0.2387E-01 -0.5622E-02 -0.2617E-01
   132.0      0.2463E-01 -0.3124E-01 -0.2355E-01 -0.5735E-02 -0.2564E-01
   132.5      0.2436E-01 -0.3046E-01 -0.2330E-01 -0.5850E-02 -0.2517E-01
   133.0      0.2406E-01 -0.3027E-01 -0.2312E-01 -0.5968E-02 -0.2478E-01
   133.5      0.2375E-01 -0.3066E-01 -0.2301E-01 -0.6088E-02 -0.2446E-01
   134.0      0.2343E-01 -0.3164E-01 -0.2298E-01 -0.6210E-02 -0.2420E-01
   134.5      0.2309E-01 -0.3320E-01 -0.2302E-01 -0.6331E-02 -0.2403E-01
   135.0      0.2274E-01 -0.3532E-01 -0.2313E-01 -0.6453E-02 -0.2392E-01
   135.5      0.2239E-01 -0.3799E-01 -0.2331E-01 -0.6572E-02 -0.2388E-01
   136.0      0.2202E-01 -0.4117E-01 -0.2355E-01 -0.6690E-02 -0.2391E-01
   136.5      0.2166E-01 -0.4482E-01 -0.2386E-01 -0.6803E-02 -0.2401E-01
   137.0      0.2129E-01 -0.4889E-01 -0.2422E-01 -0.6910E-02 -0.2416E-01
   137.5      0.2093E-01 -0.5334E-01 -0.2464E-01 -0.7011E-02 -0.2437E-01
   138.0      0.2057E-01 -0.5808E-01 -0.2509E-01 -0.7103E-02 -0.2462E-01
   138.5      0.2022E-01 -0.6305E-01 -0.2558E-01 -0.7185E-02 -0.2492E-01
   139.0      0.1988E-01 -0.6816E-01 -0.2610E-01 -0.7255E-02 -0.2524E-01
   139.5      0.1955E-01 -0.7332E-01 -0.2663E-01 -0.7310E-02 -0.2558E-01
   140.0      0.1924E-01 -0.7842E-01 -0.2716E-01 -0.7351E-02 -0.2592E-01
   140.5      0.1895E-01 -0.8337E-01 -0.2769E-01 -0.7374E-02 -0.2626E-01
   141.0      0.1868E-01 -0.8804E-01 -0.2820E-01 -0.7380E-02 -0.2659E-01
   141.5      0.1842E-01 -0.9235E-01 -0.2867E-01 -0.7365E-02 -0.2688E-01
   142.0      0.1819E-01 -0.9618E-01 -0.2910E-01 -0.7330E-02 -0.2714E-01
   142.5      0.1798E-01 -0.9944E-01 -0.2948E-01 -0.7275E-02 -0.2734E-01
   143.0      0.1779E-01 -0.1020     -0.2979E-01 -0.7198E-02 -0.2747E-01
   143.5      0.1763E-01 -0.1039     -0.3003E-01 -0.7100E-02 -0.2753E-01
   144.0      0.1749E-01 -0.1049     -0.3019E-01 -0.6982E-02 -0.2751E-01
   144.5      0.1737E-01 -0.1052     -0.3026E-01 -0.6844E-02 -0.2740E-01
   145.0      0.1727E-01 -0.1045     -0.3025E-01 -0.6689E-02 -0.2719E-01
   145.5      0.1720E-01 -0.1030     -0.3015E-01 -0.6516E-02 -0.2689E-01
   146.0      0.1714E-01 -0.1006     -0.2995E-01 -0.6329E-02 -0.2649E-01
   146.5      0.1709E-01 -0.9738E-01 -0.2967E-01 -0.6129E-02 -0.2600E-01
   147.0      0.1706E-01 -0.9337E-01 -0.2931E-01 -0.5918E-02 -0.2542E-01
   147.5      0.1705E-01 -0.8862E-01 -0.2887E-01 -0.5698E-02 -0.2475E-01
   148.0      0.1704E-01 -0.8320E-01 -0.2837E-01 -0.5472E-02 -0.2400E-01
   148.5      0.1704E-01 -0.7720E-01 -0.2780E-01 -0.5242E-02 -0.2318E-01
   149.0      0.1705E-01 -0.7070E-01 -0.2719E-01 -0.5010E-02 -0.2229E-01
   149.5      0.1706E-01 -0.6377E-01 -0.2653E-01 -0.4777E-02 -0.2135E-01
   150.0      0.1706E-01 -0.5652E-01 -0.2584E-01 -0.4545E-02 -0.2036E-01
   150.5      0.1707E-01 -0.4903E-01 -0.2513E-01 -0.4316E-02 -0.1933E-01
   151.0      0.1707E-01 -0.4139E-01 -0.2440E-01 -0.4090E-02 -0.1827E-01
   151.5      0.1706E-01 -0.3368E-01 -0.2367E-01 -0.3870E-02 -0.1719E-01
   152.0      0.1704E-01 -0.2599E-01 -0.2294E-01 -0.3655E-02 -0.1610E-01
   152.5      0.1701E-01 -0.1839E-01 -0.2223E-01 -0.3447E-02 -0.1499E-01
   153.0      0.1697E-01 -0.1095E-01 -0.2153E-01 -0.3247E-02 -0.1389E-01
   153.5      0.1691E-01 -0.3752E-02 -0.2086E-01 -0.3053E-02 -0.1279E-01
   154.0      0.1684E-01  0.3152E-02 -0.2022E-01 -0.2867E-02 -0.1171E-01
   154.5      0.1675E-01  0.9695E-02 -0.1961E-01 -0.2689E-02 -0.1064E-01
   155.0      0.1664E-01  0.1582E-01 -0.1905E-01 -0.2519E-02 -0.9589E-02
   155.5      0.1652E-01  0.2147E-01 -0.1853E-01 -0.2356E-02 -0.8565E-02
   156.0      0.1638E-01  0.2660E-01 -0.1805E-01 -0.2201E-02 -0.7570E-02
   156.5      0.1623E-01  0.3115E-01 -0.1763E-01 -0.2053E-02 -0.6608E-02
   157.0      0.1607E-01  0.3507E-01 -0.1727E-01 -0.1913E-02 -0.5681E-02
   157.5      0.1589E-01  0.3833E-01 -0.1696E-01 -0.1780E-02 -0.4793E-02
   158.0      0.1570E-01  0.4087E-01 -0.1671E-01 -0.1653E-02 -0.3946E-02
   158.5      0.1550E-01  0.4267E-01 -0.1651E-01 -0.1533E-02 -0.3143E-02
   159.0      0.1530E-01  0.4368E-01 -0.1637E-01 -0.1419E-02 -0.2387E-02
   159.5      0.1509E-01  0.4388E-01 -0.1629E-01 -0.1310E-02 -0.1681E-02
   160.0      0.1488E-01  0.4324E-01 -0.1627E-01 -0.1208E-02 -0.1025E-02
   160.5      0.1467E-01  0.4175E-01 -0.1630E-01 -0.1111E-02 -0.4236E-03
   161.0      0.1446E-01  0.3941E-01 -0.1638E-01 -0.1019E-02  0.1226E-03
   161.5      0.1426E-01  0.3623E-01 -0.1651E-01 -0.9319E-03  0.6118E-03
   162.0      0.1408E-01  0.3222E-01 -0.1667E-01 -0.8499E-03  0.1043E-02
   162.5      0.1390E-01  0.2743E-01 -0.1688E-01 -0.7726E-03  0.1414E-02
   163.0      0.1374E-01  0.2192E-01 -0.1711E-01 -0.6999E-03  0.1727E-02
   163.5      0.1360E-01  0.1575E-01 -0.1736E-01 -0.6316E-03  0.1980E-02
   164.0      0.1347E-01  0.9020E-02 -0.1762E-01 -0.5677E-03  0.2176E-02
   164.5      0.1337E-01  0.1844E-02 -0.1789E-01 -0.5081E-03  0.2317E-02
   165.0      0.1330E-01 -0.5654E-02 -0.1815E-01 -0.4528E-03  0.2404E-02
   165.5      0.1324E-01 -0.1334E-01 -0.1840E-01 -0.4016E-03  0.2443E-02
   166.0      0.1322E-01 -0.2106E-01 -0.1862E-01 -0.3544E-03  0.2436E-02
   166.5      0.1322E-01 -0.2867E-01 -0.1881E-01 -0.3112E-03  0.2390E-02
   167.0      0.1325E-01 -0.3601E-01 -0.1897E-01 -0.2719E-03  0.2310E-02
   167.5      0.1331E-01 -0.4296E-01 -0.1909E-01 -0.2362E-03  0.2201E-02
   168.0      0.1340E-01 -0.4938E-01 -0.1915E-01 -0.2041E-03  0.2070E-02
   168.5      0.1351E-01 -0.5516E-01 -0.1918E-01 -0.1754E-03  0.1923E-02
   169.0      0.1364E-01 -0.6021E-01 -0.1915E-01 -0.1499E-03  0.1764E-02
   169.5      0.1381E-01 -0.6445E-01 -0.1908E-01 -0.1274E-03  0.1600E-02
   170.0      0.1399E-01 -0.6784E-01 -0.1897E-01 -0.1076E-03  0.1435E-02
   170.5      0.1419E-01 -0.7035E-01 -0.1881E-01 -0.9032E-04  0.1272E-02
   171.0      0.1442E-01 -0.7198E-01 -0.1862E-01 -0.7536E-04  0.1116E-02
   171.5      0.1465E-01 -0.7274E-01 -0.1841E-01 -0.6247E-04  0.9676E-03
   172.0      0.1490E-01 -0.7266E-01 -0.1817E-01 -0.5144E-04  0.8299E-03
   172.5      0.1516E-01 -0.7178E-01 -0.1791E-01 -0.4205E-04  0.7037E-03
   173.0      0.1542E-01 -0.7014E-01 -0.1764E-01 -0.3412E-04  0.5897E-03
   173.5      0.1568E-01 -0.6780E-01 -0.1737E-01 -0.2746E-04  0.4881E-03
   174.0      0.1594E-01 -0.6483E-01 -0.1709E-01 -0.2191E-04  0.3986E-03
   174.5      0.1620E-01 -0.6128E-01 -0.1682E-01 -0.1731E-04  0.3207E-03
   175.0      0.1645E-01 -0.5721E-01 -0.1656E-01 -0.1354E-04  0.2538E-03
   175.5      0.1668E-01 -0.5269E-01 -0.1632E-01 -0.1047E-04  0.1970E-03
   176.0      0.1690E-01 -0.4777E-01 -0.1609E-01 -0.7994E-05  0.1494E-03
   176.5      0.1710E-01 -0.4250E-01 -0.1588E-01 -0.6017E-05  0.1100E-03
   177.0      0.1729E-01 -0.3694E-01 -0.1569E-01 -0.4455E-05  0.7802E-04
   177.5      0.1744E-01 -0.3114E-01 -0.1553E-01 -0.3230E-05  0.5248E-04
   178.0      0.1757E-01 -0.2514E-01 -0.1540E-01 -0.2276E-05  0.3269E-04
   178.5      0.1768E-01 -0.1899E-01 -0.1529E-01 -0.1531E-05  0.1799E-04
   179.0      0.1776E-01 -0.1272E-01 -0.1522E-01 -0.9377E-06  0.7869E-05
   179.5      0.1780E-01 -0.6379E-02 -0.1517E-01 -0.4443E-06  0.1948E-05
   180.0      0.1782E-01   0.000     -0.1515E-01   0.000       0.000    
 END
