# KN1=   2   3
  0.0100000    0.0000    0.000000    3.645   -0.003    0.003    0.000
  0.0104003    0.0000 ***********    3.574   -0.005    0.005    0.000
  0.0108085   -0.0000 ***********    3.506   -0.008    0.008    0.000
  0.0112246    0.0000 ***********    3.440   -0.012    0.012    0.000
  0.0116485   -0.0000 ***********    3.377   -0.017    0.017    0.000
  0.0120803    0.0000 ***********    3.316   -0.024    0.024    0.000
  0.0125199    0.0000 ***********    3.258   -0.034    0.034    0.001
  0.0129674    0.0000 ***********    3.201   -0.047    0.047    0.001
  0.0134227   -0.0000 ***********    3.146   -0.064    0.064    0.001
  0.0138859   -0.0000 ***********    3.093   -0.087    0.087    0.002
  0.0143570   -0.0000 ***********    3.042   -0.116    0.116    0.002
  0.0148359    0.0000 ***********    2.992   -0.154    0.154    0.003
  0.0153227   -0.0000 ***********    2.945   -0.201    0.201    0.004
  0.0158173   -0.0000 ***********    2.898   -0.260    0.260    0.005
  0.0163198    0.0000 ***********    2.853   -0.333    0.333    0.006
  0.0168301   -0.0000 ***********    2.810   -0.422    0.422    0.007
  0.0173483   -0.0000 ***********    2.767   -0.531    0.531    0.009
  0.0178744    0.0000 4314.084865    2.726   -0.661    0.661    0.012
  0.0184083   -0.0000 ***********    2.686   -0.816    0.816    0.014
  0.0189501   -0.0000 ***********    2.648   -1.000    1.000    0.017
  0.0194997    0.0000 ***********    2.610   -1.214    1.214    0.021
  0.0200572   -0.0000 ***********    2.574   -1.463    1.463    0.026
  0.0206225   -0.0000 ***********    2.538   -1.750    1.750    0.031
  0.0211957   -0.0000 ***********    2.504   -2.077    2.077    0.036
  0.0217768    0.0000 3034.932762    2.470   -2.450    2.450    0.043
  0.0223657   -0.0000 ***********    2.437   -2.869    2.869    0.050
  0.0229625   -0.0000 ***********    2.405   -3.339    3.339    0.058
  0.0235671   -0.0000 ***********    2.374   -3.862    3.862    0.067
  0.0241796    0.0000 5494.608354    2.344   -4.440    4.440    0.077
  0.0247999   -0.0000 ***********    2.315   -5.075    5.075    0.088
  0.0254281   -0.0000 ***********    2.286   -5.770    5.770    0.101
  0.0260642    0.0000 1125.459778    2.258   -6.526    6.526    0.114
  0.0267081   -0.0000 ***********    2.230   -7.344    7.344    0.128
  0.0273599   -0.0001 ***********    2.204   -8.225    8.225    0.143
  0.0280195   -0.0001 ***********    2.178   -9.170    9.170    0.159
  0.0286870    0.0001  320.130622    2.152  -10.179   10.179    0.177
  0.0293624   -0.0001 -408.484843    2.127  -11.252   11.252    0.195
  0.0300456   -0.0001 ***********    2.103  -12.388   12.388    0.215
  0.0307366    0.0001  585.587190    2.079  -13.588   13.588    0.235
  0.0314355   -0.0000 ***********    2.056  -14.851   14.851    0.256
  0.0321423   -0.0000 ***********    2.033  -16.175   16.175    0.279
  0.0328569    0.0002  325.228048    2.011  -17.561   17.561    0.302
  0.0335794   -0.0000 -296.941288    1.989  -19.006   19.006    0.326
  0.0343098   -0.0002 -769.757134    1.968  -20.509   20.509    0.350
  0.0350480    0.0003  189.010589    1.947  -22.069   22.069    0.376
  0.0357940    0.0003 9648.571112    1.927  -23.685   23.685    0.402
  0.0365480    0.0002 ***********    1.907  -25.354   25.354    0.428
  0.0373097    0.0004  411.440146    1.887  -27.076   27.077    0.455
  0.0380794    0.0002 -464.726334    1.868  -28.849   28.849    0.483
  0.0388568   -0.0001 -254.919632    1.849  -30.670   30.670    0.510
  0.0396422    0.0001  396.243931    1.831  -32.539   32.540    0.538
  0.0404354    0.0005  278.620159    1.813  -34.454   34.455    0.566
  0.0412365    0.0002 -337.106499    1.795  -36.414   36.414    0.594
  0.0420454    0.0002 ***********    1.778  -38.415   38.416    0.621
  0.0428621   -0.0001 -389.019632    1.761  -40.458   40.458    0.649
  0.0436868   -0.0001 ***********    1.744  -42.541   42.540    0.676
  0.0445193   -0.0003 -387.967232    1.727  -44.661   44.660    0.703
  0.0453596    0.0004  134.289452    1.711  -46.818   46.818    0.729
  0.0462078   -0.0003 -132.179469    1.696  -49.010   49.009    0.755
  0.0470639   -0.0001  345.756149    1.680  -51.235   51.235    0.780
  0.0479278   -0.0007 -168.038206    1.665  -53.493   53.492    0.804
  0.0487996   -0.0004  362.188809    1.650  -55.782   55.782    0.827
  0.0496792    0.0007   91.335112    1.635  -58.101   58.102    0.849
  0.0505667   -0.0007  -73.275036    1.621  -60.448   60.448    0.870
  0.0514620    0.0000  146.904891    1.607  -62.823   62.823    0.890
  0.0523652   -0.0001 -784.071392    1.593  -65.224   65.224    0.908
  0.0532763   -0.0003 -580.248706    1.579  -67.651   67.651    0.925
  0.0541952   -0.0002 3133.352738    1.566  -70.101   70.101    0.940
  0.0551220   -0.0003 ***********    1.552  -72.575   72.575    0.954
  0.0560566    0.0003  204.840454    1.539  -75.071   75.072    0.966
  0.0569991   -0.0000 -375.678849    1.527  -77.589   77.589    0.977
  0.0579495   -0.0002 -687.898809    1.514  -80.127   80.126    0.985
  0.0589077    0.0002  307.396770    1.502  -82.684   82.684    0.992
  0.0598737    0.0009  153.812166    1.490  -85.260   85.261    0.997
  0.0608476   -0.0001 -117.237710    1.478  -87.855   87.854    0.999
  0.0618294   -0.0011 -111.994187    1.466  -90.466   90.465    1.000
  0.0628191    0.0003   84.557878    1.454  -93.094   93.095    0.999
  0.0638165    0.0005  503.423433    1.443  -95.738   95.739    0.995
  0.0648219   -0.0002 -164.048128    1.432  -98.398   98.397    0.989
  0.0658351   -0.0008 -193.145510    1.421 -101.072  101.071    0.981
  0.0668562    0.0005   89.773836    1.410 -103.760  103.760    0.971
  0.0678851    0.0002 -349.386273    1.399 -106.461  106.461    0.959
  0.0689219   -0.0007 -144.494287    1.388 -109.175  109.175    0.945
  0.0699665   -0.0001  204.298683    1.378 -111.902  111.902    0.928
  0.0710190    0.0000 1400.433550    1.368 -114.641  114.641    0.909
  0.0720793   -0.0002 -627.858542    1.358 -117.391  117.390    0.888
  0.0731475   -0.0007 -255.193474    1.348 -120.151  120.151    0.865
  0.0742236    0.0004  119.272477    1.338 -122.923  122.923    0.839
  0.0753075    0.0005  908.724086    1.328 -125.704  125.705    0.812
  0.0763993    0.0003 -669.531804    1.319 -128.496  128.496    0.783
  0.0774989    0.0002 ***********    1.309 -131.296  131.296    0.751
  0.0786064    0.0005  518.608611    1.300 -134.105  134.106    0.718
  0.0797218    0.0005 ***********    1.291 -136.923  136.924    0.683
  0.0808450    0.0001 -379.706214    1.282 -139.749  139.750    0.646
  0.0819760    0.0004  520.430520    1.273 -142.584  142.584    0.608
  0.0831149    0.0004 ***********    1.264 -145.425  145.426    0.567
  0.0842617    0.0002 -569.943038    1.256 -148.274  148.274    0.526
  0.0854164    0.0003 1136.892720    1.247 -151.130  151.130    0.483
  0.0865788    0.0004 1381.836130    1.239 -153.992  153.993    0.438
  0.0877492    0.0004 ***********    1.230 -156.861  156.862    0.393
  0.0889274    0.0005 1291.466067    1.222 -159.737  159.737    0.346
  0.0901135    0.0005 ***********    1.214 -162.618  162.618    0.299
  0.0913074    0.0005 ***********    1.206 -165.505  165.505    0.250
  0.0925092    0.0005 3321.566346    1.198 -168.397  168.398    0.201
  0.0937188    0.0005 4904.324535    1.191 -171.295  171.295    0.151
  0.0949363    0.0006 3857.411224    1.183 -174.197  174.198    0.101
  0.0961616    0.0006 3335.529896    1.175 -177.105  177.105    0.050
  0.0973948    0.0007 3487.733918    1.168  179.983 -179.982   -0.000
  0.0986359    0.0007 3400.583719    1.161  177.066 -177.066   -0.051
  0.0998848    0.0008 2898.288200    1.153  174.145 -174.145   -0.102
  0.1011416    0.0008 3657.236751    1.146  171.220 -171.219   -0.153
  0.1024062    0.0008 2582.248467    1.139  168.291 -168.290   -0.203
  0.1036787    0.0009 3476.010745    1.132  165.358 -165.357   -0.253
  0.1049591    0.0009 7367.040743    1.125  162.422 -162.421   -0.302
  0.1062473    0.0010 1344.881434    1.118  159.482 -159.481   -0.351
  0.1075434    0.0011 3251.186396    1.111  156.538 -156.537   -0.398
  0.1088473    0.0010 ***********    1.105  153.591 -153.590   -0.445
  0.1101591    0.0012  780.035396    1.098  150.642 -150.640   -0.490
  0.1114787    0.0014  716.297395    1.092  147.689 -147.687   -0.535
  0.1128062    0.0014 ***********    1.085  144.733 -144.732   -0.577
  0.1141415    0.0014 ***********    1.079  141.775 -141.773   -0.619
  0.1154847    0.0017  592.946953    1.073  138.814 -138.812   -0.659
  0.1168358    0.0015 ***********    1.066  135.850 -135.849   -0.697
  0.1181947    0.0018  644.252609    1.060  132.884 -132.882   -0.733
  0.1195615    0.0019  947.898701    1.054  129.916 -129.914   -0.767
  0.1209361    0.0018 ***********    1.048  126.945 -126.943   -0.799
  0.1223186    0.0021  467.621283    1.042  123.972 -123.970   -0.829
  0.1237090    0.0020 ***********    1.036  120.998 -120.996   -0.857
  0.1251072    0.0021 1410.842074    1.031  118.021 -118.019   -0.883
  0.1265133    0.0025  361.121406    1.025  115.042 -115.040   -0.906
  0.1279272    0.0022 -539.178530    1.019  112.062 -112.059   -0.927
  0.1293490    0.0020 -670.936185    1.013  109.080 -109.078   -0.945
  0.1307786    0.0027  235.497748    1.008  106.096 -106.093   -0.961
  0.1322161    0.0033  268.859305    1.002  103.110 -103.107   -0.974
  0.1336614    0.0025 -193.518453    0.997  100.123 -100.121   -0.984
  0.1351146    0.0032  233.742652    0.992   97.135  -97.132   -0.992
  0.1365757    0.0035  575.322376    0.986   94.145  -94.142   -0.997
  0.1380446    0.0034 ***********    0.981   91.154  -91.151   -1.000
  0.1395214    0.0037  581.862330    0.976   88.162  -88.158   -0.999
  0.1410060    0.0040  741.040875    0.971   85.168  -85.164   -0.996
  0.1424985    0.0043  468.028522    0.966   82.173  -82.169   -0.991
  0.1439989    0.0041 -721.833068    0.961   79.177  -79.173   -0.982
  0.1455071    0.0046  318.926423    0.956   76.180  -76.176   -0.971
  0.1470232    0.0049  556.903224    0.951   73.183  -73.178   -0.957
  0.1485471    0.0054  370.899728    0.946   70.184  -70.178   -0.941
  0.1500789    0.0049 -383.730057    0.941   67.184  -67.179   -0.922
  0.1516185    0.0052  619.630833    0.936   64.183  -64.178   -0.900
  0.1531660    0.0055  801.388181    0.931   61.182  -61.176   -0.876
  0.1547214    0.0058  450.072868    0.927   58.180  -58.174   -0.850
  0.1562846    0.0063  358.421093    0.922   55.177  -55.170   -0.821
  0.1578556    0.0064 9184.694430    0.917   52.173  -52.167   -0.790
  0.1594346    0.0069  368.938182    0.913   49.169  -49.162   -0.757
  0.1610213    0.0071  683.051295    0.908   46.164  -46.157   -0.721
  0.1626160    0.0074  583.960307    0.904   43.158  -43.151   -0.684
  0.1642185    0.0077  826.757048    0.899   40.152  -40.145   -0.645
  0.1658288    0.0080  516.067572    0.895   37.146  -37.138   -0.604
  0.1674470    0.0084  482.143746    0.891   34.139  -34.130   -0.561
  0.1690731    0.0087  683.394714    0.886   31.131  -31.122   -0.517
  0.1707070    0.0091  428.096658    0.882   28.123  -28.114   -0.471
  0.1723488    0.0095  486.998643    0.878   25.115  -25.105   -0.424
  0.1739984    0.0099  502.412025    0.874   22.106  -22.096   -0.376
  0.1756559    0.0104  379.130710    0.870   19.097  -19.086   -0.327
  0.1773213    0.0108  472.773085    0.866   16.087  -16.076   -0.277
  0.1789945    0.0113  397.408888    0.862   13.078  -13.066   -0.226
  0.1806756    0.0117  422.216546    0.858   10.068  -10.056   -0.175
  0.1823645    0.0122  389.548739    0.854    7.057   -7.045   -0.123
  0.1840613    0.0127  380.096616    0.850    4.047   -4.034   -0.070
  0.1857659    0.0133  369.987479    0.846    1.036   -1.023   -0.018
  0.1874784    0.0138  359.141151    0.842   -1.975    1.989    0.035
  0.1891988    0.0144  350.039823    0.838   -4.986    5.000    0.087
  0.1909270    0.0149  342.685001    0.834   -7.997    8.012    0.139
  0.1926630    0.0156  324.843694    0.830  -11.008   11.024    0.191
  0.1944070    0.0162  333.785725    0.827  -14.020   14.036    0.243
  0.1961587    0.0169  287.922741    0.823  -17.032   17.048    0.293
  0.1979184    0.0175  314.666146    0.819  -20.043   20.061    0.343
  0.1996859    0.0182  302.748334    0.816  -23.055   23.073    0.392
  0.2014612    0.0189  287.828051    0.812  -26.067   26.085    0.440
  0.2032444    0.0197  244.690139    0.809  -29.078   29.098    0.486
  0.2050355    0.0205  274.262895    0.805  -32.090   32.111    0.532
  0.2068344    0.0211  316.953041    0.801  -35.102   35.123    0.575
  0.2086412    0.0220  220.271653    0.798  -38.114   38.136    0.618
  0.2104558    0.0229  256.704359    0.795  -41.125   41.148    0.658
  0.2122783    0.0238  227.217014    0.791  -44.137   44.161    0.697
  0.2141087    0.0246  267.350862    0.788  -47.149   47.173    0.733
  0.2159469    0.0255  216.594564    0.784  -50.160   50.186    0.768
  0.2177930    0.0265  218.087515    0.781  -53.172   53.198    0.801
  0.2196469    0.0277  181.882788    0.778  -56.183   56.211    0.831
  0.2215087    0.0287  212.122266    0.774  -59.195   59.223    0.859
  0.2233783    0.0296  235.195473    0.771  -62.206   62.235    0.885
  0.2252558    0.0307  191.870402    0.768  -65.217   65.248    0.908
  0.2271412    0.0318  201.289839    0.765  -68.228   68.260    0.929
  0.2290344    0.0331  168.343471    0.762  -71.239   71.272    0.947
  0.2309355    0.0343  179.467013    0.758  -74.250   74.284    0.963
  0.2328444    0.0357  153.777039    0.755  -77.260   77.296    0.976
  0.2347612    0.0365  271.835650    0.752  -80.271   80.307    0.986
  0.2366858    0.0382  128.264141    0.749  -83.281   83.319    0.993
  0.2386183    0.0393  206.147674    0.746  -86.291   86.330    0.998
  0.2405587    0.0409  142.677429    0.743  -89.301   89.342    1.000
  0.2425069    0.0421  174.728573    0.740  -92.310   92.352    0.999
  0.2444629    0.0434  180.675843    0.737  -95.320   95.363    0.996
  0.2464269    0.0453  119.443034    0.734  -98.329   98.374    0.989
  0.2483986    0.0467  158.816709    0.731 -101.338  101.385    0.980
  0.2503783    0.0482  153.548530    0.728 -104.347  104.395    0.969
  0.2523658    0.0501  115.174575    0.726 -107.356  107.406    0.954
  0.2543611    0.0520  125.804485    0.723 -110.364  110.416    0.937
  0.2563644    0.0538  125.952153    0.720 -113.372  113.426    0.918
  0.2583754    0.0558  115.294394    0.717 -116.380  116.436    0.895
  0.2603944    0.0577  121.931050    0.714 -119.388  119.445    0.871
  0.2624211    0.0593  143.742253    0.712 -122.395  122.454    0.844
  0.2644558    0.0614  108.239985    0.709 -125.402  125.464    0.814
  0.2664983    0.0634  117.302271    0.706 -128.409  128.473    0.783
  0.2685486    0.0656  108.060913    0.703 -131.416  131.482    0.749
  0.2706068    0.0678  108.560270    0.701 -134.422  134.490    0.713
  0.2726729    0.0701  101.200185    0.698 -137.428  137.498    0.676
  0.2747468    0.0726   97.730234    0.695 -140.434  140.507    0.636
  0.2768286    0.0748  104.268911    0.693 -143.440  143.515    0.595
  0.2789183    0.0774   93.710019    0.690 -146.445  146.522    0.552
  0.2810158    0.0799   98.062085    0.688 -149.450  149.530    0.507
  0.2831211    0.0826   88.857826    0.685 -152.455  152.537    0.461
  0.2852343    0.0853   89.877042    0.682 -155.459  155.544    0.414
  0.2873554    0.0881   86.599994    0.680 -158.463  158.551    0.366
  0.2894843    0.0909   85.227561    0.677 -161.467  161.558    0.316
  0.2916211    0.0939   83.025822    0.675 -164.470  164.564    0.266
  0.2937658    0.0969   80.887487    0.672 -167.474  167.570    0.215
  0.2959183    0.1000   78.869153    0.670 -170.476  170.576    0.164
  0.2980786    0.1033   76.683492    0.668 -173.479  173.582    0.112
  0.3002468    0.1066   74.964312    0.665 -176.481  176.588    0.060
  0.3024229    0.1100   73.043700    0.663 -179.483  179.593    0.007
  0.3046068    0.1135   71.241902    0.660  177.515 -177.402   -0.045
  0.3067986    0.1171   69.520717    0.658  174.514 -174.397   -0.098
  0.3089983    0.1209   67.572333    0.656  171.513 -171.392   -0.150
  0.3112058    0.1247   66.407836    0.653  168.512 -168.388   -0.201
  0.3134211    0.1286   63.996057    0.651  165.512 -165.383   -0.252
  0.3156443    0.1327   63.247689    0.649  162.512 -162.379   -0.303
  0.3178754    0.1368   61.233011    0.646  159.512 -159.375   -0.352
  0.3201143    0.1411   59.940860    0.644  156.513 -156.372   -0.401
  0.3223611    0.1456   57.769604    0.642  153.514 -153.368   -0.448
  0.3246158    0.1500   58.097048    0.640  150.515 -150.365   -0.494
  0.3268783    0.1548   54.638701    0.638  147.517 -147.362   -0.539
  0.3291486    0.1597   52.965474    0.635  144.519 -144.359   -0.583
  0.3314268    0.1645   53.671515    0.633  141.521 -141.356   -0.624
  0.3337129    0.1696   51.561184    0.631  138.524 -138.354   -0.665
  0.3360068    0.1748   50.864761    0.629  135.527 -135.352   -0.703
  0.3383086    0.1803   47.817225    0.627  132.530 -132.350   -0.739
  0.3406183    0.1858   48.089897    0.625  129.534 -129.348   -0.773
  0.3429358    0.1915   46.341971    0.622  126.538 -126.346   -0.805
  0.3452611    0.1973   46.445164    0.620  123.542 -123.345   -0.835
  0.3475943    0.2035   42.971315    0.618  120.547 -120.343   -0.863
  0.3499354    0.2096   43.921969    0.616  117.552 -117.342   -0.888
  0.3522843    0.2162   41.104763    0.614  114.557 -114.341   -0.911
  0.3546411    0.2226   41.854474    0.612  111.563 -111.340   -0.931
  0.3570058    0.2295   39.610418    0.610  108.569 -108.339   -0.949
  0.3593783    0.2363   39.785618    0.608  105.575 -105.339   -0.964
  0.3617586    0.2434   38.538657    0.606  102.582 -102.338   -0.977
  0.3641468    0.2510   36.000036    0.604   99.589  -99.338   -0.987
  0.3665429    0.2585   36.444350    0.602   96.596  -96.338   -0.994
  0.3689468    0.2663   35.171268    0.600   93.604  -93.337   -0.998
  0.3713586    0.2747   33.101956    0.598   90.612  -90.337   -1.000
  0.3737783    0.2827   34.466059    0.596   87.620  -87.338   -0.999
  0.3762058    0.2914   32.230719    0.594   84.629  -84.338   -0.995
  0.3786411    0.3000   32.205731    0.592   81.638  -81.338   -0.989
  0.3810843    0.3094   29.701640    0.590   78.648  -78.338   -0.979
  0.3835354    0.3183   31.576436    0.589   75.657  -75.339   -0.967
  0.3859943    0.3278   29.740959    0.587   72.667  -72.340   -0.953
  0.3884611    0.3377   28.694404    0.585   69.678  -69.340   -0.936
  0.3909358    0.3479   27.614672    0.583   66.689  -66.341   -0.916
  0.3934183    0.3583   27.403223    0.581   63.700  -63.342   -0.894
  0.3959086    0.3692   26.281042    0.579   60.711  -60.342   -0.869
  0.3984069    0.3804   25.574461    0.577   57.723  -57.343   -0.842
  0.4009129    0.3917   25.355084    0.576   54.735  -54.344   -0.813
  0.4034269    0.4034   24.540601    0.574   51.748  -51.344   -0.781
  0.4059486    0.4155   24.020185    0.572   48.761  -48.345   -0.747
  0.4084783    0.4280   23.170420    0.570   45.774  -45.346   -0.711
  0.4110158    0.4410   22.378401    0.569   42.787  -42.347   -0.674
  0.4135612    0.4542   22.080558    0.567   39.801  -39.347   -0.634
  0.4161144    0.4678   21.472039    0.565   36.816  -36.348   -0.593
  0.4186754    0.4819   20.795927    0.563   33.830  -33.348   -0.550
  0.4212444    0.4964   20.345453    0.562   30.845  -30.349   -0.505
  0.4238212    0.5114   19.656177    0.560   27.860  -27.349   -0.459
  0.4264058    0.5268   19.282224    0.558   24.876  -24.349   -0.412
  0.4289983    0.5427   18.655888    0.556   21.892  -21.349   -0.364
  0.4315987    0.5591   18.201514    0.555   18.908  -18.349   -0.315
  0.4342069    0.5760   17.643397    0.553   15.924  -15.348   -0.265
  0.4368230    0.5934   17.201042    0.551   12.941  -12.348   -0.214
  0.4394469    0.6114   16.714339    0.550    9.959   -9.347   -0.162
  0.4420787    0.6300   16.241599    0.548    6.976   -6.346   -0.111
  0.4447183    0.6492   15.787092    0.547    3.994   -3.345   -0.058
  0.4473658    0.6689   15.339125    0.545    1.012   -0.343   -0.006
  0.4500212    0.6893   14.902194    0.543   -1.969    2.659    0.046
  0.4526844    0.7104   14.476827    0.542   -4.950    5.661    0.099
  0.4553555    0.7322   14.058809    0.540   -7.931    8.663    0.151
  0.4580344    0.7547   13.650435    0.539  -10.912   11.666    0.202
  0.4607212    0.7779   13.253223    0.537  -13.892   14.670    0.253
  0.4634159    0.8019   12.859537    0.535  -16.872   17.674    0.304
  0.4661184    0.8267   12.488303    0.534  -19.851   20.678    0.353
  0.4688287    0.8524   12.092971    0.532  -22.830   23.683    0.402
  0.4715469    0.8789   11.748797    0.531  -25.809   26.688    0.449
  0.4742730    0.9064   11.365952    0.529  -28.788   29.694    0.495
  0.4770069    0.9347   11.065467    0.528  -31.766   32.701    0.540
  0.4797487    0.9642   10.666956    0.526  -34.744   35.708    0.584
  0.4824984    0.9944   10.418296    0.525  -37.721   38.716    0.625
  0.4852559    1.0260   10.007056    0.523  -40.699   41.725    0.666
  0.4880212    1.0586    9.719785    0.522  -43.676   44.734    0.704
  0.4907945    1.0923    9.429179    0.520  -46.652   47.744    0.740
  0.4935755    1.1274    9.089623    0.519  -49.628   50.756    0.774
  0.4963645    1.1635    8.847592    0.517  -52.604   53.768    0.807
  0.4991613    1.2012    8.502427    0.516  -55.580   56.781    0.837
  0.5019659    1.2402    8.226924    0.514  -58.555   59.796    0.864
  0.5047784    1.2807    7.969469    0.513  -61.530   62.811    0.890
  0.5075988    1.3228    7.675811    0.512  -64.505   65.828    0.912
  0.5104270    1.3664    7.428167    0.510  -67.480   68.846    0.933
  0.5132631    1.4117    7.171981    0.509  -70.454   71.865    0.950
  0.5161070    1.4589    6.913306    0.507  -73.427   74.886    0.965
  0.5189588    1.5078    6.685324    0.506  -76.401   77.909    0.978
  0.5218184    1.5585    6.458721    0.505  -79.374   80.933    0.988
  0.5246859    1.6118    6.166482    0.503  -82.347   83.959    0.994
  0.5275613    1.6670    5.962930    0.502  -85.320   86.987    0.999
  0.5304445    1.7245    5.750699    0.500  -88.292   90.016    1.000
  0.5333356    1.7846    5.507596    0.499  -91.264   93.048    0.999
  0.5362345    1.8468    5.345787    0.498  -94.235   96.082    0.994
  0.5391413    1.9120    5.106076    0.496  -97.207   99.119    0.987
  0.5420560    1.9803    4.892792    0.495 -100.178  102.158    0.978
  0.5449785    2.0515    4.702173    0.494 -103.149  105.200    0.965
  0.5479088    2.1258    4.519165    0.492 -106.119  108.245    0.950
  0.5508471    2.2035    4.331758    0.491 -109.089  111.293    0.932
  0.5537931    2.2852    4.132280    0.490 -112.059  114.344    0.911
  0.5567471    2.3705    3.969846    0.488 -115.029  117.399    0.888
  0.5597089    2.4599    3.796807    0.487 -117.998  120.458    0.862
  0.5626785    2.5537    3.626484    0.486 -120.967  123.521    0.834
  0.5656560    2.6523    3.461231    0.485 -123.936  126.588    0.803
  0.5686414    2.7559    3.301704    0.483 -126.904  129.660    0.770
  0.5716346    2.8649    3.147633    0.482 -129.872  132.737    0.734
  0.5746357    2.9796    2.998541    0.481 -132.840  135.820    0.697
  0.5776446    3.1006    2.847988    0.480 -135.808  138.908    0.657
  0.5806614    3.2284    2.704896    0.478 -138.775  142.003    0.616
  0.5836861    3.3633    2.569407    0.477 -141.742  145.105    0.572
  0.5867186    3.5060    2.435612    0.476 -144.708  148.214    0.527
  0.5897589    3.6572    2.303778    0.475 -147.675  151.332    0.480
  0.5928071    3.8176    2.178576    0.473 -150.641  154.458    0.431
  0.5958632    3.9879    2.055902    0.472 -153.607  157.595    0.381
  0.5989272    4.1691    1.937923    0.471 -156.572  160.741    0.330
  0.6019990    4.3621    1.823383    0.470 -159.538  163.900    0.277
  0.6050786    4.5682    1.712839    0.469 -162.503  167.071    0.224
  0.6081661    4.7885    1.605782    0.467 -165.467  170.256    0.169
  0.6112615    5.0245    1.502678    0.466 -168.432  173.456    0.114
  0.6143647    5.2780    1.403222    0.465 -171.396  176.674    0.058
  0.6174758    5.5506    1.307374    0.464 -174.360  179.910    0.002
  0.6205947    5.8448    1.215198    0.463 -177.323  183.168   -0.055
  0.6237215    6.1628    1.126587    0.462  179.713 -173.551   -0.112
  0.6268561    6.5077    1.041549    0.460  176.750 -170.243   -0.169
  0.6299987    6.8828    0.960042    0.459  173.787 -166.905   -0.227
  0.6331490    7.2921    0.882052    0.458  170.825 -163.533   -0.283
  0.6363072    7.7402    0.807542    0.457  167.863 -160.123   -0.340
  0.6394733    8.2328    0.736529    0.456  164.901 -156.668   -0.396
  0.6426473    8.7766    0.668873    0.455  161.939 -153.162   -0.451
  0.6458290    9.3795    0.604700    0.454  158.978 -149.598   -0.506
  0.6490187   10.0515    0.543929    0.452  156.016 -145.965   -0.560
  0.6522162   10.8045    0.486557    0.451  153.055 -142.251   -0.612
  0.6554216   11.6538    0.432510    0.450  150.095 -138.441   -0.663
  0.6586348   12.6178    0.381938    0.449  147.134 -134.517   -0.713
  0.6618559   13.7206    0.334712    0.448  144.174 -130.454   -0.761
  0.6650848   14.9932    0.290759    0.447  141.214 -126.221   -0.807
  0.6683216   16.4757    0.250185    0.446  138.255 -121.779   -0.850
  0.6715663   18.2214    0.212988    0.445  135.295 -117.074   -0.890
  0.6748188   20.3022    0.179118    0.444  132.336 -112.034   -0.927
  0.6780791   22.8163    0.148609    0.443  129.377 -106.561   -0.959
  0.6813473   25.8998    0.121453    0.442  126.419 -100.519   -0.983
  0.6846234   29.7440    0.097656    0.441  123.461  -93.717   -0.998
  0.6879074   34.6165    0.077232    0.439  120.502  -85.886   -0.997
  0.6911992   40.8831    0.060194    0.438  117.545  -76.662   -0.973
  0.6944988   49.0038    0.046562    0.437  114.587  -65.583   -0.911
  0.6978063   59.4320    0.036345    0.436  111.630  -52.198   -0.790
  0.7011217   72.2887    0.029550    0.435  108.673  -36.384   -0.593
  0.7044449   86.8442    0.026163    0.434  105.716  -18.872   -0.323
  0.7077760  101.4313    0.026168    0.433  102.759   -1.328   -0.023
  0.7111149  114.3622    0.029589    0.432   99.803   14.559    0.251
  0.7144617  124.8725    0.036490    0.431   96.847   28.026    0.470
  0.7178164  133.0632    0.046933    0.430   93.891   39.172    0.632
  0.7211789  139.3832    0.060967    0.429   90.935   48.448    0.748
  0.7245492  144.2951    0.078628    0.428   87.980   56.315    0.832
  0.7279275  148.1682    0.099951    0.427   85.025   63.143    0.892
  0.7313135  151.2728    0.124980    0.426   82.070   69.203    0.935
  0.7347075  153.8027    0.153733    0.425   79.115   74.687    0.964
  0.7381093  155.8949    0.186314    0.424   76.161   79.734    0.984
  0.7415189  157.6494    0.222701    0.423   73.207   84.443    0.995
  0.7449364  159.1385    0.262982    0.422   70.253   88.886    1.000
  0.7483618  160.4161    0.307238    0.421   67.299   93.117    0.999
  0.7517950  161.5226    0.355553    0.420   64.346   97.177    0.992
  0.7552361  162.4892    0.407927    0.419   61.393  101.097    0.981
  0.7586851  163.3403    0.464373    0.418   58.440  104.901    0.966
  0.7621418  164.0944    0.525261    0.418   55.487  108.608    0.948
  0.7656065  164.7669    0.590371    0.417   52.534  112.233    0.926
  0.7690790  165.3700    0.659826    0.416   49.582  115.788    0.900
  0.7725594  165.9135    0.733808    0.415   46.630  119.284    0.872
  0.7760476  166.4054    0.812520    0.414   43.678  122.727    0.841
  0.7795437  166.8527    0.895823    0.413   40.727  126.126    0.808
  0.7830476  167.2607    0.984130    0.412   37.775  129.486    0.772
  0.7865594  167.6342    1.077214    0.411   34.824  132.810    0.734
  0.7900791  167.9774    1.175222    0.410   31.873  136.104    0.693
  0.7936066  168.2935    1.278928    0.409   28.922  139.371    0.651
  0.7971419  168.5854    1.387592    0.408   25.972  142.614    0.607
  0.8006852  168.8558    1.501810    0.407   23.022  145.834    0.562
  0.8042363  169.1067    1.621669    0.406   20.072  149.035    0.515
  0.8077952  169.3401    1.747537    0.406   17.122  152.218    0.466
  0.8113620  169.5576    1.879451    0.405   14.172  155.385    0.417
  0.8149366  169.7606    2.017163    0.404   11.223  158.538    0.366
  0.8185192  169.9505    2.161870    0.403    8.274  161.677    0.314
  0.8221095  170.1284    2.312549    0.402    5.325  164.804    0.262
  0.8257077  170.2953    2.470693    0.401    2.376  167.919    0.209
  0.8293138  170.4521    2.635498    0.400   -0.572  171.025    0.156
  0.8329278  170.5996    2.807978    0.399   -3.521  174.120    0.102
  0.8365496  170.7385    2.987899    0.399   -6.469  177.207    0.049
  0.8401792  170.8695    3.175750    0.398   -9.417  180.286   -0.005
  0.8438167  170.9931    3.371927    0.397  -12.364  183.357   -0.059
  0.8474621  171.1099    3.576749    0.396  -15.312  186.422   -0.112
  0.8511153  171.2203    3.790329    0.395  -18.259  189.479   -0.165
  0.8547764  171.3249    4.012784    0.394  -21.206  192.531   -0.217
  0.8584453  171.4239    4.245246    0.393  -24.153  195.577   -0.269
  0.8621221  171.5178    4.488675    0.393  -27.099  198.617   -0.319
  0.8658068  171.6068    4.742526    0.392  -30.046  201.653   -0.369
  0.8694993  171.6913    5.007806    0.391  -32.992  204.683   -0.418
  0.8731997  171.7716    5.282316    0.390  -35.938  207.710   -0.465
  0.8769079  171.8479    5.568025    0.389  -38.884  210.732   -0.511
  0.8806240  171.9204    5.869842    0.388  -41.829  213.750   -0.556
  0.8843479  171.9894    6.190222    0.388  -44.775  216.764   -0.599
  0.8880797  172.0550    6.512955    0.387  -47.720  219.775   -0.640
  0.8918194  172.1175    6.858936    0.386  -50.665  222.782   -0.679
  0.8955669  172.1770    7.216996    0.385  -53.610  225.787   -0.717
  0.8993223  172.2337    7.594333    0.384  -56.554  228.788   -0.752
  0.9030855  172.2877    7.977130    0.384  -59.498  231.786   -0.786
  0.9068566  172.3391    8.408134    0.383  -62.443  234.782   -0.817
  0.9106355  172.3882    8.835310    0.382  -65.387  237.775   -0.846
  0.9144223  172.4350    9.271367    0.381  -68.330  240.765   -0.873
  0.9182170  172.4795    9.770852    0.380  -71.274  243.753   -0.897
  0.9220195  172.5220   10.249665    0.380  -74.217  246.739   -0.919
  0.9258298  172.5625   10.771330    0.379  -77.160  249.723   -0.938
  0.9296481  172.6011   11.348458    0.378  -80.103  252.704   -0.955
  0.9334742  172.6376   11.990493    0.377  -83.046  255.684   -0.969
  0.9373081  172.6729   12.468696    0.376  -85.989  258.662   -0.980
  0.9411499  172.7064   13.130180    0.376  -88.931  261.638   -0.989
  0.9449995  172.7381   13.893988    0.375  -91.873  264.612   -0.996
  0.9488571  172.7685   14.544142    0.374  -94.815  267.584   -0.999
  0.9527224  172.7974   15.350636    0.373  -97.757  270.555   -1.000
  0.9565957  172.8250   16.045449    0.373 -100.699  273.524   -0.998
  0.9604767  172.8510   17.114067    0.372 -103.640  276.491   -0.994
  0.9643657  172.8760   17.872923    0.371 -106.582  279.458   -0.986
  0.9682625  172.8997   18.814754    0.370 -109.523  282.422   -0.977
  0.9721671  172.9221   19.946600    0.370 -112.464  285.386   -0.964
  0.9760796  172.9435   20.976597    0.369 -115.404  288.348   -0.949
  0.9800000  172.9638   22.188823    0.368 -118.345  291.309   -0.932
 &
# KN1=   5   1
# KN1=   6   1
# KN1=   7   1
# KN1=   8   1
# KN1=  12   1
# KN1=  13   1
# KN1=  14   1
# KN1=  15   1
# KN1=  16   1
# KN1=  17   1
# KN1=  18   1
# KN1=  19   1
# KN1=  20   1
# KN1=  21   1
# KN1=  22   1
# KN1=  23   1
# KN1=  33   1
# KN1=  39   1
# KN1=  40   1
# KN1=  41   1
# KN1=  42   1
# KN1=  43   1
# KN1=  44   1
# KN1=  45   1
# KN1=  46   1
# KN1=  47   1
# KN1=  48   1
# KN1=  49   1
# KN1=  50   1
# KN1=  77   3
  0.0100000    0.0000    0.000000    3.646   -0.003    0.003    0.000
  0.0104003   -0.0000 ***********    3.575   -0.005    0.005    0.000
  0.0108085   -0.0000 ***********    3.507   -0.008    0.008    0.000
  0.0112246   -0.0000 ***********    3.441   -0.012    0.012    0.000
  0.0116485   -0.0000 ***********    3.378   -0.017    0.017    0.000
  0.0120803   -0.0000 ***********    3.317   -0.024    0.024    0.000
  0.0125199    0.0000 ***********    3.258   -0.034    0.034    0.001
  0.0129674    0.0000 ***********    3.201   -0.047    0.047    0.001
  0.0134227   -0.0000 ***********    3.147   -0.064    0.064    0.001
  0.0138859   -0.0000 ***********    3.094   -0.087    0.087    0.002
  0.0143570    0.0000 ***********    3.043   -0.116    0.116    0.002
  0.0148359    0.0000 ***********    2.993   -0.154    0.154    0.003
  0.0153227    0.0000 ***********    2.945   -0.201    0.201    0.004
  0.0158173   -0.0000 ***********    2.899   -0.260    0.260    0.005
  0.0163198   -0.0000 ***********    2.854   -0.333    0.333    0.006
  0.0168301    0.0000 ***********    2.810   -0.422    0.422    0.007
  0.0173483   -0.0000 ***********    2.768   -0.531    0.531    0.009
  0.0178744    0.0000 ***********    2.727   -0.661    0.661    0.012
  0.0184083    0.0000 ***********    2.687   -0.816    0.816    0.014
  0.0189501   -0.0000 ***********    2.648   -1.000    1.000    0.017
  0.0194997   -0.0000 ***********    2.611   -1.214    1.214    0.021
  0.0200572   -0.0000 ***********    2.574   -1.463    1.463    0.026
  0.0206225   -0.0000 ***********    2.539   -1.750    1.750    0.031
  0.0211957   -0.0000 ***********    2.504   -2.078    2.078    0.036
  0.0217768    0.0000 3209.134465    2.470   -2.450    2.450    0.043
  0.0223657   -0.0000 ***********    2.438   -2.870    2.870    0.050
  0.0229625    0.0000 1980.475074    2.406   -3.339    3.340    0.058
  0.0235671   -0.0000 ***********    2.375   -3.862    3.862    0.067
  0.0241796    0.0000 1427.550760    2.344   -4.441    4.441    0.077
  0.0247999    0.0000 7886.893064    2.315   -5.076    5.076    0.088
  0.0254281    0.0000 ***********    2.286   -5.772    5.772    0.101
  0.0260642    0.0000 ***********    2.258   -6.528    6.528    0.114
  0.0267081   -0.0000 ***********    2.231   -7.346    7.346    0.128
  0.0273599    0.0001  544.798421    2.204   -8.227    8.227    0.143
  0.0280195    0.0000 -652.338999    2.178   -9.172    9.172    0.159
  0.0286870    0.0000 ***********    2.152  -10.181   10.181    0.177
  0.0293624    0.0001 1732.083004    2.128  -11.255   11.255    0.195
  0.0300456   -0.0000 -990.193819    2.103  -12.392   12.392    0.215
  0.0307366    0.0000 1271.922096    2.079  -13.592   13.592    0.235
  0.0314355    0.0001 1560.872009    2.056  -14.855   14.855    0.256
  0.0321423   -0.0002 -319.628046    2.033  -16.180   16.180    0.279
  0.0328569    0.0000  391.213579    2.011  -17.566   17.566    0.302
  0.0335794    0.0002  648.666837    1.989  -19.011   19.011    0.326
  0.0343098    0.0001 -913.443284    1.968  -20.515   20.515    0.350
  0.0350480    0.0001 3172.869651    1.947  -22.076   22.076    0.376
  0.0357940   -0.0003 -207.766248    1.927  -23.692   23.691    0.402
  0.0365480    0.0002  169.591307    1.907  -25.362   25.362    0.428
  0.0373097    0.0001 -566.800902    1.887  -27.084   27.084    0.455
  0.0380794    0.0001 ***********    1.868  -28.857   28.857    0.483
  0.0388568   -0.0000 -871.533094    1.849  -30.680   30.679    0.510
  0.0396422   -0.0001 ***********    1.831  -32.549   32.549    0.538
  0.0404354    0.0000  802.724245    1.813  -34.465   34.465    0.566
  0.0412365    0.0002  583.661520    1.795  -36.425   36.425    0.594
  0.0420454    0.0001 -947.287267    1.778  -38.427   38.427    0.622
  0.0428621   -0.0002 -332.986608    1.761  -40.470   40.470    0.649
  0.0436868    0.0004  149.669080    1.744  -42.553   42.554    0.676
  0.0445193    0.0003 -654.444630    1.728  -44.674   44.675    0.703
  0.0453596    0.0005  418.102031    1.712  -46.832   46.832    0.729
  0.0462078   -0.0006  -83.034800    1.696  -49.024   49.024    0.755
  0.0470639   -0.0007 ***********    1.680  -51.251   51.250    0.780
  0.0479278   -0.0003  215.594971    1.665  -53.509   53.509    0.804
  0.0487996   -0.0002 3348.534216    1.650  -55.799   55.799    0.827
  0.0496792    0.0007  109.641232    1.636  -58.118   58.119    0.849
  0.0505667    0.0006 -918.887530    1.621  -60.466   60.467    0.870
  0.0514620   -0.0002 -132.618965    1.607  -62.842   62.842    0.890
  0.0523652   -0.0004 -708.525392    1.593  -65.244   65.244    0.908
  0.0532763    0.0009   81.723100    1.579  -67.671   67.672    0.925
  0.0541952   -0.0004  -80.703265    1.566  -70.122   70.122    0.940
  0.0551220   -0.0003 1091.335820    1.553  -72.597   72.596    0.954
  0.0560566   -0.0010 -144.367856    1.540  -75.094   75.092    0.966
  0.0569991    0.0003   82.368470    1.527  -77.612   77.612    0.977
  0.0579495    0.0003 2867.905551    1.514  -80.150   80.150    0.985
  0.0589077   -0.0005 -131.618047    1.502  -82.708   82.708    0.992
  0.0598737    0.0004  118.428663    1.490  -85.285   85.286    0.997
  0.0608476   -0.0003 -149.770949    1.478  -87.880   87.880    0.999
  0.0618294   -0.0011 -137.936619    1.466  -90.493   90.491    1.000
  0.0628191   -0.0010  665.310334    1.455  -93.121   93.120    0.999
  0.0638165    0.0007   67.824496    1.443  -95.766   95.767    0.995
  0.0648219    0.0001 -185.602229    1.432  -98.426   98.426    0.989
  0.0658351   -0.0005 -203.920317    1.421 -101.101  101.100    0.981
  0.0668562   -0.0004 2656.204692    1.410 -103.789  103.789    0.971
  0.0678851    0.0004  146.006295    1.399 -106.492  106.492    0.959
  0.0689219    0.0006  608.631789    1.389 -109.207  109.207    0.944
  0.0699665   -0.0002 -148.315336    1.378 -111.934  111.934    0.928
  0.0710190   -0.0004 -599.199172    1.368 -114.673  114.673    0.909
  0.0720793    0.0001  236.356745    1.358 -117.424  117.424    0.888
  0.0731475    0.0002 1389.206690    1.348 -120.186  120.186    0.864
  0.0742236    0.0002 ***********    1.338 -122.958  122.958    0.839
  0.0753075    0.0002 6542.356315    1.328 -125.740  125.740    0.812
  0.0763993    0.0002 2117.587311    1.319 -128.532  128.532    0.782
  0.0774989    0.0002 7663.862850    1.310 -131.333  131.333    0.751
  0.0786064    0.0001 -873.184405    1.300 -134.143  134.143    0.718
  0.0797218    0.0001 ***********    1.291 -136.962  136.962    0.682
  0.0808450    0.0003  565.457516    1.282 -139.789  139.789    0.646
  0.0819760    0.0003 ***********    1.273 -142.623  142.624    0.607
  0.0831149    0.0003 ***********    1.265 -145.466  145.466    0.567
  0.0842617    0.0002 ***********    1.256 -148.315  148.316    0.525
  0.0854164    0.0004  654.849134    1.247 -151.172  151.172    0.482
  0.0865788    0.0004 ***********    1.239 -154.035  154.036    0.438
  0.0877492    0.0005 3236.677139    1.231 -156.905  156.905    0.392
  0.0889274    0.0004 ***********    1.223 -159.781  159.781    0.346
  0.0901135    0.0004 3578.940099    1.214 -162.663  162.663    0.298
  0.0913074    0.0004 2961.038232    1.206 -165.550  165.551    0.250
  0.0925092    0.0005 3091.783860    1.199 -168.443  168.444    0.200
  0.0937188    0.0005 3003.984157    1.191 -171.342  171.342    0.151
  0.0949363    0.0006 3310.298753    1.183 -174.245  174.245    0.100
  0.0961616    0.0006 3628.700048    1.176 -177.153  177.154    0.050
  0.0973948    0.0007 3438.009442    1.168  179.934 -179.933   -0.001
  0.0986359    0.0007 3362.937846    1.161  177.017 -177.016   -0.052
  0.0998848    0.0007 3202.330025    1.154  174.095 -174.094   -0.103
  0.1011416    0.0008 2609.284915    1.146  171.169 -171.168   -0.154
  0.1024062    0.0009 3053.558836    1.139  168.239 -168.238   -0.204
  0.1036787    0.0009 5264.344648    1.132  165.306 -165.305   -0.254
  0.1049591    0.0009 2130.099355    1.125  162.368 -162.368   -0.303
  0.1062473    0.0011 1155.357125    1.118  159.428 -159.427   -0.351
  0.1075434    0.0011 ***********    1.112  156.484 -156.482   -0.399
  0.1088473    0.0012 1147.978762    1.105  153.536 -153.535   -0.446
  0.1101591    0.0011 ***********    1.098  150.586 -150.585   -0.491
  0.1114787    0.0012 5382.915352    1.092  147.632 -147.631   -0.535
  0.1128062    0.0015  455.008772    1.085  144.676 -144.674   -0.578
  0.1141415    0.0013 ***********    1.079  141.717 -141.715   -0.620
  0.1154847    0.0015 1258.645146    1.073  138.755 -138.754   -0.659
  0.1168358    0.0015 4881.263389    1.067  135.791 -135.789   -0.697
  0.1181947    0.0019  364.880303    1.060  132.824 -132.822   -0.733
  0.1195615    0.0020 5226.676514    1.054  129.855 -129.853   -0.768
  0.1209361    0.0017 -533.054899    1.048  126.884 -126.882   -0.800
  0.1223186    0.0018 1106.443433    1.042  123.910 -123.908   -0.830
  0.1237090    0.0021  489.736398    1.037  120.935 -120.933   -0.858
  0.1251072    0.0023  812.639893    1.031  117.957 -117.955   -0.883
  0.1265133    0.0024 1715.098260    1.025  114.978 -114.976   -0.906
  0.1279272    0.0024 6614.369909    1.019  111.997 -111.994   -0.927
  0.1293490    0.0025 ***********    1.014  109.014 -109.012   -0.945
  0.1307786    0.0025 2598.890027    1.008  106.029 -106.027   -0.961
  0.1322161    0.0024 ***********    1.003  103.043 -103.041   -0.974
  0.1336614    0.0030  264.640009    0.997  100.056 -100.053   -0.985
  0.1351146    0.0035  346.888780    0.992   97.067  -97.063   -0.992
  0.1365757    0.0034 ***********    0.986   94.076  -94.073   -0.997
  0.1380446    0.0036  779.231386    0.981   91.084  -91.081   -1.000
  0.1395214    0.0040  469.390205    0.976   88.091  -88.087   -0.999
  0.1410060    0.0041 1453.851406    0.971   85.097  -85.093   -0.996
  0.1424985    0.0041 2562.649743    0.966   82.102  -82.097   -0.991
  0.1439989    0.0042 5809.008327    0.961   79.105  -79.101   -0.982
  0.1455071    0.0040 ***********    0.956   76.107  -76.103   -0.971
  0.1470232    0.0049  192.906644    0.951   73.109  -73.104   -0.957
  0.1485471    0.0051 1451.372751    0.946   70.109  -70.104   -0.940
  0.1500789    0.0051 5328.113475    0.941   67.109  -67.104   -0.921
  0.1516185    0.0053  863.460813    0.936   64.108  -64.102   -0.900
  0.1531660    0.0056  676.189358    0.932   61.106  -61.100   -0.875
  0.1547214    0.0058  781.437169    0.927   58.103  -58.097   -0.849
  0.1562846    0.0059 1230.991246    0.922   55.099  -55.093   -0.820
  0.1578556    0.0063  501.255333    0.918   52.095  -52.088   -0.789
  0.1594346    0.0066  531.017413    0.913   49.090  -49.083   -0.756
  0.1610213    0.0071  386.786368    0.909   46.084  -46.077   -0.720
  0.1626160    0.0074  563.784848    0.904   43.078  -43.071   -0.683
  0.1642185    0.0077  605.076045    0.900   40.071  -40.063   -0.644
  0.1658288    0.0080  664.259490    0.895   37.064  -37.056   -0.603
  0.1674470    0.0084  493.336667    0.891   34.056  -34.048   -0.560
  0.1690731    0.0087  576.783262    0.887   31.048  -31.039   -0.516
  0.1707070    0.0091  509.195201    0.882   28.039  -28.030   -0.470
  0.1723488    0.0095  417.392431    0.878   25.030  -25.021   -0.423
  0.1739984    0.0099  464.378761    0.874   22.021  -22.011   -0.375
  0.1756559    0.0103  477.492561    0.870   19.011  -19.001   -0.326
  0.1773213    0.0108  378.018653    0.866   16.001  -15.990   -0.275
  0.1789945    0.0113  446.166101    0.862   12.991  -12.979   -0.225
  0.1806756    0.0117  403.410249    0.858    9.980   -9.968   -0.173
  0.1823645    0.0122  398.419870    0.854    6.969   -6.957   -0.121
  0.1840613    0.0127  376.753361    0.850    3.958   -3.945   -0.069
  0.1857659    0.0133  370.219434    0.846    0.946   -0.933   -0.016
  0.1874784    0.0138  358.939222    0.842   -2.065    2.079    0.036
  0.1891988    0.0144  348.819129    0.838   -5.077    5.091    0.089
  0.1909270    0.0150  338.663812    0.834   -8.089    8.104    0.141
  0.1926630    0.0156  328.334312    0.831  -11.101   11.116    0.193
  0.1944070    0.0162  316.495083    0.827  -14.113   14.129    0.244
  0.1961587    0.0168  309.691944    0.823  -17.125   17.142    0.295
  0.1979184    0.0175  309.825906    0.819  -20.137   20.155    0.345
  0.1996859    0.0182  287.747165    0.816  -23.150   23.168    0.393
  0.2014612    0.0189  292.980306    0.812  -26.162   26.181    0.441
  0.2032444    0.0197  246.005114    0.809  -29.175   29.194    0.488
  0.2050355    0.0204  311.208606    0.805  -32.187   32.207    0.533
  0.2068344    0.0211  285.261714    0.802  -35.199   35.220    0.577
  0.2086412    0.0221  205.851167    0.798  -38.212   38.234    0.619
  0.2104558    0.0230  244.166009    0.795  -41.224   41.247    0.659
  0.2122783    0.0239  226.609737    0.791  -44.237   44.260    0.698
  0.2141087    0.0246  288.103788    0.788  -47.249   47.273    0.735
  0.2159469    0.0257  196.509214    0.785  -50.261   50.287    0.769
  0.2177930    0.0264  284.784010    0.781  -53.273   53.300    0.802
  0.2196469    0.0275  198.533494    0.778  -56.285   56.313    0.832
  0.2215087    0.0288  164.503067    0.775  -59.297   59.326    0.860
  0.2233783    0.0296  264.222230    0.771  -62.309   62.339    0.886
  0.2252558    0.0307  190.897401    0.768  -65.321   65.352    0.909
  0.2271412    0.0319  183.441108    0.765  -68.333   68.365    0.930
  0.2290344    0.0331  180.318405    0.762  -71.344   71.377    0.948
  0.2309355    0.0343  181.874814    0.759  -74.355   74.390    0.963
  0.2328444    0.0358  149.262741    0.756  -77.367   77.402    0.976
  0.2347612    0.0370  185.376971    0.752  -80.378   80.415    0.986
  0.2366858    0.0382  174.206578    0.749  -83.389   83.427    0.993
  0.2386183    0.0392  238.498407    0.746  -86.399   86.438    0.998
  0.2405587    0.0409  130.138040    0.743  -89.410   89.451    1.000
  0.2425069    0.0426  130.626899    0.740  -92.420   92.463    0.999
  0.2444629    0.0439  163.820285    0.737  -95.430   95.474    0.995
  0.2464269    0.0451  196.555126    0.734  -98.440   98.485    0.989
  0.2483986    0.0466  150.731616    0.731 -101.450  101.496    0.980
  0.2503783    0.0484  126.976943    0.729 -104.459  104.508    0.968
  0.2523658    0.0503  116.026797    0.726 -107.469  107.519    0.954
  0.2543611    0.0521  130.315775    0.723 -110.478  110.530    0.936
  0.2563644    0.0538  134.221900    0.720 -113.486  113.540    0.917
  0.2583754    0.0556  125.379886    0.717 -116.495  116.551    0.895
  0.2603944    0.0576  119.932213    0.714 -119.503  119.561    0.870
  0.2624211    0.0596  113.189789    0.712 -122.511  122.571    0.843
  0.2644558    0.0615  126.739421    0.709 -125.519  125.581    0.813
  0.2664983    0.0635  112.610470    0.706 -128.527  128.590    0.782
  0.2685486    0.0657  106.781836    0.703 -131.534  131.600    0.748
  0.2706068    0.0679  109.583101    0.701 -134.541  134.609    0.712
  0.2726729    0.0702  103.812778    0.698 -137.548  137.618    0.674
  0.2747468    0.0727   94.506032    0.696 -140.554  140.627    0.634
  0.2768286    0.0749  109.682728    0.693 -143.560  143.635    0.593
  0.2789183    0.0776   87.903246    0.690 -146.566  146.644    0.550
  0.2810158    0.0800   98.340873    0.688 -149.572  149.652    0.505
  0.2831211    0.0826   93.659005    0.685 -152.577  152.660    0.459
  0.2852343    0.0853   88.476335    0.683 -155.582  155.667    0.412
  0.2873554    0.0882   85.596942    0.680 -158.587  158.675    0.364
  0.2894843    0.0910   85.614997    0.678 -161.591  161.682    0.314
  0.2916211    0.0940   82.193492    0.675 -164.595  164.689    0.264
  0.2937658    0.0971   80.903394    0.673 -167.599  167.696    0.213
  0.2959183    0.1002   78.673209    0.670 -170.603  170.703    0.162
  0.2980786    0.1034   76.844628    0.668 -173.606  173.709    0.110
  0.3002468    0.1067   74.847520    0.665 -176.609  176.716    0.057
  0.3024229    0.1101   72.944826    0.663 -179.611  179.721    0.005
  0.3046068    0.1137   71.137568    0.661  177.386 -177.273   -0.048
  0.3067986    0.1173   69.391533    0.658  174.384 -174.267   -0.100
  0.3089983    0.1210   67.698693    0.656  171.383 -171.262   -0.152
  0.3112058    0.1248   66.010417    0.654  168.382 -168.257   -0.204
  0.3134211    0.1288   64.463745    0.651  165.381 -165.252   -0.255
  0.3156443    0.1328   62.751852    0.649  162.380 -162.247   -0.305
  0.3178754    0.1370   61.141352    0.647  159.380 -159.243   -0.354
  0.3201143    0.1414   59.049811    0.644  156.380 -156.238   -0.403
  0.3223611    0.1457   59.056614    0.642  153.380 -153.234   -0.450
  0.3246158    0.1503   55.894839    0.640  150.381 -150.230   -0.497
  0.3268783    0.1550   55.737780    0.638  147.382 -147.227   -0.541
  0.3291486    0.1599   53.051786    0.635  144.383 -144.223   -0.585
  0.3314268    0.1648   52.754006    0.633  141.385 -141.220   -0.626
  0.3337129    0.1698   53.104209    0.631  138.387 -138.217   -0.666
  0.3360068    0.1750   50.098450    0.629  135.389 -135.214   -0.704
  0.3383086    0.1805   48.060129    0.627  132.392 -132.211   -0.741
  0.3406183    0.1860   47.932318    0.625  129.395 -129.209   -0.775
  0.3429358    0.1918   45.917734    0.623  126.398 -126.206   -0.807
  0.3452611    0.1976   45.844944    0.620  123.402 -123.204   -0.837
  0.3475943    0.2037   43.837821    0.618  120.406 -120.202   -0.864
  0.3499354    0.2101   42.047469    0.616  117.410 -117.200   -0.889
  0.3522843    0.2163   43.692610    0.614  114.415 -114.199   -0.912
  0.3546411    0.2229   40.600346    0.612  111.420 -111.197   -0.932
  0.3570058    0.2297   40.075362    0.610  108.425 -108.196   -0.950
  0.3593783    0.2368   38.215757    0.608  105.431 -105.194   -0.965
  0.3617586    0.2438   38.751778    0.606  102.437 -102.193   -0.977
  0.3641468    0.2513   36.741247    0.604   99.444  -99.192   -0.987
  0.3665429    0.2588   36.714143    0.602   96.450  -96.192   -0.994
  0.3689468    0.2671   33.116884    0.600   93.458  -93.190   -0.998
  0.3713586    0.2746   36.642124    0.598   90.465  -90.190   -1.000
  0.3737783    0.2833   31.997622    0.596   87.473  -87.190   -0.999
  0.3762058    0.2917   33.124384    0.594   84.481  -84.189   -0.995
  0.3786411    0.3006   31.276657    0.592   81.489  -81.189   -0.988
  0.3810843    0.3094   31.689694    0.591   78.498  -78.189   -0.979
  0.3835354    0.3189   29.785418    0.589   75.507  -75.189   -0.967
  0.3859943    0.3285   29.386076    0.587   72.517  -72.188   -0.952
  0.3884611    0.3384   28.331202    0.585   69.527  -69.188   -0.935
  0.3909358    0.3486   27.795385    0.583   66.537  -66.188   -0.915
  0.3934183    0.3590   27.541883    0.581   63.547  -63.189   -0.892
  0.3959086    0.3698   26.367560    0.579   60.558  -60.189   -0.868
  0.3984069    0.3810   25.623641    0.578   57.570  -57.189   -0.840
  0.4009129    0.3923   25.378651    0.576   54.581  -54.189   -0.811
  0.4034269    0.4042   24.171429    0.574   51.593  -51.189   -0.779
  0.4059486    0.4163   23.978957    0.572   48.605  -48.189   -0.745
  0.4084783    0.4287   23.379171    0.570   45.618  -45.189   -0.709
  0.4110158    0.4417   22.264274    0.569   42.631  -42.189   -0.672
  0.4135612    0.4550   21.926634    0.567   39.644  -39.189   -0.632
  0.4161144    0.4686   21.490233    0.565   36.658  -36.189   -0.590
  0.4186754    0.4828   20.751121    0.563   33.672  -33.189   -0.547
  0.4212444    0.4973   20.255422    0.562   30.686  -30.188   -0.503
  0.4238212    0.5123   19.715309    0.560   27.700  -27.188   -0.457
  0.4264058    0.5277   19.157462    0.558   24.715  -24.188   -0.410
  0.4289983    0.5437   18.640179    0.557   21.731  -21.187   -0.361
  0.4315987    0.5601   18.135526    0.555   18.746  -18.186   -0.312
  0.4342069    0.5771   17.631337    0.553   15.762  -15.185   -0.262
  0.4368230    0.5946   17.144289    0.552   12.778  -12.184   -0.211
  0.4394469    0.6126   16.676354    0.550    9.795   -9.182   -0.160
  0.4420787    0.6312   16.201062    0.548    6.812   -6.181   -0.108
  0.4447183    0.6504   15.746833    0.547    3.829   -3.179   -0.055
  0.4473658    0.6702   15.300528    0.545    0.847   -0.177   -0.003
  0.4500212    0.6907   14.864266    0.543   -2.135    2.826    0.049
  0.4526844    0.7118   14.438246    0.542   -5.117    5.829    0.102
  0.4553555    0.7337   14.023777    0.540   -8.098    8.832    0.154
  0.4580344    0.7562   13.613008    0.539  -11.079   11.836    0.205
  0.4607212    0.7795   13.213410    0.537  -14.060   14.840    0.256
  0.4634159    0.8036   12.839378    0.536  -17.041   17.844    0.306
  0.4661184    0.8285   12.444668    0.534  -20.021   20.849    0.356
  0.4688287    0.8542   12.071390    0.532  -23.001   23.855    0.404
  0.4715469    0.8808   11.698702    0.531  -25.980   26.861    0.452
  0.4742730    0.9083   11.370160    0.529  -28.959   29.867    0.498
  0.4770069    0.9367   11.010637    0.528  -31.938   32.875    0.543
  0.4797487    0.9663   10.635433    0.526  -34.916   35.883    0.586
  0.4824984    0.9968   10.334526    0.525  -37.895   38.891    0.628
  0.4852559    1.0284    9.999480    0.523  -40.872   41.901    0.668
  0.4880212    1.0610    9.713731    0.522  -43.850   44.911    0.706
  0.4907945    1.0948    9.388020    0.520  -46.827   47.922    0.742
  0.4935755    1.1299    9.098314    0.519  -49.804   50.934    0.776
  0.4963645    1.1664    8.755772    0.517  -52.781   53.947    0.808
  0.4991613    1.2041    8.503180    0.516  -55.757   56.961    0.838
  0.5019659    1.2432    8.213247    0.515  -58.733   59.976    0.866
  0.5047784    1.2837    7.945762    0.513  -61.709   62.992    0.891
  0.5075988    1.3260    7.647150    0.512  -64.684   66.010    0.914
  0.5104270    1.3698    7.397411    0.510  -67.659   69.029    0.934
  0.5132631    1.4153    7.141490    0.509  -70.634   72.049    0.951
  0.5161070    1.4626    6.887810    0.507  -73.608   75.071    0.966
  0.5189588    1.5117    6.664714    0.506  -76.582   78.094    0.978
  0.5218184    1.5627    6.421537    0.505  -79.556   81.119    0.988
  0.5246859    1.6159    6.182755    0.503  -82.529   84.145    0.995
  0.5275613    1.6717    5.905137    0.502  -85.503   87.174    0.999
  0.5304445    1.7292    5.742583    0.501  -88.475   90.205    1.000
  0.5333356    1.7893    5.508645    0.499  -91.448   93.237    0.998
  0.5362345    1.8521    5.291691    0.498  -94.420   96.272    0.994
  0.5391413    1.9175    5.094201    0.497  -97.392   99.310    0.987
  0.5420560    1.9862    4.863851    0.495 -100.364  102.350    0.977
  0.5449785    2.0577    4.683245    0.494 -103.335  105.393    0.964
  0.5479088    2.1321    4.508527    0.493 -106.306  108.438    0.949
  0.5508471    2.2105    4.299679    0.491 -109.277  111.487    0.930
  0.5537931    2.2923    4.126141    0.490 -112.248  114.540    0.910
  0.5567471    2.3781    3.945577    0.489 -115.218  117.596    0.886
  0.5597089    2.4679    3.779369    0.487 -118.188  120.655    0.860
  0.5626785    2.5622    3.608048    0.486 -121.157  123.719    0.832
  0.5656560    2.6612    3.446949    0.485 -124.126  126.788    0.801
  0.5686414    2.7654    3.282008    0.483 -127.095  129.861    0.768
  0.5716346    2.8749    3.131467    0.482 -130.064  132.939    0.732
  0.5746357    2.9903    2.981700    0.481 -133.033  136.023    0.694
  0.5776446    3.1120    2.833001    0.480 -136.001  139.113    0.655
  0.5806614    3.2405    2.689495    0.478 -138.969  142.209    0.613
  0.5836861    3.3762    2.555068    0.477 -141.936  145.312    0.569
  0.5867186    3.5197    2.420712    0.476 -144.903  148.423    0.524
  0.5897589    3.6718    2.290909    0.475 -147.870  151.542    0.477
  0.5928071    3.8332    2.163932    0.473 -150.837  154.670    0.428
  0.5958632    4.0047    2.042754    0.472 -153.804  157.808    0.378
  0.5989272    4.1871    1.924511    0.471 -156.770  160.957    0.326
  0.6019990    4.3815    1.810847    0.470 -159.736  164.117    0.274
  0.6050786    4.5890    1.700459    0.469 -162.701  167.290    0.220
  0.6081661    4.8110    1.594039    0.467 -165.666  170.477    0.165
  0.6112615    5.0488    1.491129    0.466 -168.631  173.680    0.110
  0.6143647    5.3043    1.392061    0.465 -171.596  176.901    0.054
  0.6174758    5.5792    1.296622    0.464 -174.561  180.140   -0.002
  0.6205947    5.8759    1.204801    0.463 -177.525  183.401   -0.059
  0.6237215    6.1968    1.116575    0.462  179.511 -173.314   -0.116
  0.6268561    6.5449    1.031916    0.460  176.547 -170.003   -0.174
  0.6299987    6.9236    0.950764    0.459  173.584 -166.660   -0.231
  0.6331490    7.3371    0.873153    0.458  170.621 -163.284   -0.288
  0.6363072    7.7900    0.799031    0.457  167.658 -159.868   -0.344
  0.6394733    8.2881    0.728318    0.456  164.696 -156.407   -0.400
  0.6426473    8.8383    0.661139    0.455  161.733 -152.895   -0.456
  0.6458290    9.4487    0.597311    0.454  158.771 -149.323   -0.510
  0.6490187   10.1294    0.536912    0.453  155.809 -145.680   -0.564
  0.6522162   10.8929    0.479903    0.451  152.848 -141.955   -0.616
  0.6554216   11.7546    0.426302    0.450  149.887 -138.132   -0.667
  0.6586348   12.7337    0.376037    0.449  146.926 -134.192   -0.717
  0.6618559   13.8551    0.329162    0.448  143.965 -130.110   -0.765
  0.6650848   15.1505    0.285622    0.447  141.004 -125.854   -0.811
  0.6683216   16.6614    0.245489    0.446  138.044 -121.383   -0.854
  0.6715663   18.4434    0.208647    0.445  135.084 -116.641   -0.894
  0.6748188   20.5710    0.175182    0.444  132.125 -111.554   -0.930
  0.6780791   23.1465    0.145061    0.443  129.165 -106.019   -0.961
  0.6813473   26.3121    0.118309    0.442  126.206  -99.894   -0.985
  0.6846234   30.2673    0.094916    0.441  123.247  -92.980   -0.999
  0.6879074   35.2915    0.074899    0.440  120.288  -84.997   -0.996
  0.6911992   41.7640    0.058279    0.439  117.330  -75.566   -0.968
  0.6944988   50.1546    0.045064    0.437  114.372  -64.217   -0.900
  0.6978063   60.9004    0.035271    0.436  111.414  -50.513   -0.772
  0.7011217   74.0456    0.028901    0.435  108.456  -34.411   -0.565
  0.7044449   88.7263    0.025940    0.434  105.499  -16.772   -0.289
  0.7077760  103.1995    0.026374    0.433  102.542    0.658    0.011
  0.7111149  115.8552    0.030233    0.432   99.585   16.271    0.280
  0.7144617  126.0598    0.037583    0.431   96.628   29.432    0.491
  0.7178164  133.9880    0.048487    0.430   93.671   40.317    0.647
  0.7211789  140.1052    0.062989    0.429   90.715   49.390    0.759
  0.7245492  144.8661    0.081123    0.428   87.759   57.107    0.840
  0.7279275  148.6270    0.102932    0.427   84.804   63.823    0.897
  0.7313135  151.6479    0.128442    0.426   81.848   69.800    0.938
  0.7347075  154.1139    0.157713    0.425   78.893   75.221    0.967
  0.7381093  156.1570    0.190794    0.424   75.938   80.219    0.985
  0.7415189  157.8731    0.227681    0.423   72.983   84.890    0.996
  0.7449364  159.3315    0.268527    0.422   70.029   89.303    1.000
  0.7483618  160.5841    0.313368    0.421   67.074   93.510    0.998
  0.7517950  161.6704    0.362152    0.420   64.120   97.550    0.991
  0.7552361  162.6204    0.415056    0.420   61.167  101.454    0.980
  0.7586851  163.4572    0.472290    0.419   58.213  105.244    0.965
  0.7621418  164.1996    0.533613    0.418   55.260  108.940    0.946
  0.7656065  164.8621    0.599228    0.417   52.306  112.556    0.924
  0.7690790  165.4564    0.669556    0.416   49.354  116.103    0.898
  0.7725594  165.9924    0.744106    0.415   46.401  119.591    0.870
  0.7760476  166.4779    0.823366    0.414   43.449  123.029    0.838
  0.7795437  166.9193    0.907571    0.413   40.496  126.423    0.805
  0.7830476  167.3223    0.996257    0.412   37.544  129.778    0.769
  0.7865594  167.6914    1.090373    0.411   34.593  133.099    0.730
  0.7900791  168.0306    1.189184    0.410   31.641  136.389    0.690
  0.7936066  168.3431    1.293314    0.409   28.690  139.653    0.647
  0.7971419  168.6319    1.402868    0.408   25.739  142.893    0.603
  0.8006852  168.8994    1.517725    0.407   22.788  146.112    0.558
  0.8042363  169.1477    1.638819    0.407   19.837  149.310    0.510
  0.8077952  169.3787    1.765378    0.406   16.887  152.492    0.462
  0.8113620  169.5940    1.898262    0.405   13.937  155.657    0.412
  0.8149366  169.7951    2.036980    0.404   10.987  158.808    0.361
  0.8185192  169.9833    2.182192    0.403    8.037  161.946    0.310
  0.8221095  170.1595    2.334779    0.402    5.087  165.072    0.258
  0.8257077  170.3249    2.493119    0.401    2.138  168.187    0.205
  0.8293138  170.4802    2.659537    0.400   -0.811  171.291    0.151
  0.8329278  170.6264    2.832863    0.399   -3.760  174.386    0.098
  0.8365496  170.7641    3.014093    0.399   -6.708  177.473    0.044
  0.8401792  170.8940    3.203147    0.398   -9.657  180.551   -0.010
  0.8438167  171.0166    3.400618    0.397  -12.605  183.622   -0.063
  0.8474621  171.1324    3.606786    0.396  -15.553  186.686   -0.116
  0.8511153  171.2419    3.821160    0.395  -18.501  189.743   -0.169
  0.8547764  171.3456    4.046236    0.394  -21.449  192.794   -0.221
  0.8584453  171.4438    4.280406    0.393  -24.396  195.840   -0.273
  0.8621221  171.5370    4.523978    0.393  -27.343  198.880   -0.324
  0.8658068  171.6253    4.781475    0.392  -30.290  201.915   -0.373
  0.8694993  171.7092    5.041684    0.391  -33.237  204.946   -0.422
  0.8731997  171.7888    5.327240    0.390  -36.184  207.972   -0.469
  0.8769079  171.8645    5.614308    0.389  -39.130  210.994   -0.515
  0.8806240  171.9364    5.916691    0.388  -42.076  214.012   -0.559
  0.8843479  172.0048    6.238704    0.388  -45.022  217.027   -0.602
  0.8880797  172.0700    6.559195    0.387  -47.968  220.038   -0.643
  0.8918194  172.1321    6.902838    0.386  -50.913  223.045   -0.683
  0.8955669  172.1910    7.288331    0.385  -53.859  226.050   -0.720
  0.8993223  172.2473    7.645337    0.384  -56.804  229.051   -0.755
  0.9030855  172.3009    8.045520    0.384  -59.749  232.050   -0.789
  0.9068566  172.3520    8.457375    0.383  -62.693  235.045   -0.820
  0.9106355  172.4007    8.899442    0.382  -65.638  238.039   -0.848
  0.9144223  172.4471    9.354726    0.381  -68.582  241.029   -0.875
  0.9182170  172.4913    9.832578    0.380  -71.527  244.018   -0.899
  0.9220195  172.5335   10.320052    0.380  -74.470  247.004   -0.921
  0.9258298  172.5736   10.890036    0.379  -77.414  249.988   -0.940
  0.9296481  172.6120   11.408655    0.378  -80.358  252.970   -0.956
  0.9334742  172.6484   12.033142    0.377  -83.301  255.950   -0.970
  0.9373081  172.6833   12.587133    0.377  -86.244  258.928   -0.981
  0.9411499  172.7164   13.297164    0.376  -89.187  261.904   -0.990
  0.9449995  172.7482   13.878185    0.375  -92.130  264.878   -0.996
  0.9488571  172.7782   14.713229    0.374  -95.073  267.851   -0.999
  0.9527224  172.8068   15.526244    0.374  -98.015  270.822   -1.000
  0.9565957  172.8341   16.225021    0.373 -100.957  273.792   -0.998
  0.9604767  172.8601   17.129138    0.372 -103.899  276.760   -0.993
  0.9643657  172.8847   18.075423    0.371 -106.841  279.726   -0.986
  0.9682625  172.9082   19.043189    0.370 -109.783  282.691   -0.976
  0.9721671  172.9305   20.061478    0.370 -112.724  285.655   -0.963
  0.9760796  172.9516   21.230983    0.369 -115.666  288.617   -0.948
  0.9800000  172.9716   22.445545    0.368 -118.607  291.579   -0.930
 &
