# 181 angles,  3 tensor ranks for 0=projectile
@subtitle   "9Be(6Li,d)13C CDCC+CRC, adapted from 58Ni(6Li,d) 31-channel card"              
@legend ON
@legend x1 0.2
@legend y1 0.8
@g0 type LOGY
@yaxis ticklabel format power
@legend string   0 "Lab energy =   32.0000"
#legend string   0 "Partition=  1 Excit=  4 near/far= 1"
#  Theta       sigma       iT11        T20         T21         T22         Kyy for projectile
   0.000       36.47       0.000     -0.8484E-02   0.000       0.000    
   1.000       34.73     -0.5211E-02 -0.9364E-02  0.5987E-03  0.4335E-05
   2.000       29.88     -0.1009E-01 -0.1224E-01  0.1354E-02 -0.1425E-04
   3.000       23.00     -0.1402E-01 -0.1797E-01  0.2470E-02 -0.1795E-03
   4.000       15.51     -0.1547E-01 -0.2878E-01  0.4254E-02 -0.8415E-03
   5.000       8.783     -0.9778E-02 -0.5093E-01  0.7189E-02 -0.3097E-02
   6.000       3.828      0.2173E-01 -0.1070      0.1150E-01 -0.1140E-01
   7.000       1.067      0.1929     -0.3180      0.6297E-02 -0.5345E-01
   8.000      0.3434      0.6848     -0.7337     -0.1367     -0.1786    
   9.000       1.088      0.1418     -0.1548     -0.1020     -0.4807E-01
   10.00       2.553     -0.8319E-02 -0.4166E-01 -0.6904E-01 -0.1143E-01
   11.00       4.044     -0.6178E-01 -0.1865E-01 -0.5757E-01  0.1190E-02
   12.00       5.076     -0.9412E-01 -0.1486E-01 -0.5355E-01  0.8495E-02
   13.00       5.433     -0.1206     -0.1799E-01 -0.5306E-01  0.1432E-01
   14.00       5.135     -0.1461     -0.2514E-01 -0.5480E-01  0.1983E-01
   15.00       4.357     -0.1726     -0.3581E-01 -0.5849E-01  0.2540E-01
   16.00       3.337     -0.2018     -0.5065E-01 -0.6443E-01  0.3102E-01
   17.00       2.299     -0.2360     -0.7143E-01 -0.7369E-01  0.3610E-01
   18.00       1.406     -0.2792     -0.1019     -0.8878E-01  0.3863E-01
   19.00      0.7465     -0.3402     -0.1502     -0.1153      0.3187E-01
   20.00      0.3392     -0.4353     -0.2302     -0.1638     -0.7737E-02
   21.00      0.1522     -0.5435     -0.3149     -0.2209     -0.1353    
   22.00      0.1258     -0.4564     -0.2097     -0.1512     -0.2229    
   23.00      0.1923     -0.3246     -0.8044E-01 -0.5124E-01 -0.1318    
   24.00      0.2908     -0.2913     -0.5058E-01 -0.1437E-01 -0.5109E-01
   25.00      0.3761     -0.2956     -0.5809E-01 -0.1191E-02 -0.4058E-03
   26.00      0.4219     -0.3108     -0.7983E-01  0.5395E-02  0.3525E-01
   27.00      0.4203     -0.3278     -0.1115      0.1029E-01  0.6391E-01
   28.00      0.3776     -0.3407     -0.1551      0.1467E-01  0.8900E-01
   29.00      0.3089     -0.3409     -0.2165      0.1773E-01  0.1109    
   30.00      0.2324     -0.3106     -0.3054      0.1571E-01  0.1261    
   31.00      0.1642     -0.2155     -0.4337     -0.1489E-02  0.1222    
   32.00      0.1151     -0.8709E-02 -0.5981     -0.5358E-01  0.7253E-01
   33.00      0.8916E-01  0.2953     -0.7354     -0.1534     -0.4576E-01
   34.00      0.8445E-01  0.5245     -0.7468     -0.2604     -0.1873    
   35.00      0.9507E-01  0.5595     -0.6580     -0.3176     -0.2733    
   36.00      0.1136      0.4874     -0.5678     -0.3290     -0.3008    
   37.00      0.1336      0.4070     -0.5138     -0.3213     -0.3025    
   38.00      0.1510      0.3563     -0.4915     -0.3084     -0.2979    
   39.00      0.1642      0.3425     -0.4873     -0.2941     -0.2934    
   40.00      0.1745      0.3627     -0.4883     -0.2780     -0.2891    
   41.00      0.1840      0.4083     -0.4832     -0.2588     -0.2826    
   42.00      0.1956      0.4658     -0.4642     -0.2365     -0.2713    
   43.00      0.2111      0.5209     -0.4291     -0.2124     -0.2542    
   44.00      0.2315      0.5624     -0.3814     -0.1893     -0.2321    
   45.00      0.2563      0.5855     -0.3275     -0.1698     -0.2072    
   46.00      0.2842      0.5914     -0.2739     -0.1554     -0.1817    
   47.00      0.3127      0.5835     -0.2247     -0.1463     -0.1574    
   48.00      0.3393      0.5662     -0.1822     -0.1421     -0.1352    
   49.00      0.3614      0.5430     -0.1472     -0.1420     -0.1155    
   50.00      0.3766      0.5169     -0.1199     -0.1450     -0.9834E-01
   51.00      0.3835      0.4900     -0.9986E-01 -0.1503     -0.8333E-01
   52.00      0.3818      0.4641     -0.8655E-01 -0.1572     -0.7004E-01
   53.00      0.3718      0.4404     -0.7939E-01 -0.1649     -0.5794E-01
   54.00      0.3549      0.4197     -0.7776E-01 -0.1726     -0.4645E-01
   55.00      0.3328      0.4025     -0.8103E-01 -0.1798     -0.3508E-01
   56.00      0.3076      0.3889     -0.8859E-01 -0.1858     -0.2352E-01
   57.00      0.2810      0.3790     -0.9980E-01 -0.1898     -0.1166E-01
   58.00      0.2545      0.3727     -0.1140     -0.1914      0.3600E-03
   59.00      0.2292      0.3698     -0.1305     -0.1900      0.1218E-01
   60.00      0.2061      0.3700     -0.1480     -0.1854      0.2331E-01
   61.00      0.1856      0.3724     -0.1654     -0.1777      0.3323E-01
   62.00      0.1678      0.3757     -0.1810     -0.1673      0.4144E-01
   63.00      0.1528      0.3775     -0.1933     -0.1553      0.4755E-01
   64.00      0.1400      0.3756     -0.2015     -0.1429      0.5132E-01
   65.00      0.1291      0.3681     -0.2055     -0.1318      0.5265E-01
   66.00      0.1193      0.3544     -0.2065     -0.1231      0.5168E-01
   67.00      0.1101      0.3354     -0.2063     -0.1178      0.4874E-01
   68.00      0.1009      0.3128     -0.2070     -0.1161      0.4429E-01
   69.00      0.9149E-01  0.2887     -0.2104     -0.1179      0.3890E-01
   70.00      0.8184E-01  0.2649     -0.2180     -0.1227      0.3316E-01
   71.00      0.7206E-01  0.2426     -0.2307     -0.1301      0.2761E-01
   72.00      0.6241E-01  0.2226     -0.2493     -0.1394      0.2265E-01
   73.00      0.5316E-01  0.2049     -0.2745     -0.1498      0.1851E-01
   74.00      0.4456E-01  0.1886     -0.3066     -0.1603      0.1516E-01
   75.00      0.3682E-01  0.1726     -0.3460     -0.1696      0.1231E-01
   76.00      0.3006E-01  0.1551     -0.3927     -0.1759      0.9405E-02
   77.00      0.2434E-01  0.1338     -0.4460     -0.1764      0.5742E-02
   78.00      0.1965E-01  0.1059     -0.5035     -0.1678      0.5408E-03
   79.00      0.1594E-01  0.6880E-01 -0.5602     -0.1464     -0.6839E-02
   80.00      0.1312E-01  0.2047E-01 -0.6080     -0.1094     -0.1663E-01
   81.00      0.1105E-01 -0.3868E-01 -0.6372     -0.5694E-01 -0.2835E-01
   82.00      0.9597E-02 -0.1049     -0.6395      0.6744E-02 -0.4066E-01
   83.00      0.8601E-02 -0.1717     -0.6127      0.7422E-01 -0.5169E-01
   84.00      0.7929E-02 -0.2322     -0.5614      0.1379     -0.5961E-01
   85.00      0.7468E-02 -0.2818     -0.4945      0.1931     -0.6316E-01
   86.00      0.7135E-02 -0.3187     -0.4207      0.2381     -0.6185E-01
   87.00      0.6877E-02 -0.3433     -0.3463      0.2738     -0.5584E-01
   88.00      0.6666E-02 -0.3576     -0.2751      0.3013     -0.4593E-01
   89.00      0.6480E-02 -0.3643     -0.2089      0.3221     -0.3344E-01
   90.00      0.6302E-02 -0.3667     -0.1479      0.3371     -0.2008E-01
   91.00      0.6110E-02 -0.3678     -0.9141E-01  0.3473     -0.7692E-02
   92.00      0.5888E-02 -0.3699     -0.3804E-01  0.3533      0.2026E-02
   93.00      0.5620E-02 -0.3740      0.1401E-01  0.3558      0.7670E-02
   94.00      0.5304E-02 -0.3797      0.6651E-01  0.3549      0.8166E-02
   95.00      0.4949E-02 -0.3854      0.1208      0.3505      0.2773E-02
   96.00      0.4578E-02 -0.3878      0.1774      0.3416     -0.8860E-02
   97.00      0.4228E-02 -0.3823      0.2347      0.3266     -0.2643E-01
   98.00      0.3941E-02 -0.3635      0.2887      0.3039     -0.4849E-01
   99.00      0.3759E-02 -0.3274      0.3328      0.2726     -0.7204E-01
   100.0      0.3712E-02 -0.2746      0.3599      0.2351     -0.9289E-01
   101.0      0.3814E-02 -0.2117      0.3673      0.1961     -0.1073    
   102.0      0.4057E-02 -0.1483      0.3584      0.1609     -0.1138    
   103.0      0.4417E-02 -0.9196E-01  0.3404      0.1325     -0.1128    
   104.0      0.4854E-02 -0.4625E-01  0.3206      0.1112     -0.1061    
   105.0      0.5318E-02 -0.1128E-01  0.3036      0.9547E-01 -0.9524E-01
   106.0      0.5754E-02  0.1438E-01  0.2916      0.8319E-01 -0.8114E-01
   107.0      0.6107E-02  0.3249E-01  0.2847      0.7260E-01 -0.6444E-01
   108.0      0.6332E-02  0.4461E-01  0.2820      0.6237E-01 -0.4556E-01
   109.0      0.6401E-02  0.5205E-01  0.2819      0.5163E-01 -0.2500E-01
   110.0      0.6305E-02  0.5595E-01  0.2829      0.3990E-01 -0.3267E-02
   111.0      0.6052E-02  0.5744E-01  0.2829      0.2704E-01  0.1912E-01
   112.0      0.5670E-02  0.5765E-01  0.2804      0.1320E-01  0.4183E-01
   113.0      0.5196E-02  0.5774E-01  0.2740     -0.1159E-02  0.6489E-01
   114.0      0.4679E-02  0.5879E-01  0.2626     -0.1517E-01  0.8876E-01
   115.0      0.4166E-02  0.6162E-01  0.2459     -0.2749E-01  0.1142    
   116.0      0.3700E-02  0.6656E-01  0.2245     -0.3634E-01  0.1416    
   117.0      0.3312E-02  0.7325E-01  0.2004     -0.3980E-01  0.1707    
   118.0      0.3018E-02  0.8074E-01  0.1769     -0.3666E-01  0.1997    
   119.0      0.2817E-02  0.8776E-01  0.1578     -0.2722E-01  0.2259    
   120.0      0.2692E-02  0.9315E-01  0.1453     -0.1354E-01  0.2468    
   121.0      0.2624E-02  0.9598E-01  0.1397      0.1390E-02  0.2613    
   122.0      0.2586E-02  0.9534E-01  0.1389      0.1484E-01  0.2703    
   123.0      0.2554E-02  0.9011E-01  0.1401      0.2514E-01  0.2754    
   124.0      0.2506E-02  0.7892E-01  0.1403      0.3172E-01  0.2775    
   125.0      0.2430E-02  0.6033E-01  0.1363      0.3490E-01  0.2768    
   126.0      0.2317E-02  0.3319E-01  0.1256      0.3548E-01  0.2717    
   127.0      0.2167E-02 -0.3066E-02  0.1063      0.3458E-01  0.2600    
   128.0      0.1984E-02 -0.4805E-01  0.7755E-01  0.3350E-01  0.2396    
   129.0      0.1776E-02 -0.1003      0.3968E-01  0.3369E-01  0.2094    
   130.0      0.1555E-02 -0.1572     -0.5116E-02  0.3680E-01  0.1708    
   131.0      0.1338E-02 -0.2141     -0.5244E-01  0.4478E-01  0.1284    
   132.0      0.1146E-02 -0.2622     -0.9454E-01  0.5986E-01  0.9186E-01
   133.0      0.1005E-02 -0.2871     -0.1199      0.8343E-01  0.7548E-01
   134.0      0.9336E-03 -0.2728     -0.1181      0.1133      0.9100E-01
   135.0      0.9467E-03 -0.2166     -0.9139E-01  0.1421      0.1327    
   136.0      0.1046E-02 -0.1374     -0.5761E-01  0.1617      0.1759    
   137.0      0.1220E-02 -0.5893E-01 -0.3380E-01  0.1693      0.1988    
   138.0      0.1451E-02  0.7623E-02 -0.2467E-01  0.1673      0.1972    
   139.0      0.1707E-02  0.6226E-01 -0.2647E-01  0.1587      0.1774    
   140.0      0.1954E-02  0.1088     -0.3393E-01  0.1452      0.1476    
   141.0      0.2154E-02  0.1505     -0.4333E-01  0.1277      0.1141    
   142.0      0.2275E-02  0.1898     -0.5294E-01  0.1060      0.8026E-01
   143.0      0.2291E-02  0.2277     -0.6271E-01  0.7947E-01  0.4768E-01
   144.0      0.2194E-02  0.2642     -0.7407E-01  0.4675E-01  0.1657E-01
   145.0      0.1989E-02  0.2986     -0.9020E-01  0.6010E-02 -0.1374E-01
   146.0      0.1701E-02  0.3286     -0.1169     -0.4548E-01 -0.4461E-01
   147.0      0.1364E-02  0.3494     -0.1650     -0.1113     -0.7781E-01
   148.0      0.1024E-02  0.3495     -0.2538     -0.1943     -0.1148    
   149.0      0.7311E-03  0.3041     -0.4125     -0.2869     -0.1528    
   150.0      0.5296E-03  0.1768     -0.6505     -0.3400     -0.1738    
   151.0      0.4529E-03 -0.6112E-02 -0.8396     -0.2471     -0.1409    
   152.0      0.5159E-03 -0.8700E-01 -0.7762     -0.2656E-01 -0.6494E-01
   153.0      0.7122E-03 -0.2634E-01 -0.5601      0.1416     -0.1151E-01
   154.0      0.1016E-02  0.7668E-01 -0.3684      0.2113      0.5745E-02
   155.0      0.1385E-02  0.1689     -0.2381      0.2238      0.3488E-02
   156.0      0.1769E-02  0.2407     -0.1545      0.2103     -0.6328E-02
   157.0      0.2112E-02  0.2945     -0.1017      0.1851     -0.1805E-01
   158.0      0.2358E-02  0.3339     -0.6939E-01  0.1544     -0.2912E-01
   159.0      0.2467E-02  0.3620     -0.5211E-01  0.1205     -0.3842E-01
   160.0      0.2415E-02  0.3815     -0.4751E-01  0.8423E-01 -0.4559E-01
   161.0      0.2204E-02  0.3937     -0.5611E-01  0.4516E-01 -0.5079E-01
   162.0      0.1863E-02  0.3995     -0.8195E-01  0.2501E-02 -0.5467E-01
   163.0      0.1445E-02  0.3977     -0.1350     -0.4445E-01 -0.5847E-01
   164.0      0.1016E-02  0.3827     -0.2372     -0.9364E-01 -0.6409E-01
   165.0      0.6523E-03  0.3337     -0.4279     -0.1270     -0.7277E-01
   166.0      0.4330E-03  0.2003     -0.6938     -0.6835E-01 -0.7474E-01
   167.0      0.4316E-03  0.2626E-01 -0.6965      0.1301     -0.4111E-01
   168.0      0.7097E-03 -0.6787E-02 -0.3986      0.2277     -0.1819E-03
   169.0      0.1310E-02  0.2350E-01 -0.1974      0.2078      0.1776E-01
   170.0      0.2250E-02  0.4549E-01 -0.1092      0.1662      0.2341E-01
   171.0      0.3521E-02  0.5393E-01 -0.7556E-01  0.1293      0.2415E-01
   172.0      0.5090E-02  0.5376E-01 -0.6671E-01  0.9980E-01  0.2251E-01
   173.0      0.6893E-02  0.4893E-01 -0.6951E-01  0.7666E-01  0.1951E-01
   174.0      0.8840E-02  0.4188E-01 -0.7765E-01  0.5839E-01  0.1578E-01
   175.0      0.1082E-01  0.3407E-01 -0.8774E-01  0.4384E-01  0.1179E-01
   176.0      0.1269E-01  0.2632E-01 -0.9783E-01  0.3209E-01  0.7981E-02
   177.0      0.1433E-01  0.1901E-01 -0.1067      0.2241E-01  0.4675E-02
   178.0      0.1560E-01  0.1227E-01 -0.1135      0.1418E-01  0.2136E-02
   179.0      0.1640E-01  0.6001E-02 -0.1178      0.6866E-02  0.5426E-03
   180.0      0.1668E-01   0.000     -0.1193       0.000       0.000    
 END
