# 181 angles,  3 tensor ranks for 0=projectile
@subtitle   "9Be(6Li,d)13C CDCC+CRC, adapted from 58Ni(6Li,d) 31-channel card"              
@legend ON
@legend x1 0.2
@legend y1 0.8
@g0 type LOGY
@yaxis ticklabel format power
@legend string   0 "Lab energy =   32.0000"
#legend string   0 "Partition=  1 Excit=  1 near/far= 1"
#  Theta       sigma       iT11        T20         T21         T22         Kyy for projectile
  0.1000E-01   1.000      0.2127E-10 -0.8596E-08  0.9150E-12 -0.1762E-14
   1.000       1.013      0.1235E-04 -0.4479E-04  0.4742E-06 -0.9584E-07
   2.000      0.9585     -0.8623E-04  0.1893E-03 -0.4017E-05  0.1511E-05
   3.000      0.8355     -0.5757E-03  0.7661E-03 -0.2413E-04  0.1450E-04
   4.000      0.7089     -0.1538E-02  0.1435E-02 -0.5943E-04  0.5109E-04
   5.000      0.6267     -0.2545E-02  0.1708E-02 -0.8668E-04  0.1047E-03
   6.000      0.6093     -0.2637E-02  0.1137E-02 -0.6683E-04  0.1270E-03
   7.000      0.6521     -0.1234E-02 -0.1334E-03  0.1165E-04  0.5784E-04
   8.000      0.7331      0.1303E-02 -0.1538E-02  0.1191E-03 -0.1216E-03
   9.000      0.8220      0.4352E-02 -0.2697E-02  0.2209E-03 -0.4010E-03
   10.00      0.8880      0.7575E-02 -0.3513E-02  0.2958E-03 -0.7763E-03
   11.00      0.9074      0.1090E-01 -0.4002E-02  0.3294E-03 -0.1263E-02
   12.00      0.8679      0.1436E-01 -0.4167E-02  0.3030E-03 -0.1898E-02
   13.00      0.7713      0.1803E-01 -0.3944E-02  0.1820E-03 -0.2745E-02
   14.00      0.6319      0.2194E-01 -0.3131E-02 -0.1013E-03 -0.3905E-02
   15.00      0.4734      0.2590E-01 -0.1236E-02 -0.6868E-03 -0.5526E-02
   16.00      0.3235      0.2885E-01  0.2854E-02 -0.1857E-02 -0.7744E-02
   17.00      0.2084      0.2702E-01  0.1114E-01 -0.4034E-02 -0.1017E-01
   18.00      0.1472      0.1282E-01  0.2322E-01 -0.6783E-02 -0.1011E-01
   19.00      0.1487     -0.7329E-02  0.2752E-01 -0.7015E-02 -0.4678E-02
   20.00      0.2099     -0.1236E-01  0.2056E-01 -0.4621E-02  0.6511E-03
   21.00      0.3171     -0.6828E-02  0.1311E-01 -0.2536E-02  0.2735E-02
   22.00      0.4484      0.7112E-03  0.8368E-02 -0.1331E-02  0.3030E-02
   23.00      0.5787      0.7936E-02  0.5660E-02 -0.7217E-03  0.2597E-02
   24.00      0.6838      0.1469E-01  0.4242E-02 -0.4927E-03  0.1821E-02
   25.00      0.7448      0.2124E-01  0.3701E-02 -0.5500E-03  0.8028E-03
   26.00      0.7512      0.2791E-01  0.3853E-02 -0.8763E-03 -0.4761E-03
   27.00      0.7021      0.3506E-01  0.4668E-02 -0.1512E-02 -0.2107E-02
   28.00      0.6058      0.4313E-01  0.6243E-02 -0.2561E-02 -0.4266E-02
   29.00      0.4778      0.5279E-01  0.8837E-02 -0.4230E-02 -0.7287E-02
   30.00      0.3377      0.6524E-01  0.1299E-01 -0.6930E-02 -0.1184E-01
   31.00      0.2059      0.8294E-01  0.1984E-01 -0.1156E-01 -0.1953E-01
   32.00      0.1001      0.1119      0.3178E-01 -0.2037E-01 -0.3496E-01
   33.00      0.3271E-01  0.1656      0.4989E-01 -0.3861E-01 -0.7569E-01
   34.00      0.9457E-02  0.7844E-01 -0.5316E-01 -0.7170E-02 -0.1132    
   35.00      0.2895E-01 -0.6785E-01 -0.1058      0.5038E-01  0.1843E-01
   36.00      0.8356E-01 -0.2568E-01 -0.6950E-01  0.3787E-01  0.2534E-01
   37.00      0.1611      0.2251E-02 -0.5249E-01  0.3010E-01  0.2149E-01
   38.00      0.2471      0.2149E-01 -0.4342E-01  0.2549E-01  0.1774E-01
   39.00      0.3273      0.3690E-01 -0.3785E-01  0.2235E-01  0.1455E-01
   40.00      0.3893      0.5075E-01 -0.3409E-01  0.1988E-01  0.1171E-01
   41.00      0.4250      0.6431E-01 -0.3136E-01  0.1766E-01  0.8994E-02
   42.00      0.4303      0.7846E-01 -0.2929E-01  0.1540E-01  0.6227E-02
   43.00      0.4062      0.9407E-01 -0.2770E-01  0.1281E-01  0.3234E-02
   44.00      0.3575      0.1121     -0.2659E-01  0.9577E-02 -0.1852E-03
   45.00      0.2921      0.1342     -0.2617E-01  0.5251E-02 -0.4307E-02
   46.00      0.2191      0.1626     -0.2712E-01 -0.9462E-03 -0.9581E-02
   47.00      0.1478      0.2019     -0.3148E-01 -0.1049E-01 -0.1684E-01
   48.00      0.8640E-01  0.2617     -0.4595E-01 -0.2660E-01 -0.2788E-01
   49.00      0.4061E-01  0.3635     -0.9852E-01 -0.5730E-01 -0.4704E-01
   50.00      0.1357E-01  0.5295     -0.3512     -0.1184     -0.8239E-01
   51.00      0.5568E-02  0.1196      -1.114     -0.3640E-01 -0.3573E-01
   52.00      0.1438E-01 -0.2919     -0.5674      0.1209      0.4611E-01
   53.00      0.3591E-01 -0.1967     -0.2911      0.1116      0.3610E-01
   54.00      0.6495E-01 -0.1210     -0.1980      0.9802E-01  0.2416E-01
   55.00      0.9600E-01 -0.7066E-01 -0.1579      0.8923E-01  0.1466E-01
   56.00      0.1241     -0.3411E-01 -0.1382      0.8380E-01  0.6510E-02
   57.00      0.1452     -0.5160E-02 -0.1284      0.8054E-01 -0.1130E-02
   58.00      0.1569      0.1953E-01 -0.1247      0.7882E-01 -0.8825E-02
   59.00      0.1583      0.4192E-01 -0.1253      0.7833E-01 -0.1701E-01
   60.00      0.1499      0.6329E-01 -0.1297      0.7896E-01 -0.2610E-01
   61.00      0.1336      0.8449E-01 -0.1382      0.8079E-01 -0.3654E-01
   62.00      0.1118      0.1061     -0.1516      0.8404E-01 -0.4890E-01
   63.00      0.8755E-01  0.1280     -0.1716      0.8911E-01 -0.6382E-01
   64.00      0.6384E-01  0.1484     -0.2009      0.9650E-01 -0.8191E-01
   65.00      0.4319E-01  0.1606     -0.2426      0.1063     -0.1026    
   66.00      0.2747E-01  0.1420     -0.2946      0.1154     -0.1198    
   67.00      0.1777E-01  0.3998E-01 -0.3248      0.1089     -0.1089    
   68.00      0.1438E-01 -0.1615     -0.2501      0.6152E-01 -0.3597E-01
   69.00      0.1684E-01 -0.2938     -0.9644E-01 -0.1185E-02  0.4845E-01
   70.00      0.2411E-01 -0.2899      0.4807E-02 -0.3469E-01  0.8030E-01
   71.00      0.3478E-01 -0.2403      0.4629E-01 -0.4683E-01  0.7910E-01
   72.00      0.4726E-01 -0.1912      0.6054E-01 -0.5191E-01  0.6799E-01
   73.00      0.6000E-01 -0.1513      0.6471E-01 -0.5577E-01  0.5535E-01
   74.00      0.7164E-01 -0.1194      0.6551E-01 -0.6026E-01  0.4353E-01
   75.00      0.8114E-01 -0.9353E-01  0.6549E-01 -0.6590E-01  0.3305E-01
   76.00      0.8783E-01 -0.7154E-01  0.6560E-01 -0.7276E-01  0.2401E-01
   77.00      0.9143E-01 -0.5187E-01  0.6619E-01 -0.8075E-01  0.1645E-01
   78.00      0.9197E-01 -0.3321E-01  0.6732E-01 -0.8966E-01  0.1047E-01
   79.00      0.8981E-01 -0.1445E-01  0.6892E-01 -0.9919E-01  0.6223E-02
   80.00      0.8548E-01  0.5341E-02  0.7079E-01 -0.1089      0.3966E-02
   81.00      0.7962E-01  0.2686E-01  0.7264E-01 -0.1181      0.3984E-02
   82.00      0.7290E-01  0.5042E-01  0.7410E-01 -0.1260      0.6559E-02
   83.00      0.6594E-01  0.7564E-01  0.7473E-01 -0.1314      0.1186E-01
   84.00      0.5930E-01  0.1011      0.7406E-01 -0.1330      0.1983E-01
   85.00      0.5340E-01  0.1239      0.7178E-01 -0.1293      0.2997E-01
   86.00      0.4857E-01  0.1399      0.6789E-01 -0.1195      0.4123E-01
   87.00      0.4501E-01  0.1443      0.6287E-01 -0.1034      0.5209E-01
   88.00      0.4285E-01  0.1339      0.5771E-01 -0.8223E-01  0.6083E-01
   89.00      0.4213E-01  0.1089      0.5358E-01 -0.5866E-01  0.6624E-01
   90.00      0.4282E-01  0.7370E-01  0.5128E-01 -0.3576E-01  0.6811E-01
   91.00      0.4486E-01  0.3612E-01  0.5088E-01 -0.1602E-01  0.6731E-01
   92.00      0.4814E-01  0.3852E-02  0.5168E-01 -0.6033E-03  0.6524E-01
   93.00      0.5250E-01 -0.1766E-01  0.5259E-01  0.1062E-01  0.6323E-01
   94.00      0.5773E-01 -0.2612E-01  0.5254E-01  0.1852E-01  0.6212E-01
   95.00      0.6356E-01 -0.2186E-01  0.5076E-01  0.2415E-01  0.6220E-01
   96.00      0.6969E-01 -0.6762E-02  0.4681E-01  0.2839E-01  0.6340E-01
   97.00      0.7573E-01  0.1660E-01  0.4058E-01  0.3183E-01  0.6539E-01
   98.00      0.8127E-01  0.4561E-01  0.3211E-01  0.3480E-01  0.6780E-01
   99.00      0.8590E-01  0.7792E-01  0.2160E-01  0.3742E-01  0.7026E-01
   100.0      0.8922E-01  0.1115      0.9270E-02  0.3971E-01  0.7245E-01
   101.0      0.9089E-01  0.1447     -0.4649E-02  0.4158E-01  0.7410E-01
   102.0      0.9065E-01  0.1762     -0.1992E-01  0.4295E-01  0.7498E-01
   103.0      0.8842E-01  0.2046     -0.3627E-01  0.4374E-01  0.7490E-01
   104.0      0.8425E-01  0.2285     -0.5339E-01  0.4392E-01  0.7364E-01
   105.0      0.7838E-01  0.2464     -0.7078E-01  0.4358E-01  0.7096E-01
   106.0      0.7121E-01  0.2561     -0.8756E-01  0.4299E-01  0.6657E-01
   107.0      0.6330E-01  0.2549     -0.1023      0.4279E-01  0.6017E-01
   108.0      0.5530E-01  0.2390     -0.1123      0.4424E-01  0.5151E-01
   109.0      0.4790E-01  0.2049     -0.1137      0.4945E-01  0.4071E-01
   110.0      0.4178E-01  0.1510     -0.1013      0.6142E-01  0.2873E-01
   111.0      0.3747E-01  0.8295E-01 -0.7128E-01  0.8291E-01  0.1798E-01
   112.0      0.3539E-01  0.1663E-01 -0.2543E-01  0.1139      0.1208E-01
   113.0      0.3571E-01 -0.2671E-01  0.2556E-01  0.1494      0.1375E-01
   114.0      0.3835E-01 -0.3483E-01  0.6753E-01  0.1818      0.2253E-01
   115.0      0.4299E-01 -0.1200E-01  0.9221E-01  0.2058      0.3522E-01
   116.0      0.4909E-01  0.2847E-01  0.9978E-01  0.2206      0.4849E-01
   117.0      0.5594E-01  0.7436E-01  0.9478E-01  0.2279      0.6032E-01
   118.0      0.6271E-01  0.1182      0.8192E-01  0.2302      0.6998E-01
   119.0      0.6858E-01  0.1565      0.6466E-01  0.2292      0.7739E-01
   120.0      0.7282E-01  0.1878      0.4509E-01  0.2260      0.8262E-01
   121.0      0.7488E-01  0.2117      0.2445E-01  0.2211      0.8568E-01
   122.0      0.7443E-01  0.2274      0.3544E-02  0.2146      0.8634E-01
   123.0      0.7145E-01  0.2340     -0.1689E-01  0.2061      0.8407E-01
   124.0      0.6624E-01  0.2293     -0.3575E-01  0.1953      0.7785E-01
   125.0      0.5936E-01  0.2099     -0.5100E-01  0.1810      0.6600E-01
   126.0      0.5160E-01  0.1704     -0.5881E-01  0.1620      0.4607E-01
   127.0      0.4388E-01  0.1040     -0.5240E-01  0.1370      0.1504E-01
   128.0      0.3715E-01  0.5722E-02 -0.2159E-01  0.1060     -0.2905E-01
   129.0      0.3228E-01 -0.1174      0.4324E-01  0.7277E-01 -0.8271E-01
   130.0      0.2995E-01 -0.2344      0.1388      0.4697E-01 -0.1317    
   131.0      0.3053E-01 -0.2994      0.2385      0.3957E-01 -0.1557    
   132.0      0.3406E-01 -0.2918      0.3086      0.5201E-01 -0.1464    
   133.0      0.4023E-01 -0.2327      0.3373      0.7537E-01 -0.1140    
   134.0      0.4836E-01 -0.1554      0.3344      0.1002     -0.7378E-01
   135.0      0.5753E-01 -0.8082E-01  0.3141      0.1217     -0.3504E-01
   136.0      0.6663E-01 -0.1709E-01  0.2862      0.1388     -0.1311E-02
   137.0      0.7454E-01  0.3449E-01  0.2556      0.1518      0.2682E-01
   138.0      0.8023E-01  0.7494E-01  0.2243      0.1612      0.4966E-01
   139.0      0.8289E-01  0.1055      0.1926      0.1674      0.6746E-01
   140.0      0.8209E-01  0.1269      0.1604      0.1704      0.7999E-01
   141.0      0.7782E-01  0.1387      0.1268      0.1693      0.8608E-01
   142.0      0.7050E-01  0.1387      0.9112E-01  0.1626      0.8313E-01
   143.0      0.6099E-01  0.1218      0.5318E-01  0.1467      0.6604E-01
   144.0      0.5050E-01  0.7839E-01  0.1461E-01  0.1151      0.2562E-01
   145.0      0.4046E-01 -0.7622E-02 -0.1753E-01  0.5750E-01 -0.5268E-01
   146.0      0.3236E-01 -0.1531     -0.2429E-01 -0.3743E-01 -0.1834    
   147.0      0.2758E-01 -0.3452      0.2580E-01 -0.1623     -0.3527    
   148.0      0.2722E-01 -0.4974      0.1413     -0.2630     -0.4807    
   149.0      0.3195E-01 -0.5193      0.2667     -0.2813     -0.4882    
   150.0      0.4190E-01 -0.4377      0.3455     -0.2329     -0.4038    
   151.0      0.5662E-01 -0.3281      0.3760     -0.1653     -0.2971    
   152.0      0.7509E-01 -0.2293      0.3786     -0.1036     -0.2028    
   153.0      0.9576E-01 -0.1499      0.3682     -0.5339E-01 -0.1277    
   154.0      0.1168     -0.8741E-01  0.3520     -0.1342E-01 -0.6957E-01
   155.0      0.1361     -0.3788E-01  0.3333      0.1884E-01 -0.2463E-01
   156.0      0.1517      0.2077E-02  0.3129      0.4556E-01  0.9930E-02
   157.0      0.1619      0.3473E-01  0.2905      0.6830E-01  0.3581E-01
   158.0      0.1657      0.6128E-01  0.2653      0.8801E-01  0.5358E-01
   159.0      0.1624      0.8173E-01  0.2354      0.1050      0.6252E-01
   160.0      0.1527      0.9448E-01  0.1984      0.1188      0.6032E-01
   161.0      0.1377      0.9532E-01  0.1507      0.1275      0.4220E-01
   162.0      0.1196      0.7559E-01  0.8757E-01  0.1265     -0.1514E-03
   163.0      0.1014      0.2000E-01  0.5167E-02  0.1070     -0.7884E-01
   164.0      0.8646E-01 -0.9082E-01 -0.9181E-01  0.5562E-01 -0.2034    
   165.0      0.7847E-01 -0.2587     -0.1750     -0.3501E-01 -0.3578    
   166.0      0.8102E-01 -0.4294     -0.1945     -0.1412     -0.4761    
   167.0      0.9726E-01 -0.5199     -0.1349     -0.2138     -0.4954    
   168.0      0.1295     -0.5148     -0.4009E-01 -0.2334     -0.4324    
   169.0      0.1791     -0.4584      0.4633E-01 -0.2186     -0.3425    
   170.0      0.2460     -0.3891      0.1107     -0.1910     -0.2589    
   171.0      0.3287     -0.3238      0.1553     -0.1616     -0.1910    
   172.0      0.4243     -0.2670      0.1856     -0.1345     -0.1385    
   173.0      0.5287     -0.2184      0.2064     -0.1106     -0.9832E-01
   174.0      0.6366     -0.1768      0.2208     -0.8978E-01 -0.6777E-01
   175.0      0.7421     -0.1405      0.2307     -0.7143E-01 -0.4467E-01
   176.0      0.8392     -0.1082      0.2377     -0.5503E-01 -0.2742E-01
   177.0      0.9219     -0.7881E-01  0.2424     -0.4009E-01 -0.1494E-01
   178.0      0.9851     -0.5148E-01  0.2454     -0.2618E-01 -0.6497E-02
   179.0       1.025     -0.2543E-01  0.2471     -0.1293E-01 -0.1603E-02
   180.0       1.038     -0.2532E-03  0.2477     -0.1287E-03 -0.1594E-06
 END
