# 181 angles,  3 tensor ranks for 0=projectile
@subtitle   "9Be(6Li,d)13C CDCC+CRC, adapted from 58Ni(6Li,d) 31-channel card"              
@legend ON
@legend x1 0.2
@legend y1 0.8
@g0 type LOGY
@yaxis ticklabel format power
@legend string   0 "Lab energy =   32.0000"
#legend string   0 "Partition=  1 Excit=  2 near/far= 1"
#  Theta       sigma       iT11        T20         T21         T22         Kyy for projectile
   0.000       16.06       0.000     -0.2792       0.000       0.000    
   1.000       16.05     -0.1036     -0.2756     -0.1561E-01  0.3005E-02
   2.000       16.02     -0.1891     -0.2648     -0.3172E-01  0.1200E-01
   3.000       15.92     -0.2422     -0.2459     -0.4888E-01  0.2675E-01
   4.000       15.81     -0.2534     -0.2166     -0.6754E-01  0.4622E-01
   5.000       15.85     -0.2183     -0.1731     -0.8723E-01  0.6725E-01
   6.000       16.34     -0.1413     -0.1140     -0.1056      0.8353E-01
   7.000       17.68     -0.4158E-01 -0.4457E-01 -0.1183      0.8725E-01
   8.000       20.22      0.5099E-01  0.2197E-01 -0.1219      0.7476E-01
   9.000       24.12      0.1142      0.7310E-01 -0.1167      0.5009E-01
   10.00       29.17      0.1450      0.1050     -0.1060      0.2094E-01
   11.00       34.80      0.1522      0.1209     -0.9342E-01 -0.6896E-02
   12.00       40.17      0.1460      0.1260     -0.8091E-01 -0.3106E-01
   13.00       44.33      0.1333      0.1244     -0.6938E-01 -0.5135E-01
   14.00       46.46      0.1177      0.1187     -0.5899E-01 -0.6844E-01
   15.00       46.10      0.1004      0.1101     -0.4965E-01 -0.8321E-01
   16.00       43.24      0.8160E-01  0.9935E-01 -0.4111E-01 -0.9646E-01
   17.00       38.27      0.6054E-01  0.8645E-01 -0.3312E-01 -0.1089    
   18.00       31.92      0.3583E-01  0.7107E-01 -0.2530E-01 -0.1212    
   19.00       25.01      0.5206E-02  0.5246E-01 -0.1719E-01 -0.1341    
   20.00       18.33     -0.3516E-01  0.2916E-01 -0.8141E-02 -0.1481    
   21.00       12.51     -0.9201E-01 -0.1267E-02  0.2653E-02 -0.1636    
   22.00       7.933     -0.1771     -0.4225E-01  0.1579E-01 -0.1798    
   23.00       4.734     -0.3065     -0.9497E-01  0.2936E-01 -0.1898    
   24.00       2.870     -0.4702     -0.1399      0.3095E-01 -0.1690    
   25.00       2.153     -0.5387     -0.1104     -0.4292E-02 -0.8664E-01
   26.00       2.319     -0.4021     -0.1688E-02 -0.5915E-01  0.4483E-02
   27.00       3.070     -0.2290      0.8422E-01 -0.8968E-01  0.4102E-01
   28.00       4.106     -0.1201      0.1250     -0.9818E-01  0.4423E-01
   29.00       5.159     -0.6119E-01  0.1414     -0.9731E-01  0.3826E-01
   30.00       6.007     -0.2917E-01  0.1471     -0.9284E-01  0.3167E-01
   31.00       6.493     -0.1116E-01  0.1480     -0.8668E-01  0.2674E-01
   32.00       6.540     -0.7867E-03  0.1468     -0.7930E-01  0.2402E-01
   33.00       6.152      0.5028E-02  0.1444     -0.7054E-01  0.2376E-01
   34.00       5.408      0.7684E-02  0.1415     -0.5984E-01  0.2632E-01
   35.00       4.435      0.7485E-02  0.1384     -0.4605E-01  0.3228E-01
   36.00       3.384      0.3633E-02  0.1349     -0.2708E-01  0.4252E-01
   37.00       2.396     -0.6440E-02  0.1302      0.8554E-03  0.5790E-01
   38.00       1.581     -0.2866E-01  0.1214      0.4401E-01  0.7784E-01
   39.00       1.002     -0.7357E-01  0.1007      0.1082      0.9427E-01
   40.00      0.6787     -0.1443      0.5739E-01  0.1775      0.7930E-01
   41.00      0.5888     -0.1968      0.3983E-02  0.1867      0.7686E-02
   42.00      0.6855     -0.1838     -0.1950E-01  0.1208     -0.7022E-01
   43.00      0.9086     -0.1404     -0.1408E-01  0.5028E-01 -0.1085    
   44.00       1.196     -0.1009     -0.2745E-03  0.4084E-02 -0.1187    
   45.00       1.491     -0.7137E-01  0.1321E-01 -0.2271E-01 -0.1177    
   46.00       1.748     -0.4944E-01  0.2453E-01 -0.3770E-01 -0.1132    
   47.00       1.931     -0.3252E-01  0.3357E-01 -0.4552E-01 -0.1086    
   48.00       2.019     -0.1872E-01  0.4046E-01 -0.4865E-01 -0.1050    
   49.00       2.004     -0.6700E-02  0.4532E-01 -0.4843E-01 -0.1029    
   50.00       1.892      0.4575E-02  0.4823E-01 -0.4556E-01 -0.1026    
   51.00       1.698      0.1602E-01  0.4930E-01 -0.4039E-01 -0.1040    
   52.00       1.450      0.2859E-01  0.4866E-01 -0.3292E-01 -0.1066    
   53.00       1.177      0.4339E-01  0.4641E-01 -0.2286E-01 -0.1102    
   54.00      0.9081      0.6186E-01  0.4248E-01 -0.9613E-02 -0.1136    
   55.00      0.6691      0.8585E-01  0.3644E-01  0.7633E-02 -0.1147    
   56.00      0.4777      0.1171      0.2713E-01  0.2895E-01 -0.1093    
   57.00      0.3429      0.1546      0.1294E-01  0.5076E-01 -0.9032E-01
   58.00      0.2661      0.1882     -0.5696E-02  0.6155E-01 -0.5231E-01
   59.00      0.2416      0.1995     -0.2210E-01  0.4805E-01 -0.5755E-02
   60.00      0.2597      0.1852     -0.2847E-01  0.1621E-01  0.2634E-01
   61.00      0.3080      0.1617     -0.2574E-01 -0.1503E-01  0.3693E-01
   62.00      0.3739      0.1412     -0.1924E-01 -0.3660E-01  0.3462E-01
   63.00      0.4458      0.1258     -0.1248E-01 -0.4891E-01  0.2743E-01
   64.00      0.5140      0.1138     -0.7022E-02 -0.5450E-01  0.1899E-01
   65.00      0.5714      0.1032     -0.3615E-02 -0.5541E-01  0.1041E-01
   66.00      0.6131      0.9263E-01 -0.2696E-02 -0.5293E-01  0.1839E-02
   67.00      0.6367      0.8092E-01 -0.4518E-02 -0.4792E-01 -0.6806E-02
   68.00      0.6422      0.6743E-01 -0.9116E-02 -0.4097E-01 -0.1556E-01
   69.00      0.6311      0.5170E-01 -0.1627E-01 -0.3255E-01 -0.2432E-01
   70.00      0.6063      0.3346E-01 -0.2554E-01 -0.2297E-01 -0.3279E-01
   71.00      0.5714      0.1261E-01 -0.3630E-01 -0.1251E-01 -0.4048E-01
   72.00      0.5303     -0.1071E-01 -0.4788E-01 -0.1421E-02 -0.4678E-01
   73.00      0.4867     -0.3606E-01 -0.5958E-01  0.9955E-02 -0.5092E-01
   74.00      0.4438     -0.6259E-01 -0.7072E-01  0.2111E-01 -0.5213E-01
   75.00      0.4043     -0.8891E-01 -0.8065E-01  0.3129E-01 -0.4970E-01
   76.00      0.3700     -0.1132     -0.8869E-01  0.3954E-01 -0.4321E-01
   77.00      0.3420     -0.1333     -0.9419E-01  0.4486E-01 -0.3273E-01
   78.00      0.3203     -0.1473     -0.9670E-01  0.4653E-01 -0.1893E-01
   79.00      0.3045     -0.1544     -0.9610E-01  0.4441E-01 -0.3009E-02
   80.00      0.2935     -0.1547     -0.9266E-01  0.3908E-01  0.1350E-01
   81.00      0.2861     -0.1490     -0.8701E-01  0.3168E-01  0.2910E-01
   82.00      0.2812     -0.1392     -0.8003E-01  0.2363E-01  0.4260E-01
   83.00      0.2776     -0.1270     -0.7270E-01  0.1624E-01  0.5315E-01
   84.00      0.2747     -0.1141     -0.6588E-01  0.1053E-01  0.6029E-01
   85.00      0.2718     -0.1018     -0.6021E-01  0.7095E-02  0.6379E-01
   86.00      0.2689     -0.9114E-01 -0.5594E-01  0.6230E-02  0.6360E-01
   87.00      0.2659     -0.8289E-01 -0.5301E-01  0.7957E-02  0.5984E-01
   88.00      0.2630     -0.7741E-01 -0.5117E-01  0.1213E-01  0.5284E-01
   89.00      0.2604     -0.7477E-01 -0.5005E-01  0.1846E-01  0.4311E-01
   90.00      0.2583     -0.7478E-01 -0.4933E-01  0.2651E-01  0.3138E-01
   91.00      0.2567     -0.7702E-01 -0.4872E-01  0.3573E-01  0.1846E-01
   92.00      0.2556     -0.8100E-01 -0.4798E-01  0.4552E-01  0.5193E-02
   93.00      0.2551     -0.8620E-01 -0.4697E-01  0.5526E-01 -0.7643E-02
   94.00      0.2549     -0.9211E-01 -0.4569E-01  0.6441E-01 -0.1939E-01
   95.00      0.2547     -0.9831E-01 -0.4426E-01  0.7254E-01 -0.2959E-01
   96.00      0.2542     -0.1044     -0.4293E-01  0.7938E-01 -0.3793E-01
   97.00      0.2529     -0.1102     -0.4198E-01  0.8477E-01 -0.4432E-01
   98.00      0.2505     -0.1152     -0.4171E-01  0.8869E-01 -0.4877E-01
   99.00      0.2468     -0.1195     -0.4233E-01  0.9116E-01 -0.5141E-01
   100.0      0.2416     -0.1227     -0.4407E-01  0.9228E-01 -0.5242E-01
   101.0      0.2348     -0.1251     -0.4709E-01  0.9214E-01 -0.5206E-01
   102.0      0.2267     -0.1268     -0.5146E-01  0.9086E-01 -0.5064E-01
   103.0      0.2174     -0.1277     -0.5707E-01  0.8859E-01 -0.4852E-01
   104.0      0.2073     -0.1279     -0.6358E-01  0.8559E-01 -0.4607E-01
   105.0      0.1966     -0.1270     -0.7037E-01  0.8227E-01 -0.4360E-01
   106.0      0.1861     -0.1243     -0.7654E-01  0.7917E-01 -0.4130E-01
   107.0      0.1760     -0.1192     -0.8096E-01  0.7689E-01 -0.3922E-01
   108.0      0.1670     -0.1110     -0.8231E-01  0.7594E-01 -0.3733E-01
   109.0      0.1598     -0.9972E-01 -0.7931E-01  0.7662E-01 -0.3556E-01
   110.0      0.1548     -0.8637E-01 -0.7112E-01  0.7891E-01 -0.3398E-01
   111.0      0.1525     -0.7277E-01 -0.5780E-01  0.8246E-01 -0.3281E-01
   112.0      0.1529     -0.6117E-01 -0.4063E-01  0.8670E-01 -0.3238E-01
   113.0      0.1557     -0.5325E-01 -0.2171E-01  0.9106E-01 -0.3297E-01
   114.0      0.1603     -0.4952E-01 -0.3339E-02  0.9514E-01 -0.3465E-01
   115.0      0.1660     -0.4930E-01  0.1268E-01  0.9882E-01 -0.3721E-01
   116.0      0.1717     -0.5124E-01  0.2524E-01  0.1022     -0.4022E-01
   117.0      0.1765     -0.5397E-01  0.3379E-01  0.1053     -0.4320E-01
   118.0      0.1797     -0.5652E-01  0.3806E-01  0.1085     -0.4577E-01
   119.0      0.1807     -0.5847E-01  0.3789E-01  0.1116     -0.4773E-01
   120.0      0.1793     -0.5991E-01  0.3311E-01  0.1146     -0.4914E-01
   121.0      0.1753     -0.6113E-01  0.2362E-01  0.1175     -0.5029E-01
   122.0      0.1688     -0.6243E-01  0.9410E-02  0.1204     -0.5164E-01
   123.0      0.1603     -0.6376E-01 -0.9353E-02  0.1232     -0.5365E-01
   124.0      0.1502     -0.6464E-01 -0.3216E-01  0.1262     -0.5669E-01
   125.0      0.1392     -0.6413E-01 -0.5793E-01  0.1298     -0.6084E-01
   126.0      0.1282     -0.6108E-01 -0.8466E-01  0.1339     -0.6581E-01
   127.0      0.1182     -0.5468E-01 -0.1090      0.1382     -0.7093E-01
   128.0      0.1100     -0.4535E-01 -0.1260      0.1418     -0.7521E-01
   129.0      0.1048     -0.3535E-01 -0.1308      0.1431     -0.7776E-01
   130.0      0.1031     -0.2850E-01 -0.1202      0.1408     -0.7829E-01
   131.0      0.1050     -0.2832E-01 -0.9540E-01  0.1344     -0.7736E-01
   132.0      0.1105     -0.3587E-01 -0.6162E-01  0.1248     -0.7606E-01
   133.0      0.1187     -0.4930E-01 -0.2558E-01  0.1140     -0.7523E-01
   134.0      0.1288     -0.6529E-01  0.7525E-02  0.1037     -0.7509E-01
   135.0      0.1394     -0.8080E-01  0.3496E-01  0.9536E-01 -0.7533E-01
   136.0      0.1493     -0.9396E-01  0.5594E-01  0.8956E-01 -0.7541E-01
   137.0      0.1571     -0.1041      0.7063E-01  0.8637E-01 -0.7488E-01
   138.0      0.1620     -0.1113      0.7953E-01  0.8564E-01 -0.7353E-01
   139.0      0.1632     -0.1161      0.8299E-01  0.8721E-01 -0.7136E-01
   140.0      0.1604     -0.1192      0.8113E-01  0.9104E-01 -0.6857E-01
   141.0      0.1538     -0.1209      0.7375E-01  0.9732E-01 -0.6552E-01
   142.0      0.1436     -0.1210      0.6024E-01  0.1065     -0.6258E-01
   143.0      0.1307     -0.1185      0.3963E-01  0.1194     -0.6015E-01
   144.0      0.1160     -0.1119      0.1060E-01  0.1370     -0.5858E-01
   145.0      0.1010     -0.9839E-01 -0.2810E-01  0.1601     -0.5829E-01
   146.0      0.8703E-01 -0.7562E-01 -0.7648E-01  0.1887     -0.5985E-01
   147.0      0.7579E-01 -0.4347E-01 -0.1305      0.2192     -0.6414E-01
   148.0      0.6870E-01 -0.8312E-02 -0.1786      0.2428     -0.7215E-01
   149.0      0.6696E-01  0.1552E-01 -0.2033      0.2469     -0.8401E-01
   150.0      0.7136E-01  0.1455E-01 -0.1936      0.2258     -0.9783E-01
   151.0      0.8214E-01 -0.1115E-01 -0.1566      0.1872     -0.1106    
   152.0      0.9894E-01 -0.4991E-01 -0.1094      0.1449     -0.1205    
   153.0      0.1208     -0.9023E-01 -0.6480E-01  0.1079     -0.1271    
   154.0      0.1463     -0.1262     -0.2779E-01  0.7887E-01 -0.1309    
   155.0      0.1736     -0.1564      0.1432E-02  0.5720E-01 -0.1325    
   156.0      0.2007     -0.1813      0.2427E-01  0.4130E-01 -0.1324    
   157.0      0.2257     -0.2021      0.4231E-01  0.2966E-01 -0.1309    
   158.0      0.2468     -0.2199      0.5683E-01  0.2111E-01 -0.1281    
   159.0      0.2625     -0.2357      0.6877E-01  0.1485E-01 -0.1243    
   160.0      0.2717     -0.2498      0.7878E-01  0.1037E-01 -0.1195    
   161.0      0.2740     -0.2623      0.8726E-01  0.7396E-02 -0.1134    
   162.0      0.2695     -0.2723      0.9440E-01  0.5910E-02 -0.1061    
   163.0      0.2589     -0.2788      0.1002      0.6073E-02 -0.9695E-01
   164.0      0.2435     -0.2795      0.1042      0.8217E-02 -0.8562E-01
   165.0      0.2249     -0.2716      0.1057      0.1278E-01 -0.7144E-01
   166.0      0.2051     -0.2514      0.1035      0.2020E-01 -0.5390E-01
   167.0      0.1863     -0.2151      0.9560E-01  0.3065E-01 -0.3292E-01
   168.0      0.1706     -0.1602      0.8030E-01  0.4368E-01 -0.9442E-02
   169.0      0.1595     -0.8878E-01  0.5653E-01  0.5772E-01  0.1405E-01
   170.0      0.1543     -0.9228E-02  0.2550E-01  0.7009E-01  0.3378E-01
   171.0      0.1555      0.6474E-01 -0.8922E-02  0.7794E-01  0.4619E-01
   172.0      0.1629      0.1203     -0.4161E-01  0.7964E-01  0.4986E-01
   173.0      0.1758      0.1515     -0.6863E-01  0.7552E-01  0.4613E-01
   174.0      0.1929      0.1597     -0.8851E-01  0.6726E-01  0.3787E-01
   175.0      0.2123      0.1503     -0.1018      0.5674E-01  0.2797E-01
   176.0      0.2321      0.1293     -0.1102      0.4533E-01  0.1846E-01
   177.0      0.2501      0.1013     -0.1150      0.3378E-01  0.1053E-01
   178.0      0.2644      0.6923E-01 -0.1177      0.2237E-01  0.4699E-02
   179.0      0.2736      0.3506E-01 -0.1190      0.1114E-01  0.1176E-02
   180.0      0.2768       0.000     -0.1194       0.000       0.000    
 END
