# Fusion cross sections for ELAB= 200.000, ECM= 184.505
     0.5   2.491      1
     0.5   5.144     -1
     1.5   5.371      1
     1.5   10.08     -1
     2.5   6.527      1
     2.5   14.59     -1
     3.5   10.52      1
     3.5   18.29     -1
     4.5   8.348      1
     4.5   20.74     -1
     5.5   13.31      1
     5.5   21.65     -1
     6.5   7.930      1
     6.5   21.02     -1
     7.5   11.82      1
     7.5   19.06     -1
     8.5   6.291      1
     8.5   16.16     -1
     9.5   7.690      1
     9.5   12.87     -1
    10.5   4.051      1
    10.5   9.719     -1
    11.5   4.004      1
    11.5   7.036     -1
    12.5   2.193      1
    12.5   4.937     -1
    13.5   1.840      1
    13.5   3.387     -1
    14.5   1.071      1
    14.5   2.287     -1
    15.5  0.7944      1
    15.5   1.526     -1
    16.5  0.4938      1
    16.5   1.009     -1
    17.5  0.3321      1
    17.5  0.6627     -1
    18.5  0.2198      1
    18.5  0.4329     -1
    19.5  0.1363      1
    19.5  0.2815     -1
    20.5  0.9544E-01  1
    20.5  0.1823     -1
    21.5  0.5523E-01  1
    21.5  0.1177     -1
    22.5  0.4068E-01  1
    22.5  0.7572E-01 -1
    23.5  0.2219E-01  1
    23.5  0.4859E-01 -1
    24.5  0.1708E-01  1
    24.5  0.3110E-01 -1
    25.5  0.8850E-02  1
    25.5  0.1986E-01 -1
    26.5  0.7077E-02  1
    26.5  0.1265E-01 -1
    27.5  0.3509E-02  1
    27.5  0.8045E-02 -1
    28.5  0.2900E-02  1
    28.5  0.5105E-02 -1
    29.5  0.1384E-02  1
    29.5  0.3233E-02 -1
    30.5  0.1177E-02  1
    30.5  0.2045E-02 -1
    31.5  0.5429E-03  1
    31.5  0.1291E-02 -1
    32.5  0.4734E-03  1
    32.5  0.8122E-03 -1
    33.5  0.2113E-03  1
    33.5  0.5099E-03 -1
    34.5  0.1882E-03  1
    34.5  0.3201E-03 -1
    35.5  0.8222E-04  1
    35.5  0.2009E-03 -1
    36.5  0.7456E-04  1
    36.5  0.1250E-03 -1
    37.5  0.2989E-04  1
    37.5  0.7593E-04 -1
    38.5  0.2740E-04  1
    38.5  0.4422E-04 -1
    39.5  0.8869E-05  1
    39.5  0.2431E-04 -1
    40.5  0.8133E-05  1
    40.5  0.1248E-04 -1
 &
