# KN1,E,l,j,2j+1,N =   1  -2.23357   0  0.5   2 551
   9.99999931E-04   0.0000000000000000     
  0.100000001       2.1119965048960567E-004
  0.200000003       3.1760566772076251E-003
  0.300000012       1.6172268313000955E-002
  0.400000006       4.6972939222791402E-002
  0.500000000       9.7455771165168778E-002
  0.600000024      0.16251288134182335     
  0.699999988      0.23359566493954606     
  0.800000012      0.30264110309204273     
  0.899999976      0.36411389615203321     
   1.00000000      0.41526363065007221     
   1.10000002      0.45548565057373341     
   1.20000005      0.48549349101936728     
   1.29999995      0.50663865040559586     
   1.39999998      0.52045956882135924     
   1.50000000      0.52842802881688700     
   1.60000002      0.53183187658398001     
   1.70000005      0.53173945301195702     
   1.79999995      0.52900706340636894     
   1.89999998      0.52430548149582334     
   2.00000000      0.51815204998846820     
   2.09999990      0.51094163936012316     
   2.20000005      0.50297360907128852     
   2.29999995      0.49447423012679798     
   2.40000010      0.48561356728932747     
   2.50000000      0.47651987314397859     
   2.59999990      0.46728978212961675     
   2.70000005      0.45799619875826525     
   2.79999995      0.44869421763214268     
   2.90000010      0.43942554673690809     
   3.00000000      0.43022180461789128     
   3.09999990      0.42110697630353733     
   3.20000005      0.41209924384078528     
   3.29999995      0.40321235322916643     
   3.40000010      0.39445663818693855     
   3.50000000      0.38583978995475482     
   3.59999990      0.37736743895589719     
   3.70000005      0.36904359685198396     
   3.79999995      0.36087099470905615     
   3.90000010      0.35285134356633835     
   4.00000000      0.34498553679664412     
   4.09999990      0.33727380858086758     
   4.19999981      0.32971585907699952     
   4.30000019      0.32231095415609962     
   4.40000010      0.31505800556718599     
   4.50000000      0.30795563592140246     
   4.59999990      0.30100223179789581     
   4.69999981      0.29419598747870773     
   4.80000019      0.28753494121813145     
   4.90000010      0.28101700551259651     
   5.00000000      0.27463999250622056     
   5.09999990      0.26840163541799522     
   5.19999981      0.26229960668637875     
   5.30000019      0.25633153338745435     
   5.40000010      0.25049501037008914     
   5.50000000      0.24478761146656594     
   5.59999990      0.23920689907356915     
   5.69999981      0.23375043234393902     
   5.80000019      0.22841577419017847     
   5.90000010      0.22320049726606536     
   6.00000000      0.21810218906784706     
   6.09999990      0.21311845627447651     
   6.19999981      0.20824692842813719     
   6.30000019      0.20348526104163850     
   6.40000010      0.19883113820802747     
   6.50000000      0.19428227477630325     
   6.59999990      0.18983641814929728     
   6.69999981      0.18549134975175996     
   6.80000019      0.18124488621149371     
   6.90000010      0.17709488028946130     
   7.00000000      0.17303922159163804     
   7.09999990      0.16907583709046453     
   7.19999981      0.16520269148036368     
   7.30000019      0.16141778738919069     
   7.40000010      0.15771916546447282     
   7.50000000      0.15410490435112334     
   7.59999990      0.15057312057520061     
   7.69999981      0.14712196834674685     
   7.80000019      0.14374963929283902     
   7.90000010      0.14045436213101797     
   8.00000000      0.13723440229174033     
   8.10000038      0.13408806149762645     
   8.19999981      0.13101367730628674     
   8.30000019      0.12800962262267876     
   8.39999962      0.12507430518624604     
   8.50000000      0.12220616703747535     
   8.60000038      0.11940368396792518     
   8.69999981      0.11666536495723936     
   8.80000019      0.11398975160029963     
   8.89999962      0.11137541752722427     
   9.00000000      0.10882096781862213     
   9.10000038      0.10632503841815338     
   9.19999981      0.10388629554422045     
   9.30000019      0.10150343510239186     
   9.39999962       9.9175182099911136E-002
   9.50000000       9.6900290063471242E-002
   9.60000038       9.4677540461287332E-002
   9.69999981       9.2505742130344584E-002
   9.80000019       9.0383730709572258E-002
   9.89999962       8.8310368079576873E-002
   10.0000000       8.6284541809483764E-002
   10.1000004       8.4305164611329697E-002
   10.1999998       8.2371173802385025E-002
   10.3000002       8.0481530775714558E-002
   10.3999996       7.8635220479218768E-002
   10.5000000       7.6831250903355755E-002
   10.6000004       7.5068652577682971E-002
   10.6999998       7.3346478076332183E-002
   10.8000002       7.1663801532488747E-002
   10.8999996       7.0019718161911465E-002
   11.0000000       6.8413343795509049E-002
   11.1000004       6.6843814420960906E-002
   11.1999998       6.5310285733350515E-002
   11.3000002       6.3811932694763041E-002
   11.3999996       6.2347949102779771E-002
   11.5000000       6.0917547167791852E-002
   11.6000004       5.9519957099043626E-002
   11.6999998       5.8154426699305470E-002
   11.8000002       5.6820220968068630E-002
   11.8999996       5.5516621713145101E-002
   12.0000000       5.4242927170554289E-002
   12.1000004       5.2998451632568708E-002
   12.1999998       5.1782525083790797E-002
   12.3000002       5.0594492845126425E-002
   12.3999996       4.9433715225522631E-002
   12.5000000       4.8299567181331000E-002
   12.6000004       4.7191437983159903E-002
   12.6999998       4.6108730890076777E-002
   12.8000002       4.5050862831021873E-002
   12.8999996       4.4017264093294796E-002
   13.0000000       4.3007378017975502E-002
   13.1000004       4.2020660702142630E-002
   13.1999998       4.1056580707751748E-002
   13.3000002       4.0114618777039007E-002
   13.3999996       3.9194267554315522E-002
   13.5000000       3.8295031314020102E-002
   13.6000004       3.7416425694899148E-002
   13.6999998       3.6557977440184401E-002
   13.8000002       3.5719224143641426E-002
   13.8999996       3.4899714001362735E-002
   14.0000000       3.4099005569182397E-002
   14.1000004       3.3316667525590031E-002
   14.1999998       3.2552278440025111E-002
   14.3000002       3.1805426546433778E-002
   14.3999996       3.1075709521972812E-002
   14.5000000       3.0362734270747517E-002
   14.6000004       2.9666116712472337E-002
   14.6999998       2.8985481575945073E-002
   14.8000002       2.8320462197227871E-002
   14.8999996       2.7670700322430016E-002
   15.0000000       2.7035845914989916E-002
   15.1000004       2.6415556967355439E-002
   15.1999998       2.5809499316964076E-002
   15.3000002       2.5217346466426375E-002
   15.3999996       2.4638779407817932E-002
   15.5000000       2.4073486450987489E-002
   15.6000004       2.3521163055790422E-002
   15.6999998       2.2981511668158920E-002
   15.8000002       2.2454241559922056E-002
   15.8999996       2.1939068672290875E-002
   16.0000000       2.1435715462925237E-002
   16.1000004       2.0943910756501368E-002
   16.2000008       2.0463389598700386E-002
   16.2999992       1.9993893113540159E-002
   16.3999996       1.9535168363974422E-002
   16.5000000       1.9086968215684764E-002
   16.6000004       1.8649051203992760E-002
   16.7000008       1.8221181403821139E-002
   16.7999992       1.7803128302634544E-002
   16.8999996       1.7394666676291720E-002
   17.0000000       1.6995576467742905E-002
   17.1000004       1.6605642668507347E-002
   17.2000008       1.6224655202867404E-002
   17.2999992       1.5852408814717285E-002
   17.3999996       1.5488702957005652E-002
   17.5000000       1.5133341683712838E-002
   17.6000004       1.4786133544304659E-002
   17.7000008       1.4446891480606284E-002
   17.7999992       1.4115432726040617E-002
   17.8999996       1.3791578707177277E-002
   18.0000000       1.3475154947539130E-002
   18.1000004       1.3165990973614769E-002
   18.2000008       1.2863920223026447E-002
   18.2999992       1.2568779954804030E-002
   18.3999996       1.2280411161716796E-002
   18.5000000       1.1998658484615931E-002
   18.6000004       1.1723370128741629E-002
   18.7000008       1.1454397781949836E-002
   18.7999992       1.1191596534814573E-002
   18.8999996       1.0934824802562944E-002
   19.0000000       1.0683944248800764E-002
   19.1000004       1.0438819710987781E-002
   19.2000008       1.0199319127622404E-002
   19.2999992       9.9653134670967345E-003
   19.3999996       9.7366766581835941E-003
   19.5000000       9.5132855221181836E-003
   19.6000004       9.2950197062377435E-003
   19.7000008       9.0817616191435462E-003
   19.7999992       8.8733963673502860E-003
   19.8999996       8.6698116933887782E-003
   20.0000000       8.4708979153286148E-003
   20.1000004       8.2765478676882255E-003
   20.2000008       8.0866568437005584E-003
   20.2999992       7.9011225389032120E-003
   20.3999996       7.7198449960227226E-003
   20.5000000       7.5427265511232907E-003
   20.6000004       7.3696717809909320E-003
   20.7000008       7.2005874517247345E-003
   20.7999992       7.0353824685075433E-003
   20.8999996       6.8739678265289823E-003
   21.0000000       6.7162565630344432E-003
   21.1000004       6.5621637104741198E-003
   21.2000008       6.4116062507269716E-003
   21.2999992       6.2645030703748520E-003
   21.3999996       6.1207749170027696E-003
   21.5000000       5.9803443565017399E-003
   21.6000004       5.8431357313511994E-003
   21.7000008       5.7090751198585433E-003
   21.7999992       5.5780902963338116E-003
   21.8999996       5.4501106921780651E-003
   22.0000000       5.3250673578645186E-003
   22.1000004       5.2028929257919151E-003
   22.2000008       5.0835215739901572E-003
   22.2999992       4.9668889906586298E-003
   22.3999996       4.8529323395181158E-003
   22.5000000       4.7415902259576471E-003
   22.6000004       4.6328026639580267E-003
   22.7000008       4.5265110437742468E-003
   22.7999992       4.4226581003593496E-003
   22.8999996       4.3211878825127449E-003
   23.0000000       4.2220457227363671E-003
   23.1000004       4.1251782077824069E-003
   23.2000008       4.0305331498767796E-003
   23.2999992       3.9380595586028140E-003
   23.3999996       3.8477076134300126E-003
   23.5000000       3.7594286368730868E-003
   23.6000004       3.6731750682668105E-003
   23.7000008       3.5889004381425599E-003
   23.7999992       3.5065593431927288E-003
   23.8999996       3.4261074218095537E-003
   24.0000000       3.3475013301851376E-003
   24.1000004       3.2706987189598247E-003
   24.2000008       3.1956582104063383E-003
   24.2999992       3.1223393761373752E-003
   24.3999996       3.0507027153246699E-003
   24.5000000       2.9807096334177772E-003
   24.6000004       2.9123224213511148E-003
   24.7000008       2.8455042352280653E-003
   24.7999992       2.7802190764711849E-003
   24.8999996       2.7164317724278340E-003
   25.0000000       2.6541079574207761E-003
   25.1000004       2.5932140542335364E-003
   25.2000008       2.5337172560205455E-003
   25.2999992       2.4755855086323222E-003
   25.3999996       2.4187874933461759E-003
   25.5000000       2.3632926099931215E-003
   25.6000004       2.3090709604719137E-003
   25.7000008       2.2560933326413297E-003
   25.7999992       2.2043311845820089E-003
   25.8999996       2.1537566292193781E-003
   26.0000000       2.1043424192993812E-003
   26.1000004       2.0560619327089080E-003
   26.2000008       2.0088891581330221E-003
   26.2999992       1.9627986810412633E-003
   26.3999996       1.9177656699954609E-003
   26.5000000       1.8737658632716975E-003
   26.6000004       1.8307755557892061E-003
   26.7000008       1.7887715863391591E-003
   26.7999992       1.7477313251064736E-003
   26.8999996       1.7076326614779019E-003
   27.0000000       1.6684539921298521E-003
   27.1000004       1.6301742093895058E-003
   27.2000008       1.5927726898629713E-003
   27.2999992       1.5562292833243470E-003
   27.3999996       1.5205243018597003E-003
   27.5000000       1.4856385092601268E-003
   27.6000004       1.4515531106581586E-003
   27.7000008       1.4182497424019536E-003
   27.7999992       1.3857104621618011E-003
   27.8999996       1.3539177392636165E-003
   28.0000000       1.3228544452442191E-003
   28.1000004       1.2925038446232984E-003
   28.2000008       1.2628495858871068E-003
   28.2999992       1.2338756926790120E-003
   28.3999996       1.2055665551921689E-003
   28.5000000       1.1779069217596695E-003
   28.6000004       1.1508818906376451E-003
   28.7000008       1.1244769019768885E-003
   28.7999992       1.0986777299786749E-003
   28.8999996       1.0734704752305526E-003
   29.0000000       1.0488415572179768E-003
   29.1000004       1.0247777070077505E-003
   29.2000008       1.0012659600993306E-003
   29.2999992       9.7829364944014953E-004
   29.3999996       9.5584839860118681E-004
   29.5000000       9.3391811510911717E-004
   29.6000004       9.1249098393143867E-004
   29.7000008       8.9155546111107493E-004
   29.7999992       8.7110026754701891E-004
   29.8999996       8.5111438291767146E-004
   30.0000000       8.3158703974359552E-004
   30.1000004       8.1250771758649193E-004
   30.2000008       7.9386613738126875E-004
   30.2999992       7.7565225589815243E-004
   30.3999996       7.5785626033185428E-004
   30.5000000       7.4046856301488210E-004
   30.6000004       7.2347979625214220E-004
   30.7000008       7.0688080727405610E-004
   30.7999992       6.9066265330546570E-004
   30.8999996       6.7481659674767738E-004
   31.0000000       6.5933410047104221E-004
   31.1000004       6.4420682321554286E-004
   31.2000008       6.2942661509690385E-004
   31.2999992       6.1498551321580771E-004
   31.3999996       6.0087573736784859E-004
   31.5000000       5.8708968585191568E-004
   31.6000004       5.7361993137474375E-004
   31.7000008       5.6045921704942793E-004
   31.7999992       5.4760045248574579E-004
   31.8999996       5.3503670997017934E-004
   32.0000000       5.2276122073358013E-004
   32.0999985       5.1076737130446674E-004
   32.2000008       4.9904869994598950E-004
   32.2999992       4.8759889317464124E-004
   32.4000015       4.7641178235884350E-004
   32.5000000       4.6548134039556835E-004
   32.5999985       4.5480167846321271E-004
   32.7000008       4.4436704284897023E-004
   32.7999992       4.3417181184899419E-004
   32.9000015       4.2421049273968169E-004
   33.0000000       4.1447771881844477E-004
   33.0999985       4.0496824651237764E-004
   33.2000008       3.9567695255325901E-004
   33.2999992       3.8659883121737009E-004
   33.4000015       3.7772899162864001E-004
   33.5000000       3.6906265512366568E-004
   33.5999985       3.6059515267718634E-004
   33.7000008       3.5232192238662737E-004
   33.7999992       3.4423850701435543E-004
   33.9000015       3.3634055158632313E-004
   34.0000000       3.2862380104580835E-004
   34.0999985       3.2108409796098510E-004
   34.2000008       3.1371738028508850E-004
   34.2999992       3.0651967916797094E-004
   34.4000015       2.9948711681786747E-004
   34.5000000       2.9261590441221805E-004
   34.5999985       2.8590234005642479E-004
   34.7000008       2.7934280678943975E-004
   34.7999992       2.7293377063511204E-004
   34.9000015       2.6667177869824408E-004
   35.0000000       2.6055345730432875E-004
   35.0999985       2.5457551018196877E-004
   35.2000008       2.4873471668699628E-004
   35.2999992       2.4302793006733724E-004
   35.4000015       2.3745207576768575E-004
   35.5000000       2.3200414977307419E-004
   35.5999985       2.2668121699044756E-004
   35.7000008       2.2148040966736993E-004
   35.7999992       2.1639892584701044E-004
   35.9000015       2.1143402785857765E-004
   36.0000000       2.0658304084238756E-004
   36.0999985       2.0184335130877179E-004
   36.2000008       1.9721240573004905E-004
   36.2999992       1.9268770916480146E-004
   36.4000015       1.8826682391371403E-004
   36.5000000       1.8394736820625439E-004
   36.5999985       1.7972701491748340E-004
   36.7000008       1.7560349031430715E-004
   36.7999992       1.7157457283049348E-004
   36.9000015       1.6763809186979395E-004
   37.0000000       1.6379192663652594E-004
   37.0999985       1.6003400499298501E-004
   37.2000008       1.5636230234307200E-004
   37.2999992       1.5277484054153340E-004
   37.4000015       1.4926968682822732E-004
   37.5000000       1.4584495278684064E-004
   37.5999985       1.4249879332749703E-004
   37.7000008       1.3922940569270682E-004
   37.7999992       1.3603502848612384E-004
   37.9000015       1.3291394072358583E-004
   38.0000000       1.2986446090592688E-004
   38.0999985       1.2688494611306280E-004
   38.2000008       1.2397379111886076E-004
   38.2999992       1.2112942752631728E-004
   38.4000015       1.1835032292257754E-004
   38.5000000       1.1563498005334154E-004
   38.5999985       1.1298193601621206E-004
   38.7000008       1.1038976147254983E-004
   38.7999992       1.0785705987741136E-004
   38.9000015       1.0538246672715444E-004
   39.0000000       1.0296464882430605E-004
   39.0999985       1.0060230355929659E-004
   39.2000008       9.8294158208673597E-005
   39.2999992       9.6038969249416531E-005
   39.4000015       9.3835521688983529E-005
   39.5000000       9.1682628410729087E-005
   39.5999985       8.9579129534340005E-005
   39.7000008       8.7523891790944891E-005
   39.7999992       8.5515807912560850E-005
   39.9000015       8.3553796035548247E-005
   40.0000000       8.1636799117751953E-005
   40.0999985       7.9763784369015636E-005
   40.2000008       7.7933742694761581E-005
   40.2999992       7.6145688152336814E-005
   40.4000015       7.4398657419832279E-005
   40.5000000       7.2691709277089182E-005
   40.5999985       7.1023924098612614E-005
   40.7000008       6.9394403358119495E-005
   40.7999992       6.7802269144453685E-005
   40.9000015       6.6246663688607763E-005
   41.0000000       6.4726748901596217E-005
   41.0999985       6.3241705922931614E-005
   41.2000008       6.1790734679459999E-005
   41.2999992       6.0373053454318140E-005
   41.4000015       5.8987898465780246E-005
   41.5000000       5.7634523455767377E-005
   41.5999985       5.6312199287797763E-005
   41.7000008       5.5020213554161454E-005
   41.7999992       5.3757870192107656E-005
   41.9000015       5.2524489108837986E-005
   42.0000000       5.1319405815103670E-005
   42.0999985       5.0141971067209119E-005
   42.2000008       4.8991550517229119E-005
   42.2999992       4.7867524371251289E-005
   42.4000015       4.6769287055459507E-005
   42.5000000       4.5696246889878378E-005
   42.5999985       4.4647825769603238E-005
   42.7000008       4.3623458853343700E-005
   42.7999992       4.2622594259112994E-005
   42.9000015       4.1644692766899249E-005
   43.0000000       4.0689227528158440E-005
   43.0999985       3.9755683781972492E-005
   43.2000008       3.8843558577719723E-005
   43.2999992       3.7952360504108030E-005
   43.4000015       3.7081609424425000E-005
   43.5000000       3.6230836217862258E-005
   43.5999985       3.5399582526774638E-005
   43.7000008       3.4587400509738072E-005
   43.7999992       3.3793852600273138E-005
   43.9000015       3.3018511271104292E-005
   44.0000000       3.2260958803827735E-005
   44.0999985       3.1520787063863868E-005
   44.2000008       3.0797597280573074E-005
   44.2999992       3.0090999832416361E-005
   44.4000015       2.9400614037045097E-005
   44.5000000       2.8726067946206823E-005
   44.5999985       2.8066998145356541E-005
   44.7000008       2.7423049557865629E-005
   44.7999992       2.6793875253722766E-005
   44.9000015       2.6179136262623978E-005
   45.0000000       2.5578501391350935E-005
   45.0999985       2.4991647045339202E-005
   45.2000008       2.4418257054340334E-005
   45.2999992       2.3858022502083802E-005
   45.4000015       2.3310641559847052E-005
   45.5000000       2.2775819323844031E-005
   45.5999985       2.2253267656344508E-005
   45.7000008       2.1742705030438669E-005
   45.7999992       2.1243856378363320E-005
   45.9000015       2.0756452943307944E-005
   46.0000000       2.0280232134620868E-005
   46.0999985       1.9814937386337436E-005
   46.2000008       1.9360318018954000E-005
   46.2999992       1.8916129104373307E-005
   46.4000015       1.8482131333948433E-005
   46.5000000       1.8058090889554260E-005
   46.5999985       1.7643779317616970E-005
   46.7000008       1.7238973406033719E-005
   46.7999992       1.6843455063916180E-005
   46.9000015       1.6457011204093160E-005
   47.0000000       1.6079433628308990E-005
   47.0999985       1.5710518915055830E-005
   47.2000008       1.5350068309979489E-005
   47.2999992       1.4997887618799673E-005
   47.4000015       1.4653787102686996E-005
   47.5000000       1.4317581376040400E-005
   47.5999985       1.3989089306609867E-005
   47.7000008       1.3668133917910666E-005
   47.7999992       1.3354542293876530E-005
   47.9000015       1.3048145485700375E-005
   48.0000000       1.2748778420812459E-005
   48.0999985       1.2456279813946806E-005
   48.2000008       1.2170492080248109E-005
   48.2999992       1.1891261250372211E-005
   48.4000015       1.1618436887534492E-005
   48.5000000       1.1351872006461405E-005
   48.5999985       1.1091422994201536E-005
   48.7000008       1.0836949532753536E-005
   48.7999992       1.0588314523469206E-005
   48.9000015       1.0345384013191011E-005
   49.0000000       1.0108027122084266E-005
   49.0999985       9.8761159731250665E-006
   49.2000008       9.6495256232060086E-006
   49.2999992       9.4281339958225589E-006
   49.4000015       9.2118218153038261E-006
   49.5000000       9.0004725425522970E-006
   49.5999985       8.7939723122578973E-006
   49.7000008       8.5922098715525844E-006
   49.7999992       8.3950765200723932E-006
   49.9000015       8.2024660513946577E-006
   50.0000000       8.0142746958188546E-006
   50.0999985       7.8304010644602405E-006
   50.2000008       7.6507460946261657E-006
   50.2999992       7.4752129964456259E-006
   50.4000015       7.3037072007233135E-006
   50.5000000       7.1361363079900755E-006
   50.5999985       6.9724100387222935E-006
   50.7000008       6.8124401847034290E-006
   50.7999992       6.6561405615014602E-006
   50.9000015       6.5034269620366592E-006
   51.0000000       6.3542171112146847E-006
   51.0999985       6.2084306216005156E-006
   51.2000008       6.0659889501093926E-006
   51.2999992       5.9268153556913886E-006
   51.4000015       5.7908348579868571E-006
   51.5000000       5.6579741969304401E-006
   51.5999985       5.5281617932819041E-006
   51.7000008       5.4013277100625197E-006
   51.7999992       5.2774036148762228E-006
   51.9000015       5.1563227430952498E-006
   52.0000000       5.0380198618904059E-006
   52.0999985       4.9224312350866155E-006
   52.2000008       4.8094945888247777E-006
   52.2999992       4.6991490780114722E-006
   52.4000015       4.5913352535384041E-006
   52.5000000       4.4859950302539488E-006
   52.5999985       4.3830716556695285E-006
   52.7000008       4.2825096793839746E-006
   52.7999992       4.1842549232093916E-006
   52.9000015       4.0882544519824231E-006
   53.0000000       3.9944565450452162E-006
   53.0999985       3.9028106683807010E-006
   53.2000008       3.8132674473871666E-006
   53.2999992       3.7257786402774981E-006
   53.4000015       3.6402971120887045E-006
   53.5000000       3.5567768092877600E-006
   53.5999985       3.4751727349600684E-006
   53.7000008       3.3954409245671867E-006
   53.7999992       3.3175384222607488E-006
   53.9000015       3.2414232577398159E-006
   54.0000000       3.1670544236392021E-006
   54.0999985       3.0943918534365853E-006
   54.2000008       3.0233963998664972E-006
   54.2999992       2.9540298138295723E-006
   54.4000015       2.8862547237856815E-006
   54.5000000       2.8200346156198600E-006
   54.5999985       2.7553338129701729E-006
   54.7000008       2.6921174580069258E-006
   54.7999992       2.6303514926528626E-006
   54.9000015       2.5700026402342302E-006
 &
# KN1,E,l,j,2j+1,N =   1  -2.23357   2  1.5   4 551
   9.99999931E-04   0.0000000000000000     
  0.100000001       7.4163909113565679E-005
  0.200000003       1.1966984650448132E-003
  0.300000012       6.3404273562011112E-003
  0.400000006       1.8951311009332776E-002
  0.500000000       4.0084259519797327E-002
  0.600000024       6.7506193598554740E-002
  0.699999988       9.7122713830946394E-002
  0.800000012      0.12495446142839238     
  0.899999976      0.14831707866256638     
   1.00000000      0.16602830111368250     
   1.10000002      0.17805970129656376     
   1.20000005      0.18505394025520663     
   1.29999995      0.18792932297840906     
   1.39999998      0.18762911223582010     
   1.50000000      0.18499390497452761     
   1.60000002      0.18071506814517860     
   1.70000005      0.17533284365087756     
   1.79999995      0.16925473365513152     
   1.89999998      0.16278020054975639     
   2.00000000      0.15612475465916892     
   2.09999990      0.14944061013087021     
   2.20000005      0.14283322451843494     
   2.29999995      0.13637402603614190     
   2.40000010      0.13010986444307843     
   2.50000000      0.12407006495115491     
   2.59999990      0.11827149505869651     
   2.70000005      0.11272223613570788     
   2.79999995      0.10742422182018059     
   2.90000010      0.10237512914725286     
   3.00000000       9.7569732330190617E-002
   3.09999990       9.3000871197920013E-002
   3.20000005       8.8660143831932076E-002
   3.29999995       8.4538401618356004E-002
   3.40000010       8.0626102594746424E-002
   3.50000000       7.6913562812146091E-002
   3.59999990       7.3391134027412708E-002
   3.70000005       7.0049328232981808E-002
   3.79999995       6.6878903478421597E-002
   3.90000010       6.3870921465416661E-002
   4.00000000       6.1016784628900547E-002
   4.09999990       5.8308258105591849E-002
   4.19999981       5.5737480776490010E-002
   4.30000019       5.3296968259903828E-002
   4.40000010       5.0979610085830171E-002
   4.50000000       4.8778662737322093E-002
   4.59999990       4.6687739729031986E-002
   4.69999981       4.4700799659575553E-002
   4.80000019       4.2812132927229928E-002
   4.90000010       4.1016347649224058E-002
   5.00000000       3.9308355132578368E-002
   5.09999990       3.7683355223883067E-002
   5.19999981       3.6136821745989395E-002
   5.30000019       3.4664488172305309E-002
   5.40000010       3.3262333665573102E-002
   5.50000000       3.1926569560854316E-002
   5.59999990       3.0653626352710472E-002
   5.69999981       2.9440141218360139E-002
   5.80000019       2.8282946101404031E-002
   5.90000010       2.7179056362407621E-002
   6.00000000       2.6125659999447159E-002
   6.09999990       2.5120107425624118E-002
   6.19999981       2.4159901803521996E-002
   6.30000019       2.3242689909064654E-002
   6.40000010       2.2366253513233906E-002
   6.50000000       2.1528501258276562E-002
   6.59999990       2.0727461012707626E-002
   6.69999981       1.9961272672607219E-002
   6.80000019       1.9228181397355368E-002
   6.90000010       1.8526531253927093E-002
   7.00000000       1.7854759243949966E-002
   7.09999990       1.7211389699668952E-002
   7.19999981       1.6595029025186451E-002
   7.30000019       1.6004360760903977E-002
   7.40000010       1.5438140953906694E-002
   7.50000000       1.4895193818999787E-002
   7.59999990       1.4374407665190382E-002
   7.69999981       1.3874731079839621E-002
   7.80000019       1.3395169351011541E-002
   7.90000010       1.2934781112119981E-002
   8.00000000       1.2492675194662451E-002
   8.10000038       1.2068007680380388E-002
   8.19999981       1.1659979135672445E-002
   8.30000019       1.1267832018569205E-002
   8.39999962       1.0890848246715372E-002
   8.50000000       1.0528346916231219E-002
   8.60000038       1.0179682161938639E-002
   8.69999981       9.8442411506945455E-003
   8.80000019       9.5214421974393823E-003
   8.89999962       9.2107329979322083E-003
   9.00000000       8.9115889694332037E-003
   9.10000038       8.6235116928229209E-003
   9.19999981       8.3460274497000921E-003
   9.30000019       8.0786858485713577E-003
   9.39999962       7.8210585337802271E-003
   9.50000000       7.5727379731934472E-003
   9.60000038       7.3333363179514813E-003
   9.69999981       7.1024843306580288E-003
   9.80000019       6.8798303776514882E-003
   9.89999962       6.6650394808876511E-003
   10.0000000       6.4577924261829444E-003
   10.1000004       6.2577849238198780E-003
   10.1999998       6.0647268184799491E-003
   10.3000002       5.8783413452041305E-003
   10.3999996       5.6983644286319086E-003
   10.5000000       5.5245440225081483E-003
   10.6000004       5.3566394876216556E-003
   10.6999998       5.1944210053836157E-003
   10.8000002       5.0376690244650002E-003
   10.8999996       4.8861737393747981E-003
   11.0000000       4.7397345980093892E-003
   11.1000004       4.5981598369727594E-003
   11.1999998       4.4612660432017870E-003
   11.3000002       4.3288777395136518E-003
   11.3999996       4.2008269935153017E-003
   11.5000000       4.0769530477367359E-003
   11.6000004       3.9571019701620525E-003
   11.6999998       3.8411263238686856E-003
   11.8000002       3.7288848544157942E-003
   11.8999996       3.6202421940985212E-003
   12.0000000       3.5150685820423684E-003
   12.1000004       3.4132395995348690E-003
   12.1999998       3.3146359188838963E-003
   12.3000002       3.2191430660663501E-003
   12.3999996       3.1266511952250187E-003
   12.5000000       3.0370548755960514E-003
   12.6000004       2.9502528888611973E-003
   12.6999998       2.8661480374399615E-003
   12.8000002       2.7846469622517167E-003
   12.8999996       2.7056599701045228E-003
   13.0000000       2.6291008695996845E-003
   13.1000004       2.5548868154472381E-003
   13.1999998       2.4829381605048768E-003
   13.3000002       2.4131783152089091E-003
   13.3999996       2.3455336140694553E-003
   13.5000000       2.2799331885970725E-003
   13.6000004       2.2163088466421298E-003
   13.6999998       2.1545949574820126E-003
   13.8000002       2.0947283424685124E-003
   13.8999996       2.0366481711086861E-003
   14.0000000       1.9802958619285394E-003
   14.1000004       1.9256149881633495E-003
   14.1999998       1.8725511879390719E-003
   14.3000002       1.8210520786417640E-003
   14.3999996       1.7710671753192085E-003
   14.5000000       1.7225478128577254E-003
   14.6000004       1.6754470717966004E-003
   14.6999998       1.6297197075464528E-003
   14.8000002       1.5853220828846428E-003
   14.8999996       1.5422121034610744E-003
   15.0000000       1.5003491562467402E-003
   15.1000004       1.4596940508036678E-003
   15.1999998       1.4202089631356490E-003
   15.3000002       1.3818573820445091E-003
   15.3999996       1.3446040579109737E-003
   15.5000000       1.3084149536538689E-003
   15.6000004       1.2732571979103117E-003
   15.6999998       1.2390990402254627E-003
   15.8000002       1.2059098081560824E-003
   15.8999996       1.1736598662790059E-003
   16.0000000       1.1423205769335463E-003
   16.1000004       1.1118642626160606E-003
   16.2000008       1.0822641700062639E-003
   16.2999992       1.0534944354955085E-003
   16.3999996       1.0255300521602661E-003
   16.5000000       9.9834683810330702E-004
   16.6000004       9.7192140614303104E-004
   16.7000008       9.4623113469981344E-004
   16.7999992       9.2125413994360026E-004
   16.8999996       8.9696924902989410E-004
   17.0000000       8.7335597445613485E-004
   17.1000004       8.5039448942542172E-004
   17.2000008       8.2806560424825604E-004
   17.2999992       8.0635074363298554E-004
   17.3999996       7.8523192492742692E-004
   17.5000000       7.6469173719771050E-004
   17.6000004       7.4471332115171561E-004
   17.7000008       7.2528034982683159E-004
   17.7999992       7.0637701006268788E-004
   17.8999996       6.8798798465045550E-004
   18.0000000       6.7009843522627824E-004
   18.1000004       6.5269398578127571E-004
   18.2000008       6.3576070682418748E-004
   18.2999992       6.1928510015437591E-004
   18.3999996       6.0325408419244426E-004
   18.5000000       5.8765497987547618E-004
   18.6000004       5.7247549708140850E-004
   18.7000008       5.5770372157227599E-004
   18.7999992       5.4332810241224788E-004
   18.8999996       5.2933743985782481E-004
   19.0000000       5.1572087368990894E-004
   19.1000004       5.0246787198533684E-004
   19.2000008       4.8956822028958899E-004
   19.2999992       4.7701201118692586E-004
   19.3999996       4.6478963425579839E-004
   19.5000000       4.5289176637878007E-004
   19.6000004       4.4130936240727799E-004
   19.7000008       4.3003364615688952E-004
   19.7999992       4.1905610172736542E-004
   19.8999996       4.0836846513386452E-004
   20.0000000       3.9796271622707274E-004
   20.1000004       3.8783107090136263E-004
   20.2000008       3.7796597357999398E-004
   20.2999992       3.6836008995986332E-004
   20.3999996       3.5900630000912836E-004
   20.5000000       3.4989769121070434E-004
   20.6000004       3.4102755203437051E-004
   20.7000008       3.3238936564140923E-004
   20.7999992       3.2397680379294818E-004
   20.8999996       3.1578372098227446E-004
   21.0000000       3.0780414875470247E-004
   21.1000004       3.0003229022299200E-004
   21.2000008       2.9246251477390748E-004
   21.2999992       2.8508935294636374E-004
   21.3999996       2.7790749148397204E-004
   21.5000000       2.7091176855210128E-004
   21.6000004       2.6409716911898192E-004
   21.7000008       2.5745882048244627E-004
   21.7999992       2.5099198795129168E-004
   21.8999996       2.4469207066394932E-004
   22.0000000       2.3855459754750714E-004
   22.1000004       2.3257522341185453E-004
   22.2000008       2.2674972516625169E-004
   22.2999992       2.2107399816142012E-004
   22.3999996       2.1554405264931069E-004
   22.5000000       2.1015601035665447E-004
   22.6000004       2.0490610117316699E-004
   22.7000008       1.9979065994181730E-004
   22.7999992       1.9480612335268070E-004
   22.8999996       1.8994902693850654E-004
   23.0000000       1.8521600216324832E-004
   23.1000004       1.8060377360104975E-004
   23.2000008       1.7610915621116548E-004
   23.2999992       1.7172905269260128E-004
   23.3999996       1.6746045092518280E-004
   23.5000000       1.6330042148912622E-004
   23.6000004       1.5924611526296398E-004
   23.7000008       1.5529476109712190E-004
   23.7999992       1.5144366355798234E-004
   23.8999996       1.4769020074283676E-004
   24.0000000       1.4403182216436852E-004
   24.1000004       1.4046604669744667E-004
   24.2000008       1.3699046058960116E-004
   24.2999992       1.3360271553252405E-004
   24.3999996       1.3030052679539157E-004
   24.5000000       1.2708167141143223E-004
   24.6000004       1.2394398642023269E-004
   24.7000008       1.2088536716448293E-004
   24.7999992       1.1790376563985008E-004
   24.8999996       1.1499718889127772E-004
   25.0000000       1.1216369745835762E-004
   25.1000004       1.0940140386998424E-004
   25.2000008       1.0670847118128839E-004
   25.2999992       1.0408311155640108E-004
   25.3999996       1.0152358489084918E-004
   25.5000000       9.9028197477254710E-005
   25.6000004       9.6595300710516986E-005
   25.7000008       9.4223289830255643E-005
   25.7999992       9.1910602700973011E-005
   25.8999996       8.9655718628112307E-005
   26.0000000       8.7457157209419487E-005
   26.1000004       8.5313477218820533E-005
   26.2000008       8.3223275524230980E-005
   26.2999992       8.1185186036504699E-005
   26.3999996       7.9197878688585889E-005
   26.5000000       7.7260058445519680E-005
   26.6000004       7.5370464342153370E-005
   26.7000008       7.3527868549133645E-005
   26.7999992       7.1731075465555756E-005
   26.8999996       6.9978920838324063E-005
   27.0000000       6.8270270907011839E-005
   27.1000004       6.6604021572365044E-005
   27.2000008       6.4979097589630878E-005
   27.2999992       6.3394451784392974E-005
   27.3999996       6.1849064290941315E-005
   27.5000000       6.0341941812369850E-005
   27.6000004       5.8872116902351983E-005
   27.7000008       5.7438647266248515E-005
   27.7999992       5.6040615082467949E-005
   27.8999996       5.4677126343645248E-005
   28.0000000       5.3347310215292903E-005
   28.1000004       5.2050318413738347E-005
   28.2000008       5.0785324600702467E-005
   28.2999992       4.9551523795206319E-005
   28.3999996       4.8348131801973583E-005
   28.5000000       4.7174384655971760E-005
   28.6000004       4.6029538082238186E-005
   28.7000008       4.4912866970917128E-005
   28.7999992       4.3823664866885536E-005
   28.8999996       4.2761243473541993E-005
   29.0000000       4.1724932170521724E-005
   29.1000004       4.0714077544747326E-005
   29.2000008       3.9728042934391810E-005
   29.2999992       3.8766207985291473E-005
   29.3999996       3.7827968220169467E-005
   29.5000000       3.6912734618937664E-005
   29.6000004       3.6019933211117664E-005
   29.7000008       3.5149004679427410E-005
   29.7999992       3.4299403973793143E-005
   29.8999996       3.3470599936590142E-005
   30.0000000       3.2662074937588985E-005
   30.1000004       3.1873324519208013E-005
   30.2000008       3.1103857051182367E-005
   30.2999992       3.0353193394855454E-005
   30.3999996       2.9620866576454706E-005
   30.5000000       2.8906421469228039E-005
   30.6000004       2.8209414484428395E-005
   30.7000008       2.7529413270515754E-005
   30.7999992       2.6865996420343267E-005
   30.8999996       2.6218753186371506E-005
   31.0000000       2.5587283203759266E-005
   31.1000004       2.4971196220589156E-005
   31.2000008       2.4370111835624175E-005
   31.2999992       2.3783659242905595E-005
   31.3999996       2.3211476983277100E-005
   31.5000000       2.2653212702571910E-005
   31.6000004       2.2108522916348794E-005
   31.7000008       2.1577072780815737E-005
   31.7999992       2.1058535869935211E-005
   31.8999996       2.0552593958379773E-005
   32.0000000       2.0058936810342740E-005
   32.0999985       1.9577261973971198E-005
   32.2000008       1.9107274581310487E-005
   32.2999992       1.8648687153332307E-005
   32.4000015       1.8201219410487775E-005
   32.5000000       1.7764598087921553E-005
   32.5999985       1.7338556755897335E-005
   32.7000008       1.6922835644631252E-005
   32.7999992       1.6517181474066021E-005
   32.9000015       1.6121347287881091E-005
   33.0000000       1.5735092292114666E-005
   33.0999985       1.5358181697828195E-005
   33.2000008       1.4990386567908244E-005
   33.2999992       1.4631483668133233E-005
   33.4000015       1.4281255321894203E-005
   33.5000000       1.3939489268764543E-005
   33.5999985       1.3605978526836724E-005
   33.7000008       1.3280521258650028E-005
   33.7999992       1.2962920640569793E-005
   33.9000015       1.2652984735713121E-005
   34.0000000       1.2350526369932040E-005
   34.0999985       1.2055363011272191E-005
   34.2000008       1.1767316652474176E-005
   34.2999992       1.1486213696512822E-005
   34.4000015       1.1211884845104883E-005
   34.5000000       1.0944164990115800E-005
   34.5999985       1.0682893107862683E-005
   34.7000008       1.0427912156023825E-005
   34.7999992       1.0179068973329500E-005
   34.9000015       9.9362141817316996E-006
   35.0000000       9.6992020912503180E-006
   35.0999985       9.4678906071197424E-006
   35.2000008       9.2421411394337336E-006
   35.2999992       9.0218185150533234E-006
   35.4000015       8.8067908918794771E-006
   35.5000000       8.5969296751865149E-006
   35.5999985       8.3921094362050832E-006
   35.7000008       8.1922078327683009E-006
   35.7999992       7.9971055320246065E-006
   35.9000015       7.8066861351238349E-006
   36.0000000       7.6208361037643415E-006
   36.0999985       7.4394446886830700E-006
   36.2000008       7.2624038599746290E-006
   36.2999992       7.0896082391610716E-006
   36.4000015       6.9209550330483378E-006
   36.5000000       6.7563439691995294E-006
   36.5999985       6.5956772331041742E-006
   36.7000008       6.4388594069226440E-006
   36.7999992       6.2857974098017203E-006
   36.9000015       6.1364004397193815E-006
   37.0000000       5.9905799167800456E-006
   37.0999985       5.8482494279629630E-006
   37.2000008       5.7093246732955888E-006
   37.2999992       5.5737234133567972E-006
   37.4000015       5.4413654181393765E-006
   37.5000000       5.3121724171669849E-006
   37.5999985       5.1860680509346273E-006
   37.7000008       5.0629778235160093E-006
   37.7999992       4.9428290564154678E-006
   37.9000015       4.8255508435482367E-006
   38.0000000       4.7110740073945436E-006
   38.0999985       4.5993310562392590E-006
   38.2000008       4.4902561424790433E-006
   38.2999992       4.3837850220062820E-006
   38.4000015       4.2798550145887963E-006
   38.5000000       4.1784049652628316E-006
   38.5999985       4.0793752066976641E-006
   38.7000008       3.9827075225029893E-006
   38.7999992       3.8883451114432036E-006
   38.9000015       3.7962325525872087E-006
   39.0000000       3.7063157712868237E-006
   39.0999985       3.6185420060424731E-006
   39.2000008       3.5328597761727806E-006
   39.2999992       3.4492188503268712E-006
   39.4000015       3.3675702157497430E-006
   39.5000000       3.2878660483357960E-006
   39.5999985       3.2100596834315637E-006
   39.7000008       3.1341055873596428E-006
   39.7999992       3.0599593296539290E-006
   39.9000015       2.9875775559992545E-006
   40.0000000       2.9169179618278085E-006
   40.0999985       2.8479392665910912E-006
   40.2000008       2.7806011886660607E-006
   40.2999992       2.7148644208747755E-006
   40.4000015       2.6506906066351412E-006
   40.5000000       2.5880423166892242E-006
   40.5999985       2.5268830264182305E-006
   40.7000008       2.4671770937072133E-006
   40.7999992       2.4088897373834119E-006
   40.9000015       2.3519870161660307E-006
   41.0000000       2.2964358081551532E-006
   41.0999985       2.2422037908122570E-006
   41.2000008       2.1892594214591825E-006
   41.2999992       2.1375719182461728E-006
   41.4000015       2.0871112415855635E-006
   41.5000000       2.0378480760546558E-006
   41.5999985       1.9897538127504913E-006
   41.7000008       1.9428005320716099E-006
   41.7999992       1.8969609869252113E-006
   41.9000015       1.8522085863564421E-006
   42.0000000       1.8085173795712182E-006
   42.0999985       1.7658620403675262E-006
   42.2000008       1.7242178519400005E-006
   42.2999992       1.6835606920618635E-006
   42.4000015       1.6438670186322691E-006
   42.5000000       1.6051138555794790E-006
   42.5999985       1.5672787791113440E-006
   42.7000008       1.5303399043068846E-006
   42.7999992       1.4942758720314717E-006
   42.9000015       1.4590658361799645E-006
   43.0000000       1.4246894512331281E-006
   43.0999985       1.3911268601136413E-006
   43.2000008       1.3583586823458616E-006
   43.2999992       1.3263660025038663E-006
   43.4000015       1.2951303589456139E-006
   43.5000000       1.2646337328229301E-006
   43.5999985       1.2348585373558528E-006
   43.7000008       1.2057876073773140E-006
   43.7999992       1.1774041891289855E-006
   43.9000015       1.1496919303072518E-006
   44.0000000       1.1226348703594267E-006
   44.0999985       1.0962174310062316E-006
   44.2000008       1.0704244070066410E-006
   44.2999992       1.0452409571403675E-006
   44.4000015       1.0206525954168515E-006
   44.5000000       9.9664518249696197E-007
   44.5999985       9.7320491732206162E-007
   44.7000008       9.5031832895127128E-007
   44.7999992       9.2797226859408142E-007
   44.9000015       9.0615390183929833E-007
   45.0000000       8.8485070107551816E-007
   45.0999985       8.6405043809438892E-007
   45.2000008       8.4374117687368435E-007
   45.2999992       8.2391126653482312E-007
   45.4000015       8.0454933447667235E-007
   45.5000000       7.8564427967040418E-007
   45.5999985       7.6718526612503631E-007
   45.7000008       7.4916171650446709E-007
   45.7999992       7.3156330590536672E-007
   45.9000015       7.1437995578199576E-007
   46.0000000       6.9760182802021461E-007
   46.0999985       6.8121931915849842E-007
   46.2000008       6.6522305474631997E-007
   46.2999992       6.4960388383935163E-007
   46.4000015       6.3435287362948191E-007
   46.5000000       6.1946130420275278E-007
   46.5999985       6.0492066342835347E-007
   46.7000008       5.9072264197016283E-007
   46.7999992       5.7685912841672370E-007
   46.9000015       5.6332220453275264E-007
   47.0000000       5.5010414062338705E-007
   47.0999985       5.3719739101072320E-007
   47.2000008       5.2459458962210672E-007
   47.2999992       5.1228854568294393E-007
   47.4000015       5.0027223951386947E-007
   47.5000000       4.8853881843246840E-007
   47.5999985       4.7708159274926458E-007
   47.7000008       4.6589403186522728E-007
   47.7999992       4.5496976046090602E-007
   47.9000015       4.4430255477839033E-007
   48.0000000       4.3388633899306257E-007
   48.0999985       4.2371518167205963E-007
   48.2000008       4.1378329231933107E-007
   48.2999992       4.0408501800557321E-007
   48.4000015       3.9461484007539095E-007
   48.5000000       3.8536737093789206E-007
   48.5999985       3.7633735093316653E-007
   48.7000008       3.6751964527334757E-007
   48.7999992       3.5890924105836415E-007
   48.9000015       3.5050124436490458E-007
   49.0000000       3.4229087740204952E-007
   49.0999985       3.3427347573943323E-007
   49.2000008       3.2644448559889276E-007
   49.2999992       3.1879946121324068E-007
   49.4000015       3.1133406224863306E-007
   49.5000000       3.0404405128755587E-007
   49.5999985       2.9692529137308515E-007
   49.7000008       2.8997374361335463E-007
   49.7999992       2.8318546484122372E-007
   49.9000015       2.7655660533194856E-007
   50.0000000       2.7008340657579231E-007
   50.0999985       2.6376219910348997E-007
   50.2000008       2.5758940036388314E-007
   50.2999992       2.5156151265258339E-007
   50.4000015       2.4567512109093825E-007
   50.5000000       2.3992689165336231E-007
   50.5999985       2.3431356924060986E-007
   50.7000008       2.2883197580163207E-007
   50.7999992       2.2347900849862822E-007
   50.9000015       2.1825163791653247E-007
   51.0000000       2.1314690631633335E-007
   51.0999985       2.0816192592894360E-007
   51.2000008       2.0329387729079271E-007
   51.2999992       1.9854000761932389E-007
   51.4000015       1.9389762922692863E-007
   51.5000000       1.8936411797289363E-007
   51.5999985       1.8493691175298215E-007
   51.7000008       1.8061350902444688E-007
   51.7999992       1.7639146736705877E-007
   51.9000015       1.7226840207818010E-007
   52.0000000       1.6824198480110748E-007
   52.0999985       1.6430994218706619E-007
   52.2000008       1.6047005458839760E-007
   52.2999992       1.5672015478359036E-007
   52.4000015       1.5305812673233791E-007
   52.5000000       1.4948190436061621E-007
   52.5999985       1.4598947037452460E-007
   52.7000008       1.4257885510290243E-007
   52.7999992       1.3924813536729206E-007
   52.9000015       1.3599543337886842E-007
   53.0000000       1.3281891566182753E-007
   53.0999985       1.2971679200222392E-007
   53.2000008       1.2668731442228640E-007
   53.2999992       1.2372877617894581E-007
   53.4000015       1.2083951078623952E-007
   53.5000000       1.1801789106117233E-007
   53.5999985       1.1526232819231003E-007
   53.7000008       1.1257127083036345E-007
   53.7999992       1.0994320420089567E-007
   53.9000015       1.0737664923773077E-007
   54.0000000       1.0487016173720447E-007
   54.0999985       1.0242233153248915E-007
   54.2000008       1.0003178168778718E-007
   54.2999992       9.7697167711499022E-008
   54.4000015       9.5417176788140378E-008
   54.5000000       9.3190527028820463E-008
   54.5999985       9.1015966739099570E-008
   54.7000008       8.8892273704710326E-008
   54.7999992       8.6818254493938077E-008
   54.9000015       8.4792743776853056E-008
 &
# KN1,E,l,j,2j+1,N =   3  -1.09250   2  2.5   6 551
   9.99999931E-04   0.0000000000000000     
  0.100000001       1.1363917025335620E-004
  0.200000003       9.3264114011021911E-004
  0.300000012       3.1188672386170263E-003
  0.400000006       7.2987081785429219E-003
  0.500000000       1.4026125977708893E-002
  0.600000024       2.3764593343728799E-002
  0.699999988       3.6870721249678926E-002
  0.800000012       5.3581146127636287E-002
  0.899999976       7.4003329714298002E-002
   1.00000000       9.8110676844337233E-002
   1.10000002      0.12574222949021585     
   1.20000005      0.15660705015490520     
   1.29999995      0.19029325485073276     
   1.39999998      0.22628149228377131     
   1.50000000      0.26396249668530236     
   1.60000002      0.30265816333481865     
   1.70000005      0.34164541837252915     
   1.79999995      0.38018199381285261     
   1.89999998      0.41753306398237255     
   2.00000000      0.45299758725106232     
   2.09999990      0.48593312949185652     
   2.20000005      0.51577794050637382     
   2.29999995      0.54206913377286048     
   2.40000010      0.56445599584669481     
   2.50000000      0.58270771246943376     
   2.59999990      0.59671515584310020     
   2.70000005      0.60648679148921170     
   2.79999995      0.61213919364664970     
   2.90000010      0.61388306207979904     
   3.00000000      0.61200595124881785     
   3.09999990      0.60685310716729912     
   3.20000005      0.59880784614886073     
   3.29999995      0.58827279053688319     
   3.40000010      0.57565303320125405     
   3.50000000      0.56134198223745402     
   3.59999990      0.54571028688521639     
   3.70000005      0.52909792262750166     
   3.79999995      0.51180924677038719     
   3.90000010      0.49411065067505572     
   4.00000000      0.47623383372894557     
   4.09999990      0.45836668535405167     
   4.19999981      0.44066630018110980     
   4.30000019      0.42325868818940204     
   4.40000010      0.40624233642697816     
   4.50000000      0.38969185379894877     
   4.59999990      0.37366150681187238     
   4.69999981      0.35818851920913758     
   4.80000019      0.34329606152881326     
   4.90000010      0.32899589645767419     
   5.00000000      0.31529067433626623     
   5.09999990      0.30217589249457505     
   5.19999981      0.28964154390250502     
   5.30000019      0.27767348654460144     
   5.40000010      0.26625456748019899     
   5.50000000      0.25536553518653576     
   5.59999990      0.24498577178895500     
   5.69999981      0.23509387397401010     
   5.80000019      0.22566810814563495     
   5.90000010      0.21668676201314468     
   6.00000000      0.20812841169306051     
   6.09999990      0.19997212034887940     
   6.19999981      0.19219758196038803     
   6.30000019      0.18478522129876870     
   6.40000010      0.17771625936527416     
   6.50000000      0.17097275178626897     
   6.59999990      0.16453760632310693     
   6.69999981      0.15839458435966064     
   6.80000019      0.15252829038134308     
   6.90000010      0.14692415259918765     
   7.00000000      0.14156839718550568     
   7.09999990      0.13644801814925767     
   7.19999981      0.13155074437962741     
   7.30000019      0.12686500503429396     
   7.40000010      0.12237989420272960     
   7.50000000      0.11808513556336246     
   7.59999990      0.11397104749750361     
   7.69999981      0.11002850910465460     
   7.80000019      0.10624892735625022     
   7.90000010      0.10262420556470923     
   8.00000000       9.9146713281423035E-002
   8.10000038       9.5809257721240881E-002
   8.19999981       9.2605056703233560E-002
   8.30000019       8.9527713116753851E-002
   8.39999962       8.6571190883176941E-002
   8.50000000       8.3729792370949241E-002
   8.60000038       8.0998137211095542E-002
   8.69999981       7.8371142460797669E-002
   8.80000019       7.5844004032277562E-002
   8.89999962       7.3412179336607888E-002
   9.00000000       7.1071371061684707E-002
   9.10000038       6.8817512022432761E-002
   9.19999981       6.6646751016246272E-002
   9.30000019       6.4555439621714145E-002
   9.39999962       6.2540119873501165E-002
   9.50000000       6.0597512766511617E-002
   9.60000038       5.8724507518960571E-002
   9.69999981       5.6918151551172406E-002
   9.80000019       5.5175641130192882E-002
   9.89999962       5.3494312630942800E-002
   10.0000000       5.1871634374788540E-002
   10.1000004       5.0305199002143648E-002
   10.1999998       4.8792716343192266E-002
   10.3000002       4.7332006750330551E-002
   10.3999996       4.5920994861081060E-002
   10.5000000       4.4557703758514353E-002
   10.6000004       4.3240249507030509E-002
   10.6999998       4.1966836033811683E-002
   10.8000002       4.0735750328909900E-002
   10.8999996       3.9545357949257648E-002
   11.0000000       3.8394098797473984E-002
   11.1000004       3.7280483161180378E-002
   11.1999998       3.6203087996843554E-002
   11.3000002       3.5160553435135425E-002
   11.3999996       3.4151579499997357E-002
   11.5000000       3.3174923021136254E-002
   11.6000004       3.2229394730588667E-002
   11.6999998       3.1313856530573073E-002
   11.8000002       3.0427218919516330E-002
   11.8999996       2.9568438567221005E-002
   12.0000000       2.8736516029234473E-002
   12.1000004       2.7930493594036689E-002
   12.1999998       2.7149453247859716E-002
   12.3000002       2.6392514758188039E-002
   12.3999996       2.5658833859073419E-002
   12.5000000       2.4947600542219905E-002
   12.6000004       2.4258037436647048E-002
   12.6999998       2.3589398280519237E-002
   12.8000002       2.2940966472531667E-002
   12.8999996       2.2312053703662425E-002
   13.0000000       2.1701998659734368E-002
   13.1000004       2.1110165793590832E-002
   13.1999998       2.0535944160919403E-002
   13.3000002       1.9978746316728309E-002
   13.3999996       1.9438007269578377E-002
   13.5000000       1.8913183488159482E-002
   13.6000004       1.8403751959923473E-002
   13.6999998       1.7909209296153642E-002
   13.8000002       1.7429070881823466E-002
   13.8999996       1.6962870069136205E-002
   14.0000000       1.6510157409290991E-002
   14.1000004       1.6070499922806715E-002
   14.1999998       1.5643480405598584E-002
   14.3000002       1.5228696768278489E-002
   14.3999996       1.4825761407384728E-002
   14.5000000       1.4434300606410440E-002
   14.6000004       1.4053953965504516E-002
   14.6999998       1.3684373857920193E-002
   14.8000002       1.3325224912184108E-002
   14.8999996       1.2976183517789841E-002
   15.0000000       1.2636937353889020E-002
   15.1000004       1.2307184940008578E-002
   15.1999998       1.1986635206820221E-002
   15.3000002       1.1675007086377094E-002
   15.3999996       1.1372029121188109E-002
   15.5000000       1.1077439090105884E-002
   15.6000004       1.0790983651439870E-002
   15.6999998       1.0512418001562409E-002
   15.8000002       1.0241505548249881E-002
   15.8999996       9.9780175987374022E-003
   16.0000000       9.7217330610902420E-003
   16.1000004       9.4724381582495798E-003
   16.2000008       9.2299261546312499E-003
   16.2999992       8.9939970942237730E-003
   16.3999996       8.7644575497528888E-003
   16.5000000       8.5411203822999618E-003
   16.6000004       8.3238045112553980E-003
   16.7000008       8.1123346933630620E-003
   16.7999992       7.9065413114502159E-003
   16.8999996       7.7062601714080929E-003
   17.0000000       7.5113323077402915E-003
   17.1000004       7.3216037967511029E-003
   17.2000008       7.1369255776784673E-003
   17.2999992       6.9571532805274422E-003
   17.3999996       6.7821470611799670E-003
   17.5000000       6.6117714428370125E-003
   17.6000004       6.4458951638926322E-003
   17.7000008       6.2843910315819171E-003
   17.7999992       6.1271357816152124E-003
   17.8999996       5.9740099428934254E-003
   18.0000000       5.8248977079212467E-003
   18.1000004       5.6796868078434811E-003
   18.2000008       5.5382683924466124E-003
   18.2999992       5.4005369147874724E-003
   18.3999996       5.2663900200176778E-003
   18.5000000       5.1357284384913032E-003
   18.6000004       5.0084558828725019E-003
   18.7000008       4.8844789491786673E-003
   18.7999992       4.7637070213981817E-003
   18.8999996       4.6460521796827759E-003
   19.0000000       4.5314291118718746E-003
   19.1000004       4.4197550283495007E-003
   19.2000008       4.3109495799188583E-003
   19.2999992       4.2049347786816136E-003
   19.3999996       4.1016349218347429E-003
   19.5000000       4.0009765181330667E-003
   19.6000004       3.9028882170377920E-003
   19.7000008       3.8073007403557593E-003
   19.7999992       3.7141468163329455E-003
   19.8999996       3.6233611161009985E-003
   20.0000000       3.5348801922939384E-003
   20.1000004       3.4486424198428337E-003
   20.2000008       3.3645879388657499E-003
   20.2999992       3.2826585995117657E-003
   20.3999996       3.2027979087134108E-003
   20.5000000       3.1249509787984113E-003
   20.6000004       3.0490644778197102E-003
   20.7000008       2.9750865816510767E-003
   20.7999992       2.9029669276027389E-003
   20.8999996       2.8326565697496995E-003
   21.0000000       2.7641079356580905E-003
   21.1000004       2.6972747845916563E-003
   21.2000008       2.6321121671693524E-003
   21.2999992       2.5685763863085029E-003
   21.3999996       2.5066249594883393E-003
   21.5000000       2.4462165822543404E-003
   21.6000004       2.3873110929681991E-003
   21.7000008       2.3298694386461043E-003
   21.7999992       2.2738536419748072E-003
   21.8999996       2.2192267693571595E-003
   22.0000000       2.1659529000224989E-003
   22.1000004       2.1139970961622191E-003
   22.2000008       2.0633253739826859E-003
   22.2999992       2.0139046757106506E-003
   22.3999996       1.9657028424867572E-003
   22.5000000       1.9186885881183409E-003
   22.6000004       1.8728314737059091E-003
   22.7000008       1.8281018830347794E-003
   22.7999992       1.7844709987516346E-003
   22.8999996       1.7419107793148056E-003
   23.0000000       1.7003939366438468E-003
   23.1000004       1.6598939144507724E-003
   23.2000008       1.6203848673085508E-003
   23.2999992       1.5818416403131481E-003
   23.3999996       1.5442397494056230E-003
   23.5000000       1.5075553622861564E-003
   23.6000004       1.4717652799232719E-003
   23.7000008       1.4368469186378189E-003
   23.7999992       1.4027782927183644E-003
   23.8999996       1.3695379975758887E-003
   24.0000000       1.3371051934293306E-003
   24.1000004       1.3054595894590624E-003
   24.2000008       1.2745814284447425E-003
   24.2999992       1.2444514718666024E-003
   24.3999996       1.2150509854812030E-003
   24.5000000       1.1863617252953400E-003
   24.6000004       1.1583659239645979E-003
   24.7000008       1.1310462776077223E-003
   24.7999992       1.1043859330278044E-003
   24.8999996       1.0783684752806695E-003
   25.0000000       1.0529779156181209E-003
   25.1000004       1.0281986798109525E-003
   25.2000008       1.0040155967888738E-003
   25.2999992       9.8041388763333648E-004
   25.3999996       9.5737915486764883E-004
   25.5000000       9.3489737208142824E-004
   25.6000004       9.1295487385594323E-004
   25.7000008       8.9153834597174896E-004
   25.7999992       8.7063481590525830E-004
   25.8999996       8.5023164359926688E-004
   26.0000000       8.3031651250402869E-004
   26.1000004       8.1087742086457723E-004
   26.2000008       7.9190267326977731E-004
   26.2999992       7.7338087243861294E-004
   26.3999996       7.5530091123672744E-004
   26.5000000       7.3765196493134357E-004
   26.6000004       7.2042348365622540E-004
   26.7000008       7.0360518509419816E-004
   26.7999992       6.8718704736326058E-004
   26.8999996       6.7115930210852358E-004
   27.0000000       6.5551242779001882E-004
   27.1000004       6.4023714315016294E-004
   27.2000008       6.2532440087372052E-004
   27.2999992       6.1076538141951542E-004
   27.3999996       5.9655148702557998E-004
   27.5000000       5.8267433588138839E-004
   27.6000004       5.6912575646806275E-004
   27.7000008       5.5589778204525079E-004
   27.7999992       5.4298264529481749E-004
   27.8999996       5.3037277311842863E-004
   28.0000000       5.1806078156753084E-004
   28.1000004       5.0603947092446729E-004
   28.2000008       4.9430182091023827E-004
   28.2999992       4.8284098602666907E-004
   28.3999996       4.7165029102598136E-004
   28.5000000       4.6072322650535149E-004
   28.6000004       4.5005344461914940E-004
   28.7000008       4.3963475490913130E-004
   28.7999992       4.2946112024747676E-004
   28.8999996       4.1952665288943998E-004
   29.0000000       4.0982561063421816E-004
   29.1000004       4.0035239308913500E-004
   29.2000008       3.9110153803384879E-004
   29.2999992       3.8206771788087512E-004
   29.3999996       3.7324573623679529E-004
   29.5000000       3.6463052454789152E-004
   29.6000004       3.5621713884122431E-004
   29.7000008       3.4800075655251270E-004
   29.7999992       3.3997667343422378E-004
   29.8999996       3.3214030055252739E-004
   30.0000000       3.2448716135873371E-004
   30.1000004       3.1701288884183117E-004
   30.2000008       3.0971322275395377E-004
   30.2999992       3.0258400691145741E-004
   30.3999996       2.9562118656587758E-004
   30.5000000       2.8882080584414046E-004
   30.6000004       2.8217900525848752E-004
   30.7000008       2.7569201928039652E-004
   30.7999992       2.6935617397671352E-004
   30.8999996       2.6316788470897461E-004
   31.0000000       2.5712365389493191E-004
   31.1000004       2.5122006882535934E-004
   31.2000008       2.4545379954060736E-004
   31.2999992       2.3982159676046616E-004
   31.3999996       2.3432028986865753E-004
   31.5000000       2.2894678494976713E-004
   31.6000004       2.2369806287791448E-004
   31.7000008       2.1857117745395009E-004
   31.7999992       2.1356325359154116E-004
   31.8999996       2.0867148554920515E-004
   32.0000000       2.0389313520874144E-004
   32.0999985       1.9922553039809329E-004
   32.2000008       1.9466606325789783E-004
   32.2999992       1.9021218864774216E-004
   32.4000015       1.8586142259697789E-004
   32.5000000       1.8161134079165030E-004
   32.5999985       1.7745957710349109E-004
   32.7000008       1.7340382215310935E-004
   32.7999992       1.6944182191314686E-004
   32.9000015       1.6557137634450896E-004
   33.0000000       1.6179033806982507E-004
   33.0999985       1.5809661107860404E-004
   33.2000008       1.5448814946534360E-004
   33.2999992       1.5096295620219605E-004
   33.4000015       1.4751908194018238E-004
   33.5000000       1.4415462384122693E-004
   33.5999985       1.4086772444043383E-004
   33.7000008       1.3765657053704586E-004
   33.7999992       1.3451939211289190E-004
   33.9000015       1.3145446127955265E-004
   34.0000000       1.2846009124941064E-004
   34.0999985       1.2553463533515280E-004
   34.2000008       1.2267648597346018E-004
   34.2999992       1.1988407377305130E-004
   34.4000015       1.1715586658656986E-004
   34.5000000       1.1449036860580276E-004
   34.5999985       1.1188611948040314E-004
   34.7000008       1.0934169345729141E-004
   34.7999992       1.0685569854275267E-004
   34.9000015       1.0442677568425406E-004
   35.0000000       1.0205359797423655E-004
   35.0999985       9.9734869872113919E-005
   35.2000008       9.7469326446730797E-005
   35.2999992       9.5255732636975523E-005
   35.4000015       9.3092882531787229E-005
   35.5000000       9.0979598666510961E-005
   35.5999985       8.8914731337750433E-005
   35.7000008       8.6897157934904526E-005
   35.7999992       8.4925782288574310E-005
   35.9000015       8.2999534034997521E-005
   36.0000000       8.1117367995460821E-005
   36.0999985       7.9278263571697896E-005
   36.2000008       7.7481224156199582E-005
   36.2999992       7.5725276556733647E-005
   36.4000015       7.4009470435586932E-005
   36.5000000       7.2332877761843080E-005
   36.5999985       7.0694592277662961E-005
   36.7000008       6.9093728977395941E-005
   36.7999992       6.7529423599595284E-005
   36.9000015       6.6000832131601992E-005
   37.0000000       6.4507130325963140E-005
   37.0999985       6.3047513228820019E-005
   37.2000008       6.1621194720070334E-005
   37.2999992       6.0227407064382139E-005
   37.4000015       5.8865400473476727E-005
   37.5000000       5.7534442678646711E-005
   37.5999985       5.6233818514351222E-005
   37.7000008       5.4962829511287045E-005
   37.7999992       5.3720793499866861E-005
   37.9000015       5.2507044222933567E-005
   38.0000000       5.1320930958290238E-005
   38.0999985       5.0161818150171461E-005
   38.2000008       4.9029085049540708E-005
   38.2999992       4.7922125363395147E-005
   38.4000015       4.6840346912273023E-005
   38.5000000       4.5783171296230257E-005
   38.5999985       4.4750033568905851E-005
   38.7000008       4.3740381919433136E-005
   38.7999992       4.2753677361873774E-005
   38.9000015       4.1789393432558196E-005
   39.0000000       4.0847015894225799E-005
   39.0999985       3.9926042447675092E-005
   39.2000008       3.9025982450070380E-005
   39.2999992       3.8146356640395693E-005
   39.4000015       3.7286696871127869E-005
   39.5000000       3.6446545846575333E-005
   39.5999985       3.5625456867510673E-005
   39.7000008       3.4822993581843482E-005
   39.7999992       3.4038729741278975E-005
   39.9000015       3.3272248963939826E-005
   40.0000000       3.2523144502475205E-005
   40.0999985       3.1791019017916508E-005
   40.2000008       3.1075484358870303E-005
   40.2999992       3.0376161345865889E-005
   40.4000015       2.9692679561102390E-005
   40.5000000       2.9024677143043825E-005
   40.5999985       2.8371800586009223E-005
   40.7000008       2.7733704544388488E-005
   40.7999992       2.7110051641795498E-005
   40.9000015       2.6500512284502799E-005
   41.0000000       2.5904764479510093E-005
   41.0999985       2.5322493656752140E-005
   41.2000008       2.4753392495787822E-005
   41.2999992       2.4197160756452375E-005
   41.4000015       2.3653505113470872E-005
   41.5000000       2.3122138995109554E-005
   41.5999985       2.2602782425705790E-005
   41.7000008       2.2095161871828734E-005
   41.7999992       2.1599010092086751E-005
   41.9000015       2.1114065990577665E-005
   42.0000000       2.0640074473689130E-005
   42.0999985       2.0176786310450946E-005
   42.2000008       1.9723957996069159E-005
   42.2999992       1.9281351618718490E-005
   42.4000015       1.8848734729485951E-005
   42.5000000       1.8425880215385033E-005
   42.5999985       1.8012566175370699E-005
   42.7000008       1.7608575799311776E-005
   42.7999992       1.7213697249746288E-005
   42.9000015       1.6827723546496135E-005
   43.0000000       1.6450452453997679E-005
   43.0999985       1.6081686371215568E-005
   43.2000008       1.5721232224211826E-005
   43.2999992       1.5368901361215476E-005
   43.4000015       1.5024509450190945E-005
   43.5000000       1.4687876378808712E-005
   43.5999985       1.4358826156707372E-005
   43.7000008       1.4037186820137993E-005
   43.7999992       1.3722790338789304E-005
   43.9000015       1.3415472524802080E-005
   44.0000000       1.3115072943994294E-005
   44.0999985       1.2821434829037075E-005
   44.2000008       1.2534404994788527E-005
   44.2999992       1.2253833755515198E-005
   44.4000015       1.1979574844123200E-005
   44.5000000       1.1711485333255315E-005
   44.5999985       1.1449425558208762E-005
   44.7000008       1.1193259041700404E-005
   44.7999992       1.0942852420344984E-005
   44.9000015       1.0698075372874225E-005
   45.0000000       1.0458800550055990E-005
   45.0999985       1.0224903506226032E-005
   45.2000008       9.9962626324121377E-006
   45.2999992       9.7727590910019827E-006
   45.4000015       9.5542767519908246E-006
   45.5000000       9.3407021306427914E-006
   45.5999985       9.1319243266935897E-006
   45.7000008       8.9278349648802795E-006
   45.7999992       8.7283281369224243E-006
   45.9000015       8.5333003448016020E-006
   46.0000000       8.3426504453787469E-006
   46.0999985       8.1562795963354482E-006
   46.2000008       7.9740912033361315E-006
   46.2999992       7.7959908684160557E-006
   46.4000015       7.6218863395824837E-006
   46.5000000       7.4516874615574734E-006
   46.5999985       7.2853061277108057E-006
   46.7000008       7.1226562330915113E-006
   46.7999992       6.9636536285186635E-006
   46.9000015       6.8082160757789665E-006
   47.0000000       6.6562632038349506E-006
   47.0999985       6.5077164660479342E-006
   47.2000008       6.3624990984187557E-006
   47.2999992       6.2205360787679283E-006
   47.4000015       6.0817540868621818E-006
   47.5000000       5.9460814654985929E-006
   47.5999985       5.8134481824299842E-006
   47.7000008       5.6837857932279723E-006
   47.7999992       5.5570274049716885E-006
   47.9000015       5.4331076407845468E-006
   48.0000000       5.3119626051899869E-006
   48.0999985       5.1935298502560216E-006
   48.2000008       5.0777483425347496E-006
   48.2999992       4.9645584307830422E-006
   48.4000015       4.8539018143777490E-006
   48.5000000       4.7457215125084436E-006
   48.5999985       4.6399618340618468E-006
   48.7000008       4.5365683481884765E-006
   48.7999992       4.4354878555592813E-006
   48.9000015       4.3366683603004306E-006
   49.0000000       4.2400590425316264E-006
   49.0999985       4.1456102315863333E-006
   49.2000008       4.0532733798080617E-006
   49.2999992       3.9630010369733831E-006
   49.4000015       3.8747468253036413E-006
   49.5000000       3.7884654150338418E-006
   49.5999985       3.7041125005521938E-006
   49.7000008       3.6216447771023371E-006
   49.7999992       3.5410199179909678E-006
   49.9000015       3.4621965523407714E-006
   50.0000000       3.3851342433553640E-006
   50.0999985       3.3097934670749423E-006
   50.2000008       3.2361355916186744E-006
   50.2999992       3.1641228569041317E-006
   50.4000015       3.0937183548390742E-006
   50.5000000       3.0248860099656599E-006
   50.5999985       2.9575905605307567E-006
   50.7000008       2.8917975400198468E-006
   50.7999992       2.8274732590906144E-006
   50.9000015       2.7645847879258377E-006
   51.0000000       2.7030999390018346E-006
   51.0999985       2.6429872502347582E-006
   51.2000008       2.5842159685232310E-006
   51.2999992       2.5267560336679144E-006
   51.4000015       2.4705780626529133E-006
   51.5000000       2.4156533342870285E-006
   51.5999985       2.3619537742034372E-006
   51.7000008       2.3094519401930289E-006
   51.7999992       2.2581210078820676E-006
   51.9000015       2.2079347567321363E-006
   52.0000000       2.1588675563555334E-006
   52.0999985       2.1108943531539984E-006
   52.2000008       2.0639906572522108E-006
   52.2999992       2.0181325297372570E-006
   52.4000015       1.9732965701835290E-006
   52.5000000       1.9294599044657001E-006
   52.5999985       1.8866001728462681E-006
   52.7000008       1.8446955183404362E-006
   52.7999992       1.8037245753424568E-006
   52.9000015       1.7636664585109852E-006
   53.0000000       1.7245007519093496E-006
   53.0999985       1.6862074983900004E-006
   53.2000008       1.6487671892258657E-006
   53.2999992       1.6121607539744547E-006
   53.4000015       1.5763695505725510E-006
   53.5000000       1.5413753556582037E-006
   53.5999985       1.5071603551127200E-006
   53.7000008       1.4737071348150316E-006
   53.7999992       1.4409986716122075E-006
   53.9000015       1.4090183244895024E-006
   54.0000000       1.3777498259437027E-006
   54.0999985       1.3471772735516082E-006
   54.2000008       1.3172851217327894E-006
   54.2999992       1.2880581736966975E-006
   54.4000015       1.2594815735729070E-006
   54.5000000       1.2315407987237504E-006
   54.5999985       1.2042216522254465E-006
   54.7000008       1.1775102555257586E-006
   54.7999992       1.1513930412638785E-006
   54.9000015       1.1258567462566488E-006
 &
