# 121 angles,  1 tensor ranks for 0=projectile
@subtitle   "12C(d,p)13C | E_beam = 16MeV | DWBA | Ex = 0.0MeV"                             
@legend ON
@legend x1 0.2
@legend y1 0.8
@g0 type LOGY
@yaxis ticklabel format power
@legend string   0 "Lab energy =   16.0000"
#legend string   0 "Partition=  2 Excit=  1 near/far= 1"
#  Theta       sigma       iT11        T20         T21         T22         Kyy for projectile
   0.000       94.34    
  0.5000       94.31    
   1.000       94.24    
   1.500       94.11    
   2.000       93.93    
   2.500       93.71    
   3.000       93.43    
   3.500       93.10    
   4.000       92.73    
   4.500       92.30    
   5.000       91.82    
   5.500       91.29    
   6.000       90.72    
   6.500       90.09    
   7.000       89.42    
   7.500       88.69    
   8.000       87.92    
   8.500       87.10    
   9.000       86.23    
   9.500       85.32    
   10.00       84.36    
   10.50       83.35    
   11.00       82.31    
   11.50       81.22    
   12.00       80.09    
   12.50       78.91    
   13.00       77.70    
   13.50       76.46    
   14.00       75.18    
   14.50       73.86    
   15.00       72.52    
   15.50       71.14    
   16.00       69.74    
   16.50       68.31    
   17.00       66.86    
   17.50       65.38    
   18.00       63.89    
   18.50       62.38    
   19.00       60.86    
   19.50       59.33    
   20.00       57.78    
   20.50       56.23    
   21.00       54.67    
   21.50       53.11    
   22.00       51.55    
   22.50       50.00    
   23.00       48.44    
   23.50       46.89    
   24.00       45.35    
   24.50       43.83    
   25.00       42.31    
   25.50       40.80    
   26.00       39.32    
   26.50       37.85    
   27.00       36.40    
   27.50       34.97    
   28.00       33.56    
   28.50       32.18    
   29.00       30.82    
   29.50       29.49    
   30.00       28.19    
   30.50       26.91    
   31.00       25.67    
   31.50       24.46    
   32.00       23.28    
   32.50       22.13    
   33.00       21.01    
   33.50       19.93    
   34.00       18.89    
   34.50       17.88    
   35.00       16.90    
   35.50       15.96    
   36.00       15.06    
   36.50       14.19    
   37.00       13.35    
   37.50       12.56    
   38.00       11.80    
   38.50       11.07    
   39.00       10.38    
   39.50       9.726    
   40.00       9.105    
   40.50       8.518    
   41.00       7.964    
   41.50       7.442    
   42.00       6.953    
   42.50       6.494    
   43.00       6.067    
   43.50       5.668    
   44.00       5.299    
   44.50       4.957    
   45.00       4.642    
   45.50       4.353    
   46.00       4.089    
   46.50       3.849    
   47.00       3.633    
   47.50       3.438    
   48.00       3.265    
   48.50       3.111    
   49.00       2.977    
   49.50       2.861    
   50.00       2.762    
   50.50       2.679    
   51.00       2.612    
   51.50       2.559    
   52.00       2.519    
   52.50       2.491    
   53.00       2.475    
   53.50       2.470    
   54.00       2.474    
   54.50       2.488    
   55.00       2.509    
   55.50       2.538    
   56.00       2.573    
   56.50       2.614    
   57.00       2.660    
   57.50       2.710    
   58.00       2.764    
   58.50       2.821    
   59.00       2.881    
   59.50       2.942    
   60.00       3.005    
 END
