           2           1           1
    0.0-     1 1   8.988       0.000      0.2596E-01   8.962    
    1.0+     0 1   26.12       0.000      0.5056       25.61    
    1.0+     2 2   26.76       0.000      0.1503       26.61    
    1.0-     1 1   26.96       0.000       1.311       25.65    
    2.0+     2 1   43.99       0.000      0.9599       43.03    
    2.0-     1 1   44.65       0.000       2.092       42.56    
    2.0-     3 2   44.86       0.000      0.7556       44.10    
    3.0+     2 1   61.62       0.000       2.172       59.44    
    3.0+     4 2   63.24       0.000      0.2828       62.95    
    3.0-     3 1   64.49       0.000       5.784       58.70    
    4.0+     4 1   78.33       0.000       1.135       77.19    
    4.0-     3 1   81.63       0.000       5.099       76.53    
    4.0-     5 2   61.63       0.000       1.480       60.15    
    5.0+     4 1   95.12       0.000       7.096       88.02    
    5.0+     6 2   35.83       0.000       1.026       34.80    
    5.0-     5 1   78.02       0.000       11.98       66.04    
    6.0+     6 1   43.28       0.000       7.210       36.07    
    6.0-     5 1   94.43       0.000       16.28       78.15    
    6.0-     7 2   15.91       0.000      0.4749       15.43    
    7.0+     6 1   51.53       0.000       12.69       38.84    
    7.0+     8 2   6.400       0.000      0.1980       6.202    
    7.0-     7 1   18.49       0.000       2.919       15.57    
    8.0+     8 1   7.270       0.000       1.094       6.176    
    8.0-     7 1   21.15       0.000       4.878       16.28    
    8.0-     9 2   2.478       0.000      0.7857E-01   2.399    
    9.0+     8 1   8.147       0.000       1.794       6.353    
    9.0+    10 2  0.9392       0.000      0.3051E-01  0.9087    
    9.0-     9 1   2.771       0.000      0.4029       2.368    
   10.0+    10 1   1.038       0.000      0.1481      0.8902    
   10.0-     9 1   3.065       0.000      0.6549       2.410    
   10.0-    11 2  0.3509       0.000      0.1171E-01  0.3391    
   11.0+    10 1   1.137       0.000      0.2390      0.8985    
   11.0+    12 2  0.1295       0.000      0.4465E-02  0.1251    
   11.0-    11 1  0.3843       0.000      0.5448E-01  0.3298    
   12.0+    12 1  0.1408       0.000      0.2006E-01  0.1207    
   12.0-    11 1  0.4177       0.000      0.8729E-01  0.3304    
   12.0-    13 2  0.4734E-01   0.000      0.1694E-02  0.4565E-01
   13.0+    12 1  0.1521       0.000      0.3194E-01  0.1201    
   13.0+    14 2  0.1716E-01   0.000      0.6409E-03  0.1651E-01
   13.0-    13 1  0.5113E-01   0.000      0.7387E-02  0.4374E-01
   14.0+    14 1  0.1843E-01   0.000      0.2722E-02  0.1570E-01
   14.0-    13 1  0.5492E-01   0.000      0.1171E-01  0.4320E-01
   14.0-    15 2  0.6171E-02   0.000      0.2418E-03  0.5929E-02
   15.0+    14 1  0.1970E-01   0.000      0.4300E-02  0.1540E-01
   15.0+    16 2  0.2205E-02   0.000      0.9107E-04  0.2114E-02
   15.0-    15 1  0.6597E-02   0.000      0.1005E-02  0.5592E-02
   16.0+    16 1  0.2348E-02   0.000      0.3719E-03  0.1976E-02
   16.0-    15 1  0.7022E-02   0.000      0.1579E-02  0.5443E-02
   16.0-    17 2  0.7837E-03   0.000      0.3425E-04  0.7494E-03
   17.0+    16 1  0.2490E-02   0.000      0.5799E-03  0.1910E-02
   17.0+    18 2  0.2771E-03   0.000      0.1285E-04  0.2642E-03
   17.0-    17 1  0.8312E-03   0.000      0.1378E-03  0.6934E-03
   18.0+    18 1  0.2929E-03   0.000      0.5103E-04  0.2419E-03
   18.0-    17 1  0.8787E-03   0.000      0.2130E-03  0.6657E-03
   18.0-    19 2  0.9751E-04   0.000      0.4807E-05  0.9271E-04
   19.0+    18 1  0.3087E-03   0.000      0.7861E-04  0.2301E-03
   19.0+    20 2  0.3418E-04   0.000      0.1799E-05  0.3238E-04
   19.0-    19 1  0.1028E-03   0.000      0.1889E-04  0.8390E-04
   20.0+    20 1  0.3593E-04   0.000      0.6995E-05  0.2894E-04
   20.0-    19 1  0.1081E-03   0.000      0.3504E-04  0.7302E-04
   20.0-    21 2  0.1194E-04   0.000      0.6936E-06  0.1124E-04
