# Fusion cross sections for ELAB=  32.000, ECM=  19.191
     0.5   4.645      1
     0.5   9.288     -1
     1.5   15.49      1
     1.5   30.98     -1
     2.5   27.91      1
     2.5   55.82     -1
     3.5   37.25      1
     3.5   74.58     -1
     4.5   46.70      1
     4.5   93.46     -1
     5.5   56.14      1
     5.5   112.4     -1
     6.5   65.41      1
     6.5   131.1     -1
     7.5   74.52      1
     7.5   147.2     -1
     8.5   77.02      1
     8.5   156.1     -1
     9.5   78.31      1
     9.5   152.2     -1
    10.5   63.93      1
    10.5   133.2     -1
    11.5   54.25      1
    11.5   102.9     -1
    12.5   31.71      1
    12.5   69.40     -1
    13.5   23.10      1
    13.5   41.26     -1
    14.5   9.509      1
    14.5   22.25     -1
    15.5   6.525      1
    15.5   11.24     -1
    16.5   2.262      1
    16.5   5.454     -1
    17.5   1.520      1
    17.5   2.587     -1
    18.5  0.4978      1
    18.5   1.211     -1
    19.5  0.3314      1
    19.5  0.5621     -1
    20.5  0.1064      1
    20.5  0.2595     -1
 &
