0.000 1.363
0.000 0.5712E-02
0.000 0.000
0.5000 1.362
-0.5401E-04 0.5732E-02
0.3562E-03 -0.1430E-04
1.000 1.359
-0.1078E-03 0.5790E-02
0.7124E-03 -0.5723E-04
1.500 1.353
-0.1610E-03 0.5888E-02
0.1069E-02 -0.1289E-03
2.000 1.346
-0.2134E-03 0.6025E-02
0.1424E-02 -0.2293E-03
2.500 1.337
-0.2648E-03 0.6202E-02
0.1780E-02 -0.3587E-03
3.000 1.325
-0.3148E-03 0.6419E-02
0.2136E-02 -0.5173E-03
3.500 1.312
-0.3632E-03 0.6677E-02
0.2490E-02 -0.7053E-03
4.000 1.296
-0.4096E-03 0.6977E-02
0.2845E-02 -0.9230E-03
4.500 1.279
-0.4537E-03 0.7318E-02
0.3198E-02 -0.1171E-02
5.000 1.260
-0.4951E-03 0.7703E-02
0.3550E-02 -0.1449E-02
5.500 1.240
-0.5335E-03 0.8131E-02
0.3901E-02 -0.1758E-02
6.000 1.218
-0.5684E-03 0.8605E-02
0.4250E-02 -0.2098E-02
6.500 1.194
-0.5994E-03 0.9124E-02
0.4596E-02 -0.2470E-02
7.000 1.169
-0.6260E-03 0.9690E-02
0.4940E-02 -0.2873E-02
7.500 1.143
-0.6476E-03 0.1030E-01
0.5281E-02 -0.3310E-02
8.000 1.115
-0.6636E-03 0.1097E-01
0.5618E-02 -0.3780E-02
8.500 1.087
-0.6733E-03 0.1168E-01
0.5950E-02 -0.4283E-02
9.000 1.057
-0.6760E-03 0.1244E-01
0.6278E-02 -0.4821E-02
9.500 1.027
-0.6710E-03 0.1326E-01
0.6600E-02 -0.5394E-02
10.00 0.9954
-0.6572E-03 0.1412E-01
0.6915E-02 -0.6002E-02
10.50 0.9636
-0.6336E-03 0.1505E-01
0.7224E-02 -0.6646E-02
11.00 0.9313
-0.5992E-03 0.1602E-01
0.7525E-02 -0.7328E-02
11.50 0.8986
-0.5527E-03 0.1706E-01
0.7817E-02 -0.8046E-02
12.00 0.8655
-0.4927E-03 0.1815E-01
0.8101E-02 -0.8803E-02
12.50 0.8324
-0.4176E-03 0.1930E-01
0.8375E-02 -0.9599E-02
13.00 0.7991
-0.3257E-03 0.2051E-01
0.8640E-02 -0.1043E-01
13.50 0.7658
-0.2152E-03 0.2178E-01
0.8893E-02 -0.1131E-01
14.00 0.7327
-0.8375E-04 0.2310E-01
0.9136E-02 -0.1223E-01
14.50 0.6999
0.7085E-04 0.2450E-01
0.9367E-02 -0.1318E-01
15.00 0.6673
0.2513E-03 0.2595E-01
0.9587E-02 -0.1418E-01
15.50 0.6351
0.4605E-03 0.2747E-01
0.9794E-02 -0.1523E-01
16.00 0.6035
0.7018E-03 0.2905E-01
0.9991E-02 -0.1632E-01
16.50 0.5724
0.9788E-03 0.3070E-01
0.1018E-01 -0.1745E-01
17.00 0.5419
0.1295E-02 0.3241E-01
0.1035E-01 -0.1862E-01
17.50 0.5121
0.1656E-02 0.3419E-01
0.1051E-01 -0.1984E-01
18.00 0.4831
0.2066E-02 0.3603E-01
0.1066E-01 -0.2111E-01
18.50 0.4549
0.2531E-02 0.3794E-01
0.1081E-01 -0.2242E-01
19.00 0.4275
0.3057E-02 0.3992E-01
0.1094E-01 -0.2378E-01
19.50 0.4010
0.3650E-02 0.4196E-01
0.1107E-01 -0.2518E-01
20.00 0.3755
0.4319E-02 0.4406E-01
0.1119E-01 -0.2663E-01
20.50 0.3509
0.5072E-02 0.4622E-01
0.1131E-01 -0.2812E-01
21.00 0.3273
0.5917E-02 0.4844E-01
0.1144E-01 -0.2965E-01
21.50 0.3048
0.6866E-02 0.5070E-01
0.1156E-01 -0.3122E-01
22.00 0.2832
0.7929E-02 0.5302E-01
0.1169E-01 -0.3282E-01
22.50 0.2627
0.9120E-02 0.5536E-01
0.1184E-01 -0.3445E-01
23.00 0.2432
0.1045E-01 0.5773E-01
0.1200E-01 -0.3610E-01
23.50 0.2248
0.1194E-01 0.6011E-01
0.1219E-01 -0.3777E-01
24.00 0.2073
0.1360E-01 0.6247E-01
0.1241E-01 -0.3943E-01
24.50 0.1909
0.1545E-01 0.6480E-01
0.1268E-01 -0.4108E-01
25.00 0.1755
0.1750E-01 0.6706E-01
0.1300E-01 -0.4270E-01
25.50 0.1611
0.1979E-01 0.6921E-01
0.1338E-01 -0.4426E-01
26.00 0.1477
0.2232E-01 0.7121E-01
0.1385E-01 -0.4575E-01
26.50 0.1352
0.2512E-01 0.7300E-01
0.1443E-01 -0.4711E-01
27.00 0.1236
0.2820E-01 0.7451E-01
0.1513E-01 -0.4832E-01
27.50 0.1130
0.3158E-01 0.7566E-01
0.1599E-01 -0.4933E-01
28.00 0.1032
0.3528E-01 0.7634E-01
0.1702E-01 -0.5007E-01
28.50 0.9420E-01
0.3930E-01 0.7646E-01
0.1827E-01 -0.5049E-01
29.00 0.8605E-01
0.4364E-01 0.7588E-01
0.1976E-01 -0.5051E-01
29.50 0.7866E-01
0.4829E-01 0.7446E-01
0.2153E-01 -0.5005E-01
30.00 0.7201E-01
0.5321E-01 0.7207E-01
0.2363E-01 -0.4903E-01
30.50 0.6605E-01
0.5836E-01 0.6855E-01
0.2608E-01 -0.4736E-01
31.00 0.6076E-01
0.6366E-01 0.6377E-01
0.2892E-01 -0.4496E-01
31.50 0.5609E-01
0.6903E-01 0.5761E-01
0.3215E-01 -0.4176E-01
32.00 0.5202E-01
0.7434E-01 0.5000E-01
0.3579E-01 -0.3773E-01
32.50 0.4849E-01
0.7945E-01 0.4090E-01
0.3982E-01 -0.3285E-01
33.00 0.4548E-01
0.8421E-01 0.3037E-01
0.4421E-01 -0.2714E-01
33.50 0.4295E-01
0.8844E-01 0.1855E-01
0.4889E-01 -0.2069E-01
34.00 0.4086E-01
0.9200E-01 0.5631E-02
0.5378E-01 -0.1362E-01
34.50 0.3918E-01
0.9476E-01 -0.8084E-02
0.5879E-01 -0.6091E-02
35.00 0.3787E-01
0.9661E-01 -0.2225E-01
0.6378E-01 0.1682E-02
35.50 0.3691E-01
0.9751E-01 -0.3649E-01
0.6866E-01 0.9485E-02
36.00 0.3625E-01
0.9745E-01 -0.5043E-01
0.7331E-01 0.1710E-01
36.50 0.3587E-01
0.9648E-01 -0.6372E-01
0.7763E-01 0.2432E-01
37.00 0.3573E-01
0.9469E-01 -0.7609E-01
0.8156E-01 0.3099E-01
37.50 0.3582E-01
0.9219E-01 -0.8732E-01
0.8506E-01 0.3698E-01
38.00 0.3609E-01
0.8912E-01 -0.9729E-01
0.8810E-01 0.4222E-01
38.50 0.3654E-01
0.8561E-01 -0.1059
0.9068E-01 0.4668E-01
39.00 0.3712E-01
0.8179E-01 -0.1132
0.9282E-01 0.5035E-01
39.50 0.3782E-01
0.7778E-01 -0.1193
0.9455E-01 0.5327E-01
40.00 0.3861E-01
0.7369E-01 -0.1242
0.9592E-01 0.5549E-01
40.50 0.3948E-01
0.6958E-01 -0.1280
0.9695E-01 0.5708E-01
41.00 0.4040E-01
0.6553E-01 -0.1308
0.9770E-01 0.5810E-01
41.50 0.4137E-01
0.6158E-01 -0.1329
0.9821E-01 0.5861E-01
42.00 0.4235E-01
0.5778E-01 -0.1342
0.9852E-01 0.5870E-01
42.50 0.4335E-01
0.5415E-01 -0.1349
0.9865E-01 0.5842E-01
43.00 0.4433E-01
0.5070E-01 -0.1351
0.9865E-01 0.5783E-01
43.50 0.4530E-01
0.4743E-01 -0.1349
0.9853E-01 0.5698E-01
44.00 0.4624E-01
0.4436E-01 -0.1344
0.9833E-01 0.5591E-01
44.50 0.4714E-01
0.4147E-01 -0.1335
0.9806E-01 0.5466E-01
45.00 0.4800E-01
0.3878E-01 -0.1325
0.9773E-01 0.5326E-01
45.50 0.4880E-01
0.3626E-01 -0.1313
0.9737E-01 0.5174E-01
46.00 0.4953E-01
0.3392E-01 -0.1299
0.9698E-01 0.5012E-01
46.50 0.5020E-01
0.3175E-01 -0.1284
0.9658E-01 0.4842E-01
47.00 0.5081E-01
0.2973E-01 -0.1269
0.9617E-01 0.4665E-01
47.50 0.5133E-01
0.2787E-01 -0.1253
0.9576E-01 0.4484E-01
48.00 0.5178E-01
0.2616E-01 -0.1236
0.9536E-01 0.4298E-01
48.50 0.5215E-01
0.2459E-01 -0.1219
0.9497E-01 0.4108E-01
49.00 0.5245E-01
0.2316E-01 -0.1202
0.9459E-01 0.3916E-01
49.50 0.5266E-01
0.2185E-01 -0.1185
0.9422E-01 0.3722E-01
50.00 0.5279E-01
0.2068E-01 -0.1168
0.9388E-01 0.3526E-01
50.50 0.5284E-01
0.1963E-01 -0.1150
0.9355E-01 0.3328E-01
51.00 0.5282E-01
0.1870E-01 -0.1133
0.9324E-01 0.3130E-01
51.50 0.5272E-01
0.1790E-01 -0.1116
0.9295E-01 0.2929E-01
52.00 0.5255E-01
0.1721E-01 -0.1098
0.9269E-01 0.2728E-01
52.50 0.5231E-01
0.1664E-01 -0.1081
0.9243E-01 0.2526E-01
53.00 0.5200E-01
0.1619E-01 -0.1063
0.9220E-01 0.2323E-01
53.50 0.5162E-01
0.1586E-01 -0.1045
0.9198E-01 0.2119E-01
54.00 0.5119E-01
0.1564E-01 -0.1027
0.9176E-01 0.1914E-01
54.50 0.5070E-01
0.1555E-01 -0.1009
0.9156E-01 0.1709E-01
55.00 0.5015E-01
0.1558E-01 -0.9909E-01
0.9136E-01 0.1502E-01
55.50 0.4956E-01
0.1573E-01 -0.9722E-01
0.9117E-01 0.1295E-01
56.00 0.4892E-01
0.1601E-01 -0.9531E-01
0.9097E-01 0.1087E-01
56.50 0.4824E-01
0.1642E-01 -0.9337E-01
0.9076E-01 0.8786E-02
57.00 0.4753E-01
0.1696E-01 -0.9138E-01
0.9055E-01 0.6695E-02
57.50 0.4678E-01
0.1764E-01 -0.8935E-01
0.9032E-01 0.4598E-02
58.00 0.4601E-01
0.1845E-01 -0.8727E-01
0.9006E-01 0.2497E-02
58.50 0.4521E-01
0.1940E-01 -0.8513E-01
0.8979E-01 0.3951E-03
59.00 0.4439E-01
0.2049E-01 -0.8293E-01
0.8949E-01 -0.1707E-02
59.50 0.4356E-01
0.2173E-01 -0.8066E-01
0.8915E-01 -0.3808E-02
60.00 0.4272E-01
0.2311E-01 -0.7834E-01
0.8878E-01 -0.5904E-02
60.50 0.4186E-01
0.2464E-01 -0.7594E-01
0.8836E-01 -0.7993E-02
61.00 0.4101E-01
0.2633E-01 -0.7346E-01
0.8790E-01 -0.1007E-01
61.50 0.4015E-01
0.2816E-01 -0.7091E-01
0.8739E-01 -0.1214E-01
62.00 0.3930E-01
0.3015E-01 -0.6828E-01
0.8682E-01 -0.1419E-01
62.50 0.3845E-01
0.3229E-01 -0.6556E-01
0.8619E-01 -0.1622E-01
63.00 0.3761E-01
0.3458E-01 -0.6276E-01
0.8549E-01 -0.1822E-01
63.50 0.3678E-01
0.3702E-01 -0.5986E-01
0.8473E-01 -0.2019E-01
64.00 0.3597E-01
0.3961E-01 -0.5688E-01
0.8389E-01 -0.2214E-01
64.50 0.3518E-01
0.4233E-01 -0.5380E-01
0.8298E-01 -0.2404E-01
65.00 0.3440E-01
0.4520E-01 -0.5063E-01
0.8199E-01 -0.2590E-01
65.50 0.3364E-01
0.4820E-01 -0.4735E-01
0.8091E-01 -0.2771E-01
66.00 0.3291E-01
0.5132E-01 -0.4398E-01
0.7974E-01 -0.2947E-01
66.50 0.3220E-01
0.5455E-01 -0.4052E-01
0.7847E-01 -0.3116E-01
67.00 0.3152E-01
0.5788E-01 -0.3696E-01
0.7711E-01 -0.3280E-01
67.50 0.3087E-01
0.6130E-01 -0.3331E-01
0.7565E-01 -0.3436E-01
68.00 0.3024E-01
0.6480E-01 -0.2958E-01
0.7408E-01 -0.3584E-01
68.50 0.2965E-01
0.6835E-01 -0.2576E-01
0.7241E-01 -0.3725E-01
69.00 0.2908E-01
0.7195E-01 -0.2187E-01
0.7062E-01 -0.3856E-01
69.50 0.2855E-01
0.7557E-01 -0.1791E-01
0.6873E-01 -0.3979E-01
70.00 0.2804E-01
0.7919E-01 -0.1390E-01
0.6672E-01 -0.4092E-01
70.50 0.2757E-01
0.8279E-01 -0.9846E-02
0.6460E-01 -0.4194E-01
71.00 0.2713E-01
0.8635E-01 -0.5766E-02
0.6236E-01 -0.4287E-01
71.50 0.2672E-01
0.8985E-01 -0.1674E-02
0.6001E-01 -0.4368E-01
72.00 0.2634E-01
0.9326E-01 0.2413E-02
0.5756E-01 -0.4438E-01
72.50 0.2600E-01
0.9657E-01 0.6479E-02
0.5500E-01 -0.4497E-01
73.00 0.2568E-01
0.9974E-01 0.1050E-01
0.5234E-01 -0.4544E-01
73.50 0.2539E-01
0.1028 0.1447E-01
0.4959E-01 -0.4580E-01
74.00 0.2514E-01
0.1056 0.1835E-01
0.4675E-01 -0.4604E-01
74.50 0.2491E-01
0.1083 0.2214E-01
0.4383E-01 -0.4618E-01
75.00 0.2471E-01
0.1107 0.2581E-01
0.4084E-01 -0.4620E-01
75.50 0.2453E-01
0.1130 0.2934E-01
0.3780E-01 -0.4611E-01
76.00 0.2439E-01
0.1149 0.3272E-01
0.3471E-01 -0.4592E-01
76.50 0.2426E-01
0.1167 0.3594E-01
0.3159E-01 -0.4564E-01
77.00 0.2416E-01
0.1182 0.3898E-01
0.2844E-01 -0.4526E-01
77.50 0.2409E-01
0.1194 0.4183E-01
0.2528E-01 -0.4480E-01
78.00 0.2403E-01
0.1203 0.4449E-01
0.2212E-01 -0.4427E-01
78.50 0.2400E-01
0.1210 0.4694E-01
0.1897E-01 -0.4366E-01
79.00 0.2398E-01
0.1214 0.4918E-01
0.1585E-01 -0.4300E-01
79.50 0.2399E-01
0.1215 0.5121E-01
0.1275E-01 -0.4228E-01
80.00 0.2400E-01
0.1214 0.5303E-01
0.9698E-02 -0.4151E-01
80.50 0.2404E-01
0.1210 0.5465E-01
0.6692E-02 -0.4071E-01
81.00 0.2409E-01
0.1203 0.5606E-01
0.3741E-02 -0.3988E-01
81.50 0.2415E-01
0.1194 0.5727E-01
0.8512E-03 -0.3903E-01
82.00 0.2422E-01
0.1182 0.5828E-01
-0.1974E-02 -0.3817E-01
82.50 0.2430E-01
0.1168 0.5912E-01
-0.4732E-02 -0.3730E-01
83.00 0.2439E-01
0.1152 0.5977E-01
-0.7420E-02 -0.3643E-01
83.50 0.2448E-01
0.1134 0.6025E-01
-0.1004E-01 -0.3557E-01
84.00 0.2458E-01
0.1113 0.6057E-01
-0.1259E-01 -0.3471E-01
84.50 0.2469E-01
0.1091 0.6074E-01
-0.1506E-01 -0.3387E-01
85.00 0.2480E-01
0.1067 0.6076E-01
-0.1748E-01 -0.3305E-01
85.50 0.2491E-01
0.1041 0.6065E-01
-0.1982E-01 -0.3224E-01
86.00 0.2502E-01
0.1014 0.6040E-01
-0.2211E-01 -0.3146E-01
86.50 0.2514E-01
0.9850E-01 0.6003E-01
-0.2434E-01 -0.3070E-01
87.00 0.2525E-01
0.9547E-01 0.5954E-01
-0.2651E-01 -0.2997E-01
87.50 0.2535E-01
0.9229E-01 0.5894E-01
-0.2863E-01 -0.2926E-01
88.00 0.2546E-01
0.8899E-01 0.5823E-01
-0.3071E-01 -0.2857E-01
88.50 0.2556E-01
0.8556E-01 0.5742E-01
-0.3274E-01 -0.2790E-01
89.00 0.2565E-01
0.8202E-01 0.5650E-01
-0.3473E-01 -0.2726E-01
89.50 0.2574E-01
0.7837E-01 0.5548E-01
-0.3668E-01 -0.2664E-01
90.00 0.2582E-01
0.7462E-01 0.5437E-01
-0.3859E-01 -0.2603E-01
90.50 0.2589E-01
0.7076E-01 0.5316E-01
-0.4047E-01 -0.2545E-01
91.00 0.2595E-01
0.6682E-01 0.5185E-01
-0.4232E-01 -0.2487E-01
91.50 0.2600E-01
0.6278E-01 0.5045E-01
-0.4414E-01 -0.2431E-01
92.00 0.2604E-01
0.5865E-01 0.4896E-01
-0.4592E-01 -0.2376E-01
92.50 0.2607E-01
0.5443E-01 0.4737E-01
-0.4768E-01 -0.2321E-01
93.00 0.2609E-01
0.5014E-01 0.4569E-01
-0.4940E-01 -0.2268E-01
93.50 0.2610E-01
0.4575E-01 0.4391E-01
-0.5109E-01 -0.2215E-01
94.00 0.2609E-01
0.4129E-01 0.4205E-01
-0.5275E-01 -0.2162E-01
94.50 0.2607E-01
0.3675E-01 0.4009E-01
-0.5438E-01 -0.2110E-01
95.00 0.2604E-01
0.3212E-01 0.3804E-01
-0.5597E-01 -0.2057E-01
95.50 0.2599E-01
0.2742E-01 0.3591E-01
-0.5752E-01 -0.2005E-01
96.00 0.2593E-01
0.2263E-01 0.3369E-01
-0.5904E-01 -0.1953E-01
96.50 0.2586E-01
0.1776E-01 0.3138E-01
-0.6051E-01 -0.1901E-01
97.00 0.2577E-01
0.1280E-01 0.2899E-01
-0.6195E-01 -0.1849E-01
97.50 0.2567E-01
0.7766E-02 0.2652E-01
-0.6335E-01 -0.1798E-01
98.00 0.2555E-01
0.2641E-02 0.2397E-01
-0.6471E-01 -0.1746E-01
98.50 0.2542E-01
-0.2572E-02 0.2135E-01
-0.6602E-01 -0.1695E-01
99.00 0.2527E-01
-0.7877E-02 0.1865E-01
-0.6730E-01 -0.1644E-01
99.50 0.2511E-01
-0.1327E-01 0.1588E-01
-0.6854E-01 -0.1593E-01
100.0 0.2493E-01
-0.1877E-01 0.1304E-01
-0.6974E-01 -0.1543E-01
100.5 0.2474E-01
-0.2436E-01 0.1014E-01
-0.7090E-01 -0.1493E-01
101.0 0.2453E-01
-0.3006E-01 0.7161E-02
-0.7203E-01 -0.1444E-01
101.5 0.2431E-01
-0.3586E-01 0.4120E-02
-0.7312E-01 -0.1396E-01
102.0 0.2408E-01
-0.4177E-01 0.1013E-02
-0.7419E-01 -0.1348E-01
102.5 0.2383E-01
-0.4779E-01 -0.2162E-02
-0.7523E-01 -0.1300E-01
103.0 0.2357E-01
-0.5393E-01 -0.5405E-02
-0.7624E-01 -0.1253E-01
103.5 0.2329E-01
-0.6018E-01 -0.8720E-02
-0.7724E-01 -0.1206E-01
104.0 0.2300E-01
-0.6657E-01 -0.1211E-01
-0.7822E-01 -0.1160E-01
104.5 0.2270E-01
-0.7308E-01 -0.1557E-01
-0.7918E-01 -0.1114E-01
105.0 0.2239E-01
-0.7973E-01 -0.1912E-01
-0.8014E-01 -0.1068E-01
105.5 0.2207E-01
-0.8651E-01 -0.2276E-01
-0.8108E-01 -0.1022E-01
106.0 0.2173E-01
-0.9344E-01 -0.2650E-01
-0.8202E-01 -0.9758E-02
106.5 0.2139E-01
-0.1005 -0.3034E-01
-0.8296E-01 -0.9288E-02
107.0 0.2103E-01
-0.1077 -0.3429E-01
-0.8390E-01 -0.8810E-02
107.5 0.2066E-01
-0.1151 -0.3836E-01
-0.8484E-01 -0.8320E-02
108.0 0.2028E-01
-0.1227 -0.4257E-01
-0.8579E-01 -0.7815E-02
108.5 0.1990E-01
-0.1304 -0.4692E-01
-0.8673E-01 -0.7293E-02
109.0 0.1950E-01
-0.1383 -0.5142E-01
-0.8768E-01 -0.6749E-02
109.5 0.1910E-01
-0.1464 -0.5610E-01
-0.8862E-01 -0.6180E-02
110.0 0.1869E-01
-0.1547 -0.6095E-01
-0.8957E-01 -0.5583E-02
110.5 0.1828E-01
-0.1631 -0.6600E-01
-0.9051E-01 -0.4954E-02
111.0 0.1785E-01
-0.1718 -0.7125E-01
-0.9144E-01 -0.4290E-02
111.5 0.1743E-01
-0.1807 -0.7673E-01
-0.9236E-01 -0.3587E-02
112.0 0.1699E-01
-0.1897 -0.8245E-01
-0.9326E-01 -0.2843E-02
112.5 0.1656E-01
-0.1990 -0.8842E-01
-0.9415E-01 -0.2053E-02
113.0 0.1612E-01
-0.2086 -0.9465E-01
-0.9500E-01 -0.1216E-02
113.5 0.1567E-01
-0.2183 -0.1012
-0.9581E-01 -0.3289E-03
114.0 0.1523E-01
-0.2283 -0.1080
-0.9659E-01 0.6114E-03
114.5 0.1478E-01
-0.2386 -0.1151
-0.9731E-01 0.1607E-02
115.0 0.1433E-01
-0.2490 -0.1226
-0.9797E-01 0.2659E-02
115.5 0.1389E-01
-0.2598 -0.1304
-0.9856E-01 0.3771E-02
116.0 0.1344E-01
-0.2708 -0.1385
-0.9908E-01 0.4943E-02
116.5 0.1299E-01
-0.2820 -0.1471
-0.9951E-01 0.6179E-02
117.0 0.1255E-01
-0.2935 -0.1560
-0.9984E-01 0.7478E-02
117.5 0.1210E-01
-0.3053 -0.1654
-0.1001 0.8843E-02
118.0 0.1167E-01
-0.3173 -0.1752
-0.1002 0.1028E-01
118.5 0.1123E-01
-0.3296 -0.1854
-0.1002 0.1178E-01
119.0 0.1080E-01
-0.3421 -0.1962
-0.9999E-01 0.1335E-01
119.5 0.1037E-01
-0.3548 -0.2074
-0.9968E-01 0.1500E-01
120.0 0.9953E-02
-0.3678 -0.2192
-0.9919E-01 0.1673E-01
120.5 0.9540E-02
-0.3809 -0.2314
-0.9853E-01 0.1853E-01
121.0 0.9133E-02
-0.3942 -0.2443
-0.9767E-01 0.2042E-01
121.5 0.8734E-02
-0.4076 -0.2578
-0.9659E-01 0.2240E-01
122.0 0.8343E-02
-0.4210 -0.2719
-0.9528E-01 0.2447E-01
122.5 0.7961E-02
-0.4344 -0.2866
-0.9372E-01 0.2663E-01
123.0 0.7589E-02
-0.4478 -0.3020
-0.9187E-01 0.2890E-01
123.5 0.7227E-02
-0.4609 -0.3181
-0.8971E-01 0.3128E-01
124.0 0.6875E-02
-0.4737 -0.3349
-0.8721E-01 0.3377E-01
124.5 0.6535E-02
-0.4861 -0.3523
-0.8434E-01 0.3639E-01
125.0 0.6206E-02
-0.4978 -0.3705
-0.8105E-01 0.3912E-01
125.5 0.5890E-02
-0.5086 -0.3893
-0.7730E-01 0.4199E-01
126.0 0.5587E-02
-0.5183 -0.4088
-0.7305E-01 0.4499E-01
126.5 0.5297E-02
-0.5265 -0.4288
-0.6823E-01 0.4812E-01
127.0 0.5021E-02
-0.5330 -0.4492
-0.6280E-01 0.5137E-01
127.5 0.4760E-02
-0.5373 -0.4700
-0.5670E-01 0.5474E-01
128.0 0.4513E-02
-0.5389 -0.4909
-0.4988E-01 0.5821E-01
128.5 0.4282E-02
-0.5374 -0.5116
-0.4228E-01 0.6176E-01
129.0 0.4067E-02
-0.5322 -0.5320
-0.3386E-01 0.6535E-01
129.5 0.3869E-02
-0.5227 -0.5515
-0.2460E-01 0.6894E-01
130.0 0.3687E-02
-0.5084 -0.5698
-0.1448E-01 0.7248E-01
130.5 0.3522E-02
-0.4887 -0.5863
-0.3515E-02 0.7589E-01
131.0 0.3375E-02
-0.4631 -0.6004
0.8234E-02 0.7910E-01
131.5 0.3245E-02
-0.4312 -0.6116
0.2068E-01 0.8201E-01
132.0 0.3134E-02
-0.3929 -0.6192
0.3367E-01 0.8453E-01
132.5 0.3041E-02
-0.3481 -0.6226
0.4703E-01 0.8656E-01
133.0 0.2968E-02
-0.2971 -0.6214
0.6052E-01 0.8801E-01
133.5 0.2913E-02
-0.2406 -0.6151
0.7387E-01 0.8879E-01
134.0 0.2877E-02
-0.1793 -0.6036
0.8678E-01 0.8884E-01
134.5 0.2862E-02
-0.1145 -0.5868
0.9895E-01 0.8813E-01
135.0 0.2866E-02
-0.4747E-01 -0.5650
0.1101 0.8667E-01
135.5 0.2889E-02
0.2029E-01 -0.5386
0.1200 0.8447E-01
136.0 0.2933E-02
0.8727E-01 -0.5083
0.1284 0.8162E-01
136.5 0.2997E-02
0.1521 -0.4748
0.1352 0.7819E-01
137.0 0.3081E-02
0.2135 -0.4391
0.1404 0.7430E-01
137.5 0.3185E-02
0.2704 -0.4019
0.1440 0.7006E-01
138.0 0.3309E-02
0.3223 -0.3642
0.1460 0.6560E-01
138.5 0.3454E-02
0.3685 -0.3267
0.1466 0.6103E-01
139.0 0.3619E-02
0.4090 -0.2900
0.1459 0.5645E-01
139.5 0.3803E-02
0.4437 -0.2546
0.1442 0.5195E-01
140.0 0.4008E-02
0.4729 -0.2209
0.1415 0.4759E-01
140.5 0.4233E-02
0.4968 -0.1892
0.1381 0.4344E-01
141.0 0.4478E-02
0.5160 -0.1597
0.1341 0.3952E-01
141.5 0.4742E-02
0.5308 -0.1323
0.1297 0.3585E-01
142.0 0.5025E-02
0.5417 -0.1071
0.1251 0.3245E-01
142.5 0.5328E-02
0.5492 -0.8400E-01
0.1202 0.2932E-01
143.0 0.5649E-02
0.5537 -0.6298E-01
0.1153 0.2645E-01
143.5 0.5989E-02
0.5556 -0.4389E-01
0.1103 0.2384E-01
144.0 0.6348E-02
0.5554 -0.2660E-01
0.1054 0.2146E-01
144.5 0.6724E-02
0.5532 -0.1097E-01
0.1006 0.1930E-01
145.0 0.7119E-02
0.5495 0.3129E-02
0.9587E-01 0.1735E-01
145.5 0.7530E-02
0.5445 0.1584E-01
0.9132E-01 0.1558E-01
146.0 0.7959E-02
0.5384 0.2728E-01
0.8694E-01 0.1397E-01
146.5 0.8404E-02
0.5313 0.3759E-01
0.8274E-01 0.1252E-01
147.0 0.8866E-02
0.5236 0.4686E-01
0.7872E-01 0.1120E-01
147.5 0.9343E-02
0.5153 0.5521E-01
0.7489E-01 0.9996E-02
148.0 0.9835E-02
0.5065 0.6273E-01
0.7123E-01 0.8898E-02
148.5 0.1034E-01
0.4973 0.6951E-01
0.6775E-01 0.7891E-02
149.0 0.1086E-01
0.4878 0.7561E-01
0.6443E-01 0.6964E-02
149.5 0.1140E-01
0.4782 0.8112E-01
0.6127E-01 0.6110E-02
150.0 0.1195E-01
0.4684 0.8609E-01
0.5826E-01 0.5318E-02
150.5 0.1251E-01
0.4585 0.9058E-01
0.5539E-01 0.4582E-02
151.0 0.1308E-01
0.4486 0.9463E-01
0.5264E-01 0.3896E-02
151.5 0.1367E-01
0.4387 0.9829E-01
0.5002E-01 0.3256E-02
152.0 0.1426E-01
0.4287 0.1016
0.4750E-01 0.2658E-02
152.5 0.1486E-01
0.4189 0.1046
0.4509E-01 0.2100E-02
153.0 0.1548E-01
0.4090 0.1072
0.4276E-01 0.1579E-02
153.5 0.1610E-01
0.3993 0.1096
0.4053E-01 0.1094E-02
154.0 0.1673E-01
0.3896 0.1118
0.3838E-01 0.6444E-03
154.5 0.1737E-01
0.3800 0.1137
0.3630E-01 0.2300E-03
155.0 0.1801E-01
0.3705 0.1154
0.3429E-01 -0.1494E-03
155.5 0.1866E-01
0.3611 0.1169
0.3236E-01 -0.4935E-03
156.0 0.1931E-01
0.3519 0.1183
0.3049E-01 -0.8021E-03
156.5 0.1997E-01
0.3427 0.1194
0.2868E-01 -0.1075E-02
157.0 0.2063E-01
0.3337 0.1204
0.2695E-01 -0.1311E-02
157.5 0.2129E-01
0.3247 0.1212
0.2527E-01 -0.1512E-02
158.0 0.2196E-01
0.3159 0.1219
0.2366E-01 -0.1676E-02
158.5 0.2262E-01
0.3072 0.1225
0.2212E-01 -0.1804E-02
159.0 0.2328E-01
0.2986 0.1229
0.2065E-01 -0.1897E-02
159.5 0.2395E-01
0.2901 0.1232
0.1925E-01 -0.1956E-02
160.0 0.2461E-01
0.2817 0.1234
0.1792E-01 -0.1981E-02
160.5 0.2526E-01
0.2734 0.1235
0.1666E-01 -0.1975E-02
161.0 0.2592E-01
0.2652 0.1236
0.1547E-01 -0.1940E-02
161.5 0.2657E-01
0.2571 0.1235
0.1437E-01 -0.1877E-02
162.0 0.2721E-01
0.2491 0.1234
0.1334E-01 -0.1789E-02
162.5 0.2785E-01
0.2412 0.1233
0.1239E-01 -0.1679E-02
163.0 0.2848E-01
0.2333 0.1231
0.1151E-01 -0.1550E-02
163.5 0.2910E-01
0.2256 0.1228
0.1071E-01 -0.1405E-02
164.0 0.2971E-01
0.2179 0.1226
0.9992E-02 -0.1248E-02
164.5 0.3031E-01
0.2103 0.1223
0.9343E-02 -0.1082E-02
165.0 0.3091E-01
0.2028 0.1220
0.8764E-02 -0.9095E-03
165.5 0.3149E-01
0.1954 0.1218
0.8253E-02 -0.7351E-03
166.0 0.3206E-01
0.1880 0.1215
0.7805E-02 -0.5617E-03
166.5 0.3262E-01
0.1807 0.1213
0.7416E-02 -0.3922E-03
167.0 0.3316E-01
0.1734 0.1211
0.7080E-02 -0.2297E-03
167.5 0.3369E-01
0.1662 0.1209
0.6793E-02 -0.7663E-04
168.0 0.3421E-01
0.1591 0.1207
0.6547E-02 0.6461E-04
168.5 0.3471E-01
0.1520 0.1206
0.6337E-02 0.1921E-03
169.0 0.3520E-01
0.1450 0.1206
0.6156E-02 0.3042E-03
169.5 0.3566E-01
0.1381 0.1206
0.5998E-02 0.3998E-03
170.0 0.3612E-01
0.1312 0.1206
0.5855E-02 0.4781E-03
170.5 0.3655E-01
0.1243 0.1206
0.5722E-02 0.5387E-03
171.0 0.3696E-01
0.1175 0.1208
0.5591E-02 0.5817E-03
171.5 0.3736E-01
0.1107 0.1209
0.5458E-02 0.6075E-03
172.0 0.3774E-01
0.1040 0.1211
0.5317E-02 0.6169E-03
172.5 0.3809E-01
0.9727E-01 0.1213
0.5162E-02 0.6111E-03
173.0 0.3843E-01
0.9061E-01 0.1216
0.4989E-02 0.5915E-03
173.5 0.3875E-01
0.8399E-01 0.1218
0.4795E-02 0.5599E-03
174.0 0.3904E-01
0.7740E-01 0.1221
0.4576E-02 0.5183E-03
174.5 0.3931E-01
0.7084E-01 0.1224
0.4330E-02 0.4686E-03
175.0 0.3956E-01
0.6431E-01 0.1227
0.4057E-02 0.4132E-03
175.5 0.3979E-01
0.5780E-01 0.1230
0.3755E-02 0.3544E-03
176.0 0.4000E-01
0.5132E-01 0.1233
0.3424E-02 0.2943E-03
176.5 0.4018E-01
0.4486E-01 0.1235
0.3066E-02 0.2352E-03
177.0 0.4033E-01
0.3842E-01 0.1238
0.2681E-02 0.1793E-03
177.5 0.4047E-01
0.3199E-01 0.1240
0.2274E-02 0.1284E-03
178.0 0.4058E-01
0.2558E-01 0.1241
0.1845E-02 0.8422E-04
178.5 0.4066E-01
0.1917E-01 0.1243
0.1399E-02 0.4829E-04
179.0 0.4072E-01
0.1278E-01 0.1244
0.9405E-03 0.2175E-04
179.5 0.4076E-01
0.6388E-02 0.1245
0.4725E-03 0.5483E-05
180.0 0.4077E-01
0.000 0.1245
0.000 0.000
