0.000 2.444
0.000 0.7071
0.000 0.000
0.5000 2.444
-0.1686E-01 0.7067
0.5829E-02 0.1638E-03
1.000 2.442
-0.3368E-01 0.7053
0.1166E-01 0.6547E-03
1.500 2.439
-0.5046E-01 0.7031
0.1748E-01 0.1472E-02
2.000 2.435
-0.6715E-01 0.6999
0.2329E-01 0.2612E-02
2.500 2.430
-0.8372E-01 0.6958
0.2909E-01 0.4074E-02
3.000 2.423
-0.1002 0.6909
0.3487E-01 0.5853E-02
3.500 2.416
-0.1164 0.6850
0.4064E-01 0.7945E-02
4.000 2.407
-0.1325 0.6782
0.4638E-01 0.1034E-01
4.500 2.398
-0.1483 0.6705
0.5209E-01 0.1304E-01
5.000 2.387
-0.1639 0.6619
0.5778E-01 0.1604E-01
5.500 2.376
-0.1792 0.6523
0.6342E-01 0.1932E-01
6.000 2.363
-0.1941 0.6419
0.6903E-01 0.2287E-01
6.500 2.350
-0.2087 0.6305
0.7458E-01 0.2669E-01
7.000 2.336
-0.2229 0.6182
0.8008E-01 0.3077E-01
7.500 2.321
-0.2366 0.6050
0.8552E-01 0.3509E-01
8.000 2.306
-0.2499 0.5909
0.9090E-01 0.3963E-01
8.500 2.289
-0.2626 0.5759
0.9619E-01 0.4439E-01
9.000 2.272
-0.2748 0.5601
0.1014 0.4936E-01
9.500 2.255
-0.2865 0.5433
0.1065 0.5450E-01
10.00 2.237
-0.2975 0.5257
0.1115 0.5981E-01
10.50 2.219
-0.3079 0.5073
0.1165 0.6527E-01
11.00 2.200
-0.3176 0.4881
0.1212 0.7085E-01
11.50 2.181
-0.3265 0.4681
0.1259 0.7655E-01
12.00 2.161
-0.3348 0.4474
0.1304 0.8234E-01
12.50 2.141
-0.3422 0.4259
0.1348 0.8820E-01
13.00 2.121
-0.3489 0.4038
0.1390 0.9410E-01
13.50 2.100
-0.3548 0.3811
0.1431 0.1000
14.00 2.079
-0.3598 0.3577
0.1470 0.1060
14.50 2.058
-0.3639 0.3339
0.1506 0.1119
15.00 2.037
-0.3672 0.3095
0.1541 0.1178
15.50 2.016
-0.3696 0.2847
0.1574 0.1236
16.00 1.994
-0.3711 0.2595
0.1605 0.1294
16.50 1.972
-0.3717 0.2340
0.1634 0.1351
17.00 1.950
-0.3715 0.2082
0.1660 0.1406
17.50 1.928
-0.3703 0.1822
0.1684 0.1460
18.00 1.906
-0.3683 0.1560
0.1706 0.1513
18.50 1.883
-0.3654 0.1297
0.1725 0.1564
19.00 1.861
-0.3616 0.1033
0.1741 0.1613
19.50 1.838
-0.3570 0.7692E-01
0.1756 0.1660
20.00 1.815
-0.3516 0.5059E-01
0.1768 0.1704
20.50 1.792
-0.3454 0.2436E-01
0.1777 0.1747
21.00 1.769
-0.3383 -0.1727E-02
0.1783 0.1787
21.50 1.746
-0.3306 -0.2762E-01
0.1788 0.1825
22.00 1.722
-0.3221 -0.5327E-01
0.1789 0.1860
22.50 1.699
-0.3129 -0.7865E-01
0.1788 0.1892
23.00 1.675
-0.3030 -0.1037
0.1785 0.1921
23.50 1.652
-0.2925 -0.1284
0.1779 0.1948
24.00 1.628
-0.2813 -0.1527
0.1771 0.1971
24.50 1.604
-0.2696 -0.1766
0.1760 0.1992
25.00 1.580
-0.2573 -0.2001
0.1747 0.2009
25.50 1.556
-0.2446 -0.2230
0.1732 0.2024
26.00 1.532
-0.2313 -0.2455
0.1715 0.2035
26.50 1.508
-0.2176 -0.2674
0.1695 0.2042
27.00 1.484
-0.2034 -0.2888
0.1674 0.2047
27.50 1.460
-0.1889 -0.3097
0.1650 0.2048
28.00 1.436
-0.1740 -0.3300
0.1625 0.2046
28.50 1.411
-0.1588 -0.3497
0.1598 0.2041
29.00 1.387
-0.1433 -0.3688
0.1569 0.2032
29.50 1.363
-0.1275 -0.3873
0.1538 0.2020
30.00 1.339
-0.1115 -0.4053
0.1506 0.2005
30.50 1.315
-0.9532E-01 -0.4226
0.1472 0.1986
31.00 1.291
-0.7893E-01 -0.4393
0.1437 0.1964
31.50 1.267
-0.6239E-01 -0.4553
0.1400 0.1938
32.00 1.243
-0.4571E-01 -0.4708
0.1362 0.1910
32.50 1.219
-0.2894E-01 -0.4857
0.1323 0.1878
33.00 1.196
-0.1209E-01 -0.4999
0.1283 0.1842
33.50 1.172
0.4822E-02 -0.5135
0.1242 0.1804
34.00 1.149
0.2176E-01 -0.5266
0.1200 0.1762
34.50 1.125
0.3872E-01 -0.5389
0.1157 0.1717
35.00 1.102
0.5566E-01 -0.5507
0.1113 0.1669
35.50 1.079
0.7258E-01 -0.5619
0.1068 0.1618
36.00 1.055
0.8945E-01 -0.5724
0.1022 0.1564
36.50 1.032
0.1063 -0.5823
0.9760E-01 0.1507
37.00 1.010
0.1230 -0.5916
0.9292E-01 0.1447
37.50 0.9869
0.1396 -0.6002
0.8818E-01 0.1385
38.00 0.9644
0.1561 -0.6082
0.8338E-01 0.1320
38.50 0.9420
0.1725 -0.6155
0.7853E-01 0.1252
39.00 0.9197
0.1887 -0.6221
0.7364E-01 0.1182
39.50 0.8977
0.2048 -0.6281
0.6871E-01 0.1110
40.00 0.8758
0.2206 -0.6333
0.6374E-01 0.1035
40.50 0.8541
0.2363 -0.6379
0.5873E-01 0.9592E-01
41.00 0.8326
0.2518 -0.6417
0.5370E-01 0.8812E-01
41.50 0.8113
0.2670 -0.6447
0.4864E-01 0.8016E-01
42.00 0.7902
0.2820 -0.6470
0.4356E-01 0.7206E-01
42.50 0.7694
0.2967 -0.6484
0.3846E-01 0.6386E-01
43.00 0.7488
0.3111 -0.6490
0.3335E-01 0.5557E-01
43.50 0.7284
0.3252 -0.6487
0.2823E-01 0.4721E-01
44.00 0.7084
0.3389 -0.6475
0.2310E-01 0.3882E-01
44.50 0.6886
0.3523 -0.6454
0.1798E-01 0.3042E-01
45.00 0.6691
0.3654 -0.6424
0.1286E-01 0.2205E-01
45.50 0.6499
0.3780 -0.6383
0.7753E-02 0.1374E-01
46.00 0.6311
0.3902 -0.6332
0.2660E-02 0.5518E-02
46.50 0.6126
0.4019 -0.6270
-0.2410E-02 -0.2574E-02
47.00 0.5944
0.4132 -0.6197
-0.7452E-02 -0.1050E-01
47.50 0.5766
0.4239 -0.6112
-0.1246E-01 -0.1822E-01
48.00 0.5591
0.4341 -0.6016
-0.1743E-01 -0.2569E-01
48.50 0.5420
0.4437 -0.5908
-0.2234E-01 -0.3287E-01
49.00 0.5253
0.4526 -0.5787
-0.2721E-01 -0.3973E-01
49.50 0.5090
0.4610 -0.5654
-0.3200E-01 -0.4620E-01
50.00 0.4931
0.4686 -0.5507
-0.3673E-01 -0.5226E-01
50.50 0.4776
0.4755 -0.5348
-0.4137E-01 -0.5785E-01
51.00 0.4625
0.4817 -0.5175
-0.4593E-01 -0.6293E-01
51.50 0.4478
0.4871 -0.4989
-0.5038E-01 -0.6745E-01
52.00 0.4335
0.4916 -0.4789
-0.5473E-01 -0.7137E-01
52.50 0.4196
0.4953 -0.4575
-0.5896E-01 -0.7465E-01
53.00 0.4062
0.4981 -0.4348
-0.6306E-01 -0.7724E-01
53.50 0.3932
0.5000 -0.4108
-0.6702E-01 -0.7910E-01
54.00 0.3806
0.5009 -0.3854
-0.7082E-01 -0.8020E-01
54.50 0.3684
0.5008 -0.3588
-0.7447E-01 -0.8049E-01
55.00 0.3566
0.4997 -0.3309
-0.7795E-01 -0.7995E-01
55.50 0.3452
0.4975 -0.3018
-0.8124E-01 -0.7855E-01
56.00 0.3343
0.4943 -0.2716
-0.8434E-01 -0.7625E-01
56.50 0.3237
0.4900 -0.2403
-0.8723E-01 -0.7304E-01
57.00 0.3136
0.4846 -0.2080
-0.8991E-01 -0.6891E-01
57.50 0.3038
0.4781 -0.1748
-0.9236E-01 -0.6384E-01
58.00 0.2944
0.4704 -0.1408
-0.9457E-01 -0.5783E-01
58.50 0.2854
0.4617 -0.1062
-0.9652E-01 -0.5088E-01
59.00 0.2768
0.4519 -0.7091E-01
-0.9822E-01 -0.4300E-01
59.50 0.2685
0.4409 -0.3523E-01
-0.9964E-01 -0.3421E-01
60.00 0.2606
0.4289 0.7459E-03
-0.1008 -0.2453E-01
60.50 0.2530
0.4159 0.3686E-01
-0.1016 -0.1400E-01
61.00 0.2458
0.4018 0.7294E-01
-0.1022 -0.2639E-02
61.50 0.2388
0.3868 0.1088
-0.1024 0.9492E-02
62.00 0.2322
0.3709 0.1444
-0.1024 0.2234E-01
62.50 0.2259
0.3541 0.1794
-0.1020 0.3585E-01
63.00 0.2199
0.3365 0.2137
-0.1012 0.4995E-01
63.50 0.2142
0.3181 0.2471
-0.1002 0.6457E-01
64.00 0.2088
0.2992 0.2794
-0.9879E-01 0.7962E-01
64.50 0.2036
0.2796 0.3105
-0.9705E-01 0.9503E-01
65.00 0.1987
0.2595 0.3402
-0.9498E-01 0.1107
65.50 0.1941
0.2390 0.3683
-0.9256E-01 0.1265
66.00 0.1897
0.2183 0.3947
-0.8981E-01 0.1425
66.50 0.1855
0.1973 0.4191
-0.8672E-01 0.1584
67.00 0.1815
0.1762 0.4416
-0.8329E-01 0.1741
67.50 0.1777
0.1551 0.4620
-0.7954E-01 0.1897
68.00 0.1742
0.1341 0.4801
-0.7548E-01 0.2050
68.50 0.1708
0.1133 0.4960
-0.7109E-01 0.2198
69.00 0.1676
0.9271E-01 0.5094
-0.6641E-01 0.2342
69.50 0.1645
0.7254E-01 0.5205
-0.6143E-01 0.2480
70.00 0.1617
0.5283E-01 0.5291
-0.5618E-01 0.2612
70.50 0.1589
0.3367E-01 0.5352
-0.5065E-01 0.2736
71.00 0.1563
0.1513E-01 0.5388
-0.4487E-01 0.2853
71.50 0.1539
-0.2704E-02 0.5400
-0.3885E-01 0.2961
72.00 0.1515
-0.1977E-01 0.5388
-0.3260E-01 0.3061
72.50 0.1493
-0.3602E-01 0.5353
-0.2614E-01 0.3151
73.00 0.1472
-0.5138E-01 0.5294
-0.1949E-01 0.3231
73.50 0.1451
-0.6583E-01 0.5214
-0.1265E-01 0.3302
74.00 0.1432
-0.7931E-01 0.5112
-0.5650E-02 0.3363
74.50 0.1413
-0.9181E-01 0.4991
0.1499E-02 0.3414
75.00 0.1395
-0.1033 0.4850
0.8782E-02 0.3455
75.50 0.1378
-0.1137 0.4691
0.1618E-01 0.3486
76.00 0.1361
-0.1231 0.4516
0.2369E-01 0.3507
76.50 0.1344
-0.1315 0.4326
0.3128E-01 0.3519
77.00 0.1329
-0.1388 0.4121
0.3895E-01 0.3521
77.50 0.1313
-0.1450 0.3904
0.4668E-01 0.3513
78.00 0.1298
-0.1503 0.3675
0.5445E-01 0.3497
78.50 0.1283
-0.1544 0.3435
0.6226E-01 0.3472
79.00 0.1268
-0.1576 0.3187
0.7009E-01 0.3439
79.50 0.1253
-0.1598 0.2931
0.7793E-01 0.3398
80.00 0.1238
-0.1611 0.2668
0.8577E-01 0.3350
80.50 0.1224
-0.1613 0.2400
0.9360E-01 0.3295
81.00 0.1209
-0.1607 0.2128
0.1014 0.3233
81.50 0.1194
-0.1592 0.1852
0.1092 0.3165
82.00 0.1180
-0.1568 0.1573
0.1169 0.3091
82.50 0.1165
-0.1536 0.1294
0.1246 0.3012
83.00 0.1150
-0.1495 0.1014
0.1322 0.2928
83.50 0.1135
-0.1447 0.7337E-01
0.1397 0.2840
84.00 0.1120
-0.1391 0.4550E-01
0.1472 0.2747
84.50 0.1105
-0.1327 0.1780E-01
0.1545 0.2651
85.00 0.1089
-0.1257 -0.9639E-02
0.1618 0.2551
85.50 0.1074
-0.1180 -0.3676E-01
0.1690 0.2449
86.00 0.1058
-0.1096 -0.6351E-01
0.1760 0.2344
86.50 0.1042
-0.1006 -0.8982E-01
0.1829 0.2237
87.00 0.1026
-0.9095E-01 -0.1156
0.1897 0.2128
87.50 0.1010
-0.8073E-01 -0.1409
0.1964 0.2017
88.00 0.9932E-01
-0.6993E-01 -0.1656
0.2028 0.1906
88.50 0.9767E-01
-0.5858E-01 -0.1897
0.2091 0.1793
89.00 0.9602E-01
-0.4670E-01 -0.2131
0.2153 0.1680
89.50 0.9435E-01
-0.3431E-01 -0.2358
0.2212 0.1567
90.00 0.9268E-01
-0.2143E-01 -0.2577
0.2269 0.1454
90.50 0.9100E-01
-0.8079E-02 -0.2788
0.2324 0.1341
91.00 0.8932E-01
0.5727E-02 -0.2991
0.2376 0.1230
91.50 0.8764E-01
0.1997E-01 -0.3185
0.2426 0.1119
92.00 0.8597E-01
0.3461E-01 -0.3370
0.2473 0.1010
92.50 0.8431E-01
0.4965E-01 -0.3545
0.2517 0.9028E-01
93.00 0.8265E-01
0.6506E-01 -0.3711
0.2557 0.7978E-01
93.50 0.8101E-01
0.8080E-01 -0.3865
0.2594 0.6953E-01
94.00 0.7938E-01
0.9686E-01 -0.4010
0.2628 0.5957E-01
94.50 0.7777E-01
0.1132 -0.4142
0.2658 0.4995E-01
95.00 0.7618E-01
0.1298 -0.4264
0.2683 0.4069E-01
95.50 0.7462E-01
0.1466 -0.4373
0.2704 0.3184E-01
96.00 0.7309E-01
0.1636 -0.4469
0.2721 0.2344E-01
96.50 0.7159E-01
0.1807 -0.4553
0.2732 0.1552E-01
97.00 0.7012E-01
0.1979 -0.4623
0.2738 0.8140E-02
97.50 0.6869E-01
0.2152 -0.4680
0.2739 0.1327E-02
98.00 0.6729E-01
0.2324 -0.4722
0.2734 -0.4874E-02
98.50 0.6594E-01
0.2496 -0.4750
0.2723 -0.1043E-01
99.00 0.6463E-01
0.2667 -0.4763
0.2706 -0.1529E-01
99.50 0.6337E-01
0.2836 -0.4761
0.2682 -0.1943E-01
100.0 0.6215E-01
0.3002 -0.4744
0.2652 -0.2281E-01
100.5 0.6098E-01
0.3165 -0.4711
0.2616 -0.2541E-01
101.0 0.5986E-01
0.3324 -0.4664
0.2572 -0.2719E-01
101.5 0.5880E-01
0.3478 -0.4600
0.2522 -0.2814E-01
102.0 0.5778E-01
0.3628 -0.4522
0.2464 -0.2825E-01
102.5 0.5682E-01
0.3771 -0.4429
0.2400 -0.2749E-01
103.0 0.5591E-01
0.3908 -0.4322
0.2330 -0.2589E-01
103.5 0.5506E-01
0.4037 -0.4201
0.2252 -0.2342E-01
104.0 0.5425E-01
0.4158 -0.4066
0.2168 -0.2013E-01
104.5 0.5351E-01
0.4271 -0.3919
0.2078 -0.1601E-01
105.0 0.5281E-01
0.4375 -0.3760
0.1983 -0.1111E-01
105.5 0.5216E-01
0.4470 -0.3591
0.1882 -0.5458E-02
106.0 0.5157E-01
0.4555 -0.3412
0.1775 0.8963E-03
106.5 0.5102E-01
0.4630 -0.3224
0.1665 0.7903E-02
107.0 0.5052E-01
0.4695 -0.3030
0.1550 0.1550E-01
107.5 0.5007E-01
0.4750 -0.2829
0.1432 0.2363E-01
108.0 0.4965E-01
0.4796 -0.2624
0.1310 0.3222E-01
108.5 0.4928E-01
0.4831 -0.2415
0.1187 0.4119E-01
109.0 0.4895E-01
0.4857 -0.2205
0.1061 0.5048E-01
109.5 0.4865E-01
0.4873 -0.1994
0.9339E-01 0.6000E-01
110.0 0.4838E-01
0.4881 -0.1783
0.8060E-01 0.6969E-01
110.5 0.4814E-01
0.4880 -0.1575
0.6777E-01 0.7945E-01
111.0 0.4793E-01
0.4871 -0.1369
0.5495E-01 0.8923E-01
111.5 0.4774E-01
0.4855 -0.1167
0.4219E-01 0.9895E-01
112.0 0.4757E-01
0.4832 -0.9696E-01
0.2952E-01 0.1085
112.5 0.4742E-01
0.4803 -0.7781E-01
0.1698E-01 0.1179
113.0 0.4727E-01
0.4769 -0.5931E-01
0.4597E-02 0.1271
113.5 0.4714E-01
0.4730 -0.4151E-01
-0.7597E-02 0.1359
114.0 0.4701E-01
0.4686 -0.2448E-01
-0.1958E-01 0.1444
114.5 0.4689E-01
0.4639 -0.8256E-02
-0.3135E-01 0.1525
115.0 0.4676E-01
0.4589 0.7126E-02
-0.4287E-01 0.1602
115.5 0.4662E-01
0.4537 0.2164E-01
-0.5414E-01 0.1674
116.0 0.4648E-01
0.4483 0.3527E-01
-0.6516E-01 0.1742
116.5 0.4633E-01
0.4427 0.4799E-01
-0.7592E-01 0.1804
117.0 0.4616E-01
0.4371 0.5982E-01
-0.8643E-01 0.1861
117.5 0.4598E-01
0.4314 0.7075E-01
-0.9668E-01 0.1912
118.0 0.4577E-01
0.4257 0.8078E-01
-0.1067 0.1959
118.5 0.4554E-01
0.4201 0.8992E-01
-0.1165 0.1999
119.0 0.4529E-01
0.4145 0.9820E-01
-0.1260 0.2034
119.5 0.4501E-01
0.4090 0.1056
-0.1353 0.2063
120.0 0.4471E-01
0.4036 0.1122
-0.1444 0.2087
120.5 0.4437E-01
0.3983 0.1180
-0.1533 0.2105
121.0 0.4401E-01
0.3932 0.1230
-0.1620 0.2118
121.5 0.4361E-01
0.3883 0.1273
-0.1705 0.2125
122.0 0.4318E-01
0.3836 0.1308
-0.1789 0.2127
122.5 0.4272E-01
0.3791 0.1336
-0.1871 0.2124
123.0 0.4222E-01
0.3748 0.1357
-0.1952 0.2115
123.5 0.4170E-01
0.3707 0.1371
-0.2032 0.2102
124.0 0.4114E-01
0.3668 0.1380
-0.2110 0.2084
124.5 0.4054E-01
0.3631 0.1382
-0.2188 0.2061
125.0 0.3992E-01
0.3597 0.1379
-0.2264 0.2033
125.5 0.3927E-01
0.3565 0.1370
-0.2340 0.2001
126.0 0.3859E-01
0.3535 0.1356
-0.2414 0.1965
126.5 0.3788E-01
0.3507 0.1337
-0.2488 0.1925
127.0 0.3715E-01
0.3482 0.1314
-0.2562 0.1881
127.5 0.3639E-01
0.3458 0.1286
-0.2634 0.1833
128.0 0.3561E-01
0.3437 0.1255
-0.2706 0.1782
128.5 0.3482E-01
0.3417 0.1219
-0.2777 0.1728
129.0 0.3400E-01
0.3400 0.1181
-0.2847 0.1671
129.5 0.3317E-01
0.3384 0.1139
-0.2917 0.1611
130.0 0.3233E-01
0.3370 0.1095
-0.2986 0.1548
130.5 0.3148E-01
0.3357 0.1048
-0.3054 0.1484
131.0 0.3063E-01
0.3345 0.9994E-01
-0.3121 0.1418
131.5 0.2976E-01
0.3335 0.9494E-01
-0.3186 0.1351
132.0 0.2890E-01
0.3326 0.8985E-01
-0.3251 0.1283
132.5 0.2804E-01
0.3318 0.8471E-01
-0.3314 0.1215
133.0 0.2718E-01
0.3310 0.7957E-01
-0.3375 0.1147
133.5 0.2632E-01
0.3302 0.7450E-01
-0.3434 0.1080
134.0 0.2547E-01
0.3295 0.6954E-01
-0.3491 0.1015
134.5 0.2463E-01
0.3287 0.6478E-01
-0.3545 0.9516E-01
135.0 0.2381E-01
0.3279 0.6028E-01
-0.3597 0.8913E-01
135.5 0.2300E-01
0.3270 0.5611E-01
-0.3644 0.8347E-01
136.0 0.2220E-01
0.3260 0.5236E-01
-0.3689 0.7829E-01
136.5 0.2142E-01
0.3249 0.4912E-01
-0.3728 0.7368E-01
137.0 0.2066E-01
0.3235 0.4647E-01
-0.3763 0.6974E-01
137.5 0.1993E-01
0.3219 0.4451E-01
-0.3793 0.6659E-01
138.0 0.1922E-01
0.3200 0.4334E-01
-0.3816 0.6434E-01
138.5 0.1853E-01
0.3178 0.4306E-01
-0.3833 0.6311E-01
139.0 0.1786E-01
0.3152 0.4378E-01
-0.3843 0.6302E-01
139.5 0.1723E-01
0.3121 0.4560E-01
-0.3845 0.6421E-01
140.0 0.1662E-01
0.3086 0.4862E-01
-0.3839 0.6679E-01
140.5 0.1604E-01
0.3046 0.5295E-01
-0.3823 0.7089E-01
141.0 0.1549E-01
0.3000 0.5867E-01
-0.3798 0.7664E-01
141.5 0.1496E-01
0.2949 0.6586E-01
-0.3763 0.8412E-01
142.0 0.1447E-01
0.2891 0.7461E-01
-0.3717 0.9345E-01
142.5 0.1401E-01
0.2826 0.8495E-01
-0.3660 0.1047
143.0 0.1358E-01
0.2755 0.9694E-01
-0.3592 0.1179
143.5 0.1318E-01
0.2677 0.1106
-0.3513 0.1331
144.0 0.1281E-01
0.2593 0.1258
-0.3423 0.1503
144.5 0.1247E-01
0.2502 0.1427
-0.3322 0.1695
145.0 0.1216E-01
0.2405 0.1611
-0.3210 0.1906
145.5 0.1187E-01
0.2302 0.1809
-0.3089 0.2134
146.0 0.1162E-01
0.2194 0.2020
-0.2959 0.2379
146.5 0.1139E-01
0.2082 0.2243
-0.2821 0.2639
147.0 0.1119E-01
0.1966 0.2475
-0.2677 0.2911
147.5 0.1102E-01
0.1848 0.2714
-0.2527 0.3193
148.0 0.1087E-01
0.1727 0.2959
-0.2374 0.3483
148.5 0.1075E-01
0.1606 0.3207
-0.2218 0.3779
149.0 0.1064E-01
0.1486 0.3456
-0.2061 0.4076
149.5 0.1056E-01
0.1366 0.3704
-0.1905 0.4373
150.0 0.1050E-01
0.1249 0.3948
-0.1751 0.4667
150.5 0.1045E-01
0.1135 0.4187
-0.1601 0.4955
151.0 0.1042E-01
0.1025 0.4419
-0.1455 0.5235
151.5 0.1041E-01
0.9187E-01 0.4642
-0.1315 0.5505
152.0 0.1041E-01
0.8180E-01 0.4854
-0.1181 0.5764
152.5 0.1042E-01
0.7228E-01 0.5056
-0.1055 0.6010
153.0 0.1044E-01
0.6334E-01 0.5246
-0.9372E-01 0.6241
153.5 0.1047E-01
0.5499E-01 0.5423
-0.8273E-01 0.6458
154.0 0.1050E-01
0.4726E-01 0.5588
-0.7260E-01 0.6659
154.5 0.1054E-01
0.4014E-01 0.5740
-0.6334E-01 0.6844
155.0 0.1058E-01
0.3361E-01 0.5879
-0.5493E-01 0.7014
155.5 0.1062E-01
0.2767E-01 0.6006
-0.4737E-01 0.7167
156.0 0.1066E-01
0.2230E-01 0.6121
-0.4063E-01 0.7306
156.5 0.1069E-01
0.1746E-01 0.6225
-0.3468E-01 0.7430
157.0 0.1072E-01
0.1313E-01 0.6317
-0.2950E-01 0.7539
157.5 0.1074E-01
0.9278E-02 0.6400
-0.2504E-01 0.7635
158.0 0.1075E-01
0.5874E-02 0.6473
-0.2125E-01 0.7718
158.5 0.1076E-01
0.2884E-02 0.6536
-0.1811E-01 0.7789
159.0 0.1075E-01
0.2736E-03 0.6592
-0.1556E-01 0.7848
159.5 0.1072E-01
-0.1987E-02 0.6640
-0.1356E-01 0.7896
160.0 0.1069E-01
-0.3931E-02 0.6682
-0.1207E-01 0.7934
160.5 0.1063E-01
-0.5585E-02 0.6717
-0.1106E-01 0.7963
161.0 0.1056E-01
-0.6980E-02 0.6746
-0.1048E-01 0.7982
161.5 0.1047E-01
-0.8140E-02 0.6770
-0.1030E-01 0.7993
162.0 0.1037E-01
-0.9091E-02 0.6790
-0.1049E-01 0.7995
162.5 0.1024E-01
-0.9855E-02 0.6806
-0.1101E-01 0.7990
163.0 0.1010E-01
-0.1045E-01 0.6819
-0.1185E-01 0.7978
163.5 0.9932E-02
-0.1091E-01 0.6828
-0.1297E-01 0.7958
164.0 0.9747E-02
-0.1123E-01 0.6835
-0.1435E-01 0.7932
164.5 0.9543E-02
-0.1144E-01 0.6840
-0.1597E-01 0.7898
165.0 0.9321E-02
-0.1155E-01 0.6843
-0.1782E-01 0.7858
165.5 0.9079E-02
-0.1157E-01 0.6844
-0.1987E-01 0.7811
166.0 0.8821E-02
-0.1152E-01 0.6844
-0.2211E-01 0.7757
166.5 0.8545E-02
-0.1140E-01 0.6842
-0.2454E-01 0.7695
167.0 0.8254E-02
-0.1123E-01 0.6840
-0.2713E-01 0.7625
167.5 0.7950E-02
-0.1101E-01 0.6838
-0.2988E-01 0.7547
168.0 0.7632E-02
-0.1075E-01 0.6835
-0.3278E-01 0.7460
168.5 0.7304E-02
-0.1046E-01 0.6832
-0.3582E-01 0.7363
169.0 0.6966E-02
-0.1014E-01 0.6830
-0.3898E-01 0.7255
169.5 0.6622E-02
-0.9794E-02 0.6827
-0.4227E-01 0.7135
170.0 0.6272E-02
-0.9430E-02 0.6825
-0.4566E-01 0.7001
170.5 0.5920E-02
-0.9050E-02 0.6824
-0.4915E-01 0.6851
171.0 0.5566E-02
-0.8657E-02 0.6824
-0.5271E-01 0.6684
171.5 0.5215E-02
-0.8253E-02 0.6824
-0.5631E-01 0.6497
172.0 0.4867E-02
-0.7840E-02 0.6826
-0.5992E-01 0.6288
172.5 0.4526E-02
-0.7421E-02 0.6830
-0.6350E-01 0.6053
173.0 0.4194E-02
-0.6995E-02 0.6835
-0.6697E-01 0.5789
173.5 0.3872E-02
-0.6565E-02 0.6843
-0.7025E-01 0.5493
174.0 0.3564E-02
-0.6129E-02 0.6852
-0.7323E-01 0.5161
174.5 0.3271E-02
-0.5687E-02 0.6864
-0.7575E-01 0.4789
175.0 0.2996E-02
-0.5239E-02 0.6879
-0.7761E-01 0.4375
175.5 0.2741E-02
-0.4783E-02 0.6896
-0.7856E-01 0.3918
176.0 0.2507E-02
-0.4318E-02 0.6916
-0.7830E-01 0.3419
176.5 0.2296E-02
-0.3840E-02 0.6938
-0.7648E-01 0.2883
177.0 0.2110E-02
-0.3347E-02 0.6963
-0.7270E-01 0.2323
177.5 0.1950E-02
-0.2836E-02 0.6988
-0.6661E-01 0.1756
178.0 0.1818E-02
-0.2305E-02 0.7012
-0.5792E-01 0.1212
178.5 0.1714E-02
-0.1753E-02 0.7034
-0.4654E-01 0.7264E-01
179.0 0.1639E-02
-0.1181E-02 0.7052
-0.3268E-01 0.3386E-01
179.5 0.1594E-02
-0.5949E-03 0.7064
-0.1688E-01 0.8720E-02
180.0 0.1579E-02
0.000 0.7068
0.000 0.000
