0.000 6.500
0.000 -0.1998
0.000 0.000
0.5000 6.498
0.1262E-03 -0.1997
-0.2481E-02 -0.7124E-04
1.000 6.493
0.2585E-03 -0.1993
-0.4962E-02 -0.2848E-03
1.500 6.484
0.4029E-03 -0.1988
-0.7441E-02 -0.6399E-03
2.000 6.471
0.5652E-03 -0.1981
-0.9917E-02 -0.1136E-02
2.500 6.455
0.7507E-03 -0.1972
-0.1239E-01 -0.1771E-02
3.000 6.435
0.9646E-03 -0.1960
-0.1486E-01 -0.2544E-02
3.500 6.412
0.1211E-02 -0.1946
-0.1732E-01 -0.3452E-02
4.000 6.386
0.1495E-02 -0.1930
-0.1978E-01 -0.4492E-02
4.500 6.356
0.1819E-02 -0.1912
-0.2223E-01 -0.5663E-02
5.000 6.323
0.2186E-02 -0.1892
-0.2467E-01 -0.6959E-02
5.500 6.287
0.2597E-02 -0.1869
-0.2710E-01 -0.8379E-02
6.000 6.247
0.3054E-02 -0.1844
-0.2952E-01 -0.9916E-02
6.500 6.205
0.3556E-02 -0.1817
-0.3193E-01 -0.1157E-01
7.000 6.160
0.4104E-02 -0.1788
-0.3433E-01 -0.1333E-01
7.500 6.112
0.4696E-02 -0.1756
-0.3671E-01 -0.1519E-01
8.000 6.062
0.5329E-02 -0.1721
-0.3907E-01 -0.1716E-01
8.500 6.009
0.6001E-02 -0.1684
-0.4141E-01 -0.1921E-01
9.000 5.953
0.6708E-02 -0.1645
-0.4374E-01 -0.2135E-01
9.500 5.895
0.7446E-02 -0.1603
-0.4604E-01 -0.2357E-01
10.00 5.835
0.8210E-02 -0.1559
-0.4832E-01 -0.2587E-01
10.50 5.772
0.8994E-02 -0.1512
-0.5057E-01 -0.2822E-01
11.00 5.708
0.9792E-02 -0.1463
-0.5279E-01 -0.3064E-01
11.50 5.641
0.1060E-01 -0.1411
-0.5499E-01 -0.3311E-01
12.00 5.573
0.1141E-01 -0.1356
-0.5715E-01 -0.3563E-01
12.50 5.503
0.1222E-01 -0.1299
-0.5928E-01 -0.3818E-01
13.00 5.430
0.1301E-01 -0.1240
-0.6138E-01 -0.4076E-01
13.50 5.357
0.1379E-01 -0.1178
-0.6343E-01 -0.4336E-01
14.00 5.281
0.1455E-01 -0.1114
-0.6545E-01 -0.4597E-01
14.50 5.204
0.1528E-01 -0.1047
-0.6742E-01 -0.4860E-01
15.00 5.126
0.1598E-01 -0.9783E-01
-0.6935E-01 -0.5122E-01
15.50 5.046
0.1664E-01 -0.9070E-01
-0.7124E-01 -0.5383E-01
16.00 4.965
0.1727E-01 -0.8333E-01
-0.7307E-01 -0.5643E-01
16.50 4.882
0.1784E-01 -0.7574E-01
-0.7486E-01 -0.5900E-01
17.00 4.799
0.1838E-01 -0.6793E-01
-0.7659E-01 -0.6155E-01
17.50 4.714
0.1886E-01 -0.5991E-01
-0.7827E-01 -0.6406E-01
18.00 4.628
0.1930E-01 -0.5167E-01
-0.7989E-01 -0.6653E-01
18.50 4.541
0.1970E-01 -0.4323E-01
-0.8146E-01 -0.6894E-01
19.00 4.453
0.2004E-01 -0.3459E-01
-0.8297E-01 -0.7130E-01
19.50 4.365
0.2034E-01 -0.2574E-01
-0.8441E-01 -0.7361E-01
20.00 4.276
0.2061E-01 -0.1671E-01
-0.8580E-01 -0.7584E-01
20.50 4.186
0.2083E-01 -0.7480E-02
-0.8712E-01 -0.7800E-01
21.00 4.095
0.2103E-01 0.1934E-02
-0.8837E-01 -0.8008E-01
21.50 4.004
0.2120E-01 0.1153E-01
-0.8956E-01 -0.8207E-01
22.00 3.913
0.2135E-01 0.2131E-01
-0.9068E-01 -0.8398E-01
22.50 3.822
0.2150E-01 0.3127E-01
-0.9173E-01 -0.8578E-01
23.00 3.730
0.2165E-01 0.4140E-01
-0.9272E-01 -0.8749E-01
23.50 3.638
0.2180E-01 0.5171E-01
-0.9363E-01 -0.8909E-01
24.00 3.547
0.2199E-01 0.6219E-01
-0.9446E-01 -0.9058E-01
24.50 3.455
0.2220E-01 0.7285E-01
-0.9523E-01 -0.9195E-01
25.00 3.364
0.2247E-01 0.8367E-01
-0.9592E-01 -0.9319E-01
25.50 3.274
0.2280E-01 0.9467E-01
-0.9654E-01 -0.9431E-01
26.00 3.183
0.2321E-01 0.1058
-0.9708E-01 -0.9529E-01
26.50 3.094
0.2371E-01 0.1172
-0.9754E-01 -0.9613E-01
27.00 3.005
0.2433E-01 0.1287
-0.9792E-01 -0.9682E-01
27.50 2.918
0.2508E-01 0.1403
-0.9823E-01 -0.9737E-01
28.00 2.831
0.2598E-01 0.1522
-0.9846E-01 -0.9775E-01
28.50 2.745
0.2704E-01 0.1642
-0.9861E-01 -0.9798E-01
29.00 2.660
0.2830E-01 0.1763
-0.9867E-01 -0.9803E-01
29.50 2.577
0.2977E-01 0.1886
-0.9866E-01 -0.9791E-01
30.00 2.495
0.3146E-01 0.2010
-0.9856E-01 -0.9761E-01
30.50 2.415
0.3342E-01 0.2136
-0.9838E-01 -0.9712E-01
31.00 2.336
0.3564E-01 0.2263
-0.9811E-01 -0.9644E-01
31.50 2.259
0.3816E-01 0.2391
-0.9776E-01 -0.9557E-01
32.00 2.183
0.4100E-01 0.2520
-0.9732E-01 -0.9450E-01
32.50 2.110
0.4418E-01 0.2650
-0.9680E-01 -0.9323E-01
33.00 2.038
0.4770E-01 0.2780
-0.9618E-01 -0.9175E-01
33.50 1.968
0.5160E-01 0.2910
-0.9547E-01 -0.9006E-01
34.00 1.899
0.5589E-01 0.3040
-0.9467E-01 -0.8817E-01
34.50 1.833
0.6058E-01 0.3170
-0.9378E-01 -0.8606E-01
35.00 1.769
0.6567E-01 0.3299
-0.9279E-01 -0.8375E-01
35.50 1.707
0.7118E-01 0.3426
-0.9170E-01 -0.8123E-01
36.00 1.647
0.7710E-01 0.3552
-0.9052E-01 -0.7850E-01
36.50 1.589
0.8344E-01 0.3675
-0.8923E-01 -0.7558E-01
37.00 1.533
0.9018E-01 0.3795
-0.8784E-01 -0.7248E-01
37.50 1.479
0.9731E-01 0.3912
-0.8635E-01 -0.6919E-01
38.00 1.427
0.1048 0.4023
-0.8475E-01 -0.6574E-01
38.50 1.377
0.1127 0.4130
-0.8304E-01 -0.6214E-01
39.00 1.329
0.1208 0.4230
-0.8123E-01 -0.5841E-01
39.50 1.284
0.1292 0.4323
-0.7931E-01 -0.5456E-01
40.00 1.240
0.1378 0.4408
-0.7728E-01 -0.5063E-01
40.50 1.199
0.1466 0.4484
-0.7514E-01 -0.4663E-01
41.00 1.159
0.1555 0.4550
-0.7289E-01 -0.4259E-01
41.50 1.121
0.1644 0.4605
-0.7054E-01 -0.3856E-01
42.00 1.086
0.1732 0.4649
-0.6809E-01 -0.3455E-01
42.50 1.052
0.1819 0.4679
-0.6555E-01 -0.3061E-01
43.00 1.020
0.1904 0.4697
-0.6290E-01 -0.2677E-01
43.50 0.9897
0.1986 0.4700
-0.6017E-01 -0.2307E-01
44.00 0.9613
0.2063 0.4688
-0.5736E-01 -0.1955E-01
44.50 0.9345
0.2135 0.4660
-0.5448E-01 -0.1625E-01
45.00 0.9094
0.2202 0.4617
-0.5153E-01 -0.1320E-01
45.50 0.8859
0.2261 0.4558
-0.4852E-01 -0.1045E-01
46.00 0.8638
0.2314 0.4483
-0.4547E-01 -0.8013E-02
46.50 0.8432
0.2358 0.4392
-0.4238E-01 -0.5935E-02
47.00 0.8240
0.2393 0.4286
-0.3928E-01 -0.4239E-02
47.50 0.8060
0.2418 0.4164
-0.3616E-01 -0.2946E-02
48.00 0.7893
0.2435 0.4028
-0.3304E-01 -0.2075E-02
48.50 0.7737
0.2441 0.3878
-0.2994E-01 -0.1638E-02
49.00 0.7592
0.2437 0.3715
-0.2686E-01 -0.1643E-02
49.50 0.7457
0.2424 0.3541
-0.2382E-01 -0.2092E-02
50.00 0.7331
0.2400 0.3356
-0.2083E-01 -0.2982E-02
50.50 0.7213
0.2367 0.3161
-0.1790E-01 -0.4305E-02
51.00 0.7103
0.2326 0.2959
-0.1504E-01 -0.6048E-02
51.50 0.7001
0.2275 0.2750
-0.1225E-01 -0.8193E-02
52.00 0.6904
0.2217 0.2535
-0.9546E-02 -0.1072E-01
52.50 0.6813
0.2152 0.2317
-0.6935E-02 -0.1361E-01
53.00 0.6727
0.2080 0.2095
-0.4421E-02 -0.1682E-01
53.50 0.6645
0.2003 0.1872
-0.2011E-02 -0.2034E-01
54.00 0.6566
0.1920 0.1649
0.2936E-03 -0.2413E-01
54.50 0.6491
0.1834 0.1426
0.2488E-02 -0.2816E-01
55.00 0.6417
0.1744 0.1205
0.4570E-02 -0.3241E-01
55.50 0.6346
0.1653 0.9860E-01
0.6537E-02 -0.3683E-01
56.00 0.6276
0.1559 0.7708E-01
0.8390E-02 -0.4139E-01
56.50 0.6207
0.1465 0.5598E-01
0.1013E-01 -0.4608E-01
57.00 0.6138
0.1370 0.3536E-01
0.1174E-01 -0.5086E-01
57.50 0.6069
0.1276 0.1528E-01
0.1324E-01 -0.5569E-01
58.00 0.6000
0.1183 -0.4216E-02
0.1463E-01 -0.6056E-01
58.50 0.5930
0.1091 -0.2308E-01
0.1589E-01 -0.6544E-01
59.00 0.5859
0.1002 -0.4127E-01
0.1704E-01 -0.7030E-01
59.50 0.5787
0.9159E-01 -0.5876E-01
0.1807E-01 -0.7513E-01
60.00 0.5714
0.8326E-01 -0.7554E-01
0.1899E-01 -0.7989E-01
60.50 0.5639
0.7528E-01 -0.9156E-01
0.1978E-01 -0.8459E-01
61.00 0.5563
0.6768E-01 -0.1068
0.2045E-01 -0.8918E-01
61.50 0.5485
0.6049E-01 -0.1213
0.2100E-01 -0.9366E-01
62.00 0.5406
0.5375E-01 -0.1350
0.2143E-01 -0.9801E-01
62.50 0.5325
0.4747E-01 -0.1479
0.2173E-01 -0.1022
63.00 0.5242
0.4166E-01 -0.1601
0.2191E-01 -0.1063
63.50 0.5158
0.3636E-01 -0.1714
0.2196E-01 -0.1101
64.00 0.5072
0.3156E-01 -0.1818
0.2187E-01 -0.1138
64.50 0.4984
0.2728E-01 -0.1915
0.2165E-01 -0.1173
65.00 0.4896
0.2353E-01 -0.2003
0.2128E-01 -0.1206
65.50 0.4806
0.2031E-01 -0.2083
0.2077E-01 -0.1236
66.00 0.4715
0.1761E-01 -0.2155
0.2011E-01 -0.1265
66.50 0.4623
0.1545E-01 -0.2219
0.1929E-01 -0.1290
67.00 0.4530
0.1381E-01 -0.2273
0.1831E-01 -0.1313
67.50 0.4437
0.1270E-01 -0.2320
0.1716E-01 -0.1334
68.00 0.4344
0.1210E-01 -0.2358
0.1584E-01 -0.1351
68.50 0.4250
0.1200E-01 -0.2387
0.1433E-01 -0.1365
69.00 0.4157
0.1240E-01 -0.2407
0.1264E-01 -0.1377
69.50 0.4064
0.1326E-01 -0.2419
0.1076E-01 -0.1385
70.00 0.3971
0.1459E-01 -0.2422
0.8676E-02 -0.1390
70.50 0.3878
0.1636E-01 -0.2415
0.6386E-02 -0.1392
71.00 0.3787
0.1854E-01 -0.2400
0.3884E-02 -0.1390
71.50 0.3696
0.2111E-01 -0.2377
0.1163E-02 -0.1384
72.00 0.3606
0.2405E-01 -0.2344
-0.1782E-02 -0.1375
72.50 0.3518
0.2732E-01 -0.2302
-0.4954E-02 -0.1362
73.00 0.3431
0.3090E-01 -0.2251
-0.8360E-02 -0.1345
73.50 0.3345
0.3474E-01 -0.2191
-0.1200E-01 -0.1324
74.00 0.3261
0.3882E-01 -0.2123
-0.1588E-01 -0.1299
74.50 0.3179
0.4309E-01 -0.2046
-0.1999E-01 -0.1270
75.00 0.3098
0.4752E-01 -0.1960
-0.2435E-01 -0.1237
75.50 0.3020
0.5205E-01 -0.1866
-0.2894E-01 -0.1200
76.00 0.2943
0.5667E-01 -0.1764
-0.3376E-01 -0.1159
76.50 0.2868
0.6130E-01 -0.1654
-0.3881E-01 -0.1114
77.00 0.2796
0.6592E-01 -0.1536
-0.4409E-01 -0.1066
77.50 0.2725
0.7048E-01 -0.1411
-0.4957E-01 -0.1013
78.00 0.2657
0.7494E-01 -0.1280
-0.5526E-01 -0.9567E-01
78.50 0.2591
0.7925E-01 -0.1142
-0.6113E-01 -0.8969E-01
79.00 0.2527
0.8337E-01 -0.9986E-01
-0.6718E-01 -0.8337E-01
79.50 0.2465
0.8727E-01 -0.8499E-01
-0.7339E-01 -0.7674E-01
80.00 0.2405
0.9089E-01 -0.6965E-01
-0.7974E-01 -0.6981E-01
80.50 0.2348
0.9422E-01 -0.5392E-01
-0.8621E-01 -0.6261E-01
81.00 0.2292
0.9722E-01 -0.3785E-01
-0.9278E-01 -0.5516E-01
81.50 0.2238
0.9985E-01 -0.2151E-01
-0.9943E-01 -0.4750E-01
82.00 0.2187
0.1021 -0.4984E-02
-0.1061 -0.3965E-01
82.50 0.2137
0.1040 0.1167E-01
-0.1129 -0.3164E-01
83.00 0.2089
0.1054 0.2838E-01
-0.1196 -0.2352E-01
83.50 0.2044
0.1064 0.4507E-01
-0.1263 -0.1531E-01
84.00 0.1999
0.1070 0.6167E-01
-0.1329 -0.7049E-02
84.50 0.1957
0.1071 0.7811E-01
-0.1395 0.1227E-02
85.00 0.1916
0.1068 0.9433E-01
-0.1460 0.9482E-02
85.50 0.1877
0.1061 0.1103
-0.1523 0.1768E-01
86.00 0.1839
0.1050 0.1258
-0.1585 0.2579E-01
86.50 0.1802
0.1035 0.1410
-0.1645 0.3377E-01
87.00 0.1767
0.1016 0.1557
-0.1704 0.4160E-01
87.50 0.1733
0.9944E-01 0.1699
-0.1759 0.4923E-01
88.00 0.1700
0.9695E-01 0.1836
-0.1813 0.5665E-01
88.50 0.1668
0.9419E-01 0.1967
-0.1864 0.6381E-01
89.00 0.1637
0.9121E-01 0.2092
-0.1912 0.7070E-01
89.50 0.1607
0.8803E-01 0.2211
-0.1957 0.7729E-01
90.00 0.1578
0.8471E-01 0.2323
-0.1999 0.8356E-01
90.50 0.1550
0.8127E-01 0.2428
-0.2038 0.8948E-01
91.00 0.1523
0.7778E-01 0.2527
-0.2074 0.9504E-01
91.50 0.1496
0.7427E-01 0.2619
-0.2106 0.1002
92.00 0.1470
0.7079E-01 0.2704
-0.2135 0.1050
92.50 0.1444
0.6739E-01 0.2782
-0.2160 0.1094
93.00 0.1419
0.6410E-01 0.2854
-0.2182 0.1133
93.50 0.1395
0.6097E-01 0.2918
-0.2201 0.1168
94.00 0.1371
0.5805E-01 0.2977
-0.2215 0.1199
94.50 0.1347
0.5537E-01 0.3029
-0.2227 0.1225
95.00 0.1324
0.5298E-01 0.3074
-0.2234 0.1246
95.50 0.1301
0.5092E-01 0.3114
-0.2238 0.1263
96.00 0.1279
0.4922E-01 0.3147
-0.2239 0.1275
96.50 0.1257
0.4791E-01 0.3175
-0.2236 0.1282
97.00 0.1235
0.4704E-01 0.3197
-0.2229 0.1285
97.50 0.1214
0.4662E-01 0.3213
-0.2219 0.1283
98.00 0.1193
0.4670E-01 0.3224
-0.2206 0.1275
98.50 0.1173
0.4728E-01 0.3230
-0.2189 0.1264
99.00 0.1153
0.4841E-01 0.3231
-0.2169 0.1247
99.50 0.1133
0.5008E-01 0.3227
-0.2146 0.1225
100.0 0.1114
0.5234E-01 0.3218
-0.2119 0.1199
100.5 0.1095
0.5517E-01 0.3205
-0.2090 0.1168
101.0 0.1076
0.5860E-01 0.3186
-0.2057 0.1132
101.5 0.1058
0.6263E-01 0.3164
-0.2021 0.1091
102.0 0.1040
0.6727E-01 0.3137
-0.1982 0.1047
102.5 0.1023
0.7251E-01 0.3106
-0.1941 0.9974E-01
103.0 0.1006
0.7835E-01 0.3071
-0.1897 0.9439E-01
103.5 0.9899E-01
0.8478E-01 0.3032
-0.1850 0.8865E-01
104.0 0.9741E-01
0.9179E-01 0.2988
-0.1801 0.8252E-01
104.5 0.9587E-01
0.9937E-01 0.2942
-0.1749 0.7603E-01
105.0 0.9438E-01
0.1075 0.2891
-0.1695 0.6920E-01
105.5 0.9293E-01
0.1161 0.2837
-0.1640 0.6207E-01
106.0 0.9154E-01
0.1252 0.2780
-0.1582 0.5466E-01
106.5 0.9019E-01
0.1348 0.2719
-0.1522 0.4702E-01
107.0 0.8889E-01
0.1449 0.2656
-0.1461 0.3916E-01
107.5 0.8763E-01
0.1553 0.2590
-0.1399 0.3114E-01
108.0 0.8642E-01
0.1660 0.2521
-0.1335 0.2299E-01
108.5 0.8526E-01
0.1771 0.2450
-0.1270 0.1475E-01
109.0 0.8413E-01
0.1885 0.2376
-0.1205 0.6472E-02
109.5 0.8305E-01
0.2001 0.2301
-0.1138 -0.1805E-02
110.0 0.8200E-01
0.2119 0.2224
-0.1071 -0.1004E-01
110.5 0.8100E-01
0.2238 0.2146
-0.1003 -0.1817E-01
111.0 0.8002E-01
0.2358 0.2066
-0.9356E-01 -0.2618E-01
111.5 0.7908E-01
0.2479 0.1986
-0.8676E-01 -0.3400E-01
112.0 0.7816E-01
0.2600 0.1904
-0.7996E-01 -0.4161E-01
112.5 0.7728E-01
0.2720 0.1823
-0.7316E-01 -0.4895E-01
113.0 0.7641E-01
0.2840 0.1741
-0.6638E-01 -0.5599E-01
113.5 0.7557E-01
0.2959 0.1659
-0.5963E-01 -0.6269E-01
114.0 0.7474E-01
0.3075 0.1578
-0.5291E-01 -0.6901E-01
114.5 0.7393E-01
0.3190 0.1497
-0.4623E-01 -0.7493E-01
115.0 0.7314E-01
0.3303 0.1417
-0.3959E-01 -0.8041E-01
115.5 0.7235E-01
0.3412 0.1337
-0.3300E-01 -0.8543E-01
116.0 0.7157E-01
0.3518 0.1258
-0.2646E-01 -0.8995E-01
116.5 0.7080E-01
0.3621 0.1181
-0.1997E-01 -0.9397E-01
117.0 0.7003E-01
0.3720 0.1105
-0.1354E-01 -0.9745E-01
117.5 0.6927E-01
0.3814 0.1030
-0.7152E-02 -0.1004
118.0 0.6850E-01
0.3904 0.9562E-01
-0.8182E-03 -0.1028
118.5 0.6773E-01
0.3989 0.8840E-01
0.5466E-02 -0.1045
119.0 0.6697E-01
0.4068 0.8134E-01
0.1170E-01 -0.1058
119.5 0.6620E-01
0.4142 0.7443E-01
0.1789E-01 -0.1064
120.0 0.6542E-01
0.4210 0.6768E-01
0.2403E-01 -0.1064
120.5 0.6464E-01
0.4271 0.6107E-01
0.3013E-01 -0.1058
121.0 0.6386E-01
0.4326 0.5461E-01
0.3618E-01 -0.1047
121.5 0.6308E-01
0.4373 0.4830E-01
0.4220E-01 -0.1029
122.0 0.6229E-01
0.4413 0.4213E-01
0.4816E-01 -0.1005
122.5 0.6150E-01
0.4446 0.3608E-01
0.5409E-01 -0.9759E-01
123.0 0.6071E-01
0.4470 0.3016E-01
0.5996E-01 -0.9408E-01
123.5 0.5991E-01
0.4486 0.2435E-01
0.6579E-01 -0.9001E-01
124.0 0.5912E-01
0.4493 0.1865E-01
0.7156E-01 -0.8540E-01
124.5 0.5833E-01
0.4491 0.1303E-01
0.7727E-01 -0.8025E-01
125.0 0.5754E-01
0.4480 0.7490E-02
0.8292E-01 -0.7461E-01
125.5 0.5676E-01
0.4459 0.2014E-02
0.8849E-01 -0.6848E-01
126.0 0.5599E-01
0.4429 -0.3412E-02
0.9397E-01 -0.6190E-01
126.5 0.5522E-01
0.4389 -0.8802E-02
0.9935E-01 -0.5490E-01
127.0 0.5447E-01
0.4339 -0.1417E-01
0.1046 -0.4750E-01
127.5 0.5372E-01
0.4278 -0.1954E-01
0.1098 -0.3976E-01
128.0 0.5299E-01
0.4208 -0.2491E-01
0.1148 -0.3171E-01
128.5 0.5228E-01
0.4128 -0.3030E-01
0.1196 -0.2339E-01
129.0 0.5158E-01
0.4038 -0.3574E-01
0.1243 -0.1485E-01
129.5 0.5091E-01
0.3938 -0.4122E-01
0.1288 -0.6143E-02
130.0 0.5025E-01
0.3829 -0.4676E-01
0.1331 0.2685E-02
130.5 0.4962E-01
0.3712 -0.5238E-01
0.1372 0.1158E-01
131.0 0.4900E-01
0.3586 -0.5808E-01
0.1410 0.2048E-01
131.5 0.4841E-01
0.3452 -0.6387E-01
0.1445 0.2934E-01
132.0 0.4785E-01
0.3311 -0.6975E-01
0.1478 0.3810E-01
132.5 0.4731E-01
0.3165 -0.7574E-01
0.1508 0.4670E-01
133.0 0.4679E-01
0.3012 -0.8184E-01
0.1534 0.5510E-01
133.5 0.4630E-01
0.2856 -0.8803E-01
0.1558 0.6323E-01
134.0 0.4583E-01
0.2696 -0.9434E-01
0.1578 0.7105E-01
134.5 0.4538E-01
0.2533 -0.1007
0.1595 0.7852E-01
135.0 0.4496E-01
0.2369 -0.1072
0.1608 0.8559E-01
135.5 0.4456E-01
0.2205 -0.1138
0.1618 0.9223E-01
136.0 0.4417E-01
0.2042 -0.1205
0.1625 0.9840E-01
136.5 0.4381E-01
0.1880 -0.1273
0.1628 0.1041
137.0 0.4346E-01
0.1722 -0.1341
0.1628 0.1092
137.5 0.4313E-01
0.1567 -0.1410
0.1625 0.1139
138.0 0.4281E-01
0.1417 -0.1479
0.1618 0.1180
138.5 0.4250E-01
0.1273 -0.1549
0.1609 0.1215
139.0 0.4220E-01
0.1136 -0.1619
0.1596 0.1245
139.5 0.4191E-01
0.1006 -0.1689
0.1581 0.1269
140.0 0.4162E-01
0.8836E-01 -0.1759
0.1563 0.1288
140.5 0.4134E-01
0.7703E-01 -0.1829
0.1543 0.1302
141.0 0.4105E-01
0.6663E-01 -0.1899
0.1521 0.1311
141.5 0.4077E-01
0.5719E-01 -0.1969
0.1497 0.1314
142.0 0.4048E-01
0.4876E-01 -0.2038
0.1471 0.1313
142.5 0.4019E-01
0.4136E-01 -0.2107
0.1443 0.1308
143.0 0.3989E-01
0.3502E-01 -0.2176
0.1414 0.1297
143.5 0.3958E-01
0.2976E-01 -0.2243
0.1384 0.1283
144.0 0.3926E-01
0.2559E-01 -0.2311
0.1352 0.1265
144.5 0.3893E-01
0.2251E-01 -0.2377
0.1320 0.1243
145.0 0.3859E-01
0.2052E-01 -0.2442
0.1287 0.1218
145.5 0.3824E-01
0.1963E-01 -0.2507
0.1253 0.1190
146.0 0.3787E-01
0.1981E-01 -0.2571
0.1219 0.1158
146.5 0.3749E-01
0.2107E-01 -0.2634
0.1184 0.1124
147.0 0.3709E-01
0.2338E-01 -0.2695
0.1150 0.1088
147.5 0.3668E-01
0.2673E-01 -0.2756
0.1116 0.1049
148.0 0.3625E-01
0.3111E-01 -0.2815
0.1081 0.1007
148.5 0.3581E-01
0.3647E-01 -0.2874
0.1047 0.9641E-01
149.0 0.3535E-01
0.4282E-01 -0.2930
0.1014 0.9191E-01
149.5 0.3488E-01
0.5010E-01 -0.2986
0.9809E-01 0.8724E-01
150.0 0.3440E-01
0.5831E-01 -0.3040
0.9485E-01 0.8243E-01
150.5 0.3390E-01
0.6741E-01 -0.3092
0.9170E-01 0.7748E-01
151.0 0.3339E-01
0.7736E-01 -0.3142
0.8864E-01 0.7241E-01
151.5 0.3287E-01
0.8813E-01 -0.3191
0.8567E-01 0.6724E-01
152.0 0.3234E-01
0.9969E-01 -0.3238
0.8282E-01 0.6198E-01
152.5 0.3181E-01
0.1120 -0.3283
0.8010E-01 0.5664E-01
153.0 0.3126E-01
0.1250 -0.3325
0.7750E-01 0.5123E-01
153.5 0.3071E-01
0.1387 -0.3365
0.7505E-01 0.4577E-01
154.0 0.3016E-01
0.1530 -0.3402
0.7276E-01 0.4027E-01
154.5 0.2960E-01
0.1678 -0.3437
0.7062E-01 0.3475E-01
155.0 0.2904E-01
0.1832 -0.3469
0.6866E-01 0.2922E-01
155.5 0.2848E-01
0.1991 -0.3497
0.6688E-01 0.2369E-01
156.0 0.2792E-01
0.2154 -0.3523
0.6529E-01 0.1818E-01
156.5 0.2736E-01
0.2320 -0.3545
0.6389E-01 0.1270E-01
157.0 0.2680E-01
0.2489 -0.3563
0.6270E-01 0.7272E-02
157.5 0.2624E-01
0.2660 -0.3577
0.6172E-01 0.1909E-02
158.0 0.2569E-01
0.2833 -0.3587
0.6094E-01 -0.3370E-02
158.5 0.2514E-01
0.3007 -0.3593
0.6039E-01 -0.8548E-02
159.0 0.2460E-01
0.3181 -0.3594
0.6005E-01 -0.1361E-01
159.5 0.2406E-01
0.3355 -0.3590
0.5992E-01 -0.1853E-01
160.0 0.2353E-01
0.3527 -0.3582
0.6001E-01 -0.2329E-01
160.5 0.2300E-01
0.3697 -0.3569
0.6031E-01 -0.2788E-01
161.0 0.2248E-01
0.3865 -0.3550
0.6082E-01 -0.3227E-01
161.5 0.2197E-01
0.4029 -0.3526
0.6153E-01 -0.3645E-01
162.0 0.2147E-01
0.4188 -0.3496
0.6243E-01 -0.4039E-01
162.5 0.2097E-01
0.4343 -0.3461
0.6351E-01 -0.4407E-01
163.0 0.2048E-01
0.4492 -0.3419
0.6475E-01 -0.4748E-01
163.5 0.2000E-01
0.4634 -0.3372
0.6614E-01 -0.5060E-01
164.0 0.1952E-01
0.4768 -0.3319
0.6767E-01 -0.5340E-01
164.5 0.1906E-01
0.4895 -0.3260
0.6930E-01 -0.5588E-01
165.0 0.1860E-01
0.5012 -0.3194
0.7102E-01 -0.5802E-01
165.5 0.1814E-01
0.5120 -0.3123
0.7281E-01 -0.5979E-01
166.0 0.1770E-01
0.5217 -0.3045
0.7463E-01 -0.6120E-01
166.5 0.1726E-01
0.5302 -0.2961
0.7646E-01 -0.6222E-01
167.0 0.1683E-01
0.5375 -0.2871
0.7827E-01 -0.6285E-01
167.5 0.1641E-01
0.5435 -0.2775
0.8001E-01 -0.6308E-01
168.0 0.1599E-01
0.5480 -0.2673
0.8166E-01 -0.6291E-01
168.5 0.1558E-01
0.5510 -0.2565
0.8318E-01 -0.6234E-01
169.0 0.1519E-01
0.5524 -0.2452
0.8452E-01 -0.6136E-01
169.5 0.1480E-01
0.5520 -0.2333
0.8564E-01 -0.5999E-01
170.0 0.1442E-01
0.5497 -0.2210
0.8651E-01 -0.5822E-01
170.5 0.1405E-01
0.5454 -0.2081
0.8706E-01 -0.5608E-01
171.0 0.1369E-01
0.5391 -0.1949
0.8727E-01 -0.5358E-01
171.5 0.1335E-01
0.5305 -0.1813
0.8707E-01 -0.5075E-01
172.0 0.1302E-01
0.5195 -0.1675
0.8644E-01 -0.4761E-01
172.5 0.1270E-01
0.5061 -0.1534
0.8531E-01 -0.4420E-01
173.0 0.1240E-01
0.4900 -0.1393
0.8365E-01 -0.4056E-01
173.5 0.1211E-01
0.4713 -0.1251
0.8143E-01 -0.3674E-01
174.0 0.1184E-01
0.4499 -0.1111
0.7860E-01 -0.3280E-01
174.5 0.1158E-01
0.4256 -0.9739E-01
0.7515E-01 -0.2878E-01
175.0 0.1134E-01
0.3985 -0.8406E-01
0.7106E-01 -0.2476E-01
175.5 0.1113E-01
0.3686 -0.7131E-01
0.6632E-01 -0.2082E-01
176.0 0.1093E-01
0.3359 -0.5929E-01
0.6093E-01 -0.1701E-01
176.5 0.1076E-01
0.3006 -0.4818E-01
0.5492E-01 -0.1342E-01
177.0 0.1060E-01
0.2628 -0.3813E-01
0.4833E-01 -0.1013E-01
177.5 0.1047E-01
0.2228 -0.2931E-01
0.4119E-01 -0.7193E-02
178.0 0.1036E-01
0.1808 -0.2187E-01
0.3357E-01 -0.4690E-02
178.5 0.1028E-01
0.1371 -0.1593E-01
0.2554E-01 -0.2677E-02
179.0 0.1022E-01
0.9213E-01 -0.1161E-01
0.1721E-01 -0.1202E-02
179.5 0.1018E-01
0.4629E-01 -0.8980E-02
0.8659E-02 -0.3025E-03
180.0 0.1017E-01
0.000 -0.8098E-02
0.000 0.000
