0.000 0.3858E-06
0.000 0.8056E-01
0.000 0.000
0.5000 0.1282E-02
0.1308E-05 0.7069
-0.2220E-06 0.8658
1.000 0.5120E-02
0.6562E-06 0.7071
-0.1058E-06 0.8660
1.500 0.1149E-01
0.4397E-06 0.7071
-0.6473E-07 0.8660
2.000 0.2035E-01
0.3321E-06 0.7071
-0.4249E-07 0.8660
2.500 0.3165E-01
0.2681E-06 0.7071
-0.2782E-07 0.8660
3.000 0.4532E-01
0.2258E-06 0.7071
-0.1695E-07 0.8660
3.500 0.6127E-01
0.1960E-06 0.7071
-0.8286E-08 0.8660
4.000 0.7941E-01
0.1739E-06 0.7071
-0.1036E-08 0.8660
4.500 0.9963E-01
0.1570E-06 0.7071
0.5244E-08 0.8660
5.000 0.1218
0.1437E-06 0.7071
0.1081E-07 0.8660
5.500 0.1458
0.1330E-06 0.7071
0.1583E-07 0.8660
6.000 0.1714
0.1243E-06 0.7071
0.2041E-07 0.8660
6.500 0.1986
0.1171E-06 0.7071
0.2462E-07 0.8660
7.000 0.2271
0.1110E-06 0.7071
0.2851E-07 0.8660
7.500 0.2568
0.1058E-06 0.7071
0.3211E-07 0.8660
8.000 0.2875
0.1014E-06 0.7071
0.3546E-07 0.8660
8.500 0.3190
0.9759E-07 0.7071
0.3857E-07 0.8660
9.000 0.3511
0.9427E-07 0.7071
0.4146E-07 0.8660
9.500 0.3836
0.9137E-07 0.7071
0.4413E-07 0.8660
10.00 0.4165
0.8881E-07 0.7071
0.4660E-07 0.8660
10.50 0.4493
0.8653E-07 0.7071
0.4887E-07 0.8660
11.00 0.4820
0.8450E-07 0.7071
0.5096E-07 0.8660
11.50 0.5144
0.8268E-07 0.7071
0.5286E-07 0.8660
12.00 0.5463
0.8103E-07 0.7071
0.5459E-07 0.8660
12.50 0.5774
0.7954E-07 0.7071
0.5614E-07 0.8660
13.00 0.6077
0.7817E-07 0.7071
0.5753E-07 0.8660
13.50 0.6370
0.7692E-07 0.7071
0.5877E-07 0.8660
14.00 0.6651
0.7577E-07 0.7071
0.5984E-07 0.8660
14.50 0.6918
0.7470E-07 0.7071
0.6078E-07 0.8660
15.00 0.7170
0.7371E-07 0.7071
0.6157E-07 0.8660
15.50 0.7406
0.7279E-07 0.7071
0.6223E-07 0.8660
16.00 0.7625
0.7193E-07 0.7071
0.6276E-07 0.8660
16.50 0.7826
0.7112E-07 0.7071
0.6318E-07 0.8660
17.00 0.8007
0.7036E-07 0.7071
0.6349E-07 0.8660
17.50 0.8168
0.6966E-07 0.7071
0.6370E-07 0.8660
18.00 0.8308
0.6900E-07 0.7071
0.6382E-07 0.8660
18.50 0.8427
0.6838E-07 0.7071
0.6386E-07 0.8660
19.00 0.8524
0.6781E-07 0.7071
0.6383E-07 0.8660
19.50 0.8599
0.6727E-07 0.7071
0.6375E-07 0.8660
20.00 0.8652
0.6679E-07 0.7071
0.6361E-07 0.8660
20.50 0.8683
0.6634E-07 0.7071
0.6344E-07 0.8660
21.00 0.8693
0.6594E-07 0.7071
0.6325E-07 0.8660
21.50 0.8680
0.6558E-07 0.7071
0.6304E-07 0.8660
22.00 0.8646
0.6527E-07 0.7071
0.6283E-07 0.8660
22.50 0.8592
0.6501E-07 0.7071
0.6264E-07 0.8660
23.00 0.8517
0.6480E-07 0.7071
0.6247E-07 0.8660
23.50 0.8423
0.6465E-07 0.7071
0.6234E-07 0.8660
24.00 0.8311
0.6455E-07 0.7071
0.6227E-07 0.8660
24.50 0.8181
0.6451E-07 0.7071
0.6226E-07 0.8660
25.00 0.8034
0.6453E-07 0.7071
0.6233E-07 0.8660
25.50 0.7872
0.6461E-07 0.7071
0.6250E-07 0.8660
26.00 0.7696
0.6476E-07 0.7071
0.6278E-07 0.8660
26.50 0.7506
0.6498E-07 0.7071
0.6318E-07 0.8660
27.00 0.7305
0.6527E-07 0.7071
0.6372E-07 0.8660
27.50 0.7093
0.6564E-07 0.7071
0.6442E-07 0.8660
28.00 0.6871
0.6608E-07 0.7071
0.6529E-07 0.8660
28.50 0.6641
0.6660E-07 0.7071
0.6634E-07 0.8660
29.00 0.6405
0.6720E-07 0.7071
0.6759E-07 0.8660
29.50 0.6163
0.6787E-07 0.7071
0.6906E-07 0.8660
30.00 0.5917
0.6863E-07 0.7071
0.7077E-07 0.8660
30.50 0.5668
0.6947E-07 0.7071
0.7272E-07 0.8660
31.00 0.5418
0.7039E-07 0.7071
0.7494E-07 0.8660
31.50 0.5167
0.7139E-07 0.7071
0.7745E-07 0.8660
32.00 0.4916
0.7246E-07 0.7071
0.8025E-07 0.8660
32.50 0.4668
0.7361E-07 0.7071
0.8338E-07 0.8660
33.00 0.4422
0.7482E-07 0.7071
0.8684E-07 0.8660
33.50 0.4180
0.7609E-07 0.7071
0.9066E-07 0.8660
34.00 0.3943
0.7741E-07 0.7071
0.9484E-07 0.8660
34.50 0.3712
0.7876E-07 0.7071
0.9941E-07 0.8660
35.00 0.3487
0.8014E-07 0.7071
0.1044E-06 0.8660
35.50 0.3269
0.8152E-07 0.7071
0.1098E-06 0.8660
36.00 0.3059
0.8289E-07 0.7071
0.1156E-06 0.8660
36.50 0.2857
0.8422E-07 0.7071
0.1218E-06 0.8660
37.00 0.2665
0.8547E-07 0.7071
0.1285E-06 0.8660
37.50 0.2481
0.8660E-07 0.7071
0.1356E-06 0.8660
38.00 0.2307
0.8759E-07 0.7071
0.1431E-06 0.8660
38.50 0.2143
0.8837E-07 0.7071
0.1510E-06 0.8660
39.00 0.1989
0.8889E-07 0.7071
0.1592E-06 0.8660
39.50 0.1845
0.8909E-07 0.7071
0.1677E-06 0.8660
40.00 0.1711
0.8890E-07 0.7071
0.1765E-06 0.8660
40.50 0.1588
0.8824E-07 0.7071
0.1853E-06 0.8660
41.00 0.1474
0.8703E-07 0.7071
0.1941E-06 0.8660
41.50 0.1371
0.8521E-07 0.7071
0.2028E-06 0.8660
42.00 0.1277
0.8270E-07 0.7071
0.2110E-06 0.8660
42.50 0.1193
0.7944E-07 0.7071
0.2187E-06 0.8660
43.00 0.1119
0.7541E-07 0.7071
0.2255E-06 0.8660
43.50 0.1053
0.7060E-07 0.7071
0.2313E-06 0.8660
44.00 0.9957E-01
0.6502E-07 0.7071
0.2357E-06 0.8660
44.50 0.9467E-01
0.5876E-07 0.7071
0.2386E-06 0.8660
45.00 0.9056E-01
0.5191E-07 0.7071
0.2398E-06 0.8660
45.50 0.8718E-01
0.4464E-07 0.7071
0.2392E-06 0.8660
46.00 0.8448E-01
0.3711E-07 0.7071
0.2368E-06 0.8660
46.50 0.8243E-01
0.2954E-07 0.7071
0.2327E-06 0.8660
47.00 0.8097E-01
0.2212E-07 0.7071
0.2269E-06 0.8660
47.50 0.8005E-01
0.1505E-07 0.7071
0.2198E-06 0.8660
48.00 0.7962E-01
0.8487E-08 0.7071
0.2115E-06 0.8660
48.50 0.7964E-01
0.2575E-08 0.7071
0.2024E-06 0.8660
49.00 0.8004E-01
-0.2597E-08 0.7071
0.1928E-06 0.8660
49.50 0.8079E-01
-0.6976E-08 0.7071
0.1829E-06 0.8660
50.00 0.8183E-01
-0.1054E-07 0.7071
0.1729E-06 0.8660
50.50 0.8313E-01
-0.1332E-07 0.7071
0.1632E-06 0.8660
51.00 0.8462E-01
-0.1533E-07 0.7071
0.1538E-06 0.8660
51.50 0.8628E-01
-0.1663E-07 0.7071
0.1450E-06 0.8660
52.00 0.8805E-01
-0.1730E-07 0.7071
0.1366E-06 0.8660
52.50 0.8990E-01
-0.1738E-07 0.7071
0.1289E-06 0.8660
53.00 0.9180E-01
-0.1694E-07 0.7071
0.1218E-06 0.8660
53.50 0.9370E-01
-0.1606E-07 0.7071
0.1154E-06 0.8660
54.00 0.9557E-01
-0.1477E-07 0.7071
0.1095E-06 0.8660
54.50 0.9739E-01
-0.1315E-07 0.7071
0.1043E-06 0.8660
55.00 0.9912E-01
-0.1122E-07 0.7071
0.9963E-07 0.8660
55.50 0.1007
-0.9021E-08 0.7071
0.9550E-07 0.8660
56.00 0.1022
-0.6591E-08 0.7071
0.9188E-07 0.8660
56.50 0.1036
-0.3950E-08 0.7071
0.8872E-07 0.8660
57.00 0.1048
-0.1118E-08 0.7071
0.8600E-07 0.8660
57.50 0.1057
0.1892E-08 0.7071
0.8369E-07 0.8660
58.00 0.1065
0.5070E-08 0.7071
0.8175E-07 0.8660
58.50 0.1071
0.8410E-08 0.7071
0.8016E-07 0.8660
59.00 0.1075
0.1191E-07 0.7071
0.7890E-07 0.8660
59.50 0.1077
0.1558E-07 0.7071
0.7796E-07 0.8660
60.00 0.1076
0.1940E-07 0.7071
0.7730E-07 0.8660
60.50 0.1074
0.2341E-07 0.7071
0.7693E-07 0.8660
61.00 0.1069
0.2759E-07 0.7071
0.7682E-07 0.8660
61.50 0.1062
0.3197E-07 0.7071
0.7698E-07 0.8660
62.00 0.1053
0.3655E-07 0.7071
0.7738E-07 0.8660
62.50 0.1041
0.4135E-07 0.7071
0.7804E-07 0.8660
63.00 0.1028
0.4639E-07 0.7071
0.7893E-07 0.8660
63.50 0.1013
0.5169E-07 0.7071
0.8007E-07 0.8660
64.00 0.9958E-01
0.5726E-07 0.7071
0.8146E-07 0.8660
64.50 0.9771E-01
0.6312E-07 0.7071
0.8309E-07 0.8660
65.00 0.9567E-01
0.6931E-07 0.7071
0.8496E-07 0.8660
65.50 0.9349E-01
0.7584E-07 0.7071
0.8709E-07 0.8660
66.00 0.9117E-01
0.8274E-07 0.7071
0.8948E-07 0.8660
66.50 0.8873E-01
0.9005E-07 0.7071
0.9212E-07 0.8660
67.00 0.8617E-01
0.9778E-07 0.7071
0.9504E-07 0.8660
67.50 0.8352E-01
0.1060E-06 0.7071
0.9822E-07 0.8660
68.00 0.8079E-01
0.1147E-06 0.7071
0.1017E-06 0.8660
68.50 0.7798E-01
0.1239E-06 0.7071
0.1054E-06 0.8660
69.00 0.7512E-01
0.1337E-06 0.7071
0.1095E-06 0.8660
69.50 0.7222E-01
0.1441E-06 0.7071
0.1138E-06 0.8660
70.00 0.6928E-01
0.1552E-06 0.7071
0.1185E-06 0.8660
70.50 0.6633E-01
0.1670E-06 0.7071
0.1234E-06 0.8660
71.00 0.6336E-01
0.1795E-06 0.7071
0.1287E-06 0.8660
71.50 0.6041E-01
0.1929E-06 0.7071
0.1342E-06 0.8660
72.00 0.5747E-01
0.2071E-06 0.7071
0.1401E-06 0.8660
72.50 0.5455E-01
0.2223E-06 0.7071
0.1462E-06 0.8660
73.00 0.5168E-01
0.2385E-06 0.7071
0.1526E-06 0.8660
73.50 0.4885E-01
0.2558E-06 0.7071
0.1593E-06 0.8660
74.00 0.4607E-01
0.2743E-06 0.7071
0.1662E-06 0.8660
74.50 0.4336E-01
0.2940E-06 0.7071
0.1733E-06 0.8660
75.00 0.4072E-01
0.3151E-06 0.7071
0.1806E-06 0.8660
75.50 0.3815E-01
0.3376E-06 0.7071
0.1879E-06 0.8660
76.00 0.3567E-01
0.3616E-06 0.7071
0.1952E-06 0.8660
76.50 0.3327E-01
0.3873E-06 0.7071
0.2025E-06 0.8660
77.00 0.3097E-01
0.4147E-06 0.7071
0.2095E-06 0.8660
77.50 0.2877E-01
0.4440E-06 0.7071
0.2161E-06 0.8660
78.00 0.2666E-01
0.4753E-06 0.7071
0.2221E-06 0.8660
78.50 0.2466E-01
0.5086E-06 0.7071
0.2273E-06 0.8660
79.00 0.2276E-01
0.5441E-06 0.7071
0.2313E-06 0.8660
79.50 0.2097E-01
0.5817E-06 0.7071
0.2338E-06 0.8660
80.00 0.1929E-01
0.6216E-06 0.7071
0.2344E-06 0.8660
80.50 0.1771E-01
0.6637E-06 0.7071
0.2324E-06 0.8660
81.00 0.1624E-01
0.7078E-06 0.7071
0.2272E-06 0.8660
81.50 0.1488E-01
0.7538E-06 0.7071
0.2181E-06 0.8660
82.00 0.1363E-01
0.8012E-06 0.7071
0.2041E-06 0.8660
82.50 0.1247E-01
0.8496E-06 0.7071
0.1843E-06 0.8660
83.00 0.1143E-01
0.8983E-06 0.7071
0.1577E-06 0.8660
83.50 0.1048E-01
0.9461E-06 0.7071
0.1230E-06 0.8660
84.00 0.9626E-02
0.9919E-06 0.7071
0.7910E-07 0.8660
84.50 0.8871E-02
0.1034E-05 0.7071
0.2505E-07 0.8660
85.00 0.8207E-02
0.1070E-05 0.7071
-0.3992E-07 0.8660
85.50 0.7632E-02
0.1099E-05 0.7071
-0.1161E-06 0.8660
86.00 0.7143E-02
0.1118E-05 0.7071
-0.2033E-06 0.8660
86.50 0.6736E-02
0.1126E-05 0.7071
-0.3005E-06 0.8660
87.00 0.6407E-02
0.1120E-05 0.7071
-0.4057E-06 0.8660
87.50 0.6152E-02
0.1099E-05 0.7071
-0.5164E-06 0.8660
88.00 0.5968E-02
0.1065E-05 0.7071
-0.6290E-06 0.8660
88.50 0.5850E-02
0.1016E-05 0.7071
-0.7401E-06 0.8660
89.00 0.5794E-02
0.9564E-06 0.7071
-0.8458E-06 0.8660
89.50 0.5797E-02
0.8869E-06 0.7071
-0.9431E-06 0.8660
90.00 0.5854E-02
0.8110E-06 0.7071
-0.1029E-05 0.8660
90.50 0.5960E-02
0.7317E-06 0.7071
-0.1103E-05 0.8660
91.00 0.6113E-02
0.6516E-06 0.7071
-0.1164E-05 0.8660
91.50 0.6308E-02
0.5732E-06 0.7071
-0.1211E-05 0.8660
92.00 0.6541E-02
0.4983E-06 0.7071
-0.1246E-05 0.8660
92.50 0.6809E-02
0.4282E-06 0.7071
-0.1270E-05 0.8660
93.00 0.7106E-02
0.3638E-06 0.7071
-0.1284E-05 0.8660
93.50 0.7431E-02
0.3053E-06 0.7071
-0.1289E-05 0.8660
94.00 0.7779E-02
0.2529E-06 0.7071
-0.1288E-05 0.8660
94.50 0.8146E-02
0.2065E-06 0.7071
-0.1281E-05 0.8660
95.00 0.8529E-02
0.1658E-06 0.7071
-0.1270E-05 0.8660
95.50 0.8925E-02
0.1303E-06 0.7071
-0.1255E-05 0.8660
96.00 0.9331E-02
0.9974E-07 0.7071
-0.1237E-05 0.8660
96.50 0.9744E-02
0.7363E-07 0.7071
-0.1218E-05 0.8660
97.00 0.1016E-01
0.5155E-07 0.7071
-0.1197E-05 0.8660
97.50 0.1058E-01
0.3312E-07 0.7071
-0.1175E-05 0.8660
98.00 0.1099E-01
0.1797E-07 0.7071
-0.1152E-05 0.8660
98.50 0.1140E-01
0.5791E-08 0.7071
-0.1130E-05 0.8660
99.00 0.1181E-01
-0.3720E-08 0.7071
-0.1107E-05 0.8660
99.50 0.1220E-01
-0.1082E-07 0.7071
-0.1084E-05 0.8660
100.0 0.1259E-01
-0.1572E-07 0.7071
-0.1061E-05 0.8660
100.5 0.1296E-01
-0.1862E-07 0.7071
-0.1038E-05 0.8660
101.0 0.1332E-01
-0.1970E-07 0.7071
-0.1016E-05 0.8660
101.5 0.1366E-01
-0.1910E-07 0.7071
-0.9948E-06 0.8660
102.0 0.1398E-01
-0.1694E-07 0.7071
-0.9737E-06 0.8660
102.5 0.1428E-01
-0.1334E-07 0.7071
-0.9531E-06 0.8660
103.0 0.1456E-01
-0.8394E-08 0.7071
-0.9331E-06 0.8660
103.5 0.1482E-01
-0.2176E-08 0.7071
-0.9136E-06 0.8660
104.0 0.1505E-01
0.5240E-08 0.7071
-0.8947E-06 0.8660
104.5 0.1527E-01
0.1379E-07 0.7071
-0.8765E-06 0.8660
105.0 0.1545E-01
0.2342E-07 0.7071
-0.8588E-06 0.8660
105.5 0.1561E-01
0.3408E-07 0.7071
-0.8418E-06 0.8660
106.0 0.1575E-01
0.4573E-07 0.7071
-0.8254E-06 0.8660
106.5 0.1586E-01
0.5832E-07 0.7071
-0.8096E-06 0.8660
107.0 0.1594E-01
0.7182E-07 0.7071
-0.7945E-06 0.8660
107.5 0.1600E-01
0.8618E-07 0.7071
-0.7801E-06 0.8660
108.0 0.1602E-01
0.1014E-06 0.7071
-0.7663E-06 0.8660
108.5 0.1602E-01
0.1173E-06 0.7071
-0.7533E-06 0.8660
109.0 0.1600E-01
0.1340E-06 0.7071
-0.7409E-06 0.8660
109.5 0.1595E-01
0.1514E-06 0.7071
-0.7293E-06 0.8660
110.0 0.1587E-01
0.1695E-06 0.7071
-0.7185E-06 0.8660
110.5 0.1577E-01
0.1881E-06 0.7071
-0.7084E-06 0.8660
111.0 0.1564E-01
0.2072E-06 0.7071
-0.6992E-06 0.8660
111.5 0.1549E-01
0.2268E-06 0.7071
-0.6909E-06 0.8660
112.0 0.1531E-01
0.2467E-06 0.7071
-0.6834E-06 0.8660
112.5 0.1512E-01
0.2669E-06 0.7071
-0.6770E-06 0.8660
113.0 0.1490E-01
0.2872E-06 0.7071
-0.6715E-06 0.8660
113.5 0.1466E-01
0.3076E-06 0.7071
-0.6672E-06 0.8660
114.0 0.1440E-01
0.3277E-06 0.7071
-0.6641E-06 0.8660
114.5 0.1413E-01
0.3475E-06 0.7071
-0.6623E-06 0.8660
115.0 0.1383E-01
0.3668E-06 0.7071
-0.6619E-06 0.8660
115.5 0.1353E-01
0.3853E-06 0.7071
-0.6630E-06 0.8660
116.0 0.1320E-01
0.4028E-06 0.7071
-0.6658E-06 0.8660
116.5 0.1287E-01
0.4189E-06 0.7071
-0.6704E-06 0.8660
117.0 0.1252E-01
0.4332E-06 0.7071
-0.6772E-06 0.8660
117.5 0.1217E-01
0.4453E-06 0.7071
-0.6861E-06 0.8660
118.0 0.1180E-01
0.4547E-06 0.7071
-0.6976E-06 0.8660
118.5 0.1143E-01
0.4609E-06 0.7071
-0.7120E-06 0.8660
119.0 0.1105E-01
0.4631E-06 0.7071
-0.7295E-06 0.8660
119.5 0.1067E-01
0.4605E-06 0.7071
-0.7505E-06 0.8660
120.0 0.1029E-01
0.4524E-06 0.7071
-0.7754E-06 0.8660
120.5 0.9904E-02
0.4375E-06 0.7071
-0.8048E-06 0.8660
121.0 0.9519E-02
0.4148E-06 0.7071
-0.8391E-06 0.8660
121.5 0.9135E-02
0.3828E-06 0.7071
-0.8790E-06 0.8660
122.0 0.8753E-02
0.3399E-06 0.7071
-0.9252E-06 0.8660
122.5 0.8375E-02
0.2843E-06 0.7071
-0.9783E-06 0.8660
123.0 0.8001E-02
0.2139E-06 0.7071
-0.1039E-05 0.8660
123.5 0.7634E-02
0.1261E-06 0.7071
-0.1109E-05 0.8660
124.0 0.7273E-02
0.1816E-07 0.7071
-0.1189E-05 0.8660
124.5 0.6919E-02
-0.1131E-06 0.7071
-0.1280E-05 0.8660
125.0 0.6574E-02
-0.2714E-06 0.7071
-0.1384E-05 0.8660
125.5 0.6239E-02
-0.4609E-06 0.7071
-0.1501E-05 0.8660
126.0 0.5913E-02
-0.6864E-06 0.7071
-0.1634E-05 0.8660
126.5 0.5597E-02
-0.9534E-06 0.7071
-0.1784E-05 0.8660
127.0 0.5292E-02
-0.1268E-05 0.7071
-0.1953E-05 0.8660
127.5 0.4999E-02
-0.1637E-05 0.7071
-0.2144E-05 0.8660
128.0 0.4717E-02
-0.2069E-05 0.7071
-0.2358E-05 0.8660
128.5 0.4446E-02
-0.2573E-05 0.7071
-0.2599E-05 0.8660
129.0 0.4187E-02
-0.3157E-05 0.7071
-0.2868E-05 0.8660
129.5 0.3941E-02
-0.3834E-05 0.7071
-0.3170E-05 0.8660
130.0 0.3705E-02
-0.4616E-05 0.7071
-0.3506E-05 0.8660
130.5 0.3482E-02
-0.5517E-05 0.7071
-0.3880E-05 0.8660
131.0 0.3270E-02
-0.6552E-05 0.7071
-0.4297E-05 0.8660
131.5 0.3069E-02
-0.7738E-05 0.7071
-0.4758E-05 0.8660
132.0 0.2880E-02
-0.9094E-05 0.7071
-0.5270E-05 0.8660
132.5 0.2700E-02
-0.1064E-04 0.7071
-0.5835E-05 0.8660
133.0 0.2531E-02
-0.1240E-04 0.7071
-0.6458E-05 0.8660
133.5 0.2372E-02
-0.1440E-04 0.7071
-0.7144E-05 0.8660
134.0 0.2222E-02
-0.1667E-04 0.7071
-0.7899E-05 0.8660
134.5 0.2081E-02
-0.1923E-04 0.7071
-0.8727E-05 0.8660
135.0 0.1948E-02
-0.2213E-04 0.7071
-0.9635E-05 0.8660
135.5 0.1823E-02
-0.2540E-04 0.7071
-0.1063E-04 0.8660
136.0 0.1705E-02
-0.2908E-04 0.7070
-0.1172E-04 0.8659
136.5 0.1594E-02
-0.3322E-04 0.7070
-0.1291E-04 0.8659
137.0 0.1490E-02
-0.3789E-04 0.7070
-0.1421E-04 0.8659
137.5 0.1391E-02
-0.4314E-04 0.7070
-0.1563E-04 0.8659
138.0 0.1299E-02
-0.4904E-04 0.7070
-0.1719E-04 0.8659
138.5 0.1211E-02
-0.5567E-04 0.7070
-0.1889E-04 0.8659
139.0 0.1128E-02
-0.6314E-04 0.7070
-0.2076E-04 0.8659
139.5 0.1050E-02
-0.7154E-04 0.7070
-0.2280E-04 0.8658
140.0 0.9761E-03
-0.8101E-04 0.7070
-0.2504E-04 0.8658
140.5 0.9063E-03
-0.9166E-04 0.7069
-0.2751E-04 0.8658
141.0 0.8405E-03
-0.1037E-03 0.7069
-0.3021E-04 0.8658
141.5 0.7786E-03
-0.1172E-03 0.7069
-0.3318E-04 0.8657
142.0 0.7204E-03
-0.1324E-03 0.7069
-0.3643E-04 0.8657
142.5 0.6660E-03
-0.1494E-03 0.7068
-0.3999E-04 0.8657
143.0 0.6155E-03
-0.1685E-03 0.7068
-0.4387E-04 0.8656
143.5 0.5688E-03
-0.1897E-03 0.7068
-0.4806E-04 0.8656
144.0 0.5261E-03
-0.2131E-03 0.7067
-0.5255E-04 0.8656
144.5 0.4876E-03
-0.2385E-03 0.7067
-0.5727E-04 0.8655
145.0 0.4534E-03
-0.2657E-03 0.7067
-0.6215E-04 0.8655
145.5 0.4237E-03
-0.2941E-03 0.7066
-0.6703E-04 0.8654
146.0 0.3987E-03
-0.3228E-03 0.7066
-0.7172E-04 0.8653
146.5 0.3787E-03
-0.3507E-03 0.7065
-0.7595E-04 0.8653
147.0 0.3638E-03
-0.3761E-03 0.7065
-0.7943E-04 0.8653
147.5 0.3542E-03
-0.3974E-03 0.7065
-0.8187E-04 0.8652
148.0 0.3502E-03
-0.4131E-03 0.7065
-0.8302E-04 0.8652
148.5 0.3519E-03
-0.4219E-03 0.7064
-0.8274E-04 0.8652
149.0 0.3594E-03
-0.4233E-03 0.7065
-0.8103E-04 0.8652
149.5 0.3730E-03
-0.4177E-03 0.7065
-0.7804E-04 0.8652
150.0 0.3926E-03
-0.4058E-03 0.7065
-0.7402E-04 0.8652
150.5 0.4182E-03
-0.3890E-03 0.7065
-0.6929E-04 0.8653
151.0 0.4500E-03
-0.3688E-03 0.7066
-0.6416E-04 0.8653
151.5 0.4876E-03
-0.3468E-03 0.7066
-0.5892E-04 0.8654
152.0 0.5312E-03
-0.3240E-03 0.7066
-0.5377E-04 0.8654
152.5 0.5803E-03
-0.3015E-03 0.7067
-0.4887E-04 0.8655
153.0 0.6348E-03
-0.2799E-03 0.7067
-0.4431E-04 0.8655
153.5 0.6943E-03
-0.2595E-03 0.7067
-0.4014E-04 0.8656
154.0 0.7584E-03
-0.2407E-03 0.7068
-0.3637E-04 0.8656
154.5 0.8267E-03
-0.2235E-03 0.7068
-0.3298E-04 0.8656
155.0 0.8987E-03
-0.2078E-03 0.7068
-0.2995E-04 0.8657
155.5 0.9736E-03
-0.1937E-03 0.7068
-0.2726E-04 0.8657
156.0 0.1051E-02
-0.1810E-03 0.7069
-0.2487E-04 0.8657
156.5 0.1130E-02
-0.1696E-03 0.7069
-0.2274E-04 0.8657
157.0 0.1210E-02
-0.1594E-03 0.7069
-0.2086E-04 0.8658
157.5 0.1291E-02
-0.1503E-03 0.7069
-0.1918E-04 0.8658
158.0 0.1370E-02
-0.1421E-03 0.7069
-0.1769E-04 0.8658
158.5 0.1449E-02
-0.1349E-03 0.7069
-0.1636E-04 0.8658
159.0 0.1525E-02
-0.1284E-03 0.7069
-0.1518E-04 0.8658
159.5 0.1598E-02
-0.1226E-03 0.7069
-0.1411E-04 0.8658
160.0 0.1667E-02
-0.1174E-03 0.7069
-0.1316E-04 0.8658
160.5 0.1732E-02
-0.1129E-03 0.7070
-0.1231E-04 0.8659
161.0 0.1791E-02
-0.1088E-03 0.7070
-0.1154E-04 0.8659
161.5 0.1844E-02
-0.1052E-03 0.7070
-0.1084E-04 0.8659
162.0 0.1891E-02
-0.1021E-03 0.7070
-0.1022E-04 0.8659
162.5 0.1930E-02
-0.9939E-04 0.7070
-0.9650E-05 0.8659
163.0 0.1961E-02
-0.9703E-04 0.7070
-0.9135E-05 0.8659
163.5 0.1983E-02
-0.9503E-04 0.7070
-0.8668E-05 0.8659
164.0 0.1997E-02
-0.9335E-04 0.7070
-0.8243E-05 0.8659
164.5 0.2002E-02
-0.9198E-04 0.7070
-0.7857E-05 0.8659
165.0 0.1997E-02
-0.9092E-04 0.7070
-0.7506E-05 0.8659
165.5 0.1983E-02
-0.9015E-04 0.7070
-0.7186E-05 0.8659
166.0 0.1959E-02
-0.8966E-04 0.7070
-0.6896E-05 0.8659
166.5 0.1926E-02
-0.8946E-04 0.7070
-0.6633E-05 0.8659
167.0 0.1884E-02
-0.8955E-04 0.7070
-0.6394E-05 0.8659
167.5 0.1833E-02
-0.8993E-04 0.7070
-0.6179E-05 0.8659
168.0 0.1774E-02
-0.9062E-04 0.7070
-0.5986E-05 0.8659
168.5 0.1707E-02
-0.9162E-04 0.7070
-0.5815E-05 0.8659
169.0 0.1632E-02
-0.9297E-04 0.7070
-0.5664E-05 0.8659
169.5 0.1551E-02
-0.9468E-04 0.7070
-0.5534E-05 0.8659
170.0 0.1464E-02
-0.9680E-04 0.7070
-0.5424E-05 0.8659
170.5 0.1373E-02
-0.9937E-04 0.7070
-0.5336E-05 0.8659
171.0 0.1277E-02
-0.1024E-03 0.7069
-0.5269E-05 0.8658
171.5 0.1178E-02
-0.1061E-03 0.7069
-0.5226E-05 0.8658
172.0 0.1077E-02
-0.1104E-03 0.7069
-0.5208E-05 0.8658
172.5 0.9748E-03
-0.1155E-03 0.7069
-0.5218E-05 0.8658
173.0 0.8729E-03
-0.1216E-03 0.7069
-0.5262E-05 0.8658
173.5 0.7722E-03
-0.1288E-03 0.7069
-0.5343E-05 0.8658
174.0 0.6737E-03
-0.1374E-03 0.7068
-0.5470E-05 0.8657
174.5 0.5785E-03
-0.1478E-03 0.7068
-0.5653E-05 0.8657
175.0 0.4877E-03
-0.1605E-03 0.7067
-0.5909E-05 0.8656
175.5 0.4022E-03
-0.1763E-03 0.7067
-0.6258E-05 0.8655
176.0 0.3229E-03
-0.1963E-03 0.7066
-0.6734E-05 0.8654
176.5 0.2508E-03
-0.2223E-03 0.7064
-0.7391E-05 0.8652
177.0 0.1865E-03
-0.2573E-03 0.7062
-0.8316E-05 0.8650
177.5 0.1309E-03
-0.3066E-03 0.7058
-0.9668E-05 0.8645
178.0 0.8458E-04
-0.3809E-03 0.7050
-0.1176E-04 0.8637
178.5 0.4799E-04
-0.5048E-03 0.7035
-0.1533E-04 0.8620
179.0 0.2155E-04
-0.7507E-03 0.6991
-0.2253E-04 0.8571
179.5 0.5569E-05
-0.1454E-02 0.6761
-0.4331E-04 0.8314
180.0 0.2226E-06
0.000 -0.6849E-01
0.000 0.000
