# Fusion cross sections for ELAB=  16.000, ECM=  13.700
     0.0   8.946     -1
     1.0   52.82      1
     1.0   80.13     -1
     2.0   43.91      1
     2.0   132.1     -1
     3.0   119.0      1
     3.0   182.8     -1
     4.0   71.66      1
     4.0   184.0     -1
     5.0   109.6      1
     5.0   168.2     -1
     6.0   17.59      1
     6.0   94.55     -1
     7.0   28.94      1
     7.0   33.00     -1
     8.0  0.9832      1
     8.0   6.882     -1
     9.0   1.340      1
     9.0   1.585     -1
    10.0  0.6123E-01  1
    10.0  0.3932     -1
    11.0  0.8427E-01  1
    11.0  0.9941E-01 -1
    12.0  0.3685E-02  1
    12.0  0.2516E-01 -1
    13.0  0.5462E-02  1
    13.0  0.6339E-02 -1
    14.0  0.2030E-03  1
    14.0  0.1588E-02 -1
    15.0  0.3499E-03  1
    15.0  0.3951E-03 -1
    16.0  0.9450E-05  1
    16.0  0.9773E-04 -1
    17.0  0.2226E-04  1
    17.0  0.2403E-04 -1
    18.0  0.2567E-06  1
    18.0  0.5871E-05 -1
    19.0  0.1419E-05  1
    19.0  0.1425E-05 -1
    20.0 -0.1650E-07  1
    20.0  0.3430E-06 -1
 &
