# 601 angles,  1 tensor ranks for 0=projectile
@subtitle   "12C(d,p)13C, 0.5-1 0.000 MeV 1p0.5"                                            
@legend ON
@legend x1 0.2
@legend y1 0.8
@g0 type LOGY
@yaxis ticklabel format power
@xaxis label "Scattering angle (degrees)"
@yaxis label "Cross section (mb/sr)"
@legend string   0 "Partition=  1 Excit=  1 near/far= 1"
#legend string   0 "Lab energy =   16.0000"
@s0 linestyle   1
#  Theta       sigma       iT11        T20         T21         T22         Kyy for projectile
  0.1000E-01   1.000    
  0.1000       1.000    
  0.2000       1.000    
  0.3000      0.9997    
  0.4000      0.9991    
  0.5000      0.9982    
  0.6000      0.9970    
  0.7000      0.9954    
  0.8000      0.9936    
  0.9000      0.9914    
   1.000      0.9890    
   1.100      0.9863    
   1.200      0.9833    
   1.300      0.9800    
   1.400      0.9765    
   1.500      0.9727    
   1.600      0.9687    
   1.700      0.9645    
   1.800      0.9600    
   1.900      0.9554    
   2.000      0.9506    
   2.100      0.9456    
   2.200      0.9404    
   2.300      0.9351    
   2.400      0.9297    
   2.500      0.9241    
   2.600      0.9183    
   2.700      0.9125    
   2.800      0.9066    
   2.900      0.9005    
   3.000      0.8944    
   3.100      0.8882    
   3.200      0.8820    
   3.300      0.8757    
   3.400      0.8693    
   3.500      0.8629    
   3.600      0.8565    
   3.700      0.8501    
   3.800      0.8437    
   3.900      0.8372    
   4.000      0.8308    
   4.100      0.8244    
   4.200      0.8181    
   4.300      0.8117    
   4.400      0.8054    
   4.500      0.7992    
   4.600      0.7930    
   4.700      0.7869    
   4.800      0.7809    
   4.900      0.7750    
   5.000      0.7692    
   5.100      0.7635    
   5.200      0.7579    
   5.300      0.7524    
   5.400      0.7470    
   5.500      0.7418    
   5.600      0.7367    
   5.700      0.7318    
   5.800      0.7270    
   5.900      0.7224    
   6.000      0.7180    
   6.100      0.7138    
   6.200      0.7097    
   6.300      0.7059    
   6.400      0.7022    
   6.500      0.6988    
   6.600      0.6956    
   6.700      0.6926    
   6.800      0.6898    
   6.900      0.6872    
   7.000      0.6849    
   7.100      0.6829    
   7.200      0.6811    
   7.300      0.6795    
   7.400      0.6782    
   7.500      0.6772    
   7.600      0.6765    
   7.700      0.6760    
   7.800      0.6758    
   7.900      0.6759    
   8.000      0.6763    
   8.100      0.6770    
   8.200      0.6780    
   8.300      0.6793    
   8.400      0.6810    
   8.500      0.6829    
   8.600      0.6852    
   8.700      0.6877    
   8.800      0.6906    
   8.900      0.6938    
   9.000      0.6974    
   9.100      0.7013    
   9.200      0.7055    
   9.300      0.7101    
   9.400      0.7150    
   9.500      0.7202    
   9.600      0.7258    
   9.700      0.7318    
   9.800      0.7381    
   9.900      0.7447    
   10.00      0.7517    
   10.10      0.7590    
   10.20      0.7668    
   10.30      0.7748    
   10.40      0.7832    
   10.50      0.7920    
   10.60      0.8011    
   10.70      0.8106    
   10.80      0.8204    
   10.90      0.8306    
   11.00      0.8412    
   11.10      0.8521    
   11.20      0.8633    
   11.30      0.8749    
   11.40      0.8869    
   11.50      0.8992    
   11.60      0.9118    
   11.70      0.9248    
   11.80      0.9381    
   11.90      0.9518    
   12.00      0.9658    
   12.10      0.9802    
   12.20      0.9949    
   12.30       1.010    
   12.40       1.025    
   12.50       1.041    
   12.60       1.057    
   12.70       1.073    
   12.80       1.090    
   12.90       1.107    
   13.00       1.124    
   13.10       1.141    
   13.20       1.159    
   13.30       1.177    
   13.40       1.196    
   13.50       1.214    
   13.60       1.233    
   13.70       1.253    
   13.80       1.272    
   13.90       1.292    
   14.00       1.312    
   14.10       1.332    
   14.20       1.353    
   14.30       1.373    
   14.40       1.394    
   14.50       1.415    
   14.60       1.437    
   14.70       1.458    
   14.80       1.480    
   14.90       1.502    
   15.00       1.524    
   15.10       1.546    
   15.20       1.569    
   15.30       1.592    
   15.40       1.614    
   15.50       1.637    
   15.60       1.660    
   15.70       1.684    
   15.80       1.707    
   15.90       1.730    
   16.00       1.754    
   16.10       1.778    
   16.20       1.801    
   16.30       1.825    
   16.40       1.849    
   16.50       1.873    
   16.60       1.897    
   16.70       1.921    
   16.80       1.945    
   16.90       1.969    
   17.00       1.993    
   17.10       2.018    
   17.20       2.042    
   17.30       2.066    
   17.40       2.090    
   17.50       2.114    
   17.60       2.138    
   17.70       2.162    
   17.80       2.186    
   17.90       2.210    
   18.00       2.233    
   18.10       2.257    
   18.20       2.280    
   18.30       2.304    
   18.40       2.327    
   18.50       2.350    
   18.60       2.373    
   18.70       2.396    
   18.80       2.419    
   18.90       2.442    
   19.00       2.464    
   19.10       2.486    
   19.20       2.508    
   19.30       2.530    
   19.40       2.552    
   19.50       2.573    
   19.60       2.595    
   19.70       2.615    
   19.80       2.636    
   19.90       2.657    
   20.00       2.677    
   20.10       2.697    
   20.20       2.716    
   20.30       2.736    
   20.40       2.755    
   20.50       2.773    
   20.60       2.792    
   20.70       2.810    
   20.80       2.827    
   20.90       2.845    
   21.00       2.862    
   21.10       2.879    
   21.20       2.895    
   21.30       2.911    
   21.40       2.926    
   21.50       2.941    
   21.60       2.956    
   21.70       2.971    
   21.80       2.985    
   21.90       2.998    
   22.00       3.011    
   22.10       3.024    
   22.20       3.036    
   22.30       3.048    
   22.40       3.059    
   22.50       3.070    
   22.60       3.081    
   22.70       3.091    
   22.80       3.100    
   22.90       3.109    
   23.00       3.118    
   23.10       3.126    
   23.20       3.134    
   23.30       3.141    
   23.40       3.148    
   23.50       3.154    
   23.60       3.159    
   23.70       3.164    
   23.80       3.169    
   23.90       3.173    
   24.00       3.177    
   24.10       3.180    
   24.20       3.182    
   24.30       3.184    
   24.40       3.186    
   24.50       3.187    
   24.60       3.187    
   24.70       3.187    
   24.80       3.187    
   24.90       3.186    
   25.00       3.184    
   25.10       3.182    
   25.20       3.179    
   25.30       3.176    
   25.40       3.172    
   25.50       3.167    
   25.60       3.163    
   25.70       3.157    
   25.80       3.151    
   25.90       3.145    
   26.00       3.138    
   26.10       3.130    
   26.20       3.122    
   26.30       3.114    
   26.40       3.105    
   26.50       3.095    
   26.60       3.085    
   26.70       3.074    
   26.80       3.063    
   26.90       3.051    
   27.00       3.039    
   27.10       3.026    
   27.20       3.013    
   27.30       3.000    
   27.40       2.985    
   27.50       2.971    
   27.60       2.956    
   27.70       2.940    
   27.80       2.924    
   27.90       2.907    
   28.00       2.891    
   28.10       2.873    
   28.20       2.855    
   28.30       2.837    
   28.40       2.818    
   28.50       2.799    
   28.60       2.779    
   28.70       2.759    
   28.80       2.739    
   28.90       2.718    
   29.00       2.697    
   29.10       2.675    
   29.20       2.653    
   29.30       2.631    
   29.40       2.608    
   29.50       2.585    
   29.60       2.562    
   29.70       2.538    
   29.80       2.514    
   29.90       2.489    
   30.00       2.464    
   30.10       2.439    
   30.20       2.414    
   30.30       2.388    
   30.40       2.363    
   30.50       2.336    
   30.60       2.310    
   30.70       2.283    
   30.80       2.256    
   30.90       2.229    
   31.00       2.202    
   31.10       2.174    
   31.20       2.146    
   31.30       2.118    
   31.40       2.090    
   31.50       2.062    
   31.60       2.034    
   31.70       2.005    
   31.80       1.976    
   31.90       1.947    
   32.00       1.918    
   32.10       1.889    
   32.20       1.860    
   32.30       1.831    
   32.40       1.801    
   32.50       1.772    
   32.60       1.742    
   32.70       1.713    
   32.80       1.683    
   32.90       1.654    
   33.00       1.624    
   33.10       1.595    
   33.20       1.565    
   33.30       1.535    
   33.40       1.506    
   33.50       1.476    
   33.60       1.447    
   33.70       1.418    
   33.80       1.388    
   33.90       1.359    
   34.00       1.330    
   34.10       1.301    
   34.20       1.272    
   34.30       1.244    
   34.40       1.215    
   34.50       1.187    
   34.60       1.158    
   34.70       1.130    
   34.80       1.103    
   34.90       1.075    
   35.00       1.047    
   35.10       1.020    
   35.20      0.9931    
   35.30      0.9663    
   35.40      0.9397    
   35.50      0.9134    
   35.60      0.8874    
   35.70      0.8616    
   35.80      0.8362    
   35.90      0.8110    
   36.00      0.7861    
   36.10      0.7616    
   36.20      0.7374    
   36.30      0.7135    
   36.40      0.6899    
   36.50      0.6667    
   36.60      0.6439    
   36.70      0.6214    
   36.80      0.5993    
   36.90      0.5776    
   37.00      0.5563    
   37.10      0.5354    
   37.20      0.5149    
   37.30      0.4948    
   37.40      0.4751    
   37.50      0.4559    
   37.60      0.4371    
   37.70      0.4187    
   37.80      0.4008    
   37.90      0.3834    
   38.00      0.3664    
   38.10      0.3499    
   38.20      0.3339    
   38.30      0.3183    
   38.40      0.3033    
   38.50      0.2887    
   38.60      0.2747    
   38.70      0.2612    
   38.80      0.2481    
   38.90      0.2356    
   39.00      0.2237    
   39.10      0.2122    
   39.20      0.2013    
   39.30      0.1909    
   39.40      0.1811    
   39.50      0.1718    
   39.60      0.1630    
   39.70      0.1548    
   39.80      0.1472    
   39.90      0.1401    
   40.00      0.1336    
   40.10      0.1276    
   40.20      0.1222    
   40.30      0.1174    
   40.40      0.1132    
   40.50      0.1095    
   40.60      0.1064    
   40.70      0.1039    
   40.80      0.1020    
   40.90      0.1006    
   41.00      0.9982E-01
   41.10      0.9962E-01
   41.20      0.1000    
   41.30      0.1010    
   41.40      0.1025    
   41.50      0.1046    
   41.60      0.1074    
   41.70      0.1107    
   41.80      0.1145    
   41.90      0.1190    
   42.00      0.1240    
   42.10      0.1297    
   42.20      0.1358    
   42.30      0.1426    
   42.40      0.1500    
   42.50      0.1579    
   42.60      0.1664    
   42.70      0.1754    
   42.80      0.1850    
   42.90      0.1952    
   43.00      0.2060    
   43.10      0.2172    
   43.20      0.2291    
   43.30      0.2415    
   43.40      0.2544    
   43.50      0.2679    
   43.60      0.2819    
   43.70      0.2965    
   43.80      0.3116    
   43.90      0.3272    
   44.00      0.3433    
   44.10      0.3600    
   44.20      0.3771    
   44.30      0.3948    
   44.40      0.4129    
   44.50      0.4316    
   44.60      0.4507    
   44.70      0.4703    
   44.80      0.4904    
   44.90      0.5110    
   45.00      0.5321    
   45.10      0.5535    
   45.20      0.5755    
   45.30      0.5979    
   45.40      0.6207    
   45.50      0.6440    
   45.60      0.6676    
   45.70      0.6917    
   45.80      0.7163    
   45.90      0.7412    
   46.00      0.7665    
   46.10      0.7922    
   46.20      0.8182    
   46.30      0.8447    
   46.40      0.8715    
   46.50      0.8986    
   46.60      0.9261    
   46.70      0.9540    
   46.80      0.9821    
   46.90       1.011    
   47.00       1.039    
   47.10       1.069    
   47.20       1.098    
   47.30       1.128    
   47.40       1.158    
   47.50       1.188    
   47.60       1.218    
   47.70       1.249    
   47.80       1.280    
   47.90       1.311    
   48.00       1.343    
   48.10       1.374    
   48.20       1.406    
   48.30       1.438    
   48.40       1.470    
   48.50       1.503    
   48.60       1.535    
   48.70       1.568    
   48.80       1.601    
   48.90       1.634    
   49.00       1.667    
   49.10       1.700    
   49.20       1.734    
   49.30       1.767    
   49.40       1.801    
   49.50       1.834    
   49.60       1.868    
   49.70       1.902    
   49.80       1.935    
   49.90       1.969    
   50.00       2.003    
   50.10       2.037    
   50.20       2.071    
   50.30       2.104    
   50.40       2.138    
   50.50       2.172    
   50.60       2.206    
   50.70       2.240    
   50.80       2.273    
   50.90       2.307    
   51.00       2.341    
   51.10       2.374    
   51.20       2.407    
   51.30       2.441    
   51.40       2.474    
   51.50       2.507    
   51.60       2.540    
   51.70       2.573    
   51.80       2.605    
   51.90       2.638    
   52.00       2.670    
   52.10       2.702    
   52.20       2.734    
   52.30       2.766    
   52.40       2.798    
   52.50       2.829    
   52.60       2.860    
   52.70       2.891    
   52.80       2.922    
   52.90       2.952    
   53.00       2.983    
   53.10       3.013    
   53.20       3.042    
   53.30       3.072    
   53.40       3.101    
   53.50       3.130    
   53.60       3.158    
   53.70       3.186    
   53.80       3.214    
   53.90       3.242    
   54.00       3.269    
   54.10       3.296    
   54.20       3.323    
   54.30       3.349    
   54.40       3.375    
   54.50       3.400    
   54.60       3.426    
   54.70       3.450    
   54.80       3.475    
   54.90       3.499    
   55.00       3.522    
   55.10       3.546    
   55.20       3.569    
   55.30       3.591    
   55.40       3.613    
   55.50       3.635    
   55.60       3.656    
   55.70       3.676    
   55.80       3.697    
   55.90       3.717    
   56.00       3.736    
   56.10       3.755    
   56.20       3.773    
   56.30       3.791    
   56.40       3.809    
   56.50       3.826    
   56.60       3.843    
   56.70       3.859    
   56.80       3.875    
   56.90       3.890    
   57.00       3.904    
   57.10       3.919    
   57.20       3.932    
   57.30       3.946    
   57.40       3.958    
   57.50       3.971    
   57.60       3.982    
   57.70       3.994    
   57.80       4.004    
   57.90       4.015    
   58.00       4.024    
   58.10       4.034    
   58.20       4.042    
   58.30       4.051    
   58.40       4.058    
   58.50       4.065    
   58.60       4.072    
   58.70       4.078    
   58.80       4.084    
   58.90       4.089    
   59.00       4.093    
   59.10       4.098    
   59.20       4.101    
   59.30       4.104    
   59.40       4.107    
   59.50       4.109    
   59.60       4.110    
   59.70       4.111    
   59.80       4.112    
   59.90       4.112    
   60.00       4.111    
 END
@legend string   1 "Partition=  2 Excit=  1 near/far= 1"
#legend string   0 "Lab energy =   16.0000"
@s1 linestyle   2
#  Theta       sigma       iT11        T20         T21         T22         Kyy for projectile
   0.000       17.56    
  0.1000       17.56    
  0.2000       17.56    
  0.3000       17.56    
  0.4000       17.57    
  0.5000       17.58    
  0.6000       17.59    
  0.7000       17.60    
  0.8000       17.62    
  0.9000       17.64    
   1.000       17.66    
   1.100       17.68    
   1.200       17.70    
   1.300       17.72    
   1.400       17.75    
   1.500       17.78    
   1.600       17.81    
   1.700       17.84    
   1.800       17.88    
   1.900       17.91    
   2.000       17.95    
   2.100       17.99    
   2.200       18.03    
   2.300       18.07    
   2.400       18.12    
   2.500       18.17    
   2.600       18.21    
   2.700       18.26    
   2.800       18.31    
   2.900       18.37    
   3.000       18.42    
   3.100       18.48    
   3.200       18.54    
   3.300       18.59    
   3.400       18.65    
   3.500       18.72    
   3.600       18.78    
   3.700       18.84    
   3.800       18.91    
   3.900       18.97    
   4.000       19.04    
   4.100       19.11    
   4.200       19.18    
   4.300       19.25    
   4.400       19.32    
   4.500       19.40    
   4.600       19.47    
   4.700       19.54    
   4.800       19.62    
   4.900       19.70    
   5.000       19.77    
   5.100       19.85    
   5.200       19.93    
   5.300       20.01    
   5.400       20.09    
   5.500       20.17    
   5.600       20.25    
   5.700       20.33    
   5.800       20.41    
   5.900       20.49    
   6.000       20.57    
   6.100       20.65    
   6.200       20.74    
   6.300       20.82    
   6.400       20.90    
   6.500       20.98    
   6.600       21.06    
   6.700       21.15    
   6.800       21.23    
   6.900       21.31    
   7.000       21.39    
   7.100       21.47    
   7.200       21.55    
   7.300       21.63    
   7.400       21.71    
   7.500       21.79    
   7.600       21.87    
   7.700       21.95    
   7.800       22.03    
   7.900       22.10    
   8.000       22.18    
   8.100       22.26    
   8.200       22.33    
   8.300       22.40    
   8.400       22.48    
   8.500       22.55    
   8.600       22.62    
   8.700       22.69    
   8.800       22.76    
   8.900       22.83    
   9.000       22.89    
   9.100       22.96    
   9.200       23.02    
   9.300       23.09    
   9.400       23.15    
   9.500       23.21    
   9.600       23.27    
   9.700       23.32    
   9.800       23.38    
   9.900       23.43    
   10.00       23.49    
   10.10       23.54    
   10.20       23.59    
   10.30       23.64    
   10.40       23.68    
   10.50       23.73    
   10.60       23.77    
   10.70       23.81    
   10.80       23.85    
   10.90       23.89    
   11.00       23.93    
   11.10       23.96    
   11.20       23.99    
   11.30       24.02    
   11.40       24.05    
   11.50       24.08    
   11.60       24.10    
   11.70       24.13    
   11.80       24.15    
   11.90       24.17    
   12.00       24.18    
   12.10       24.20    
   12.20       24.21    
   12.30       24.22    
   12.40       24.23    
   12.50       24.23    
   12.60       24.24    
   12.70       24.24    
   12.80       24.24    
   12.90       24.24    
   13.00       24.23    
   13.10       24.22    
   13.20       24.22    
   13.30       24.20    
   13.40       24.19    
   13.50       24.18    
   13.60       24.16    
   13.70       24.14    
   13.80       24.12    
   13.90       24.09    
   14.00       24.07    
   14.10       24.04    
   14.20       24.01    
   14.30       23.97    
   14.40       23.94    
   14.50       23.90    
   14.60       23.86    
   14.70       23.82    
   14.80       23.78    
   14.90       23.73    
   15.00       23.68    
   15.10       23.63    
   15.20       23.58    
   15.30       23.52    
   15.40       23.47    
   15.50       23.41    
   15.60       23.35    
   15.70       23.29    
   15.80       23.22    
   15.90       23.15    
   16.00       23.09    
   16.10       23.01    
   16.20       22.94    
   16.30       22.87    
   16.40       22.79    
   16.50       22.71    
   16.60       22.63    
   16.70       22.55    
   16.80       22.47    
   16.90       22.38    
   17.00       22.29    
   17.10       22.20    
   17.20       22.11    
   17.30       22.02    
   17.40       21.92    
   17.50       21.83    
   17.60       21.73    
   17.70       21.63    
   17.80       21.53    
   17.90       21.43    
   18.00       21.32    
   18.10       21.22    
   18.20       21.11    
   18.30       21.00    
   18.40       20.89    
   18.50       20.78    
   18.60       20.66    
   18.70       20.55    
   18.80       20.43    
   18.90       20.32    
   19.00       20.20    
   19.10       20.08    
   19.20       19.96    
   19.30       19.83    
   19.40       19.71    
   19.50       19.59    
   19.60       19.46    
   19.70       19.34    
   19.80       19.21    
   19.90       19.08    
   20.00       18.95    
   20.10       18.82    
   20.20       18.69    
   20.30       18.56    
   20.40       18.42    
   20.50       18.29    
   20.60       18.15    
   20.70       18.02    
   20.80       17.88    
   20.90       17.75    
   21.00       17.61    
   21.10       17.47    
   21.20       17.33    
   21.30       17.19    
   21.40       17.05    
   21.50       16.91    
   21.60       16.77    
   21.70       16.63    
   21.80       16.49    
   21.90       16.35    
   22.00       16.21    
   22.10       16.06    
   22.20       15.92    
   22.30       15.78    
   22.40       15.63    
   22.50       15.49    
   22.60       15.35    
   22.70       15.20    
   22.80       15.06    
   22.90       14.91    
   23.00       14.77    
   23.10       14.63    
   23.20       14.48    
   23.30       14.34    
   23.40       14.19    
   23.50       14.05    
   23.60       13.91    
   23.70       13.76    
   23.80       13.62    
   23.90       13.48    
   24.00       13.33    
   24.10       13.19    
   24.20       13.05    
   24.30       12.90    
   24.40       12.76    
   24.50       12.62    
   24.60       12.48    
   24.70       12.34    
   24.80       12.20    
   24.90       12.06    
   25.00       11.92    
   25.10       11.78    
   25.20       11.64    
   25.30       11.50    
   25.40       11.36    
   25.50       11.23    
   25.60       11.09    
   25.70       10.96    
   25.80       10.82    
   25.90       10.69    
   26.00       10.55    
   26.10       10.42    
   26.20       10.29    
   26.30       10.15    
   26.40       10.02    
   26.50       9.892    
   26.60       9.763    
   26.70       9.634    
   26.80       9.506    
   26.90       9.378    
   27.00       9.252    
   27.10       9.126    
   27.20       9.002    
   27.30       8.878    
   27.40       8.755    
   27.50       8.633    
   27.60       8.511    
   27.70       8.391    
   27.80       8.272    
   27.90       8.153    
   28.00       8.036    
   28.10       7.920    
   28.20       7.804    
   28.30       7.690    
   28.40       7.576    
   28.50       7.464    
   28.60       7.352    
   28.70       7.242    
   28.80       7.132    
   28.90       7.024    
   29.00       6.917    
   29.10       6.810    
   29.20       6.705    
   29.30       6.601    
   29.40       6.498    
   29.50       6.396    
   29.60       6.295    
   29.70       6.195    
   29.80       6.096    
   29.90       5.999    
   30.00       5.902    
   30.10       5.807    
   30.20       5.713    
   30.30       5.619    
   30.40       5.527    
   30.50       5.436    
   30.60       5.347    
   30.70       5.258    
   30.80       5.170    
   30.90       5.084    
   31.00       4.999    
   31.10       4.915    
   31.20       4.832    
   31.30       4.750    
   31.40       4.669    
   31.50       4.589    
   31.60       4.511    
   31.70       4.433    
   31.80       4.357    
   31.90       4.282    
   32.00       4.208    
   32.10       4.135    
   32.20       4.063    
   32.30       3.993    
   32.40       3.923    
   32.50       3.855    
   32.60       3.788    
   32.70       3.721    
   32.80       3.656    
   32.90       3.592    
   33.00       3.529    
   33.10       3.468    
   33.20       3.407    
   33.30       3.347    
   33.40       3.289    
   33.50       3.231    
   33.60       3.175    
   33.70       3.119    
   33.80       3.065    
   33.90       3.012    
   34.00       2.960    
   34.10       2.909    
   34.20       2.858    
   34.30       2.809    
   34.40       2.761    
   34.50       2.714    
   34.60       2.668    
   34.70       2.623    
   34.80       2.579    
   34.90       2.536    
   35.00       2.493    
   35.10       2.452    
   35.20       2.412    
   35.30       2.373    
   35.40       2.334    
   35.50       2.297    
   35.60       2.261    
   35.70       2.225    
   35.80       2.190    
   35.90       2.157    
   36.00       2.124    
   36.10       2.092    
   36.20       2.061    
   36.30       2.030    
   36.40       2.001    
   36.50       1.972    
   36.60       1.945    
   36.70       1.918    
   36.80       1.892    
   36.90       1.866    
   37.00       1.842    
   37.10       1.818    
   37.20       1.795    
   37.30       1.773    
   37.40       1.752    
   37.50       1.731    
   37.60       1.711    
   37.70       1.692    
   37.80       1.674    
   37.90       1.656    
   38.00       1.639    
   38.10       1.622    
   38.20       1.607    
   38.30       1.592    
   38.40       1.577    
   38.50       1.564    
   38.60       1.551    
   38.70       1.538    
   38.80       1.527    
   38.90       1.515    
   39.00       1.505    
   39.10       1.495    
   39.20       1.485    
   39.30       1.477    
   39.40       1.468    
   39.50       1.461    
   39.60       1.453    
   39.70       1.447    
   39.80       1.441    
   39.90       1.435    
   40.00       1.430    
   40.10       1.425    
   40.20       1.421    
   40.30       1.417    
   40.40       1.414    
   40.50       1.411    
   40.60       1.409    
   40.70       1.407    
   40.80       1.405    
   40.90       1.404    
   41.00       1.404    
   41.10       1.403    
   41.20       1.404    
   41.30       1.404    
   41.40       1.405    
   41.50       1.406    
   41.60       1.408    
   41.70       1.410    
   41.80       1.412    
   41.90       1.414    
   42.00       1.417    
   42.10       1.420    
   42.20       1.424    
   42.30       1.428    
   42.40       1.432    
   42.50       1.436    
   42.60       1.440    
   42.70       1.445    
   42.80       1.450    
   42.90       1.455    
   43.00       1.461    
   43.10       1.467    
   43.20       1.473    
   43.30       1.479    
   43.40       1.485    
   43.50       1.492    
   43.60       1.498    
   43.70       1.505    
   43.80       1.512    
   43.90       1.519    
   44.00       1.527    
   44.10       1.534    
   44.20       1.542    
   44.30       1.549    
   44.40       1.557    
   44.50       1.565    
   44.60       1.573    
   44.70       1.581    
   44.80       1.590    
   44.90       1.598    
   45.00       1.607    
   45.10       1.615    
   45.20       1.624    
   45.30       1.632    
   45.40       1.641    
   45.50       1.650    
   45.60       1.658    
   45.70       1.667    
   45.80       1.676    
   45.90       1.685    
   46.00       1.694    
   46.10       1.703    
   46.20       1.712    
   46.30       1.721    
   46.40       1.730    
   46.50       1.739    
   46.60       1.747    
   46.70       1.756    
   46.80       1.765    
   46.90       1.774    
   47.00       1.783    
   47.10       1.792    
   47.20       1.800    
   47.30       1.809    
   47.40       1.818    
   47.50       1.826    
   47.60       1.835    
   47.70       1.843    
   47.80       1.852    
   47.90       1.860    
   48.00       1.868    
   48.10       1.877    
   48.20       1.885    
   48.30       1.893    
   48.40       1.901    
   48.50       1.909    
   48.60       1.916    
   48.70       1.924    
   48.80       1.932    
   48.90       1.939    
   49.00       1.946    
   49.10       1.954    
   49.20       1.961    
   49.30       1.968    
   49.40       1.975    
   49.50       1.982    
   49.60       1.988    
   49.70       1.995    
   49.80       2.001    
   49.90       2.008    
   50.00       2.014    
   50.10       2.020    
   50.20       2.026    
   50.30       2.032    
   50.40       2.037    
   50.50       2.043    
   50.60       2.048    
   50.70       2.053    
   50.80       2.058    
   50.90       2.063    
   51.00       2.068    
   51.10       2.073    
   51.20       2.077    
   51.30       2.082    
   51.40       2.086    
   51.50       2.090    
   51.60       2.094    
   51.70       2.097    
   51.80       2.101    
   51.90       2.105    
   52.00       2.108    
   52.10       2.111    
   52.20       2.114    
   52.30       2.117    
   52.40       2.119    
   52.50       2.122    
   52.60       2.124    
   52.70       2.126    
   52.80       2.128    
   52.90       2.130    
   53.00       2.132    
   53.10       2.133    
   53.20       2.135    
   53.30       2.136    
   53.40       2.137    
   53.50       2.138    
   53.60       2.139    
   53.70       2.139    
   53.80       2.140    
   53.90       2.140    
   54.00       2.140    
   54.10       2.140    
   54.20       2.140    
   54.30       2.139    
   54.40       2.139    
   54.50       2.138    
   54.60       2.137    
   54.70       2.136    
   54.80       2.135    
   54.90       2.134    
   55.00       2.132    
   55.10       2.131    
   55.20       2.129    
   55.30       2.127    
   55.40       2.125    
   55.50       2.123    
   55.60       2.121    
   55.70       2.118    
   55.80       2.116    
   55.90       2.113    
   56.00       2.110    
   56.10       2.107    
   56.20       2.104    
   56.30       2.100    
   56.40       2.097    
   56.50       2.093    
   56.60       2.090    
   56.70       2.086    
   56.80       2.082    
   56.90       2.078    
   57.00       2.074    
   57.10       2.069    
   57.20       2.065    
   57.30       2.060    
   57.40       2.055    
   57.50       2.051    
   57.60       2.046    
   57.70       2.041    
   57.80       2.035    
   57.90       2.030    
   58.00       2.025    
   58.10       2.019    
   58.20       2.014    
   58.30       2.008    
   58.40       2.002    
   58.50       1.996    
   58.60       1.990    
   58.70       1.984    
   58.80       1.978    
   58.90       1.971    
   59.00       1.965    
   59.10       1.958    
   59.20       1.952    
   59.30       1.945    
   59.40       1.938    
   59.50       1.931    
   59.60       1.925    
   59.70       1.918    
   59.80       1.910    
   59.90       1.903    
   60.00       1.896    
 END
