# Fusion cross sections for ELAB=  16.000, ECM=  13.700
     0.0   8.946       9.078      0.1318    
     1.0   80.13       81.23       1.092    
     2.0   132.1       133.0      0.9341    
     3.0   182.8       187.6       4.821    
     4.0   184.0       191.3       7.338    
     5.0   168.2       175.1       6.927    
     6.0   94.55       97.59       3.044    
     7.0   33.00       33.98      0.9848    
     8.0   6.882       7.186      0.3033    
     9.0   1.585       1.678      0.9285E-01
    10.0  0.3932      0.4218      0.2856E-01
    11.0  0.9941E-01  0.1082      0.8812E-02
    12.0  0.2516E-01  0.2789E-01  0.2725E-02
    13.0  0.6339E-02  0.7183E-02  0.8436E-03
    14.0  0.1588E-02  0.1849E-02  0.2614E-03
    15.0  0.3951E-03  0.4761E-03  0.8103E-04
    16.0  0.9773E-04  0.1229E-03  0.2514E-04
    17.0  0.2403E-04  0.3183E-04  0.7806E-05
    18.0  0.5871E-05  0.8296E-05  0.2425E-05
    19.0  0.1425E-05  0.2178E-05  0.7533E-06
    20.0  0.3430E-06  0.5770E-06  0.2340E-06
 &
