           2           1           1
    0.0-     1 1   8.988       0.000      0.2200E-04   8.988    
    1.0+     0 1   26.12       0.000      0.6925E-03   26.12    
    1.0+     2 2   26.76       0.000      0.8832E-03   26.76    
    1.0-     1 1   26.96       0.000      0.3198E-02   26.96    
    2.0+     2 1   43.99       0.000      0.4843E-02   43.98    
    2.0-     1 1   44.65       0.000      0.1020E-01   44.64    
    2.0-     3 2   44.86       0.000      0.1855E-01   44.84    
    3.0+     2 1   61.62       0.000      0.8088E-02   61.61    
    3.0+     4 2   63.24       0.000      0.1677       63.07    
    3.0-     3 1   64.49       0.000      0.1356       64.35    
    4.0+     4 1   78.33       0.000      0.1811       78.15    
    4.0-     3 1   81.63       0.000      0.1665       81.46    
    4.0-     5 2   61.63       0.000      0.1964       61.43    
    5.0+     4 1   95.12       0.000      0.1824       94.93    
    5.0+     6 2   35.83       0.000      0.2411E-01   35.81    
    5.0-     5 1   78.02       0.000      0.4095       77.61    
    6.0+     6 1   43.28       0.000      0.3159       42.97    
    6.0-     5 1   94.43       0.000      0.6446       93.78    
    6.0-     7 2   15.91       0.000      0.1340E-01   15.89    
    7.0+     6 1   51.53       0.000      0.2154       51.32    
    7.0+     8 2   6.400       0.000      0.1934E-02   6.398    
    7.0-     7 1   18.49       0.000      0.7805E-01   18.41    
    8.0+     8 1   7.270       0.000      0.1219E-01   7.258    
    8.0-     7 1   21.15       0.000      0.1244       21.03    
    8.0-     9 2   2.478       0.000      0.5393E-03   2.477    
    9.0+     8 1   8.147       0.000      0.1739E-01   8.130    
    9.0+    10 2  0.9392       0.000      0.8607E-04  0.9391    
    9.0-     9 1   2.771       0.000      0.1873E-02   2.769    
   10.0+    10 1   1.038       0.000      0.2887E-03   1.038    
   10.0-     9 1   3.065       0.000      0.2596E-02   3.062    
   10.0-    11 2  0.3509       0.000      0.1325E-04  0.3508    
   11.0+    10 1   1.137       0.000      0.3982E-03   1.137    
   11.0+    12 2  0.1295       0.000      0.2248E-05  0.1295    
   11.0-    11 1  0.3843       0.000      0.4496E-04  0.3842    
   12.0+    12 1  0.1408       0.000      0.7114E-05  0.1408    
   12.0-    11 1  0.4177       0.000      0.6230E-04  0.4177    
   12.0-    13 2  0.4734E-01   0.000      0.3406E-06  0.4734E-01
   13.0+    12 1  0.1521       0.000      0.4161E-04  0.1520    
   13.0+    14 2  0.1716E-01   0.000      0.2191E-05  0.1715E-01
   13.0-    13 1  0.5113E-01   0.000      0.1140E-05  0.5113E-01
   14.0+    14 1  0.1843E-01   0.000      0.1903E-06  0.1843E-01
   14.0-    13 1  0.5492E-01   0.000      0.1211E-04  0.5490E-01
   14.0-    15 2  0.6171E-02   0.000      0.1332E-03  0.6038E-02
   15.0+    14 1  0.1970E-01   0.000      0.4355E-04  0.1965E-01
   15.0+    16 2  0.2205E-02   0.000      0.1477E-03  0.2058E-02
   15.0-    15 1  0.6597E-02   0.000      0.4264E-07  0.6597E-02
   16.0+    16 1  0.2348E-02   0.000      0.1110E-05  0.2347E-02
   16.0-    15 1  0.7022E-02   0.000      0.3198E-02  0.3824E-02
   16.0-    17 2  0.7837E-03   0.000      0.5696E-02 -0.4912E-02
   17.0+    16 1  0.2490E-02   0.000      0.3416E-04  0.2456E-02
   17.0+    18 2  0.2771E-03   0.000      0.8472E-01 -0.8444E-01
   17.0-    17 1  0.8312E-03   0.000      0.8634E-04  0.7449E-03
   18.0+    18 1  0.2929E-03   0.000      0.3604E-03 -0.6749E-04
   18.0-    17 1  0.8787E-03   0.000      0.7024E-02 -0.6146E-02
   18.0-    19 2  0.9751E-04   0.000       11.72      -11.72    
   19.0+    18 1  0.3087E-03   0.000      0.4243E-01 -0.4212E-01
   19.0+    20 2  0.3418E-04   0.000      0.5546     -0.5546    
   19.0-    19 1  0.1028E-03   0.000      0.4883E-02 -0.4780E-02
   20.0+    20 1  0.3593E-04   0.000      0.1555E-03 -0.1196E-03
   20.0-    19 1  0.1081E-03   0.000      0.1112E-01 -0.1101E-01
   20.0-    21 2  0.1194E-04   0.000       2.302      -2.302    
