# 121 angles,  1 tensor ranks for 0=projectile
@subtitle   "12C(d,p)13C | E_beam = 16MeV | DWBA | Ex = 9.4997MeV"                          
@legend ON
@legend x1 0.2
@legend y1 0.8
@g0 type LOGY
@yaxis ticklabel format power
@xaxis label "Scattering angle (degrees)"
@yaxis label "Cross section (mb/sr)"
@legend string   0 "Partition=  1 Excit=  1 near/far= 1"
#legend string   0 "Lab energy =   16.0000"
@s0 linestyle   1
#  Theta       sigma       iT11        T20         T21         T22         Kyy for projectile
  0.1000E-01   1.000    
  0.5000      0.9975    
   1.000      0.9861    
   1.500      0.9665    
   2.000      0.9405    
   2.500      0.9101    
   3.000      0.8769    
   3.500      0.8425    
   4.000      0.8085    
   4.500      0.7762    
   5.000      0.7472    
   5.500      0.7226    
   6.000      0.7036    
   6.500      0.6913    
   7.000      0.6868    
   7.500      0.6908    
   8.000      0.7040    
   8.500      0.7272    
   9.000      0.7608    
   9.500      0.8050    
   10.00      0.8601    
   10.50      0.9260    
   11.00       1.003    
   11.50       1.090    
   12.00       1.186    
   12.50       1.293    
   13.00       1.407    
   13.50       1.529    
   14.00       1.658    
   14.50       1.792    
   15.00       1.930    
   15.50       2.071    
   16.00       2.213    
   16.50       2.355    
   17.00       2.496    
   17.50       2.633    
   18.00       2.766    
   18.50       2.892    
   19.00       3.011    
   19.50       3.121    
   20.00       3.221    
   20.50       3.309    
   21.00       3.385    
   21.50       3.447    
   22.00       3.495    
   22.50       3.529    
   23.00       3.547    
   23.50       3.549    
   24.00       3.536    
   24.50       3.507    
   25.00       3.462    
   25.50       3.402    
   26.00       3.327    
   26.50       3.239    
   27.00       3.137    
   27.50       3.023    
   28.00       2.898    
   28.50       2.763    
   29.00       2.619    
   29.50       2.468    
   30.00       2.311    
   30.50       2.150    
   31.00       1.986    
   31.50       1.821    
   32.00       1.657    
   32.50       1.494    
   33.00       1.334    
   33.50       1.179    
   34.00       1.030    
   34.50      0.8877    
   35.00      0.7543    
   35.50      0.6302    
   36.00      0.5166    
   36.50      0.4141    
   37.00      0.3236    
   37.50      0.2454    
   38.00      0.1801    
   38.50      0.1279    
   39.00      0.8900E-01
   39.50      0.6329E-01
   40.00      0.5068E-01
   40.50      0.5088E-01
   41.00      0.6351E-01
   41.50      0.8805E-01
   42.00      0.1239    
   42.50      0.1703    
   43.00      0.2264    
   43.50      0.2915    
   44.00      0.3645    
   44.50      0.4444    
   45.00      0.5301    
   45.50      0.6207    
   46.00      0.7149    
   46.50      0.8117    
   47.00      0.9100    
   47.50       1.009    
   48.00       1.107    
   48.50       1.203    
   49.00       1.297    
   49.50       1.387    
   50.00       1.472    
   50.50       1.553    
   51.00       1.627    
   51.50       1.695    
   52.00       1.756    
   52.50       1.809    
   53.00       1.854    
   53.50       1.892    
   54.00       1.920    
   54.50       1.940    
   55.00       1.952    
   55.50       1.956    
   56.00       1.951    
   56.50       1.938    
   57.00       1.918    
   57.50       1.890    
   58.00       1.855    
   58.50       1.815    
   59.00       1.768    
   59.50       1.716    
   60.00       1.660    
 END
@legend string   1 "Partition=  2 Excit=  1 near/far= 1"
#legend string   0 "Lab energy =   16.0000"
@s1 linestyle   2
#  Theta       sigma       iT11        T20         T21         T22         Kyy for projectile
   0.000       15.22    
  0.5000       15.23    
   1.000       15.25    
   1.500       15.28    
   2.000       15.31    
   2.500       15.35    
   3.000       15.36    
   3.500       15.36    
   4.000       15.31    
   4.500       15.23    
   5.000       15.08    
   5.500       14.87    
   6.000       14.59    
   6.500       14.24    
   7.000       13.81    
   7.500       13.31    
   8.000       12.74    
   8.500       12.11    
   9.000       11.43    
   9.500       10.71    
   10.00       9.963    
   10.50       9.211    
   11.00       8.467    
   11.50       7.745    
   12.00       7.061    
   12.50       6.427    
   13.00       5.855    
   13.50       5.353    
   14.00       4.927    
   14.50       4.581    
   15.00       4.314    
   15.50       4.123    
   16.00       4.003    
   16.50       3.945    
   17.00       3.940    
   17.50       3.975    
   18.00       4.039    
   18.50       4.119    
   19.00       4.202    
   19.50       4.278    
   20.00       4.336    
   20.50       4.367    
   21.00       4.366    
   21.50       4.328    
   22.00       4.252    
   22.50       4.138    
   23.00       3.989    
   23.50       3.809    
   24.00       3.605    
   24.50       3.385    
   25.00       3.156    
   25.50       2.928    
   26.00       2.707    
   26.50       2.503    
   27.00       2.321    
   27.50       2.168    
   28.00       2.047    
   28.50       1.960    
   29.00       1.908    
   29.50       1.889    
   30.00       1.901    
   30.50       1.940    
   31.00       1.999    
   31.50       2.074    
   32.00       2.157    
   32.50       2.241    
   33.00       2.320    
   33.50       2.388    
   34.00       2.439    
   34.50       2.470    
   35.00       2.478    
   35.50       2.460    
   36.00       2.417    
   36.50       2.350    
   37.00       2.262    
   37.50       2.154    
   38.00       2.033    
   38.50       1.903    
   39.00       1.768    
   39.50       1.635    
   40.00       1.508    
   40.50       1.391    
   41.00       1.290    
   41.50       1.207    
   42.00       1.143    
   42.50       1.102    
   43.00       1.081    
   43.50       1.081    
   44.00       1.100    
   44.50       1.134    
   45.00       1.181    
   45.50       1.236    
   46.00       1.297    
   46.50       1.357    
   47.00       1.415    
   47.50       1.465    
   48.00       1.505    
   48.50       1.531    
   49.00       1.544    
   49.50       1.540    
   50.00       1.521    
   50.50       1.486    
   51.00       1.437    
   51.50       1.376    
   52.00       1.304    
   52.50       1.226    
   53.00       1.143    
   53.50       1.059    
   54.00      0.9774    
   54.50      0.9001    
   55.00      0.8300    
   55.50      0.7692    
   56.00      0.7193    
   56.50      0.6811    
   57.00      0.6553    
   57.50      0.6418    
   58.00      0.6398    
   58.50      0.6482    
   59.00      0.6657    
   59.50      0.6904    
   60.00      0.7202    
 END
