# Fusion cross sections for ELAB=  16.000, ECM=  13.700
     0.0   8.988       8.988      0.2200E-04
     1.0   79.83       79.84      0.4774E-02
     2.0   133.5       133.5      0.3359E-01
     3.0   189.0       189.3      0.3114    
     4.0   221.0       221.6      0.5440    
     5.0   208.3       209.0      0.6161    
     6.0   152.6       153.6      0.9740    
     7.0   76.13       76.42      0.2954    
     8.0   30.77       30.90      0.1371    
     9.0   11.84       11.86      0.1935E-01
    10.0   4.451       4.454      0.2898E-02
    11.0   1.651       1.651      0.4454E-03
    12.0  0.6058      0.6059      0.6975E-04
    13.0  0.2203      0.2203      0.4494E-04
    14.0  0.7937E-01  0.7951E-01  0.1455E-03
    15.0  0.2831E-01  0.2850E-01  0.1913E-03
    16.0  0.1259E-02  0.1015E-01  0.8895E-02
    17.0 -0.8124E-01  0.3598E-02  0.8484E-01
    18.0  -11.73      0.1269E-02   11.73    
    19.0 -0.6015      0.4457E-03  0.6020    
    20.0  -2.313      0.1559E-03   2.313    
 &
