# 121 angles,  1 tensor ranks for 0=projectile
@subtitle   "12C(d,p)13C | E_beam = 16MeV | DWBA | Ex = 9.4997MeV"                          
@legend ON
@legend x1 0.2
@legend y1 0.8
@g0 type LOGY
@yaxis ticklabel format power
@legend string   0 "Lab energy =   16.0000"
#legend string   0 "Partition=  2 Excit=  1 near/far= 1"
#  Theta       sigma       iT11        T20         T21         T22         Kyy for projectile
   0.000       15.22    
  0.5000       15.23    
   1.000       15.25    
   1.500       15.28    
   2.000       15.31    
   2.500       15.35    
   3.000       15.36    
   3.500       15.36    
   4.000       15.31    
   4.500       15.23    
   5.000       15.08    
   5.500       14.87    
   6.000       14.59    
   6.500       14.24    
   7.000       13.81    
   7.500       13.31    
   8.000       12.74    
   8.500       12.11    
   9.000       11.43    
   9.500       10.71    
   10.00       9.963    
   10.50       9.211    
   11.00       8.467    
   11.50       7.745    
   12.00       7.061    
   12.50       6.427    
   13.00       5.855    
   13.50       5.353    
   14.00       4.927    
   14.50       4.581    
   15.00       4.314    
   15.50       4.123    
   16.00       4.003    
   16.50       3.945    
   17.00       3.940    
   17.50       3.975    
   18.00       4.039    
   18.50       4.119    
   19.00       4.202    
   19.50       4.278    
   20.00       4.336    
   20.50       4.367    
   21.00       4.366    
   21.50       4.328    
   22.00       4.252    
   22.50       4.138    
   23.00       3.989    
   23.50       3.809    
   24.00       3.605    
   24.50       3.385    
   25.00       3.156    
   25.50       2.928    
   26.00       2.707    
   26.50       2.503    
   27.00       2.321    
   27.50       2.168    
   28.00       2.047    
   28.50       1.960    
   29.00       1.908    
   29.50       1.889    
   30.00       1.901    
   30.50       1.940    
   31.00       1.999    
   31.50       2.074    
   32.00       2.157    
   32.50       2.241    
   33.00       2.320    
   33.50       2.388    
   34.00       2.439    
   34.50       2.470    
   35.00       2.478    
   35.50       2.460    
   36.00       2.417    
   36.50       2.350    
   37.00       2.262    
   37.50       2.154    
   38.00       2.033    
   38.50       1.903    
   39.00       1.768    
   39.50       1.635    
   40.00       1.508    
   40.50       1.391    
   41.00       1.290    
   41.50       1.207    
   42.00       1.143    
   42.50       1.102    
   43.00       1.081    
   43.50       1.081    
   44.00       1.100    
   44.50       1.134    
   45.00       1.181    
   45.50       1.236    
   46.00       1.297    
   46.50       1.357    
   47.00       1.415    
   47.50       1.465    
   48.00       1.505    
   48.50       1.531    
   49.00       1.544    
   49.50       1.540    
   50.00       1.521    
   50.50       1.486    
   51.00       1.437    
   51.50       1.376    
   52.00       1.304    
   52.50       1.226    
   53.00       1.143    
   53.50       1.059    
   54.00      0.9774    
   54.50      0.9001    
   55.00      0.8300    
   55.50      0.7692    
   56.00      0.7193    
   56.50      0.6811    
   57.00      0.6553    
   57.50      0.6418    
   58.00      0.6398    
   58.50      0.6482    
   59.00      0.6657    
   59.50      0.6904    
   60.00      0.7202    
 END
