# 121 angles,  3 tensor ranks for 0=projectile
@subtitle   "9Be(6Li,d)13C"                                                                 
@legend ON
@legend x1 0.2
@legend y1 0.8
@g0 type LOGY
@yaxis ticklabel format power
@xaxis label "Scattering angle (degrees)"
@yaxis label "Cross section (mb/sr)"
@legend string   0 "Partition=  1 Excit=  1 near/far= 1"
#legend string   0 "Lab energy =   32.0000"
@s0 linestyle   1
#  Theta       sigma       iT11        T20         T21         T22         Kyy for projectile
  0.1000E-01   1.000      0.2000E-15  0.2231E-13 -0.2398E-17 -0.9089E-19
  0.5000       1.004      0.2983E-10  0.5114E-10 -0.2756E-12 -0.5240E-12
   1.000       1.013      0.3659E-09 -0.3308E-10  0.3656E-12  0.1371E-11
   1.500       1.005      0.7809E-09 -0.3427E-09  0.5948E-11  0.3454E-10
   2.000      0.9758      0.6528E-09 -0.7230E-09  0.1794E-10  0.1421E-09
   2.500      0.9298     -0.5824E-09 -0.1015E-08  0.3491E-10  0.3559E-09
   3.000      0.8728     -0.3241E-08 -0.1107E-08  0.5325E-10  0.6761E-09
   3.500      0.8116     -0.7271E-08 -0.9514E-09  0.6790E-10  0.1055E-08
   4.000      0.7521     -0.1216E-07 -0.5832E-09  0.7344E-10  0.1386E-08
   4.500      0.6993     -0.1690E-07 -0.1305E-09  0.6573E-10  0.1511E-08
   5.000      0.6567     -0.2019E-07  0.1997E-09  0.4409E-10  0.1253E-08
   5.500      0.6270     -0.2074E-07  0.1759E-09  0.1308E-10  0.4872E-09
   6.000      0.6112     -0.1786E-07 -0.3652E-09 -0.1746E-10 -0.7795E-09
   6.500      0.6098     -0.1184E-07 -0.1429E-08 -0.3514E-10 -0.2367E-08
   7.000      0.6218     -0.3913E-08 -0.2836E-08 -0.2954E-10 -0.3955E-08
   7.500      0.6459      0.4171E-08 -0.4276E-08  0.3847E-11 -0.5179E-08
   8.000      0.6796      0.1080E-07 -0.5417E-08  0.6256E-10 -0.5744E-08
   8.500      0.7206      0.1491E-07 -0.5993E-08  0.1387E-09 -0.5483E-08
   9.000      0.7656      0.1617E-07 -0.5850E-08  0.2217E-09 -0.4365E-08
   9.500      0.8117      0.1482E-07 -0.4949E-08  0.3006E-09 -0.2469E-08
   10.00      0.8558      0.1150E-07 -0.3344E-08  0.3658E-09  0.5347E-10
   10.50      0.8949      0.7072E-08 -0.1153E-08  0.4095E-09  0.3007E-08
   11.00      0.9265      0.2467E-08  0.1462E-08  0.4259E-09  0.6173E-08
   11.50      0.9484     -0.1412E-08  0.4311E-08  0.4115E-09  0.9324E-08
   12.00      0.9587     -0.3753E-08  0.7189E-08  0.3644E-09  0.1223E-07
   12.50      0.9566     -0.3878E-08  0.9884E-08  0.2851E-09  0.1468E-07
   13.00      0.9413     -0.1272E-08  0.1218E-07  0.1756E-09  0.1644E-07
   13.50      0.9130      0.4386E-08  0.1389E-07  0.3990E-10  0.1734E-07
   14.00      0.8723      0.1320E-07  0.1480E-07 -0.1161E-09  0.1719E-07
   14.50      0.8206      0.2502E-07  0.1476E-07 -0.2845E-09  0.1587E-07
   15.00      0.7596      0.3942E-07  0.1363E-07 -0.4556E-09  0.1329E-07
   15.50      0.6913      0.5561E-07  0.1132E-07 -0.6175E-09  0.9412E-08
   16.00      0.6183      0.7237E-07  0.7829E-08 -0.7562E-09  0.4314E-08
   16.50      0.5433      0.8793E-07  0.3239E-08 -0.8558E-09 -0.1811E-08
   17.00      0.4688      0.9978E-07 -0.2205E-08 -0.8992E-09 -0.8583E-08
   17.50      0.3977      0.1044E-06 -0.8027E-08 -0.8691E-09 -0.1534E-07
   18.00      0.3325      0.9715E-07 -0.1340E-07 -0.7529E-09 -0.2105E-07
   18.50      0.2753      0.7224E-07 -0.1705E-07 -0.5504E-09 -0.2417E-07
   19.00      0.2282      0.2417E-07 -0.1722E-07 -0.2908E-09 -0.2278E-07
   19.50      0.1927     -0.4850E-07 -0.1217E-07 -0.5370E-10 -0.1521E-07
   20.00      0.1697     -0.1364E-06 -0.1541E-08  0.2921E-10 -0.1727E-08
   20.50      0.1596     -0.2159E-06  0.1189E-07 -0.1645E-09  0.1368E-07
   21.00      0.1626     -0.2599E-06  0.2255E-07 -0.6318E-09  0.2432E-07
   21.50      0.1779     -0.2578E-06  0.2581E-07 -0.1213E-08  0.2546E-07
   22.00      0.2046     -0.2211E-06  0.2110E-07 -0.1711E-08  0.1738E-07
   22.50      0.2411     -0.1695E-06  0.1089E-07 -0.2012E-08  0.3622E-08
   23.00      0.2855     -0.1181E-06 -0.1784E-08 -0.2095E-08 -0.1206E-07
   23.50      0.3358     -0.7466E-07 -0.1461E-07 -0.1986E-08 -0.2703E-07
   24.00      0.3895     -0.4205E-07 -0.2615E-07 -0.1725E-08 -0.3978E-07
   24.50      0.4442     -0.2030E-07 -0.3557E-07 -0.1354E-08 -0.4951E-07
   25.00      0.4976     -0.8268E-08 -0.4242E-07 -0.9068E-09 -0.5585E-07
   25.50      0.5472     -0.4308E-08 -0.4648E-07 -0.4149E-09 -0.5866E-07
   26.00      0.5909     -0.6636E-08 -0.4764E-07  0.9415E-10 -0.5797E-07
   26.50      0.6269     -0.1344E-07 -0.4594E-07  0.5949E-09 -0.5387E-07
   27.00      0.6537     -0.2294E-07 -0.4146E-07  0.1064E-08 -0.4660E-07
   27.50      0.6701     -0.3339E-07 -0.3439E-07  0.1478E-08 -0.3643E-07
   28.00      0.6754     -0.4310E-07 -0.2499E-07  0.1817E-08 -0.2377E-07
   28.50      0.6695     -0.5042E-07 -0.1361E-07  0.2062E-08 -0.9080E-08
   29.00      0.6526     -0.5376E-07 -0.6894E-09  0.2194E-08  0.7072E-08
   29.50      0.6252     -0.5159E-07  0.1327E-07  0.2200E-08  0.2403E-07
   30.00      0.5885     -0.4241E-07  0.2767E-07  0.2066E-08  0.4104E-07
   30.50      0.5439     -0.2473E-07  0.4181E-07  0.1785E-08  0.5727E-07
   31.00      0.4930      0.2909E-08  0.5493E-07  0.1351E-08  0.7177E-07
   31.50      0.4377      0.4204E-07  0.6614E-07  0.7658E-09  0.8350E-07
   32.00      0.3801      0.9428E-07  0.7444E-07  0.3754E-10  0.9129E-07
   32.50      0.3224      0.1613E-06  0.7873E-07 -0.8146E-09  0.9386E-07
   33.00      0.2666      0.2447E-06  0.7774E-07 -0.1754E-08  0.8981E-07
   33.50      0.2147      0.3455E-06  0.7017E-07 -0.2711E-08  0.7775E-07
   34.00      0.1686      0.4619E-06  0.5493E-07 -0.3561E-08  0.5672E-07
   34.50      0.1299      0.5847E-06  0.3210E-07 -0.4076E-08  0.2745E-07
   35.00      0.9986E-01  0.6859E-06  0.5451E-08 -0.3895E-08 -0.4450E-08
   35.50      0.7961E-01  0.7073E-06 -0.1345E-07 -0.2625E-08 -0.2383E-07
   36.00      0.6977E-01  0.5806E-06 -0.6105E-08 -0.3665E-09 -0.8486E-08
   36.50      0.7064E-01  0.3193E-06  0.3388E-07  0.1746E-08  0.4621E-07
   37.00      0.8215E-01  0.4889E-07  0.8479E-07  0.2475E-08  0.1104E-06
   37.50      0.1039     -0.1308E-06  0.1211E-06  0.1811E-08  0.1530E-06
   38.00      0.1350     -0.2141E-06  0.1355E-06  0.4728E-09  0.1671E-06
   38.50      0.1746     -0.2348E-06  0.1322E-06 -0.9663E-09  0.1595E-06
   39.00      0.2212     -0.2224E-06  0.1173E-06 -0.2229E-08  0.1382E-06
   39.50      0.2734     -0.1953E-06  0.9535E-07 -0.3213E-08  0.1090E-06
   40.00      0.3294     -0.1631E-06  0.6940E-07 -0.3893E-08  0.7572E-07
   40.50      0.3876     -0.1310E-06  0.4168E-07 -0.4272E-08  0.4104E-07
   41.00      0.4460     -0.1014E-06  0.1383E-07 -0.4368E-08  0.6887E-08
   41.50      0.5030     -0.7525E-07 -0.1282E-07 -0.4203E-08 -0.2520E-07
   42.00      0.5568     -0.5295E-07 -0.3715E-07 -0.3804E-08 -0.5394E-07
   42.50      0.6058     -0.3434E-07 -0.5820E-07 -0.3202E-08 -0.7827E-07
   43.00      0.6487     -0.1902E-07 -0.7516E-07 -0.2433E-08 -0.9727E-07
   43.50      0.6843     -0.6489E-08 -0.8736E-07 -0.1536E-08 -0.1102E-06
   44.00      0.7117      0.3780E-08 -0.9429E-07 -0.5542E-09 -0.1166E-06
   44.50      0.7302      0.1230E-07 -0.9560E-07  0.4662E-09 -0.1161E-06
   45.00      0.7393      0.1951E-07 -0.9116E-07  0.1477E-08 -0.1087E-06
   45.50      0.7391      0.2572E-07 -0.8101E-07  0.2428E-08 -0.9444E-07
   46.00      0.7295      0.3108E-07 -0.6543E-07  0.3270E-08 -0.7382E-07
   46.50      0.7111      0.3554E-07 -0.4491E-07  0.3955E-08 -0.4749E-07
   47.00      0.6845      0.3884E-07 -0.2017E-07  0.4437E-08 -0.1642E-07
   47.50      0.6505      0.4048E-07  0.7853E-08  0.4676E-08  0.1819E-07
   48.00      0.6101      0.3972E-07  0.3799E-07  0.4635E-08  0.5487E-07
   48.50      0.5644      0.3556E-07  0.6888E-07  0.4287E-08  0.9194E-07
   49.00      0.5148      0.2676E-07  0.9896E-07  0.3612E-08  0.1275E-06
   49.50      0.4626      0.1184E-07  0.1265E-06  0.2602E-08  0.1594E-06
   50.00      0.4090     -0.1084E-07  0.1496E-06  0.1259E-08  0.1853E-06
   50.50      0.3554     -0.4308E-07  0.1661E-06 -0.3998E-09  0.2028E-06
   51.00      0.3030     -0.8668E-07  0.1739E-06 -0.2342E-08  0.2091E-06
   51.50      0.2530     -0.1432E-06  0.1704E-06 -0.4515E-08  0.2016E-06
   52.00      0.2064     -0.2134E-06  0.1533E-06 -0.6838E-08  0.1771E-06
   52.50      0.1643     -0.2962E-06  0.1198E-06 -0.9183E-08  0.1326E-06
   53.00      0.1272     -0.3861E-06  0.6744E-07 -0.1135E-07  0.6548E-07
   53.50      0.9591E-01 -0.4676E-06 -0.4560E-08 -0.1303E-07 -0.2486E-07
   54.00      0.7075E-01 -0.5037E-06 -0.9209E-07 -0.1366E-07 -0.1326E-06
   54.50      0.5198E-01 -0.4191E-06 -0.1772E-06 -0.1246E-07 -0.2348E-06
   55.00      0.3969E-01 -0.1027E-06 -0.2155E-06 -0.8776E-08 -0.2762E-06
   55.50      0.3379E-01  0.4808E-06 -0.1486E-06 -0.3467E-08 -0.1867E-06
   56.00      0.3404E-01  0.1104E-05  0.1522E-07  0.2058E-09  0.1892E-07
   56.50      0.4005E-01  0.1449E-05  0.1726E-06  0.2708E-10  0.2115E-06
   57.00      0.5133E-01  0.1475E-05  0.2510E-06 -0.2715E-08  0.3039E-06
   57.50      0.6730E-01  0.1319E-05  0.2554E-06 -0.5935E-08  0.3052E-06
   58.00      0.8728E-01  0.1098E-05  0.2148E-06 -0.8555E-08  0.2524E-06
   58.50      0.1105      0.8653E-06  0.1523E-06 -0.1026E-07  0.1739E-06
   59.00      0.1363      0.6447E-06  0.8164E-07 -0.1106E-07  0.8671E-07
   59.50      0.1639      0.4436E-06  0.1099E-07 -0.1103E-07  0.4637E-09
   60.00      0.1924      0.2645E-06 -0.5463E-07 -0.1031E-07 -0.7882E-07
 END
@legend string   1 "Partition=  2 Excit=  1 near/far= 1"
#legend string   0 "Lab energy =   32.0000"
@s1 linestyle   2
#  Theta       sigma       iT11        T20         T21         T22         Kyy for projectile
   0.000      0.1048       0.000      0.6676E-02   0.000       0.000    
  0.5000      0.1048      0.8245E-04  0.6665E-02  0.2157E-03  0.4474E-05
   1.000      0.1046      0.1654E-03  0.6630E-02  0.4316E-03  0.1790E-04
   1.500      0.1042      0.2493E-03  0.6574E-02  0.6478E-03  0.4026E-04
   2.000      0.1038      0.3347E-03  0.6494E-02  0.8645E-03  0.7156E-04
   2.500      0.1032      0.4222E-03  0.6391E-02  0.1082E-02  0.1118E-03
   3.000      0.1024      0.5121E-03  0.6265E-02  0.1300E-02  0.1609E-03
   3.500      0.1016      0.6051E-03  0.6114E-02  0.1519E-02  0.2189E-03
   4.000      0.1006      0.7018E-03  0.5940E-02  0.1740E-02  0.2858E-03
   4.500      0.9943E-01  0.8027E-03  0.5741E-02  0.1962E-02  0.3616E-03
   5.000      0.9818E-01  0.9085E-03  0.5517E-02  0.2186E-02  0.4461E-03
   5.500      0.9681E-01  0.1020E-02  0.5266E-02  0.2412E-02  0.5393E-03
   6.000      0.9532E-01  0.1138E-02  0.4987E-02  0.2640E-02  0.6412E-03
   6.500      0.9372E-01  0.1264E-02  0.4680E-02  0.2871E-02  0.7517E-03
   7.000      0.9201E-01  0.1397E-02  0.4343E-02  0.3105E-02  0.8706E-03
   7.500      0.9021E-01  0.1541E-02  0.3974E-02  0.3342E-02  0.9977E-03
   8.000      0.8833E-01  0.1695E-02  0.3572E-02  0.3582E-02  0.1133E-02
   8.500      0.8637E-01  0.1862E-02  0.3134E-02  0.3826E-02  0.1276E-02
   9.000      0.8435E-01  0.2042E-02  0.2658E-02  0.4072E-02  0.1426E-02
   9.500      0.8228E-01  0.2238E-02  0.2143E-02  0.4322E-02  0.1583E-02
   10.00      0.8017E-01  0.2451E-02  0.1585E-02  0.4575E-02  0.1746E-02
   10.50      0.7805E-01  0.2683E-02  0.9833E-03  0.4830E-02  0.1915E-02
   11.00      0.7591E-01  0.2936E-02  0.3354E-03  0.5086E-02  0.2088E-02
   11.50      0.7379E-01  0.3212E-02 -0.3604E-03  0.5343E-02  0.2264E-02
   12.00      0.7170E-01  0.3511E-02 -0.1105E-02  0.5600E-02  0.2442E-02
   12.50      0.6965E-01  0.3836E-02 -0.1900E-02  0.5853E-02  0.2620E-02
   13.00      0.6767E-01  0.4189E-02 -0.2743E-02  0.6102E-02  0.2795E-02
   13.50      0.6576E-01  0.4568E-02 -0.3635E-02  0.6343E-02  0.2966E-02
   14.00      0.6394E-01  0.4976E-02 -0.4572E-02  0.6575E-02  0.3130E-02
   14.50      0.6222E-01  0.5411E-02 -0.5550E-02  0.6794E-02  0.3283E-02
   15.00      0.6063E-01  0.5872E-02 -0.6562E-02  0.6996E-02  0.3423E-02
   15.50      0.5917E-01  0.6358E-02 -0.7603E-02  0.7178E-02  0.3546E-02
   16.00      0.5784E-01  0.6865E-02 -0.8663E-02  0.7338E-02  0.3649E-02
   16.50      0.5667E-01  0.7390E-02 -0.9730E-02  0.7470E-02  0.3729E-02
   17.00      0.5564E-01  0.7928E-02 -0.1079E-01  0.7574E-02  0.3784E-02
   17.50      0.5478E-01  0.8475E-02 -0.1184E-01  0.7646E-02  0.3810E-02
   18.00      0.5407E-01  0.9025E-02 -0.1286E-01  0.7685E-02  0.3806E-02
   18.50      0.5352E-01  0.9572E-02 -0.1384E-01  0.7690E-02  0.3772E-02
   19.00      0.5312E-01  0.1011E-01 -0.1477E-01  0.7661E-02  0.3706E-02
   19.50      0.5287E-01  0.1064E-01 -0.1563E-01  0.7600E-02  0.3611E-02
   20.00      0.5276E-01  0.1115E-01 -0.1643E-01  0.7509E-02  0.3486E-02
   20.50      0.5278E-01  0.1164E-01 -0.1715E-01  0.7390E-02  0.3334E-02
   21.00      0.5293E-01  0.1210E-01 -0.1780E-01  0.7247E-02  0.3158E-02
   21.50      0.5317E-01  0.1254E-01 -0.1836E-01  0.7084E-02  0.2961E-02
   22.00      0.5351E-01  0.1295E-01 -0.1885E-01  0.6904E-02  0.2746E-02
   22.50      0.5393E-01  0.1334E-01 -0.1927E-01  0.6712E-02  0.2515E-02
   23.00      0.5441E-01  0.1371E-01 -0.1962E-01  0.6511E-02  0.2273E-02
   23.50      0.5492E-01  0.1405E-01 -0.1990E-01  0.6306E-02  0.2022E-02
   24.00      0.5547E-01  0.1437E-01 -0.2014E-01  0.6099E-02  0.1765E-02
   24.50      0.5602E-01  0.1467E-01 -0.2032E-01  0.5894E-02  0.1505E-02
   25.00      0.5656E-01  0.1496E-01 -0.2046E-01  0.5693E-02  0.1242E-02
   25.50      0.5708E-01  0.1524E-01 -0.2057E-01  0.5498E-02  0.9794E-03
   26.00      0.5756E-01  0.1550E-01 -0.2066E-01  0.5312E-02  0.7176E-03
   26.50      0.5797E-01  0.1577E-01 -0.2072E-01  0.5134E-02  0.4578E-03
   27.00      0.5832E-01  0.1602E-01 -0.2077E-01  0.4967E-02  0.2007E-03
   27.50      0.5858E-01  0.1628E-01 -0.2081E-01  0.4811E-02 -0.5336E-04
   28.00      0.5875E-01  0.1654E-01 -0.2084E-01  0.4666E-02 -0.3041E-03
   28.50      0.5882E-01  0.1680E-01 -0.2087E-01  0.4534E-02 -0.5516E-03
   29.00      0.5877E-01  0.1707E-01 -0.2091E-01  0.4413E-02 -0.7958E-03
   29.50      0.5861E-01  0.1734E-01 -0.2095E-01  0.4306E-02 -0.1037E-02
   30.00      0.5832E-01  0.1762E-01 -0.2101E-01  0.4210E-02 -0.1275E-02
   30.50      0.5792E-01  0.1792E-01 -0.2107E-01  0.4128E-02 -0.1511E-02
   31.00      0.5738E-01  0.1822E-01 -0.2115E-01  0.4057E-02 -0.1745E-02
   31.50      0.5673E-01  0.1854E-01 -0.2124E-01  0.4000E-02 -0.1977E-02
   32.00      0.5596E-01  0.1887E-01 -0.2134E-01  0.3955E-02 -0.2207E-02
   32.50      0.5507E-01  0.1922E-01 -0.2147E-01  0.3922E-02 -0.2436E-02
   33.00      0.5407E-01  0.1959E-01 -0.2161E-01  0.3903E-02 -0.2665E-02
   33.50      0.5296E-01  0.1997E-01 -0.2177E-01  0.3896E-02 -0.2892E-02
   34.00      0.5176E-01  0.2038E-01 -0.2195E-01  0.3903E-02 -0.3120E-02
   34.50      0.5048E-01  0.2080E-01 -0.2214E-01  0.3922E-02 -0.3346E-02
   35.00      0.4911E-01  0.2124E-01 -0.2236E-01  0.3956E-02 -0.3573E-02
   35.50      0.4768E-01  0.2171E-01 -0.2260E-01  0.4003E-02 -0.3799E-02
   36.00      0.4620E-01  0.2219E-01 -0.2285E-01  0.4065E-02 -0.4024E-02
   36.50      0.4466E-01  0.2270E-01 -0.2312E-01  0.4142E-02 -0.4247E-02
   37.00      0.4309E-01  0.2324E-01 -0.2341E-01  0.4235E-02 -0.4469E-02
   37.50      0.4149E-01  0.2380E-01 -0.2371E-01  0.4344E-02 -0.4689E-02
   38.00      0.3988E-01  0.2438E-01 -0.2403E-01  0.4469E-02 -0.4905E-02
   38.50      0.3827E-01  0.2499E-01 -0.2436E-01  0.4613E-02 -0.5116E-02
   39.00      0.3666E-01  0.2562E-01 -0.2470E-01  0.4774E-02 -0.5321E-02
   39.50      0.3506E-01  0.2628E-01 -0.2505E-01  0.4955E-02 -0.5519E-02
   40.00      0.3348E-01  0.2697E-01 -0.2541E-01  0.5156E-02 -0.5707E-02
   40.50      0.3193E-01  0.2768E-01 -0.2576E-01  0.5377E-02 -0.5883E-02
   41.00      0.3042E-01  0.2843E-01 -0.2611E-01  0.5620E-02 -0.6045E-02
   41.50      0.2895E-01  0.2920E-01 -0.2645E-01  0.5884E-02 -0.6189E-02
   42.00      0.2753E-01  0.3000E-01 -0.2678E-01  0.6171E-02 -0.6313E-02
   42.50      0.2615E-01  0.3083E-01 -0.2709E-01  0.6481E-02 -0.6414E-02
   43.00      0.2484E-01  0.3170E-01 -0.2738E-01  0.6814E-02 -0.6487E-02
   43.50      0.2358E-01  0.3260E-01 -0.2763E-01  0.7169E-02 -0.6528E-02
   44.00      0.2238E-01  0.3354E-01 -0.2784E-01  0.7547E-02 -0.6535E-02
   44.50      0.2125E-01  0.3451E-01 -0.2801E-01  0.7946E-02 -0.6502E-02
   45.00      0.2018E-01  0.3553E-01 -0.2812E-01  0.8365E-02 -0.6426E-02
   45.50      0.1918E-01  0.3658E-01 -0.2817E-01  0.8802E-02 -0.6303E-02
   46.00      0.1823E-01  0.3769E-01 -0.2815E-01  0.9255E-02 -0.6130E-02
   46.50      0.1736E-01  0.3885E-01 -0.2806E-01  0.9721E-02 -0.5904E-02
   47.00      0.1654E-01  0.4006E-01 -0.2787E-01  0.1020E-01 -0.5622E-02
   47.50      0.1579E-01  0.4133E-01 -0.2760E-01  0.1068E-01 -0.5283E-02
   48.00      0.1509E-01  0.4266E-01 -0.2724E-01  0.1116E-01 -0.4888E-02
   48.50      0.1445E-01  0.4406E-01 -0.2677E-01  0.1164E-01 -0.4437E-02
   49.00      0.1387E-01  0.4553E-01 -0.2621E-01  0.1211E-01 -0.3931E-02
   49.50      0.1334E-01  0.4707E-01 -0.2555E-01  0.1256E-01 -0.3376E-02
   50.00      0.1287E-01  0.4868E-01 -0.2479E-01  0.1299E-01 -0.2775E-02
   50.50      0.1244E-01  0.5037E-01 -0.2394E-01  0.1340E-01 -0.2134E-02
   51.00      0.1206E-01  0.5214E-01 -0.2301E-01  0.1377E-01 -0.1463E-02
   51.50      0.1172E-01  0.5397E-01 -0.2201E-01  0.1411E-01 -0.7675E-03
   52.00      0.1142E-01  0.5588E-01 -0.2094E-01  0.1440E-01 -0.5867E-04
   52.50      0.1116E-01  0.5784E-01 -0.1981E-01  0.1465E-01  0.6541E-03
   53.00      0.1095E-01  0.5987E-01 -0.1865E-01  0.1485E-01  0.1361E-02
   53.50      0.1076E-01  0.6194E-01 -0.1746E-01  0.1500E-01  0.2051E-02
   54.00      0.1061E-01  0.6404E-01 -0.1626E-01  0.1509E-01  0.2716E-02
   54.50      0.1049E-01  0.6618E-01 -0.1506E-01  0.1513E-01  0.3346E-02
   55.00      0.1040E-01  0.6832E-01 -0.1388E-01  0.1513E-01  0.3933E-02
   55.50      0.1033E-01  0.7047E-01 -0.1272E-01  0.1506E-01  0.4470E-02
   56.00      0.1030E-01  0.7261E-01 -0.1161E-01  0.1496E-01  0.4950E-02
   56.50      0.1028E-01  0.7472E-01 -0.1053E-01  0.1480E-01  0.5371E-02
   57.00      0.1029E-01  0.7680E-01 -0.9518E-02  0.1461E-01  0.5728E-02
   57.50      0.1032E-01  0.7882E-01 -0.8563E-02  0.1437E-01  0.6019E-02
   58.00      0.1036E-01  0.8079E-01 -0.7676E-02  0.1410E-01  0.6244E-02
   58.50      0.1043E-01  0.8270E-01 -0.6859E-02  0.1381E-01  0.6402E-02
   59.00      0.1051E-01  0.8452E-01 -0.6114E-02  0.1348E-01  0.6496E-02
   59.50      0.1061E-01  0.8627E-01 -0.5441E-02  0.1314E-01  0.6528E-02
   60.00      0.1072E-01  0.8793E-01 -0.4841E-02  0.1278E-01  0.6501E-02
 END
