# 121 angles,  3 tensor ranks for 0=projectile
@subtitle   "9Be(6Li,d)13C"                                                                 
@legend ON
@legend x1 0.2
@legend y1 0.8
@g0 type LOGY
@yaxis ticklabel format power
@legend string   0 "Lab energy =   32.0000"
#legend string   0 "Partition=  2 Excit=  1 near/far= 1"
#  Theta       sigma       iT11        T20         T21         T22         Kyy for projectile
   0.000      0.1079E-01   0.000      0.6676E-02   0.000       0.000    
  0.5000      0.1078E-01  0.7887E-04  0.6665E-02  0.2158E-03  0.4433E-05
   1.000      0.1076E-01  0.1586E-03  0.6631E-02  0.4317E-03  0.1774E-04
   1.500      0.1072E-01  0.2399E-03  0.6573E-02  0.6479E-03  0.3993E-04
   2.000      0.1068E-01  0.3237E-03  0.6493E-02  0.8646E-03  0.7103E-04
   2.500      0.1061E-01  0.4105E-03  0.6390E-02  0.1082E-02  0.1111E-03
   3.000      0.1054E-01  0.5010E-03  0.6263E-02  0.1300E-02  0.1601E-03
   3.500      0.1045E-01  0.5957E-03  0.6113E-02  0.1519E-02  0.2181E-03
   4.000      0.1035E-01  0.6950E-03  0.5938E-02  0.1740E-02  0.2850E-03
   4.500      0.1023E-01  0.7993E-03  0.5739E-02  0.1962E-02  0.3610E-03
   5.000      0.1010E-01  0.9090E-03  0.5515E-02  0.2186E-02  0.4459E-03
   5.500      0.9961E-02  0.1024E-02  0.5264E-02  0.2412E-02  0.5396E-03
   6.000      0.9808E-02  0.1146E-02  0.4986E-02  0.2640E-02  0.6422E-03
   6.500      0.9643E-02  0.1275E-02  0.4680E-02  0.2871E-02  0.7533E-03
   7.000      0.9468E-02  0.1411E-02  0.4343E-02  0.3105E-02  0.8729E-03
   7.500      0.9283E-02  0.1555E-02  0.3975E-02  0.3342E-02  0.1001E-02
   8.000      0.9089E-02  0.1709E-02  0.3574E-02  0.3582E-02  0.1136E-02
   8.500      0.8888E-02  0.1874E-02  0.3136E-02  0.3825E-02  0.1280E-02
   9.000      0.8680E-02  0.2051E-02  0.2661E-02  0.4072E-02  0.1430E-02
   9.500      0.8466E-02  0.2243E-02  0.2146E-02  0.4322E-02  0.1587E-02
   10.00      0.8250E-02  0.2452E-02  0.1588E-02  0.4575E-02  0.1750E-02
   10.50      0.8031E-02  0.2679E-02  0.9864E-03  0.4830E-02  0.1918E-02
   11.00      0.7811E-02  0.2927E-02  0.3378E-03  0.5086E-02  0.2090E-02
   11.50      0.7593E-02  0.3199E-02 -0.3588E-03  0.5343E-02  0.2265E-02
   12.00      0.7378E-02  0.3495E-02 -0.1105E-02  0.5600E-02  0.2441E-02
   12.50      0.7167E-02  0.3819E-02 -0.1900E-02  0.5853E-02  0.2618E-02
   13.00      0.6962E-02  0.4171E-02 -0.2745E-02  0.6102E-02  0.2792E-02
   13.50      0.6766E-02  0.4552E-02 -0.3638E-02  0.6343E-02  0.2962E-02
   14.00      0.6579E-02  0.4963E-02 -0.4575E-02  0.6575E-02  0.3125E-02
   14.50      0.6403E-02  0.5402E-02 -0.5553E-02  0.6794E-02  0.3278E-02
   15.00      0.6239E-02  0.5869E-02 -0.6567E-02  0.6996E-02  0.3418E-02
   15.50      0.6088E-02  0.6360E-02 -0.7607E-02  0.7178E-02  0.3542E-02
   16.00      0.5952E-02  0.6873E-02 -0.8666E-02  0.7338E-02  0.3646E-02
   16.50      0.5831E-02  0.7403E-02 -0.9733E-02  0.7470E-02  0.3727E-02
   17.00      0.5726E-02  0.7945E-02 -0.1080E-01  0.7574E-02  0.3783E-02
   17.50      0.5637E-02  0.8494E-02 -0.1184E-01  0.7646E-02  0.3811E-02
   18.00      0.5564E-02  0.9044E-02 -0.1286E-01  0.7685E-02  0.3808E-02
   18.50      0.5507E-02  0.9590E-02 -0.1384E-01  0.7690E-02  0.3775E-02
   19.00      0.5466E-02  0.1013E-01 -0.1477E-01  0.7661E-02  0.3710E-02
   19.50      0.5440E-02  0.1065E-01 -0.1563E-01  0.7600E-02  0.3615E-02
   20.00      0.5429E-02  0.1115E-01 -0.1643E-01  0.7509E-02  0.3490E-02
   20.50      0.5431E-02  0.1163E-01 -0.1715E-01  0.7390E-02  0.3338E-02
   21.00      0.5446E-02  0.1209E-01 -0.1779E-01  0.7247E-02  0.3161E-02
   21.50      0.5471E-02  0.1253E-01 -0.1836E-01  0.7084E-02  0.2963E-02
   22.00      0.5506E-02  0.1294E-01 -0.1885E-01  0.6904E-02  0.2747E-02
   22.50      0.5549E-02  0.1333E-01 -0.1927E-01  0.6712E-02  0.2515E-02
   23.00      0.5598E-02  0.1369E-01 -0.1962E-01  0.6511E-02  0.2272E-02
   23.50      0.5652E-02  0.1403E-01 -0.1991E-01  0.6306E-02  0.2021E-02
   24.00      0.5708E-02  0.1436E-01 -0.2014E-01  0.6099E-02  0.1763E-02
   24.50      0.5764E-02  0.1466E-01 -0.2032E-01  0.5894E-02  0.1502E-02
   25.00      0.5820E-02  0.1495E-01 -0.2046E-01  0.5693E-02  0.1239E-02
   25.50      0.5873E-02  0.1524E-01 -0.2057E-01  0.5498E-02  0.9769E-03
   26.00      0.5922E-02  0.1551E-01 -0.2066E-01  0.5312E-02  0.7155E-03
   26.50      0.5965E-02  0.1577E-01 -0.2072E-01  0.5134E-02  0.4563E-03
   27.00      0.6001E-02  0.1603E-01 -0.2077E-01  0.4967E-02  0.1999E-03
   27.50      0.6028E-02  0.1629E-01 -0.2081E-01  0.4811E-02 -0.5345E-04
   28.00      0.6045E-02  0.1655E-01 -0.2084E-01  0.4666E-02 -0.3035E-03
   28.50      0.6052E-02  0.1681E-01 -0.2087E-01  0.4534E-02 -0.5504E-03
   29.00      0.6047E-02  0.1708E-01 -0.2091E-01  0.4413E-02 -0.7941E-03
   29.50      0.6030E-02  0.1735E-01 -0.2095E-01  0.4306E-02 -0.1035E-02
   30.00      0.6001E-02  0.1763E-01 -0.2100E-01  0.4210E-02 -0.1273E-02
   30.50      0.5959E-02  0.1792E-01 -0.2107E-01  0.4128E-02 -0.1509E-02
   31.00      0.5905E-02  0.1822E-01 -0.2114E-01  0.4057E-02 -0.1743E-02
   31.50      0.5837E-02  0.1854E-01 -0.2124E-01  0.4000E-02 -0.1975E-02
   32.00      0.5758E-02  0.1887E-01 -0.2134E-01  0.3955E-02 -0.2206E-02
   32.50      0.5666E-02  0.1921E-01 -0.2147E-01  0.3922E-02 -0.2436E-02
   33.00      0.5563E-02  0.1958E-01 -0.2161E-01  0.3903E-02 -0.2665E-02
   33.50      0.5449E-02  0.1996E-01 -0.2177E-01  0.3896E-02 -0.2893E-02
   34.00      0.5326E-02  0.2036E-01 -0.2195E-01  0.3902E-02 -0.3121E-02
   34.50      0.5194E-02  0.2079E-01 -0.2215E-01  0.3922E-02 -0.3348E-02
   35.00      0.5054E-02  0.2123E-01 -0.2236E-01  0.3956E-02 -0.3575E-02
   35.50      0.4906E-02  0.2170E-01 -0.2260E-01  0.4003E-02 -0.3801E-02
   36.00      0.4753E-02  0.2219E-01 -0.2285E-01  0.4065E-02 -0.4026E-02
   36.50      0.4595E-02  0.2270E-01 -0.2312E-01  0.4142E-02 -0.4249E-02
   37.00      0.4434E-02  0.2324E-01 -0.2341E-01  0.4235E-02 -0.4471E-02
   37.50      0.4270E-02  0.2380E-01 -0.2372E-01  0.4344E-02 -0.4690E-02
   38.00      0.4104E-02  0.2439E-01 -0.2403E-01  0.4470E-02 -0.4906E-02
   38.50      0.3938E-02  0.2500E-01 -0.2436E-01  0.4613E-02 -0.5117E-02
   39.00      0.3772E-02  0.2564E-01 -0.2470E-01  0.4774E-02 -0.5321E-02
   39.50      0.3607E-02  0.2630E-01 -0.2505E-01  0.4955E-02 -0.5518E-02
   40.00      0.3445E-02  0.2699E-01 -0.2540E-01  0.5156E-02 -0.5706E-02
   40.50      0.3286E-02  0.2770E-01 -0.2576E-01  0.5377E-02 -0.5881E-02
   41.00      0.3130E-02  0.2844E-01 -0.2611E-01  0.5620E-02 -0.6043E-02
   41.50      0.2979E-02  0.2921E-01 -0.2645E-01  0.5884E-02 -0.6187E-02
   42.00      0.2832E-02  0.3001E-01 -0.2678E-01  0.6171E-02 -0.6311E-02
   42.50      0.2691E-02  0.3084E-01 -0.2709E-01  0.6481E-02 -0.6411E-02
   43.00      0.2556E-02  0.3170E-01 -0.2738E-01  0.6814E-02 -0.6484E-02
   43.50      0.2426E-02  0.3259E-01 -0.2763E-01  0.7169E-02 -0.6526E-02
   44.00      0.2303E-02  0.3352E-01 -0.2784E-01  0.7547E-02 -0.6533E-02
   44.50      0.2187E-02  0.3449E-01 -0.2801E-01  0.7946E-02 -0.6501E-02
   45.00      0.2077E-02  0.3550E-01 -0.2812E-01  0.8365E-02 -0.6426E-02
   45.50      0.1973E-02  0.3656E-01 -0.2817E-01  0.8802E-02 -0.6303E-02
   46.00      0.1876E-02  0.3767E-01 -0.2815E-01  0.9255E-02 -0.6131E-02
   46.50      0.1786E-02  0.3882E-01 -0.2806E-01  0.9721E-02 -0.5905E-02
   47.00      0.1702E-02  0.4004E-01 -0.2788E-01  0.1020E-01 -0.5624E-02
   47.50      0.1624E-02  0.4131E-01 -0.2760E-01  0.1068E-01 -0.5286E-02
   48.00      0.1553E-02  0.4265E-01 -0.2724E-01  0.1116E-01 -0.4891E-02
   48.50      0.1487E-02  0.4405E-01 -0.2677E-01  0.1164E-01 -0.4440E-02
   49.00      0.1427E-02  0.4553E-01 -0.2621E-01  0.1211E-01 -0.3935E-02
   49.50      0.1373E-02  0.4707E-01 -0.2555E-01  0.1256E-01 -0.3379E-02
   50.00      0.1324E-02  0.4870E-01 -0.2479E-01  0.1299E-01 -0.2778E-02
   50.50      0.1280E-02  0.5039E-01 -0.2395E-01  0.1340E-01 -0.2137E-02
   51.00      0.1240E-02  0.5216E-01 -0.2301E-01  0.1377E-01 -0.1465E-02
   51.50      0.1206E-02  0.5400E-01 -0.2201E-01  0.1411E-01 -0.7688E-03
   52.00      0.1175E-02  0.5590E-01 -0.2094E-01  0.1440E-01 -0.5909E-04
   52.50      0.1149E-02  0.5787E-01 -0.1981E-01  0.1465E-01  0.6547E-03
   53.00      0.1126E-02  0.5989E-01 -0.1865E-01  0.1485E-01  0.1362E-02
   53.50      0.1107E-02  0.6195E-01 -0.1746E-01  0.1500E-01  0.2054E-02
   54.00      0.1092E-02  0.6406E-01 -0.1626E-01  0.1509E-01  0.2719E-02
   54.50      0.1079E-02  0.6618E-01 -0.1506E-01  0.1513E-01  0.3350E-02
   55.00      0.1070E-02  0.6832E-01 -0.1388E-01  0.1512E-01  0.3937E-02
   55.50      0.1063E-02  0.7047E-01 -0.1272E-01  0.1506E-01  0.4474E-02
   56.00      0.1059E-02  0.7260E-01 -0.1160E-01  0.1496E-01  0.4955E-02
   56.50      0.1058E-02  0.7471E-01 -0.1053E-01  0.1480E-01  0.5375E-02
   57.00      0.1059E-02  0.7678E-01 -0.9515E-02  0.1461E-01  0.5731E-02
   57.50      0.1062E-02  0.7881E-01 -0.8562E-02  0.1437E-01  0.6021E-02
   58.00      0.1066E-02  0.8078E-01 -0.7675E-02  0.1411E-01  0.6245E-02
   58.50      0.1073E-02  0.8268E-01 -0.6858E-02  0.1381E-01  0.6403E-02
   59.00      0.1081E-02  0.8451E-01 -0.6114E-02  0.1348E-01  0.6496E-02
   59.50      0.1091E-02  0.8626E-01 -0.5443E-02  0.1314E-01  0.6527E-02
   60.00      0.1103E-02  0.8792E-01 -0.4843E-02  0.1278E-01  0.6498E-02
 END
