#1001 angles,  1 tensor ranks for 0=projectile
@subtitle   "28Si(d,p)29Si, 0.5+1 0.000 MeV 1s0.5"                                          
@legend ON
@legend x1 0.2
@legend y1 0.8
@g0 type LOGY
@yaxis ticklabel format power
@legend string   0 "Lab energy =   17.8500"
#legend string   0 "Partition=  2 Excit=  1 near/far= 1"
#  Theta       sigma       iT11        T20         T21         T22         Kyy for projectile
   0.000       124.1    
  0.1000       124.1    
  0.2000       124.1    
  0.3000       124.0    
  0.4000       124.0    
  0.5000       123.9    
  0.6000       123.8    
  0.7000       123.7    
  0.8000       123.5    
  0.9000       123.4    
   1.000       123.2    
   1.100       123.0    
   1.200       122.8    
   1.300       122.5    
   1.400       122.3    
   1.500       122.0    
   1.600       121.7    
   1.700       121.4    
   1.800       121.1    
   1.900       120.8    
   2.000       120.4    
   2.100       120.0    
   2.200       119.7    
   2.300       119.2    
   2.400       118.8    
   2.500       118.4    
   2.600       117.9    
   2.700       117.4    
   2.800       117.0    
   2.900       116.5    
   3.000       115.9    
   3.100       115.4    
   3.200       114.8    
   3.300       114.3    
   3.400       113.7    
   3.500       113.1    
   3.600       112.5    
   3.700       111.9    
   3.800       111.2    
   3.900       110.6    
   4.000       109.9    
   4.100       109.2    
   4.200       108.5    
   4.300       107.8    
   4.400       107.1    
   4.500       106.4    
   4.600       105.6    
   4.700       104.9    
   4.800       104.1    
   4.900       103.3    
   5.000       102.5    
   5.100       101.8    
   5.200       100.9    
   5.300       100.1    
   5.400       99.30    
   5.500       98.46    
   5.600       97.62    
   5.700       96.76    
   5.800       95.90    
   5.900       95.03    
   6.000       94.15    
   6.100       93.26    
   6.200       92.37    
   6.300       91.47    
   6.400       90.56    
   6.500       89.64    
   6.600       88.72    
   6.700       87.80    
   6.800       86.87    
   6.900       85.93    
   7.000       84.99    
   7.100       84.05    
   7.200       83.10    
   7.300       82.14    
   7.400       81.19    
   7.500       80.23    
   7.600       79.26    
   7.700       78.30    
   7.800       77.33    
   7.900       76.36    
   8.000       75.39    
   8.100       74.42    
   8.200       73.44    
   8.300       72.47    
   8.400       71.49    
   8.500       70.52    
   8.600       69.54    
   8.700       68.57    
   8.800       67.59    
   8.900       66.62    
   9.000       65.64    
   9.100       64.67    
   9.200       63.70    
   9.300       62.74    
   9.400       61.77    
   9.500       60.81    
   9.600       59.85    
   9.700       58.89    
   9.800       57.94    
   9.900       56.99    
   10.00       56.04    
   10.10       55.10    
   10.20       54.16    
   10.30       53.23    
   10.40       52.30    
   10.50       51.37    
   10.60       50.45    
   10.70       49.54    
   10.80       48.63    
   10.90       47.73    
   11.00       46.83    
   11.10       45.94    
   11.20       45.06    
   11.30       44.18    
   11.40       43.31    
   11.50       42.44    
   11.60       41.59    
   11.70       40.74    
   11.80       39.89    
   11.90       39.06    
   12.00       38.23    
   12.10       37.41    
   12.20       36.60    
   12.30       35.79    
   12.40       35.00    
   12.50       34.21    
   12.60       33.43    
   12.70       32.66    
   12.80       31.90    
   12.90       31.15    
   13.00       30.41    
   13.10       29.67    
   13.20       28.95    
   13.30       28.23    
   13.40       27.52    
   13.50       26.82    
   13.60       26.14    
   13.70       25.46    
   13.80       24.79    
   13.90       24.13    
   14.00       23.48    
   14.10       22.84    
   14.20       22.21    
   14.30       21.58    
   14.40       20.97    
   14.50       20.37    
   14.60       19.78    
   14.70       19.20    
   14.80       18.63    
   14.90       18.07    
   15.00       17.51    
   15.10       16.97    
   15.20       16.44    
   15.30       15.92    
   15.40       15.41    
   15.50       14.91    
   15.60       14.41    
   15.70       13.93    
   15.80       13.46    
   15.90       13.00    
   16.00       12.54    
   16.10       12.10    
   16.20       11.67    
   16.30       11.25    
   16.40       10.83    
   16.50       10.43    
   16.60       10.03    
   16.70       9.649    
   16.80       9.273    
   16.90       8.907    
   17.00       8.550    
   17.10       8.203    
   17.20       7.865    
   17.30       7.536    
   17.40       7.215    
   17.50       6.904    
   17.60       6.602    
   17.70       6.309    
   17.80       6.024    
   17.90       5.748    
   18.00       5.481    
   18.10       5.222    
   18.20       4.972    
   18.30       4.729    
   18.40       4.495    
   18.50       4.270    
   18.60       4.052    
   18.70       3.842    
   18.80       3.640    
   18.90       3.445    
   19.00       3.258    
   19.10       3.079    
   19.20       2.907    
   19.30       2.742    
   19.40       2.585    
   19.50       2.435    
   19.60       2.291    
   19.70       2.154    
   19.80       2.025    
   19.90       1.901    
   20.00       1.785    
   20.10       1.674    
   20.20       1.570    
   20.30       1.472    
   20.40       1.380    
   20.50       1.294    
   20.60       1.214    
   20.70       1.139    
   20.80       1.071    
   20.90       1.007    
   21.00      0.9490    
   21.10      0.8961    
   21.20      0.8483    
   21.30      0.8055    
   21.40      0.7676    
   21.50      0.7344    
   21.60      0.7059    
   21.70      0.6819    
   21.80      0.6623    
   21.90      0.6470    
   22.00      0.6359    
   22.10      0.6289    
   22.20      0.6258    
   22.30      0.6265    
   22.40      0.6310    
   22.50      0.6391    
   22.60      0.6507    
   22.70      0.6657    
   22.80      0.6840    
   22.90      0.7055    
   23.00      0.7300    
   23.10      0.7575    
   23.20      0.7879    
   23.30      0.8210    
   23.40      0.8568    
   23.50      0.8951    
   23.60      0.9359    
   23.70      0.9790    
   23.80       1.024    
   23.90       1.072    
   24.00       1.121    
   24.10       1.173    
   24.20       1.226    
   24.30       1.282    
   24.40       1.338    
   24.50       1.397    
   24.60       1.457    
   24.70       1.518    
   24.80       1.581    
   24.90       1.645    
   25.00       1.710    
   25.10       1.776    
   25.20       1.843    
   25.30       1.912    
   25.40       1.981    
   25.50       2.050    
   25.60       2.121    
   25.70       2.192    
   25.80       2.263    
   25.90       2.335    
   26.00       2.408    
   26.10       2.480    
   26.20       2.554    
   26.30       2.627    
   26.40       2.700    
   26.50       2.774    
   26.60       2.847    
   26.70       2.921    
   26.80       2.994    
   26.90       3.067    
   27.00       3.140    
   27.10       3.213    
   27.20       3.285    
   27.30       3.357    
   27.40       3.429    
   27.50       3.500    
   27.60       3.571    
   27.70       3.641    
   27.80       3.710    
   27.90       3.779    
   28.00       3.847    
   28.10       3.915    
   28.20       3.982    
   28.30       4.048    
   28.40       4.113    
   28.50       4.177    
   28.60       4.240    
   28.70       4.303    
   28.80       4.364    
   28.90       4.425    
   29.00       4.484    
   29.10       4.543    
   29.20       4.600    
   29.30       4.657    
   29.40       4.712    
   29.50       4.766    
   29.60       4.819    
   29.70       4.871    
   29.80       4.921    
   29.90       4.971    
   30.00       5.019    
   30.10       5.066    
   30.20       5.112    
   30.30       5.156    
   30.40       5.200    
   30.50       5.241    
   30.60       5.282    
   30.70       5.322    
   30.80       5.360    
   30.90       5.396    
   31.00       5.432    
   31.10       5.466    
   31.20       5.499    
   31.30       5.530    
   31.40       5.561    
   31.50       5.589    
   31.60       5.617    
   31.70       5.643    
   31.80       5.668    
   31.90       5.692    
   32.00       5.714    
   32.10       5.735    
   32.20       5.755    
   32.30       5.773    
   32.40       5.790    
   32.50       5.806    
   32.60       5.820    
   32.70       5.833    
   32.80       5.845    
   32.90       5.856    
   33.00       5.865    
   33.10       5.873    
   33.20       5.880    
   33.30       5.886    
   33.40       5.890    
   33.50       5.894    
   33.60       5.896    
   33.70       5.897    
   33.80       5.896    
   33.90       5.895    
   34.00       5.892    
   34.10       5.889    
   34.20       5.884    
   34.30       5.878    
   34.40       5.871    
   34.50       5.863    
   34.60       5.854    
   34.70       5.844    
   34.80       5.833    
   34.90       5.821    
   35.00       5.808    
   35.10       5.794    
   35.20       5.779    
   35.30       5.763    
   35.40       5.746    
   35.50       5.729    
   35.60       5.710    
   35.70       5.691    
   35.80       5.670    
   35.90       5.649    
   36.00       5.627    
   36.10       5.605    
   36.20       5.581    
   36.30       5.557    
   36.40       5.532    
   36.50       5.506    
   36.60       5.480    
   36.70       5.453    
   36.80       5.425    
   36.90       5.397    
   37.00       5.368    
   37.10       5.338    
   37.20       5.308    
   37.30       5.277    
   37.40       5.246    
   37.50       5.214    
   37.60       5.182    
   37.70       5.149    
   37.80       5.116    
   37.90       5.082    
   38.00       5.047    
   38.10       5.013    
   38.20       4.978    
   38.30       4.942    
   38.40       4.906    
   38.50       4.870    
   38.60       4.834    
   38.70       4.797    
   38.80       4.760    
   38.90       4.722    
   39.00       4.685    
   39.10       4.647    
   39.20       4.608    
   39.30       4.570    
   39.40       4.531    
   39.50       4.492    
   39.60       4.453    
   39.70       4.414    
   39.80       4.375    
   39.90       4.335    
   40.00       4.295    
   40.10       4.256    
   40.20       4.216    
   40.30       4.176    
   40.40       4.136    
   40.50       4.096    
   40.60       4.055    
   40.70       4.015    
   40.80       3.975    
   40.90       3.935    
   41.00       3.895    
   41.10       3.855    
   41.20       3.814    
   41.30       3.774    
   41.40       3.734    
   41.50       3.694    
   41.60       3.654    
   41.70       3.614    
   41.80       3.575    
   41.90       3.535    
   42.00       3.495    
   42.10       3.456    
   42.20       3.417    
   42.30       3.378    
   42.40       3.339    
   42.50       3.300    
   42.60       3.261    
   42.70       3.222    
   42.80       3.184    
   42.90       3.146    
   43.00       3.108    
   43.10       3.070    
   43.20       3.033    
   43.30       2.995    
   43.40       2.958    
   43.50       2.921    
   43.60       2.884    
   43.70       2.848    
   43.80       2.812    
   43.90       2.776    
   44.00       2.740    
   44.10       2.705    
   44.20       2.669    
   44.30       2.635    
   44.40       2.600    
   44.50       2.566    
   44.60       2.531    
   44.70       2.498    
   44.80       2.464    
   44.90       2.431    
   45.00       2.398    
   45.10       2.365    
   45.20       2.333    
   45.30       2.301    
   45.40       2.269    
   45.50       2.238    
   45.60       2.207    
   45.70       2.176    
   45.80       2.145    
   45.90       2.115    
   46.00       2.085    
   46.10       2.055    
   46.20       2.026    
   46.30       1.997    
   46.40       1.969    
   46.50       1.940    
   46.60       1.912    
   46.70       1.885    
   46.80       1.857    
   46.90       1.830    
   47.00       1.804    
   47.10       1.777    
   47.20       1.751    
   47.30       1.725    
   47.40       1.700    
   47.50       1.675    
   47.60       1.650    
   47.70       1.625    
   47.80       1.601    
   47.90       1.577    
   48.00       1.554    
   48.10       1.531    
   48.20       1.508    
   48.30       1.485    
   48.40       1.463    
   48.50       1.441    
   48.60       1.419    
   48.70       1.397    
   48.80       1.376    
   48.90       1.356    
   49.00       1.335    
   49.10       1.315    
   49.20       1.295    
   49.30       1.275    
   49.40       1.256    
   49.50       1.237    
   49.60       1.218    
   49.70       1.199    
   49.80       1.181    
   49.90       1.163    
   50.00       1.145    
   50.10       1.128    
   50.20       1.111    
   50.30       1.094    
   50.40       1.077    
   50.50       1.061    
   50.60       1.045    
   50.70       1.029    
   50.80       1.013    
   50.90      0.9980    
   51.00      0.9829    
   51.10      0.9680    
   51.20      0.9534    
   51.30      0.9390    
   51.40      0.9248    
   51.50      0.9109    
   51.60      0.8971    
   51.70      0.8837    
   51.80      0.8704    
   51.90      0.8573    
   52.00      0.8445    
   52.10      0.8319    
   52.20      0.8195    
   52.30      0.8073    
   52.40      0.7953    
   52.50      0.7835    
   52.60      0.7719    
   52.70      0.7604    
   52.80      0.7492    
   52.90      0.7382    
   53.00      0.7273    
   53.10      0.7167    
   53.20      0.7062    
   53.30      0.6959    
   53.40      0.6858    
   53.50      0.6758    
   53.60      0.6660    
   53.70      0.6564    
   53.80      0.6469    
   53.90      0.6376    
   54.00      0.6285    
   54.10      0.6195    
   54.20      0.6107    
   54.30      0.6020    
   54.40      0.5934    
   54.50      0.5850    
   54.60      0.5768    
   54.70      0.5687    
   54.80      0.5607    
   54.90      0.5528    
   55.00      0.5451    
   55.10      0.5375    
   55.20      0.5300    
   55.30      0.5227    
   55.40      0.5155    
   55.50      0.5084    
   55.60      0.5014    
   55.70      0.4945    
   55.80      0.4878    
   55.90      0.4811    
   56.00      0.4746    
   56.10      0.4682    
   56.20      0.4618    
   56.30      0.4556    
   56.40      0.4495    
   56.50      0.4435    
   56.60      0.4375    
   56.70      0.4317    
   56.80      0.4259    
   56.90      0.4203    
   57.00      0.4147    
   57.10      0.4092    
   57.20      0.4038    
   57.30      0.3985    
   57.40      0.3933    
   57.50      0.3881    
   57.60      0.3830    
   57.70      0.3780    
   57.80      0.3731    
   57.90      0.3683    
   58.00      0.3635    
   58.10      0.3588    
   58.20      0.3541    
   58.30      0.3496    
   58.40      0.3450    
   58.50      0.3406    
   58.60      0.3362    
   58.70      0.3319    
   58.80      0.3276    
   58.90      0.3234    
   59.00      0.3193    
   59.10      0.3152    
   59.20      0.3112    
   59.30      0.3072    
   59.40      0.3033    
   59.50      0.2995    
   59.60      0.2957    
   59.70      0.2919    
   59.80      0.2882    
   59.90      0.2845    
   60.00      0.2809    
   60.10      0.2774    
   60.20      0.2739    
   60.30      0.2704    
   60.40      0.2670    
   60.50      0.2636    
   60.60      0.2603    
   60.70      0.2570    
   60.80      0.2537    
   60.90      0.2505    
   61.00      0.2474    
   61.10      0.2443    
   61.20      0.2412    
   61.30      0.2382    
   61.40      0.2352    
   61.50      0.2322    
   61.60      0.2293    
   61.70      0.2264    
   61.80      0.2236    
   61.90      0.2208    
   62.00      0.2180    
   62.10      0.2153    
   62.20      0.2126    
   62.30      0.2099    
   62.40      0.2073    
   62.50      0.2047    
   62.60      0.2021    
   62.70      0.1996    
   62.80      0.1971    
   62.90      0.1947    
   63.00      0.1923    
   63.10      0.1899    
   63.20      0.1875    
   63.30      0.1852    
   63.40      0.1830    
   63.50      0.1807    
   63.60      0.1785    
   63.70      0.1763    
   63.80      0.1742    
   63.90      0.1720    
   64.00      0.1700    
   64.10      0.1679    
   64.20      0.1659    
   64.30      0.1639    
   64.40      0.1619    
   64.50      0.1600    
   64.60      0.1581    
   64.70      0.1563    
   64.80      0.1544    
   64.90      0.1526    
   65.00      0.1509    
   65.10      0.1491    
   65.20      0.1474    
   65.30      0.1458    
   65.40      0.1441    
   65.50      0.1425    
   65.60      0.1409    
   65.70      0.1394    
   65.80      0.1379    
   65.90      0.1364    
   66.00      0.1349    
   66.10      0.1335    
   66.20      0.1321    
   66.30      0.1308    
   66.40      0.1294    
   66.50      0.1281    
   66.60      0.1269    
   66.70      0.1256    
   66.80      0.1244    
   66.90      0.1232    
   67.00      0.1221    
   67.10      0.1210    
   67.20      0.1199    
   67.30      0.1188    
   67.40      0.1178    
   67.50      0.1168    
   67.60      0.1159    
   67.70      0.1149    
   67.80      0.1140    
   67.90      0.1131    
   68.00      0.1123    
   68.10      0.1115    
   68.20      0.1107    
   68.30      0.1099    
   68.40      0.1092    
   68.50      0.1085    
   68.60      0.1079    
   68.70      0.1072    
   68.80      0.1066    
   68.90      0.1060    
   69.00      0.1055    
   69.10      0.1050    
   69.20      0.1045    
   69.30      0.1040    
   69.40      0.1036    
   69.50      0.1032    
   69.60      0.1028    
   69.70      0.1025    
   69.80      0.1021    
   69.90      0.1018    
   70.00      0.1016    
   70.10      0.1013    
   70.20      0.1011    
   70.30      0.1009    
   70.40      0.1008    
   70.50      0.1007    
   70.60      0.1006    
   70.70      0.1005    
   70.80      0.1004    
   70.90      0.1004    
   71.00      0.1004    
   71.10      0.1004    
   71.20      0.1005    
   71.30      0.1006    
   71.40      0.1007    
   71.50      0.1008    
   71.60      0.1009    
   71.70      0.1011    
   71.80      0.1013    
   71.90      0.1015    
   72.00      0.1018    
   72.10      0.1020    
   72.20      0.1023    
   72.30      0.1026    
   72.40      0.1030    
   72.50      0.1033    
   72.60      0.1037    
   72.70      0.1041    
   72.80      0.1045    
   72.90      0.1049    
   73.00      0.1054    
   73.10      0.1059    
   73.20      0.1064    
   73.30      0.1069    
   73.40      0.1074    
   73.50      0.1080    
   73.60      0.1085    
   73.70      0.1091    
   73.80      0.1097    
   73.90      0.1103    
   74.00      0.1110    
   74.10      0.1116    
   74.20      0.1123    
   74.30      0.1130    
   74.40      0.1137    
   74.50      0.1144    
   74.60      0.1151    
   74.70      0.1159    
   74.80      0.1166    
   74.90      0.1174    
   75.00      0.1182    
   75.10      0.1190    
   75.20      0.1198    
   75.30      0.1206    
   75.40      0.1214    
   75.50      0.1223    
   75.60      0.1231    
   75.70      0.1240    
   75.80      0.1249    
   75.90      0.1257    
   76.00      0.1266    
   76.10      0.1275    
   76.20      0.1284    
   76.30      0.1293    
   76.40      0.1303    
   76.50      0.1312    
   76.60      0.1321    
   76.70      0.1331    
   76.80      0.1340    
   76.90      0.1350    
   77.00      0.1359    
   77.10      0.1369    
   77.20      0.1378    
   77.30      0.1388    
   77.40      0.1398    
   77.50      0.1407    
   77.60      0.1417    
   77.70      0.1427    
   77.80      0.1437    
   77.90      0.1447    
   78.00      0.1456    
   78.10      0.1466    
   78.20      0.1476    
   78.30      0.1486    
   78.40      0.1496    
   78.50      0.1506    
   78.60      0.1515    
   78.70      0.1525    
   78.80      0.1535    
   78.90      0.1545    
   79.00      0.1554    
   79.10      0.1564    
   79.20      0.1574    
   79.30      0.1583    
   79.40      0.1593    
   79.50      0.1603    
   79.60      0.1612    
   79.70      0.1621    
   79.80      0.1631    
   79.90      0.1640    
   80.00      0.1649    
   80.10      0.1659    
   80.20      0.1668    
   80.30      0.1677    
   80.40      0.1686    
   80.50      0.1695    
   80.60      0.1703    
   80.70      0.1712    
   80.80      0.1721    
   80.90      0.1729    
   81.00      0.1738    
   81.10      0.1746    
   81.20      0.1754    
   81.30      0.1763    
   81.40      0.1771    
   81.50      0.1779    
   81.60      0.1787    
   81.70      0.1794    
   81.80      0.1802    
   81.90      0.1809    
   82.00      0.1817    
   82.10      0.1824    
   82.20      0.1831    
   82.30      0.1838    
   82.40      0.1845    
   82.50      0.1852    
   82.60      0.1859    
   82.70      0.1865    
   82.80      0.1872    
   82.90      0.1878    
   83.00      0.1884    
   83.10      0.1890    
   83.20      0.1896    
   83.30      0.1901    
   83.40      0.1907    
   83.50      0.1912    
   83.60      0.1918    
   83.70      0.1923    
   83.80      0.1928    
   83.90      0.1932    
   84.00      0.1937    
   84.10      0.1941    
   84.20      0.1946    
   84.30      0.1950    
   84.40      0.1954    
   84.50      0.1958    
   84.60      0.1962    
   84.70      0.1965    
   84.80      0.1968    
   84.90      0.1972    
   85.00      0.1975    
   85.10      0.1978    
   85.20      0.1980    
   85.30      0.1983    
   85.40      0.1985    
   85.50      0.1987    
   85.60      0.1990    
   85.70      0.1991    
   85.80      0.1993    
   85.90      0.1995    
   86.00      0.1996    
   86.10      0.1997    
   86.20      0.1998    
   86.30      0.1999    
   86.40      0.2000    
   86.50      0.2000    
   86.60      0.2001    
   86.70      0.2001    
   86.80      0.2001    
   86.90      0.2001    
   87.00      0.2001    
   87.10      0.2000    
   87.20      0.2000    
   87.30      0.1999    
   87.40      0.1998    
   87.50      0.1997    
   87.60      0.1996    
   87.70      0.1994    
   87.80      0.1993    
   87.90      0.1991    
   88.00      0.1989    
   88.10      0.1987    
   88.20      0.1985    
   88.30      0.1982    
   88.40      0.1980    
   88.50      0.1977    
   88.60      0.1974    
   88.70      0.1971    
   88.80      0.1968    
   88.90      0.1964    
   89.00      0.1961    
   89.10      0.1957    
   89.20      0.1954    
   89.30      0.1950    
   89.40      0.1946    
   89.50      0.1941    
   89.60      0.1937    
   89.70      0.1932    
   89.80      0.1928    
   89.90      0.1923    
   90.00      0.1918    
   90.10      0.1913    
   90.20      0.1908    
   90.30      0.1902    
   90.40      0.1897    
   90.50      0.1891    
   90.60      0.1886    
   90.70      0.1880    
   90.80      0.1874    
   90.90      0.1868    
   91.00      0.1861    
   91.10      0.1855    
   91.20      0.1849    
   91.30      0.1842    
   91.40      0.1835    
   91.50      0.1828    
   91.60      0.1822    
   91.70      0.1814    
   91.80      0.1807    
   91.90      0.1800    
   92.00      0.1793    
   92.10      0.1785    
   92.20      0.1778    
   92.30      0.1770    
   92.40      0.1762    
   92.50      0.1754    
   92.60      0.1746    
   92.70      0.1738    
   92.80      0.1730    
   92.90      0.1722    
   93.00      0.1713    
   93.10      0.1705    
   93.20      0.1697    
   93.30      0.1688    
   93.40      0.1679    
   93.50      0.1671    
   93.60      0.1662    
   93.70      0.1653    
   93.80      0.1644    
   93.90      0.1635    
   94.00      0.1626    
   94.10      0.1617    
   94.20      0.1607    
   94.30      0.1598    
   94.40      0.1589    
   94.50      0.1579    
   94.60      0.1570    
   94.70      0.1560    
   94.80      0.1551    
   94.90      0.1541    
   95.00      0.1531    
   95.10      0.1522    
   95.20      0.1512    
   95.30      0.1502    
   95.40      0.1492    
   95.50      0.1482    
   95.60      0.1472    
   95.70      0.1462    
   95.80      0.1452    
   95.90      0.1442    
   96.00      0.1432    
   96.10      0.1422    
   96.20      0.1412    
   96.30      0.1402    
   96.40      0.1392    
   96.50      0.1382    
   96.60      0.1371    
   96.70      0.1361    
   96.80      0.1351    
   96.90      0.1341    
   97.00      0.1330    
   97.10      0.1320    
   97.20      0.1310    
   97.30      0.1300    
   97.40      0.1289    
   97.50      0.1279    
   97.60      0.1269    
   97.70      0.1258    
   97.80      0.1248    
   97.90      0.1238    
   98.00      0.1227    
   98.10      0.1217    
   98.20      0.1207    
   98.30      0.1197    
   98.40      0.1186    
   98.50      0.1176    
   98.60      0.1166    
   98.70      0.1155    
   98.80      0.1145    
   98.90      0.1135    
   99.00      0.1125    
   99.10      0.1115    
   99.20      0.1105    
   99.30      0.1094    
   99.40      0.1084    
   99.50      0.1074    
   99.60      0.1064    
   99.70      0.1054    
   99.80      0.1044    
   99.90      0.1034    
   100.0      0.1024    
 END
