# 361 angles,  1 tensor ranks for 0=projectile
@subtitle   "9Be(6Li,d)13C"                                                                 
@legend ON
@legend x1 0.2
@legend y1 0.8
@g0 type LOGY
@yaxis ticklabel format power
@legend string   0 "Lab energy =   32.0000"
#legend string   0 "Partition=  2 Excit=  1 near/far= 1"
#  Theta       sigma       iT11        T20         T21         T22         Kyy for projectile
   0.000      0.2544    
  0.5000      0.2539    
   1.000      0.2524    
   1.500      0.2500    
   2.000      0.2467    
   2.500      0.2425    
   3.000      0.2374    
   3.500      0.2316    
   4.000      0.2251    
   4.500      0.2180    
   5.000      0.2103    
   5.500      0.2021    
   6.000      0.1936    
   6.500      0.1848    
   7.000      0.1757    
   7.500      0.1666    
   8.000      0.1575    
   8.500      0.1484    
   9.000      0.1395    
   9.500      0.1308    
   10.00      0.1224    
   10.50      0.1143    
   11.00      0.1066    
   11.50      0.9942E-01
   12.00      0.9266E-01
   12.50      0.8641E-01
   13.00      0.8068E-01
   13.50      0.7548E-01
   14.00      0.7082E-01
   14.50      0.6669E-01
   15.00      0.6309E-01
   15.50      0.5998E-01
   16.00      0.5736E-01
   16.50      0.5519E-01
   17.00      0.5344E-01
   17.50      0.5209E-01
   18.00      0.5109E-01
   18.50      0.5040E-01
   19.00      0.4999E-01
   19.50      0.4982E-01
   20.00      0.4985E-01
   20.50      0.5004E-01
   21.00      0.5035E-01
   21.50      0.5076E-01
   22.00      0.5123E-01
   22.50      0.5173E-01
   23.00      0.5223E-01
   23.50      0.5270E-01
   24.00      0.5314E-01
   24.50      0.5351E-01
   25.00      0.5380E-01
   25.50      0.5400E-01
   26.00      0.5410E-01
   26.50      0.5409E-01
   27.00      0.5396E-01
   27.50      0.5371E-01
   28.00      0.5334E-01
   28.50      0.5284E-01
   29.00      0.5223E-01
   29.50      0.5150E-01
   30.00      0.5066E-01
   30.50      0.4971E-01
   31.00      0.4866E-01
   31.50      0.4752E-01
   32.00      0.4630E-01
   32.50      0.4500E-01
   33.00      0.4363E-01
   33.50      0.4221E-01
   34.00      0.4074E-01
   34.50      0.3923E-01
   35.00      0.3769E-01
   35.50      0.3613E-01
   36.00      0.3456E-01
   36.50      0.3299E-01
   37.00      0.3143E-01
   37.50      0.2988E-01
   38.00      0.2835E-01
   38.50      0.2686E-01
   39.00      0.2540E-01
   39.50      0.2398E-01
   40.00      0.2262E-01
   40.50      0.2131E-01
   41.00      0.2006E-01
   41.50      0.1888E-01
   42.00      0.1777E-01
   42.50      0.1673E-01
   43.00      0.1576E-01
   43.50      0.1487E-01
   44.00      0.1407E-01
   44.50      0.1334E-01
   45.00      0.1270E-01
   45.50      0.1214E-01
   46.00      0.1166E-01
   46.50      0.1127E-01
   47.00      0.1097E-01
   47.50      0.1074E-01
   48.00      0.1060E-01
   48.50      0.1054E-01
   49.00      0.1056E-01
   49.50      0.1066E-01
   50.00      0.1083E-01
   50.50      0.1107E-01
   51.00      0.1138E-01
   51.50      0.1176E-01
   52.00      0.1221E-01
   52.50      0.1271E-01
   53.00      0.1327E-01
   53.50      0.1388E-01
   54.00      0.1454E-01
   54.50      0.1525E-01
   55.00      0.1599E-01
   55.50      0.1676E-01
   56.00      0.1757E-01
   56.50      0.1839E-01
   57.00      0.1924E-01
   57.50      0.2009E-01
   58.00      0.2096E-01
   58.50      0.2182E-01
   59.00      0.2268E-01
   59.50      0.2352E-01
   60.00      0.2435E-01
   60.50      0.2516E-01
   61.00      0.2594E-01
   61.50      0.2669E-01
   62.00      0.2740E-01
   62.50      0.2807E-01
   63.00      0.2869E-01
   63.50      0.2926E-01
   64.00      0.2978E-01
   64.50      0.3024E-01
   65.00      0.3065E-01
   65.50      0.3099E-01
   66.00      0.3126E-01
   66.50      0.3148E-01
   67.00      0.3163E-01
   67.50      0.3171E-01
   68.00      0.3173E-01
   68.50      0.3169E-01
   69.00      0.3159E-01
   69.50      0.3142E-01
   70.00      0.3120E-01
   70.50      0.3092E-01
   71.00      0.3059E-01
   71.50      0.3021E-01
   72.00      0.2978E-01
   72.50      0.2931E-01
   73.00      0.2880E-01
   73.50      0.2825E-01
   74.00      0.2767E-01
   74.50      0.2707E-01
   75.00      0.2644E-01
   75.50      0.2579E-01
   76.00      0.2512E-01
   76.50      0.2444E-01
   77.00      0.2376E-01
   77.50      0.2306E-01
   78.00      0.2237E-01
   78.50      0.2167E-01
   79.00      0.2098E-01
   79.50      0.2030E-01
   80.00      0.1962E-01
   80.50      0.1896E-01
   81.00      0.1832E-01
   81.50      0.1768E-01
   82.00      0.1707E-01
   82.50      0.1648E-01
   83.00      0.1591E-01
   83.50      0.1537E-01
   84.00      0.1485E-01
   84.50      0.1436E-01
   85.00      0.1389E-01
   85.50      0.1345E-01
   86.00      0.1305E-01
   86.50      0.1267E-01
   87.00      0.1232E-01
   87.50      0.1200E-01
   88.00      0.1172E-01
   88.50      0.1146E-01
   89.00      0.1124E-01
   89.50      0.1105E-01
   90.00      0.1089E-01
   90.50      0.1076E-01
   91.00      0.1066E-01
   91.50      0.1059E-01
   92.00      0.1055E-01
   92.50      0.1054E-01
   93.00      0.1055E-01
   93.50      0.1059E-01
   94.00      0.1065E-01
   94.50      0.1074E-01
   95.00      0.1085E-01
   95.50      0.1097E-01
   96.00      0.1112E-01
   96.50      0.1128E-01
   97.00      0.1145E-01
   97.50      0.1163E-01
   98.00      0.1183E-01
   98.50      0.1203E-01
   99.00      0.1223E-01
   99.50      0.1244E-01
   100.0      0.1264E-01
   100.5      0.1285E-01
   101.0      0.1305E-01
   101.5      0.1325E-01
   102.0      0.1343E-01
   102.5      0.1361E-01
   103.0      0.1378E-01
   103.5      0.1393E-01
   104.0      0.1407E-01
   104.5      0.1419E-01
   105.0      0.1430E-01
   105.5      0.1439E-01
   106.0      0.1446E-01
   106.5      0.1452E-01
   107.0      0.1455E-01
   107.5      0.1457E-01
   108.0      0.1457E-01
   108.5      0.1456E-01
   109.0      0.1452E-01
   109.5      0.1447E-01
   110.0      0.1441E-01
   110.5      0.1433E-01
   111.0      0.1424E-01
   111.5      0.1413E-01
   112.0      0.1402E-01
   112.5      0.1390E-01
   113.0      0.1377E-01
   113.5      0.1363E-01
   114.0      0.1349E-01
   114.5      0.1334E-01
   115.0      0.1319E-01
   115.5      0.1304E-01
   116.0      0.1289E-01
   116.5      0.1275E-01
   117.0      0.1260E-01
   117.5      0.1246E-01
   118.0      0.1232E-01
   118.5      0.1218E-01
   119.0      0.1205E-01
   119.5      0.1192E-01
   120.0      0.1179E-01
   120.5      0.1167E-01
   121.0      0.1156E-01
   121.5      0.1144E-01
   122.0      0.1133E-01
   122.5      0.1123E-01
   123.0      0.1112E-01
   123.5      0.1102E-01
   124.0      0.1091E-01
   124.5      0.1081E-01
   125.0      0.1070E-01
   125.5      0.1059E-01
   126.0      0.1048E-01
   126.5      0.1036E-01
   127.0      0.1023E-01
   127.5      0.1011E-01
   128.0      0.9970E-02
   128.5      0.9826E-02
   129.0      0.9674E-02
   129.5      0.9513E-02
   130.0      0.9344E-02
   130.5      0.9164E-02
   131.0      0.8976E-02
   131.5      0.8778E-02
   132.0      0.8571E-02
   132.5      0.8354E-02
   133.0      0.8130E-02
   133.5      0.7897E-02
   134.0      0.7658E-02
   134.5      0.7412E-02
   135.0      0.7162E-02
   135.5      0.6907E-02
   136.0      0.6650E-02
   136.5      0.6391E-02
   137.0      0.6132E-02
   137.5      0.5876E-02
   138.0      0.5622E-02
   138.5      0.5374E-02
   139.0      0.5132E-02
   139.5      0.4898E-02
   140.0      0.4675E-02
   140.5      0.4463E-02
   141.0      0.4264E-02
   141.5      0.4081E-02
   142.0      0.3913E-02
   142.5      0.3764E-02
   143.0      0.3633E-02
   143.5      0.3523E-02
   144.0      0.3434E-02
   144.5      0.3368E-02
   145.0      0.3325E-02
   145.5      0.3305E-02
   146.0      0.3309E-02
   146.5      0.3338E-02
   147.0      0.3392E-02
   147.5      0.3470E-02
   148.0      0.3573E-02
   148.5      0.3700E-02
   149.0      0.3850E-02
   149.5      0.4023E-02
   150.0      0.4218E-02
   150.5      0.4434E-02
   151.0      0.4670E-02
   151.5      0.4925E-02
   152.0      0.5198E-02
   152.5      0.5486E-02
   153.0      0.5789E-02
   153.5      0.6104E-02
   154.0      0.6431E-02
   154.5      0.6767E-02
   155.0      0.7112E-02
   155.5      0.7462E-02
   156.0      0.7817E-02
   156.5      0.8174E-02
   157.0      0.8533E-02
   157.5      0.8891E-02
   158.0      0.9247E-02
   158.5      0.9600E-02
   159.0      0.9947E-02
   159.5      0.1029E-01
   160.0      0.1062E-01
   160.5      0.1095E-01
   161.0      0.1126E-01
   161.5      0.1157E-01
   162.0      0.1186E-01
   162.5      0.1214E-01
   163.0      0.1241E-01
   163.5      0.1266E-01
   164.0      0.1290E-01
   164.5      0.1313E-01
   165.0      0.1334E-01
   165.5      0.1354E-01
   166.0      0.1373E-01
   166.5      0.1390E-01
   167.0      0.1406E-01
   167.5      0.1421E-01
   168.0      0.1434E-01
   168.5      0.1446E-01
   169.0      0.1457E-01
   169.5      0.1466E-01
   170.0      0.1475E-01
   170.5      0.1483E-01
   171.0      0.1490E-01
   171.5      0.1496E-01
   172.0      0.1501E-01
   172.5      0.1505E-01
   173.0      0.1509E-01
   173.5      0.1512E-01
   174.0      0.1514E-01
   174.5      0.1517E-01
   175.0      0.1518E-01
   175.5      0.1520E-01
   176.0      0.1521E-01
   176.5      0.1522E-01
   177.0      0.1522E-01
   177.5      0.1523E-01
   178.0      0.1523E-01
   178.5      0.1524E-01
   179.0      0.1524E-01
   179.5      0.1524E-01
   180.0      0.1524E-01
 END
