# For Channel #  1: l = 0, j =  0.5, c#  1;  k,eta =   0.23211   0.00000
    0.900   0.448739       0.364142       0.811480      -0.232107       0   0.811480    
    1.000   0.523794       0.415296       0.792862      -0.232107       0   0.792862    
    1.100   0.588019       0.455521       0.774671      -0.232107       0   0.774671    
    1.200   0.641476       0.485531       0.756897      -0.232107       0   0.756897    
    1.300   0.685134       0.506678       0.739531      -0.232107       0   0.739531    
    1.400   0.720351       0.520500       0.722564      -0.232107       0   0.722564    
    1.500   0.748555       0.528469       0.705986      -0.232107       0   0.705986    
    1.600   0.771067       0.531873       0.689788      -0.232107       0   0.689788    
    1.700   0.789036       0.531781       0.673962      -0.232107       0   0.673962    
    1.800   0.803415       0.529048       0.658499      -0.232107       0   0.658499    
    1.900   0.814972       0.524346       0.643391      -0.232107       0   0.643391    
    2.000   0.824320       0.518192       0.628629      -0.232107       0   0.628629    
    2.100   0.831937       0.510981       0.614207      -0.232107       0   0.614207    
    2.200   0.838194       0.503012       0.600115      -0.232107       0   0.600115    
    2.300   0.843380       0.494512       0.586346      -0.232107       0   0.586346    
    2.400   0.847716       0.485651       0.572893      -0.232107       0   0.572893    
    2.500   0.851375       0.476556       0.559749      -0.232107       0   0.559749    
    2.600   0.854489       0.467325       0.546907      -0.232107       0   0.546907    
    2.700   0.857161       0.458031       0.534359      -0.232107       0   0.534359    
    2.800   0.859471       0.448728       0.522099      -0.232107       0   0.522099    
    2.900   0.861482       0.439459       0.510120      -0.232107       0   0.510120    
    3.000   0.863244       0.430254       0.498416      -0.232107       0   0.498416    
    3.100   0.864796       0.421139       0.486981      -0.232107       0   0.486981    
    3.200   0.866170       0.412130       0.475808      -0.232107       0   0.475808    
    3.300   0.867392       0.403243       0.464891      -0.232107       0   0.464891    
    3.400   0.868483       0.394486       0.454225      -0.232107       0   0.454225    
    3.500   0.869459       0.385869       0.443803      -0.232107       0   0.443804    
    3.600   0.870335       0.377396       0.433621      -0.232107       0   0.433621    
    3.700   0.871124       0.369071       0.423672      -0.232107       0   0.423672    
    3.800   0.871836       0.360898       0.413952      -0.232107       0   0.413952    
    3.900   0.872478       0.352878       0.404454      -0.232107       0   0.404454    
    4.000   0.873060       0.345011       0.395175      -0.232107       0   0.395175    
    4.100   0.873587       0.337299       0.386108      -0.232107       0   0.386108    
    4.200   0.874064       0.329740       0.377250      -0.232107       0   0.377250    
    4.300   0.874498       0.322335       0.368594      -0.232107       0   0.368594    
    4.400   0.874892       0.315081       0.360137      -0.232107       0   0.360137    
    4.500   0.875251       0.307979       0.351875      -0.232107       0   0.351875    
    4.600   0.875577       0.301025       0.343802      -0.232107       0   0.343802    
    4.700   0.875874       0.294218       0.335914      -0.232107       0   0.335914    
    4.800   0.876144       0.287556       0.328207      -0.232107       0   0.328207    
    4.900   0.876391       0.281038       0.320676      -0.232107       0   0.320676    
    5.000   0.876615       0.274660       0.313319      -0.232107       0   0.313319    
    5.100   0.876820       0.268421       0.306130      -0.232107       0   0.306130    
    5.200   0.877008       0.262319       0.299107      -0.232107       0   0.299107    
    5.300   0.877179       0.256350       0.292244      -0.232107       0   0.292244    
    5.400   0.877335       0.250513       0.285539      -0.232107       0   0.285539    
    5.500   0.877477       0.244806       0.278988      -0.232107       0   0.278988    
    5.600   0.877607       0.239224       0.272587      -0.232107       0   0.272587    
    5.700   0.877727       0.233768       0.266333      -0.232107       0   0.266333    
    5.800   0.877836       0.228432       0.260222      -0.232107       0   0.260222    
    5.900   0.877935       0.223217       0.254252      -0.232107       0   0.254252    
    6.000   0.878026       0.218118       0.248419      -0.232107       0   0.248419    
    6.100   0.878110       0.213134       0.242719      -0.232107       0   0.242719    
    6.200   0.878186       0.208262       0.237150      -0.232107       0   0.237150    
    6.300   0.878256       0.203500       0.231709      -0.232107       0   0.231709    
    6.400   0.878320       0.198846       0.226393      -0.232107       0   0.226393    
    6.500   0.878379       0.194296       0.221199      -0.232107       0   0.221199    
    6.600   0.878432       0.189850       0.216124      -0.232107       0   0.216124    
    6.700   0.878482       0.185505       0.211165      -0.232107       0   0.211165    
    6.800   0.878527       0.181258       0.206320      -0.232107       0   0.206320    
    6.900   0.878568       0.177108       0.201587      -0.232107       0   0.201587    
    7.000   0.878606       0.173052       0.196962      -0.232107       0   0.196962    
    7.100   0.878641       0.169088       0.192443      -0.232107       0   0.192443    
    7.200   0.878673       0.165214       0.188027      -0.232107       0   0.188027    
    7.300   0.878702       0.161429       0.183713      -0.232107       0   0.183713    
    7.400   0.878729       0.157730       0.179498      -0.232107       0   0.179498    
    7.500   0.878754       0.154116       0.175380      -0.232107       0   0.175380    
    7.600   0.878776       0.150584       0.171356      -0.232107       0   0.171356    
    7.700   0.878797       0.147132       0.167425      -0.232107       0   0.167425    
    7.800   0.878816       0.143760       0.163583      -0.232107       0   0.163583    
    7.900   0.878834       0.140464       0.159830      -0.232107       0   0.159830    
    8.000   0.878850       0.137244       0.156163      -0.232107       0   0.156163    
    8.100   0.878865       0.134098       0.152580      -0.232107       0   0.152580    
    8.200   0.878879       0.131023       0.149080      -0.232107       0   0.149080    
    8.300   0.878891       0.128019       0.145659      -0.232107       0   0.145659    
    8.400   0.878903       0.125083       0.142317      -0.232107       0   0.142317    
    8.500   0.878913       0.122215       0.139052      -0.232107       0   0.139052    
    8.600   0.878923       0.119412       0.135862      -0.232107       0   0.135862    
    8.700   0.878932       0.116674       0.132745      -0.232107       0   0.132745    
    8.800   0.878940       0.113998       0.129699      -0.232107       0   0.129699    
    8.900   0.878948       0.111383       0.126723      -0.232107       0   0.126723    
    9.000   0.878955       0.108829       0.123816      -0.232107       0   0.123816    
    9.100   0.878961       0.106332       0.120975      -0.232107       0   0.120975    
    9.200   0.878967       0.103893       0.118199      -0.232107       0   0.118199    
    9.300   0.878973       0.101510       0.115488      -0.232107       0   0.115488    
    9.400   0.878978       0.991820E-01   0.112838      -0.232107       0   0.112838    
    9.500   0.878982       0.969070E-01   0.110249      -0.232107       0   0.110249    
    9.600   0.878987       0.946840E-01   0.107720      -0.232107       0   0.107720    
    9.700   0.878991       0.925121E-01   0.105248      -0.232107       0   0.105248    
    9.800   0.878994       0.903899E-01   0.102833      -0.232107       0   0.102833    
    9.900   0.878998       0.883164E-01   0.100474      -0.232107       0   0.100474    
   10.000   0.879001       0.862904E-01   0.981688E-01  -0.232107       0   0.981688E-01
   10.100   0.879003       0.843109E-01   0.959165E-01  -0.232107       0   0.959165E-01
   10.200   0.879006       0.823768E-01   0.937158E-01  -0.232107       0   0.937158E-01
   10.300   0.879008       0.804870E-01   0.915657E-01  -0.232107       0   0.915657E-01
   10.400   0.879011       0.786406E-01   0.894648E-01  -0.232107       0   0.894649E-01
   10.500   0.879013       0.768365E-01   0.874122E-01  -0.232107       0   0.874122E-01
   10.600   0.879015       0.750737E-01   0.854067E-01  -0.232107       0   0.854067E-01
   10.700   0.879016       0.733514E-01   0.834472E-01  -0.232107       0   0.834472E-01
   10.800   0.879018       0.716686E-01   0.815326E-01  -0.232107       0   0.815326E-01
   10.900   0.879019       0.700244E-01   0.796620E-01  -0.232107       0   0.796620E-01
   11.000   0.879021       0.684179E-01   0.778343E-01  -0.232107       0   0.778343E-01
   11.100   0.879022       0.668483E-01   0.760485E-01  -0.232107       0   0.760485E-01
   11.200   0.879023       0.653147E-01   0.743037E-01  -0.232107       0   0.743037E-01
   11.300   0.879024       0.638162E-01   0.725989E-01  -0.232107       0   0.725989E-01
   11.400   0.879025       0.623521E-01   0.709332E-01  -0.232107       0   0.709332E-01
   11.500   0.879026       0.609216E-01   0.693058E-01  -0.232107       0   0.693058E-01
   11.600   0.879027       0.595239E-01   0.677157E-01  -0.232107       0   0.677157E-01
   11.700   0.879028       0.581583E-01   0.661621E-01  -0.232107       0   0.661621E-01
   11.800   0.879029       0.568240E-01   0.646441E-01  -0.232107       0   0.646441E-01
   11.900   0.879029       0.555203E-01   0.631609E-01  -0.232107       0   0.631609E-01
   12.000   0.879030       0.542465E-01   0.617118E-01  -0.232107       0   0.617118E-01
   12.100   0.879030       0.530020E-01   0.602959E-01  -0.232107       0   0.602959E-01
   12.200   0.879031       0.517859E-01   0.589125E-01  -0.232107       0   0.589125E-01
   12.300   0.879031       0.505978E-01   0.575609E-01  -0.232107       0   0.575609E-01
   12.400   0.879032       0.494370E-01   0.562402E-01  -0.232107       0   0.562402E-01
   12.500   0.879032       0.483027E-01   0.549499E-01  -0.232107       0   0.549499E-01
   12.600   0.879033       0.471945E-01   0.536892E-01  -0.232107       0   0.536892E-01
   12.700   0.879033       0.461117E-01   0.524573E-01  -0.232107       0   0.524573E-01
   12.800   0.879033       0.450538E-01   0.512538E-01  -0.232107       0   0.512538E-01
   12.900   0.879034       0.440201E-01   0.500779E-01  -0.232107       0   0.500779E-01
   13.000   0.879034       0.430102E-01   0.489289E-01  -0.232107       0   0.489289E-01
   13.100   0.879034       0.420234E-01   0.478063E-01  -0.232107       0   0.478063E-01
   13.200   0.879034       0.410592E-01   0.467095E-01  -0.232107       0   0.467095E-01
   13.300   0.879035       0.401172E-01   0.456378E-01  -0.232107       0   0.456378E-01
   13.400   0.879035       0.391968E-01   0.445907E-01  -0.232107       0   0.445907E-01
   13.500   0.879035       0.382975E-01   0.435677E-01  -0.232107       0   0.435677E-01
   13.600   0.879035       0.374188E-01   0.425681E-01  -0.232107       0   0.425681E-01
   13.700   0.879035       0.365603E-01   0.415914E-01  -0.232107       0   0.415914E-01
   13.800   0.879036       0.357215E-01   0.406372E-01  -0.232107       0   0.406372E-01
   13.900   0.879036       0.349019E-01   0.397048E-01  -0.232107       0   0.397048E-01
   14.000   0.879036       0.341012E-01   0.387939E-01  -0.232107       0   0.387939E-01
   14.100   0.879036       0.333188E-01   0.379038E-01  -0.232107       0   0.379038E-01
   14.200   0.879036       0.325544E-01   0.370341E-01  -0.232107       0   0.370341E-01
   14.300   0.879036       0.318074E-01   0.361845E-01  -0.232107       0   0.361845E-01
   14.400   0.879036       0.310777E-01   0.353543E-01  -0.232107       0   0.353543E-01
   14.500   0.879036       0.303647E-01   0.345431E-01  -0.232107       0   0.345431E-01
   14.600   0.879036       0.296680E-01   0.337506E-01  -0.232107       0   0.337506E-01
   14.700   0.879037       0.289873E-01   0.329762E-01  -0.232107       0   0.329762E-01
   14.800   0.879037       0.283222E-01   0.322196E-01  -0.232107       0   0.322196E-01
   14.900   0.879037       0.276724E-01   0.314804E-01  -0.232107       0   0.314804E-01
   15.000   0.879037       0.270375E-01   0.307582E-01  -0.232107       0   0.307582E-01
   15.100   0.879037       0.264172E-01   0.300525E-01  -0.232107       0   0.300525E-01
   15.200   0.879037       0.258111E-01   0.293630E-01  -0.232107       0   0.293630E-01
   15.300   0.879037       0.252189E-01   0.286893E-01  -0.232107       0   0.286893E-01
   15.400   0.879037       0.246403E-01   0.280310E-01  -0.232107       0   0.280310E-01
   15.500   0.879037       0.240750E-01   0.273879E-01  -0.232107       0   0.273879E-01
   15.600   0.879037       0.235226E-01   0.267595E-01  -0.232107       0   0.267595E-01
   15.700   0.879037       0.229829E-01   0.261456E-01  -0.232107       0   0.261456E-01
   15.800   0.879037       0.224556E-01   0.255457E-01  -0.232107       0   0.255457E-01
   15.900   0.879037       0.219404E-01   0.249596E-01  -0.232107       0   0.249596E-01
   16.000   0.879037       0.214370E-01   0.243870E-01  -0.232107       0   0.243870E-01
   16.100   0.879037       0.209452E-01   0.238274E-01  -0.232107       0   0.238274E-01
   16.200   0.879037       0.204646E-01   0.232808E-01  -0.232107       0   0.232808E-01
   16.300   0.879037       0.199951E-01   0.227466E-01  -0.232107       0   0.227466E-01
   16.400   0.879037       0.195364E-01   0.222247E-01  -0.232107       0   0.222247E-01
   16.500   0.879037       0.190881E-01   0.217148E-01  -0.232107       0   0.217148E-01
   16.600   0.879037       0.186502E-01   0.212166E-01  -0.232107       0   0.212166E-01
   16.700   0.879037       0.182223E-01   0.207298E-01  -0.232107       0   0.207298E-01
   16.800   0.879037       0.178042E-01   0.202542E-01  -0.232107       0   0.202542E-01
   16.900   0.879037       0.173957E-01   0.197895E-01  -0.232107       0   0.197895E-01
   17.000   0.879037       0.169966E-01   0.193355E-01  -0.232107       0   0.193355E-01
   17.100   0.879037       0.166066E-01   0.188919E-01  -0.232107       0   0.188919E-01
   17.200   0.879037       0.162256E-01   0.184584E-01  -0.232107       0   0.184584E-01
   17.300   0.879037       0.158534E-01   0.180349E-01  -0.232107       0   0.180349E-01
   17.400   0.879037       0.154896E-01   0.176211E-01  -0.232107       0   0.176211E-01
   17.500   0.879037       0.151343E-01   0.172168E-01  -0.232107       0   0.172168E-01
   17.600   0.879037       0.147870E-01   0.168218E-01  -0.232107       0   0.168218E-01
   17.700   0.879037       0.144478E-01   0.164359E-01  -0.232107       0   0.164359E-01
   17.800   0.879037       0.141163E-01   0.160588E-01  -0.232107       0   0.160588E-01
   17.900   0.879037       0.137924E-01   0.156903E-01  -0.232107       0   0.156903E-01
   18.000   0.879037       0.134760E-01   0.153304E-01  -0.232107       0   0.153304E-01
   18.100   0.879037       0.131668E-01   0.149786E-01  -0.232107       0   0.149786E-01
   18.200   0.879037       0.128647E-01   0.146350E-01  -0.232107       0   0.146350E-01
   18.300   0.879037       0.125695E-01   0.142992E-01  -0.232107       0   0.142992E-01
   18.400   0.879037       0.122811E-01   0.139711E-01  -0.232107       0   0.139711E-01
   18.500   0.879037       0.119994E-01   0.136506E-01  -0.232107       0   0.136506E-01
   18.600   0.879037       0.117241E-01   0.133374E-01  -0.232107       0   0.133374E-01
   18.700   0.879037       0.114551E-01   0.130314E-01  -0.232107       0   0.130314E-01
   18.800   0.879037       0.111923E-01   0.127324E-01  -0.232107       0   0.127324E-01
   18.900   0.879037       0.109355E-01   0.124403E-01  -0.232107       0   0.124403E-01
   19.000   0.879037       0.106846E-01   0.121549E-01  -0.232107       0   0.121549E-01
   19.100   0.879037       0.104394E-01   0.118760E-01  -0.232107       0   0.118760E-01
   19.200   0.879037       0.101999E-01   0.116035E-01  -0.232107       0   0.116035E-01
   19.300   0.879037       0.996589E-02   0.113373E-01  -0.232107       0   0.113373E-01
   19.400   0.879037       0.973724E-02   0.110772E-01  -0.232107       0   0.110772E-01
   19.500   0.879037       0.951384E-02   0.108230E-01  -0.232107       0   0.108230E-01
   19.600   0.879037       0.929556E-02   0.105747E-01  -0.232107       0   0.105747E-01
   19.700   0.879037       0.908229E-02   0.103321E-01  -0.232107       0   0.103321E-01
   19.800   0.879037       0.887391E-02   0.100950E-01  -0.232107       0   0.100950E-01
   19.900   0.879037       0.867031E-02   0.986341E-02  -0.232107       0   0.986341E-02
 &
# For Channel #  2: l = 2, j =  1.5, c#  1;  k,eta =   0.23211   0.00000
    0.900   0.217322E-02   0.148329        68.2530       -2.23819       0   0.811480    
    1.000   0.300843E-02   0.166041        55.1919       -2.01770       0   0.792862    
    1.100   0.391125E-02   0.178074        45.5286       -1.83760       0   0.774671    
    1.200   0.484736E-02   0.185068        38.1792       -1.68779       0   0.756897    
    1.300   0.579002E-02   0.187944        32.4600       -1.56127       0   0.739531    
    1.400   0.672020E-02   0.187644        27.9223       -1.45306       0   0.722564    
    1.500   0.762545E-02   0.185008        24.2620       -1.35949       0   0.705986    
    1.600   0.849829E-02   0.180729        21.2665       -1.27780       0   0.689788    
    1.700   0.933472E-02   0.175346        18.7843       -1.20590       0   0.673962    
    1.800   0.101330E-01   0.169268        16.7046       -1.14216       0   0.658499    
    1.900   0.108930E-01   0.162793        14.9448       -1.08528       0   0.643391    
    2.000   0.116150E-01   0.156137        13.4426       -1.03424       0   0.628629    
    2.100   0.123003E-01   0.149452        12.1502      -0.988186       0   0.614207    
    2.200   0.129501E-01   0.142844        11.0304      -0.946449       0   0.600115    
    2.300   0.135657E-01   0.136385        10.0536      -0.908459       0   0.586346    
    2.400   0.141485E-01   0.130120        9.19675      -0.873747       0   0.572893    
    2.500   0.146998E-01   0.124080        8.44090      -0.841917       0   0.559749    
    2.600   0.152210E-01   0.118281        7.77086      -0.812635       0   0.546907    
    2.700   0.157135E-01   0.112731        7.17417      -0.785615       0   0.534359    
    2.800   0.161783E-01   0.107433        6.64053      -0.760614       0   0.522099    
    2.900   0.166169E-01   0.102383        6.16140      -0.737421       0   0.510120    
    3.000   0.170303E-01   0.975772E-01    5.72964      -0.715854       0   0.498416    
    3.100   0.174197E-01   0.930080E-01    5.33924      -0.695753       0   0.486981    
    3.200   0.177863E-01   0.886670E-01    4.98512      -0.676980       0   0.475808    
    3.300   0.181312E-01   0.845449E-01    4.66295      -0.659413       0   0.464891    
    3.400   0.184555E-01   0.806323E-01    4.36902      -0.642944       0   0.454225    
    3.500   0.187601E-01   0.769195E-01    4.10016      -0.627478       0   0.443804    
    3.600   0.190462E-01   0.733967E-01    3.85362      -0.612929       0   0.433621    
    3.700   0.193147E-01   0.700547E-01    3.62702      -0.599223       0   0.423672    
    3.800   0.195665E-01   0.668840E-01    3.41830      -0.586292       0   0.413952    
    3.900   0.198026E-01   0.638758E-01    3.22563      -0.574074       0   0.404454    
    4.000   0.200238E-01   0.610214E-01    3.04745      -0.562517       0   0.395175    
    4.100   0.202310E-01   0.583127E-01    2.88235      -0.551569       0   0.386108    
    4.200   0.204249E-01   0.557417E-01    2.72910      -0.541188       0   0.377250    
    4.300   0.206065E-01   0.533010E-01    2.58662      -0.531331       0   0.368594    
    4.400   0.207763E-01   0.509835E-01    2.45393      -0.521964       0   0.360137    
    4.500   0.209351E-01   0.487824E-01    2.33017      -0.513052       0   0.351875    
    4.600   0.210835E-01   0.466913E-01    2.21459      -0.504565       0   0.343802    
    4.700   0.212223E-01   0.447042E-01    2.10648      -0.496474       0   0.335914    
    4.800   0.213519E-01   0.428154E-01    2.00523      -0.488756       0   0.328207    
    4.900   0.214729E-01   0.410194E-01    1.91029      -0.481385       0   0.320676    
    5.000   0.215859E-01   0.393113E-01    1.82115      -0.474341       0   0.313319    
    5.100   0.216915E-01   0.376862E-01    1.73737      -0.467604       0   0.306130    
    5.200   0.217899E-01   0.361395E-01    1.65854      -0.461156       0   0.299107    
    5.300   0.218818E-01   0.346671E-01    1.58429      -0.454978       0   0.292244    
    5.400   0.219675E-01   0.332648E-01    1.51427      -0.449057       0   0.285539    
    5.500   0.220475E-01   0.319290E-01    1.44819      -0.443377       0   0.278988    
    5.600   0.221220E-01   0.306559E-01    1.38577      -0.437925       0   0.272587    
    5.700   0.221915E-01   0.294423E-01    1.32674      -0.432689       0   0.266333    
    5.800   0.222563E-01   0.282851E-01    1.27088      -0.427656       0   0.260222    
    5.900   0.223167E-01   0.271811E-01    1.21797      -0.422817       0   0.254252    
    6.000   0.223730E-01   0.261276E-01    1.16782      -0.418160       0   0.248419    
    6.100   0.224254E-01   0.251220E-01    1.12025      -0.413677       0   0.242719    
    6.200   0.224743E-01   0.241617E-01    1.07508      -0.409359       0   0.237150    
    6.300   0.225198E-01   0.232444E-01    1.03218      -0.405198       0   0.231709    
    6.400   0.225622E-01   0.223679E-01   0.991390      -0.401185       0   0.226393    
    6.500   0.226017E-01   0.215301E-01   0.952590      -0.397314       0   0.221199    
    6.600   0.226384E-01   0.207290E-01   0.915656      -0.393577       0   0.216124    
    6.700   0.226726E-01   0.199628E-01   0.880478      -0.389969       0   0.211165    
    6.800   0.227045E-01   0.192296E-01   0.846951      -0.386484       0   0.206320    
    6.900   0.227342E-01   0.185279E-01   0.814980      -0.383115       0   0.201587    
    7.000   0.227618E-01   0.178561E-01   0.784476      -0.379858       0   0.196962    
    7.100   0.227875E-01   0.172127E-01   0.755356      -0.376707       0   0.192443    
    7.200   0.228114E-01   0.165963E-01   0.727542      -0.373659       0   0.188027    
    7.300   0.228337E-01   0.160055E-01   0.700962      -0.370707       0   0.183713    
    7.400   0.228544E-01   0.154393E-01   0.675550      -0.367849       0   0.179498    
    7.500   0.228737E-01   0.148963E-01   0.651242      -0.365080       0   0.175380    
    7.600   0.228916E-01   0.143755E-01   0.627980      -0.362396       0   0.171356    
    7.700   0.229083E-01   0.138758E-01   0.605709      -0.359795       0   0.167425    
    7.800   0.229238E-01   0.133962E-01   0.584377      -0.357272       0   0.163583    
    7.900   0.229383E-01   0.129357E-01   0.563937      -0.354824       0   0.159830    
    8.000   0.229517E-01   0.124936E-01   0.544343      -0.352448       0   0.156163    
    8.100   0.229642E-01   0.120689E-01   0.525553      -0.350142       0   0.152580    
    8.200   0.229758E-01   0.116608E-01   0.507526      -0.347903       0   0.149080    
    8.300   0.229866E-01   0.112687E-01   0.490227      -0.345727       0   0.145659    
    8.400   0.229967E-01   0.108916E-01   0.473618      -0.343613       0   0.142317    
    8.500   0.230060E-01   0.105291E-01   0.457668      -0.341559       0   0.139052    
    8.600   0.230147E-01   0.101804E-01   0.442344      -0.339562       0   0.135862    
    8.700   0.230228E-01   0.984496E-02   0.427617      -0.337619       0   0.132745    
    8.800   0.230303E-01   0.952213E-02   0.413460      -0.335729       0   0.129699    
    8.900   0.230373E-01   0.921140E-02   0.399847      -0.333891       0   0.126723    
    9.000   0.230438E-01   0.891223E-02   0.386751      -0.332101       0   0.123816    
    9.100   0.230499E-01   0.862414E-02   0.374151      -0.330359       0   0.120975    
    9.200   0.230555E-01   0.834663E-02   0.362023      -0.328662       0   0.118199    
    9.300   0.230607E-01   0.807927E-02   0.350348      -0.327010       0   0.115488    
    9.400   0.230656E-01   0.782162E-02   0.339104      -0.325400       0   0.112838    
    9.500   0.230701E-01   0.757328E-02   0.328273      -0.323831       0   0.110249    
    9.600   0.230743E-01   0.733386E-02   0.317837      -0.322301       0   0.107720    
    9.700   0.230782E-01   0.710299E-02   0.307779      -0.320810       0   0.105248    
    9.800   0.230818E-01   0.688032E-02   0.298084      -0.319356       0   0.102833    
    9.900   0.230852E-01   0.666552E-02   0.288735      -0.317938       0   0.100474    
   10.000   0.230884E-01   0.645825E-02   0.279719      -0.316554       0   0.981688E-01
   10.100   0.230913E-01   0.625823E-02   0.271022      -0.315204       0   0.959165E-01
   10.200   0.230940E-01   0.606516E-02   0.262629      -0.313887       0   0.937158E-01
   10.300   0.230965E-01   0.587876E-02   0.254530      -0.312600       0   0.915657E-01
   10.400   0.230988E-01   0.569877E-02   0.246712      -0.311344       0   0.894649E-01
   10.500   0.231010E-01   0.552494E-02   0.239164      -0.310118       0   0.874122E-01
   10.600   0.231030E-01   0.535702E-02   0.231875      -0.308919       0   0.854067E-01
   10.700   0.231049E-01   0.519479E-02   0.224835      -0.307749       0   0.834472E-01
   10.800   0.231067E-01   0.503803E-02   0.218033      -0.306605       0   0.815326E-01
   10.900   0.231083E-01   0.488652E-02   0.211462      -0.305487       0   0.796620E-01
   11.000   0.231098E-01   0.474007E-02   0.205111      -0.304394       0   0.778343E-01
   11.100   0.231112E-01   0.459848E-02   0.198972      -0.303326       0   0.760485E-01
   11.200   0.231125E-01   0.446158E-02   0.193037      -0.302281       0   0.743037E-01
   11.300   0.231137E-01   0.432918E-02   0.187299      -0.301260       0   0.725989E-01
   11.400   0.231149E-01   0.420112E-02   0.181750      -0.300260       0   0.709332E-01
   11.500   0.231159E-01   0.407724E-02   0.176382      -0.299282       0   0.693058E-01
   11.600   0.231169E-01   0.395738E-02   0.171190      -0.298326       0   0.677157E-01
   11.700   0.231178E-01   0.384140E-02   0.166166      -0.297389       0   0.661621E-01
   11.800   0.231186E-01   0.372915E-02   0.161305      -0.296473       0   0.646441E-01
   11.900   0.231194E-01   0.362050E-02   0.156600      -0.295575       0   0.631609E-01
   12.000   0.231201E-01   0.351531E-02   0.152045      -0.294697       0   0.617118E-01
   12.100   0.231208E-01   0.341348E-02   0.147636      -0.293836       0   0.602959E-01
   12.200   0.231215E-01   0.331487E-02   0.143368      -0.292993       0   0.589125E-01
   12.300   0.231220E-01   0.321937E-02   0.139234      -0.292168       0   0.575609E-01
   12.400   0.231226E-01   0.312687E-02   0.135230      -0.291359       0   0.562402E-01
   12.500   0.231231E-01   0.303727E-02   0.131352      -0.290567       0   0.549499E-01
   12.600   0.231236E-01   0.295046E-02   0.127595      -0.289790       0   0.536892E-01
   12.700   0.231240E-01   0.286635E-02   0.123956      -0.289029       0   0.524573E-01
   12.800   0.231244E-01   0.278484E-02   0.120429      -0.288283       0   0.512538E-01
   12.900   0.231248E-01   0.270585E-02   0.117011      -0.287551       0   0.500779E-01
   13.000   0.231251E-01   0.262928E-02   0.113698      -0.286834       0   0.489289E-01
   13.100   0.231254E-01   0.255506E-02   0.110487      -0.286131       0   0.478063E-01
   13.200   0.231257E-01   0.248311E-02   0.107374      -0.285441       0   0.467095E-01
   13.300   0.231260E-01   0.241334E-02   0.104356      -0.284764       0   0.456378E-01
   13.400   0.231263E-01   0.234569E-02   0.101430      -0.284100       0   0.445907E-01
   13.500   0.231265E-01   0.228009E-02   0.985919E-01  -0.283449       0   0.435677E-01
   13.600   0.231268E-01   0.221646E-02   0.958397E-01  -0.282810       0   0.425681E-01
   13.700   0.231270E-01   0.215474E-02   0.931701E-01  -0.282183       0   0.415914E-01
   13.800   0.231272E-01   0.209487E-02   0.905806E-01  -0.281567       0   0.406372E-01
   13.900   0.231273E-01   0.203679E-02   0.880684E-01  -0.280963       0   0.397048E-01
   14.000   0.231275E-01   0.198043E-02   0.856309E-01  -0.280369       0   0.387939E-01
   14.100   0.231277E-01   0.192575E-02   0.832659E-01  -0.279787       0   0.379038E-01
   14.200   0.231278E-01   0.187268E-02   0.809708E-01  -0.279215       0   0.370341E-01
   14.300   0.231279E-01   0.182118E-02   0.787435E-01  -0.278653       0   0.361845E-01
   14.400   0.231281E-01   0.177119E-02   0.765817E-01  -0.278101       0   0.353543E-01
   14.500   0.231282E-01   0.172266E-02   0.744833E-01  -0.277559       0   0.345431E-01
   14.600   0.231283E-01   0.167556E-02   0.724463E-01  -0.277027       0   0.337506E-01
   14.700   0.231284E-01   0.162983E-02   0.704688E-01  -0.276504       0   0.329762E-01
   14.800   0.231285E-01   0.158543E-02   0.685487E-01  -0.275990       0   0.322196E-01
   14.900   0.231286E-01   0.154232E-02   0.666844E-01  -0.275485       0   0.314804E-01
   15.000   0.231287E-01   0.150045E-02   0.648740E-01  -0.274988       0   0.307582E-01
   15.100   0.231287E-01   0.145979E-02   0.631159E-01  -0.274500       0   0.300525E-01
   15.200   0.231288E-01   0.142030E-02   0.614084E-01  -0.274020       0   0.293630E-01
   15.300   0.231289E-01   0.138195E-02   0.597500E-01  -0.273549       0   0.286893E-01
   15.400   0.231289E-01   0.134469E-02   0.581390E-01  -0.273085       0   0.280310E-01
   15.500   0.231290E-01   0.130850E-02   0.565741E-01  -0.272629       0   0.273879E-01
   15.600   0.231290E-01   0.127334E-02   0.550538E-01  -0.272181       0   0.267595E-01
   15.700   0.231291E-01   0.123918E-02   0.535768E-01  -0.271740       0   0.261456E-01
   15.800   0.231291E-01   0.120599E-02   0.521416E-01  -0.271306       0   0.255457E-01
   15.900   0.231292E-01   0.117374E-02   0.507471E-01  -0.270880       0   0.249596E-01
   16.000   0.231292E-01   0.114240E-02   0.493919E-01  -0.270460       0   0.243870E-01
   16.100   0.231292E-01   0.111194E-02   0.480750E-01  -0.270047       0   0.238274E-01
   16.200   0.231293E-01   0.108233E-02   0.467950E-01  -0.269641       0   0.232808E-01
   16.300   0.231293E-01   0.105356E-02   0.455510E-01  -0.269241       0   0.227466E-01
   16.400   0.231293E-01   0.102560E-02   0.443418E-01  -0.268848       0   0.222247E-01
   16.500   0.231294E-01   0.998412E-03   0.431664E-01  -0.268461       0   0.217148E-01
   16.600   0.231294E-01   0.971984E-03   0.420238E-01  -0.268080       0   0.212166E-01
   16.700   0.231294E-01   0.946292E-03   0.409130E-01  -0.267705       0   0.207298E-01
   16.800   0.231294E-01   0.921314E-03   0.398330E-01  -0.267336       0   0.202542E-01
   16.900   0.231294E-01   0.897027E-03   0.387829E-01  -0.266972       0   0.197895E-01
   17.000   0.231295E-01   0.873412E-03   0.377619E-01  -0.266614       0   0.193355E-01
   17.100   0.231295E-01   0.850449E-03   0.367691E-01  -0.266262       0   0.188919E-01
   17.200   0.231295E-01   0.828119E-03   0.358036E-01  -0.265915       0   0.184584E-01
   17.300   0.231295E-01   0.806402E-03   0.348647E-01  -0.265573       0   0.180349E-01
   17.400   0.231295E-01   0.785282E-03   0.339515E-01  -0.265236       0   0.176211E-01
   17.500   0.231295E-01   0.764740E-03   0.330634E-01  -0.264904       0   0.172168E-01
   17.600   0.231295E-01   0.744761E-03   0.321995E-01  -0.264578       0   0.168218E-01
   17.700   0.231296E-01   0.725326E-03   0.313593E-01  -0.264256       0   0.164359E-01
   17.800   0.231296E-01   0.706422E-03   0.305419E-01  -0.263939       0   0.160588E-01
   17.900   0.231296E-01   0.688031E-03   0.297468E-01  -0.263627       0   0.156903E-01
   18.000   0.231296E-01   0.670141E-03   0.289733E-01  -0.263319       0   0.153304E-01
   18.100   0.231296E-01   0.652735E-03   0.282208E-01  -0.263016       0   0.149786E-01
   18.200   0.231296E-01   0.635800E-03   0.274886E-01  -0.262717       0   0.146350E-01
   18.300   0.231296E-01   0.619324E-03   0.267762E-01  -0.262422       0   0.142992E-01
   18.400   0.231296E-01   0.603292E-03   0.260831E-01  -0.262132       0   0.139711E-01
   18.500   0.231296E-01   0.587691E-03   0.254086E-01  -0.261846       0   0.136506E-01
   18.600   0.231296E-01   0.572511E-03   0.247523E-01  -0.261564       0   0.133374E-01
   18.700   0.231296E-01   0.557738E-03   0.241136E-01  -0.261285       0   0.130314E-01
   18.800   0.231296E-01   0.543361E-03   0.234920E-01  -0.261011       0   0.127324E-01
   18.900   0.231296E-01   0.529370E-03   0.228871E-01  -0.260741       0   0.124403E-01
   19.000   0.231296E-01   0.515752E-03   0.222984E-01  -0.260474       0   0.121549E-01
   19.100   0.231296E-01   0.502498E-03   0.217253E-01  -0.260211       0   0.118760E-01
   19.200   0.231296E-01   0.489598E-03   0.211676E-01  -0.259952       0   0.116035E-01
   19.300   0.231296E-01   0.477041E-03   0.206247E-01  -0.259696       0   0.113373E-01
   19.400   0.231296E-01   0.464817E-03   0.200962E-01  -0.259444       0   0.110772E-01
   19.500   0.231296E-01   0.452919E-03   0.195818E-01  -0.259196       0   0.108230E-01
   19.600   0.231296E-01   0.441336E-03   0.190810E-01  -0.258950       0   0.105747E-01
   19.700   0.231296E-01   0.430059E-03   0.185934E-01  -0.258708       0   0.103321E-01
   19.800   0.231296E-01   0.419081E-03   0.181188E-01  -0.258469       0   0.100950E-01
   19.900   0.231296E-01   0.408392E-03   0.176567E-01  -0.258234       0   0.986341E-02
 &
   19.900   -10.0505      -0.372912E-04   0.371037E-05  -0.628361       0   0.371037E-05
