# 361 angles,  3 tensor ranks for 0=projectile
@subtitle   "9Be(6Li,d)13C"                                                                 
@legend ON
@legend x1 0.2
@legend y1 0.8
@g0 type LOGY
@yaxis ticklabel format power
@xaxis label "Scattering angle (degrees)"
@yaxis label "Cross section (mb/sr)"
@legend string   0 "Partition=  1 Excit=  1 near/far= 1"
#legend string   0 "Lab energy =   32.0000"
@s0 linestyle   1
#  Theta       sigma       iT11        T20         T21         T22         Kyy for projectile
  0.1000E-01   1.000      0.2000E-15  0.2231E-13 -0.2398E-17 -0.9089E-19
  0.5000       1.004      0.2983E-10  0.5114E-10 -0.2756E-12 -0.5240E-12
   1.000       1.013      0.3659E-09 -0.3308E-10  0.3656E-12  0.1371E-11
   1.500       1.005      0.7809E-09 -0.3427E-09  0.5948E-11  0.3454E-10
   2.000      0.9758      0.6528E-09 -0.7230E-09  0.1794E-10  0.1421E-09
   2.500      0.9298     -0.5824E-09 -0.1015E-08  0.3491E-10  0.3559E-09
   3.000      0.8728     -0.3241E-08 -0.1107E-08  0.5325E-10  0.6761E-09
   3.500      0.8116     -0.7271E-08 -0.9514E-09  0.6790E-10  0.1055E-08
   4.000      0.7521     -0.1216E-07 -0.5832E-09  0.7344E-10  0.1386E-08
   4.500      0.6993     -0.1690E-07 -0.1305E-09  0.6573E-10  0.1511E-08
   5.000      0.6567     -0.2019E-07  0.1997E-09  0.4409E-10  0.1253E-08
   5.500      0.6270     -0.2074E-07  0.1759E-09  0.1308E-10  0.4872E-09
   6.000      0.6112     -0.1786E-07 -0.3652E-09 -0.1746E-10 -0.7795E-09
   6.500      0.6098     -0.1184E-07 -0.1429E-08 -0.3514E-10 -0.2367E-08
   7.000      0.6218     -0.3913E-08 -0.2836E-08 -0.2954E-10 -0.3955E-08
   7.500      0.6459      0.4171E-08 -0.4276E-08  0.3847E-11 -0.5179E-08
   8.000      0.6796      0.1080E-07 -0.5417E-08  0.6256E-10 -0.5744E-08
   8.500      0.7206      0.1491E-07 -0.5993E-08  0.1387E-09 -0.5483E-08
   9.000      0.7656      0.1617E-07 -0.5850E-08  0.2217E-09 -0.4365E-08
   9.500      0.8117      0.1482E-07 -0.4949E-08  0.3006E-09 -0.2469E-08
   10.00      0.8558      0.1150E-07 -0.3344E-08  0.3658E-09  0.5347E-10
   10.50      0.8949      0.7072E-08 -0.1153E-08  0.4095E-09  0.3007E-08
   11.00      0.9265      0.2467E-08  0.1462E-08  0.4259E-09  0.6173E-08
   11.50      0.9484     -0.1412E-08  0.4311E-08  0.4115E-09  0.9324E-08
   12.00      0.9587     -0.3753E-08  0.7189E-08  0.3644E-09  0.1223E-07
   12.50      0.9566     -0.3878E-08  0.9884E-08  0.2851E-09  0.1468E-07
   13.00      0.9413     -0.1272E-08  0.1218E-07  0.1756E-09  0.1644E-07
   13.50      0.9130      0.4386E-08  0.1389E-07  0.3990E-10  0.1734E-07
   14.00      0.8723      0.1320E-07  0.1480E-07 -0.1161E-09  0.1719E-07
   14.50      0.8206      0.2502E-07  0.1476E-07 -0.2845E-09  0.1587E-07
   15.00      0.7596      0.3942E-07  0.1363E-07 -0.4556E-09  0.1329E-07
   15.50      0.6913      0.5561E-07  0.1132E-07 -0.6175E-09  0.9412E-08
   16.00      0.6183      0.7237E-07  0.7829E-08 -0.7562E-09  0.4314E-08
   16.50      0.5433      0.8793E-07  0.3239E-08 -0.8558E-09 -0.1811E-08
   17.00      0.4688      0.9978E-07 -0.2205E-08 -0.8992E-09 -0.8583E-08
   17.50      0.3977      0.1044E-06 -0.8027E-08 -0.8691E-09 -0.1534E-07
   18.00      0.3325      0.9715E-07 -0.1340E-07 -0.7529E-09 -0.2105E-07
   18.50      0.2753      0.7224E-07 -0.1705E-07 -0.5504E-09 -0.2417E-07
   19.00      0.2282      0.2417E-07 -0.1722E-07 -0.2908E-09 -0.2278E-07
   19.50      0.1927     -0.4850E-07 -0.1217E-07 -0.5370E-10 -0.1521E-07
   20.00      0.1697     -0.1364E-06 -0.1541E-08  0.2921E-10 -0.1727E-08
   20.50      0.1596     -0.2159E-06  0.1189E-07 -0.1645E-09  0.1368E-07
   21.00      0.1626     -0.2599E-06  0.2255E-07 -0.6318E-09  0.2432E-07
   21.50      0.1779     -0.2578E-06  0.2581E-07 -0.1213E-08  0.2546E-07
   22.00      0.2046     -0.2211E-06  0.2110E-07 -0.1711E-08  0.1738E-07
   22.50      0.2411     -0.1695E-06  0.1089E-07 -0.2012E-08  0.3622E-08
   23.00      0.2855     -0.1181E-06 -0.1784E-08 -0.2095E-08 -0.1206E-07
   23.50      0.3358     -0.7466E-07 -0.1461E-07 -0.1986E-08 -0.2703E-07
   24.00      0.3895     -0.4205E-07 -0.2615E-07 -0.1725E-08 -0.3978E-07
   24.50      0.4442     -0.2030E-07 -0.3557E-07 -0.1354E-08 -0.4951E-07
   25.00      0.4976     -0.8268E-08 -0.4242E-07 -0.9068E-09 -0.5585E-07
   25.50      0.5472     -0.4308E-08 -0.4648E-07 -0.4149E-09 -0.5866E-07
   26.00      0.5909     -0.6636E-08 -0.4764E-07  0.9415E-10 -0.5797E-07
   26.50      0.6269     -0.1344E-07 -0.4594E-07  0.5949E-09 -0.5387E-07
   27.00      0.6537     -0.2294E-07 -0.4146E-07  0.1064E-08 -0.4660E-07
   27.50      0.6701     -0.3339E-07 -0.3439E-07  0.1478E-08 -0.3643E-07
   28.00      0.6754     -0.4310E-07 -0.2499E-07  0.1817E-08 -0.2377E-07
   28.50      0.6695     -0.5042E-07 -0.1361E-07  0.2062E-08 -0.9080E-08
   29.00      0.6526     -0.5376E-07 -0.6894E-09  0.2194E-08  0.7072E-08
   29.50      0.6252     -0.5159E-07  0.1327E-07  0.2200E-08  0.2403E-07
   30.00      0.5885     -0.4241E-07  0.2767E-07  0.2066E-08  0.4104E-07
   30.50      0.5439     -0.2473E-07  0.4181E-07  0.1785E-08  0.5727E-07
   31.00      0.4930      0.2909E-08  0.5493E-07  0.1351E-08  0.7177E-07
   31.50      0.4377      0.4204E-07  0.6614E-07  0.7658E-09  0.8350E-07
   32.00      0.3801      0.9428E-07  0.7444E-07  0.3754E-10  0.9129E-07
   32.50      0.3224      0.1613E-06  0.7873E-07 -0.8146E-09  0.9386E-07
   33.00      0.2666      0.2447E-06  0.7774E-07 -0.1754E-08  0.8981E-07
   33.50      0.2147      0.3455E-06  0.7017E-07 -0.2711E-08  0.7775E-07
   34.00      0.1686      0.4619E-06  0.5493E-07 -0.3561E-08  0.5672E-07
   34.50      0.1299      0.5847E-06  0.3210E-07 -0.4076E-08  0.2745E-07
   35.00      0.9986E-01  0.6859E-06  0.5451E-08 -0.3895E-08 -0.4450E-08
   35.50      0.7961E-01  0.7073E-06 -0.1345E-07 -0.2625E-08 -0.2383E-07
   36.00      0.6977E-01  0.5806E-06 -0.6105E-08 -0.3665E-09 -0.8486E-08
   36.50      0.7064E-01  0.3193E-06  0.3388E-07  0.1746E-08  0.4621E-07
   37.00      0.8215E-01  0.4889E-07  0.8479E-07  0.2475E-08  0.1104E-06
   37.50      0.1039     -0.1308E-06  0.1211E-06  0.1811E-08  0.1530E-06
   38.00      0.1350     -0.2141E-06  0.1355E-06  0.4728E-09  0.1671E-06
   38.50      0.1746     -0.2348E-06  0.1322E-06 -0.9663E-09  0.1595E-06
   39.00      0.2212     -0.2224E-06  0.1173E-06 -0.2229E-08  0.1382E-06
   39.50      0.2734     -0.1953E-06  0.9535E-07 -0.3213E-08  0.1090E-06
   40.00      0.3294     -0.1631E-06  0.6940E-07 -0.3893E-08  0.7572E-07
   40.50      0.3876     -0.1310E-06  0.4168E-07 -0.4272E-08  0.4104E-07
   41.00      0.4460     -0.1014E-06  0.1383E-07 -0.4368E-08  0.6887E-08
   41.50      0.5030     -0.7525E-07 -0.1282E-07 -0.4203E-08 -0.2520E-07
   42.00      0.5568     -0.5295E-07 -0.3715E-07 -0.3804E-08 -0.5394E-07
   42.50      0.6058     -0.3434E-07 -0.5820E-07 -0.3202E-08 -0.7827E-07
   43.00      0.6487     -0.1902E-07 -0.7516E-07 -0.2433E-08 -0.9727E-07
   43.50      0.6843     -0.6489E-08 -0.8736E-07 -0.1536E-08 -0.1102E-06
   44.00      0.7117      0.3780E-08 -0.9429E-07 -0.5542E-09 -0.1166E-06
   44.50      0.7302      0.1230E-07 -0.9560E-07  0.4662E-09 -0.1161E-06
   45.00      0.7393      0.1951E-07 -0.9116E-07  0.1477E-08 -0.1087E-06
   45.50      0.7391      0.2572E-07 -0.8101E-07  0.2428E-08 -0.9444E-07
   46.00      0.7295      0.3108E-07 -0.6543E-07  0.3270E-08 -0.7382E-07
   46.50      0.7111      0.3554E-07 -0.4491E-07  0.3955E-08 -0.4749E-07
   47.00      0.6845      0.3884E-07 -0.2017E-07  0.4437E-08 -0.1642E-07
   47.50      0.6505      0.4048E-07  0.7853E-08  0.4676E-08  0.1819E-07
   48.00      0.6101      0.3972E-07  0.3799E-07  0.4635E-08  0.5487E-07
   48.50      0.5644      0.3556E-07  0.6888E-07  0.4287E-08  0.9194E-07
   49.00      0.5148      0.2676E-07  0.9896E-07  0.3612E-08  0.1275E-06
   49.50      0.4626      0.1184E-07  0.1265E-06  0.2602E-08  0.1594E-06
   50.00      0.4090     -0.1084E-07  0.1496E-06  0.1259E-08  0.1853E-06
   50.50      0.3554     -0.4308E-07  0.1661E-06 -0.3998E-09  0.2028E-06
   51.00      0.3030     -0.8668E-07  0.1739E-06 -0.2342E-08  0.2091E-06
   51.50      0.2530     -0.1432E-06  0.1704E-06 -0.4515E-08  0.2016E-06
   52.00      0.2064     -0.2134E-06  0.1533E-06 -0.6838E-08  0.1771E-06
   52.50      0.1643     -0.2962E-06  0.1198E-06 -0.9183E-08  0.1326E-06
   53.00      0.1272     -0.3861E-06  0.6744E-07 -0.1135E-07  0.6548E-07
   53.50      0.9591E-01 -0.4676E-06 -0.4560E-08 -0.1303E-07 -0.2486E-07
   54.00      0.7075E-01 -0.5037E-06 -0.9209E-07 -0.1366E-07 -0.1326E-06
   54.50      0.5198E-01 -0.4191E-06 -0.1772E-06 -0.1246E-07 -0.2348E-06
   55.00      0.3969E-01 -0.1027E-06 -0.2155E-06 -0.8776E-08 -0.2762E-06
   55.50      0.3379E-01  0.4808E-06 -0.1486E-06 -0.3467E-08 -0.1867E-06
   56.00      0.3404E-01  0.1104E-05  0.1522E-07  0.2058E-09  0.1892E-07
   56.50      0.4005E-01  0.1449E-05  0.1726E-06  0.2708E-10  0.2115E-06
   57.00      0.5133E-01  0.1475E-05  0.2510E-06 -0.2715E-08  0.3039E-06
   57.50      0.6730E-01  0.1319E-05  0.2554E-06 -0.5935E-08  0.3052E-06
   58.00      0.8728E-01  0.1098E-05  0.2148E-06 -0.8555E-08  0.2524E-06
   58.50      0.1105      0.8653E-06  0.1523E-06 -0.1026E-07  0.1739E-06
   59.00      0.1363      0.6447E-06  0.8164E-07 -0.1106E-07  0.8671E-07
   59.50      0.1639      0.4436E-06  0.1099E-07 -0.1103E-07  0.4637E-09
   60.00      0.1924      0.2645E-06 -0.5463E-07 -0.1031E-07 -0.7882E-07
   60.50      0.2212      0.1082E-06 -0.1119E-06 -0.9011E-08 -0.1472E-06
   61.00      0.2496     -0.2504E-07 -0.1584E-06 -0.7257E-08 -0.2021E-06
   61.50      0.2770     -0.1351E-06 -0.1927E-06 -0.5171E-08 -0.2416E-06
   62.00      0.3028     -0.2217E-06 -0.2136E-06 -0.2879E-08 -0.2647E-06
   62.50      0.3264     -0.2851E-06 -0.2208E-06 -0.5077E-09 -0.2710E-06
   63.00      0.3476     -0.3254E-06 -0.2144E-06  0.1820E-08 -0.2607E-06
   63.50      0.3660     -0.3432E-06 -0.1950E-06  0.3984E-08 -0.2348E-06
   64.00      0.3813     -0.3396E-06 -0.1638E-06  0.5871E-08 -0.1949E-06
   64.50      0.3935     -0.3159E-06 -0.1227E-06  0.7384E-08 -0.1433E-06
   65.00      0.4025     -0.2743E-06 -0.7389E-07  0.8439E-08 -0.8263E-07
   65.50      0.4083     -0.2172E-06 -0.1999E-07  0.8972E-08 -0.1630E-07
   66.00      0.4109     -0.1476E-06  0.3603E-07  0.8946E-08  0.5209E-07
   66.50      0.4105     -0.6910E-07  0.9098E-07  0.8349E-08  0.1187E-06
   67.00      0.4074      0.1438E-07  0.1416E-06  0.7200E-08  0.1796E-06
   67.50      0.4016      0.9859E-07  0.1848E-06  0.5546E-08  0.2310E-06
   68.00      0.3936      0.1790E-06  0.2177E-06  0.3466E-08  0.2694E-06
   68.50      0.3836      0.2512E-06  0.2378E-06  0.1066E-08  0.2921E-06
   69.00      0.3718      0.3106E-06  0.2431E-06 -0.1523E-08  0.2966E-06
   69.50      0.3586      0.3531E-06  0.2326E-06 -0.4151E-08  0.2818E-06
   70.00      0.3442      0.3753E-06  0.2059E-06 -0.6656E-08  0.2474E-06
   70.50      0.3290      0.3743E-06  0.1637E-06 -0.8872E-08  0.1943E-06
   71.00      0.3132      0.3485E-06  0.1077E-06 -0.1064E-07  0.1246E-06
   71.50      0.2970      0.2975E-06  0.4034E-07 -0.1180E-07  0.4151E-07
   72.00      0.2807      0.2224E-06 -0.3473E-07 -0.1225E-07 -0.5050E-07
   72.50      0.2645      0.1261E-06 -0.1132E-06 -0.1190E-07 -0.1462E-06
   73.00      0.2485      0.1295E-07 -0.1903E-06 -0.1070E-07 -0.2396E-06
   73.50      0.2329     -0.1107E-06 -0.2607E-06 -0.8664E-08 -0.3244E-06
   74.00      0.2178     -0.2372E-06 -0.3191E-06 -0.5849E-08 -0.3942E-06
   74.50      0.2033     -0.3577E-06 -0.3607E-06 -0.2374E-08 -0.4431E-06
   75.00      0.1894     -0.4627E-06 -0.3811E-06  0.1592E-08 -0.4659E-06
   75.50      0.1762     -0.5429E-06 -0.3767E-06  0.5834E-08 -0.4584E-06
   76.00      0.1637     -0.5898E-06 -0.3455E-06  0.1010E-07 -0.4181E-06
   76.50      0.1520     -0.5970E-06 -0.2866E-06  0.1409E-07 -0.3443E-06
   77.00      0.1411     -0.5607E-06 -0.2010E-06  0.1753E-07 -0.2381E-06
   77.50      0.1309     -0.4810E-06 -0.9154E-07  0.2011E-07 -0.1032E-06
   78.00      0.1216     -0.3624E-06  0.3720E-07  0.2154E-07  0.5472E-07
   78.50      0.1130     -0.2138E-06  0.1786E-06  0.2159E-07  0.2275E-06
   79.00      0.1051     -0.4918E-07  0.3240E-06  0.2008E-07  0.4046E-06
   79.50      0.9811E-01  0.1141E-06  0.4632E-06  0.1691E-07  0.5735E-06
   80.00      0.9187E-01  0.2565E-06  0.5846E-06  0.1210E-07  0.7203E-06
   80.50      0.8644E-01  0.3585E-06  0.6762E-06  0.5807E-08  0.8302E-06
   81.00      0.8182E-01  0.4043E-06  0.7264E-06 -0.1621E-08  0.8891E-06
   81.50      0.7803E-01  0.3850E-06  0.7255E-06 -0.9679E-08  0.8857E-06
   82.00      0.7511E-01  0.3017E-06  0.6681E-06 -0.1770E-07  0.8133E-06
   82.50      0.7306E-01  0.1673E-06  0.5541E-06 -0.2491E-07  0.6721E-06
   83.00      0.7191E-01  0.5993E-08  0.3907E-06 -0.3054E-07  0.4710E-06
   83.50      0.7169E-01 -0.1507E-06  0.1917E-06 -0.3394E-07  0.2270E-06
   84.00      0.7242E-01 -0.2698E-06 -0.2354E-07 -0.3471E-07 -0.3613E-07
   84.50      0.7411E-01 -0.3240E-06 -0.2329E-06 -0.3279E-07 -0.2916E-06
   85.00      0.7677E-01 -0.2974E-06 -0.4157E-06 -0.2843E-07 -0.5140E-06
   85.50      0.8042E-01 -0.1891E-06 -0.5551E-06 -0.2220E-07 -0.6834E-06
   86.00      0.8504E-01 -0.1218E-07 -0.6413E-06 -0.1484E-07 -0.7876E-06
   86.50      0.9063E-01  0.2098E-06 -0.6715E-06 -0.7140E-08 -0.8233E-06
   87.00      0.9717E-01  0.4477E-06 -0.6492E-06  0.1825E-09 -0.7951E-06
   87.50      0.1046      0.6718E-06 -0.5831E-06  0.6546E-08 -0.7135E-06
   88.00      0.1130      0.8560E-06 -0.4844E-06  0.1155E-07 -0.5925E-06
   88.50      0.1222      0.9805E-06 -0.3660E-06  0.1500E-07 -0.4474E-06
   89.00      0.1321      0.1033E-05 -0.2400E-06  0.1684E-07 -0.2933E-06
   89.50      0.1428      0.1009E-05 -0.1175E-06  0.1719E-07 -0.1436E-06
   90.00      0.1542      0.9105E-06 -0.7310E-08  0.1625E-07 -0.8954E-08
   90.50      0.1661      0.7466E-06  0.8399E-07  0.1431E-07  0.1026E-06
   91.00      0.1786      0.5304E-06  0.1524E-06  0.1168E-07  0.1863E-06
   91.50      0.1915      0.2785E-06  0.1964E-06  0.8692E-08  0.2401E-06
   92.00      0.2048      0.9434E-08  0.2166E-06  0.5644E-08  0.2649E-06
   92.50      0.2185     -0.2577E-06  0.2155E-06  0.2805E-08  0.2637E-06
   93.00      0.2323     -0.5047E-06  0.1970E-06  0.3879E-09  0.2412E-06
   93.50      0.2464     -0.7150E-06  0.1660E-06 -0.1461E-08  0.2035E-06
   94.00      0.2607     -0.8754E-06  0.1281E-06 -0.2667E-08  0.1573E-06
   94.50      0.2750     -0.9758E-06  0.8856E-07 -0.3224E-08  0.1090E-06
   95.00      0.2894     -0.1011E-05  0.5236E-07 -0.3194E-08  0.6468E-07
   95.50      0.3038     -0.9793E-06  0.2353E-07 -0.2693E-08  0.2934E-07
   96.00      0.3183     -0.8847E-06  0.4903E-08 -0.1877E-08  0.6399E-08
   96.50      0.3327     -0.7347E-06 -0.2147E-08 -0.9294E-09 -0.2418E-08
   97.00      0.3471     -0.5406E-06  0.2256E-08 -0.3324E-10  0.2771E-08
   97.50      0.3615     -0.3166E-06  0.1653E-07  0.6412E-09  0.2008E-07
   98.00      0.3759     -0.7869E-07  0.3785E-07  0.9575E-09  0.4609E-07
   98.50      0.3902      0.1567E-06  0.6245E-07  0.8268E-09  0.7624E-07
   99.00      0.4044      0.3735E-06  0.8607E-07  0.2177E-09  0.1053E-06
   99.50      0.4186      0.5575E-06  0.1044E-06 -0.8395E-09  0.1281E-06
   100.0      0.4327      0.6972E-06  0.1136E-06 -0.2255E-08  0.1399E-06
   100.5      0.4466      0.7847E-06  0.1106E-06 -0.3889E-08  0.1369E-06
   101.0      0.4604      0.8162E-06  0.9378E-07 -0.5564E-08  0.1170E-06
   101.5      0.4740      0.7919E-06  0.6278E-07 -0.7084E-08  0.7977E-07
   102.0      0.4873      0.7164E-06  0.1891E-07 -0.8253E-08  0.2667E-07
   102.5      0.5002      0.5976E-06 -0.3508E-07 -0.8897E-08 -0.3902E-07
   103.0      0.5127      0.4463E-06 -0.9517E-07 -0.8881E-08 -0.1125E-06
   103.5      0.5247      0.2750E-06 -0.1564E-06 -0.8125E-08 -0.1877E-06
   104.0      0.5359      0.9724E-07 -0.2134E-06 -0.6612E-08 -0.2580E-06
   104.5      0.5464     -0.7380E-07 -0.2606E-06 -0.4394E-08 -0.3169E-06
   105.0      0.5560     -0.2262E-06 -0.2931E-06 -0.1590E-08 -0.3581E-06
   105.5      0.5646     -0.3502E-06 -0.3069E-06  0.1625E-08 -0.3767E-06
   106.0      0.5720     -0.4386E-06 -0.2992E-06  0.5029E-08 -0.3693E-06
   106.5      0.5781     -0.4877E-06 -0.2689E-06  0.8369E-08 -0.3343E-06
   107.0      0.5827     -0.4968E-06 -0.2166E-06  0.1139E-07 -0.2722E-06
   107.5      0.5858     -0.4686E-06 -0.1446E-06  0.1383E-07 -0.1858E-06
   108.0      0.5873     -0.4088E-06 -0.5678E-07  0.1547E-07 -0.7959E-07
   108.5      0.5870     -0.3253E-06  0.4139E-07  0.1613E-07  0.3990E-07
   109.0      0.5850     -0.2277E-06  0.1435E-06  0.1571E-07  0.1650E-06
   109.5      0.5812     -0.1264E-06  0.2425E-06  0.1416E-07  0.2870E-06
   110.0      0.5755     -0.3211E-07  0.3310E-06  0.1152E-07  0.3970E-06
   110.5      0.5681      0.4574E-07  0.4022E-06  0.7914E-08  0.4866E-06
   111.0      0.5590      0.9929E-07  0.4497E-06  0.3530E-08  0.5481E-06
   111.5      0.5484      0.1233E-06  0.4688E-06 -0.1364E-08  0.5753E-06
   112.0      0.5363      0.1156E-06  0.4565E-06 -0.6445E-08  0.5643E-06
   112.5      0.5231      0.7765E-07  0.4116E-06 -0.1136E-07  0.5136E-06
   113.0      0.5088      0.1488E-07  0.3357E-06 -0.1573E-07  0.4246E-06
   113.5      0.4939     -0.6371E-07  0.2327E-06 -0.1921E-07  0.3018E-06
   114.0      0.4785     -0.1458E-06  0.1091E-06 -0.2149E-07  0.1527E-06
   114.5      0.4631     -0.2168E-06 -0.2661E-07 -0.2232E-07 -0.1225E-07
   115.0      0.4480     -0.2610E-06 -0.1638E-06 -0.2158E-07 -0.1805E-06
   115.5      0.4336     -0.2635E-06 -0.2912E-06 -0.1927E-07 -0.3382E-06
   116.0      0.4203     -0.2128E-06 -0.3972E-06 -0.1556E-07 -0.4713E-06
   116.5      0.4085     -0.1027E-06 -0.4720E-06 -0.1075E-07 -0.5674E-06
   117.0      0.3985      0.6515E-07 -0.5084E-06 -0.5318E-08 -0.6172E-06
   117.5      0.3909      0.2799E-06 -0.5031E-06  0.1920E-09 -0.6164E-06
   118.0      0.3858      0.5211E-06 -0.4584E-06  0.5192E-08 -0.5669E-06
   118.5      0.3837      0.7609E-06 -0.3813E-06  0.9154E-08 -0.4769E-06
   119.0      0.3849      0.9673E-06 -0.2834E-06  0.1170E-07 -0.3600E-06
   119.5      0.3895      0.1110E-05 -0.1789E-06  0.1267E-07 -0.2334E-06
   120.0      0.3979      0.1165E-05 -0.8204E-07  0.1214E-07 -0.1145E-06
   120.5      0.4100      0.1121E-05 -0.4703E-08  0.1042E-07 -0.1803E-07
   121.0      0.4261      0.9792E-06  0.4566E-07  0.7965E-08  0.4635E-07
   121.5      0.4459      0.7533E-06  0.6682E-07  0.5295E-08  0.7535E-07
   122.0      0.4695      0.4679E-06  0.6153E-07  0.2882E-08  0.7176E-07
   122.5      0.4967      0.1524E-06  0.3630E-07  0.1090E-08  0.4307E-07
   123.0      0.5272     -0.1627E-06 -0.2371E-09  0.1303E-09 -0.4597E-09
   123.5      0.5607     -0.4499E-06 -0.3900E-07  0.5377E-10 -0.4783E-07
   124.0      0.5967     -0.6872E-06 -0.7183E-07  0.7748E-09 -0.8902E-07
   124.5      0.6348     -0.8596E-06 -0.9246E-07  0.2104E-08 -0.1161E-06
   125.0      0.6745     -0.9594E-06 -0.9695E-07  0.3790E-08 -0.1240E-06
   125.5      0.7150     -0.9854E-06 -0.8381E-07  0.5558E-08 -0.1106E-06
   126.0      0.7559     -0.9422E-06 -0.5380E-07  0.7142E-08 -0.7627E-07
   126.5      0.7962     -0.8389E-06 -0.9576E-08  0.8312E-08 -0.2403E-07
   127.0      0.8355     -0.6878E-06  0.4479E-07  0.8890E-08  0.4146E-07
   127.5      0.8729     -0.5029E-06  0.1043E-06  0.8761E-08  0.1143E-06
   128.0      0.9077     -0.2994E-06  0.1636E-06  0.7876E-08  0.1880E-06
   128.5      0.9392     -0.9190E-07  0.2171E-06  0.6255E-08  0.2559E-06
   129.0      0.9668      0.1058E-06  0.2599E-06  0.3975E-08  0.3118E-06
   129.5      0.9898      0.2818E-06  0.2877E-06  0.1169E-08  0.3504E-06
   130.0       1.008      0.4264E-06  0.2971E-06 -0.1988E-08  0.3673E-06
   130.5       1.020      0.5323E-06  0.2862E-06 -0.5291E-08  0.3595E-06
   131.0       1.026      0.5953E-06  0.2540E-06 -0.8514E-08  0.3259E-06
   131.5       1.026      0.6139E-06  0.2012E-06 -0.1143E-07  0.2666E-06
   132.0       1.020      0.5897E-06  0.1296E-06 -0.1381E-07  0.1836E-06
   132.5       1.007      0.5268E-06  0.4254E-07 -0.1545E-07  0.8041E-07
   133.0      0.9880      0.4315E-06 -0.5574E-07 -0.1618E-07 -0.3810E-07
   133.5      0.9626      0.3125E-06 -0.1598E-06 -0.1586E-07 -0.1656E-06
   134.0      0.9314      0.1798E-06 -0.2635E-06 -0.1442E-07 -0.2949E-06
   134.5      0.8948      0.4435E-07 -0.3600E-06 -0.1182E-07 -0.4177E-06
   135.0      0.8534     -0.8242E-07 -0.4424E-06 -0.8105E-08 -0.5256E-06
   135.5      0.8079     -0.1895E-06 -0.5036E-06 -0.3386E-08 -0.6099E-06
   136.0      0.7592     -0.2669E-06 -0.5369E-06  0.2160E-08 -0.6620E-06
   136.5      0.7081     -0.3067E-06 -0.5362E-06  0.8274E-08 -0.6742E-06
   137.0      0.6556     -0.3038E-06 -0.4969E-06  0.1462E-07 -0.6399E-06
   137.5      0.6028     -0.2574E-06 -0.4157E-06  0.2080E-07 -0.5545E-06
   138.0      0.5507     -0.1718E-06 -0.2920E-06  0.2631E-07 -0.4161E-06
   138.5      0.5005     -0.5799E-07 -0.1285E-06  0.3061E-07 -0.2266E-06
   139.0      0.4533      0.6511E-07  0.6756E-07  0.3313E-07  0.6518E-08
   139.5      0.4101      0.1702E-06  0.2833E-06  0.3333E-07  0.2689E-06
   140.0      0.3721      0.2228E-06  0.4990E-06  0.3078E-07  0.5378E-06
   140.5      0.3402      0.1863E-06  0.6886E-06  0.2538E-07  0.7818E-06
   141.0      0.3152      0.3142E-07  0.8225E-06  0.1748E-07  0.9641E-06
   141.5      0.2981     -0.2490E-06  0.8745E-06  0.8063E-08  0.1051E-05
   142.0      0.2894     -0.6268E-06  0.8321E-06 -0.1329E-08  0.1023E-05
   142.5      0.2896     -0.1037E-05  0.7049E-06 -0.8997E-08  0.8868E-06
   143.0      0.2991     -0.1395E-05  0.5242E-06 -0.1366E-07  0.6783E-06
   143.5      0.3181     -0.1626E-05  0.3325E-06 -0.1494E-07  0.4476E-06
   144.0      0.3465     -0.1690E-05  0.1676E-06 -0.1335E-07  0.2420E-06
   144.5      0.3841     -0.1590E-05  0.5224E-07 -0.9958E-08  0.9190E-07
   145.0      0.4307     -0.1357E-05 -0.7932E-08 -0.5944E-08  0.7263E-08
   145.5      0.4854     -0.1034E-05 -0.1980E-07 -0.2245E-08 -0.1772E-07
   146.0      0.5477     -0.6686E-06  0.3356E-08  0.5412E-09  0.2505E-08
   146.5      0.6166     -0.2982E-06  0.4673E-07  0.2141E-08  0.5076E-07
   147.0      0.6908      0.4696E-07  0.9683E-07  0.2526E-08  0.1108E-06
   147.5      0.7693      0.3460E-06  0.1429E-06  0.1833E-08  0.1692E-06
   148.0      0.8506      0.5856E-06  0.1770E-06  0.2930E-09  0.2158E-06
   148.5      0.9332      0.7589E-06  0.1942E-06 -0.1814E-08  0.2438E-06
   149.0       1.016      0.8641E-06  0.1921E-06 -0.4198E-08  0.2493E-06
   149.5       1.096      0.9033E-06  0.1705E-06 -0.6579E-08  0.2311E-06
   150.0       1.173      0.8818E-06  0.1308E-06 -0.8707E-08  0.1903E-06
   150.5       1.245      0.8071E-06  0.7585E-07 -0.1037E-07  0.1295E-06
   151.0       1.311      0.6883E-06  0.9621E-08 -0.1140E-07  0.5291E-07
   151.5       1.368      0.5361E-06 -0.6326E-07 -0.1168E-07 -0.3447E-07
   152.0       1.416      0.3612E-06 -0.1377E-06 -0.1114E-07 -0.1268E-06
   152.5       1.453      0.1750E-06 -0.2086E-06 -0.9774E-08 -0.2180E-06
   153.0       1.479     -0.1183E-07 -0.2708E-06 -0.7615E-08 -0.3018E-06
   153.5       1.492     -0.1890E-06 -0.3195E-06 -0.4749E-08 -0.3723E-06
   154.0       1.492     -0.3472E-06 -0.3507E-06 -0.1303E-08 -0.4241E-06
   154.5       1.479     -0.4787E-06 -0.3607E-06  0.2557E-08 -0.4525E-06
   155.0       1.452     -0.5771E-06 -0.3470E-06  0.6636E-08 -0.4534E-06
   155.5       1.412     -0.6377E-06 -0.3080E-06  0.1071E-07 -0.4243E-06
   156.0       1.359     -0.6577E-06 -0.2433E-06  0.1454E-07 -0.3632E-06
   156.5       1.294     -0.6363E-06 -0.1532E-06  0.1787E-07 -0.2698E-06
   157.0       1.218     -0.5746E-06 -0.3966E-07  0.2044E-07 -0.1449E-06
   157.5       1.132     -0.4757E-06  0.9458E-07  0.2200E-07  0.9621E-08
   158.0       1.039     -0.3448E-06  0.2455E-06  0.2228E-07  0.1904E-06
   158.5      0.9394     -0.1889E-06  0.4078E-06  0.2102E-07  0.3928E-06
   159.0      0.8361     -0.1761E-07  0.5751E-06  0.1797E-07  0.6108E-06
   159.5      0.7312      0.1572E-06  0.7393E-06  0.1285E-07  0.8367E-06
   160.0      0.6271      0.3201E-06  0.8900E-06  0.5370E-08  0.1061E-05
   160.5      0.5266      0.4511E-06  0.1014E-05 -0.4787E-08  0.1269E-05
   161.0      0.4322      0.5233E-06  0.1092E-05 -0.1794E-07  0.1442E-05
   161.5      0.3468      0.4999E-06  0.1097E-05 -0.3429E-07  0.1549E-05
   162.0      0.2731      0.3329E-06  0.9899E-06 -0.5356E-07  0.1542E-05
   162.5      0.2137     -0.2653E-07  0.7204E-06 -0.7393E-07  0.1351E-05
   163.0      0.1712     -0.5763E-06  0.2589E-06 -0.9008E-07  0.9064E-06
   163.5      0.1482     -0.1150E-05 -0.3152E-06 -0.9250E-07  0.2385E-06
   164.0      0.1469     -0.1397E-05 -0.7488E-06 -0.7493E-07 -0.3945E-06
   164.5      0.1692     -0.1127E-05 -0.8261E-06 -0.4594E-07 -0.6805E-06
   165.0      0.2169     -0.5531E-06 -0.6217E-06 -0.2097E-07 -0.6049E-06
   165.5      0.2916      0.2612E-07 -0.3385E-06 -0.6415E-08 -0.3650E-06
   166.0      0.3941      0.4730E-06 -0.9939E-07 -0.5337E-09 -0.1175E-06
   166.5      0.5253      0.7698E-06  0.6118E-07  0.1499E-09  0.7368E-07
   167.0      0.6855      0.9396E-06  0.1476E-06 -0.1728E-08  0.1957E-06
   167.5      0.8745      0.1011E-05  0.1748E-06 -0.4546E-08  0.2551E-06
   168.0       1.092      0.1008E-05  0.1585E-06 -0.7378E-08  0.2635E-06
   168.5       1.336      0.9493E-06  0.1124E-06 -0.9708E-08  0.2331E-06
   169.0       1.607      0.8508E-06  0.4796E-07 -0.1127E-07  0.1747E-06
   169.5       1.901      0.7244E-06 -0.2525E-07 -0.1196E-07  0.9809E-07
   170.0       2.217      0.5802E-06 -0.9935E-07 -0.1175E-07  0.1153E-07
   170.5       2.553      0.4264E-06 -0.1679E-06 -0.1069E-07 -0.7783E-07
   171.0       2.904      0.2701E-06 -0.2257E-06 -0.8903E-08 -0.1640E-06
   171.5       3.269      0.1175E-06 -0.2688E-06 -0.6508E-08 -0.2422E-06
   172.0       3.642     -0.2662E-07 -0.2945E-06 -0.3667E-08 -0.3085E-06
   172.5       4.021     -0.1581E-06 -0.3011E-06 -0.5497E-09 -0.3604E-06
   173.0       4.402     -0.2737E-06 -0.2880E-06  0.2668E-08 -0.3962E-06
   173.5       4.780     -0.3711E-06 -0.2557E-06  0.5814E-08 -0.4152E-06
   174.0       5.151     -0.4487E-06 -0.2054E-06  0.8726E-08 -0.4177E-06
   174.5       5.512     -0.5054E-06 -0.1395E-06  0.1126E-07 -0.4048E-06
   175.0       5.857     -0.5410E-06 -0.6079E-07  0.1329E-07 -0.3784E-06
   175.5       6.184     -0.5558E-06  0.2735E-07  0.1473E-07 -0.3408E-06
   176.0       6.487     -0.5505E-06  0.1211E-06  0.1550E-07 -0.2951E-06
   176.5       6.764     -0.5265E-06  0.2164E-06  0.1557E-07 -0.2442E-06
   177.0       7.012     -0.4852E-06  0.3092E-06  0.1494E-07 -0.1916E-06
   177.5       7.226     -0.4287E-06  0.3955E-06  0.1364E-07 -0.1405E-06
   178.0       7.405     -0.3591E-06  0.4717E-06  0.1173E-07 -0.9396E-07
   178.5       7.547     -0.2789E-06  0.5346E-06  0.9289E-08 -0.5466E-07
   179.0       7.650     -0.1905E-06  0.5815E-06  0.6433E-08 -0.2487E-07
   179.5       7.712     -0.9663E-07  0.6105E-06  0.3290E-08 -0.6307E-08
   180.0       7.732     -0.1941E-08  0.6203E-06  0.6626E-10 -0.2532E-11
 END
@legend string   1 "Partition=  2 Excit=  1 near/far= 1"
#legend string   0 "Lab energy =   32.0000"
@s1 linestyle   2
#  Theta       sigma       iT11        T20         T21         T22         Kyy for projectile
   0.000      0.6842E-01   0.000     -0.3379E-02   0.000       0.000    
  0.5000      0.6837E-01 -0.1631E-03 -0.3379E-02 -0.1362E-03  0.3717E-06
   1.000      0.6820E-01 -0.3253E-03 -0.3378E-02 -0.2724E-03  0.1493E-05
   1.500      0.6793E-01 -0.4856E-03 -0.3377E-02 -0.4086E-03  0.3382E-05
   2.000      0.6756E-01 -0.6430E-03 -0.3375E-02 -0.5446E-03  0.6070E-05
   2.500      0.6708E-01 -0.7968E-03 -0.3373E-02 -0.6804E-03  0.9599E-05
   3.000      0.6649E-01 -0.9459E-03 -0.3370E-02 -0.8161E-03  0.1402E-04
   3.500      0.6581E-01 -0.1090E-02 -0.3366E-02 -0.9516E-03  0.1940E-04
   4.000      0.6504E-01 -0.1227E-02 -0.3360E-02 -0.1087E-02  0.2581E-04
   4.500      0.6417E-01 -0.1357E-02 -0.3353E-02 -0.1221E-02  0.3334E-04
   5.000      0.6321E-01 -0.1479E-02 -0.3345E-02 -0.1356E-02  0.4206E-04
   5.500      0.6218E-01 -0.1593E-02 -0.3334E-02 -0.1489E-02  0.5209E-04
   6.000      0.6107E-01 -0.1696E-02 -0.3320E-02 -0.1622E-02  0.6351E-04
   6.500      0.5990E-01 -0.1790E-02 -0.3304E-02 -0.1754E-02  0.7644E-04
   7.000      0.5866E-01 -0.1871E-02 -0.3284E-02 -0.1884E-02  0.9098E-04
   7.500      0.5738E-01 -0.1940E-02 -0.3259E-02 -0.2013E-02  0.1072E-03
   8.000      0.5605E-01 -0.1996E-02 -0.3230E-02 -0.2140E-02  0.1253E-03
   8.500      0.5468E-01 -0.2037E-02 -0.3195E-02 -0.2264E-02  0.1453E-03
   9.000      0.5330E-01 -0.2063E-02 -0.3153E-02 -0.2386E-02  0.1674E-03
   9.500      0.5190E-01 -0.2071E-02 -0.3104E-02 -0.2503E-02  0.1916E-03
   10.00      0.5050E-01 -0.2061E-02 -0.3047E-02 -0.2616E-02  0.2179E-03
   10.50      0.4911E-01 -0.2031E-02 -0.2980E-02 -0.2723E-02  0.2465E-03
   11.00      0.4773E-01 -0.1980E-02 -0.2903E-02 -0.2823E-02  0.2774E-03
   11.50      0.4639E-01 -0.1908E-02 -0.2814E-02 -0.2916E-02  0.3105E-03
   12.00      0.4508E-01 -0.1813E-02 -0.2713E-02 -0.2998E-02  0.3459E-03
   12.50      0.4383E-01 -0.1694E-02 -0.2598E-02 -0.3070E-02  0.3835E-03
   13.00      0.4263E-01 -0.1552E-02 -0.2469E-02 -0.3130E-02  0.4231E-03
   13.50      0.4151E-01 -0.1386E-02 -0.2325E-02 -0.3175E-02  0.4645E-03
   14.00      0.4045E-01 -0.1198E-02 -0.2166E-02 -0.3205E-02  0.5075E-03
   14.50      0.3948E-01 -0.9878E-03 -0.1991E-02 -0.3218E-02  0.5518E-03
   15.00      0.3860E-01 -0.7587E-03 -0.1802E-02 -0.3213E-02  0.5969E-03
   15.50      0.3782E-01 -0.5130E-03 -0.1599E-02 -0.3188E-02  0.6424E-03
   16.00      0.3713E-01 -0.2540E-03 -0.1383E-02 -0.3144E-02  0.6879E-03
   16.50      0.3654E-01  0.1429E-04 -0.1156E-02 -0.3080E-02  0.7328E-03
   17.00      0.3605E-01  0.2877E-03 -0.9194E-03 -0.2997E-02  0.7766E-03
   17.50      0.3566E-01  0.5615E-03 -0.6765E-03 -0.2895E-02  0.8187E-03
   18.00      0.3536E-01  0.8311E-03 -0.4295E-03 -0.2775E-02  0.8587E-03
   18.50      0.3517E-01  0.1092E-02 -0.1814E-03 -0.2641E-02  0.8960E-03
   19.00      0.3506E-01  0.1340E-02  0.6507E-04 -0.2492E-02  0.9303E-03
   19.50      0.3504E-01  0.1572E-02  0.3073E-03 -0.2333E-02  0.9614E-03
   20.00      0.3509E-01  0.1785E-02  0.5427E-03 -0.2165E-02  0.9890E-03
   20.50      0.3522E-01  0.1976E-02  0.7693E-03 -0.1991E-02  0.1013E-02
   21.00      0.3540E-01  0.2143E-02  0.9852E-03 -0.1813E-02  0.1033E-02
   21.50      0.3564E-01  0.2287E-02  0.1189E-02 -0.1634E-02  0.1050E-02
   22.00      0.3592E-01  0.2407E-02  0.1380E-02 -0.1456E-02  0.1064E-02
   22.50      0.3623E-01  0.2503E-02  0.1558E-02 -0.1280E-02  0.1075E-02
   23.00      0.3656E-01  0.2577E-02  0.1722E-02 -0.1108E-02  0.1082E-02
   23.50      0.3690E-01  0.2628E-02  0.1872E-02 -0.9413E-03  0.1088E-02
   24.00      0.3724E-01  0.2660E-02  0.2010E-02 -0.7807E-03  0.1091E-02
   24.50      0.3757E-01  0.2672E-02  0.2135E-02 -0.6268E-03  0.1092E-02
   25.00      0.3787E-01  0.2668E-02  0.2248E-02 -0.4799E-03  0.1092E-02
   25.50      0.3814E-01  0.2648E-02  0.2350E-02 -0.3403E-03  0.1091E-02
   26.00      0.3837E-01  0.2614E-02  0.2442E-02 -0.2079E-03  0.1089E-02
   26.50      0.3855E-01  0.2567E-02  0.2525E-02 -0.8264E-04  0.1086E-02
   27.00      0.3867E-01  0.2509E-02  0.2600E-02  0.3568E-04  0.1083E-02
   27.50      0.3873E-01  0.2440E-02  0.2667E-02  0.1473E-03  0.1080E-02
   28.00      0.3872E-01  0.2363E-02  0.2728E-02  0.2527E-03  0.1077E-02
   28.50      0.3863E-01  0.2277E-02  0.2783E-02  0.3521E-03  0.1074E-02
   29.00      0.3847E-01  0.2184E-02  0.2832E-02  0.4459E-03  0.1072E-02
   29.50      0.3823E-01  0.2085E-02  0.2877E-02  0.5345E-03  0.1071E-02
   30.00      0.3792E-01  0.1979E-02  0.2917E-02  0.6182E-03  0.1071E-02
   30.50      0.3752E-01  0.1867E-02  0.2954E-02  0.6975E-03  0.1071E-02
   31.00      0.3704E-01  0.1751E-02  0.2988E-02  0.7725E-03  0.1073E-02
   31.50      0.3648E-01  0.1629E-02  0.3018E-02  0.8437E-03  0.1076E-02
   32.00      0.3586E-01  0.1503E-02  0.3046E-02  0.9112E-03  0.1081E-02
   32.50      0.3516E-01  0.1373E-02  0.3072E-02  0.9753E-03  0.1087E-02
   33.00      0.3439E-01  0.1239E-02  0.3095E-02  0.1036E-02  0.1094E-02
   33.50      0.3357E-01  0.1102E-02  0.3116E-02  0.1094E-02  0.1103E-02
   34.00      0.3269E-01  0.9616E-03  0.3136E-02  0.1149E-02  0.1115E-02
   34.50      0.3177E-01  0.8180E-03  0.3153E-02  0.1200E-02  0.1128E-02
   35.00      0.3080E-01  0.6719E-03  0.3168E-02  0.1249E-02  0.1144E-02
   35.50      0.2980E-01  0.5234E-03  0.3181E-02  0.1295E-02  0.1163E-02
   36.00      0.2876E-01  0.3731E-03  0.3192E-02  0.1337E-02  0.1185E-02
   36.50      0.2771E-01  0.2214E-03  0.3201E-02  0.1376E-02  0.1210E-02
   37.00      0.2664E-01  0.6880E-04  0.3208E-02  0.1411E-02  0.1238E-02
   37.50      0.2557E-01 -0.8403E-04  0.3213E-02  0.1442E-02  0.1271E-02
   38.00      0.2449E-01 -0.2364E-03  0.3215E-02  0.1469E-02  0.1308E-02
   38.50      0.2342E-01 -0.3873E-03  0.3215E-02  0.1491E-02  0.1350E-02
   39.00      0.2235E-01 -0.5358E-03  0.3212E-02  0.1507E-02  0.1397E-02
   39.50      0.2131E-01 -0.6807E-03  0.3206E-02  0.1517E-02  0.1450E-02
   40.00      0.2028E-01 -0.8205E-03  0.3197E-02  0.1519E-02  0.1510E-02
   40.50      0.1928E-01 -0.9536E-03  0.3186E-02  0.1514E-02  0.1576E-02
   41.00      0.1831E-01 -0.1078E-02  0.3172E-02  0.1499E-02  0.1651E-02
   41.50      0.1737E-01 -0.1191E-02  0.3154E-02  0.1475E-02  0.1733E-02
   42.00      0.1646E-01 -0.1291E-02  0.3134E-02  0.1439E-02  0.1825E-02
   42.50      0.1559E-01 -0.1373E-02  0.3110E-02  0.1391E-02  0.1926E-02
   43.00      0.1477E-01 -0.1436E-02  0.3084E-02  0.1329E-02  0.2037E-02
   43.50      0.1398E-01 -0.1475E-02  0.3056E-02  0.1251E-02  0.2158E-02
   44.00      0.1324E-01 -0.1486E-02  0.3025E-02  0.1157E-02  0.2290E-02
   44.50      0.1254E-01 -0.1465E-02  0.2994E-02  0.1046E-02  0.2434E-02
   45.00      0.1189E-01 -0.1406E-02  0.2961E-02  0.9154E-03  0.2589E-02
   45.50      0.1128E-01 -0.1305E-02  0.2929E-02  0.7649E-03  0.2755E-02
   46.00      0.1071E-01 -0.1158E-02  0.2899E-02  0.5938E-03  0.2931E-02
   46.50      0.1018E-01 -0.9599E-03  0.2870E-02  0.4015E-03  0.3118E-02
   47.00      0.9700E-02 -0.7060E-03  0.2845E-02  0.1880E-03  0.3313E-02
   47.50      0.9258E-02 -0.3930E-03  0.2825E-02 -0.4640E-04  0.3516E-02
   48.00      0.8855E-02 -0.1815E-04  0.2811E-02 -0.3009E-03  0.3725E-02
   48.50      0.8491E-02  0.4203E-03  0.2804E-02 -0.5741E-03  0.3938E-02
   49.00      0.8163E-02  0.9227E-03  0.2805E-02 -0.8640E-03  0.4151E-02
   49.50      0.7871E-02  0.1488E-02  0.2816E-02 -0.1168E-02  0.4364E-02
   50.00      0.7612E-02  0.2114E-02  0.2837E-02 -0.1484E-02  0.4571E-02
   50.50      0.7385E-02  0.2797E-02  0.2868E-02 -0.1808E-02  0.4771E-02
   51.00      0.7188E-02  0.3531E-02  0.2910E-02 -0.2136E-02  0.4960E-02
   51.50      0.7020E-02  0.4309E-02  0.2963E-02 -0.2464E-02  0.5135E-02
   52.00      0.6878E-02  0.5124E-02  0.3027E-02 -0.2790E-02  0.5295E-02
   52.50      0.6762E-02  0.5967E-02  0.3100E-02 -0.3107E-02  0.5435E-02
   53.00      0.6669E-02  0.6829E-02  0.3181E-02 -0.3414E-02  0.5554E-02
   53.50      0.6598E-02  0.7701E-02  0.3270E-02 -0.3707E-02  0.5652E-02
   54.00      0.6548E-02  0.8575E-02  0.3365E-02 -0.3983E-02  0.5725E-02
   54.50      0.6516E-02  0.9441E-02  0.3464E-02 -0.4239E-02  0.5775E-02
   55.00      0.6503E-02  0.1029E-01  0.3565E-02 -0.4473E-02  0.5801E-02
   55.50      0.6505E-02  0.1112E-01  0.3668E-02 -0.4685E-02  0.5803E-02
   56.00      0.6523E-02  0.1192E-01  0.3769E-02 -0.4873E-02  0.5781E-02
   56.50      0.6554E-02  0.1269E-01  0.3868E-02 -0.5037E-02  0.5737E-02
   57.00      0.6598E-02  0.1343E-01  0.3963E-02 -0.5177E-02  0.5671E-02
   57.50      0.6654E-02  0.1412E-01  0.4052E-02 -0.5293E-02  0.5586E-02
   58.00      0.6719E-02  0.1478E-01  0.4134E-02 -0.5387E-02  0.5481E-02
   58.50      0.6794E-02  0.1539E-01  0.4209E-02 -0.5459E-02  0.5360E-02
   59.00      0.6878E-02  0.1596E-01  0.4275E-02 -0.5511E-02  0.5223E-02
   59.50      0.6968E-02  0.1649E-01  0.4332E-02 -0.5543E-02  0.5071E-02
   60.00      0.7064E-02  0.1697E-01  0.4379E-02 -0.5557E-02  0.4908E-02
   60.50      0.7166E-02  0.1742E-01  0.4416E-02 -0.5556E-02  0.4733E-02
   61.00      0.7272E-02  0.1783E-01  0.4442E-02 -0.5539E-02  0.4548E-02
   61.50      0.7381E-02  0.1820E-01  0.4459E-02 -0.5509E-02  0.4355E-02
   62.00      0.7493E-02  0.1854E-01  0.4466E-02 -0.5467E-02  0.4155E-02
   62.50      0.7606E-02  0.1885E-01  0.4463E-02 -0.5414E-02  0.3950E-02
   63.00      0.7719E-02  0.1913E-01  0.4451E-02 -0.5351E-02  0.3741E-02
   63.50      0.7833E-02  0.1938E-01  0.4430E-02 -0.5281E-02  0.3528E-02
   64.00      0.7945E-02  0.1961E-01  0.4401E-02 -0.5203E-02  0.3312E-02
   64.50      0.8055E-02  0.1981E-01  0.4365E-02 -0.5119E-02  0.3096E-02
   65.00      0.8162E-02  0.1999E-01  0.4322E-02 -0.5029E-02  0.2879E-02
   65.50      0.8266E-02  0.2016E-01  0.4273E-02 -0.4935E-02  0.2662E-02
   66.00      0.8365E-02  0.2030E-01  0.4218E-02 -0.4836E-02  0.2445E-02
   66.50      0.8459E-02  0.2044E-01  0.4158E-02 -0.4735E-02  0.2230E-02
   67.00      0.8547E-02  0.2056E-01  0.4094E-02 -0.4631E-02  0.2016E-02
   67.50      0.8629E-02  0.2067E-01  0.4025E-02 -0.4524E-02  0.1804E-02
   68.00      0.8704E-02  0.2076E-01  0.3953E-02 -0.4416E-02  0.1594E-02
   68.50      0.8772E-02  0.2085E-01  0.3877E-02 -0.4305E-02  0.1386E-02
   69.00      0.8831E-02  0.2094E-01  0.3798E-02 -0.4194E-02  0.1179E-02
   69.50      0.8882E-02  0.2102E-01  0.3717E-02 -0.4082E-02  0.9751E-03
   70.00      0.8924E-02  0.2109E-01  0.3633E-02 -0.3968E-02  0.7726E-03
   70.50      0.8957E-02  0.2116E-01  0.3547E-02 -0.3854E-02  0.5717E-03
   71.00      0.8980E-02  0.2122E-01  0.3458E-02 -0.3739E-02  0.3724E-03
   71.50      0.8993E-02  0.2128E-01  0.3368E-02 -0.3624E-02  0.1746E-03
   72.00      0.8997E-02  0.2134E-01  0.3277E-02 -0.3507E-02 -0.2197E-04
   72.50      0.8990E-02  0.2140E-01  0.3183E-02 -0.3391E-02 -0.2173E-03
   73.00      0.8973E-02  0.2146E-01  0.3089E-02 -0.3273E-02 -0.4115E-03
   73.50      0.8946E-02  0.2151E-01  0.2994E-02 -0.3155E-02 -0.6047E-03
   74.00      0.8909E-02  0.2157E-01  0.2898E-02 -0.3036E-02 -0.7969E-03
   74.50      0.8862E-02  0.2162E-01  0.2801E-02 -0.2916E-02 -0.9881E-03
   75.00      0.8804E-02  0.2168E-01  0.2704E-02 -0.2795E-02 -0.1178E-02
   75.50      0.8737E-02  0.2173E-01  0.2608E-02 -0.2673E-02 -0.1368E-02
   76.00      0.8661E-02  0.2179E-01  0.2511E-02 -0.2549E-02 -0.1556E-02
   76.50      0.8575E-02  0.2184E-01  0.2415E-02 -0.2424E-02 -0.1744E-02
   77.00      0.8480E-02  0.2190E-01  0.2320E-02 -0.2298E-02 -0.1930E-02
   77.50      0.8377E-02  0.2196E-01  0.2225E-02 -0.2170E-02 -0.2116E-02
   78.00      0.8265E-02  0.2202E-01  0.2131E-02 -0.2040E-02 -0.2301E-02
   78.50      0.8146E-02  0.2208E-01  0.2038E-02 -0.1907E-02 -0.2486E-02
   79.00      0.8019E-02  0.2214E-01  0.1947E-02 -0.1773E-02 -0.2670E-02
   79.50      0.7885E-02  0.2220E-01  0.1856E-02 -0.1636E-02 -0.2853E-02
   80.00      0.7744E-02  0.2226E-01  0.1767E-02 -0.1496E-02 -0.3037E-02
   80.50      0.7597E-02  0.2232E-01  0.1679E-02 -0.1353E-02 -0.3221E-02
   81.00      0.7445E-02  0.2238E-01  0.1592E-02 -0.1207E-02 -0.3405E-02
   81.50      0.7287E-02  0.2245E-01  0.1506E-02 -0.1058E-02 -0.3589E-02
   82.00      0.7125E-02  0.2251E-01  0.1421E-02 -0.9047E-03 -0.3774E-02
   82.50      0.6958E-02  0.2257E-01  0.1337E-02 -0.7478E-03 -0.3960E-02
   83.00      0.6788E-02  0.2264E-01  0.1255E-02 -0.5869E-03 -0.4148E-02
   83.50      0.6615E-02  0.2270E-01  0.1173E-02 -0.4215E-03 -0.4336E-02
   84.00      0.6439E-02  0.2276E-01  0.1092E-02 -0.2515E-03 -0.4526E-02
   84.50      0.6261E-02  0.2282E-01  0.1012E-02 -0.7662E-04 -0.4718E-02
   85.00      0.6081E-02  0.2288E-01  0.9324E-03  0.1034E-03 -0.4911E-02
   85.50      0.5900E-02  0.2294E-01  0.8541E-03  0.2889E-03 -0.5106E-02
   86.00      0.5718E-02  0.2299E-01  0.7768E-03  0.4802E-03 -0.5303E-02
   86.50      0.5535E-02  0.2304E-01  0.7005E-03  0.6774E-03 -0.5501E-02
   87.00      0.5353E-02  0.2308E-01  0.6253E-03  0.8808E-03 -0.5701E-02
   87.50      0.5171E-02  0.2312E-01  0.5510E-03  0.1091E-02 -0.5902E-02
   88.00      0.4991E-02  0.2314E-01  0.4778E-03  0.1307E-02 -0.6105E-02
   88.50      0.4811E-02  0.2316E-01  0.4056E-03  0.1531E-02 -0.6309E-02
   89.00      0.4633E-02  0.2317E-01  0.3343E-03  0.1762E-02 -0.6514E-02
   89.50      0.4457E-02  0.2317E-01  0.2637E-03  0.2000E-02 -0.6719E-02
   90.00      0.4284E-02  0.2315E-01  0.1937E-03  0.2246E-02 -0.6926E-02
   90.50      0.4114E-02  0.2312E-01  0.1240E-03  0.2500E-02 -0.7133E-02
   91.00      0.3946E-02  0.2306E-01  0.5423E-04  0.2762E-02 -0.7341E-02
   91.50      0.3782E-02  0.2298E-01 -0.1602E-04  0.3031E-02 -0.7548E-02
   92.00      0.3622E-02  0.2288E-01 -0.8726E-04  0.3308E-02 -0.7755E-02
   92.50      0.3465E-02  0.2275E-01 -0.1601E-03  0.3592E-02 -0.7962E-02
   93.00      0.3313E-02  0.2258E-01 -0.2351E-03  0.3884E-02 -0.8167E-02
   93.50      0.3166E-02  0.2238E-01 -0.3132E-03  0.4182E-02 -0.8371E-02
   94.00      0.3023E-02  0.2214E-01 -0.3950E-03  0.4487E-02 -0.8572E-02
   94.50      0.2885E-02  0.2184E-01 -0.4815E-03  0.4796E-02 -0.8769E-02
   95.00      0.2753E-02  0.2149E-01 -0.5736E-03  0.5110E-02 -0.8961E-02
   95.50      0.2625E-02  0.2109E-01 -0.6722E-03  0.5426E-02 -0.9147E-02
   96.00      0.2504E-02  0.2061E-01 -0.7783E-03  0.5744E-02 -0.9324E-02
   96.50      0.2387E-02  0.2006E-01 -0.8930E-03  0.6060E-02 -0.9491E-02
   97.00      0.2277E-02  0.1942E-01 -0.1017E-02  0.6372E-02 -0.9645E-02
   97.50      0.2173E-02  0.1870E-01 -0.1152E-02  0.6678E-02 -0.9783E-02
   98.00      0.2074E-02  0.1787E-01 -0.1298E-02  0.6973E-02 -0.9902E-02
   98.50      0.1982E-02  0.1694E-01 -0.1456E-02  0.7254E-02 -0.9998E-02
   99.00      0.1896E-02  0.1591E-01 -0.1627E-02  0.7517E-02 -0.1007E-01
   99.50      0.1816E-02  0.1475E-01 -0.1811E-02  0.7757E-02 -0.1011E-01
   100.0      0.1743E-02  0.1348E-01 -0.2009E-02  0.7969E-02 -0.1012E-01
   100.5      0.1675E-02  0.1209E-01 -0.2221E-02  0.8147E-02 -0.1009E-01
   101.0      0.1614E-02  0.1058E-01 -0.2447E-02  0.8287E-02 -0.1002E-01
   101.5      0.1558E-02  0.8966E-02 -0.2686E-02  0.8384E-02 -0.9915E-02
   102.0      0.1509E-02  0.7252E-02 -0.2937E-02  0.8434E-02 -0.9763E-02
   102.5      0.1466E-02  0.5453E-02 -0.3199E-02  0.8431E-02 -0.9567E-02
   103.0      0.1429E-02  0.3586E-02 -0.3470E-02  0.8375E-02 -0.9328E-02
   103.5      0.1397E-02  0.1672E-02 -0.3748E-02  0.8263E-02 -0.9048E-02
   104.0      0.1371E-02 -0.2659E-03 -0.4031E-02  0.8095E-02 -0.8729E-02
   104.5      0.1351E-02 -0.2203E-02 -0.4316E-02  0.7873E-02 -0.8374E-02
   105.0      0.1335E-02 -0.4112E-02 -0.4601E-02  0.7598E-02 -0.7989E-02
   105.5      0.1325E-02 -0.5970E-02 -0.4881E-02  0.7276E-02 -0.7579E-02
   106.0      0.1319E-02 -0.7751E-02 -0.5155E-02  0.6911E-02 -0.7150E-02
   106.5      0.1319E-02 -0.9436E-02 -0.5418E-02  0.6510E-02 -0.6708E-02
   107.0      0.1322E-02 -0.1101E-01 -0.5670E-02  0.6079E-02 -0.6260E-02
   107.5      0.1329E-02 -0.1245E-01 -0.5907E-02  0.5625E-02 -0.5810E-02
   108.0      0.1341E-02 -0.1375E-01 -0.6129E-02  0.5156E-02 -0.5364E-02
   108.5      0.1355E-02 -0.1490E-01 -0.6332E-02  0.4677E-02 -0.4926E-02
   109.0      0.1373E-02 -0.1591E-01 -0.6518E-02  0.4196E-02 -0.4501E-02
   109.5      0.1394E-02 -0.1678E-01 -0.6685E-02  0.3718E-02 -0.4091E-02
   110.0      0.1418E-02 -0.1749E-01 -0.6833E-02  0.3248E-02 -0.3700E-02
   110.5      0.1443E-02 -0.1807E-01 -0.6963E-02  0.2789E-02 -0.3327E-02
   111.0      0.1471E-02 -0.1852E-01 -0.7075E-02  0.2345E-02 -0.2976E-02
   111.5      0.1500E-02 -0.1885E-01 -0.7171E-02  0.1918E-02 -0.2645E-02
   112.0      0.1531E-02 -0.1906E-01 -0.7251E-02  0.1510E-02 -0.2337E-02
   112.5      0.1562E-02 -0.1916E-01 -0.7317E-02  0.1121E-02 -0.2049E-02
   113.0      0.1595E-02 -0.1917E-01 -0.7369E-02  0.7541E-03 -0.1782E-02
   113.5      0.1628E-02 -0.1909E-01 -0.7410E-02  0.4075E-03 -0.1536E-02
   114.0      0.1661E-02 -0.1892E-01 -0.7439E-02  0.8155E-04 -0.1309E-02
   114.5      0.1693E-02 -0.1868E-01 -0.7460E-02 -0.2242E-03 -0.1101E-02
   115.0      0.1726E-02 -0.1837E-01 -0.7471E-02 -0.5104E-03 -0.9095E-03
   115.5      0.1758E-02 -0.1800E-01 -0.7475E-02 -0.7777E-03 -0.7348E-03
   116.0      0.1788E-02 -0.1757E-01 -0.7471E-02 -0.1027E-02 -0.5753E-03
   116.5      0.1818E-02 -0.1709E-01 -0.7461E-02 -0.1260E-02 -0.4298E-03
   117.0      0.1847E-02 -0.1657E-01 -0.7445E-02 -0.1476E-02 -0.2971E-03
   117.5      0.1874E-02 -0.1599E-01 -0.7423E-02 -0.1677E-02 -0.1759E-03
   118.0      0.1899E-02 -0.1538E-01 -0.7396E-02 -0.1865E-02 -0.6500E-04
   118.5      0.1923E-02 -0.1474E-01 -0.7363E-02 -0.2039E-02  0.3677E-04
   119.0      0.1945E-02 -0.1406E-01 -0.7325E-02 -0.2200E-02  0.1306E-03
   119.5      0.1964E-02 -0.1335E-01 -0.7281E-02 -0.2350E-02  0.2175E-03
   120.0      0.1982E-02 -0.1261E-01 -0.7231E-02 -0.2490E-02  0.2985E-03
   120.5      0.1997E-02 -0.1184E-01 -0.7176E-02 -0.2619E-02  0.3746E-03
   121.0      0.2010E-02 -0.1105E-01 -0.7114E-02 -0.2739E-02  0.4466E-03
   121.5      0.2021E-02 -0.1023E-01 -0.7047E-02 -0.2851E-02  0.5152E-03
   122.0      0.2029E-02 -0.9388E-02 -0.6973E-02 -0.2954E-02  0.5809E-03
   122.5      0.2035E-02 -0.8522E-02 -0.6893E-02 -0.3050E-02  0.6443E-03
   123.0      0.2039E-02 -0.7634E-02 -0.6807E-02 -0.3138E-02  0.7057E-03
   123.5      0.2041E-02 -0.6723E-02 -0.6715E-02 -0.3220E-02  0.7655E-03
   124.0      0.2040E-02 -0.5789E-02 -0.6616E-02 -0.3296E-02  0.8237E-03
   124.5      0.2037E-02 -0.4833E-02 -0.6511E-02 -0.3365E-02  0.8806E-03
   125.0      0.2032E-02 -0.3855E-02 -0.6400E-02 -0.3429E-02  0.9361E-03
   125.5      0.2025E-02 -0.2855E-02 -0.6283E-02 -0.3488E-02  0.9904E-03
   126.0      0.2016E-02 -0.1834E-02 -0.6160E-02 -0.3541E-02  0.1043E-02
   126.5      0.2005E-02 -0.7925E-03 -0.6031E-02 -0.3590E-02  0.1095E-02
   127.0      0.1992E-02  0.2688E-03 -0.5896E-02 -0.3634E-02  0.1146E-02
   127.5      0.1977E-02  0.1349E-02 -0.5756E-02 -0.3673E-02  0.1195E-02
   128.0      0.1960E-02  0.2446E-02 -0.5609E-02 -0.3708E-02  0.1244E-02
   128.5      0.1942E-02  0.3558E-02 -0.5457E-02 -0.3740E-02  0.1292E-02
   129.0      0.1923E-02  0.4684E-02 -0.5298E-02 -0.3767E-02  0.1339E-02
   129.5      0.1902E-02  0.5823E-02 -0.5134E-02 -0.3790E-02  0.1386E-02
   130.0      0.1879E-02  0.6970E-02 -0.4964E-02 -0.3809E-02  0.1432E-02
   130.5      0.1855E-02  0.8126E-02 -0.4788E-02 -0.3825E-02  0.1479E-02
   131.0      0.1830E-02  0.9287E-02 -0.4606E-02 -0.3838E-02  0.1527E-02
   131.5      0.1804E-02  0.1045E-01 -0.4419E-02 -0.3848E-02  0.1574E-02
   132.0      0.1777E-02  0.1162E-01 -0.4226E-02 -0.3854E-02  0.1623E-02
   132.5      0.1748E-02  0.1278E-01 -0.4028E-02 -0.3858E-02  0.1673E-02
   133.0      0.1718E-02  0.1395E-01 -0.3825E-02 -0.3859E-02  0.1723E-02
   133.5      0.1687E-02  0.1511E-01 -0.3617E-02 -0.3858E-02  0.1775E-02
   134.0      0.1656E-02  0.1627E-01 -0.3406E-02 -0.3855E-02  0.1827E-02
   134.5      0.1623E-02  0.1743E-01 -0.3191E-02 -0.3850E-02  0.1880E-02
   135.0      0.1589E-02  0.1858E-01 -0.2973E-02 -0.3842E-02  0.1934E-02
   135.5      0.1554E-02  0.1973E-01 -0.2754E-02 -0.3834E-02  0.1987E-02
   136.0      0.1519E-02  0.2087E-01 -0.2532E-02 -0.3824E-02  0.2041E-02
   136.5      0.1482E-02  0.2201E-01 -0.2310E-02 -0.3813E-02  0.2095E-02
   137.0      0.1444E-02  0.2314E-01 -0.2088E-02 -0.3802E-02  0.2148E-02
   137.5      0.1406E-02  0.2428E-01 -0.1866E-02 -0.3789E-02  0.2201E-02
   138.0      0.1367E-02  0.2541E-01 -0.1645E-02 -0.3777E-02  0.2254E-02
   138.5      0.1326E-02  0.2655E-01 -0.1426E-02 -0.3764E-02  0.2305E-02
   139.0      0.1285E-02  0.2768E-01 -0.1207E-02 -0.3751E-02  0.2356E-02
   139.5      0.1243E-02  0.2882E-01 -0.9904E-03 -0.3739E-02  0.2407E-02
   140.0      0.1201E-02  0.2997E-01 -0.7753E-03 -0.3727E-02  0.2458E-02
   140.5      0.1157E-02  0.3112E-01 -0.5618E-03 -0.3716E-02  0.2509E-02
   141.0      0.1113E-02  0.3229E-01 -0.3498E-03 -0.3706E-02  0.2560E-02
   141.5      0.1068E-02  0.3346E-01 -0.1391E-03 -0.3697E-02  0.2613E-02
   142.0      0.1023E-02  0.3466E-01  0.7077E-04 -0.3689E-02  0.2667E-02
   142.5      0.9768E-03  0.3588E-01  0.2801E-03 -0.3683E-02  0.2724E-02
   143.0      0.9305E-03  0.3712E-01  0.4892E-03 -0.3678E-02  0.2783E-02
   143.5      0.8840E-03  0.3840E-01  0.6987E-03 -0.3675E-02  0.2845E-02
   144.0      0.8373E-03  0.3971E-01  0.9091E-03 -0.3673E-02  0.2910E-02
   144.5      0.7905E-03  0.4108E-01  0.1121E-02 -0.3673E-02  0.2980E-02
   145.0      0.7438E-03  0.4249E-01  0.1335E-02 -0.3674E-02  0.3053E-02
   145.5      0.6974E-03  0.4397E-01  0.1552E-02 -0.3676E-02  0.3131E-02
   146.0      0.6514E-03  0.4553E-01  0.1772E-02 -0.3679E-02  0.3214E-02
   146.5      0.6060E-03  0.4717E-01  0.1996E-02 -0.3681E-02  0.3301E-02
   147.0      0.5612E-03  0.4891E-01  0.2227E-02 -0.3683E-02  0.3392E-02
   147.5      0.5175E-03  0.5075E-01  0.2464E-02 -0.3682E-02  0.3488E-02
   148.0      0.4748E-03  0.5271E-01  0.2709E-02 -0.3677E-02  0.3588E-02
   148.5      0.4334E-03  0.5481E-01  0.2965E-02 -0.3665E-02  0.3692E-02
   149.0      0.3934E-03  0.5703E-01  0.3234E-02 -0.3643E-02  0.3798E-02
   149.5      0.3552E-03  0.5940E-01  0.3518E-02 -0.3606E-02  0.3905E-02
   150.0      0.3188E-03  0.6190E-01  0.3822E-02 -0.3547E-02  0.4012E-02
   150.5      0.2844E-03  0.6451E-01  0.4149E-02 -0.3458E-02  0.4115E-02
   151.0      0.2522E-03  0.6719E-01  0.4504E-02 -0.3325E-02  0.4210E-02
   151.5      0.2223E-03  0.6984E-01  0.4892E-02 -0.3133E-02  0.4290E-02
   152.0      0.1950E-03  0.7235E-01  0.5317E-02 -0.2858E-02  0.4344E-02
   152.5      0.1704E-03  0.7448E-01  0.5784E-02 -0.2472E-02  0.4357E-02
   153.0      0.1485E-03  0.7591E-01  0.6290E-02 -0.1941E-02  0.4307E-02
   153.5      0.1296E-03  0.7613E-01  0.6828E-02 -0.1222E-02  0.4165E-02
   154.0      0.1137E-03  0.7452E-01  0.7377E-02 -0.2806E-03  0.3897E-02
   154.5      0.1009E-03  0.7033E-01  0.7898E-02  0.9035E-03  0.3465E-02
   155.0      0.9126E-04  0.6291E-01  0.8331E-02  0.2308E-02  0.2846E-02
   155.5      0.8486E-04  0.5201E-01  0.8606E-02  0.3847E-02  0.2047E-02
   156.0      0.8172E-04  0.3814E-01  0.8661E-02  0.5366E-02  0.1122E-02
   156.5      0.8186E-04  0.2267E-01  0.8474E-02  0.6678E-02  0.1688E-03
   157.0      0.8524E-04  0.7434E-02  0.8078E-02  0.7634E-02 -0.7023E-03
   157.5      0.9186E-04 -0.5949E-02  0.7549E-02  0.8171E-02 -0.1407E-02
   158.0      0.1017E-03 -0.1654E-01  0.6973E-02  0.8325E-02 -0.1910E-02
   158.5      0.1146E-03 -0.2417E-01  0.6420E-02  0.8183E-02 -0.2221E-02
   159.0      0.1305E-03 -0.2916E-01  0.5931E-02  0.7848E-02 -0.2377E-02
   159.5      0.1493E-03 -0.3208E-01  0.5522E-02  0.7407E-02 -0.2417E-02
   160.0      0.1710E-03 -0.3347E-01  0.5193E-02  0.6921E-02 -0.2380E-02
   160.5      0.1952E-03 -0.3380E-01  0.4938E-02  0.6430E-02 -0.2293E-02
   161.0      0.2220E-03 -0.3342E-01  0.4745E-02  0.5958E-02 -0.2177E-02
   161.5      0.2511E-03 -0.3259E-01  0.4603E-02  0.5514E-02 -0.2045E-02
   162.0      0.2824E-03 -0.3148E-01  0.4503E-02  0.5105E-02 -0.1908E-02
   162.5      0.3155E-03 -0.3022E-01  0.4436E-02  0.4730E-02 -0.1770E-02
   163.0      0.3505E-03 -0.2889E-01  0.4396E-02  0.4389E-02 -0.1636E-02
   163.5      0.3870E-03 -0.2754E-01  0.4377E-02  0.4079E-02 -0.1507E-02
   164.0      0.4248E-03 -0.2619E-01  0.4375E-02  0.3796E-02 -0.1385E-02
   164.5      0.4637E-03 -0.2488E-01  0.4385E-02  0.3539E-02 -0.1270E-02
   165.0      0.5036E-03 -0.2361E-01  0.4406E-02  0.3304E-02 -0.1163E-02
   165.5      0.5441E-03 -0.2238E-01  0.4434E-02  0.3089E-02 -0.1064E-02
   166.0      0.5851E-03 -0.2121E-01  0.4469E-02  0.2891E-02 -0.9722E-03
   166.5      0.6264E-03 -0.2008E-01  0.4507E-02  0.2708E-02 -0.8877E-03
   167.0      0.6678E-03 -0.1900E-01  0.4550E-02  0.2539E-02 -0.8100E-03
   167.5      0.7090E-03 -0.1797E-01  0.4595E-02  0.2382E-02 -0.7388E-03
   168.0      0.7499E-03 -0.1698E-01  0.4641E-02  0.2235E-02 -0.6736E-03
   168.5      0.7903E-03 -0.1603E-01  0.4690E-02  0.2097E-02 -0.6139E-03
   169.0      0.8300E-03 -0.1511E-01  0.4739E-02  0.1968E-02 -0.5591E-03
   169.5      0.8689E-03 -0.1423E-01  0.4789E-02  0.1846E-02 -0.5089E-03
   170.0      0.9067E-03 -0.1338E-01  0.4840E-02  0.1730E-02 -0.4626E-03
   170.5      0.9434E-03 -0.1256E-01  0.4891E-02  0.1619E-02 -0.4197E-03
   171.0      0.9789E-03 -0.1176E-01  0.4942E-02  0.1514E-02 -0.3799E-03
   171.5      0.1013E-02 -0.1099E-01  0.4994E-02  0.1413E-02 -0.3428E-03
   172.0      0.1045E-02 -0.1024E-01  0.5045E-02  0.1315E-02 -0.3079E-03
   172.5      0.1076E-02 -0.9514E-02  0.5096E-02  0.1221E-02 -0.2750E-03
   173.0      0.1106E-02 -0.8803E-02  0.5147E-02  0.1130E-02 -0.2439E-03
   173.5      0.1133E-02 -0.8109E-02  0.5197E-02  0.1041E-02 -0.2144E-03
   174.0      0.1159E-02 -0.7430E-02  0.5246E-02  0.9546E-03 -0.1863E-03
   174.5      0.1183E-02 -0.6765E-02  0.5293E-02  0.8698E-03 -0.1598E-03
   175.0      0.1204E-02 -0.6112E-02  0.5338E-02  0.7866E-03 -0.1347E-03
   175.5      0.1224E-02 -0.5470E-02  0.5381E-02  0.7048E-03 -0.1113E-03
   176.0      0.1242E-02 -0.4839E-02  0.5422E-02  0.6240E-03 -0.8960E-04
   176.5      0.1258E-02 -0.4216E-02  0.5459E-02  0.5443E-03 -0.6979E-04
   177.0      0.1272E-02 -0.3600E-02  0.5492E-02  0.4652E-03 -0.5209E-04
   177.5      0.1283E-02 -0.2991E-02  0.5521E-02  0.3868E-03 -0.3667E-04
   178.0      0.1293E-02 -0.2386E-02  0.5545E-02  0.3089E-03 -0.2374E-04
   178.5      0.1300E-02 -0.1786E-02  0.5564E-02  0.2314E-03 -0.1348E-04
   179.0      0.1305E-02 -0.1189E-02  0.5578E-02  0.1541E-03 -0.6031E-05
   179.5      0.1309E-02 -0.5941E-03  0.5587E-02  0.7701E-04 -0.1514E-05
   180.0      0.1310E-02   0.000      0.5589E-02   0.000       0.000    
 END
