0.000 1.502
0.000 -0.1848E-02
0.000 0.000
1.000 1.497
0.8628E-01 -0.3564E-02
-0.6056E-03 0.5289E-02
2.000 1.486
0.1634 -0.7501E-02
-0.4027E-02 0.2053E-01
3.000 1.471
0.2223 -0.1018E-01
-0.1278E-01 0.4378E-01
4.000 1.456
0.2551 -0.6432E-02
-0.2866E-01 0.7157E-01
5.000 1.448
0.2558 0.9453E-02
-0.5224E-01 0.9893E-01
6.000 1.455
0.2227 0.4192E-01
-0.8231E-01 0.1198
7.000 1.481
0.1598 0.9211E-01
-0.1157 0.1286
8.000 1.532
0.7734E-01 0.1567
-0.1480 0.1216
9.000 1.606
-0.1104E-01 0.2286
-0.1747 0.9867E-01
10.00 1.701
-0.9210E-01 0.2996
-0.1931 0.6305E-01
11.00 1.807
-0.1567 0.3629
-0.2022 0.1974E-01
12.00 1.911
-0.2007 0.4147
-0.2030 -0.2630E-01
13.00 1.997
-0.2238 0.4540
-0.1973 -0.7137E-01
14.00 2.051
-0.2280 0.4814
-0.1869 -0.1133
15.00 2.061
-0.2155 0.4985
-0.1736 -0.1512
16.00 2.018
-0.1881 0.5066
-0.1585 -0.1853
17.00 1.922
-0.1469 0.5067
-0.1425 -0.2161
18.00 1.776
-0.9149E-01 0.4987
-0.1262 -0.2445
19.00 1.591
-0.2058E-01 0.4819
-0.1099 -0.2720
20.00 1.382
0.6818E-01 0.4539
-0.9445E-01 -0.2998
21.00 1.165
0.1776 0.4113
-0.8085E-01 -0.3295
22.00 0.9575
0.3096 0.3490
-0.7138E-01 -0.3628
23.00 0.7729
0.4614 0.2618
-0.7005E-01 -0.4006
24.00 0.6223
0.6186 0.1479
-0.8307E-01 -0.4419
25.00 0.5117
0.7469 0.1743E-01
-0.1172 -0.4811
26.00 0.4423
0.7962 -0.1003
-0.1740 -0.5071
27.00 0.4109
0.7329 -0.1658
-0.2431 -0.5091
28.00 0.4104
0.5766 -0.1589
-0.3058 -0.4853
29.00 0.4313
0.3865 -0.9405E-01
-0.3489 -0.4449
30.00 0.4631
0.2136 -0.1250E-02
-0.3708 -0.3987
31.00 0.4956
0.8009E-01 0.9649E-01
-0.3767 -0.3532
32.00 0.5203
-0.1251E-01 0.1881
-0.3722 -0.3097
33.00 0.5310
-0.7034E-01 0.2705
-0.3613 -0.2676
34.00 0.5246
-0.1004 0.3443
-0.3458 -0.2251
35.00 0.5007
-0.1081 0.4108
-0.3262 -0.1803
36.00 0.4617
-0.9730E-01 0.4718
-0.3017 -0.1313
37.00 0.4116
-0.7014E-01 0.5279
-0.2706 -0.7650E-01
38.00 0.3556
-0.2812E-01 0.5785
-0.2304 -0.1532E-01
39.00 0.2990
0.2710E-01 0.6208
-0.1778 0.5108E-01
40.00 0.2469
0.9181E-01 0.6481
-0.1101 0.1173
41.00 0.2032
0.1574 0.6497
-0.2762E-01 0.1707
42.00 0.1704
0.2080 0.6120
0.6063E-01 0.1891
43.00 0.1497
0.2232 0.5285
0.1338 0.1487
44.00 0.1408
0.1923 0.4123
0.1666 0.4342E-01
45.00 0.1419
0.1270 0.2945
0.1486 -0.1016
46.00 0.1506
0.5337E-01 0.2023
0.9224E-01 -0.2471
47.00 0.1638
-0.7127E-02 0.1442
0.1917E-01 -0.3672
48.00 0.1782
-0.4619E-01 0.1145
-0.5440E-01 -0.4554
49.00 0.1911
-0.6416E-01 0.1033
-0.1211 -0.5165
50.00 0.2001
-0.6439E-01 0.1027
-0.1791 -0.5575
51.00 0.2036
-0.5027E-01 0.1071
-0.2291 -0.5846
52.00 0.2012
-0.2431E-01 0.1133
-0.2728 -0.6023
53.00 0.1929
0.1187E-01 0.1192
-0.3113 -0.6132
54.00 0.1795
0.5730E-01 0.1235
-0.3458 -0.6186
55.00 0.1624
0.1113 0.1253
-0.3766 -0.6188
56.00 0.1430
0.1733 0.1243
-0.4037 -0.6130
57.00 0.1228
0.2420 0.1202
-0.4261 -0.5993
58.00 0.1031
0.3148 0.1136
-0.4418 -0.5742
59.00 0.8504E-01
0.3872 0.1057
-0.4474 -0.5329
60.00 0.6923E-01
0.4513 0.9944E-01
-0.4379 -0.4689
61.00 0.5612E-01
0.4949 0.9975E-01
-0.4070 -0.3753
62.00 0.4582E-01
0.5030 0.1136
-0.3486 -0.2473
63.00 0.3821E-01
0.4624 0.1482
-0.2606 -0.8808E-01
64.00 0.3299E-01
0.3711 0.2071
-0.1496 0.8689E-01
65.00 0.2978E-01
0.2460 0.2851
-0.3245E-01 0.2507
66.00 0.2816E-01
0.1194 0.3688
0.6988E-01 0.3762
67.00 0.2769E-01
0.2331E-01 0.4419
0.1422 0.4488
68.00 0.2800E-01
-0.2443E-01 0.4925
0.1804 0.4703
69.00 0.2878E-01
-0.2238E-01 0.5158
0.1892 0.4523
70.00 0.2977E-01
0.2063E-01 0.5122
0.1766 0.4083
71.00 0.3081E-01
0.9207E-01 0.4846
0.1504 0.3493
72.00 0.3177E-01
0.1795 0.4370
0.1167 0.2832
73.00 0.3260E-01
0.2721 0.3736
0.8010E-01 0.2151
74.00 0.3326E-01
0.3608 0.2986
0.4355E-01 0.1485
75.00 0.3375E-01
0.4385 0.2164
0.9188E-02 0.8582E-01
76.00 0.3406E-01
0.5000 0.1311
-0.2161E-01 0.2902E-01
77.00 0.3420E-01
0.5419 0.4685E-01
-0.4805E-01 -0.2040E-01
78.00 0.3418E-01
0.5623 -0.3283E-01
-0.6986E-01 -0.6129E-01
79.00 0.3400E-01
0.5614 -0.1049
-0.8713E-01 -0.9279E-01
80.00 0.3368E-01
0.5404 -0.1671
-0.1004 -0.1143
81.00 0.3322E-01
0.5018 -0.2180
-0.1103 -0.1258
82.00 0.3266E-01
0.4490 -0.2565
-0.1177 -0.1272
83.00 0.3200E-01
0.3857 -0.2827
-0.1237 -0.1191
84.00 0.3127E-01
0.3164 -0.2969
-0.1292 -0.1022
85.00 0.3050E-01
0.2453 -0.2999
-0.1350 -0.7772E-01
86.00 0.2969E-01
0.1765 -0.2930
-0.1416 -0.4709E-01
87.00 0.2888E-01
0.1135 -0.2777
-0.1493 -0.1200E-01
88.00 0.2807E-01
0.5907E-01 -0.2554
-0.1580 0.2564E-01
89.00 0.2727E-01
0.1502E-01 -0.2278
-0.1672 0.6386E-01
90.00 0.2650E-01
-0.1791E-01 -0.1964
-0.1760 0.1007
91.00 0.2577E-01
-0.4007E-01 -0.1625
-0.1832 0.1343
92.00 0.2507E-01
-0.5275E-01 -0.1274
-0.1878 0.1632
93.00 0.2443E-01
-0.5804E-01 -0.9214E-01
-0.1884 0.1860
94.00 0.2384E-01
-0.5859E-01 -0.5784E-01
-0.1841 0.2019
95.00 0.2332E-01
-0.5726E-01 -0.2540E-01
-0.1746 0.2105
96.00 0.2288E-01
-0.5681E-01 0.4268E-02
-0.1599 0.2118
97.00 0.2254E-01
-0.5959E-01 0.3028E-01
-0.1408 0.2061
98.00 0.2229E-01
-0.6717E-01 0.5185E-01
-0.1190 0.1945
99.00 0.2215E-01
-0.8021E-01 0.6833E-01
-0.9656E-01 0.1780
100.0 0.2212E-01
-0.9831E-01 0.7927E-01
-0.7595E-01 0.1579
101.0 0.2219E-01
-0.1202 0.8449E-01
-0.5960E-01 0.1357
102.0 0.2237E-01
-0.1437 0.8405E-01
-0.4956E-01 0.1125
103.0 0.2262E-01
-0.1665 0.7828E-01
-0.4721E-01 0.8940E-01
104.0 0.2294E-01
-0.1863 0.6764E-01
-0.5310E-01 0.6716E-01
105.0 0.2330E-01
-0.2010 0.5270E-01
-0.6690E-01 0.4619E-01
106.0 0.2367E-01
-0.2092 0.3404E-01
-0.8758E-01 0.2671E-01
107.0 0.2401E-01
-0.2101 0.1220E-01
-0.1135 0.8749E-02
108.0 0.2429E-01
-0.2038 -0.1235E-01
-0.1427 -0.7738E-02
109.0 0.2448E-01
-0.1909 -0.3922E-01
-0.1733 -0.2282E-01
110.0 0.2453E-01
-0.1727 -0.6805E-01
-0.2031 -0.3652E-01
111.0 0.2442E-01
-0.1506 -0.9852E-01
-0.2305 -0.4883E-01
112.0 0.2414E-01
-0.1266 -0.1303
-0.2539 -0.5965E-01
113.0 0.2366E-01
-0.1027 -0.1630
-0.2719 -0.6881E-01
114.0 0.2299E-01
-0.8097E-01 -0.1960
-0.2836 -0.7604E-01
115.0 0.2214E-01
-0.6372E-01 -0.2287
-0.2883 -0.8101E-01
116.0 0.2115E-01
-0.5311E-01 -0.2601
-0.2855 -0.8325E-01
117.0 0.2003E-01
-0.5130E-01 -0.2889
-0.2751 -0.8221E-01
118.0 0.1886E-01
-0.6020E-01 -0.3136
-0.2575 -0.7722E-01
119.0 0.1767E-01
-0.8117E-01 -0.3322
-0.2338 -0.6756E-01
120.0 0.1652E-01
-0.1146 -0.3426
-0.2060 -0.5262E-01
121.0 0.1549E-01
-0.1591 -0.3428
-0.1767 -0.3205E-01
122.0 0.1460E-01
-0.2113 -0.3316
-0.1498 -0.6131E-02
123.0 0.1393E-01
-0.2648 -0.3092
-0.1295 0.2393E-01
124.0 0.1349E-01
-0.3117 -0.2780
-0.1193 0.5593E-01
125.0 0.1330E-01
-0.3438 -0.2425
-0.1215 0.8689E-01
126.0 0.1336E-01
-0.3552 -0.2082
-0.1355 0.1139
127.0 0.1365E-01
-0.3443 -0.1805
-0.1586 0.1347
128.0 0.1411E-01
-0.3137 -0.1628
-0.1866 0.1485
129.0 0.1469E-01
-0.2688 -0.1566
-0.2152 0.1557
130.0 0.1532E-01
-0.2161 -0.1612
-0.2410 0.1574
131.0 0.1590E-01
-0.1615 -0.1751
-0.2619 0.1551
132.0 0.1637E-01
-0.1095 -0.1962
-0.2769 0.1500
133.0 0.1664E-01
-0.6357E-01 -0.2228
-0.2856 0.1432
134.0 0.1667E-01
-0.2596E-01 -0.2534
-0.2883 0.1352
135.0 0.1642E-01
0.1550E-02 -0.2871
-0.2854 0.1266
136.0 0.1588E-01
0.1742E-01 -0.3235
-0.2773 0.1174
137.0 0.1508E-01
0.2002E-01 -0.3626
-0.2644 0.1079
138.0 0.1407E-01
0.7481E-02 -0.4046
-0.2473 0.9798E-01
139.0 0.1291E-01
-0.2227E-01 -0.4501
-0.2265 0.8785E-01
140.0 0.1171E-01
-0.7099E-01 -0.4998
-0.2029 0.7783E-01
141.0 0.1056E-01
-0.1389 -0.5533
-0.1779 0.6871E-01
142.0 0.9566E-02
-0.2220 -0.6092
-0.1543 0.6197E-01
143.0 0.8834E-02
-0.3097 -0.6630
-0.1356 0.5978E-01
144.0 0.8442E-02
-0.3836 -0.7074
-0.1257 0.6435E-01
145.0 0.8445E-02
-0.4242 -0.7351
-0.1265 0.7667E-01
146.0 0.8866E-02
-0.4213 -0.7426
-0.1364 0.9539E-01
147.0 0.9693E-02
-0.3802 -0.7328
-0.1509 0.1174
148.0 0.1088E-01
-0.3163 -0.7121
-0.1651 0.1396
149.0 0.1233E-01
-0.2456 -0.6868
-0.1763 0.1600
150.0 0.1396E-01
-0.1787 -0.6612
-0.1833 0.1781
151.0 0.1563E-01
-0.1207 -0.6372
-0.1866 0.1938
152.0 0.1721E-01
-0.7314E-01 -0.6153
-0.1868 0.2076
153.0 0.1858E-01
-0.3554E-01 -0.5955
-0.1848 0.2199
154.0 0.1963E-01
-0.6618E-02 -0.5775
-0.1813 0.2309
155.0 0.2027E-01
0.1521E-01 -0.5611
-0.1768 0.2406
156.0 0.2046E-01
0.3161E-01 -0.5463
-0.1717 0.2489
157.0 0.2019E-01
0.4437E-01 -0.5336
-0.1664 0.2554
158.0 0.1951E-01
0.5549E-01 -0.5240
-0.1610 0.2591
159.0 0.1851E-01
0.6741E-01 -0.5195
-0.1555 0.2584
160.0 0.1731E-01
0.8317E-01 -0.5237
-0.1498 0.2510
161.0 0.1610E-01
0.1064 -0.5413
-0.1436 0.2336
162.0 0.1506E-01
0.1405 -0.5782
-0.1362 0.2030
163.0 0.1440E-01
0.1866 -0.6384
-0.1268 0.1576
164.0 0.1432E-01
0.2408 -0.7200
-0.1151 0.1005
165.0 0.1500E-01
0.2933 -0.8116
-0.1015 0.4074E-01
166.0 0.1660E-01
0.3326 -0.8962
-0.8724E-01 -0.1010E-01
167.0 0.1921E-01
0.3519 -0.9606
-0.7384E-01 -0.4457E-01
168.0 0.2288E-01
0.3518 -1.001
-0.6221E-01 -0.6203E-01
169.0 0.2757E-01
0.3370 -1.021
-0.5255E-01 -0.6641E-01
170.0 0.3320E-01
0.3131 -1.028
-0.4459E-01 -0.6260E-01
171.0 0.3959E-01
0.2841 -1.026
-0.3794E-01 -0.5454E-01
172.0 0.4653E-01
0.2527 -1.019
-0.3223E-01 -0.4484E-01
173.0 0.5373E-01
0.2205 -1.011
-0.2721E-01 -0.3504E-01
174.0 0.6089E-01
0.1881 -1.003
-0.2266E-01 -0.2599E-01
175.0 0.6768E-01
0.1560 -0.9949
-0.1846E-01 -0.1811E-01
176.0 0.7378E-01
0.1242 -0.9882
-0.1451E-01 -0.1159E-01
177.0 0.7888E-01
0.9281E-01 -0.9829
-0.1074E-01 -0.6509E-02
178.0 0.8272E-01
0.6170E-01 -0.9791
-0.7094E-02 -0.2888E-02
179.0 0.8511E-01
0.3080E-01 -0.9768
-0.3528E-02 -0.7210E-03
180.0 0.8592E-01
0.000 -0.9760
0.000 0.000
