0.000 9.224
0.000 0.7071
0.000 0.000
1.000 9.750
-0.7640E-01 0.6196
0.2267 0.2976E-01
2.000 11.17
-0.1230 0.4204
0.3707 0.9729E-01
3.000 13.03
-0.1378 0.2107
0.4264 0.1679
4.000 14.75
-0.1331 0.3829E-01
0.4279 0.2252
5.000 15.78
-0.1191 -0.9293E-01
0.4041 0.2677
6.000 15.72
-0.1014 -0.1929
0.3698 0.2985
7.000 14.49
-0.8201E-01 -0.2724
0.3305 0.3212
8.000 12.27
-0.6169E-01 -0.3404
0.2863 0.3381
9.000 9.458
-0.4046E-01 -0.4035
0.2336 0.3506
10.00 6.560
-0.1881E-01 -0.4666
0.1638 0.3585
11.00 4.022
-0.5430E-03 -0.5295
0.5879E-01 0.3577
12.00 2.152
-0.4222E-02 -0.5691
-0.1159 0.3321
13.00 1.064
-0.1029 -0.4592
-0.3758 0.2305
14.00 0.6914
-0.3708 0.9115E-02
-0.4144 0.3847E-01
15.00 0.8400
-0.4799 0.3021
-0.1281E-01 0.3681E-02
16.00 1.262
-0.4069 0.2341
0.2558 0.7477E-01
17.00 1.726
-0.3284 0.1143
0.3633 0.1285
18.00 2.066
-0.2708 0.1360E-01
0.4088 0.1582
19.00 2.197
-0.2278 -0.7051E-01
0.4324 0.1724
20.00 2.113
-0.1927 -0.1480
0.4479 0.1764
21.00 1.861
-0.1614 -0.2286
0.4599 0.1731
22.00 1.516
-0.1309 -0.3219
0.4687 0.1640
23.00 1.150
-0.1001 -0.4388
0.4708 0.1506
24.00 0.8245
-0.7098E-01 -0.5887
0.4564 0.1353
25.00 0.5729
-0.5301E-01 -0.7688
0.4064 0.1241
26.00 0.4075
-0.6841E-01 -0.9311
0.2960 0.1281
27.00 0.3218
-0.1400 -0.9650
0.1296 0.1566
28.00 0.2976
-0.2498 -0.8059
-0.2474E-01 0.1972
29.00 0.3121
-0.3467 -0.5516
-0.1059 0.2242
30.00 0.3435
-0.4079 -0.3238
-0.1245 0.2290
31.00 0.3738
-0.4419 -0.1595
-0.1163 0.2171
32.00 0.3913
-0.4616 -0.4832E-01
-0.1038 0.1947
33.00 0.3902
-0.4752 0.2717E-01
-0.9697E-01 0.1647
34.00 0.3701
-0.4867 0.8008E-01
-0.1000 0.1278
35.00 0.3346
-0.4973 0.1193
-0.1152 0.8299E-01
36.00 0.2894
-0.5062 0.1512
-0.1441 0.2881E-01
37.00 0.2411
-0.5097 0.1812
-0.1880 -0.3616E-01
38.00 0.1956
-0.5008 0.2153
-0.2468 -0.1114
39.00 0.1570
-0.4690 0.2597
-0.3154 -0.1913
40.00 0.1279
-0.4025 0.3191
-0.3806 -0.2616
41.00 0.1086
-0.2984 0.3925
-0.4213 -0.3008
42.00 0.9816E-01
-0.1720 0.4690
-0.4202 -0.2932
43.00 0.9443E-01
-0.5150E-01 0.5340
-0.3793 -0.2437
44.00 0.9501E-01
0.4211E-01 0.5791
-0.3180 -0.1742
45.00 0.9760E-01
0.1052 0.6050
-0.2573 -0.1063
46.00 0.1004
0.1453 0.6166
-0.2089 -0.5136E-01
47.00 0.1020
0.1721 0.6182
-0.1766 -0.1193E-01
48.00 0.1020
0.1934 0.6119
-0.1599 0.1356E-01
49.00 0.1003
0.2144 0.5979
-0.1566 0.2805E-01
50.00 0.9717E-01
0.2383 0.5748
-0.1640 0.3461E-01
51.00 0.9327E-01
0.2669 0.5405
-0.1791 0.3628E-01
52.00 0.8923E-01
0.3003 0.4933
-0.1979 0.3596E-01
53.00 0.8568E-01
0.3371 0.4328
-0.2163 0.3637E-01
54.00 0.8305E-01
0.3747 0.3611
-0.2298 0.3962E-01
55.00 0.8154E-01
0.4100 0.2831
-0.2350 0.4670E-01
56.00 0.8110E-01
0.4403 0.2053
-0.2306 0.5728E-01
57.00 0.8146E-01
0.4640 0.1337
-0.2177 0.6990E-01
58.00 0.8221E-01
0.4814 0.7236E-01
-0.1988 0.8268E-01
59.00 0.8289E-01
0.4936 0.2267E-01
-0.1770 0.9392E-01
60.00 0.8305E-01
0.5022 -0.1587E-01
-0.1549 0.1024
61.00 0.8236E-01
0.5087 -0.4489E-01
-0.1344 0.1076
62.00 0.8061E-01
0.5144 -0.6641E-01
-0.1168 0.1091
63.00 0.7773E-01
0.5201 -0.8242E-01
-0.1027 0.1072
64.00 0.7376E-01
0.5263 -0.9476E-01
-0.9264E-01 0.1019
65.00 0.6888E-01
0.5333 -0.1051
-0.8678E-01 0.9356E-01
66.00 0.6330E-01
0.5413 -0.1152
-0.8530E-01 0.8246E-01
67.00 0.5729E-01
0.5501 -0.1267
-0.8830E-01 0.6893E-01
68.00 0.5114E-01
0.5597 -0.1416
-0.9576E-01 0.5343E-01
69.00 0.4513E-01
0.5697 -0.1618
-0.1074 0.3661E-01
70.00 0.3951E-01
0.5797 -0.1895
-0.1224 0.1943E-01
71.00 0.3448E-01
0.5889 -0.2261
-0.1392 0.3318E-02
72.00 0.3018E-01
0.5964 -0.2722
-0.1551 -0.9924E-02
73.00 0.2666E-01
0.6010 -0.3259
-0.1667 -0.1835E-01
74.00 0.2390E-01
0.6021 -0.3831
-0.1704 -0.2047E-01
75.00 0.2182E-01
0.5994 -0.4380
-0.1635 -0.1589E-01
76.00 0.2030E-01
0.5935 -0.4842
-0.1452 -0.5619E-02
77.00 0.1920E-01
0.5853 -0.5175
-0.1170 0.8240E-02
78.00 0.1836E-01
0.5762 -0.5359
-0.8203E-01 0.2325E-01
79.00 0.1767E-01
0.5674 -0.5402
-0.4362E-01 0.3732E-01
80.00 0.1702E-01
0.5595 -0.5324
-0.4872E-02 0.4909E-01
81.00 0.1632E-01
0.5531 -0.5150
0.3190E-01 0.5793E-01
82.00 0.1553E-01
0.5482 -0.4906
0.6510E-01 0.6376E-01
83.00 0.1464E-01
0.5449 -0.4612
0.9366E-01 0.6689E-01
84.00 0.1365E-01
0.5430 -0.4285
0.1169 0.6787E-01
85.00 0.1260E-01
0.5423 -0.3940
0.1342 0.6744E-01
86.00 0.1151E-01
0.5425 -0.3588
0.1452 0.6643E-01
87.00 0.1045E-01
0.5431 -0.3244
0.1499 0.6573E-01
88.00 0.9445E-02
0.5438 -0.2923
0.1482 0.6620E-01
89.00 0.8529E-02
0.5440 -0.2639
0.1408 0.6853E-01
90.00 0.7718E-02
0.5433 -0.2409
0.1285 0.7311E-01
91.00 0.7013E-02
0.5415 -0.2245
0.1129 0.7993E-01
92.00 0.6407E-02
0.5384 -0.2154
0.9529E-01 0.8862E-01
93.00 0.5883E-02
0.5340 -0.2138
0.7736E-01 0.9860E-01
94.00 0.5425E-02
0.5285 -0.2187
0.6029E-01 0.1093
95.00 0.5016E-02
0.5218 -0.2287
0.4489E-01 0.1201
96.00 0.4642E-02
0.5141 -0.2417
0.3149E-01 0.1310
97.00 0.4293E-02
0.5056 -0.2556
0.1998E-01 0.1418
98.00 0.3967E-02
0.4961 -0.2683
0.9828E-02 0.1528
99.00 0.3663E-02
0.4856 -0.2777
0.2358E-03 0.1643
100.0 0.3388E-02
0.4741 -0.2826
-0.9762E-02 0.1768
101.0 0.3149E-02
0.4612 -0.2826
-0.2106E-01 0.1909
102.0 0.2952E-02
0.4465 -0.2783
-0.3425E-01 0.2067
103.0 0.2801E-02
0.4299 -0.2716
-0.4938E-01 0.2239
104.0 0.2698E-02
0.4116 -0.2650
-0.6588E-01 0.2419
105.0 0.2637E-02
0.3918 -0.2610
-0.8282E-01 0.2595
106.0 0.2611E-02
0.3713 -0.2613
-0.9921E-01 0.2756
107.0 0.2606E-02
0.3504 -0.2661
-0.1144 0.2896
108.0 0.2611E-02
0.3296 -0.2747
-0.1280 0.3013
109.0 0.2610E-02
0.3086 -0.2853
-0.1402 0.3113
110.0 0.2594E-02
0.2871 -0.2960
-0.1512 0.3202
111.0 0.2552E-02
0.2644 -0.3049
-0.1613 0.3290
112.0 0.2482E-02
0.2399 -0.3104
-0.1707 0.3385
113.0 0.2382E-02
0.2125 -0.3117
-0.1792 0.3492
114.0 0.2258E-02
0.1816 -0.3085
-0.1866 0.3613
115.0 0.2120E-02
0.1463 -0.3020
-0.1921 0.3747
116.0 0.1982E-02
0.1061 -0.2944
-0.1940 0.3884
117.0 0.1859E-02
0.6179E-01 -0.2892
-0.1902 0.4008
118.0 0.1764E-02
0.1521E-01 -0.2902
-0.1779 0.4100
119.0 0.1709E-02
-0.3002E-01 -0.2994
-0.1557 0.4146
120.0 0.1697E-02
-0.6959E-01 -0.3159
-0.1241 0.4141
121.0 0.1724E-02
-0.1003 -0.3352
-0.8612E-01 0.4100
122.0 0.1782E-02
-0.1210 -0.3511
-0.4651E-01 0.4047
123.0 0.1854E-02
-0.1331 -0.3588
-0.9654E-02 0.4008
124.0 0.1923E-02
-0.1391 -0.3554
0.2138E-01 0.4001
125.0 0.1972E-02
-0.1417 -0.3401
0.4494E-01 0.4035
126.0 0.1987E-02
-0.1433 -0.3132
0.6045E-01 0.4114
127.0 0.1958E-02
-0.1459 -0.2754
0.6797E-01 0.4235
128.0 0.1883E-02
-0.1514 -0.2274
0.6802E-01 0.4391
129.0 0.1768E-02
-0.1611 -0.1701
0.6171E-01 0.4565
130.0 0.1623E-02
-0.1768 -0.1045
0.5104E-01 0.4730
131.0 0.1463E-02
-0.1995 -0.3282E-01
0.3952E-01 0.4838
132.0 0.1305E-02
-0.2299 0.4077E-01
0.3284E-01 0.4815
133.0 0.1167E-02
-0.2669 0.1094
0.3886E-01 0.4572
134.0 0.1060E-02
-0.3065 0.1641
0.6561E-01 0.4030
135.0 0.9943E-03
-0.3421 0.1970
0.1166 0.3191
136.0 0.9709E-03
-0.3666 0.2065
0.1862 0.2174
137.0 0.9859E-03
-0.3765 0.1995
0.2603 0.1185
138.0 0.1030E-02
-0.3735 0.1872
0.3243 0.4044E-01
139.0 0.1089E-02
-0.3625 0.1785
0.3697 -0.8355E-02
140.0 0.1149E-02
-0.3481 0.1772
0.3948 -0.2824E-01
141.0 0.1195E-02
-0.3337 0.1833
0.4020 -0.2362E-01
142.0 0.1218E-02
-0.3209 0.1949
0.3946 0.6454E-03
143.0 0.1211E-02
-0.3103 0.2095
0.3755 0.4065E-01
144.0 0.1170E-02
-0.3019 0.2252
0.3467 0.9349E-01
145.0 0.1101E-02
-0.2954 0.2411
0.3091 0.1566
146.0 0.1008E-02
-0.2904 0.2567
0.2627 0.2268
147.0 0.9024E-03
-0.2869 0.2728
0.2069 0.2985
148.0 0.7952E-03
-0.2853 0.2914
0.1414 0.3613
149.0 0.6980E-03
-0.2872 0.3152
0.6859E-01 0.3981
150.0 0.6214E-03
-0.2952 0.3469
-0.3920E-02 0.3849
151.0 0.5743E-03
-0.3117 0.3862
-0.6084E-01 0.3011
152.0 0.5622E-03
-0.3369 0.4274
-0.8403E-01 0.1487
153.0 0.5874E-03
-0.3663 0.4607
-0.6498E-01 -0.3674E-01
154.0 0.6476E-03
-0.3935 0.4786
-0.1205E-01 -0.2069
155.0 0.7368E-03
-0.4142 0.4802
0.5749E-01 -0.3314
156.0 0.8455E-03
-0.4271 0.4686
0.1293 -0.4050
157.0 0.9620E-03
-0.4331 0.4476
0.1961 -0.4364
158.0 0.1074E-02
-0.4333 0.4197
0.2554 -0.4361
159.0 0.1171E-02
-0.4287 0.3859
0.3065 -0.4115
160.0 0.1243E-02
-0.4199 0.3467
0.3491 -0.3663
161.0 0.1286E-02
-0.4070 0.3023
0.3815 -0.3007
162.0 0.1301E-02
-0.3899 0.2538
0.4001 -0.2129
163.0 0.1295E-02
-0.3683 0.2038
0.3993 -0.1004
164.0 0.1280E-02
-0.3422 0.1585
0.3717 0.3717E-01
165.0 0.1274E-02
-0.3120 0.1279
0.3103 0.1928
166.0 0.1300E-02
-0.2797 0.1249
0.2146 0.3473
167.0 0.1380E-02
-0.2482 0.1589
0.9676E-01 0.4708
168.0 0.1539E-02
-0.2206 0.2279
-0.1982E-01 0.5364
169.0 0.1796E-02
-0.1980 0.3170
-0.1116 0.5367
170.0 0.2162E-02
-0.1795 0.4078
-0.1677 0.4865
171.0 0.2640E-02
-0.1631 0.4872
-0.1908 0.4095
172.0 0.3220E-02
-0.1473 0.5505
-0.1902 0.3255
173.0 0.3881E-02
-0.1311 0.5983
-0.1753 0.2465
174.0 0.4589E-02
-0.1141 0.6333
-0.1530 0.1779
175.0 0.5303E-02
-0.9622E-01 0.6584
-0.1276 0.1211
176.0 0.5974E-02
-0.7768E-01 0.6761
-0.1013 0.7606E-01
177.0 0.6558E-02
-0.5862E-01 0.6882
-0.7520E-01 0.4213E-01
178.0 0.7009E-02
-0.3924E-01 0.6960
-0.4967E-01 0.1851E-01
179.0 0.7295E-02
-0.1966E-01 0.7004
-0.2468E-01 0.4596E-02
180.0 0.7393E-02
0.000 0.7018
0.000 0.000
