0.000 1.659
0.000 0.7071
0.000 0.000
1.000 1.647
0.1348E-02 0.7071
0.2455E-02 -0.1528E-02
2.000 1.613
0.1762E-02 0.7068
0.7909E-02 -0.5811E-02
3.000 1.563
0.4406E-03 0.7055
0.1903E-01 -0.1193E-01
4.000 1.506
-0.3108E-02 0.7022
0.3777E-01 -0.1836E-01
5.000 1.448
-0.8835E-02 0.6955
0.6486E-01 -0.2308E-01
6.000 1.399
-0.1597E-01 0.6842
0.9947E-01 -0.2397E-01
7.000 1.363
-0.2304E-01 0.6675
0.1393 -0.1935E-01
8.000 1.342
-0.2826E-01 0.6451
0.1811 -0.8472E-02
9.000 1.334
-0.3013E-01 0.6170
0.2218 0.8260E-02
10.00 1.337
-0.2799E-01 0.5834
0.2590 0.2964E-01
11.00 1.343
-0.2222E-01 0.5440
0.2914 0.5418E-01
12.00 1.348
-0.1409E-01 0.4988
0.3182 0.8050E-01
13.00 1.346
-0.5328E-02 0.4478
0.3390 0.1076
14.00 1.330
0.2310E-02 0.3915
0.3532 0.1346
15.00 1.297
0.7388E-02 0.3311
0.3605 0.1612
16.00 1.244
0.8988E-02 0.2680
0.3603 0.1871
17.00 1.172
0.6759E-02 0.2038
0.3523 0.2119
18.00 1.082
0.8743E-03 0.1396
0.3359 0.2355
19.00 0.9807
-0.8051E-02 0.7646E-01
0.3107 0.2575
20.00 0.8738
-0.1905E-01 0.1555E-01
0.2760 0.2775
21.00 0.7682
-0.3091E-01 -0.4168E-01
0.2318 0.2946
22.00 0.6694
-0.4233E-01 -0.9289E-01
0.1782 0.3077
23.00 0.5815
-0.5214E-01 -0.1346
0.1166 0.3157
24.00 0.5065
-0.5965E-01 -0.1623
0.4990E-01 0.3176
25.00 0.4448
-0.6490E-01 -0.1714
-0.1786E-01 0.3135
26.00 0.3952
-0.6878E-01 -0.1583
-0.8160E-01 0.3042
27.00 0.3556
-0.7281E-01 -0.1220
-0.1364 0.2912
28.00 0.3236
-0.7866E-01 -0.6457E-01
-0.1788 0.2762
29.00 0.2969
-0.8770E-01 0.9063E-02
-0.2070 0.2603
30.00 0.2736
-0.1007 0.9238E-01
-0.2208 0.2438
31.00 0.2521
-0.1176 0.1781
-0.2210 0.2260
32.00 0.2320
-0.1379 0.2589
-0.2087 0.2059
33.00 0.2129
-0.1603 0.3272
-0.1851 0.1825
34.00 0.1951
-0.1827 0.3762
-0.1514 0.1555
35.00 0.1791
-0.2028 0.4000
-0.1092 0.1257
36.00 0.1649
-0.2179 0.3956
-0.6127E-01 0.9509E-01
37.00 0.1529
-0.2258 0.3635
-0.1107E-01 0.6627E-01
38.00 0.1429
-0.2255 0.3084
0.3727E-01 0.4222E-01
39.00 0.1346
-0.2171 0.2378
0.7974E-01 0.2531E-01
40.00 0.1277
-0.2023 0.1603
0.1131 0.1676E-01
41.00 0.1219
-0.1834 0.8394E-01
0.1354 0.1653E-01
42.00 0.1166
-0.1631 0.1495E-01
0.1460 0.2352E-01
43.00 0.1116
-0.1438 -0.4259E-01
0.1455 0.3612E-01
44.00 0.1066
-0.1272 -0.8632E-01
0.1352 0.5261E-01
45.00 0.1013
-0.1145 -0.1151
0.1170 0.7149E-01
46.00 0.9562E-01
-0.1062 -0.1288
0.9299E-01 0.9158E-01
47.00 0.8960E-01
-0.1024 -0.1280
0.6529E-01 0.1120
48.00 0.8331E-01
-0.1028 -0.1140
0.3596E-01 0.1322
49.00 0.7689E-01
-0.1073 -0.8905E-01
0.6919E-02 0.1516
50.00 0.7054E-01
-0.1152 -0.5579E-01
-0.2016E-01 0.1699
51.00 0.6441E-01
-0.1260 -0.1739E-01
-0.4390E-01 0.1867
52.00 0.5864E-01
-0.1388 0.2312E-01
-0.6326E-01 0.2021
53.00 0.5331E-01
-0.1527 0.6315E-01
-0.7762E-01 0.2161
54.00 0.4844E-01
-0.1667 0.1009
-0.8670E-01 0.2290
55.00 0.4404E-01
-0.1800 0.1351
-0.9052E-01 0.2412
56.00 0.4008E-01
-0.1918 0.1651
-0.8931E-01 0.2530
57.00 0.3653E-01
-0.2019 0.1902
-0.8348E-01 0.2648
58.00 0.3335E-01
-0.2102 0.2100
-0.7367E-01 0.2766
59.00 0.3050E-01
-0.2168 0.2240
-0.6074E-01 0.2885
60.00 0.2795E-01
-0.2218 0.2322
-0.4583E-01 0.3004
61.00 0.2564E-01
-0.2254 0.2350
-0.3015E-01 0.3124
62.00 0.2356E-01
-0.2275 0.2339
-0.1492E-01 0.3247
63.00 0.2167E-01
-0.2281 0.2306
-0.1070E-02 0.3373
64.00 0.1995E-01
-0.2271 0.2274
0.1083E-01 0.3505
65.00 0.1838E-01
-0.2245 0.2259
0.2063E-01 0.3641
66.00 0.1697E-01
-0.2203 0.2271
0.2847E-01 0.3776
67.00 0.1569E-01
-0.2151 0.2316
0.3458E-01 0.3905
68.00 0.1454E-01
-0.2092 0.2390
0.3914E-01 0.4019
69.00 0.1351E-01
-0.2032 0.2494
0.4214E-01 0.4110
70.00 0.1257E-01
-0.1974 0.2625
0.4350E-01 0.4172
71.00 0.1169E-01
-0.1918 0.2785
0.4316E-01 0.4205
72.00 0.1088E-01
-0.1861 0.2975
0.4128E-01 0.4209
73.00 0.1011E-01
-0.1801 0.3195
0.3828E-01 0.4188
74.00 0.9394E-02
-0.1735 0.3439
0.3480E-01 0.4146
75.00 0.8719E-02
-0.1663 0.3700
0.3154E-01 0.4085
76.00 0.8085E-02
-0.1589 0.3967
0.2900E-01 0.4010
77.00 0.7490E-02
-0.1519 0.4228
0.2730E-01 0.3922
78.00 0.6929E-02
-0.1457 0.4473
0.2619E-01 0.3824
79.00 0.6397E-02
-0.1408 0.4698
0.2512E-01 0.3719
80.00 0.5892E-02
-0.1372 0.4901
0.2354E-01 0.3609
81.00 0.5411E-02
-0.1346 0.5085
0.2099E-01 0.3500
82.00 0.4952E-02
-0.1329 0.5255
0.1731E-01 0.3395
83.00 0.4515E-02
-0.1317 0.5415
0.1250E-01 0.3299
84.00 0.4100E-02
-0.1310 0.5561
0.6679E-02 0.3212
85.00 0.3706E-02
-0.1306 0.5692
-0.7641E-04 0.3137
86.00 0.3333E-02
-0.1308 0.5803
-0.7806E-02 0.3075
87.00 0.2981E-02
-0.1314 0.5891
-0.1662E-01 0.3027
88.00 0.2651E-02
-0.1321 0.5951
-0.2657E-01 0.2998
89.00 0.2347E-02
-0.1324 0.5977
-0.3744E-01 0.2993
90.00 0.2073E-02
-0.1311 0.5959
-0.4859E-01 0.3023
91.00 0.1835E-02
-0.1270 0.5886
-0.5890E-01 0.3100
92.00 0.1634E-02
-0.1193 0.5748
-0.6692E-01 0.3234
93.00 0.1472E-02
-0.1070 0.5540
-0.7137E-01 0.3430
94.00 0.1347E-02
-0.9041E-01 0.5265
-0.7160E-01 0.3681
95.00 0.1255E-02
-0.7037E-01 0.4929
-0.6794E-01 0.3967
96.00 0.1189E-02
-0.4851E-01 0.4542
-0.6172E-01 0.4256
97.00 0.1143E-02
-0.2671E-01 0.4118
-0.5467E-01 0.4516
98.00 0.1108E-02
-0.6611E-02 0.3674
-0.4833E-01 0.4722
99.00 0.1076E-02
0.1065E-01 0.3218
-0.4351E-01 0.4861
100.0 0.1040E-02
0.2433E-01 0.2747
-0.4023E-01 0.4929
101.0 0.9984E-03
0.3386E-01 0.2246
-0.3792E-01 0.4925
102.0 0.9493E-03
0.3864E-01 0.1694
-0.3564E-01 0.4852
103.0 0.8947E-03
0.3800E-01 0.1072
-0.3235E-01 0.4714
104.0 0.8382E-03
0.3140E-01 0.3730E-01
-0.2693E-01 0.4522
105.0 0.7847E-03
0.1877E-01 -0.3898E-01
-0.1836E-01 0.4295
106.0 0.7401E-03
0.9101E-03 -0.1174
-0.5876E-02 0.4062
107.0 0.7099E-03
-0.2005E-01 -0.1907
0.1065E-01 0.3865
108.0 0.6981E-03
-0.4091E-01 -0.2501
0.3030E-01 0.3742
109.0 0.7060E-03
-0.5850E-01 -0.2894
0.5113E-01 0.3710
110.0 0.7316E-03
-0.7113E-01 -0.3082
0.7092E-01 0.3758
111.0 0.7704E-03
-0.7907E-01 -0.3114
0.8801E-01 0.3849
112.0 0.8165E-03
-0.8392E-01 -0.3062
0.1016 0.3945
113.0 0.8633E-03
-0.8755E-01 -0.2986
0.1117 0.4018
114.0 0.9045E-03
-0.9143E-01 -0.2918
0.1187 0.4054
115.0 0.9351E-03
-0.9638E-01 -0.2867
0.1232 0.4053
116.0 0.9522E-03
-0.1026 -0.2823
0.1257 0.4022
117.0 0.9553E-03
-0.1101 -0.2771
0.1271 0.3970
118.0 0.9461E-03
-0.1183 -0.2698
0.1280 0.3906
119.0 0.9277E-03
-0.1272 -0.2591
0.1291 0.3842
120.0 0.9036E-03
-0.1369 -0.2445
0.1313 0.3783
121.0 0.8765E-03
-0.1476 -0.2261
0.1355 0.3732
122.0 0.8486E-03
-0.1600 -0.2044
0.1423 0.3690
123.0 0.8221E-03
-0.1742 -0.1806
0.1523 0.3650
124.0 0.7993E-03
-0.1895 -0.1568
0.1657 0.3604
125.0 0.7817E-03
-0.2048 -0.1347
0.1823 0.3546
126.0 0.7699E-03
-0.2180 -0.1162
0.2013 0.3469
127.0 0.7630E-03
-0.2276 -0.1016
0.2214 0.3375
128.0 0.7587E-03
-0.2320 -0.9031E-01
0.2410 0.3272
129.0 0.7542E-03
-0.2307 -0.8118E-01
0.2578 0.3170
130.0 0.7465E-03
-0.2234 -0.7285E-01
0.2703 0.3081
131.0 0.7331E-03
-0.2107 -0.6420E-01
0.2769 0.3017
132.0 0.7122E-03
-0.1932 -0.5432E-01
0.2773 0.2986
133.0 0.6828E-03
-0.1725 -0.4242E-01
0.2716 0.2994
134.0 0.6455E-03
-0.1506 -0.2789E-01
0.2606 0.3043
135.0 0.6025E-03
-0.1300 -0.1035E-01
0.2453 0.3132
136.0 0.5564E-03
-0.1141 0.1032E-01
0.2265 0.3252
137.0 0.5105E-03
-0.1069 0.3418E-01
0.2050 0.3388
138.0 0.4673E-03
-0.1121 0.6138E-01
0.1816 0.3513
139.0 0.4291E-03
-0.1319 0.9201E-01
0.1573 0.3595
140.0 0.3979E-03
-0.1660 0.1254
0.1337 0.3601
141.0 0.3757E-03
-0.2099 0.1593
0.1136 0.3504
142.0 0.3636E-03
-0.2556 0.1899
0.1005 0.3303
143.0 0.3613E-03
-0.2942 0.2138
0.9760E-01 0.3024
144.0 0.3670E-03
-0.3198 0.2291
0.1063 0.2712
145.0 0.3776E-03
-0.3307 0.2361
0.1256 0.2409
146.0 0.3895E-03
-0.3286 0.2354
0.1527 0.2143
147.0 0.3995E-03
-0.3160 0.2273
0.1846 0.1927
148.0 0.4054E-03
-0.2952 0.2113
0.2189 0.1767
149.0 0.4059E-03
-0.2676 0.1875
0.2534 0.1669
150.0 0.4011E-03
-0.2341 0.1571
0.2862 0.1639
151.0 0.3924E-03
-0.1950 0.1222
0.3149 0.1692
152.0 0.3825E-03
-0.1507 0.8586E-01
0.3359 0.1848
153.0 0.3752E-03
-0.1030 0.5246E-01
0.3443 0.2121
154.0 0.3740E-03
-0.5563E-01 0.2712E-01
0.3359 0.2508
155.0 0.3812E-03
-0.1403E-01 0.1479E-01
0.3098 0.2976
156.0 0.3976E-03
0.1680E-01 0.1830E-01
0.2693 0.3470
157.0 0.4226E-03
0.3427E-01 0.3733E-01
0.2211 0.3932
158.0 0.4549E-03
0.3866E-01 0.6899E-01
0.1720 0.4325
159.0 0.4931E-03
0.3231E-01 0.1093
0.1272 0.4629
160.0 0.5352E-03
0.1857E-01 0.1549
0.8984E-01 0.4841
161.0 0.5795E-03
0.9483E-03 0.2035
0.6099E-01 0.4965
162.0 0.6243E-03
-0.1736E-01 0.2536
0.4042E-01 0.5008
163.0 0.6685E-03
-0.3370E-01 0.3042
0.2692E-01 0.4976
164.0 0.7117E-03
-0.4607E-01 0.3538
0.1871E-01 0.4876
165.0 0.7536E-03
-0.5325E-01 0.4008
0.1377E-01 0.4718
166.0 0.7927E-03
-0.5489E-01 0.4443
0.1009E-01 0.4513
167.0 0.8265E-03
-0.5147E-01 0.4838
0.5919E-02 0.4273
168.0 0.8519E-03
-0.4397E-01 0.5194
-0.7174E-05 0.4008
169.0 0.8659E-03
-0.3358E-01 0.5510
-0.8390E-02 0.3721
170.0 0.8666E-03
-0.2151E-01 0.5784
-0.1935E-01 0.3415
171.0 0.8536E-03
-0.8904E-02 0.6012
-0.3247E-01 0.3090
172.0 0.8270E-03
0.3185E-02 0.6197
-0.4688E-01 0.2744
173.0 0.7882E-03
0.1385E-01 0.6351
-0.6130E-01 0.2375
174.0 0.7397E-03
0.2235E-01 0.6489
-0.7412E-01 0.1980
175.0 0.6858E-03
0.2802E-01 0.6619
-0.8319E-01 0.1560
176.0 0.6320E-03
0.3021E-01 0.6734
-0.8585E-01 0.1123
177.0 0.5844E-03
0.2832E-01 0.6816
-0.7930E-01 0.6994E-01
178.0 0.5478E-03
0.2212E-01 0.6855
-0.6175E-01 0.3359E-01
179.0 0.5250E-03
0.1216E-01 0.6861
-0.3399E-01 0.8811E-02
180.0 0.5174E-03
0.000 0.6859
0.000 0.000
