0.000 1.579
0.000 -0.1753E-01
0.000 0.000
1.000 1.575
0.2211E-01 -0.9314E-02
-0.1476E-01 0.7029E-03
2.000 1.567
0.4253E-01 0.1542E-01
-0.3239E-01 0.2435E-02
3.000 1.564
0.6012E-01 0.5633E-01
-0.5497E-01 0.4046E-02
4.000 1.577
0.7450E-01 0.1110
-0.8281E-01 0.3706E-02
5.000 1.625
0.8579E-01 0.1732
-0.1137 -0.5469E-03
6.000 1.720
0.9415E-01 0.2331
-0.1433 -0.9731E-02
7.000 1.872
0.9964E-01 0.2809
-0.1671 -0.2305E-01
8.000 2.076
0.1024 0.3111
-0.1829 -0.3821E-01
9.000 2.323
0.1027 0.3244
-0.1914 -0.5262E-01
10.00 2.592
0.1017 0.3253
-0.1945 -0.6446E-01
11.00 2.863
0.1002 0.3189
-0.1945 -0.7282E-01
12.00 3.120
0.9949E-01 0.3098
-0.1927 -0.7752E-01
13.00 3.348
0.1003 0.3014
-0.1898 -0.7884E-01
14.00 3.535
0.1031 0.2957
-0.1858 -0.7737E-01
15.00 3.668
0.1082 0.2940
-0.1806 -0.7384E-01
16.00 3.732
0.1154 0.2964
-0.1738 -0.6903E-01
17.00 3.715
0.1245 0.3026
-0.1652 -0.6366E-01
18.00 3.613
0.1354 0.3117
-0.1542 -0.5834E-01
19.00 3.429
0.1480 0.3226
-0.1403 -0.5352E-01
20.00 3.179
0.1624 0.3339
-0.1229 -0.4946E-01
21.00 2.885
0.1789 0.3443
-0.1013 -0.4622E-01
22.00 2.572
0.1974 0.3526
-0.7514E-01 -0.4349E-01
23.00 2.262
0.2181 0.3579
-0.4433E-01 -0.4049E-01
24.00 1.972
0.2405 0.3603
-0.9468E-02 -0.3590E-01
25.00 1.710
0.2638 0.3603
0.2828E-01 -0.2795E-01
26.00 1.479
0.2864 0.3593
0.6735E-01 -0.1482E-01
27.00 1.279
0.3056 0.3589
0.1060 0.4919E-02
28.00 1.109
0.3179 0.3598
0.1425 0.3162E-01
29.00 0.9668
0.3188 0.3621
0.1749 0.6412E-01
30.00 0.8517
0.3043 0.3644
0.2014 0.9943E-01
31.00 0.7613
0.2723 0.3651
0.2203 0.1332
32.00 0.6925
0.2247 0.3625
0.2305 0.1608
33.00 0.6416
0.1674 0.3561
0.2321 0.1789
34.00 0.6046
0.1087 0.3466
0.2261 0.1866
35.00 0.5775
0.5713E-01 0.3354
0.2145 0.1854
36.00 0.5569
0.1848E-01 0.3239
0.1991 0.1782
37.00 0.5405
-0.4298E-02 0.3133
0.1814 0.1681
38.00 0.5263
-0.1099E-01 0.3042
0.1625 0.1581
39.00 0.5131
-0.3195E-02 0.2968
0.1430 0.1501
40.00 0.5002
0.1649E-01 0.2914
0.1232 0.1456
41.00 0.4872
0.4501E-01 0.2879
0.1031 0.1450
42.00 0.4739
0.7904E-01 0.2861
0.8268E-01 0.1482
43.00 0.4604
0.1150 0.2858
0.6191E-01 0.1547
44.00 0.4472
0.1493 0.2862
0.4106E-01 0.1632
45.00 0.4344
0.1782 0.2864
0.2069E-01 0.1724
46.00 0.4219
0.1991 0.2854
0.1709E-02 0.1811
47.00 0.4093
0.2105 0.2827
-0.1486E-01 0.1883
48.00 0.3959
0.2130 0.2782
-0.2810E-01 0.1938
49.00 0.3810
0.2079 0.2722
-0.3737E-01 0.1977
50.00 0.3640
0.1977 0.2653
-0.4239E-01 0.2007
51.00 0.3448
0.1847 0.2580
-0.4316E-01 0.2033
52.00 0.3237
0.1708 0.2506
-0.3987E-01 0.2062
53.00 0.3014
0.1574 0.2431
-0.3281E-01 0.2097
54.00 0.2785
0.1452 0.2349
-0.2226E-01 0.2140
55.00 0.2559
0.1347 0.2254
-0.8560E-02 0.2191
56.00 0.2339
0.1266 0.2138
0.7924E-02 0.2251
57.00 0.2131
0.1212 0.1993
0.2673E-01 0.2321
58.00 0.1936
0.1191 0.1812
0.4725E-01 0.2402
59.00 0.1756
0.1205 0.1592
0.6872E-01 0.2496
60.00 0.1594
0.1250 0.1330
0.9020E-01 0.2602
61.00 0.1450
0.1318 0.1029
0.1107 0.2712
62.00 0.1325
0.1392 0.6962E-01
0.1291 0.2818
63.00 0.1217
0.1458 0.3450E-01
0.1450 0.2908
64.00 0.1124
0.1505 -0.8538E-03
0.1580 0.2975
65.00 0.1043
0.1531 -0.3482E-01
0.1686 0.3015
66.00 0.9693E-01
0.1541 -0.6614E-01
0.1773 0.3031
67.00 0.9018E-01
0.1543 -0.9404E-01
0.1847 0.3031
68.00 0.8382E-01
0.1546 -0.1183
0.1916 0.3020
69.00 0.7780E-01
0.1553 -0.1390
0.1983 0.3004
70.00 0.7208E-01
0.1562 -0.1565
0.2054 0.2984
71.00 0.6665E-01
0.1574 -0.1713
0.2131 0.2961
72.00 0.6151E-01
0.1587 -0.1838
0.2218 0.2931
73.00 0.5664E-01
0.1605 -0.1943
0.2317 0.2893
74.00 0.5203E-01
0.1633 -0.2031
0.2425 0.2848
75.00 0.4771E-01
0.1676 -0.2105
0.2537 0.2795
76.00 0.4368E-01
0.1734 -0.2168
0.2644 0.2740
77.00 0.3997E-01
0.1803 -0.2224
0.2736 0.2684
78.00 0.3659E-01
0.1873 -0.2277
0.2804 0.2629
79.00 0.3354E-01
0.1933 -0.2331
0.2846 0.2576
80.00 0.3076E-01
0.1974 -0.2385
0.2863 0.2522
81.00 0.2822E-01
0.1991 -0.2442
0.2862 0.2467
82.00 0.2585E-01
0.1985 -0.2496
0.2850 0.2409
83.00 0.2364E-01
0.1960 -0.2545
0.2834 0.2346
84.00 0.2156E-01
0.1920 -0.2585
0.2818 0.2279
85.00 0.1961E-01
0.1867 -0.2613
0.2802 0.2206
86.00 0.1781E-01
0.1799 -0.2633
0.2786 0.2126
87.00 0.1616E-01
0.1715 -0.2649
0.2771 0.2036
88.00 0.1465E-01
0.1613 -0.2670
0.2761 0.1933
89.00 0.1327E-01
0.1499 -0.2702
0.2763 0.1814
90.00 0.1202E-01
0.1379 -0.2749
0.2785 0.1675
91.00 0.1089E-01
0.1261 -0.2811
0.2832 0.1513
92.00 0.9872E-02
0.1156 -0.2884
0.2906 0.1328
93.00 0.8962E-02
0.1071 -0.2959
0.3003 0.1124
94.00 0.8156E-02
0.1008 -0.3028
0.3118 0.9067E-01
95.00 0.7448E-02
0.9632E-01 -0.3083
0.3238 0.6832E-01
96.00 0.6828E-02
0.9277E-01 -0.3115
0.3356 0.4618E-01
97.00 0.6283E-02
0.8893E-01 -0.3120
0.3461 0.2493E-01
98.00 0.5797E-02
0.8349E-01 -0.3093
0.3550 0.5028E-02
99.00 0.5353E-02
0.7517E-01 -0.3032
0.3621 -0.1336E-01
100.0 0.4943E-02
0.6283E-01 -0.2931
0.3673 -0.3034E-01
101.0 0.4563E-02
0.4541E-01 -0.2780
0.3704 -0.4613E-01
102.0 0.4216E-02
0.2203E-01 -0.2567
0.3709 -0.6088E-01
103.0 0.3908E-02
-0.7738E-02 -0.2283
0.3683 -0.7458E-01
104.0 0.3642E-02
-0.4356E-01 -0.1925
0.3628 -0.8691E-01
105.0 0.3419E-02
-0.8400E-01 -0.1502
0.3551 -0.9742E-01
106.0 0.3236E-02
-0.1266 -0.1029
0.3468 -0.1056
107.0 0.3087E-02
-0.1682 -0.5257E-01
0.3395 -0.1111
108.0 0.2965E-02
-0.2059 -0.1119E-02
0.3345 -0.1138
109.0 0.2864E-02
-0.2373 0.4968E-01
0.3324 -0.1138
110.0 0.2778E-02
-0.2617 0.9786E-01
0.3322 -0.1116
111.0 0.2707E-02
-0.2793 0.1409
0.3322 -0.1080
112.0 0.2653E-02
-0.2914 0.1756
0.3301 -0.1042
113.0 0.2619E-02
-0.2995 0.1987
0.3240 -0.1015
114.0 0.2607E-02
-0.3052 0.2080
0.3134 -0.1012
115.0 0.2615E-02
-0.3093 0.2037
0.2996 -0.1038
116.0 0.2637E-02
-0.3118 0.1888
0.2847 -0.1096
117.0 0.2667E-02
-0.3119 0.1684
0.2712 -0.1178
118.0 0.2699E-02
-0.3083 0.1484
0.2607 -0.1274
119.0 0.2732E-02
-0.2998 0.1350
0.2538 -0.1369
120.0 0.2768E-02
-0.2857 0.1325
0.2501 -0.1450
121.0 0.2808E-02
-0.2661 0.1435
0.2490 -0.1506
122.0 0.2854E-02
-0.2421 0.1676
0.2497 -0.1531
123.0 0.2906E-02
-0.2155 0.2021
0.2519 -0.1526
124.0 0.2963E-02
-0.1886 0.2422
0.2556 -0.1500
125.0 0.3023E-02
-0.1638 0.2828
0.2607 -0.1463
126.0 0.3084E-02
-0.1434 0.3186
0.2672 -0.1434
127.0 0.3142E-02
-0.1299 0.3453
0.2746 -0.1431
128.0 0.3194E-02
-0.1247 0.3599
0.2822 -0.1472
129.0 0.3239E-02
-0.1285 0.3608
0.2892 -0.1574
130.0 0.3275E-02
-0.1405 0.3481
0.2948 -0.1751
131.0 0.3303E-02
-0.1585 0.3241
0.2985 -0.2008
132.0 0.3317E-02
-0.1793 0.2929
0.3002 -0.2344
133.0 0.3315E-02
-0.1989 0.2596
0.3002 -0.2746
134.0 0.3294E-02
-0.2137 0.2298
0.2986 -0.3195
135.0 0.3256E-02
-0.2207 0.2090
0.2947 -0.3664
136.0 0.3206E-02
-0.2179 0.2016
0.2873 -0.4115
137.0 0.3153E-02
-0.2050 0.2106
0.2746 -0.4507
138.0 0.3108E-02
-0.1831 0.2365
0.2547 -0.4802
139.0 0.3076E-02
-0.1547 0.2771
0.2267 -0.4973
140.0 0.3063E-02
-0.1232 0.3274
0.1911 -0.5014
141.0 0.3066E-02
-0.9209E-01 0.3810
0.1501 -0.4942
142.0 0.3081E-02
-0.6415E-01 0.4313
0.1066 -0.4793
143.0 0.3098E-02
-0.4118E-01 0.4733
0.6402E-01 -0.4606
144.0 0.3107E-02
-0.2399E-01 0.5042
0.2486E-01 -0.4423
145.0 0.3101E-02
-0.1254E-01 0.5227
-0.9295E-02 -0.4273
146.0 0.3074E-02
-0.6136E-02 0.5285
-0.3792E-01 -0.4175
147.0 0.3027E-02
-0.3576E-02 0.5220
-0.6121E-01 -0.4137
148.0 0.2966E-02
-0.3117E-02 0.5040
-0.7979E-01 -0.4157
149.0 0.2902E-02
-0.2500E-02 0.4758
-0.9446E-01 -0.4221
150.0 0.2846E-02
0.8669E-03 0.4402
-0.1061 -0.4309
151.0 0.2811E-02
0.9405E-02 0.4013
-0.1158 -0.4389
152.0 0.2808E-02
0.2462E-01 0.3636
-0.1244 -0.4426
153.0 0.2844E-02
0.4646E-01 0.3322
-0.1330 -0.4395
154.0 0.2923E-02
0.7314E-01 0.3104
-0.1426 -0.4283
155.0 0.3043E-02
0.1018 0.2999
-0.1537 -0.4099
156.0 0.3193E-02
0.1297 0.3003
-0.1669 -0.3869
157.0 0.3361E-02
0.1544 0.3094
-0.1820 -0.3623
158.0 0.3529E-02
0.1747 0.3248
-0.1986 -0.3387
159.0 0.3680E-02
0.1897 0.3442
-0.2159 -0.3178
160.0 0.3798E-02
0.1992 0.3658
-0.2330 -0.3005
161.0 0.3871E-02
0.2028 0.3884
-0.2490 -0.2867
162.0 0.3890E-02
0.2003 0.4106
-0.2629 -0.2759
163.0 0.3853E-02
0.1909 0.4309
-0.2735 -0.2669
164.0 0.3767E-02
0.1740 0.4467
-0.2794 -0.2584
165.0 0.3644E-02
0.1485 0.4546
-0.2787 -0.2486
166.0 0.3500E-02
0.1136 0.4497
-0.2694 -0.2362
167.0 0.3353E-02
0.6917E-01 0.4268
-0.2499 -0.2198
168.0 0.3217E-02
0.1647E-01 0.3811
-0.2193 -0.1987
169.0 0.3105E-02
-0.4157E-01 0.3097
-0.1780 -0.1733
170.0 0.3024E-02
-0.1003 0.2129
-0.1287 -0.1449
171.0 0.2978E-02
-0.1541 0.9498E-01
-0.7576E-01 -0.1157
172.0 0.2964E-02
-0.1972 -0.3605E-01
-0.2472E-01 -0.8806E-01
173.0 0.2976E-02
-0.2256 -0.1710
0.1914E-01 -0.6376E-01
174.0 0.3004E-02
-0.2369 -0.3014
0.5187E-01 -0.4376E-01
175.0 0.3039E-02
-0.2305 -0.4208
0.7135E-01 -0.2819E-01
176.0 0.3074E-02
-0.2074 -0.5244
0.7715E-01 -0.1669E-01
177.0 0.3106E-02
-0.1695 -0.6086
0.7031E-01 -0.8714E-02
178.0 0.3132E-02
-0.1198 -0.6706
0.5305E-01 -0.3630E-02
179.0 0.3149E-02
-0.6192E-01 -0.7084
0.2842E-01 -0.8679E-03
180.0 0.3155E-02
0.000 -0.7211
0.000 0.000
