0.000 1.964
0.000 -0.2084
0.000 0.000
1.000 1.955
0.2388E-01 -0.2030
-0.2138E-01 0.8606E-03
2.000 1.933
0.4545E-01 -0.1864
-0.4428E-01 0.3122E-02
3.000 1.908
0.6299E-01 -0.1572
-0.6960E-01 0.5775E-02
4.000 1.896
0.7572E-01 -0.1148
-0.9683E-01 0.7093E-02
5.000 1.915
0.8386E-01 -0.6061E-01
-0.1237 0.4987E-02
6.000 1.985
0.8835E-01 -0.1325E-03
-0.1465 -0.2062E-02
7.000 2.113
0.9038E-01 0.5851E-01
-0.1623 -0.1395E-01
8.000 2.300
0.9095E-01 0.1081
-0.1701 -0.2881E-01
9.000 2.533
0.9079E-01 0.1453
-0.1714 -0.4407E-01
10.00 2.793
0.9052E-01 0.1711
-0.1689 -0.5759E-01
11.00 3.061
0.9077E-01 0.1886
-0.1648 -0.6812E-01
12.00 3.316
0.9218E-01 0.2014
-0.1603 -0.7526E-01
13.00 3.545
0.9532E-01 0.2124
-0.1558 -0.7914E-01
14.00 3.732
0.1006 0.2236
-0.1513 -0.8030E-01
15.00 3.864
0.1082 0.2361
-0.1461 -0.7947E-01
16.00 3.925
0.1181 0.2500
-0.1398 -0.7747E-01
17.00 3.902
0.1304 0.2650
-0.1317 -0.7506E-01
18.00 3.791
0.1451 0.2805
-0.1213 -0.7290E-01
19.00 3.595
0.1624 0.2954
-0.1083 -0.7148E-01
20.00 3.331
0.1825 0.3086
-0.9194E-01 -0.7107E-01
21.00 3.022
0.2057 0.3187
-0.7198E-01 -0.7165E-01
22.00 2.696
0.2318 0.3247
-0.4823E-01 -0.7276E-01
23.00 2.375
0.2606 0.3257
-0.2093E-01 -0.7341E-01
24.00 2.076
0.2911 0.3219
0.9166E-02 -0.7206E-01
25.00 1.807
0.3217 0.3146
0.4087E-01 -0.6680E-01
26.00 1.572
0.3501 0.3059
0.7273E-01 -0.5579E-01
27.00 1.369
0.3730 0.2984
0.1032 -0.3771E-01
28.00 1.197
0.3866 0.2941
0.1309 -0.1231E-01
29.00 1.052
0.3864 0.2938
0.1545 0.1931E-01
30.00 0.9343
0.3687 0.2970
0.1725 0.5468E-01
31.00 0.8400
0.3318 0.3023
0.1843 0.9030E-01
32.00 0.7664
0.2778 0.3074
0.1895 0.1226
33.00 0.7097
0.2125 0.3108
0.1889 0.1491
34.00 0.6660
0.1439 0.3118
0.1839 0.1689
35.00 0.6315
0.8036E-01 0.3108
0.1764 0.1829
36.00 0.6032
0.2810E-01 0.3085
0.1678 0.1930
37.00 0.5787
-0.9196E-02 0.3060
0.1592 0.2013
38.00 0.5566
-0.3030E-01 0.3044
0.1510 0.2098
39.00 0.5360
-0.3580E-01 0.3045
0.1434 0.2196
40.00 0.5163
-0.2742E-01 0.3069
0.1361 0.2315
41.00 0.4973
-0.7618E-02 0.3123
0.1289 0.2455
42.00 0.4788
0.2061E-01 0.3208
0.1217 0.2612
43.00 0.4611
0.5374E-01 0.3321
0.1141 0.2773
44.00 0.4445
0.8782E-01 0.3452
0.1061 0.2925
45.00 0.4293
0.1188 0.3587
0.9790E-01 0.3052
46.00 0.4152
0.1432 0.3707
0.8980E-01 0.3139
47.00 0.4019
0.1588 0.3798
0.8242E-01 0.3183
48.00 0.3886
0.1653 0.3853
0.7640E-01 0.3185
49.00 0.3744
0.1638 0.3871
0.7230E-01 0.3157
50.00 0.3587
0.1564 0.3859
0.7044E-01 0.3112
51.00 0.3410
0.1456 0.3825
0.7091E-01 0.3064
52.00 0.3215
0.1335 0.3774
0.7358E-01 0.3024
53.00 0.3007
0.1215 0.3713
0.7817E-01 0.3000
54.00 0.2792
0.1106 0.3641
0.8430E-01 0.2994
55.00 0.2578
0.1014 0.3556
0.9159E-01 0.3008
56.00 0.2369
0.9438E-01 0.3454
0.9961E-01 0.3040
57.00 0.2170
0.8976E-01 0.3331
0.1080 0.3089
58.00 0.1983
0.8782E-01 0.3184
0.1163 0.3154
59.00 0.1812
0.8852E-01 0.3010
0.1240 0.3230
60.00 0.1657
0.9136E-01 0.2804
0.1307 0.3311
61.00 0.1521
0.9535E-01 0.2567
0.1359 0.3389
62.00 0.1403
0.9915E-01 0.2302
0.1395 0.3453
63.00 0.1302
0.1015 0.2015
0.1416 0.3493
64.00 0.1216
0.1017 0.1718
0.1425 0.3504
65.00 0.1140
0.9990E-01 0.1423
0.1428 0.3490
66.00 0.1071
0.9662E-01 0.1143
0.1432 0.3456
67.00 0.1007
0.9279E-01 0.8847E-01
0.1438 0.3412
68.00 0.9450E-01
0.8916E-01 0.6539E-01
0.1449 0.3367
69.00 0.8852E-01
0.8611E-01 0.4513E-01
0.1464 0.3327
70.00 0.8267E-01
0.8372E-01 0.2760E-01
0.1484 0.3294
71.00 0.7694E-01
0.8194E-01 0.1258E-01
0.1510 0.3269
72.00 0.7133E-01
0.8085E-01 -0.1731E-03
0.1541 0.3250
73.00 0.6584E-01
0.8072E-01 -0.1094E-01
0.1580 0.3235
74.00 0.6051E-01
0.8194E-01 -0.2000E-01
0.1625 0.3224
75.00 0.5539E-01
0.8486E-01 -0.2773E-01
0.1673 0.3214
76.00 0.5054E-01
0.8948E-01 -0.3458E-01
0.1721 0.3205
77.00 0.4603E-01
0.9532E-01 -0.4108E-01
0.1762 0.3196
78.00 0.4190E-01
0.1015 -0.4775E-01
0.1793 0.3185
79.00 0.3817E-01
0.1070 -0.5497E-01
0.1813 0.3168
80.00 0.3481E-01
0.1109 -0.6285E-01
0.1823 0.3146
81.00 0.3177E-01
0.1129 -0.7124E-01
0.1827 0.3118
82.00 0.2900E-01
0.1132 -0.7973E-01
0.1828 0.3088
83.00 0.2643E-01
0.1123 -0.8789E-01
0.1830 0.3058
84.00 0.2404E-01
0.1108 -0.9533E-01
0.1831 0.3034
85.00 0.2181E-01
0.1089 -0.1019
0.1826 0.3017
86.00 0.1974E-01
0.1067 -0.1078
0.1811 0.3008
87.00 0.1781E-01
0.1038 -0.1136
0.1782 0.3003
88.00 0.1603E-01
0.9960E-01 -0.1199
0.1737 0.2997
89.00 0.1438E-01
0.9377E-01 -0.1276
0.1677 0.2981
90.00 0.1286E-01
0.8612E-01 -0.1372
0.1607 0.2946
91.00 0.1147E-01
0.7668E-01 -0.1490
0.1534 0.2880
92.00 0.1021E-01
0.6565E-01 -0.1630
0.1463 0.2776
93.00 0.9084E-02
0.5326E-01 -0.1787
0.1399 0.2629
94.00 0.8091E-02
0.3969E-01 -0.1951
0.1350 0.2439
95.00 0.7227E-02
0.2507E-01 -0.2110
0.1319 0.2212
96.00 0.6484E-02
0.9477E-02 -0.2248
0.1311 0.1960
97.00 0.5847E-02
-0.6968E-02 -0.2347
0.1327 0.1699
98.00 0.5294E-02
-0.2403E-01 -0.2397
0.1369 0.1449
99.00 0.4804E-02
-0.4139E-01 -0.2391
0.1436 0.1226
100.0 0.4359E-02
-0.5870E-01 -0.2329
0.1522 0.1039
101.0 0.3949E-02
-0.7561E-01 -0.2215
0.1618 0.8901E-01
102.0 0.3571E-02
-0.9185E-01 -0.2055
0.1710 0.7732E-01
103.0 0.3225E-02
-0.1072 -0.1856
0.1782 0.6777E-01
104.0 0.2915E-02
-0.1213 -0.1629
0.1816 0.5916E-01
105.0 0.2644E-02
-0.1336 -0.1383
0.1799 0.5040E-01
106.0 0.2413E-02
-0.1432 -0.1121
0.1726 0.4087E-01
107.0 0.2221E-02
-0.1488 -0.8358E-01
0.1599 0.3068E-01
108.0 0.2066E-02
-0.1490 -0.5094E-01
0.1430 0.2077E-01
109.0 0.1944E-02
-0.1429 -0.1203E-01
0.1235 0.1276E-01
110.0 0.1848E-02
-0.1308 0.3460E-01
0.1029 0.8405E-02
111.0 0.1773E-02
-0.1143 0.8861E-01
0.8236E-01 0.8919E-02
112.0 0.1716E-02
-0.9602E-01 0.1474
0.6249E-01 0.1456E-01
113.0 0.1674E-02
-0.7877E-01 0.2061
0.4399E-01 0.2451E-01
114.0 0.1644E-02
-0.6457E-01 0.2591
0.2787E-01 0.3718E-01
115.0 0.1622E-02
-0.5372E-01 0.3011
0.1547E-01 0.5064E-01
116.0 0.1605E-02
-0.4451E-01 0.3288
0.8253E-02 0.6309E-01
117.0 0.1589E-02
-0.3371E-01 0.3412
0.7344E-02 0.7295E-01
118.0 0.1575E-02
-0.1765E-01 0.3389
0.1318E-01 0.7889E-01
119.0 0.1567E-02
0.6439E-02 0.3242
0.2513E-01 0.7998E-01
120.0 0.1570E-02
0.3920E-01 0.3009
0.4138E-01 0.7609E-01
121.0 0.1587E-02
0.7865E-01 0.2734
0.5917E-01 0.6828E-01
122.0 0.1621E-02
0.1206 0.2467
0.7558E-01 0.5880E-01
123.0 0.1670E-02
0.1601 0.2246
0.8837E-01 0.5041E-01
124.0 0.1731E-02
0.1922 0.2094
0.9638E-01 0.4562E-01
125.0 0.1798E-02
0.2137 0.2020
0.9960E-01 0.4600E-01
126.0 0.1865E-02
0.2226 0.2016
0.9871E-01 0.5189E-01
127.0 0.1924E-02
0.2188 0.2066
0.9483E-01 0.6244E-01
128.0 0.1968E-02
0.2031 0.2148
0.8914E-01 0.7582E-01
129.0 0.1989E-02
0.1776 0.2240
0.8288E-01 0.8963E-01
130.0 0.1985E-02
0.1449 0.2325
0.7733E-01 0.1013
131.0 0.1952E-02
0.1087 0.2394
0.7395E-01 0.1084
132.0 0.1890E-02
0.7348E-01 0.2448
0.7437E-01 0.1091
133.0 0.1805E-02
0.4402E-01 0.2498
0.8030E-01 0.1025
134.0 0.1703E-02
0.2536E-01 0.2560
0.9333E-01 0.8809E-01
135.0 0.1600E-02
0.2212E-01 0.2651
0.1142 0.6625E-01
136.0 0.1512E-02
0.3719E-01 0.2783
0.1416 0.3875E-01
137.0 0.1456E-02
0.6967E-01 0.2951
0.1713 0.9386E-02
138.0 0.1447E-02
0.1133 0.3134
0.1963 -0.1635E-01
139.0 0.1488E-02
0.1579 0.3296
0.2101 -0.3339E-01
140.0 0.1577E-02
0.1945 0.3406
0.2098 -0.3964E-01
141.0 0.1701E-02
0.2183 0.3451
0.1974 -0.3641E-01
142.0 0.1842E-02
0.2297 0.3440
0.1769 -0.2684E-01
143.0 0.1981E-02
0.2308 0.3387
0.1525 -0.1408E-01
144.0 0.2095E-02
0.2246 0.3310
0.1270 -0.5911E-03
145.0 0.2167E-02
0.2131 0.3222
0.1019 0.1181E-01
146.0 0.2183E-02
0.1979 0.3132
0.7753E-01 0.2154E-01
147.0 0.2142E-02
0.1800 0.3047
0.5380E-01 0.2688E-01
148.0 0.2046E-02
0.1604 0.2973
0.3042E-01 0.2573E-01
149.0 0.1908E-02
0.1401 0.2925
0.7379E-02 0.1558E-01
150.0 0.1746E-02
0.1210 0.2924
-0.1472E-01 -0.6466E-02
151.0 0.1581E-02
0.1058 0.2999
-0.3419E-01 -0.4307E-01
152.0 0.1435E-02
0.9848E-01 0.3178
-0.4792E-01 -0.9526E-01
153.0 0.1331E-02
0.1037 0.3471
-0.5193E-01 -0.1596
154.0 0.1284E-02
0.1248 0.3841
-0.4352E-01 -0.2260
155.0 0.1303E-02
0.1606 0.4204
-0.2420E-01 -0.2805
156.0 0.1388E-02
0.2058 0.4468
0.1510E-03 -0.3133
157.0 0.1530E-02
0.2533 0.4586
0.2291E-01 -0.3237
158.0 0.1715E-02
0.2978 0.4560
0.4022E-01 -0.3178
159.0 0.1923E-02
0.3367 0.4420
0.5132E-01 -0.3028
160.0 0.2134E-02
0.3689 0.4204
0.5726E-01 -0.2838
161.0 0.2327E-02
0.3939 0.3939
0.5957E-01 -0.2639
162.0 0.2484E-02
0.4114 0.3645
0.5964E-01 -0.2441
163.0 0.2592E-02
0.4210 0.3334
0.5854E-01 -0.2247
164.0 0.2647E-02
0.4217 0.3010
0.5698E-01 -0.2055
165.0 0.2650E-02
0.4121 0.2675
0.5550E-01 -0.1858
166.0 0.2606E-02
0.3904 0.2332
0.5455E-01 -0.1654
167.0 0.2527E-02
0.3549 0.1988
0.5456E-01 -0.1439
168.0 0.2423E-02
0.3046 0.1657
0.5599E-01 -0.1213
169.0 0.2306E-02
0.2390 0.1356
0.5923E-01 -0.9821E-01
170.0 0.2187E-02
0.1597 0.1113
0.6445E-01 -0.7540E-01
171.0 0.2074E-02
0.7072E-01 0.9576E-01
0.7136E-01 -0.5417E-01
172.0 0.1971E-02
-0.2119E-01 0.9225E-01
0.7912E-01 -0.3584E-01
173.0 0.1880E-02
-0.1072 0.1030
0.8628E-01 -0.2132E-01
174.0 0.1799E-02
-0.1778 0.1286
0.9100E-01 -0.1087E-01
175.0 0.1727E-02
-0.2242 0.1668
0.9134E-01 -0.4147E-02
176.0 0.1665E-02
-0.2398 0.2132
0.8562E-01 -0.5128E-03
177.0 0.1613E-02
-0.2210 0.2609
0.7286E-01 0.8362E-03
178.0 0.1575E-02
-0.1694 0.3022
0.5322E-01 0.7917E-03
179.0 0.1553E-02
-0.9181E-01 0.3302
0.2811E-01 0.2691E-03
180.0 0.1545E-02
0.000 0.3401
0.000 0.000
