0.000 9.078
0.000 0.9811E-01
0.000 0.000
1.000 9.603
0.4761E-01 0.1060
-0.6133E-01 -0.5227E-02
2.000 11.01
0.7535E-01 0.1247
-0.9846E-01 -0.1706E-01
3.000 12.83
0.8182E-01 0.1461
-0.1098 -0.2946E-01
4.000 14.47
0.7486E-01 0.1668
-0.1052 -0.3966E-01
5.000 15.36
0.6073E-01 0.1872
-0.9258E-01 -0.4752E-01
6.000 15.15
0.4215E-01 0.2087
-0.7560E-01 -0.5368E-01
7.000 13.80
0.1933E-01 0.2334
-0.5508E-01 -0.5886E-01
8.000 11.53
-0.9321E-02 0.2634
-0.2998E-01 -0.6361E-01
9.000 8.786
-0.4723E-01 0.3014
0.2287E-02 -0.6829E-01
10.00 6.054
-0.1004 0.3496
0.4601E-01 -0.7275E-01
11.00 3.753
-0.1781 0.4055
0.1061 -0.7520E-01
12.00 2.131
-0.2846 0.4419
0.1776 -0.6814E-01
13.00 1.239
-0.3687 0.3536
0.1969 -0.3187E-01
14.00 0.9628
-0.2743 0.5280E-01
0.3790E-01 0.3455E-01
15.00 1.091
-0.6628E-01 -0.1880
-0.1802 0.7039E-01
16.00 1.395
0.6045E-01 -0.2401
-0.2955 0.6940E-01
17.00 1.689
0.1108 -0.2127
-0.3427 0.5851E-01
18.00 1.861
0.1251 -0.1648
-0.3654 0.4681E-01
19.00 1.874
0.1226 -0.1108
-0.3802 0.3465E-01
20.00 1.751
0.1102 -0.5134E-01
-0.3917 0.2030E-01
21.00 1.541
0.8961E-01 0.1635E-01
-0.3988 0.1545E-02
22.00 1.299
0.6041E-01 0.9458E-01
-0.3973 -0.2348E-01
23.00 1.069
0.2174E-01 0.1827
-0.3802 -0.5519E-01
24.00 0.8755
-0.2605E-01 0.2742
-0.3406 -0.9094E-01
25.00 0.7268
-0.7983E-01 0.3561
-0.2750 -0.1239
26.00 0.6201
-0.1336 0.4123
-0.1875 -0.1445
27.00 0.5464
-0.1803 0.4319
-0.8973E-01 -0.1449
28.00 0.4961
-0.2150 0.4139
0.4463E-02 -0.1227
29.00 0.4611
-0.2360 0.3661
0.8467E-01 -0.8150E-01
30.00 0.4355
-0.2438 0.3003
0.1459 -0.2820E-01
31.00 0.4159
-0.2400 0.2279
0.1873 0.2938E-01
32.00 0.4001
-0.2264 0.1580
0.2104 0.8428E-01
33.00 0.3869
-0.2049 0.9751E-01
0.2179 0.1312
34.00 0.3752
-0.1776 0.5021E-01
0.2129 0.1670
35.00 0.3642
-0.1467 0.1755E-01
0.1984 0.1907
36.00 0.3531
-0.1148 -0.1153E-02
0.1776 0.2029
37.00 0.3416
-0.8459E-01 -0.8045E-02
0.1528 0.2056
38.00 0.3291
-0.5912E-01 -0.6057E-02
0.1264 0.2014
39.00 0.3156
-0.4114E-01 0.1637E-02
0.1002 0.1930
40.00 0.3012
-0.3302E-01 0.1200E-01
0.7597E-01 0.1831
41.00 0.2860
-0.3630E-01 0.2233E-01
0.5555E-01 0.1738
42.00 0.2704
-0.5131E-01 0.3038E-01
0.4048E-01 0.1668
43.00 0.2548
-0.7690E-01 0.3437E-01
0.3218E-01 0.1631
44.00 0.2400
-0.1102 0.3306E-01
0.3161E-01 0.1629
45.00 0.2265
-0.1469 0.2586E-01
0.3909E-01 0.1658
46.00 0.2149
-0.1811 0.1296E-01
0.5391E-01 0.1706
47.00 0.2054
-0.2071 -0.4571E-02
0.7431E-01 0.1757
48.00 0.1982
-0.2199 -0.2497E-01
0.9763E-01 0.1793
49.00 0.1928
-0.2169 -0.4620E-01
0.1209 0.1798
50.00 0.1887
-0.1983 -0.6653E-01
0.1415 0.1764
51.00 0.1852
-0.1662 -0.8495E-01
0.1576 0.1686
52.00 0.1816
-0.1241 -0.1013
0.1685 0.1571
53.00 0.1772
-0.7592E-01 -0.1161
0.1742 0.1424
54.00 0.1716
-0.2516E-01 -0.1303
0.1752 0.1255
55.00 0.1645
0.2513E-01 -0.1453
0.1724 0.1077
56.00 0.1558
0.7249E-01 -0.1622
0.1668 0.8975E-01
57.00 0.1457
0.1149 -0.1822
0.1597 0.7272E-01
58.00 0.1345
0.1509 -0.2064
0.1521 0.5742E-01
59.00 0.1227
0.1791 -0.2353
0.1455 0.4457E-01
60.00 0.1108
0.1984 -0.2691
0.1411 0.3475E-01
61.00 0.9927E-01
0.2080 -0.3073
0.1401 0.2839E-01
62.00 0.8853E-01
0.2073 -0.3482
0.1438 0.2569E-01
63.00 0.7892E-01
0.1962 -0.3889
0.1527 0.2650E-01
64.00 0.7061E-01
0.1759 -0.4256
0.1670 0.3022E-01
65.00 0.6364E-01
0.1483 -0.4538
0.1857 0.3575E-01
66.00 0.5794E-01
0.1167 -0.4698
0.2074 0.4160E-01
67.00 0.5336E-01
0.8499E-01 -0.4710
0.2296 0.4620E-01
68.00 0.4975E-01
0.5676E-01 -0.4569
0.2502 0.4823E-01
69.00 0.4692E-01
0.3462E-01 -0.4294
0.2672 0.4693E-01
70.00 0.4472E-01
0.1966E-01 -0.3916
0.2792 0.4228E-01
71.00 0.4302E-01
0.1136E-01 -0.3478
0.2858 0.3494E-01
72.00 0.4175E-01
0.7922E-02 -0.3021
0.2873 0.2606E-01
73.00 0.4081E-01
0.6840E-02 -0.2583
0.2847 0.1704E-01
74.00 0.4015E-01
0.5508E-02 -0.2193
0.2791 0.9305E-02
75.00 0.3973E-01
0.1731E-02 -0.1868
0.2719 0.4011E-02
76.00 0.3950E-01
-0.5963E-02 -0.1616
0.2644 0.1939E-02
77.00 0.3943E-01
-0.1822E-01 -0.1434
0.2573 0.3382E-02
78.00 0.3948E-01
-0.3493E-01 -0.1313
0.2512 0.8135E-02
79.00 0.3962E-01
-0.5538E-01 -0.1239
0.2464 0.1556E-01
80.00 0.3979E-01
-0.7848E-01 -0.1197
0.2430 0.2471E-01
81.00 0.3993E-01
-0.1030 -0.1172
0.2408 0.3448E-01
82.00 0.3999E-01
-0.1276 -0.1152
0.2397 0.4381E-01
83.00 0.3989E-01
-0.1513 -0.1127
0.2397 0.5174E-01
84.00 0.3959E-01
-0.1732 -0.1091
0.2406 0.5751E-01
85.00 0.3907E-01
-0.1929 -0.1041
0.2424 0.6056E-01
86.00 0.3830E-01
-0.2100 -0.9766E-01
0.2449 0.6056E-01
87.00 0.3731E-01
-0.2245 -0.9015E-01
0.2482 0.5738E-01
88.00 0.3611E-01
-0.2366 -0.8198E-01
0.2521 0.5115E-01
89.00 0.3475E-01
-0.2462 -0.7368E-01
0.2568 0.4224E-01
90.00 0.3324E-01
-0.2535 -0.6578E-01
0.2621 0.3132E-01
91.00 0.3164E-01
-0.2588 -0.5877E-01
0.2682 0.1932E-01
92.00 0.2997E-01
-0.2619 -0.5296E-01
0.2750 0.7354E-02
93.00 0.2827E-01
-0.2630 -0.4855E-01
0.2824 -0.3399E-02
94.00 0.2658E-01
-0.2622 -0.4555E-01
0.2901 -0.1182E-01
95.00 0.2495E-01
-0.2595 -0.4386E-01
0.2979 -0.1704E-01
96.00 0.2338E-01
-0.2553 -0.4320E-01
0.3053 -0.1855E-01
97.00 0.2190E-01
-0.2497 -0.4320E-01
0.3122 -0.1634E-01
98.00 0.2051E-01
-0.2428 -0.4336E-01
0.3183 -0.1088E-01
99.00 0.1920E-01
-0.2346 -0.4316E-01
0.3236 -0.3028E-02
100.0 0.1796E-01
-0.2250 -0.4212E-01
0.3283 0.6061E-02
101.0 0.1676E-01
-0.2137 -0.3993E-01
0.3325 0.1509E-01
102.0 0.1561E-01
-0.2005 -0.3650E-01
0.3366 0.2270E-01
103.0 0.1449E-01
-0.1852 -0.3202E-01
0.3408 0.2753E-01
104.0 0.1341E-01
-0.1676 -0.2696E-01
0.3452 0.2825E-01
105.0 0.1238E-01
-0.1474 -0.2193E-01
0.3501 0.2369E-01
106.0 0.1142E-01
-0.1243 -0.1761E-01
0.3551 0.1295E-01
107.0 0.1052E-01
-0.9747E-01 -0.1455E-01
0.3599 -0.4339E-02
108.0 0.9713E-02
-0.6590E-01 -0.1308E-01
0.3637 -0.2783E-01
109.0 0.8990E-02
-0.2850E-01 -0.1325E-01
0.3655 -0.5633E-01
110.0 0.8356E-02
0.1548E-01 -0.1485E-01
0.3641 -0.8788E-01
111.0 0.7809E-02
0.6605E-01 -0.1747E-01
0.3584 -0.1199
112.0 0.7343E-02
0.1221 -0.2052E-01
0.3476 -0.1497
113.0 0.6946E-02
0.1816 -0.2328E-01
0.3315 -0.1749
114.0 0.6605E-02
0.2415 -0.2491E-01
0.3105 -0.1939
115.0 0.6305E-02
0.2986 -0.2458E-01
0.2855 -0.2064
116.0 0.6034E-02
0.3502 -0.2155E-01
0.2573 -0.2129
117.0 0.5780E-02
0.3939 -0.1541E-01
0.2266 -0.2151
118.0 0.5538E-02
0.4279 -0.6273E-02
0.1938 -0.2150
119.0 0.5303E-02
0.4512 0.5065E-02
0.1588 -0.2150
120.0 0.5078E-02
0.4636 0.1713E-01
0.1216 -0.2172
121.0 0.4864E-02
0.4659 0.2797E-01
0.8208E-01 -0.2235
122.0 0.4662E-02
0.4600 0.3545E-01
0.4024E-01 -0.2347
123.0 0.4476E-02
0.4492 0.3776E-01
-0.3628E-02 -0.2505
124.0 0.4306E-02
0.4374 0.3372E-01
-0.4909E-01 -0.2694
125.0 0.4151E-02
0.4285 0.2294E-01
-0.9567E-01 -0.2887
126.0 0.4012E-02
0.4255 0.5727E-02
-0.1429 -0.3049
127.0 0.3889E-02
0.4294 -0.1720E-01
-0.1904 -0.3140
128.0 0.3781E-02
0.4392 -0.4498E-01
-0.2375 -0.3126
129.0 0.3688E-02
0.4514 -0.7677E-01
-0.2834 -0.2984
130.0 0.3610E-02
0.4612 -0.1118
-0.3267 -0.2705
131.0 0.3548E-02
0.4634 -0.1492
-0.3663 -0.2306
132.0 0.3498E-02
0.4538 -0.1881
-0.4008 -0.1820
133.0 0.3458E-02
0.4302 -0.2272
-0.4292 -0.1299
134.0 0.3424E-02
0.3926 -0.2654
-0.4514 -0.8005E-01
135.0 0.3389E-02
0.3433 -0.3015
-0.4676 -0.3783E-01
136.0 0.3350E-02
0.2861 -0.3345
-0.4787 -0.7667E-02
137.0 0.3302E-02
0.2254 -0.3637
-0.4856 0.7604E-02
138.0 0.3244E-02
0.1660 -0.3885
-0.4892 0.6965E-02
139.0 0.3181E-02
0.1122 -0.4088
-0.4900 -0.8714E-02
140.0 0.3120E-02
0.6806E-01 -0.4243
-0.4880 -0.3657E-01
141.0 0.3075E-02
0.3649E-01 -0.4354
-0.4826 -0.7164E-01
142.0 0.3062E-02
0.1889E-01 -0.4431
-0.4728 -0.1072
143.0 0.3096E-02
0.1419E-01 -0.4492
-0.4581 -0.1356
144.0 0.3190E-02
0.1864E-01 -0.4564
-0.4383 -0.1508
145.0 0.3347E-02
0.2680E-01 -0.4673
-0.4145 -0.1499
146.0 0.3563E-02
0.3327E-01 -0.4835
-0.3884 -0.1340
147.0 0.3820E-02
0.3438E-01 -0.5053
-0.3620 -0.1070
148.0 0.4094E-02
0.2867E-01 -0.5317
-0.3371 -0.7395E-01
149.0 0.4351E-02
0.1638E-01 -0.5611
-0.3151 -0.3871E-01
150.0 0.4557E-02
-0.1286E-02 -0.5916
-0.2970 -0.3995E-02
151.0 0.4683E-02
-0.2291E-01 -0.6217
-0.2834 0.2870E-01
152.0 0.4707E-02
-0.4711E-01 -0.6496
-0.2752 0.5864E-01
153.0 0.4624E-02
-0.7254E-01 -0.6735
-0.2732 0.8526E-01
154.0 0.4444E-02
-0.9755E-01 -0.6909
-0.2783 0.1078
155.0 0.4194E-02
-0.1196 -0.6986
-0.2916 0.1246
156.0 0.3916E-02
-0.1345 -0.6926
-0.3137 0.1330
157.0 0.3660E-02
-0.1359 -0.6691
-0.3440 0.1293
158.0 0.3480E-02
-0.1162 -0.6267
-0.3792 0.1096
159.0 0.3426E-02
-0.7054E-01 -0.5706
-0.4129 0.7314E-01
160.0 0.3537E-02
-0.2275E-02 -0.5133
-0.4374 0.2493E-01
161.0 0.3834E-02
0.7612E-01 -0.4698
-0.4482 -0.2512E-01
162.0 0.4320E-02
0.1495 -0.4489
-0.4463 -0.6748E-01
163.0 0.4972E-02
0.2079 -0.4506
-0.4365 -0.9746E-01
164.0 0.5748E-02
0.2481 -0.4691
-0.4240 -0.1152
165.0 0.6589E-02
0.2715 -0.4980
-0.4121 -0.1231
166.0 0.7423E-02
0.2806 -0.5322
-0.4024 -0.1240
167.0 0.8174E-02
0.2781 -0.5682
-0.3954 -0.1202
168.0 0.8770E-02
0.2662 -0.6041
-0.3910 -0.1133
169.0 0.9152E-02
0.2464 -0.6385
-0.3889 -0.1047
170.0 0.9277E-02
0.2199 -0.6705
-0.3888 -0.9489E-01
171.0 0.9128E-02
0.1878 -0.6998
-0.3903 -0.8456E-01
172.0 0.8712E-02
0.1509 -0.7258
-0.3929 -0.7402E-01
173.0 0.8066E-02
0.1104 -0.7482
-0.3956 -0.6344E-01
174.0 0.7248E-02
0.6777E-01 -0.7668
-0.3969 -0.5287E-01
175.0 0.6336E-02
0.2548E-01 -0.7814
-0.3934 -0.4227E-01
176.0 0.5419E-02
-0.1253E-01 -0.7917
-0.3788 -0.3155E-01
177.0 0.4588E-02
-0.4006E-01 -0.7977
-0.3425 -0.2081E-01
178.0 0.3926E-02
-0.4907E-01 -0.8000
-0.2704 -0.1071E-01
179.0 0.3501E-02
-0.3394E-01 -0.8000
-0.1528 -0.2985E-02
180.0 0.3354E-02
0.000 -0.7996
0.000 0.000
