0.000 15.64
0.000 0.7071
0.000 0.000
1.000 16.11
-0.4382E-01 0.6516
0.1881 0.2118E-01
2.000 17.42
-0.7674E-01 0.5108
0.3288 0.7480E-01
3.000 19.25
-0.9499E-01 0.3370
0.4056 0.1408
4.000 21.18
-0.1010 0.1705
0.4290 0.2035
5.000 22.70
-0.9922E-01 0.2875E-01
0.4177 0.2564
6.000 23.41
-0.9306E-01 -0.8588E-01
0.3865 0.2982
7.000 23.01
-0.8481E-01 -0.1773
0.3447 0.3305
8.000 21.42
-0.7573E-01 -0.2509
0.2970 0.3548
9.000 18.78
-0.6650E-01 -0.3115
0.2450 0.3727
10.00 15.40
-0.5759E-01 -0.3632
0.1879 0.3849
11.00 11.69
-0.4958E-01 -0.4090
0.1228 0.3911
12.00 8.110
-0.4388E-01 -0.4507
0.4392E-01 0.3893
13.00 5.037
-0.4462E-01 -0.4868
-0.6002E-01 0.3729
14.00 2.728
-0.6542E-01 -0.5039
-0.2090 0.3231
15.00 1.278
-0.1536 -0.4353
-0.4174 0.1875
16.00 0.6249
-0.4008 -0.8382E-01
-0.4925 -0.8133E-01
17.00 0.5890
-0.5309 0.2612
-0.1815E-01 -0.9136E-01
18.00 0.9292
-0.3877 0.1409
0.2800 0.1400
19.00 1.403
-0.2703 -0.1932E-01
0.3148 0.2792
20.00 1.816
-0.2016 -0.1251
0.2804 0.3507
21.00 2.048
-0.1591 -0.1935
0.2302 0.3919
22.00 2.059
-0.1309 -0.2390
0.1747 0.4181
23.00 1.875
-0.1120 -0.2687
0.1145 0.4355
24.00 1.562
-0.1011 -0.2848
0.4782E-01 0.4456
25.00 1.197
-0.1005 -0.2860
-0.2779E-01 0.4471
26.00 0.8501
-0.1167 -0.2676
-0.1131 0.4349
27.00 0.5671
-0.1625 -0.2209
-0.2014 0.3987
28.00 0.3685
-0.2548 -0.1394
-0.2644 0.3252
29.00 0.2525
-0.3905 -0.4214E-01
-0.2388 0.2175
30.00 0.2030
-0.4992 0.3045E-02
-0.8567E-01 0.1321
31.00 0.1973
-0.5018 -0.4442E-01
0.1011 0.1319
32.00 0.2137
-0.4258 -0.1330
0.2102 0.1942
33.00 0.2351
-0.3337 -0.2093
0.2355 0.2688
34.00 0.2505
-0.2542 -0.2590
0.2106 0.3334
35.00 0.2549
-0.1934 -0.2840
0.1601 0.3834
36.00 0.2479
-0.1515 -0.2892
0.9693E-01 0.4194
37.00 0.2315
-0.1284 -0.2788
0.2888E-01 0.4419
38.00 0.2093
-0.1251 -0.2571
-0.3797E-01 0.4506
39.00 0.1847
-0.1427 -0.2296
-0.9697E-01 0.4446
40.00 0.1604
-0.1810 -0.2038
-0.1403 0.4235
41.00 0.1386
-0.2369 -0.1890
-0.1600 0.3884
42.00 0.1201
-0.3023 -0.1951
-0.1502 0.3429
43.00 0.1054
-0.3649 -0.2290
-0.1102 0.2936
44.00 0.9408E-01
-0.4105 -0.2915
-0.4709E-01 0.2488
45.00 0.8569E-01
-0.4282 -0.3757
0.2574E-01 0.2156
46.00 0.7959E-01
-0.4144 -0.4689
0.9287E-01 0.1979
47.00 0.7518E-01
-0.3731 -0.5581
0.1419 0.1950
48.00 0.7198E-01
-0.3140 -0.6333
0.1665 0.2032
49.00 0.6957E-01
-0.2483 -0.6905
0.1667 0.2168
50.00 0.6765E-01
-0.1861 -0.7308
0.1473 0.2308
51.00 0.6594E-01
-0.1339 -0.7590
0.1155 0.2411
52.00 0.6421E-01
-0.9486E-01 -0.7816
0.7894E-01 0.2455
53.00 0.6231E-01
-0.6849E-01 -0.8050
0.4408E-01 0.2431
54.00 0.6012E-01
-0.5209E-01 -0.8342
0.1590E-01 0.2342
55.00 0.5764E-01
-0.4137E-01 -0.8726
-0.2400E-02 0.2195
56.00 0.5492E-01
-0.3116E-01 -0.9217
-0.9246E-02 0.2000
57.00 0.5210E-01
-0.1588E-01 -0.9805
-0.4595E-02 0.1766
58.00 0.4936E-01
0.9813E-02 -1.045
0.9983E-02 0.1502
59.00 0.4688E-01
0.5028E-01 -1.110
0.3123E-01 0.1215
60.00 0.4482E-01
0.1078 -1.166
0.5435E-01 0.9138E-01
61.00 0.4331E-01
0.1814 -1.205
0.7366E-01 0.6053E-01
62.00 0.4242E-01
0.2668 -1.219
0.8374E-01 0.2973E-01
63.00 0.4217E-01
0.3570 -1.204
0.8089E-01 -0.3424E-03
64.00 0.4255E-01
0.4440 -1.162
0.6398E-01 -0.2912E-01
65.00 0.4348E-01
0.5212 -1.098
0.3455E-01 -0.5619E-01
66.00 0.4488E-01
0.5843 -1.019
-0.3982E-02 -0.8122E-01
67.00 0.4663E-01
0.6321 -0.9336
-0.4747E-01 -0.1040
68.00 0.4862E-01
0.6654 -0.8470
-0.9203E-01 -0.1243
69.00 0.5070E-01
0.6864 -0.7633
-0.1347 -0.1420
70.00 0.5277E-01
0.6976 -0.6843
-0.1733 -0.1570
71.00 0.5472E-01
0.7014 -0.6106
-0.2070 -0.1692
72.00 0.5646E-01
0.6998 -0.5421
-0.2351 -0.1785
73.00 0.5794E-01
0.6944 -0.4780
-0.2579 -0.1851
74.00 0.5911E-01
0.6863 -0.4178
-0.2755 -0.1890
75.00 0.5993E-01
0.6764 -0.3607
-0.2887 -0.1905
76.00 0.6041E-01
0.6651 -0.3064
-0.2979 -0.1897
77.00 0.6051E-01
0.6528 -0.2544
-0.3038 -0.1871
78.00 0.6025E-01
0.6396 -0.2045
-0.3073 -0.1830
79.00 0.5960E-01
0.6258 -0.1566
-0.3091 -0.1777
80.00 0.5860E-01
0.6113 -0.1111
-0.3099 -0.1715
81.00 0.5723E-01
0.5963 -0.6811E-01
-0.3105 -0.1648
82.00 0.5555E-01
0.5806 -0.2833E-01
-0.3114 -0.1575
83.00 0.5358E-01
0.5645 0.7694E-02
-0.3133 -0.1499
84.00 0.5137E-01
0.5482 0.3935E-01
-0.3163 -0.1418
85.00 0.4899E-01
0.5318 0.6610E-01
-0.3207 -0.1330
86.00 0.4648E-01
0.5156 0.8752E-01
-0.3263 -0.1235
87.00 0.4390E-01
0.4999 0.1033
-0.3330 -0.1130
88.00 0.4129E-01
0.4849 0.1133
-0.3405 -0.1014
89.00 0.3869E-01
0.4709 0.1174
-0.3485 -0.8845E-01
90.00 0.3612E-01
0.4581 0.1158
-0.3565 -0.7417E-01
91.00 0.3361E-01
0.4466 0.1085
-0.3640 -0.5850E-01
92.00 0.3117E-01
0.4365 0.9600E-01
-0.3704 -0.4142E-01
93.00 0.2881E-01
0.4278 0.7893E-01
-0.3752 -0.2291E-01
94.00 0.2654E-01
0.4204 0.5818E-01
-0.3777 -0.2971E-02
95.00 0.2436E-01
0.4140 0.3484E-01
-0.3776 0.1832E-01
96.00 0.2228E-01
0.4082 0.1006E-01
-0.3745 0.4084E-01
97.00 0.2029E-01
0.4025 -0.1504E-01
-0.3687 0.6435E-01
98.00 0.1840E-01
0.3966 -0.3961E-01
-0.3604 0.8855E-01
99.00 0.1661E-01
0.3900 -0.6318E-01
-0.3502 0.1130
100.0 0.1491E-01
0.3822 -0.8573E-01
-0.3389 0.1374
101.0 0.1331E-01
0.3729 -0.1078
-0.3274 0.1613
102.0 0.1181E-01
0.3616 -0.1303
-0.3165 0.1843
103.0 0.1041E-01
0.3481 -0.1547
-0.3067 0.2059
104.0 0.9112E-02
0.3317 -0.1828
-0.2987 0.2259
105.0 0.7916E-02
0.3116 -0.2167
-0.2926 0.2439
106.0 0.6822E-02
0.2866 -0.2585
-0.2879 0.2593
107.0 0.5835E-02
0.2550 -0.3103
-0.2840 0.2718
108.0 0.4959E-02
0.2146 -0.3732
-0.2790 0.2805
109.0 0.4199E-02
0.1625 -0.4469
-0.2703 0.2847
110.0 0.3559E-02
0.9600E-01 -0.5279
-0.2540 0.2833
111.0 0.3041E-02
0.1375E-01 -0.6079
-0.2255 0.2753
112.0 0.2646E-02
-0.8232E-01 -0.6730
-0.1807 0.2602
113.0 0.2370E-02
-0.1851 -0.7059
-0.1183 0.2386
114.0 0.2203E-02
-0.2825 -0.6923
-0.4249E-01 0.2132
115.0 0.2136E-02
-0.3616 -0.6288
0.3750E-01 0.1881
116.0 0.2155E-02
-0.4148 -0.5259
0.1106 0.1670
117.0 0.2246E-02
-0.4423 -0.4025
0.1686 0.1522
118.0 0.2393E-02
-0.4504 -0.2766
0.2085 0.1433
119.0 0.2582E-02
-0.4472 -0.1603
0.2316 0.1386
120.0 0.2797E-02
-0.4398 -0.5892E-01
0.2411 0.1353
121.0 0.3026E-02
-0.4327 0.2706E-01
0.2402 0.1308
122.0 0.3253E-02
-0.4281 0.9922E-01
0.2319 0.1227
123.0 0.3465E-02
-0.4271 0.1599
0.2182 0.1092
124.0 0.3650E-02
-0.4294 0.2113
0.2004 0.8879E-01
125.0 0.3797E-02
-0.4344 0.2552
0.1796 0.6042E-01
126.0 0.3897E-02
-0.4415 0.2928
0.1564 0.2354E-01
127.0 0.3944E-02
-0.4499 0.3250
0.1312 -0.2180E-01
128.0 0.3939E-02
-0.4586 0.3525
0.1044 -0.7474E-01
129.0 0.3887E-02
-0.4668 0.3758
0.7648E-01 -0.1331
130.0 0.3798E-02
-0.4734 0.3955
0.4795E-01 -0.1927
131.0 0.3692E-02
-0.4767 0.4123
0.1950E-01 -0.2469
132.0 0.3589E-02
-0.4749 0.4270
-0.7921E-02 -0.2861
133.0 0.3516E-02
-0.4655 0.4407
-0.3313E-01 -0.2989
134.0 0.3499E-02
-0.4468 0.4543
-0.5490E-01 -0.2753
135.0 0.3563E-02
-0.4183 0.4685
-0.7239E-01 -0.2114
136.0 0.3725E-02
-0.3819 0.4831
-0.8560E-01 -0.1136
137.0 0.3993E-02
-0.3415 0.4971
-0.9555E-01 0.2417E-02
138.0 0.4361E-02
-0.3017 0.5092
-0.1039 0.1177
139.0 0.4810E-02
-0.2659 0.5185
-0.1122 0.2171
140.0 0.5306E-02
-0.2364 0.5242
-0.1218 0.2925
141.0 0.5806E-02
-0.2136 0.5263
-0.1334 0.3416
142.0 0.6258E-02
-0.1974 0.5250
-0.1472 0.3662
143.0 0.6613E-02
-0.1873 0.5203
-0.1635 0.3692
144.0 0.6831E-02
-0.1828 0.5127
-0.1820 0.3534
145.0 0.6887E-02
-0.1837 0.5025
-0.2027 0.3213
146.0 0.6773E-02
-0.1900 0.4898
-0.2252 0.2751
147.0 0.6508E-02
-0.2018 0.4751
-0.2486 0.2167
148.0 0.6130E-02
-0.2190 0.4590
-0.2715 0.1496
149.0 0.5694E-02
-0.2412 0.4428
-0.2913 0.7964E-01
150.0 0.5269E-02
-0.2662 0.4285
-0.3039 0.1729E-01
151.0 0.4923E-02
-0.2899 0.4192
-0.3042 -0.2199E-01
152.0 0.4717E-02
-0.3061 0.4178
-0.2882 -0.2129E-01
153.0 0.4696E-02
-0.3091 0.4259
-0.2559 0.2856E-01
154.0 0.4880E-02
-0.2970 0.4415
-0.2136 0.1202
155.0 0.5262E-02
-0.2735 0.4599
-0.1708 0.2318
156.0 0.5808E-02
-0.2454 0.4761
-0.1355 0.3396
157.0 0.6461E-02
-0.2188 0.4871
-0.1114 0.4282
158.0 0.7150E-02
-0.1972 0.4918
-0.9855E-01 0.4917
159.0 0.7799E-02
-0.1820 0.4902
-0.9552E-01 0.5308
160.0 0.8341E-02
-0.1736 0.4830
-0.1006 0.5478
161.0 0.8728E-02
-0.1715 0.4710
-0.1124 0.5456
162.0 0.8938E-02
-0.1754 0.4550
-0.1301 0.5257
163.0 0.8976E-02
-0.1849 0.4360
-0.1531 0.4893
164.0 0.8878E-02
-0.1994 0.4157
-0.1805 0.4367
165.0 0.8702E-02
-0.2179 0.3963
-0.2110 0.3689
166.0 0.8521E-02
-0.2387 0.3813
-0.2423 0.2886
167.0 0.8410E-02
-0.2590 0.3745
-0.2708 0.2014
168.0 0.8439E-02
-0.2749 0.3796
-0.2920 0.1158
169.0 0.8661E-02
-0.2828 0.3985
-0.3019 0.4183E-01
170.0 0.9103E-02
-0.2806 0.4298
-0.2987 -0.1291E-01
171.0 0.9768E-02
-0.2683 0.4695
-0.2835 -0.4574E-01
172.0 0.1063E-01
-0.2477 0.5128
-0.2591 -0.5914E-01
173.0 0.1164E-01
-0.2214 0.5550
-0.2290 -0.5853E-01
174.0 0.1273E-01
-0.1917 0.5934
-0.1962 -0.4978E-01
175.0 0.1383E-01
-0.1603 0.6264
-0.1625 -0.3762E-01
176.0 0.1485E-01
-0.1283 0.6533
-0.1290 -0.2526E-01
177.0 0.1573E-01
-0.9609E-01 0.6740
-0.9608E-01 -0.1458E-01
178.0 0.1641E-01
-0.6397E-01 0.6887
-0.6369E-01 -0.6563E-02
179.0 0.1683E-01
-0.3195E-01 0.6974
-0.3173E-01 -0.1650E-02
180.0 0.1697E-01
0.000 0.7003
0.000 0.000
