0.000 0.8611
0.000 0.7071
0.000 0.000
1.000 0.8422
0.5620E-01 0.7020
0.1826E-01 0.7415E-02
2.000 0.7924
0.1125 0.6845
0.3892E-01 0.3247E-01
3.000 0.7313
0.1652 0.6474
0.6575E-01 0.8254E-01
4.000 0.6868
0.2020 0.5796
0.1037 0.1633
5.000 0.6888
0.2058 0.4772
0.1542 0.2640
6.000 0.7610
0.1723 0.3575
0.2092 0.3505
7.000 0.9124
0.1212 0.2503
0.2561 0.3944
8.000 1.133
0.7546E-01 0.1700
0.2899 0.3968
9.000 1.390
0.4454E-01 0.1135
0.3131 0.3743
10.00 1.640
0.2743E-01 0.7268E-01
0.3305 0.3401
11.00 1.831
0.2049E-01 0.4165E-01
0.3452 0.3007
12.00 1.923
0.2064E-01 0.1764E-01
0.3592 0.2579
13.00 1.895
0.2590E-01 0.2268E-03
0.3733 0.2117
14.00 1.754
0.3519E-01 -0.8973E-02
0.3876 0.1614
15.00 1.530
0.4787E-01 -0.6098E-02
0.4007 0.1071
16.00 1.266
0.6320E-01 0.1543E-01
0.4089 0.5200E-01
17.00 1.010
0.7927E-01 0.6436E-01
0.4046 0.5263E-02
18.00 0.7984
0.9162E-01 0.1467
0.3757 -0.1414E-01
19.00 0.6483
0.9306E-01 0.2537
0.3116 0.1768E-01
20.00 0.5596
0.7795E-01 0.3526
0.2169 0.1076
21.00 0.5171
0.4861E-01 0.4055
0.1158 0.2270
22.00 0.4997
0.1334E-01 0.4019
0.3252E-01 0.3332
23.00 0.4873
-0.2180E-01 0.3576
-0.2625E-01 0.4024
24.00 0.4670
-0.5586E-01 0.2932
-0.6643E-01 0.4325
25.00 0.4344
-0.9080E-01 0.2230
-0.9648E-01 0.4297
26.00 0.3920
-0.1288 0.1572
-0.1229 0.4011
27.00 0.3465
-0.1702 0.1056
-0.1495 0.3531
28.00 0.3045
-0.2120 0.8037E-01
-0.1771 0.2939
29.00 0.2710
-0.2467 0.9305E-01
-0.2037 0.2345
30.00 0.2480
-0.2650 0.1472
-0.2249 0.1865
31.00 0.2348
-0.2605 0.2326
-0.2363 0.1567
32.00 0.2293
-0.2344 0.3294
-0.2357 0.1431
33.00 0.2286
-0.1933 0.4174
-0.2238 0.1378
34.00 0.2304
-0.1456 0.4837
-0.2025 0.1323
35.00 0.2329
-0.9811E-01 0.5230
-0.1737 0.1205
36.00 0.2352
-0.5570E-01 0.5345
-0.1392 0.9988E-01
37.00 0.2369
-0.2146E-01 0.5203
-0.1007 0.7056E-01
38.00 0.2379
0.2847E-02 0.4842
-0.6001E-01 0.3449E-01
39.00 0.2383
0.1653E-01 0.4311
-0.1939E-01 -0.5331E-02
40.00 0.2382
0.1988E-01 0.3666
0.1889E-01 -0.4552E-01
41.00 0.2376
0.1400E-01 0.2969
0.5263E-01 -0.8289E-01
42.00 0.2365
0.6841E-03 0.2279
0.8001E-01 -0.1149
43.00 0.2349
-0.1792E-01 0.1645
0.9990E-01 -0.1398
44.00 0.2327
-0.3952E-01 0.1104
0.1119 -0.1571
45.00 0.2300
-0.6201E-01 0.6749E-01
0.1162 -0.1671
46.00 0.2265
-0.8363E-01 0.3652E-01
0.1137 -0.1713
47.00 0.2222
-0.1031 0.1684E-01
0.1055 -0.1712
48.00 0.2170
-0.1198 0.7114E-02
0.9290E-01 -0.1690
49.00 0.2109
-0.1334 0.5717E-02
0.7703E-01 -0.1663
50.00 0.2039
-0.1440 0.1107E-01
0.5880E-01 -0.1644
51.00 0.1961
-0.1517 0.2180E-01
0.3897E-01 -0.1644
52.00 0.1876
-0.1568 0.3672E-01
0.1819E-01 -0.1667
53.00 0.1788
-0.1594 0.5473E-01
-0.2900E-02 -0.1713
54.00 0.1698
-0.1595 0.7468E-01
-0.2358E-01 -0.1778
55.00 0.1610
-0.1572 0.9527E-01
-0.4303E-01 -0.1855
56.00 0.1526
-0.1524 0.1151
-0.6033E-01 -0.1932
57.00 0.1448
-0.1454 0.1330
-0.7464E-01 -0.1998
58.00 0.1376
-0.1362 0.1477
-0.8525E-01 -0.2039
59.00 0.1311
-0.1254 0.1584
-0.9173E-01 -0.2042
60.00 0.1254
-0.1134 0.1650
-0.9397E-01 -0.1999
61.00 0.1202
-0.1008 0.1674
-0.9220E-01 -0.1907
62.00 0.1155
-0.8809E-01 0.1660
-0.8688E-01 -0.1766
63.00 0.1112
-0.7550E-01 0.1615
-0.7863E-01 -0.1583
64.00 0.1072
-0.6327E-01 0.1544
-0.6811E-01 -0.1368
65.00 0.1034
-0.5147E-01 0.1455
-0.5599E-01 -0.1132
66.00 0.9975E-01
-0.4015E-01 0.1356
-0.4286E-01 -0.8876E-01
67.00 0.9615E-01
-0.2935E-01 0.1255
-0.2929E-01 -0.6452E-01
68.00 0.9256E-01
-0.1916E-01 0.1163
-0.1577E-01 -0.4153E-01
69.00 0.8892E-01
-0.9751E-02 0.1088
-0.2699E-02 -0.2060E-01
70.00 0.8519E-01
-0.1295E-02 0.1038
0.9563E-02 -0.2326E-02
71.00 0.8134E-01
0.6018E-02 0.1021
0.2076E-01 0.1294E-01
72.00 0.7738E-01
0.1204E-01 0.1041
0.3070E-01 0.2511E-01
73.00 0.7334E-01
0.1669E-01 0.1102
0.3925E-01 0.3436E-01
74.00 0.6926E-01
0.1998E-01 0.1204
0.4634E-01 0.4113E-01
75.00 0.6523E-01
0.2199E-01 0.1346
0.5197E-01 0.4606E-01
76.00 0.6132E-01
0.2286E-01 0.1527
0.5619E-01 0.5000E-01
77.00 0.5760E-01
0.2278E-01 0.1742
0.5910E-01 0.5386E-01
78.00 0.5415E-01
0.2193E-01 0.1987
0.6084E-01 0.5853E-01
79.00 0.5100E-01
0.2050E-01 0.2253
0.6158E-01 0.6474E-01
80.00 0.4818E-01
0.1873E-01 0.2532
0.6145E-01 0.7297E-01
81.00 0.4568E-01
0.1689E-01 0.2815
0.6058E-01 0.8331E-01
82.00 0.4350E-01
0.1533E-01 0.3090
0.5912E-01 0.9551E-01
83.00 0.4159E-01
0.1444E-01 0.3348
0.5722E-01 0.1090
84.00 0.3990E-01
0.1460E-01 0.3582
0.5509E-01 0.1230
85.00 0.3839E-01
0.1610E-01 0.3787
0.5303E-01 0.1367
86.00 0.3699E-01
0.1911E-01 0.3963
0.5135E-01 0.1493
87.00 0.3563E-01
0.2359E-01 0.4114
0.5036E-01 0.1601
88.00 0.3427E-01
0.2937E-01 0.4242
0.5035E-01 0.1688
89.00 0.3285E-01
0.3618E-01 0.4354
0.5150E-01 0.1753
90.00 0.3136E-01
0.4373E-01 0.4454
0.5392E-01 0.1797
91.00 0.2977E-01
0.5174E-01 0.4545
0.5766E-01 0.1827
92.00 0.2809E-01
0.5998E-01 0.4630
0.6268E-01 0.1848
93.00 0.2636E-01
0.6825E-01 0.4709
0.6891E-01 0.1868
94.00 0.2460E-01
0.7637E-01 0.4781
0.7620E-01 0.1896
95.00 0.2285E-01
0.8413E-01 0.4846
0.8428E-01 0.1938
96.00 0.2115E-01
0.9133E-01 0.4900
0.9273E-01 0.2002
97.00 0.1952E-01
0.9775E-01 0.4943
0.1010 0.2091
98.00 0.1799E-01
0.1032 0.4974
0.1083 0.2206
99.00 0.1657E-01
0.1074 0.4993
0.1139 0.2347
100.0 0.1527E-01
0.1103 0.5003
0.1170 0.2509
101.0 0.1408E-01
0.1116 0.5006
0.1173 0.2689
102.0 0.1300E-01
0.1114 0.5008
0.1143 0.2882
103.0 0.1203E-01
0.1096 0.5013
0.1082 0.3083
104.0 0.1116E-01
0.1062 0.5024
0.9947E-01 0.3288
105.0 0.1037E-01
0.1013 0.5042
0.8891E-01 0.3495
106.0 0.9669E-02
0.9503E-01 0.5064
0.7757E-01 0.3700
107.0 0.9047E-02
0.8775E-01 0.5079
0.6664E-01 0.3902
108.0 0.8493E-02
0.7972E-01 0.5073
0.5722E-01 0.4098
109.0 0.7998E-02
0.7126E-01 0.5031
0.5015E-01 0.4285
110.0 0.7549E-02
0.6261E-01 0.4935
0.4588E-01 0.4458
111.0 0.7130E-02
0.5390E-01 0.4771
0.4442E-01 0.4613
112.0 0.6730E-02
0.4519E-01 0.4531
0.4539E-01 0.4745
113.0 0.6338E-02
0.3647E-01 0.4209
0.4815E-01 0.4848
114.0 0.5948E-02
0.2767E-01 0.3809
0.5193E-01 0.4918
115.0 0.5557E-02
0.1871E-01 0.3339
0.5606E-01 0.4949
116.0 0.5167E-02
0.9462E-02 0.2813
0.6004E-01 0.4938
117.0 0.4782E-02
-0.3050E-03 0.2251
0.6366E-01 0.4887
118.0 0.4411E-02
-0.1092E-01 0.1679
0.6702E-01 0.4797
119.0 0.4064E-02
-0.2276E-01 0.1129
0.7047E-01 0.4679
120.0 0.3752E-02
-0.3614E-01 0.6354E-01
0.7455E-01 0.4546
121.0 0.3488E-02
-0.5107E-01 0.2362E-01
0.7991E-01 0.4418
122.0 0.3281E-02
-0.6704E-01 -0.4098E-02
0.8713E-01 0.4313
123.0 0.3138E-02
-0.8295E-01 -0.1903E-01
0.9639E-01 0.4246
124.0 0.3058E-02
-0.9742E-01 -0.2364E-01
0.1073 0.4219
125.0 0.3032E-02
-0.1093 -0.2299E-01
0.1189 0.4220
126.0 0.3047E-02
-0.1183 -0.2305E-01
0.1299 0.4228
127.0 0.3082E-02
-0.1248 -0.2858E-01
0.1389 0.4219
128.0 0.3118E-02
-0.1300 -0.4209E-01
0.1451 0.4176
129.0 0.3136E-02
-0.1352 -0.6376E-01
0.1480 0.4087
130.0 0.3125E-02
-0.1418 -0.9198E-01
0.1473 0.3948
131.0 0.3078E-02
-0.1511 -0.1239
0.1432 0.3756
132.0 0.2999E-02
-0.1641 -0.1560
0.1364 0.3517
133.0 0.2895E-02
-0.1818 -0.1841
0.1279 0.3235
134.0 0.2778E-02
-0.2045 -0.2040
0.1198 0.2921
135.0 0.2661E-02
-0.2321 -0.2121
0.1146 0.2591
136.0 0.2558E-02
-0.2633 -0.2058
0.1153 0.2268
137.0 0.2478E-02
-0.2952 -0.1848
0.1246 0.1978
138.0 0.2430E-02
-0.3244 -0.1517
0.1443 0.1746
139.0 0.2416E-02
-0.3466 -0.1122
0.1744 0.1588
140.0 0.2433E-02
-0.3589 -0.7401E-01
0.2129 0.1503
141.0 0.2474E-02
-0.3599 -0.4505E-01
0.2564 0.1476
142.0 0.2527E-02
-0.3499 -0.3168E-01
0.3011 0.1480
143.0 0.2578E-02
-0.3308 -0.3792E-01
0.3436 0.1486
144.0 0.2615E-02
-0.3048 -0.6546E-01
0.3809 0.1471
145.0 0.2625E-02
-0.2744 -0.1142
0.4109 0.1419
146.0 0.2602E-02
-0.2416 -0.1829
0.4316 0.1324
147.0 0.2544E-02
-0.2083 -0.2688
0.4408 0.1190
148.0 0.2458E-02
-0.1764 -0.3677
0.4358 0.1026
149.0 0.2352E-02
-0.1482 -0.4734
0.4143 0.8539E-01
150.0 0.2238E-02
-0.1263 -0.5762
0.3738 0.7019E-01
151.0 0.2130E-02
-0.1135 -0.6631
0.3138 0.6072E-01
152.0 0.2042E-02
-0.1119 -0.7187
0.2365 0.6105E-01
153.0 0.1986E-02
-0.1221 -0.7282
0.1480 0.7461E-01
154.0 0.1969E-02
-0.1422 -0.6827
0.5806E-01 0.1028
155.0 0.1995E-02
-0.1679 -0.5841
-0.2242E-01 0.1438
156.0 0.2061E-02
-0.1936 -0.4453
-0.8470E-01 0.1931
157.0 0.2161E-02
-0.2148 -0.2856
-0.1248 0.2447
158.0 0.2284E-02
-0.2290 -0.1246
-0.1434 0.2931
159.0 0.2415E-02
-0.2359 0.2302E-01
-0.1444 0.3344
160.0 0.2538E-02
-0.2368 0.1484
-0.1328 0.3664
161.0 0.2635E-02
-0.2340 0.2477
-0.1129 0.3882
162.0 0.2694E-02
-0.2297 0.3204
-0.8793E-01 0.3992
163.0 0.2703E-02
-0.2261 0.3675
-0.6019E-01 0.3996
164.0 0.2660E-02
-0.2256 0.3906
-0.3088E-01 0.3889
165.0 0.2567E-02
-0.2304 0.3916
-0.6853E-03 0.3668
166.0 0.2434E-02
-0.2426 0.3731
0.3006E-01 0.3325
167.0 0.2274E-02
-0.2641 0.3384
0.6098E-01 0.2854
168.0 0.2107E-02
-0.2961 0.2935
0.9138E-01 0.2255
169.0 0.1952E-02
-0.3374 0.2477
0.1197 0.1552
170.0 0.1828E-02
-0.3832 0.2138
0.1433 0.8015E-01
171.0 0.1751E-02
-0.4242 0.2059
0.1586 0.1007E-01
172.0 0.1730E-02
-0.4487 0.2334
0.1628 -0.4403E-01
173.0 0.1766E-02
-0.4479 0.2950
0.1552 -0.7476E-01
174.0 0.1854E-02
-0.4200 0.3786
0.1383 -0.8203E-01
175.0 0.1980E-02
-0.3696 0.4681
0.1159 -0.7200E-01
176.0 0.2126E-02
-0.3043 0.5499
0.9141E-01 -0.5307E-01
177.0 0.2270E-02
-0.2312 0.6159
0.6713E-01 -0.3249E-01
178.0 0.2393E-02
-0.1548 0.6631
0.4388E-01 -0.1516E-01
179.0 0.2474E-02
-0.7743E-01 0.6911
0.2164E-01 -0.3888E-02
180.0 0.2503E-02
0.000 0.7003
0.000 0.000
