0.000 2.805
0.000 -0.8713E-01
0.000 0.000
1.000 2.786
-0.3877E-01 -0.8858E-01
-0.3149E-02 0.1379E-02
2.000 2.731
-0.7410E-01 -0.9297E-01
-0.5262E-02 0.5179E-02
3.000 2.643
-0.1030 -0.1004
-0.5420E-02 0.1036E-01
4.000 2.531
-0.1231 -0.1108
-0.2925E-02 0.1515E-01
5.000 2.405
-0.1326 -0.1241
0.2600E-02 0.1710E-01
6.000 2.281
-0.1298 -0.1401
0.1105E-01 0.1351E-01
7.000 2.171
-0.1134 -0.1583
0.2162E-01 0.2292E-02
8.000 2.084
-0.8308E-01 -0.1782
0.3262E-01 -0.1691E-01
9.000 2.020
-0.4008E-01 -0.1993
0.4164E-01 -0.4211E-01
10.00 1.976
0.1241E-01 -0.2211
0.4601E-01 -0.6951E-01
11.00 1.940
0.6969E-01 -0.2427
0.4338E-01 -0.9505E-01
12.00 1.900
0.1264 -0.2632
0.3214E-01 -0.1157
13.00 1.848
0.1771 -0.2812
0.1157E-01 -0.1303
14.00 1.776
0.2169 -0.2956
-0.1812E-01 -0.1389
15.00 1.682
0.2417 -0.3059
-0.5581E-01 -0.1428
16.00 1.567
0.2482 -0.3127
-0.9951E-01 -0.1434
17.00 1.434
0.2344 -0.3174
-0.1465 -0.1424
18.00 1.291
0.1998 -0.3227
-0.1933 -0.1413
19.00 1.143
0.1447 -0.3313
-0.2362 -0.1413
20.00 0.9990
0.7153E-01 -0.3462
-0.2709 -0.1434
21.00 0.8649
-0.1564E-01 -0.3689
-0.2930 -0.1479
22.00 0.7463
-0.1099 -0.3997
-0.2980 -0.1549
23.00 0.6462
-0.2015 -0.4364
-0.2828 -0.1637
24.00 0.5653
-0.2784 -0.4752
-0.2463 -0.1731
25.00 0.5028
-0.3289 -0.5111
-0.1915 -0.1820
26.00 0.4567
-0.3450 -0.5399
-0.1247 -0.1893
27.00 0.4242
-0.3257 -0.5593
-0.5502E-01 -0.1947
28.00 0.4024
-0.2777 -0.5697
0.8334E-02 -0.1980
29.00 0.3883
-0.2132 -0.5735
0.5849E-01 -0.1995
30.00 0.3787
-0.1458 -0.5744
0.9220E-01 -0.1992
31.00 0.3709
-0.8709E-01 -0.5757
0.1096 -0.1969
32.00 0.3624
-0.4445E-01 -0.5800
0.1128 -0.1922
33.00 0.3517
-0.2146E-01 -0.5889
0.1046 -0.1850
34.00 0.3381
-0.1876E-01 -0.6033
0.8790E-01 -0.1755
35.00 0.3215
-0.3499E-01 -0.6233
0.6460E-01 -0.1639
36.00 0.3024
-0.6753E-01 -0.6482
0.3621E-01 -0.1508
37.00 0.2816
-0.1128 -0.6772
0.3655E-02 -0.1369
38.00 0.2599
-0.1668 -0.7088
-0.3252E-01 -0.1228
39.00 0.2383
-0.2248 -0.7412
-0.7199E-01 -0.1096
40.00 0.2177
-0.2819 -0.7715
-0.1145 -0.9840E-01
41.00 0.1988
-0.3333 -0.7964
-0.1592 -0.9067E-01
42.00 0.1823
-0.3742 -0.8117
-0.2050 -0.8826E-01
43.00 0.1689
-0.4014 -0.8137
-0.2492 -0.9281E-01
44.00 0.1585
-0.4135 -0.8004
-0.2889 -0.1050
45.00 0.1510
-0.4127 -0.7730
-0.3207 -0.1238
46.00 0.1457
-0.4034 -0.7359
-0.3429 -0.1469
47.00 0.1418
-0.3911 -0.6953
-0.3549 -0.1712
48.00 0.1384
-0.3806 -0.6569
-0.3578 -0.1938
49.00 0.1349
-0.3745 -0.6249
-0.3534 -0.2129
50.00 0.1307
-0.3736 -0.6015
-0.3433 -0.2278
51.00 0.1257
-0.3769 -0.5872
-0.3288 -0.2385
52.00 0.1200
-0.3826 -0.5816
-0.3109 -0.2452
53.00 0.1139
-0.3884 -0.5839
-0.2904 -0.2486
54.00 0.1075
-0.3918 -0.5930
-0.2679 -0.2494
55.00 0.1013
-0.3908 -0.6077
-0.2439 -0.2480
56.00 0.9530E-01
-0.3840 -0.6269
-0.2192 -0.2451
57.00 0.8972E-01
-0.3710 -0.6494
-0.1948 -0.2412
58.00 0.8463E-01
-0.3525 -0.6742
-0.1718 -0.2365
59.00 0.8004E-01
-0.3305 -0.7001
-0.1509 -0.2315
60.00 0.7589E-01
-0.3076 -0.7263
-0.1328 -0.2261
61.00 0.7213E-01
-0.2867 -0.7521
-0.1174 -0.2203
62.00 0.6866E-01
-0.2699 -0.7770
-0.1041 -0.2140
63.00 0.6541E-01
-0.2582 -0.8010
-0.9180E-01 -0.2071
64.00 0.6231E-01
-0.2516 -0.8240
-0.7950E-01 -0.1995
65.00 0.5933E-01
-0.2487 -0.8460
-0.6623E-01 -0.1913
66.00 0.5645E-01
-0.2481 -0.8669
-0.5143E-01 -0.1824
67.00 0.5365E-01
-0.2485 -0.8865
-0.3495E-01 -0.1732
68.00 0.5094E-01
-0.2489 -0.9043
-0.1685E-01 -0.1637
69.00 0.4830E-01
-0.2489 -0.9200
0.2724E-02 -0.1541
70.00 0.4570E-01
-0.2487 -0.9332
0.2371E-01 -0.1447
71.00 0.4314E-01
-0.2483 -0.9435
0.4608E-01 -0.1355
72.00 0.4063E-01
-0.2474 -0.9504
0.6971E-01 -0.1268
73.00 0.3817E-01
-0.2457 -0.9537
0.9424E-01 -0.1186
74.00 0.3579E-01
-0.2425 -0.9531
0.1190 -0.1112
75.00 0.3349E-01
-0.2379 -0.9491
0.1430 -0.1046
76.00 0.3129E-01
-0.2320 -0.9423
0.1656 -0.9851E-01
77.00 0.2918E-01
-0.2256 -0.9338
0.1861 -0.9298E-01
78.00 0.2717E-01
-0.2196 -0.9247
0.2047 -0.8793E-01
79.00 0.2527E-01
-0.2143 -0.9160
0.2216 -0.8347E-01
80.00 0.2350E-01
-0.2097 -0.9084
0.2376 -0.7988E-01
81.00 0.2186E-01
-0.2047 -0.9023
0.2532 -0.7750E-01
82.00 0.2037E-01
-0.1980 -0.8975
0.2686 -0.7665E-01
83.00 0.1902E-01
-0.1884 -0.8937
0.2834 -0.7744E-01
84.00 0.1781E-01
-0.1753 -0.8902
0.2971 -0.7974E-01
85.00 0.1670E-01
-0.1589 -0.8865
0.3090 -0.8314E-01
86.00 0.1566E-01
-0.1403 -0.8821
0.3186 -0.8708E-01
87.00 0.1466E-01
-0.1209 -0.8767
0.3257 -0.9099E-01
88.00 0.1366E-01
-0.1023 -0.8702
0.3307 -0.9432E-01
89.00 0.1266E-01
-0.8544E-01 -0.8625
0.3339 -0.9662E-01
90.00 0.1164E-01
-0.7113E-01 -0.8533
0.3356 -0.9747E-01
91.00 0.1064E-01
-0.5984E-01 -0.8427
0.3360 -0.9644E-01
92.00 0.9645E-02
-0.5190E-01 -0.8308
0.3356 -0.9307E-01
93.00 0.8686E-02
-0.4765E-01 -0.8178
0.3347 -0.8693E-01
94.00 0.7779E-02
-0.4732E-01 -0.8042
0.3341 -0.7777E-01
95.00 0.6939E-02
-0.5086E-01 -0.7906
0.3348 -0.6566E-01
96.00 0.6181E-02
-0.5749E-01 -0.7773
0.3382 -0.5120E-01
97.00 0.5514E-02
-0.6535E-01 -0.7651
0.3455 -0.3556E-01
98.00 0.4944E-02
-0.7148E-01 -0.7544
0.3576 -0.2038E-01
99.00 0.4468E-02
-0.7223E-01 -0.7456
0.3743 -0.7452E-02
100.0 0.4078E-02
-0.6432E-01 -0.7389
0.3937 0.1806E-02
101.0 0.3761E-02
-0.4606E-01 -0.7336
0.4127 0.6855E-02
102.0 0.3500E-02
-0.1817E-01 -0.7288
0.4272 0.8247E-02
103.0 0.3278E-02
0.1617E-01 -0.7231
0.4336 0.7448E-02
104.0 0.3076E-02
0.5218E-01 -0.7149
0.4293 0.6301E-02
105.0 0.2880E-02
0.8461E-01 -0.7021
0.4129 0.6418E-02
106.0 0.2682E-02
0.1087 -0.6821
0.3842 0.8701E-02
107.0 0.2481E-02
0.1205 -0.6519
0.3437 0.1310E-01
108.0 0.2280E-02
0.1175 -0.6080
0.2922 0.1852E-01
109.0 0.2091E-02
0.9807E-01 -0.5475
0.2316 0.2282E-01
110.0 0.1924E-02
0.6243E-01 -0.4697
0.1651 0.2296E-01
111.0 0.1794E-02
0.1285E-01 -0.3780
0.9830E-01 0.1548E-01
112.0 0.1710E-02
-0.4538E-01 -0.2814
0.3903E-01 -0.2320E-02
113.0 0.1680E-02
-0.1043 -0.1936
-0.4625E-02 -0.3081E-01
114.0 0.1704E-02
-0.1559 -0.1277
-0.2778E-01 -0.6724E-01
115.0 0.1774E-02
-0.1952 -0.9028E-01
-0.3129E-01 -0.1068
116.0 0.1879E-02
-0.2219 -0.7985E-01
-0.2092E-01 -0.1449
117.0 0.1999E-02
-0.2392 -0.8934E-01
-0.4197E-02 -0.1785
118.0 0.2118E-02
-0.2521 -0.1105
0.1216E-01 -0.2067
119.0 0.2217E-02
-0.2651 -0.1365
0.2328E-01 -0.2292
120.0 0.2283E-02
-0.2825 -0.1626
0.2614E-01 -0.2469
121.0 0.2307E-02
-0.3079 -0.1859
0.1915E-01 -0.2607
122.0 0.2290E-02
-0.3443 -0.2043
0.1907E-02 -0.2716
123.0 0.2238E-02
-0.3932 -0.2167
-0.2474E-01 -0.2813
124.0 0.2166E-02
-0.4546 -0.2222
-0.5839E-01 -0.2915
125.0 0.2090E-02
-0.5252 -0.2202
-0.9471E-01 -0.3042
126.0 0.2028E-02
-0.5985 -0.2116
-0.1275 -0.3210
127.0 0.1994E-02
-0.6652 -0.1982
-0.1499 -0.3422
128.0 0.1996E-02
-0.7160 -0.1830
-0.1567 -0.3665
129.0 0.2035E-02
-0.7450 -0.1688
-0.1464 -0.3915
130.0 0.2104E-02
-0.7515 -0.1575
-0.1217 -0.4142
131.0 0.2191E-02
-0.7389 -0.1497
-0.8770E-01 -0.4329
132.0 0.2280E-02
-0.7128 -0.1451
-0.4990E-01 -0.4469
133.0 0.2355E-02
-0.6785 -0.1429
-0.1272E-01 -0.4566
134.0 0.2405E-02
-0.6403 -0.1421
0.2078E-01 -0.4626
135.0 0.2422E-02
-0.6014 -0.1420
0.4853E-01 -0.4659
136.0 0.2407E-02
-0.5643 -0.1416
0.6903E-01 -0.4673
137.0 0.2364E-02
-0.5318 -0.1398
0.8114E-01 -0.4677
138.0 0.2303E-02
-0.5066 -0.1355
0.8416E-01 -0.4681
139.0 0.2233E-02
-0.4918 -0.1275
0.7806E-01 -0.4694
140.0 0.2167E-02
-0.4892 -0.1144
0.6379E-01 -0.4725
141.0 0.2114E-02
-0.4990 -0.9548E-01
0.4343E-01 -0.4779
142.0 0.2080E-02
-0.5188 -0.7074E-01
0.2002E-01 -0.4855
143.0 0.2068E-02
-0.5437 -0.4152E-01
-0.3052E-02 -0.4944
144.0 0.2079E-02
-0.5675 -0.1025E-01
-0.2283E-01 -0.5029
145.0 0.2110E-02
-0.5846 0.2032E-01
-0.3742E-01 -0.5095
146.0 0.2157E-02
-0.5905 0.4778E-01
-0.4605E-01 -0.5127
147.0 0.2217E-02
-0.5832 0.7055E-01
-0.4880E-01 -0.5114
148.0 0.2285E-02
-0.5628 0.8788E-01
-0.4617E-01 -0.5055
149.0 0.2361E-02
-0.5311 0.9958E-01
-0.3879E-01 -0.4952
150.0 0.2443E-02
-0.4919 0.1059
-0.2724E-01 -0.4810
151.0 0.2531E-02
-0.4497 0.1071
-0.1214E-01 -0.4637
152.0 0.2628E-02
-0.4097 0.1038
0.5696E-02 -0.4442
153.0 0.2734E-02
-0.3768 0.9618E-01
0.2519E-01 -0.4234
154.0 0.2853E-02
-0.3548 0.8443E-01
0.4500E-01 -0.4022
155.0 0.2985E-02
-0.3463 0.6824E-01
0.6373E-01 -0.3813
156.0 0.3130E-02
-0.3515 0.4709E-01
0.8018E-01 -0.3613
157.0 0.3284E-02
-0.3688 0.2039E-01
0.9358E-01 -0.3421
158.0 0.3446E-02
-0.3945 -0.1219E-01
0.1036 -0.3236
159.0 0.3611E-02
-0.4240 -0.5061E-01
0.1105 -0.3053
160.0 0.3775E-02
-0.4521 -0.9436E-01
0.1146 -0.2867
161.0 0.3932E-02
-0.4743 -0.1425
0.1164 -0.2676
162.0 0.4078E-02
-0.4873 -0.1935
0.1164 -0.2475
163.0 0.4208E-02
-0.4893 -0.2456
0.1148 -0.2267
164.0 0.4320E-02
-0.4800 -0.2968
0.1114 -0.2052
165.0 0.4413E-02
-0.4602 -0.3447
0.1061 -0.1834
166.0 0.4489E-02
-0.4315 -0.3872
0.9842E-01 -0.1618
167.0 0.4550E-02
-0.3963 -0.4225
0.8816E-01 -0.1408
168.0 0.4598E-02
-0.3573 -0.4493
0.7525E-01 -0.1208
169.0 0.4638E-02
-0.3170 -0.4668
0.6001E-01 -0.1020
170.0 0.4672E-02
-0.2775 -0.4747
0.4312E-01 -0.8472E-01
171.0 0.4703E-02
-0.2403 -0.4734
0.2563E-01 -0.6903E-01
172.0 0.4732E-02
-0.2061 -0.4642
0.8841E-02 -0.5498E-01
173.0 0.4758E-02
-0.1751 -0.4490
-0.5906E-02 -0.4252E-01
174.0 0.4779E-02
-0.1470 -0.4301
-0.1741E-01 -0.3159E-01
175.0 0.4795E-02
-0.1211 -0.4096
-0.2475E-01 -0.2216E-01
176.0 0.4806E-02
-0.9654E-01 -0.3896
-0.2746E-01 -0.1428E-01
177.0 0.4813E-02
-0.7263E-01 -0.3719
-0.2556E-01 -0.8051E-02
178.0 0.4818E-02
-0.4871E-01 -0.3578
-0.1959E-01 -0.3573E-02
179.0 0.4821E-02
-0.2449E-01 -0.3488
-0.1060E-01 -0.8910E-03
180.0 0.4822E-02
0.000 -0.3456
0.000 0.000
