0.000 0.2706
0.000 0.6203E-01
0.000 0.000
1.000 0.2648
0.1651E-01 0.4804E-01
0.7109E-02 0.1626E-01
2.000 0.2503
0.1208E-01 0.1830E-02
0.1116E-01 0.6535E-01
3.000 0.2355
-0.3678E-01 -0.8483E-01
0.6455E-02 0.1427
4.000 0.2327
-0.1424 -0.2056
-0.1478E-01 0.2238
5.000 0.2553
-0.2736 -0.3179
-0.5341E-01 0.2623
6.000 0.3138
-0.3664 -0.3715
-0.9605E-01 0.2346
7.000 0.4113
-0.3934 -0.3641
-0.1287 0.1672
8.000 0.5404
-0.3741 -0.3268
-0.1490 0.9557E-01
9.000 0.6826
-0.3345 -0.2844
-0.1607 0.3570E-01
10.00 0.8119
-0.2894 -0.2481
-0.1681 -0.1025E-01
11.00 0.9012
-0.2449 -0.2214
-0.1740 -0.4499E-01
12.00 0.9304
-0.2024 -0.2049
-0.1803 -0.7215E-01
13.00 0.8927
-0.1612 -0.1987
-0.1891 -0.9546E-01
14.00 0.7974
-0.1197 -0.2020
-0.2023 -0.1193
15.00 0.6670
-0.7612E-01 -0.2128
-0.2229 -0.1495
16.00 0.5302
-0.2973E-01 -0.2239
-0.2542 -0.1947
17.00 0.4139
0.1534E-01 -0.2177
-0.2968 -0.2632
18.00 0.3349
0.4566E-01 -0.1657
-0.3417 -0.3522
19.00 0.2974
0.4452E-01 -0.5478E-01
-0.3676 -0.4324
20.00 0.2929
0.1307E-01 0.8311E-01
-0.3613 -0.4679
21.00 0.3059
-0.2903E-01 0.2021
-0.3326 -0.4547
22.00 0.3191
-0.6670E-01 0.2864
-0.2983 -0.4122
23.00 0.3199
-0.9644E-01 0.3422
-0.2672 -0.3557
24.00 0.3024
-0.1199 0.3785
-0.2412 -0.2907
25.00 0.2682
-0.1391 0.4000
-0.2191 -0.2166
26.00 0.2237
-0.1543 0.4057
-0.1985 -0.1310
27.00 0.1775
-0.1619 0.3888
-0.1760 -0.3335E-01
28.00 0.1369
-0.1524 0.3375
-0.1468 0.6758E-01
29.00 0.1068
-0.1084 0.2417
-0.1062 0.1445
30.00 0.8857E-01
-0.1571E-01 0.1130
-0.5558E-01 0.1542
31.00 0.8121E-01
0.1147 -0.4633E-02
-0.7817E-02 0.7645E-01
32.00 0.8192E-01
0.2463 -0.6950E-01
0.2183E-01 -0.5087E-01
33.00 0.8744E-01
0.3516 -0.8078E-01
0.2936E-01 -0.1702
34.00 0.9478E-01
0.4272 -0.6281E-01
0.1987E-01 -0.2529
35.00 0.1017
0.4797 -0.3756E-01
-0.7127E-03 -0.2973
36.00 0.1068
0.5155 -0.1759E-01
-0.2860E-01 -0.3115
37.00 0.1094
0.5373 -0.8962E-02
-0.6164E-01 -0.3039
38.00 0.1095
0.5455 -0.1454E-01
-0.9833E-01 -0.2812
39.00 0.1072
0.5395 -0.3556E-01
-0.1373 -0.2485
40.00 0.1031
0.5184 -0.7226E-01
-0.1770 -0.2098
41.00 0.9762E-01
0.4822 -0.1238
-0.2160 -0.1683
42.00 0.9133E-01
0.4320 -0.1882
-0.2527 -0.1269
43.00 0.8465E-01
0.3705 -0.2623
-0.2855 -0.8791E-01
44.00 0.7796E-01
0.3013 -0.3419
-0.3132 -0.5308E-01
45.00 0.7154E-01
0.2296 -0.4221
-0.3352 -0.2371E-01
46.00 0.6557E-01
0.1602 -0.4982
-0.3512 -0.4204E-03
47.00 0.6016E-01
0.9774E-01 -0.5668
-0.3621 0.1671E-01
48.00 0.5538E-01
0.4571E-01 -0.6253
-0.3690 0.2803E-01
49.00 0.5125E-01
0.5937E-02 -0.6730
-0.3736 0.3413E-01
50.00 0.4779E-01
-0.2134E-01 -0.7104
-0.3777 0.3563E-01
51.00 0.4501E-01
-0.3729E-01 -0.7388
-0.3826 0.3310E-01
52.00 0.4290E-01
-0.4406E-01 -0.7599
-0.3887 0.2706E-01
53.00 0.4146E-01
-0.4423E-01 -0.7752
-0.3956 0.1800E-01
54.00 0.4064E-01
-0.4027E-01 -0.7862
-0.4020 0.6519E-02
55.00 0.4039E-01
-0.3398E-01 -0.7943
-0.4063 -0.6643E-02
56.00 0.4061E-01
-0.2633E-01 -0.8005
-0.4071 -0.2065E-01
57.00 0.4120E-01
-0.1748E-01 -0.8055
-0.4038 -0.3468E-01
58.00 0.4200E-01
-0.7129E-02 -0.8094
-0.3964 -0.4803E-01
59.00 0.4290E-01
0.5153E-02 -0.8122
-0.3853 -0.6019E-01
60.00 0.4376E-01
0.1970E-01 -0.8135
-0.3713 -0.7090E-01
61.00 0.4448E-01
0.3664E-01 -0.8127
-0.3554 -0.8008E-01
62.00 0.4499E-01
0.5591E-01 -0.8094
-0.3381 -0.8777E-01
63.00 0.4528E-01
0.7729E-01 -0.8029
-0.3200 -0.9411E-01
64.00 0.4533E-01
0.1005 -0.7928
-0.3013 -0.9924E-01
65.00 0.4519E-01
0.1251 -0.7789
-0.2825 -0.1033
66.00 0.4487E-01
0.1506 -0.7612
-0.2639 -0.1063
67.00 0.4442E-01
0.1763 -0.7400
-0.2457 -0.1082
68.00 0.4386E-01
0.2012 -0.7160
-0.2284 -0.1089
69.00 0.4320E-01
0.2243 -0.6899
-0.2122 -0.1083
70.00 0.4245E-01
0.2448 -0.6628
-0.1972 -0.1060
71.00 0.4159E-01
0.2616 -0.6358
-0.1835 -0.1021
72.00 0.4065E-01
0.2744 -0.6098
-0.1708 -0.9642E-01
73.00 0.3961E-01
0.2827 -0.5858
-0.1588 -0.8917E-01
74.00 0.3852E-01
0.2868 -0.5642
-0.1470 -0.8061E-01
75.00 0.3740E-01
0.2871 -0.5455
-0.1349 -0.7113E-01
76.00 0.3626E-01
0.2841 -0.5299
-0.1223 -0.6115E-01
77.00 0.3512E-01
0.2787 -0.5173
-0.1089 -0.5110E-01
78.00 0.3400E-01
0.2713 -0.5076
-0.9451E-01 -0.4138E-01
79.00 0.3289E-01
0.2627 -0.5005
-0.7922E-01 -0.3228E-01
80.00 0.3178E-01
0.2533 -0.4956
-0.6310E-01 -0.2407E-01
81.00 0.3069E-01
0.2437 -0.4923
-0.4636E-01 -0.1693E-01
82.00 0.2960E-01
0.2344 -0.4899
-0.2933E-01 -0.1097E-01
83.00 0.2853E-01
0.2259 -0.4878
-0.1255E-01 -0.6160E-02
84.00 0.2746E-01
0.2187 -0.4853
0.3302E-02 -0.2329E-02
85.00 0.2640E-01
0.2132 -0.4818
0.1746E-01 0.8795E-03
86.00 0.2535E-01
0.2093 -0.4770
0.2918E-01 0.3955E-02
87.00 0.2428E-01
0.2067 -0.4711
0.3791E-01 0.7436E-02
88.00 0.2318E-01
0.2047 -0.4643
0.4335E-01 0.1179E-01
89.00 0.2204E-01
0.2027 -0.4572
0.4554E-01 0.1734E-01
90.00 0.2086E-01
0.1999 -0.4505
0.4480E-01 0.2416E-01
91.00 0.1963E-01
0.1955 -0.4451
0.4171E-01 0.3215E-01
92.00 0.1838E-01
0.1891 -0.4416
0.3700E-01 0.4103E-01
93.00 0.1712E-01
0.1805 -0.4408
0.3151E-01 0.5042E-01
94.00 0.1587E-01
0.1697 -0.4434
0.2609E-01 0.5988E-01
95.00 0.1465E-01
0.1569 -0.4496
0.2159E-01 0.6901E-01
96.00 0.1348E-01
0.1424 -0.4599
0.1873E-01 0.7748E-01
97.00 0.1239E-01
0.1270 -0.4742
0.1806E-01 0.8512E-01
98.00 0.1137E-01
0.1115 -0.4920
0.1980E-01 0.9192E-01
99.00 0.1044E-01
0.9647E-01 -0.5127
0.2379E-01 0.9813E-01
100.0 0.9588E-02
0.8265E-01 -0.5352
0.2947E-01 0.1042
101.0 0.8812E-02
0.7033E-01 -0.5582
0.3595E-01 0.1108
102.0 0.8104E-02
0.5942E-01 -0.5801
0.4217E-01 0.1185
103.0 0.7452E-02
0.4938E-01 -0.5996
0.4712E-01 0.1279
104.0 0.6848E-02
0.3926E-01 -0.6156
0.5000E-01 0.1393
105.0 0.6284E-02
0.2774E-01 -0.6271
0.5038E-01 0.1527
106.0 0.5753E-02
0.1330E-01 -0.6334
0.4831E-01 0.1677
107.0 0.5253E-02
-0.5691E-02 -0.6339
0.4440E-01 0.1835
108.0 0.4781E-02
-0.3074E-01 -0.6284
0.3989E-01 0.1992
109.0 0.4340E-02
-0.6297E-01 -0.6167
0.3670E-01 0.2133
110.0 0.3934E-02
-0.1027 -0.5993
0.3737E-01 0.2245
111.0 0.3568E-02
-0.1489 -0.5770
0.4480E-01 0.2311
112.0 0.3250E-02
-0.1986 -0.5516
0.6169E-01 0.2314
113.0 0.2986E-02
-0.2470 -0.5259
0.8955E-01 0.2242
114.0 0.2777E-02
-0.2881 -0.5031
0.1276 0.2093
115.0 0.2624E-02
-0.3167 -0.4865
0.1723 0.1879
116.0 0.2518E-02
-0.3303 -0.4779
0.2176 0.1623
117.0 0.2449E-02
-0.3307 -0.4771
0.2574 0.1354
118.0 0.2402E-02
-0.3230 -0.4820
0.2869 0.1092
119.0 0.2364E-02
-0.3138 -0.4895
0.3037 0.8481E-01
120.0 0.2324E-02
-0.3098 -0.4960
0.3076 0.6191E-01
121.0 0.2275E-02
-0.3163 -0.4984
0.3001 0.3933E-01
122.0 0.2216E-02
-0.3368 -0.4936
0.2836 0.1541E-01
123.0 0.2146E-02
-0.3726 -0.4791
0.2608 -0.1160E-01
124.0 0.2070E-02
-0.4229 -0.4525
0.2351 -0.4322E-01
125.0 0.1994E-02
-0.4836 -0.4123
0.2104 -0.8043E-01
126.0 0.1924E-02
-0.5474 -0.3582
0.1910 -0.1233
127.0 0.1868E-02
-0.6042 -0.2924
0.1809 -0.1706
128.0 0.1830E-02
-0.6423 -0.2197
0.1831 -0.2197
129.0 0.1815E-02
-0.6525 -0.1474
0.1982 -0.2667
130.0 0.1823E-02
-0.6305 -0.8350E-01
0.2240 -0.3073
131.0 0.1851E-02
-0.5794 -0.3482E-01
0.2562 -0.3382
132.0 0.1895E-02
-0.5086 -0.4660E-02
0.2894 -0.3578
133.0 0.1945E-02
-0.4303 0.7381E-02
0.3187 -0.3667
134.0 0.1993E-02
-0.3564 0.4648E-02
0.3407 -0.3668
135.0 0.2031E-02
-0.2961 -0.7927E-02
0.3536 -0.3613
136.0 0.2053E-02
-0.2558 -0.2497E-01
0.3567 -0.3535
137.0 0.2055E-02
-0.2386 -0.4136E-01
0.3503 -0.3465
138.0 0.2036E-02
-0.2451 -0.5254E-01
0.3350 -0.3431
139.0 0.1995E-02
-0.2739 -0.5467E-01
0.3115 -0.3455
140.0 0.1936E-02
-0.3214 -0.4472E-01
0.2809 -0.3554
141.0 0.1860E-02
-0.3824 -0.2065E-01
0.2440 -0.3736
142.0 0.1774E-02
-0.4496 0.1820E-01
0.2022 -0.4001
143.0 0.1683E-02
-0.5138 0.7049E-01
0.1576 -0.4340
144.0 0.1595E-02
-0.5637 0.1321
0.1131 -0.4725
145.0 0.1519E-02
-0.5871 0.1957
0.7331E-01 -0.5112
146.0 0.1462E-02
-0.5731 0.2511
0.4347E-01 -0.5444
147.0 0.1431E-02
-0.5172 0.2876
0.2864E-01 -0.5656
148.0 0.1429E-02
-0.4241 0.2979
0.3143E-01 -0.5705
149.0 0.1458E-02
-0.3086 0.2809
0.5051E-01 -0.5584
150.0 0.1514E-02
-0.1900 0.2426
0.8080E-01 -0.5323
151.0 0.1590E-02
-0.8668E-01 0.1927
0.1153 -0.4978
152.0 0.1680E-02
-0.1092E-01 0.1407
0.1472 -0.4603
153.0 0.1776E-02
0.3130E-01 0.9375E-01
0.1712 -0.4243
154.0 0.1871E-02
0.3913E-01 0.5521E-01
0.1838 -0.3920
155.0 0.1960E-02
0.1497E-01 0.2550E-01
0.1832 -0.3646
156.0 0.2039E-02
-0.3688E-01 0.2702E-02
0.1684 -0.3416
157.0 0.2109E-02
-0.1108 -0.1650E-01
0.1396 -0.3222
158.0 0.2170E-02
-0.2001 -0.3606E-01
0.9806E-01 -0.3049
159.0 0.2226E-02
-0.2965 -0.5990E-01
0.4592E-01 -0.2881
160.0 0.2284E-02
-0.3905 -0.9120E-01
-0.1321E-01 -0.2705
161.0 0.2348E-02
-0.4717 -0.1318
-0.7461E-01 -0.2510
162.0 0.2426E-02
-0.5304 -0.1815
-0.1329 -0.2289
163.0 0.2519E-02
-0.5595 -0.2382
-0.1831 -0.2043
164.0 0.2627E-02
-0.5557 -0.2985
-0.2214 -0.1780
165.0 0.2745E-02
-0.5206 -0.3582
-0.2462 -0.1509
166.0 0.2864E-02
-0.4592 -0.4141
-0.2576 -0.1242
167.0 0.2973E-02
-0.3783 -0.4639
-0.2574 -0.9878E-01
168.0 0.3058E-02
-0.2848 -0.5066
-0.2478 -0.7520E-01
169.0 0.3107E-02
-0.1848 -0.5421
-0.2311 -0.5393E-01
170.0 0.3111E-02
-0.8326E-01 -0.5708
-0.2095 -0.3522E-01
171.0 0.3065E-02
0.1596E-01 -0.5936
-0.1846 -0.1931E-01
172.0 0.2971E-02
0.1092 -0.6113
-0.1575 -0.6422E-02
173.0 0.2834E-02
0.1924 -0.6249
-0.1295 0.3234E-02
174.0 0.2665E-02
0.2606 -0.6352
-0.1018 0.9491E-02
175.0 0.2477E-02
0.3072 -0.6432
-0.7549E-01 0.1232E-01
176.0 0.2289E-02
0.3240 -0.6495
-0.5200E-01 0.1194E-01
177.0 0.2118E-02
0.3025 -0.6543
-0.3253E-01 0.9069E-02
178.0 0.1982E-02
0.2371 -0.6578
-0.1780E-01 0.4977E-02
179.0 0.1893E-02
0.1311 -0.6599
-0.7527E-02 0.1413E-02
180.0 0.1863E-02
0.000 -0.6606
0.000 0.000
