0.000 0.1549
0.000 -0.2342
0.000 0.000
1.000 0.1541
-0.3647E-03 -0.2335
0.1210E-01 0.3246E-03
2.000 0.1519
-0.4069E-03 -0.2315
0.2413E-01 0.1282E-02
3.000 0.1482
0.1962E-03 -0.2283
0.3600E-01 0.2822E-02
4.000 0.1432
0.1768E-02 -0.2238
0.4763E-01 0.4860E-02
5.000 0.1371
0.4630E-02 -0.2181
0.5893E-01 0.7273E-02
6.000 0.1302
0.9099E-02 -0.2114
0.6977E-01 0.9899E-02
7.000 0.1225
0.1548E-01 -0.2037
0.8006E-01 0.1253E-01
8.000 0.1144
0.2405E-01 -0.1953
0.8965E-01 0.1492E-01
9.000 0.1061
0.3506E-01 -0.1864
0.9841E-01 0.1678E-01
10.00 0.9767E-01
0.4872E-01 -0.1773
0.1062 0.1778E-01
11.00 0.8940E-01
0.6515E-01 -0.1682
0.1129 0.1756E-01
12.00 0.8139E-01
0.8443E-01 -0.1596
0.1183 0.1574E-01
13.00 0.7376E-01
0.1065 -0.1518
0.1223 0.1195E-01
14.00 0.6658E-01
0.1313 -0.1452
0.1247 0.5813E-02
15.00 0.5990E-01
0.1586 -0.1400
0.1255 -0.3010E-02
16.00 0.5376E-01
0.1881 -0.1366
0.1244 -0.1482E-01
17.00 0.4818E-01
0.2193 -0.1352
0.1213 -0.2988E-01
18.00 0.4316E-01
0.2516 -0.1356
0.1158 -0.4838E-01
19.00 0.3870E-01
0.2840 -0.1380
0.1075 -0.7044E-01
20.00 0.3482E-01
0.3154 -0.1420
0.9614E-01 -0.9602E-01
21.00 0.3152E-01
0.3438 -0.1473
0.8109E-01 -0.1249
22.00 0.2879E-01
0.3668 -0.1533
0.6205E-01 -0.1565
23.00 0.2665E-01
0.3814 -0.1594
0.3902E-01 -0.1896
24.00 0.2510E-01
0.3849 -0.1650
0.1259E-01 -0.2228
25.00 0.2413E-01
0.3748 -0.1696
-0.1592E-01 -0.2540
26.00 0.2374E-01
0.3505 -0.1728
-0.4457E-01 -0.2812
27.00 0.2390E-01
0.3133 -0.1746
-0.7117E-01 -0.3027
28.00 0.2457E-01
0.2663 -0.1753
-0.9386E-01 -0.3178
29.00 0.2570E-01
0.2136 -0.1752
-0.1115 -0.3266
30.00 0.2724E-01
0.1592 -0.1748
-0.1238 -0.3300
31.00 0.2911E-01
0.1062 -0.1744
-0.1311 -0.3291
32.00 0.3121E-01
0.5677E-01 -0.1741
-0.1342 -0.3251
33.00 0.3348E-01
0.1207E-01 -0.1740
-0.1341 -0.3189
34.00 0.3581E-01
-0.2746E-01 -0.1742
-0.1316 -0.3113
35.00 0.3811E-01
-0.6180E-01 -0.1747
-0.1273 -0.3028
36.00 0.4031E-01
-0.9116E-01 -0.1753
-0.1220 -0.2935
37.00 0.4233E-01
-0.1158 -0.1761
-0.1159 -0.2839
38.00 0.4411E-01
-0.1361 -0.1770
-0.1094 -0.2738
39.00 0.4560E-01
-0.1524 -0.1781
-0.1028 -0.2635
40.00 0.4675E-01
-0.1649 -0.1792
-0.9605E-01 -0.2528
41.00 0.4755E-01
-0.1738 -0.1804
-0.8938E-01 -0.2420
42.00 0.4799E-01
-0.1795 -0.1817
-0.8280E-01 -0.2310
43.00 0.4805E-01
-0.1821 -0.1831
-0.7633E-01 -0.2199
44.00 0.4775E-01
-0.1820 -0.1845
-0.6997E-01 -0.2087
45.00 0.4709E-01
-0.1794 -0.1859
-0.6371E-01 -0.1976
46.00 0.4611E-01
-0.1746 -0.1873
-0.5752E-01 -0.1866
47.00 0.4483E-01
-0.1681 -0.1886
-0.5136E-01 -0.1759
48.00 0.4327E-01
-0.1600 -0.1898
-0.4519E-01 -0.1656
49.00 0.4146E-01
-0.1509 -0.1907
-0.3897E-01 -0.1558
50.00 0.3944E-01
-0.1412 -0.1912
-0.3267E-01 -0.1466
51.00 0.3724E-01
-0.1312 -0.1912
-0.2625E-01 -0.1381
52.00 0.3489E-01
-0.1215 -0.1907
-0.1967E-01 -0.1304
53.00 0.3244E-01
-0.1123 -0.1893
-0.1291E-01 -0.1236
54.00 0.2992E-01
-0.1041 -0.1870
-0.5957E-02 -0.1176
55.00 0.2736E-01
-0.9732E-01 -0.1836
0.1202E-02 -0.1126
56.00 0.2481E-01
-0.9219E-01 -0.1789
0.8565E-02 -0.1085
57.00 0.2229E-01
-0.8903E-01 -0.1727
0.1611E-01 -0.1054
58.00 0.1985E-01
-0.8809E-01 -0.1647
0.2381E-01 -0.1031
59.00 0.1751E-01
-0.8952E-01 -0.1548
0.3158E-01 -0.1018
60.00 0.1531E-01
-0.9337E-01 -0.1427
0.3933E-01 -0.1013
61.00 0.1327E-01
-0.9949E-01 -0.1282
0.4686E-01 -0.1016
62.00 0.1142E-01
-0.1074 -0.1111
0.5392E-01 -0.1026
63.00 0.9759E-02
-0.1164 -0.9141E-01
0.6008E-01 -0.1042
64.00 0.8313E-02
-0.1247 -0.6928E-01
0.6474E-01 -0.1064
65.00 0.7083E-02
-0.1301 -0.4534E-01
0.6711E-01 -0.1088
66.00 0.6070E-02
-0.1291 -0.2083E-01
0.6617E-01 -0.1115
67.00 0.5269E-02
-0.1177 0.2219E-02
0.6094E-01 -0.1141
68.00 0.4671E-02
-0.9203E-01 0.2118E-01
0.5075E-01 -0.1164
69.00 0.4260E-02
-0.5026E-01 0.3341E-01
0.3578E-01 -0.1182
70.00 0.4020E-02
0.5919E-02 0.3735E-01
0.1730E-01 -0.1197
71.00 0.3929E-02
0.7105E-01 0.3337E-01
-0.2487E-02 -0.1210
72.00 0.3964E-02
0.1377 0.2373E-01
-0.2125E-01 -0.1223
73.00 0.4103E-02
0.1993 0.1159E-01
-0.3730E-01 -0.1237
74.00 0.4320E-02
0.2518 -0.1654E-03
-0.4994E-01 -0.1255
75.00 0.4593E-02
0.2936 -0.9596E-02
-0.5925E-01 -0.1276
76.00 0.4899E-02
0.3255 -0.1575E-01
-0.6575E-01 -0.1300
77.00 0.5218E-02
0.3487 -0.1840E-01
-0.7008E-01 -0.1326
78.00 0.5530E-02
0.3649 -0.1774E-01
-0.7281E-01 -0.1352
79.00 0.5820E-02
0.3756 -0.1415E-01
-0.7437E-01 -0.1376
80.00 0.6075E-02
0.3821 -0.8055E-02
-0.7506E-01 -0.1399
81.00 0.6284E-02
0.3854 0.1208E-03
-0.7505E-01 -0.1419
82.00 0.6440E-02
0.3860 0.1001E-01
-0.7442E-01 -0.1435
83.00 0.6538E-02
0.3847 0.2127E-01
-0.7318E-01 -0.1447
84.00 0.6576E-02
0.3817 0.3363E-01
-0.7129E-01 -0.1452
85.00 0.6554E-02
0.3773 0.4682E-01
-0.6865E-01 -0.1452
86.00 0.6474E-02
0.3718 0.6058E-01
-0.6517E-01 -0.1444
87.00 0.6341E-02
0.3653 0.7466E-01
-0.6072E-01 -0.1428
88.00 0.6159E-02
0.3580 0.8880E-01
-0.5517E-01 -0.1404
89.00 0.5936E-02
0.3499 0.1027
-0.4838E-01 -0.1371
90.00 0.5679E-02
0.3412 0.1160
-0.4023E-01 -0.1330
91.00 0.5396E-02
0.3320 0.1284
-0.3063E-01 -0.1280
92.00 0.5095E-02
0.3223 0.1392
-0.1953E-01 -0.1221
93.00 0.4783E-02
0.3122 0.1481
-0.6911E-02 -0.1156
94.00 0.4469E-02
0.3016 0.1542
0.7142E-02 -0.1085
95.00 0.4159E-02
0.2906 0.1569
0.2245E-01 -0.1012
96.00 0.3860E-02
0.2789 0.1553
0.3869E-01 -0.9390E-01
97.00 0.3576E-02
0.2664 0.1486
0.5540E-01 -0.8711E-01
98.00 0.3312E-02
0.2525 0.1359
0.7194E-01 -0.8130E-01
99.00 0.3070E-02
0.2367 0.1164
0.8747E-01 -0.7697E-01
100.0 0.2855E-02
0.2182 0.8970E-01
0.1010 -0.7461E-01
101.0 0.2666E-02
0.1963 0.5567E-01
0.1116 -0.7461E-01
102.0 0.2504E-02
0.1700 0.1468E-01
0.1180 -0.7715E-01
103.0 0.2369E-02
0.1388 -0.3235E-01
0.1196 -0.8212E-01
104.0 0.2261E-02
0.1023 -0.8392E-01
0.1155 -0.8911E-01
105.0 0.2177E-02
0.6067E-01 -0.1381
0.1056 -0.9737E-01
106.0 0.2117E-02
0.1468E-01 -0.1927
0.9017E-01 -0.1059
107.0 0.2080E-02
-0.3426E-01 -0.2454
0.6978E-01 -0.1136
108.0 0.2063E-02
-0.8419E-01 -0.2944
0.4544E-01 -0.1195
109.0 0.2065E-02
-0.1328 -0.3379
0.1839E-01 -0.1227
110.0 0.2086E-02
-0.1777 -0.3747
-0.1006E-01 -0.1226
111.0 0.2124E-02
-0.2164 -0.4042
-0.3863E-01 -0.1192
112.0 0.2179E-02
-0.2471 -0.4262
-0.6616E-01 -0.1128
113.0 0.2251E-02
-0.2682 -0.4408
-0.9171E-01 -0.1039
114.0 0.2340E-02
-0.2790 -0.4484
-0.1145 -0.9342E-01
115.0 0.2445E-02
-0.2795 -0.4496
-0.1341 -0.8228E-01
116.0 0.2566E-02
-0.2703 -0.4452
-0.1502 -0.7146E-01
117.0 0.2702E-02
-0.2526 -0.4360
-0.1627 -0.6183E-01
118.0 0.2852E-02
-0.2280 -0.4231
-0.1717 -0.5408E-01
119.0 0.3016E-02
-0.1983 -0.4071
-0.1775 -0.4864E-01
120.0 0.3190E-02
-0.1655 -0.3890
-0.1803 -0.4573E-01
121.0 0.3372E-02
-0.1313 -0.3695
-0.1807 -0.4535E-01
122.0 0.3557E-02
-0.9701E-01 -0.3493
-0.1790 -0.4730E-01
123.0 0.3742E-02
-0.6397E-01 -0.3290
-0.1756 -0.5125E-01
124.0 0.3920E-02
-0.3298E-01 -0.3090
-0.1709 -0.5681E-01
125.0 0.4088E-02
-0.4577E-02 -0.2897
-0.1652 -0.6351E-01
126.0 0.4238E-02
0.2099E-01 -0.2714
-0.1590 -0.7091E-01
127.0 0.4365E-02
0.4371E-01 -0.2545
-0.1523 -0.7855E-01
128.0 0.4464E-02
0.6375E-01 -0.2390
-0.1455 -0.8600E-01
129.0 0.4530E-02
0.8144E-01 -0.2252
-0.1388 -0.9289E-01
130.0 0.4558E-02
0.9721E-01 -0.2132
-0.1323 -0.9885E-01
131.0 0.4545E-02
0.1116 -0.2031
-0.1262 -0.1036
132.0 0.4491E-02
0.1252 -0.1950
-0.1206 -0.1067
133.0 0.4395E-02
0.1386 -0.1891
-0.1155 -0.1081
134.0 0.4259E-02
0.1525 -0.1853
-0.1112 -0.1075
135.0 0.4085E-02
0.1677 -0.1837
-0.1076 -0.1046
136.0 0.3879E-02
0.1850 -0.1845
-0.1050 -0.9935E-01
137.0 0.3645E-02
0.2050 -0.1875
-0.1032 -0.9169E-01
138.0 0.3391E-02
0.2287 -0.1927
-0.1025 -0.8166E-01
139.0 0.3124E-02
0.2567 -0.2000
-0.1028 -0.6947E-01
140.0 0.2851E-02
0.2896 -0.2090
-0.1042 -0.5561E-01
141.0 0.2580E-02
0.3276 -0.2191
-0.1066 -0.4088E-01
142.0 0.2319E-02
0.3704 -0.2297
-0.1098 -0.2661E-01
143.0 0.2073E-02
0.4165 -0.2394
-0.1135 -0.1473E-01
144.0 0.1850E-02
0.4631 -0.2468
-0.1174 -0.7870E-02
145.0 0.1652E-02
0.5052 -0.2500
-0.1207 -0.9275E-02
146.0 0.1485E-02
0.5353 -0.2470
-0.1225 -0.2240E-01
147.0 0.1351E-02
0.5440 -0.2364
-0.1220 -0.5003E-01
148.0 0.1252E-02
0.5210 -0.2178
-0.1184 -0.9287E-01
149.0 0.1188E-02
0.4586 -0.1929
-0.1114 -0.1482
150.0 0.1162E-02
0.3549 -0.1655
-0.1014 -0.2092
151.0 0.1172E-02
0.2169 -0.1408
-0.8989E-01 -0.2662
152.0 0.1222E-02
0.5876E-01 -0.1234
-0.7850E-01 -0.3095
153.0 0.1312E-02
-0.1019 -0.1163
-0.6888E-01 -0.3326
154.0 0.1444E-02
-0.2490 -0.1198
-0.6204E-01 -0.3333
155.0 0.1622E-02
-0.3716 -0.1320
-0.5825E-01 -0.3139
156.0 0.1850E-02
-0.4647 -0.1496
-0.5715E-01 -0.2794
157.0 0.2133E-02
-0.5279 -0.1694
-0.5801E-01 -0.2356
158.0 0.2476E-02
-0.5640 -0.1883
-0.6004E-01 -0.1880
159.0 0.2885E-02
-0.5776 -0.2045
-0.6249E-01 -0.1411
160.0 0.3367E-02
-0.5735 -0.2165
-0.6478E-01 -0.9790E-01
161.0 0.3925E-02
-0.5564 -0.2241
-0.6650E-01 -0.6039E-01
162.0 0.4565E-02
-0.5302 -0.2271
-0.6745E-01 -0.2941E-01
163.0 0.5288E-02
-0.4982 -0.2261
-0.6750E-01 -0.5062E-02
164.0 0.6095E-02
-0.4630 -0.2218
-0.6668E-01 0.1304E-01
165.0 0.6982E-02
-0.4263 -0.2147
-0.6503E-01 0.2557E-01
166.0 0.7943E-02
-0.3895 -0.2056
-0.6267E-01 0.3338E-01
167.0 0.8969E-02
-0.3533 -0.1952
-0.5969E-01 0.3733E-01
168.0 0.1005E-01
-0.3184 -0.1841
-0.5620E-01 0.3823E-01
169.0 0.1116E-01
-0.2850 -0.1727
-0.5232E-01 0.3685E-01
170.0 0.1230E-01
-0.2532 -0.1614
-0.4812E-01 0.3384E-01
171.0 0.1342E-01
-0.2230 -0.1505
-0.4369E-01 0.2977E-01
172.0 0.1452E-01
-0.1944 -0.1404
-0.3909E-01 0.2512E-01
173.0 0.1557E-01
-0.1670 -0.1311
-0.3436E-01 0.2026E-01
174.0 0.1654E-01
-0.1409 -0.1228
-0.2955E-01 0.1551E-01
175.0 0.1741E-01
-0.1159 -0.1157
-0.2468E-01 0.1113E-01
176.0 0.1816E-01
-0.9167E-01 -0.1097
-0.1977E-01 0.7302E-02
177.0 0.1876E-01
-0.6815E-01 -0.1051
-0.1484E-01 0.4184E-02
178.0 0.1920E-01
-0.4515E-01 -0.1017
-0.9899E-02 0.1884E-02
179.0 0.1947E-01
-0.2249E-01 -0.9971E-01
-0.4951E-02 0.4745E-03
180.0 0.1956E-01
0.000 -0.9903E-01
0.000 0.000
