0.000 4.212
0.000 -0.8131E-01
0.000 0.000
1.000 4.135
-0.7932E-01 -0.8114E-01
0.1526E-02 -0.1693E-03
2.000 3.916
-0.1568 -0.8057E-01
0.2824E-02 -0.8279E-03
3.000 3.595
-0.2287 -0.7936E-01
0.3347E-02 -0.2465E-02
4.000 3.231
-0.2871 -0.7678E-01
0.1875E-02 -0.5972E-02
5.000 2.891
-0.3184 -0.7128E-01
-0.3719E-02 -0.1256E-01
6.000 2.637
-0.3057 -0.6050E-01
-0.1598E-01 -0.2313E-01
7.000 2.514
-0.2410 -0.4246E-01
-0.3597E-01 -0.3705E-01
8.000 2.539
-0.1381 -0.1765E-01
-0.6119E-01 -0.5154E-01
9.000 2.695
-0.2872E-01 0.1066E-01
-0.8660E-01 -0.6326E-01
10.00 2.936
0.6084E-01 0.3890E-01
-0.1082 -0.7061E-01
11.00 3.195
0.1217 0.6526E-01
-0.1248 -0.7400E-01
12.00 3.405
0.1572 0.8962E-01
-0.1373 -0.7470E-01
13.00 3.510
0.1744 0.1126
-0.1467 -0.7399E-01
14.00 3.480
0.1792 0.1348
-0.1538 -0.7287E-01
15.00 3.317
0.1757 0.1566
-0.1589 -0.7226E-01
16.00 3.045
0.1661 0.1777
-0.1617 -0.7302E-01
17.00 2.704
0.1512 0.1974
-0.1611 -0.7612E-01
18.00 2.339
0.1313 0.2142
-0.1554 -0.8251E-01
19.00 1.985
0.1068 0.2261
-0.1424 -0.9293E-01
20.00 1.665
0.7879E-01 0.2315
-0.1199 -0.1075
21.00 1.390
0.5001E-01 0.2290
-0.8598E-01 -0.1252
22.00 1.159
0.2496E-01 0.2189
-0.4010E-01 -0.1439
23.00 0.9699
0.9528E-02 0.2026
0.1700E-01 -0.1600
24.00 0.8167
0.9919E-02 0.1820
0.8269E-01 -0.1689
25.00 0.6964
0.3086E-01 0.1591
0.1517 -0.1657
26.00 0.6072
0.7285E-01 0.1350
0.2150 -0.1461
27.00 0.5478
0.1293 0.1109
0.2608 -0.1088
28.00 0.5161
0.1865 0.8790E-01
0.2782 -0.5808E-01
29.00 0.5086
0.2302 0.6795E-01
0.2639 -0.3110E-02
30.00 0.5208
0.2527 0.5287E-01
0.2240 0.4625E-01
31.00 0.5472
0.2558 0.4379E-01
0.1697 0.8385E-01
32.00 0.5826
0.2471 0.4087E-01
0.1113 0.1081
33.00 0.6220
0.2343 0.4355E-01
0.5568E-01 0.1205
34.00 0.6614
0.2232 0.5082E-01
0.6265E-02 0.1234
35.00 0.6976
0.2167 0.6157E-01
-0.3568E-01 0.1191
36.00 0.7281
0.2157 0.7473E-01
-0.7000E-01 0.1099
37.00 0.7513
0.2198 0.8943E-01
-0.9702E-01 0.9722E-01
38.00 0.7661
0.2277 0.1050
-0.1172 0.8254E-01
39.00 0.7717
0.2380 0.1212
-0.1311 0.6691E-01
40.00 0.7681
0.2492 0.1377
-0.1392 0.5123E-01
41.00 0.7556
0.2601 0.1545
-0.1420 0.3626E-01
42.00 0.7351
0.2693 0.1715
-0.1399 0.2267E-01
43.00 0.7075
0.2760 0.1887
-0.1332 0.1102E-01
44.00 0.6743
0.2793 0.2060
-0.1223 0.1817E-02
45.00 0.6370
0.2789 0.2230
-0.1078 -0.4548E-02
46.00 0.5972
0.2744 0.2395
-0.9005E-01 -0.7789E-02
47.00 0.5563
0.2662 0.2549
-0.6965E-01 -0.7766E-02
48.00 0.5154
0.2547 0.2691
-0.4727E-01 -0.4507E-02
49.00 0.4754
0.2408 0.2815
-0.2359E-01 0.1781E-02
50.00 0.4370
0.2252 0.2921
0.6611E-03 0.1073E-01
51.00 0.4005
0.2089 0.3006
0.2484E-01 0.2183E-01
52.00 0.3662
0.1929 0.3070
0.4837E-01 0.3450E-01
53.00 0.3342
0.1776 0.3117
0.7081E-01 0.4813E-01
54.00 0.3044
0.1636 0.3148
0.9179E-01 0.6213E-01
55.00 0.2769
0.1509 0.3165
0.1110 0.7597E-01
56.00 0.2517
0.1396 0.3172
0.1283 0.8920E-01
57.00 0.2288
0.1295 0.3168
0.1434 0.1015
58.00 0.2084
0.1201 0.3151
0.1562 0.1126
59.00 0.1905
0.1111 0.3118
0.1665 0.1226
60.00 0.1748
0.1023 0.3062
0.1743 0.1314
61.00 0.1615
0.9370E-01 0.2977
0.1798 0.1393
62.00 0.1501
0.8569E-01 0.2862
0.1833 0.1464
63.00 0.1405
0.7885E-01 0.2716
0.1852 0.1530
64.00 0.1323
0.7390E-01 0.2544
0.1857 0.1593
65.00 0.1254
0.7149E-01 0.2352
0.1853 0.1650
66.00 0.1194
0.7203E-01 0.2149
0.1840 0.1702
67.00 0.1140
0.7566E-01 0.1941
0.1820 0.1745
68.00 0.1091
0.8226E-01 0.1733
0.1797 0.1779
69.00 0.1046
0.9149E-01 0.1529
0.1771 0.1800
70.00 0.1001
0.1029 0.1332
0.1747 0.1810
71.00 0.9572E-01
0.1162 0.1142
0.1727 0.1807
72.00 0.9129E-01
0.1307 0.9604E-01
0.1713 0.1792
73.00 0.8682E-01
0.1460 0.7864E-01
0.1707 0.1764
74.00 0.8236E-01
0.1615 0.6189E-01
0.1709 0.1722
75.00 0.7798E-01
0.1766 0.4557E-01
0.1716 0.1665
76.00 0.7378E-01
0.1907 0.2937E-01
0.1729 0.1592
77.00 0.6985E-01
0.2030 0.1304E-01
0.1745 0.1503
78.00 0.6627E-01
0.2132 -0.3631E-02
0.1763 0.1400
79.00 0.6308E-01
0.2208 -0.2060E-01
0.1783 0.1285
80.00 0.6028E-01
0.2260 -0.3760E-01
0.1807 0.1161
81.00 0.5784E-01
0.2288 -0.5412E-01
0.1834 0.1034
82.00 0.5567E-01
0.2299 -0.6950E-01
0.1866 0.9078E-01
83.00 0.5372E-01
0.2296 -0.8309E-01
0.1902 0.7876E-01
84.00 0.5188E-01
0.2284 -0.9432E-01
0.1943 0.6767E-01
85.00 0.5009E-01
0.2267 -0.1028
0.1987 0.5781E-01
86.00 0.4826E-01
0.2248 -0.1085
0.2033 0.4934E-01
87.00 0.4636E-01
0.2231 -0.1115
0.2080 0.4234E-01
88.00 0.4436E-01
0.2217 -0.1119
0.2124 0.3680E-01
89.00 0.4223E-01
0.2208 -0.1102
0.2165 0.3263E-01
90.00 0.3999E-01
0.2206 -0.1070
0.2201 0.2969E-01
91.00 0.3767E-01
0.2210 -0.1026
0.2230 0.2778E-01
92.00 0.3530E-01
0.2219 -0.9756E-01
0.2250 0.2666E-01
93.00 0.3292E-01
0.2231 -0.9233E-01
0.2261 0.2610E-01
94.00 0.3058E-01
0.2242 -0.8712E-01
0.2262 0.2588E-01
95.00 0.2830E-01
0.2248 -0.8197E-01
0.2253 0.2579E-01
96.00 0.2611E-01
0.2243 -0.7666E-01
0.2236 0.2574E-01
97.00 0.2403E-01
0.2222 -0.7073E-01
0.2213 0.2570E-01
98.00 0.2206E-01
0.2179 -0.6350E-01
0.2186 0.2574E-01
99.00 0.2019E-01
0.2112 -0.5414E-01
0.2159 0.2600E-01
100.0 0.1843E-01
0.2013 -0.4180E-01
0.2134 0.2663E-01
101.0 0.1678E-01
0.1877 -0.2563E-01
0.2115 0.2773E-01
102.0 0.1525E-01
0.1700 -0.4906E-02
0.2104 0.2930E-01
103.0 0.1386E-01
0.1477 0.2086E-01
0.2102 0.3123E-01
104.0 0.1262E-01
0.1208 0.5183E-01
0.2109 0.3330E-01
105.0 0.1153E-01
0.8994E-01 0.8768E-01
0.2123 0.3527E-01
106.0 0.1060E-01
0.5674E-01 0.1276
0.2139 0.3700E-01
107.0 0.9838E-02
0.2340E-01 0.1700
0.2151 0.3855E-01
108.0 0.9220E-02
-0.7464E-02 0.2132
0.2152 0.4019E-01
109.0 0.8730E-02
-0.3353E-01 0.2552
0.2132 0.4236E-01
110.0 0.8340E-02
-0.5328E-01 0.2942
0.2086 0.4553E-01
111.0 0.8023E-02
-0.6637E-01 0.3289
0.2012 0.4999E-01
112.0 0.7748E-02
-0.7346E-01 0.3587
0.1907 0.5575E-01
113.0 0.7492E-02
-0.7592E-01 0.3829
0.1776 0.6248E-01
114.0 0.7239E-02
-0.7546E-01 0.4013
0.1620 0.6952E-01
115.0 0.6982E-02
-0.7375E-01 0.4136
0.1447 0.7588E-01
116.0 0.6723E-02
-0.7228E-01 0.4196
0.1263 0.8040E-01
117.0 0.6468E-02
-0.7213E-01 0.4197
0.1080 0.8181E-01
118.0 0.6228E-02
-0.7387E-01 0.4150
0.9084E-01 0.7904E-01
119.0 0.6011E-02
-0.7746E-01 0.4076
0.7612E-01 0.7149E-01
120.0 0.5821E-02
-0.8226E-01 0.4006
0.6469E-01 0.5931E-01
121.0 0.5658E-02
-0.8732E-01 0.3969
0.5687E-01 0.4347E-01
122.0 0.5519E-02
-0.9176E-01 0.3987
0.5235E-01 0.2559E-01
123.0 0.5402E-02
-0.9511E-01 0.4067
0.5030E-01 0.7524E-02
124.0 0.5303E-02
-0.9764E-01 0.4196
0.4970E-01 -0.9091E-02
125.0 0.5222E-02
-0.1003 0.4340
0.4973E-01 -0.2326E-01
126.0 0.5162E-02
-0.1043 0.4459
0.5003E-01 -0.3485E-01
127.0 0.5122E-02
-0.1111 0.4505
0.5077E-01 -0.4467E-01
128.0 0.5101E-02
-0.1213 0.4445
0.5252E-01 -0.5416E-01
129.0 0.5095E-02
-0.1346 0.4261
0.5602E-01 -0.6503E-01
130.0 0.5098E-02
-0.1501 0.3954
0.6180E-01 -0.7873E-01
131.0 0.5099E-02
-0.1659 0.3544
0.7006E-01 -0.9612E-01
132.0 0.5089E-02
-0.1802 0.3062
0.8058E-01 -0.1173
133.0 0.5056E-02
-0.1916 0.2546
0.9281E-01 -0.1415
134.0 0.4993E-02
-0.1989 0.2030
0.1060 -0.1675
135.0 0.4894E-02
-0.2019 0.1547
0.1192 -0.1938
136.0 0.4758E-02
-0.2009 0.1123
0.1316 -0.2182
137.0 0.4588E-02
-0.1970 0.7746E-01
0.1423 -0.2386
138.0 0.4394E-02
-0.1915 0.5096E-01
0.1504 -0.2526
139.0 0.4188E-02
-0.1865 0.3242E-01
0.1552 -0.2579
140.0 0.3987E-02
-0.1842 0.2046E-01
0.1559 -0.2527
141.0 0.3805E-02
-0.1866 0.1297E-01
0.1522 -0.2360
142.0 0.3652E-02
-0.1948 0.7746E-02
0.1442 -0.2090
143.0 0.3535E-02
-0.2083 0.3293E-02
0.1325 -0.1752
144.0 0.3449E-02
-0.2247 -0.7185E-03
0.1179 -0.1393
145.0 0.3385E-02
-0.2395 -0.3580E-02
0.1008 -0.1068
146.0 0.3330E-02
-0.2473 -0.4358E-02
0.8093E-01 -0.8210E-01
147.0 0.3277E-02
-0.2422 -0.3003E-02
0.5733E-01 -0.6790E-01
148.0 0.3223E-02
-0.2186 -0.1327E-02
0.2866E-01 -0.6533E-01
149.0 0.3175E-02
-0.1719 -0.3504E-02
-0.5789E-02 -0.7414E-01
150.0 0.3152E-02
-0.1010 -0.1564E-01
-0.4482E-01 -0.9271E-01
151.0 0.3179E-02
-0.9555E-02 -0.4385E-01
-0.8432E-01 -0.1180
152.0 0.3278E-02
0.9203E-01 -0.9099E-01
-0.1176 -0.1456
153.0 0.3469E-02
0.1894 -0.1539
-0.1376 -0.1709
154.0 0.3757E-02
0.2699 -0.2240
-0.1403 -0.1904
155.0 0.4130E-02
0.3273 -0.2912
-0.1264 -0.2031
156.0 0.4558E-02
0.3626 -0.3480
-0.9987E-01 -0.2097
157.0 0.4997E-02
0.3807 -0.3909
-0.6587E-01 -0.2120
158.0 0.5392E-02
0.3878 -0.4196
-0.2876E-01 -0.2116
159.0 0.5688E-02
0.3887 -0.4357
0.8216E-02 -0.2101
160.0 0.5838E-02
0.3869 -0.4411
0.4282E-01 -0.2082
161.0 0.5812E-02
0.3844 -0.4377
0.7321E-01 -0.2065
162.0 0.5604E-02
0.3823 -0.4275
0.9741E-01 -0.2053
163.0 0.5231E-02
0.3807 -0.4128
0.1127 -0.2046
164.0 0.4736E-02
0.3784 -0.3966
0.1151 -0.2042
165.0 0.4180E-02
0.3730 -0.3842
0.9883E-01 -0.2034
166.0 0.3630E-02
0.3603 -0.3840
0.5694E-01 -0.2011
167.0 0.3148E-02
0.3343 -0.4075
-0.1588E-01 -0.1955
168.0 0.2782E-02
0.2899 -0.4664
-0.1171 -0.1846
169.0 0.2556E-02
0.2274 -0.5629
-0.2297 -0.1677
170.0 0.2470E-02
0.1557 -0.6833
-0.3258 -0.1459
171.0 0.2502E-02
0.8878E-01 -0.8024
-0.3824 -0.1226
172.0 0.2615E-02
0.3685E-01 -0.9003
-0.3950 -0.1005
173.0 0.2764E-02
0.2430E-02 -0.9704
-0.3734 -0.8076E-01
174.0 0.2912E-02
-0.1705E-01 -1.016
-0.3313 -0.6318E-01
175.0 0.3032E-02
-0.2566E-01 -1.044
-0.2791 -0.4723E-01
176.0 0.3111E-02
-0.2693E-01 -1.060
-0.2232 -0.3266E-01
177.0 0.3152E-02
-0.2348E-01 -1.068
-0.1666 -0.1975E-01
178.0 0.3165E-02
-0.1707E-01 -1.073
-0.1105 -0.9314E-02
179.0 0.3165E-02
-0.8931E-02 -1.075
-0.5503E-01 -0.2420E-02
180.0 0.3164E-02
0.000 -1.075
0.000 0.000
