0.000 1.543
0.000 0.9742E-01
0.000 0.000
1.000 1.469
-0.1201E-02 0.9778E-01
0.1611E-01 -0.2423E-03
2.000 1.264
-0.2004E-02 0.9847E-01
0.3421E-01 -0.1059E-02
3.000 0.9755
-0.1625E-02 0.9793E-01
0.5688E-01 -0.2783E-02
4.000 0.6651
0.2016E-02 0.9125E-01
0.8827E-01 -0.6273E-02
5.000 0.3911
0.1537E-01 0.6216E-01
0.1354 -0.1383E-01
6.000 0.1929
0.6113E-01 -0.4915E-01
0.2071 -0.3226E-01
7.000 0.8384E-01
0.2129 -0.4457
0.2670 -0.7808E-01
8.000 0.5375E-01
0.4347 -1.065
0.6416E-01 -0.1206
9.000 0.7688E-01
0.3603 -0.8871
-0.1821 -0.8089E-01
10.00 0.1232
0.2475 -0.5734
-0.2262 -0.4853E-01
11.00 0.1673
0.1887 -0.3933
-0.2215 -0.3538E-01
12.00 0.1940
0.1598 -0.2873
-0.2137 -0.3149E-01
13.00 0.1982
0.1454 -0.2151
-0.2100 -0.3282E-01
14.00 0.1829
0.1371 -0.1572
-0.2106 -0.3826E-01
15.00 0.1554
0.1283 -0.1034
-0.2139 -0.4804E-01
16.00 0.1235
0.1102 -0.4888E-01
-0.2167 -0.6307E-01
17.00 0.9340E-01
0.7007E-01 0.5759E-02
-0.2125 -0.8439E-01
18.00 0.6869E-01
-0.7720E-02 0.5072E-01
-0.1912 -0.1118
19.00 0.5047E-01
-0.1335 0.6414E-01
-0.1401 -0.1417
20.00 0.3806E-01
-0.2952 0.1796E-01
-0.5348E-01 -0.1648
21.00 0.2994E-01
-0.4499 -0.1019
0.5697E-01 -0.1695
22.00 0.2453E-01
-0.5455 -0.2791
0.1630 -0.1484
23.00 0.2058E-01
-0.5543 -0.4761
0.2351 -0.1021
24.00 0.1738E-01
-0.4815 -0.6546
0.2533 -0.3631E-01
25.00 0.1461E-01
-0.3538 -0.7841
0.2056 0.4063E-01
26.00 0.1227E-01
-0.2095 -0.8393
0.8671E-01 0.1162
27.00 0.1044E-01
-0.9280E-01 -0.8010
-0.9477E-01 0.1703
28.00 0.9252E-02
-0.4103E-01 -0.6703
-0.3010 0.1759
29.00 0.8827E-02
-0.5884E-01 -0.4893
-0.4612 0.1158
30.00 0.9205E-02
-0.1039 -0.3327
-0.5139 0.5398E-02
31.00 0.1034E-01
-0.1221 -0.2520
-0.4609 -0.1140
32.00 0.1209E-01
-0.9162E-01 -0.2441
-0.3534 -0.2108
33.00 0.1422E-01
-0.2183E-01 -0.2789
-0.2383 -0.2779
34.00 0.1647E-01
0.7039E-01 -0.3294
-0.1387 -0.3210
35.00 0.1860E-01
0.1719 -0.3798
-0.6069E-01 -0.3478
36.00 0.2038E-01
0.2740 -0.4226
-0.3566E-02 -0.3640
37.00 0.2167E-01
0.3705 -0.4547
0.3469E-01 -0.3726
38.00 0.2239E-01
0.4562 -0.4756
0.5597E-01 -0.3756
39.00 0.2251E-01
0.5273 -0.4864
0.6175E-01 -0.3745
40.00 0.2205E-01
0.5813 -0.4894
0.5339E-01 -0.3703
41.00 0.2109E-01
0.6178 -0.4876
0.3241E-01 -0.3645
42.00 0.1973E-01
0.6389 -0.4845
0.6403E-03 -0.3582
43.00 0.1812E-01
0.6489 -0.4831
-0.3963E-01 -0.3520
44.00 0.1639E-01
0.6534 -0.4857
-0.8544E-01 -0.3457
45.00 0.1471E-01
0.6578 -0.4930
-0.1328 -0.3379
46.00 0.1321E-01
0.6653 -0.5042
-0.1766 -0.3258
47.00 0.1198E-01
0.6757 -0.5170
-0.2106 -0.3066
48.00 0.1105E-01
0.6854 -0.5287
-0.2291 -0.2788
49.00 0.1040E-01
0.6897 -0.5377
-0.2291 -0.2438
50.00 0.9985E-02
0.6863 -0.5442
-0.2115 -0.2056
51.00 0.9706E-02
0.6761 -0.5495
-0.1806 -0.1687
52.00 0.9477E-02
0.6626 -0.5551
-0.1422 -0.1370
53.00 0.9221E-02
0.6495 -0.5619
-0.1012 -0.1122
54.00 0.8880E-02
0.6394 -0.5701
-0.6143E-01 -0.9466E-01
55.00 0.8422E-02
0.6335 -0.5803
-0.2526E-01 -0.8386E-01
56.00 0.7840E-02
0.6320 -0.5929
0.6156E-02 -0.7897E-01
57.00 0.7155E-02
0.6343 -0.6087
0.3249E-01 -0.7908E-01
58.00 0.6410E-02
0.6395 -0.6285
0.5391E-01 -0.8315E-01
59.00 0.5662E-02
0.6456 -0.6521
0.7078E-01 -0.8969E-01
60.00 0.4963E-02
0.6499 -0.6786
0.8349E-01 -0.9640E-01
61.00 0.4354E-02
0.6487 -0.7060
0.9246E-01 -0.1001
62.00 0.3851E-02
0.6380 -0.7315
0.9833E-01 -0.9764E-01
63.00 0.3449E-02
0.6155 -0.7536
0.1021 -0.8675E-01
64.00 0.3124E-02
0.5816 -0.7725
0.1052 -0.6761E-01
65.00 0.2848E-02
0.5394 -0.7908
0.1090 -0.4260E-01
66.00 0.2590E-02
0.4934 -0.8122
0.1149 -0.1520E-01
67.00 0.2333E-02
0.4472 -0.8398
0.1233 0.1111E-01
68.00 0.2069E-02
0.4028 -0.8757
0.1341 0.3337E-01
69.00 0.1802E-02
0.3597 -0.9193
0.1463 0.4890E-01
70.00 0.1543E-02
0.3151 -0.9679
0.1577 0.5491E-01
71.00 0.1302E-02
0.2640 -1.016
0.1649 0.4828E-01
72.00 0.1089E-02
0.1997 -1.055
0.1638 0.2586E-01
73.00 0.9085E-03
0.1152 -1.073
0.1494 -0.1468E-01
74.00 0.7641E-03
0.5783E-02 -1.057
0.1172 -0.7302E-01
75.00 0.6564E-03
-0.1263 -0.9921
0.6583E-01 -0.1435
76.00 0.5838E-03
-0.2681 -0.8757
-0.4869E-03 -0.2139
77.00 0.5414E-03
-0.3983 -0.7230
-0.7113E-01 -0.2691
78.00 0.5208E-03
-0.4985 -0.5644
-0.1343 -0.2992
79.00 0.5121E-03
-0.5635 -0.4280
-0.1834 -0.3048
80.00 0.5054E-03
-0.5986 -0.3270
-0.2188 -0.2934
81.00 0.4938E-03
-0.6128 -0.2613
-0.2444 -0.2731
82.00 0.4734E-03
-0.6137 -0.2243
-0.2646 -0.2500
83.00 0.4437E-03
-0.6061 -0.2083
-0.2830 -0.2282
84.00 0.4064E-03
-0.5929 -0.2068
-0.3025 -0.2104
85.00 0.3650E-03
-0.5760 -0.2149
-0.3252 -0.1988
86.00 0.3231E-03
-0.5559 -0.2286
-0.3519 -0.1953
87.00 0.2842E-03
-0.5329 -0.2451
-0.3826 -0.2013
88.00 0.2505E-03
-0.5075 -0.2618
-0.4160 -0.2172
89.00 0.2222E-03
-0.4814 -0.2771
-0.4510 -0.2415
90.00 0.1988E-03
-0.4565 -0.2907
-0.4867 -0.2713
91.00 0.1789E-03
-0.4341 -0.3028
-0.5233 -0.3026
92.00 0.1619E-03
-0.4130 -0.3137
-0.5606 -0.3311
93.00 0.1473E-03
-0.3908 -0.3234
-0.5971 -0.3526
94.00 0.1353E-03
-0.3646 -0.3331
-0.6305 -0.3640
95.00 0.1258E-03
-0.3325 -0.3462
-0.6587 -0.3637
96.00 0.1189E-03
-0.2939 -0.3681
-0.6786 -0.3518
97.00 0.1146E-03
-0.2484 -0.4038
-0.6852 -0.3284
98.00 0.1137E-03
-0.1965 -0.4537
-0.6707 -0.2940
99.00 0.1166E-03
-0.1410 -0.5121
-0.6288 -0.2505
100.0 0.1234E-03
-0.8668E-01 -0.5699
-0.5604 -0.2030
101.0 0.1335E-03
-0.3770E-01 -0.6192
-0.4738 -0.1578
102.0 0.1461E-03
0.3854E-02 -0.6559
-0.3796 -0.1195
103.0 0.1598E-03
0.3739E-01 -0.6783
-0.2860 -0.8981E-01
104.0 0.1734E-03
0.6234E-01 -0.6870
-0.1983 -0.6829E-01
105.0 0.1859E-03
0.7766E-01 -0.6840
-0.1195 -0.5342E-01
106.0 0.1956E-03
0.8241E-01 -0.6734
-0.5055E-01 -0.4359E-01
107.0 0.2013E-03
0.7633E-01 -0.6601
0.9467E-02 -0.3775E-01
108.0 0.2021E-03
0.6020E-01 -0.6480
0.6299E-01 -0.3583E-01
109.0 0.1982E-03
0.3600E-01 -0.6390
0.1130 -0.3873E-01
110.0 0.1904E-03
0.7243E-02 -0.6326
0.1622 -0.4795E-01
111.0 0.1800E-03
-0.2097E-01 -0.6267
0.2125 -0.6475E-01
112.0 0.1680E-03
-0.4252E-01 -0.6185
0.2648 -0.8927E-01
113.0 0.1554E-03
-0.5156E-01 -0.6046
0.3193 -0.1200
114.0 0.1428E-03
-0.4386E-01 -0.5814
0.3754 -0.1542
115.0 0.1309E-03
-0.1807E-01 -0.5450
0.4309 -0.1880
116.0 0.1204E-03
0.2319E-01 -0.4931
0.4821 -0.2180
117.0 0.1118E-03
0.7328E-01 -0.4274
0.5251 -0.2426
118.0 0.1048E-03
0.1233 -0.3547
0.5578 -0.2622
119.0 0.9895E-04
0.1647 -0.2841
0.5805 -0.2792
120.0 0.9370E-04
0.1904 -0.2236
0.5943 -0.2953
121.0 0.8888E-04
0.1945 -0.1776
0.5994 -0.3108
122.0 0.8456E-04
0.1715 -0.1476
0.5948 -0.3250
123.0 0.8087E-04
0.1191 -0.1328
0.5801 -0.3386
124.0 0.7784E-04
0.4120E-01 -0.1291
0.5572 -0.3541
125.0 0.7547E-04
-0.5084E-01 -0.1289
0.5295 -0.3750
126.0 0.7381E-04
-0.1397 -0.1209
0.4998 -0.4028
127.0 0.7280E-04
-0.2068 -0.9308E-01
0.4700 -0.4343
128.0 0.7207E-04
-0.2396 -0.3741E-01
0.4417 -0.4633
129.0 0.7079E-04
-0.2357 0.4723E-01
0.4164 -0.4840
130.0 0.6806E-04
-0.2008 0.1562
0.3952 -0.4934
131.0 0.6342E-04
-0.1423 0.2807
0.3779 -0.4900
132.0 0.5723E-04
-0.6734E-01 0.4051
0.3632 -0.4719
133.0 0.5057E-04
0.1463E-01 0.5005
0.3507 -0.4369
134.0 0.4465E-04
0.8715E-01 0.5230
0.3433 -0.3865
135.0 0.4021E-04
0.1289 0.4325
0.3505 -0.3305
136.0 0.3740E-04
0.1263 0.2251
0.3841 -0.2852
137.0 0.3601E-04
0.8432E-01 -0.5337E-01
0.4493 -0.2633
138.0 0.3572E-04
0.2355E-01 -0.3280
0.5371 -0.2652
139.0 0.3621E-04
-0.3381E-01 -0.5294
0.6273 -0.2808
140.0 0.3703E-04
-0.7474E-01 -0.6206
0.7000 -0.2970
141.0 0.3755E-04
-0.9763E-01 -0.5999
0.7432 -0.3036
142.0 0.3726E-04
-0.1069 -0.4826
0.7509 -0.2935
143.0 0.3610E-04
-0.1072 -0.2850
0.7145 -0.2598
144.0 0.3453E-04
-0.1008 -0.2916E-01
0.6200 -0.1964
145.0 0.3328E-04
-0.8872E-01 0.2375
0.4607 -0.1053
146.0 0.3295E-04
-0.7241E-01 0.4368
0.2566 -0.4629E-02
147.0 0.3379E-04
-0.5431E-01 0.4950
0.5679E-01 0.7557E-01
148.0 0.3587E-04
-0.3630E-01 0.3881
-0.8562E-01 0.1100
149.0 0.3927E-04
-0.1889E-01 0.1552
-0.1390 0.9090E-01
150.0 0.4409E-04
-0.1785E-02 -0.1223
-0.1036 0.2956E-01
151.0 0.5015E-04
0.1575E-01 -0.3621
-0.5515E-02 -0.5271E-01
152.0 0.5672E-04
0.3503E-01 -0.5169
0.1210 -0.1376
153.0 0.6267E-04
0.5776E-01 -0.5780
0.2502 -0.2167
154.0 0.6694E-04
0.8495E-01 -0.5544
0.3669 -0.2898
155.0 0.6903E-04
0.1156 -0.4574
0.4597 -0.3584
156.0 0.6905E-04
0.1457 -0.2978
0.5160 -0.4227
157.0 0.6739E-04
0.1692 -0.9194E-01
0.5221 -0.4807
158.0 0.6444E-04
0.1810 0.1360
0.4668 -0.5292
159.0 0.6056E-04
0.1804 0.3541
0.3435 -0.5652
160.0 0.5642E-04
0.1735 0.5217
0.1520 -0.5835
161.0 0.5318E-04
0.1728 0.5869
-0.9114E-01 -0.5759
162.0 0.5219E-04
0.1929 0.5060
-0.3357 -0.5362
163.0 0.5442E-04
0.2394 0.2919
-0.5079 -0.4720
164.0 0.6008E-04
0.3019 0.2523E-01
-0.5635 -0.4034
165.0 0.6870E-04
0.3623 -0.2073
-0.5166 -0.3470
166.0 0.7964E-04
0.4062 -0.3623
-0.4092 -0.3051
167.0 0.9242E-04
0.4256 -0.4355
-0.2798 -0.2723
168.0 0.1066E-03
0.4190 -0.4419
-0.1544 -0.2424
169.0 0.1216E-03
0.3906 -0.4035
-0.4797E-01 -0.2125
170.0 0.1363E-03
0.3479 -0.3415
0.3404E-01 -0.1820
171.0 0.1497E-03
0.2979 -0.2709
0.9181E-01 -0.1515
172.0 0.1613E-03
0.2457 -0.2009
0.1277 -0.1219
173.0 0.1715E-03
0.1947 -0.1372
0.1441 -0.9397E-01
174.0 0.1809E-03
0.1476 -0.8382E-01
0.1441 -0.6872E-01
175.0 0.1895E-03
0.1063 -0.4316E-01
0.1314 -0.4720E-01
176.0 0.1967E-03
0.7237E-01 -0.1551E-01
0.1105 -0.2991E-01
177.0 0.2018E-03
0.4590E-01 0.1037E-02
0.8515E-01 -0.1679E-01
178.0 0.2045E-03
0.2618E-01 0.9543E-02
0.5766E-01 -0.7507E-02
179.0 0.2054E-03
0.1165E-01 0.1312E-01
0.2909E-01 -0.1893E-02
180.0 0.2056E-03
0.000 0.1403E-01
0.000 0.000
