0.000 0.1661E-01
0.000 -0.2938E-01
0.000 0.000
1.000 0.1667E-01
-0.3490E-01 -0.3155E-01
-0.2461E-02 -0.7579E-03
2.000 0.1684E-01
-0.6900E-01 -0.3784E-01
-0.4343E-02 -0.2980E-02
3.000 0.1712E-01
-0.1016 -0.4764E-01
-0.5150E-02 -0.6521E-02
4.000 0.1749E-01
-0.1321 -0.6007E-01
-0.4535E-02 -0.1117E-01
5.000 0.1795E-01
-0.1603 -0.7409E-01
-0.2329E-02 -0.1667E-01
6.000 0.1846E-01
-0.1860 -0.8870E-01
0.1465E-02 -0.2279E-01
7.000 0.1902E-01
-0.2094 -0.1030
0.6698E-02 -0.2928E-01
8.000 0.1960E-01
-0.2305 -0.1162
0.1312E-01 -0.3595E-01
9.000 0.2019E-01
-0.2497 -0.1278
0.2041E-01 -0.4265E-01
10.00 0.2077E-01
-0.2673 -0.1375
0.2824E-01 -0.4927E-01
11.00 0.2133E-01
-0.2835 -0.1452
0.3629E-01 -0.5572E-01
12.00 0.2185E-01
-0.2985 -0.1508
0.4426E-01 -0.6194E-01
13.00 0.2234E-01
-0.3127 -0.1545
0.5190E-01 -0.6787E-01
14.00 0.2278E-01
-0.3260 -0.1564
0.5903E-01 -0.7349E-01
15.00 0.2317E-01
-0.3387 -0.1568
0.6550E-01 -0.7875E-01
16.00 0.2352E-01
-0.3508 -0.1558
0.7125E-01 -0.8363E-01
17.00 0.2383E-01
-0.3622 -0.1539
0.7627E-01 -0.8810E-01
18.00 0.2409E-01
-0.3731 -0.1511
0.8057E-01 -0.9213E-01
19.00 0.2432E-01
-0.3833 -0.1477
0.8425E-01 -0.9570E-01
20.00 0.2451E-01
-0.3929 -0.1437
0.8740E-01 -0.9881E-01
21.00 0.2466E-01
-0.4017 -0.1393
0.9013E-01 -0.1015
22.00 0.2479E-01
-0.4097 -0.1345
0.9256E-01 -0.1037
23.00 0.2488E-01
-0.4167 -0.1292
0.9479E-01 -0.1055
24.00 0.2493E-01
-0.4229 -0.1234
0.9687E-01 -0.1070
25.00 0.2495E-01
-0.4281 -0.1170
0.9885E-01 -0.1082
26.00 0.2494E-01
-0.4323 -0.1101
0.1007 -0.1092
27.00 0.2488E-01
-0.4354 -0.1025
0.1024 -0.1102
28.00 0.2478E-01
-0.4376 -0.9425E-01
0.1039 -0.1113
29.00 0.2463E-01
-0.4389 -0.8540E-01
0.1050 -0.1126
30.00 0.2444E-01
-0.4393 -0.7603E-01
0.1056 -0.1142
31.00 0.2420E-01
-0.4389 -0.6629E-01
0.1057 -0.1162
32.00 0.2391E-01
-0.4379 -0.5634E-01
0.1050 -0.1187
33.00 0.2356E-01
-0.4365 -0.4643E-01
0.1035 -0.1219
34.00 0.2317E-01
-0.4348 -0.3680E-01
0.1010 -0.1258
35.00 0.2272E-01
-0.4329 -0.2772E-01
0.9756E-01 -0.1305
36.00 0.2222E-01
-0.4312 -0.1947E-01
0.9309E-01 -0.1360
37.00 0.2168E-01
-0.4298 -0.1231E-01
0.8761E-01 -0.1423
38.00 0.2109E-01
-0.4288 -0.6495E-02
0.8115E-01 -0.1493
39.00 0.2045E-01
-0.4285 -0.2248E-02
0.7380E-01 -0.1570
40.00 0.1978E-01
-0.4289 0.2463E-03
0.6565E-01 -0.1654
41.00 0.1908E-01
-0.4302 0.8458E-03
0.5683E-01 -0.1742
42.00 0.1836E-01
-0.4322 -0.5457E-03
0.4751E-01 -0.1834
43.00 0.1761E-01
-0.4350 -0.3974E-02
0.3786E-01 -0.1927
44.00 0.1686E-01
-0.4384 -0.9431E-02
0.2806E-01 -0.2019
45.00 0.1610E-01
-0.4421 -0.1685E-01
0.1832E-01 -0.2109
46.00 0.1535E-01
-0.4457 -0.2612E-01
0.8844E-02 -0.2192
47.00 0.1461E-01
-0.4488 -0.3705E-01
-0.1439E-03 -0.2267
48.00 0.1389E-01
-0.4508 -0.4941E-01
-0.8430E-02 -0.2330
49.00 0.1320E-01
-0.4512 -0.6289E-01
-0.1581E-01 -0.2379
50.00 0.1254E-01
-0.4493 -0.7715E-01
-0.2207E-01 -0.2410
51.00 0.1191E-01
-0.4445 -0.9180E-01
-0.2707E-01 -0.2423
52.00 0.1132E-01
-0.4362 -0.1064
-0.3065E-01 -0.2415
53.00 0.1078E-01
-0.4241 -0.1206
-0.3272E-01 -0.2386
54.00 0.1026E-01
-0.4079 -0.1339
-0.3325E-01 -0.2336
55.00 0.9788E-02
-0.3875 -0.1459
-0.3223E-01 -0.2266
56.00 0.9343E-02
-0.3631 -0.1564
-0.2974E-01 -0.2179
57.00 0.8927E-02
-0.3351 -0.1650
-0.2589E-01 -0.2076
58.00 0.8534E-02
-0.3041 -0.1716
-0.2081E-01 -0.1962
59.00 0.8160E-02
-0.2707 -0.1761
-0.1469E-01 -0.1840
60.00 0.7800E-02
-0.2358 -0.1785
-0.7702E-02 -0.1713
61.00 0.7450E-02
-0.2000 -0.1787
-0.4334E-04 -0.1584
62.00 0.7107E-02
-0.1641 -0.1767
0.8104E-02 -0.1457
63.00 0.6769E-02
-0.1287 -0.1728
0.1656E-01 -0.1334
64.00 0.6434E-02
-0.9439E-01 -0.1669
0.2516E-01 -0.1217
65.00 0.6104E-02
-0.6159E-01 -0.1591
0.3372E-01 -0.1108
66.00 0.5780E-02
-0.3053E-01 -0.1496
0.4209E-01 -0.1007
67.00 0.5463E-02
-0.1355E-02 -0.1384
0.5007E-01 -0.9174E-01
68.00 0.5157E-02
0.2596E-01 -0.1258
0.5747E-01 -0.8390E-01
69.00 0.4865E-02
0.5158E-01 -0.1120
0.6406E-01 -0.7735E-01
70.00 0.4593E-02
0.7578E-01 -0.9731E-01
0.6958E-01 -0.7223E-01
71.00 0.4343E-02
0.9896E-01 -0.8219E-01
0.7380E-01 -0.6865E-01
72.00 0.4120E-02
0.1216 -0.6723E-01
0.7644E-01 -0.6677E-01
73.00 0.3926E-02
0.1441 -0.5313E-01
0.7731E-01 -0.6667E-01
74.00 0.3765E-02
0.1670 -0.4066E-01
0.7628E-01 -0.6838E-01
75.00 0.3638E-02
0.1906 -0.3058E-01
0.7332E-01 -0.7186E-01
76.00 0.3545E-02
0.2148 -0.2354E-01
0.6857E-01 -0.7694E-01
77.00 0.3486E-02
0.2397 -0.1996E-01
0.6231E-01 -0.8335E-01
78.00 0.3458E-02
0.2649 -0.1997E-01
0.5494E-01 -0.9071E-01
79.00 0.3460E-02
0.2897 -0.2338E-01
0.4692E-01 -0.9863E-01
80.00 0.3488E-02
0.3135 -0.2974E-01
0.3872E-01 -0.1067
81.00 0.3536E-02
0.3359 -0.3839E-01
0.3073E-01 -0.1146
82.00 0.3602E-02
0.3561 -0.4861E-01
0.2328E-01 -0.1219
83.00 0.3680E-02
0.3738 -0.5970E-01
0.1657E-01 -0.1286
84.00 0.3764E-02
0.3888 -0.7100E-01
0.1069E-01 -0.1345
85.00 0.3851E-02
0.4007 -0.8200E-01
0.5676E-02 -0.1396
86.00 0.3936E-02
0.4098 -0.9231E-01
0.1486E-02 -0.1439
87.00 0.4015E-02
0.4158 -0.1017
-0.1953E-02 -0.1474
88.00 0.4085E-02
0.4190 -0.1099
-0.4729E-02 -0.1502
89.00 0.4143E-02
0.4195 -0.1168
-0.6937E-02 -0.1525
90.00 0.4188E-02
0.4173 -0.1226
-0.8664E-02 -0.1542
91.00 0.4217E-02
0.4128 -0.1271
-0.9985E-02 -0.1555
92.00 0.4231E-02
0.4059 -0.1304
-0.1096E-01 -0.1565
93.00 0.4228E-02
0.3970 -0.1326
-0.1165E-01 -0.1573
94.00 0.4210E-02
0.3861 -0.1339
-0.1207E-01 -0.1580
95.00 0.4175E-02
0.3734 -0.1343
-0.1225E-01 -0.1585
96.00 0.4125E-02
0.3592 -0.1339
-0.1222E-01 -0.1591
97.00 0.4060E-02
0.3436 -0.1329
-0.1199E-01 -0.1597
98.00 0.3980E-02
0.3268 -0.1313
-0.1158E-01 -0.1604
99.00 0.3887E-02
0.3089 -0.1292
-0.1101E-01 -0.1612
100.0 0.3781E-02
0.2902 -0.1267
-0.1033E-01 -0.1621
101.0 0.3663E-02
0.2708 -0.1237
-0.9595E-02 -0.1632
102.0 0.3533E-02
0.2510 -0.1204
-0.8873E-02 -0.1643
103.0 0.3392E-02
0.2309 -0.1167
-0.8268E-02 -0.1656
104.0 0.3243E-02
0.2109 -0.1125
-0.7905E-02 -0.1668
105.0 0.3086E-02
0.1911 -0.1079
-0.7938E-02 -0.1682
106.0 0.2922E-02
0.1719 -0.1028
-0.8551E-02 -0.1695
107.0 0.2755E-02
0.1538 -0.9727E-01
-0.9957E-02 -0.1707
108.0 0.2587E-02
0.1371 -0.9125E-01
-0.1240E-01 -0.1720
109.0 0.2419E-02
0.1226 -0.8484E-01
-0.1613E-01 -0.1733
110.0 0.2256E-02
0.1110 -0.7821E-01
-0.2143E-01 -0.1747
111.0 0.2101E-02
0.1031 -0.7161E-01
-0.2853E-01 -0.1763
112.0 0.1955E-02
0.9974E-01 -0.6542E-01
-0.3765E-01 -0.1784
113.0 0.1823E-02
0.1019 -0.6017E-01
-0.4888E-01 -0.1810
114.0 0.1706E-02
0.1104 -0.5649E-01
-0.6213E-01 -0.1846
115.0 0.1607E-02
0.1254 -0.5509E-01
-0.7710E-01 -0.1891
116.0 0.1528E-02
0.1468 -0.5663E-01
-0.9323E-01 -0.1949
117.0 0.1470E-02
0.1734 -0.6158E-01
-0.1097 -0.2018
118.0 0.1432E-02
0.2035 -0.7007E-01
-0.1256 -0.2096
119.0 0.1415E-02
0.2348 -0.8181E-01
-0.1399 -0.2178
120.0 0.1418E-02
0.2648 -0.9610E-01
-0.1520 -0.2260
121.0 0.1439E-02
0.2914 -0.1120
-0.1615 -0.2334
122.0 0.1475E-02
0.3132 -0.1284
-0.1684 -0.2394
123.0 0.1524E-02
0.3297 -0.1444
-0.1729 -0.2438
124.0 0.1583E-02
0.3410 -0.1594
-0.1756 -0.2462
125.0 0.1649E-02
0.3479 -0.1729
-0.1771 -0.2465
126.0 0.1719E-02
0.3513 -0.1846
-0.1777 -0.2448
127.0 0.1788E-02
0.3525 -0.1946
-0.1779 -0.2412
128.0 0.1856E-02
0.3524 -0.2029
-0.1780 -0.2360
129.0 0.1918E-02
0.3520 -0.2098
-0.1782 -0.2294
130.0 0.1973E-02
0.3520 -0.2154
-0.1785 -0.2217
131.0 0.2020E-02
0.3532 -0.2198
-0.1788 -0.2132
132.0 0.2057E-02
0.3559 -0.2233
-0.1791 -0.2042
133.0 0.2083E-02
0.3603 -0.2260
-0.1793 -0.1950
134.0 0.2100E-02
0.3665 -0.2280
-0.1791 -0.1861
135.0 0.2107E-02
0.3743 -0.2295
-0.1784 -0.1778
136.0 0.2105E-02
0.3832 -0.2305
-0.1770 -0.1704
137.0 0.2095E-02
0.3928 -0.2311
-0.1749 -0.1644
138.0 0.2078E-02
0.4023 -0.2312
-0.1719 -0.1599
139.0 0.2057E-02
0.4106 -0.2310
-0.1680 -0.1572
140.0 0.2031E-02
0.4168 -0.2305
-0.1633 -0.1564
141.0 0.2004E-02
0.4196 -0.2298
-0.1580 -0.1575
142.0 0.1975E-02
0.4178 -0.2288
-0.1525 -0.1602
143.0 0.1947E-02
0.4105 -0.2277
-0.1471 -0.1643
144.0 0.1920E-02
0.3966 -0.2267
-0.1423 -0.1692
145.0 0.1896E-02
0.3756 -0.2259
-0.1385 -0.1743
146.0 0.1875E-02
0.3473 -0.2254
-0.1363 -0.1786
147.0 0.1858E-02
0.3119 -0.2254
-0.1360 -0.1816
148.0 0.1846E-02
0.2702 -0.2260
-0.1380 -0.1823
149.0 0.1839E-02
0.2234 -0.2275
-0.1422 -0.1802
150.0 0.1839E-02
0.1731 -0.2298
-0.1487 -0.1746
151.0 0.1845E-02
0.1213 -0.2329
-0.1571 -0.1654
152.0 0.1857E-02
0.7022E-01 -0.2369
-0.1669 -0.1526
153.0 0.1878E-02
0.2194E-01 -0.2416
-0.1775 -0.1366
154.0 0.1906E-02
-0.2145E-01 -0.2469
-0.1880 -0.1178
155.0 0.1942E-02
-0.5821E-01 -0.2525
-0.1978 -0.9706E-01
156.0 0.1987E-02
-0.8707E-01 -0.2581
-0.2060 -0.7538E-01
157.0 0.2040E-02
-0.1073 -0.2637
-0.2120 -0.5372E-01
158.0 0.2102E-02
-0.1187 -0.2691
-0.2153 -0.3302E-01
159.0 0.2173E-02
-0.1216 -0.2740
-0.2156 -0.1408E-01
160.0 0.2251E-02
-0.1169 -0.2786
-0.2130 0.2451E-02
161.0 0.2337E-02
-0.1057 -0.2827
-0.2075 0.1617E-01
162.0 0.2430E-02
-0.8952E-01 -0.2865
-0.1993 0.2687E-01
163.0 0.2528E-02
-0.6981E-01 -0.2902
-0.1890 0.3457E-01
164.0 0.2631E-02
-0.4806E-01 -0.2937
-0.1770 0.3944E-01
165.0 0.2737E-02
-0.2566E-01 -0.2973
-0.1638 0.4178E-01
166.0 0.2845E-02
-0.3822E-02 -0.3011
-0.1497 0.4197E-01
167.0 0.2953E-02
0.1641E-01 -0.3052
-0.1354 0.4043E-01
168.0 0.3060E-02
0.3424E-01 -0.3096
-0.1211 0.3756E-01
169.0 0.3164E-02
0.4904E-01 -0.3143
-0.1071 0.3378E-01
170.0 0.3264E-02
0.6042E-01 -0.3194
-0.9373E-01 0.2944E-01
171.0 0.3359E-02
0.6813E-01 -0.3247
-0.8105E-01 0.2485E-01
172.0 0.3446E-02
0.7212E-01 -0.3301
-0.6920E-01 0.2026E-01
173.0 0.3526E-02
0.7246E-01 -0.3354
-0.5820E-01 0.1589E-01
174.0 0.3596E-02
0.6932E-01 -0.3406
-0.4804E-01 0.1188E-01
175.0 0.3658E-02
0.6303E-01 -0.3453
-0.3868E-01 0.8355E-02
176.0 0.3708E-02
0.5395E-01 -0.3495
-0.3003E-01 0.5396E-02
177.0 0.3748E-02
0.4257E-01 -0.3530
-0.2198E-01 0.3054E-02
178.0 0.3777E-02
0.2940E-01 -0.3555
-0.1438E-01 0.1362E-02
179.0 0.3794E-02
0.1501E-01 -0.3571
-0.7112E-02 0.3413E-03
180.0 0.3800E-02
0.000 -0.3577
0.000 0.000
