           2           1           1
    0.0-     1 1   8.523       0.000      0.4289E-09   8.523    
    1.0+     0 1   25.57       0.000      0.1094E-08   25.57    
    1.0+     2 2   25.56       0.000      0.2718E-08   25.56    
    1.0-     1 1   25.57       0.000      0.1759E-08   25.57    
    2.0+     2 1   42.61       0.000      0.3131E-08   42.61    
    2.0-     1 1   42.61       0.000      0.1191E-08   42.61    
    2.0-     3 2   42.59       0.000      0.4311E-08   42.59    
    3.0+     2 1   59.65       0.000      0.9199E-09   59.65    
    3.0+     4 2   59.61       0.000      0.4956E-08   59.61    
    3.0-     3 1   59.63       0.000      0.3525E-08   59.63    
    4.0+     4 1   76.64       0.000      0.3407E-08   76.64    
    4.0-     3 1   76.67       0.000      0.4048E-09   76.67    
    4.0-     5 2   76.61       0.000      0.2911E-08   76.61    
    5.0+     4 1   93.67       0.000      0.1446E-09   93.67    
    5.0+     6 2   93.58       0.000      0.4334E-09   93.58    
    5.0-     5 1   93.63       0.000      0.2340E-08   93.63    
    6.0+     6 1   110.6       0.000      0.1196E-08   110.6    
    6.0-     5 1   110.7       0.000      0.7063E-11   110.7    
    6.0-     7 2   110.5       0.000      0.1859E-10   110.5    
    7.0+     6 1   127.6       0.000      0.3456E-12   127.6    
    7.0+     8 2   127.4       0.000      0.1073E-11   127.4    
    7.0-     7 1   127.5       0.000      0.4870E-10   127.5    
    8.0+     8 1   144.4       0.000      0.1668E-11   144.4    
    8.0-     7 1   144.5       0.000      0.1942E-13   144.5    
    8.0-     9 2   144.3       0.000      0.9732E-13   144.3    
    9.0+     8 1   161.4       0.000      0.1515E-14   161.4    
    9.0+    10 2   161.1       0.000      0.1257E-13   161.1    
    9.0-     9 1   161.3       0.000      0.1222E-12   161.3    
   10.0+    10 1   178.1       0.000      0.1615E-13   178.1    
   10.0-     9 1   178.2       0.000      0.3664E-15   178.2    
   10.0-    11 2   177.9       0.000      0.1773E-14   177.9    
   11.0+    10 1   195.0       0.000      0.9959E-16   195.0    
   11.0+    12 2   194.6       0.000      0.2224E-15   194.6    
   11.0-    11 1   194.8       0.000      0.2661E-14   194.8    
   12.0+    12 1   211.5       0.000      0.4464E-15   211.5    
   12.0-    11 1   211.8       0.000      0.2145E-16   211.8    
   12.0-    13 2   211.2       0.000      0.2178E-16   211.2    
   13.0+    12 1   228.4       0.000      0.4401E-17   228.4    
   13.0+    14 2   227.8       0.000      0.2010E-17   227.8    
   13.0-    13 1   228.1       0.000      0.6774E-16   228.1    
   14.0+    14 1   244.7       0.000      0.8918E-17   244.7    
   14.0-    13 1   245.0       0.000      0.1302E-17   245.0    
   14.0-    15 2   244.3       0.000      0.4616E-18   244.3    
   15.0+    14 1   261.6       0.000      0.4828E-18   261.6    
   15.0+    16 2   260.7       0.000      0.1288E-18   260.7    
   15.0-    15 1   261.2       0.000      0.9806E-18   261.2    
   16.0+    16 1   277.6       0.000      0.1022E-18   277.6    
   16.0-    15 1   278.0       0.000      0.1234E-18   278.0    
   16.0-    17 2   277.0       0.000      0.2652E-19   277.0    
   17.0+    16 1   294.4       0.000      0.1898E-19   294.4    
   17.0+    18 2   293.3       0.000      0.8891E-20   293.3    
   17.0-    17 1   293.8       0.000      0.5145E-19   293.8    
   18.0+    18 1   310.0       0.000      0.9108E-19   310.0    
   18.0-    17 1   310.6       0.000      0.4660E-20   310.6    
   18.0-    19 2   309.4       0.000      0.4443E-20   309.4    
   19.0+    18 1   326.8       0.000      0.1042E-19   326.8    
   19.0+    20 2   325.3       0.000      0.3069E-20   325.3    
   19.0-    19 1   326.1       0.000      0.3429E-18   326.1    
   20.0+    20 1   342.0       0.000      0.1006E-16   342.0    
   20.0-    19 1   342.8       0.000      0.9087E-19   342.8    
   20.0-    21 2   341.2       0.000      0.1076E-19   341.2    
