# 701 angles,  1 tensor ranks for 0=projectile
@subtitle   "56Fe(d,p)57Fe, 0.5-1 0.000 MeV 1p0.5"                                          
@legend ON
@legend x1 0.2
@legend y1 0.8
@g0 type LOGY
@yaxis ticklabel format power
@xaxis label "Scattering angle (degrees)"
@yaxis label "Cross section (mb/sr)"
@legend string   0 "Partition=  1 Excit=  1 near/far= 1"
#legend string   0 "Lab energy =   12.0000"
@s0 linestyle   1
#  Theta       sigma       iT11        T20         T21         T22         Kyy for projectile
  0.1000E-01   1.000    
  0.1000      0.9998    
  0.2000       1.000    
  0.3000       1.002    
  0.4000       1.001    
  0.5000      0.9975    
  0.6000      0.9934    
  0.7000      0.9902    
  0.8000      0.9889    
  0.9000      0.9902    
   1.000      0.9942    
   1.100       1.001    
   1.200       1.009    
   1.300       1.018    
   1.400       1.028    
   1.500       1.038    
   1.600       1.047    
   1.700       1.055    
   1.800       1.062    
   1.900       1.066    
   2.000       1.069    
   2.100       1.069    
   2.200       1.067    
   2.300       1.063    
   2.400       1.056    
   2.500       1.048    
   2.600       1.037    
   2.700       1.025    
   2.800       1.012    
   2.900      0.9970    
   3.000      0.9814    
   3.100      0.9652    
   3.200      0.9485    
   3.300      0.9317    
   3.400      0.9148    
   3.500      0.8982    
   3.600      0.8820    
   3.700      0.8664    
   3.800      0.8515    
   3.900      0.8374    
   4.000      0.8244    
   4.100      0.8123    
   4.200      0.8014    
   4.300      0.7917    
   4.400      0.7831    
   4.500      0.7756    
   4.600      0.7694    
   4.700      0.7642    
   4.800      0.7602    
   4.900      0.7572    
   5.000      0.7552    
   5.100      0.7540    
   5.200      0.7536    
   5.300      0.7540    
   5.400      0.7549    
   5.500      0.7564    
   5.600      0.7582    
   5.700      0.7603    
   5.800      0.7626    
   5.900      0.7649    
   6.000      0.7672    
   6.100      0.7694    
   6.200      0.7713    
   6.300      0.7728    
   6.400      0.7740    
   6.500      0.7746    
   6.600      0.7746    
   6.700      0.7739    
   6.800      0.7725    
   6.900      0.7703    
   7.000      0.7673    
   7.100      0.7634    
   7.200      0.7587    
   7.300      0.7530    
   7.400      0.7463    
   7.500      0.7388    
   7.600      0.7303    
   7.700      0.7209    
   7.800      0.7106    
   7.900      0.6995    
   8.000      0.6875    
   8.100      0.6748    
   8.200      0.6613    
   8.300      0.6471    
   8.400      0.6324    
   8.500      0.6170    
   8.600      0.6013    
   8.700      0.5851    
   8.800      0.5685    
   8.900      0.5518    
   9.000      0.5349    
   9.100      0.5179    
   9.200      0.5009    
   9.300      0.4840    
   9.400      0.4674    
   9.500      0.4509    
   9.600      0.4349    
   9.700      0.4192    
   9.800      0.4041    
   9.900      0.3896    
   10.00      0.3757    
   10.10      0.3626    
   10.20      0.3503    
   10.30      0.3388    
   10.40      0.3282    
   10.50      0.3187    
   10.60      0.3101    
   10.70      0.3025    
   10.80      0.2960    
   10.90      0.2907    
   11.00      0.2864    
   11.10      0.2833    
   11.20      0.2813    
   11.30      0.2805    
   11.40      0.2808    
   11.50      0.2822    
   11.60      0.2847    
   11.70      0.2883    
   11.80      0.2929    
   11.90      0.2986    
   12.00      0.3051    
   12.10      0.3126    
   12.20      0.3209    
   12.30      0.3300    
   12.40      0.3398    
   12.50      0.3503    
   12.60      0.3614    
   12.70      0.3730    
   12.80      0.3850    
   12.90      0.3973    
   13.00      0.4099    
   13.10      0.4227    
   13.20      0.4355    
   13.30      0.4484    
   13.40      0.4612    
   13.50      0.4738    
   13.60      0.4862    
   13.70      0.4982    
   13.80      0.5098    
   13.90      0.5209    
   14.00      0.5314    
   14.10      0.5413    
   14.20      0.5505    
   14.30      0.5588    
   14.40      0.5664    
   14.50      0.5730    
   14.60      0.5787    
   14.70      0.5834    
   14.80      0.5870    
   14.90      0.5896    
   15.00      0.5911    
   15.10      0.5915    
   15.20      0.5907    
   15.30      0.5888    
   15.40      0.5858    
   15.50      0.5816    
   15.60      0.5762    
   15.70      0.5698    
   15.80      0.5623    
   15.90      0.5537    
   16.00      0.5442    
   16.10      0.5336    
   16.20      0.5221    
   16.30      0.5098    
   16.40      0.4967    
   16.50      0.4828    
   16.60      0.4682    
   16.70      0.4531    
   16.80      0.4374    
   16.90      0.4213    
   17.00      0.4048    
   17.10      0.3881    
   17.20      0.3711    
   17.30      0.3541    
   17.40      0.3371    
   17.50      0.3202    
   17.60      0.3035    
   17.70      0.2871    
   17.80      0.2711    
   17.90      0.2555    
   18.00      0.2405    
   18.10      0.2261    
   18.20      0.2124    
   18.30      0.1995    
   18.40      0.1875    
   18.50      0.1764    
   18.60      0.1664    
   18.70      0.1574    
   18.80      0.1496    
   18.90      0.1429    
   19.00      0.1374    
   19.10      0.1332    
   19.20      0.1303    
   19.30      0.1287    
   19.40      0.1285    
   19.50      0.1295    
   19.60      0.1319    
   19.70      0.1357    
   19.80      0.1408    
   19.90      0.1471    
   20.00      0.1548    
   20.10      0.1637    
   20.20      0.1738    
   20.30      0.1850    
   20.40      0.1974    
   20.50      0.2107    
   20.60      0.2251    
   20.70      0.2404    
   20.80      0.2565    
   20.90      0.2733    
   21.00      0.2908    
   21.10      0.3088    
   21.20      0.3274    
   21.30      0.3462    
   21.40      0.3654    
   21.50      0.3847    
   21.60      0.4042    
   21.70      0.4235    
   21.80      0.4427    
   21.90      0.4617    
   22.00      0.4803    
   22.10      0.4985    
   22.20      0.5161    
   22.30      0.5331    
   22.40      0.5493    
   22.50      0.5647    
   22.60      0.5791    
   22.70      0.5926    
   22.80      0.6049    
   22.90      0.6161    
   23.00      0.6261    
   23.10      0.6348    
   23.20      0.6421    
   23.30      0.6481    
   23.40      0.6526    
   23.50      0.6557    
   23.60      0.6573    
   23.70      0.6574    
   23.80      0.6560    
   23.90      0.6530    
   24.00      0.6486    
   24.10      0.6427    
   24.20      0.6354    
   24.30      0.6267    
   24.40      0.6165    
   24.50      0.6050    
   24.60      0.5923    
   24.70      0.5784    
   24.80      0.5633    
   24.90      0.5471    
   25.00      0.5300    
   25.10      0.5120    
   25.20      0.4932    
   25.30      0.4737    
   25.40      0.4536    
   25.50      0.4330    
   25.60      0.4121    
   25.70      0.3909    
   25.80      0.3696    
   25.90      0.3482    
   26.00      0.3269    
   26.10      0.3059    
   26.20      0.2852    
   26.30      0.2649    
   26.40      0.2452    
   26.50      0.2262    
   26.60      0.2080    
   26.70      0.1907    
   26.80      0.1744    
   26.90      0.1591    
   27.00      0.1451    
   27.10      0.1323    
   27.20      0.1209    
   27.30      0.1109    
   27.40      0.1024    
   27.50      0.9548E-01
   27.60      0.9014E-01
   27.70      0.8644E-01
   27.80      0.8442E-01
   27.90      0.8410E-01
   28.00      0.8550E-01
   28.10      0.8862E-01
   28.20      0.9346E-01
   28.30      0.1000    
   28.40      0.1082    
   28.50      0.1181    
   28.60      0.1296    
   28.70      0.1427    
   28.80      0.1572    
   28.90      0.1732    
   29.00      0.1906    
   29.10      0.2093    
   29.20      0.2291    
   29.30      0.2501    
   29.40      0.2720    
   29.50      0.2949    
   29.60      0.3185    
   29.70      0.3427    
   29.80      0.3675    
   29.90      0.3927    
   30.00      0.4182    
   30.10      0.4438    
   30.20      0.4694    
   30.30      0.4949    
   30.40      0.5202    
   30.50      0.5450    
   30.60      0.5694    
   30.70      0.5930    
   30.80      0.6159    
   30.90      0.6379    
   31.00      0.6589    
   31.10      0.6787    
   31.20      0.6973    
   31.30      0.7145    
   31.40      0.7303    
   31.50      0.7445    
   31.60      0.7571    
   31.70      0.7681    
   31.80      0.7773    
   31.90      0.7847    
   32.00      0.7902    
   32.10      0.7938    
   32.20      0.7956    
   32.30      0.7954    
   32.40      0.7932    
   32.50      0.7892    
   32.60      0.7832    
   32.70      0.7754    
   32.80      0.7657    
   32.90      0.7542    
   33.00      0.7409    
   33.10      0.7260    
   33.20      0.7095    
   33.30      0.6914    
   33.40      0.6720    
   33.50      0.6512    
   33.60      0.6292    
   33.70      0.6061    
   33.80      0.5820    
   33.90      0.5571    
   34.00      0.5315    
   34.10      0.5053    
   34.20      0.4787    
   34.30      0.4518    
   34.40      0.4248    
   34.50      0.3977    
   34.60      0.3709    
   34.70      0.3444    
   34.80      0.3183    
   34.90      0.2928    
   35.00      0.2682    
   35.10      0.2444    
   35.20      0.2216    
   35.30      0.2000    
   35.40      0.1797    
   35.50      0.1609    
   35.60      0.1435    
   35.70      0.1278    
   35.80      0.1139    
   35.90      0.1017    
   36.00      0.9148E-01
   36.10      0.8321E-01
   36.20      0.7699E-01
   36.30      0.7284E-01
   36.40      0.7082E-01
   36.50      0.7094E-01
   36.60      0.7323E-01
   36.70      0.7768E-01
   36.80      0.8429E-01
   36.90      0.9304E-01
   37.00      0.1039    
   37.10      0.1168    
   37.20      0.1318    
   37.30      0.1486    
   37.40      0.1674    
   37.50      0.1879    
   37.60      0.2102    
   37.70      0.2340    
   37.80      0.2592    
   37.90      0.2859    
   38.00      0.3137    
   38.10      0.3426    
   38.20      0.3724    
   38.30      0.4031    
   38.40      0.4343    
   38.50      0.4660    
   38.60      0.4980    
   38.70      0.5302    
   38.80      0.5623    
   38.90      0.5943    
   39.00      0.6258    
   39.10      0.6569    
   39.20      0.6872    
   39.30      0.7167    
   39.40      0.7452    
   39.50      0.7725    
   39.60      0.7985    
   39.70      0.8231    
   39.80      0.8461    
   39.90      0.8673    
   40.00      0.8868    
   40.10      0.9043    
   40.20      0.9198    
   40.30      0.9332    
   40.40      0.9443    
   40.50      0.9533    
   40.60      0.9599    
   40.70      0.9641    
   40.80      0.9660    
   40.90      0.9655    
   41.00      0.9626    
   41.10      0.9573    
   41.20      0.9496    
   41.30      0.9396    
   41.40      0.9274    
   41.50      0.9129    
   41.60      0.8963    
   41.70      0.8776    
   41.80      0.8569    
   41.90      0.8344    
   42.00      0.8102    
   42.10      0.7843    
   42.20      0.7570    
   42.30      0.7283    
   42.40      0.6985    
   42.50      0.6676    
   42.60      0.6360    
   42.70      0.6036    
   42.80      0.5707    
   42.90      0.5376    
   43.00      0.5043    
   43.10      0.4710    
   43.20      0.4380    
   43.30      0.4054    
   43.40      0.3734    
   43.50      0.3422    
   43.60      0.3119    
   43.70      0.2828    
   43.80      0.2550    
   43.90      0.2286    
   44.00      0.2038    
   44.10      0.1809    
   44.20      0.1598    
   44.30      0.1407    
   44.40      0.1238    
   44.50      0.1091    
   44.60      0.9679E-01
   44.70      0.8689E-01
   44.80      0.7949E-01
   44.90      0.7464E-01
   45.00      0.7239E-01
   45.10      0.7277E-01
   45.20      0.7579E-01
   45.30      0.8146E-01
   45.40      0.8975E-01
   45.50      0.1007    
   45.60      0.1141    
   45.70      0.1301    
   45.80      0.1485    
   45.90      0.1693    
   46.00      0.1923    
   46.10      0.2175    
   46.20      0.2448    
   46.30      0.2739    
   46.40      0.3048    
   46.50      0.3373    
   46.60      0.3713    
   46.70      0.4066    
   46.80      0.4429    
   46.90      0.4802    
   47.00      0.5182    
   47.10      0.5568    
   47.20      0.5957    
   47.30      0.6347    
   47.40      0.6737    
   47.50      0.7124    
   47.60      0.7507    
   47.70      0.7882    
   47.80      0.8249    
   47.90      0.8606    
   48.00      0.8950    
   48.10      0.9280    
   48.20      0.9593    
   48.30      0.9889    
   48.40       1.017    
   48.50       1.042    
   48.60       1.066    
   48.70       1.087    
   48.80       1.105    
   48.90       1.121    
   49.00       1.134    
   49.10       1.145    
   49.20       1.153    
   49.30       1.158    
   49.40       1.160    
   49.50       1.159    
   49.60       1.155    
   49.70       1.149    
   49.80       1.139    
   49.90       1.127    
   50.00       1.112    
   50.10       1.094    
   50.20       1.074    
   50.30       1.051    
   50.40       1.026    
   50.50      0.9992    
   50.60      0.9699    
   50.70      0.9387    
   50.80      0.9058    
   50.90      0.8712    
   51.00      0.8353    
   51.10      0.7982    
   51.20      0.7601    
   51.30      0.7212    
   51.40      0.6817    
   51.50      0.6419    
   51.60      0.6020    
   51.70      0.5621    
   51.80      0.5225    
   51.90      0.4835    
   52.00      0.4452    
   52.10      0.4079    
   52.20      0.3717    
   52.30      0.3369    
   52.40      0.3037    
   52.50      0.2722    
   52.60      0.2427    
   52.70      0.2153    
   52.80      0.1902    
   52.90      0.1675    
   53.00      0.1474    
   53.10      0.1300    
   53.20      0.1154    
   53.30      0.1037    
   53.40      0.9503E-01
   53.50      0.8938E-01
   53.60      0.8683E-01
   53.70      0.8741E-01
   53.80      0.9114E-01
   53.90      0.9802E-01
   54.00      0.1080    
   54.10      0.1211    
   54.20      0.1373    
   54.30      0.1564    
   54.40      0.1785    
   54.50      0.2033    
   54.60      0.2308    
   54.70      0.2609    
   54.80      0.2933    
   54.90      0.3281    
   55.00      0.3649    
   55.10      0.4036    
   55.20      0.4440    
   55.30      0.4859    
   55.40      0.5291    
   55.50      0.5734    
   55.60      0.6185    
   55.70      0.6643    
   55.80      0.7104    
   55.90      0.7567    
   56.00      0.8029    
   56.10      0.8488    
   56.20      0.8941    
   56.30      0.9386    
   56.40      0.9820    
   56.50       1.024    
   56.60       1.065    
   56.70       1.104    
   56.80       1.141    
   56.90       1.176    
   57.00       1.208    
   57.10       1.239    
   57.20       1.266    
   57.30       1.291    
   57.40       1.313    
   57.50       1.331    
   57.60       1.347    
   57.70       1.360    
   57.80       1.369    
   57.90       1.374    
   58.00       1.377    
   58.10       1.376    
   58.20       1.371    
   58.30       1.363    
   58.40       1.352    
   58.50       1.338    
   58.60       1.320    
   58.70       1.299    
   58.80       1.275    
   58.90       1.249    
   59.00       1.219    
   59.10       1.187    
   59.20       1.153    
   59.30       1.116    
   59.40       1.077    
   59.50       1.036    
   59.60      0.9941    
   59.70      0.9505    
   59.80      0.9057    
   59.90      0.8600    
   60.00      0.8137    
   60.10      0.7670    
   60.20      0.7201    
   60.30      0.6733    
   60.40      0.6269    
   60.50      0.5811    
   60.60      0.5362    
   60.70      0.4924    
   60.80      0.4501    
   60.90      0.4093    
   61.00      0.3704    
   61.10      0.3336    
   61.20      0.2991    
   61.30      0.2671    
   61.40      0.2377    
   61.50      0.2112    
   61.60      0.1878    
   61.70      0.1675    
   61.80      0.1504    
   61.90      0.1368    
   62.00      0.1267    
   62.10      0.1202    
   62.20      0.1172    
   62.30      0.1180    
   62.40      0.1224    
   62.50      0.1305    
   62.60      0.1422    
   62.70      0.1576    
   62.80      0.1765    
   62.90      0.1989    
   63.00      0.2247    
   63.10      0.2538    
   63.20      0.2859    
   63.30      0.3210    
   63.40      0.3590    
   63.50      0.3995    
   63.60      0.4425    
   63.70      0.4876    
   63.80      0.5348    
   63.90      0.5837    
   64.00      0.6341    
   64.10      0.6857    
   64.20      0.7384    
   64.30      0.7917    
   64.40      0.8455    
   64.50      0.8994    
   64.60      0.9532    
   64.70       1.007    
   64.80       1.059    
   64.90       1.111    
   65.00       1.162    
   65.10       1.211    
   65.20       1.258    
   65.30       1.304    
   65.40       1.347    
   65.50       1.388    
   65.60       1.426    
   65.70       1.461    
   65.80       1.493    
   65.90       1.522    
   66.00       1.547    
   66.10       1.569    
   66.20       1.587    
   66.30       1.602    
   66.40       1.612    
   66.50       1.619    
   66.60       1.622    
   66.70       1.621    
   66.80       1.616    
   66.90       1.607    
   67.00       1.594    
   67.10       1.578    
   67.20       1.557    
   67.30       1.533    
   67.40       1.506    
   67.50       1.475    
   67.60       1.441    
   67.70       1.404    
   67.80       1.365    
   67.90       1.322    
   68.00       1.278    
   68.10       1.231    
   68.20       1.182    
   68.30       1.132    
   68.40       1.080    
   68.50       1.028    
   68.60      0.9742    
   68.70      0.9203    
   68.80      0.8663    
   68.90      0.8124    
   69.00      0.7589    
   69.10      0.7062    
   69.20      0.6545    
   69.30      0.6041    
   69.40      0.5552    
   69.50      0.5083    
   69.60      0.4635    
   69.70      0.4211    
   69.80      0.3814    
   69.90      0.3445    
   70.00      0.3107    
 END
@legend string   1 "Partition=  2 Excit=  1 near/far= 1"
#legend string   0 "Lab energy =   12.0000"
@s1 linestyle   2
#  Theta       sigma       iT11        T20         T21         T22         Kyy for projectile
   0.000      0.3143E-07
  0.1000      0.3143E-07
  0.2000      0.3142E-07
  0.3000      0.3142E-07
  0.4000      0.3142E-07
  0.5000      0.3142E-07
  0.6000      0.3142E-07
  0.7000      0.3141E-07
  0.8000      0.3141E-07
  0.9000      0.3140E-07
   1.000      0.3140E-07
   1.100      0.3139E-07
   1.200      0.3138E-07
   1.300      0.3138E-07
   1.400      0.3137E-07
   1.500      0.3136E-07
   1.600      0.3135E-07
   1.700      0.3134E-07
   1.800      0.3133E-07
   1.900      0.3132E-07
   2.000      0.3131E-07
   2.100      0.3130E-07
   2.200      0.3129E-07
   2.300      0.3127E-07
   2.400      0.3126E-07
   2.500      0.3125E-07
   2.600      0.3123E-07
   2.700      0.3122E-07
   2.800      0.3120E-07
   2.900      0.3119E-07
   3.000      0.3117E-07
   3.100      0.3115E-07
   3.200      0.3113E-07
   3.300      0.3112E-07
   3.400      0.3110E-07
   3.500      0.3108E-07
   3.600      0.3106E-07
   3.700      0.3104E-07
   3.800      0.3101E-07
   3.900      0.3099E-07
   4.000      0.3097E-07
   4.100      0.3095E-07
   4.200      0.3092E-07
   4.300      0.3090E-07
   4.400      0.3088E-07
   4.500      0.3085E-07
   4.600      0.3082E-07
   4.700      0.3080E-07
   4.800      0.3077E-07
   4.900      0.3074E-07
   5.000      0.3072E-07
   5.100      0.3069E-07
   5.200      0.3066E-07
   5.300      0.3063E-07
   5.400      0.3060E-07
   5.500      0.3057E-07
   5.600      0.3054E-07
   5.700      0.3051E-07
   5.800      0.3048E-07
   5.900      0.3044E-07
   6.000      0.3041E-07
   6.100      0.3038E-07
   6.200      0.3034E-07
   6.300      0.3031E-07
   6.400      0.3027E-07
   6.500      0.3024E-07
   6.600      0.3020E-07
   6.700      0.3016E-07
   6.800      0.3013E-07
   6.900      0.3009E-07
   7.000      0.3005E-07
   7.100      0.3001E-07
   7.200      0.2997E-07
   7.300      0.2993E-07
   7.400      0.2989E-07
   7.500      0.2985E-07
   7.600      0.2981E-07
   7.700      0.2977E-07
   7.800      0.2973E-07
   7.900      0.2968E-07
   8.000      0.2964E-07
   8.100      0.2960E-07
   8.200      0.2955E-07
   8.300      0.2951E-07
   8.400      0.2946E-07
   8.500      0.2942E-07
   8.600      0.2937E-07
   8.700      0.2932E-07
   8.800      0.2928E-07
   8.900      0.2923E-07
   9.000      0.2918E-07
   9.100      0.2913E-07
   9.200      0.2908E-07
   9.300      0.2904E-07
   9.400      0.2899E-07
   9.500      0.2894E-07
   9.600      0.2888E-07
   9.700      0.2883E-07
   9.800      0.2878E-07
   9.900      0.2873E-07
   10.00      0.2868E-07
   10.10      0.2862E-07
   10.20      0.2857E-07
   10.30      0.2852E-07
   10.40      0.2846E-07
   10.50      0.2841E-07
   10.60      0.2835E-07
   10.70      0.2830E-07
   10.80      0.2824E-07
   10.90      0.2819E-07
   11.00      0.2813E-07
   11.10      0.2807E-07
   11.20      0.2801E-07
   11.30      0.2796E-07
   11.40      0.2790E-07
   11.50      0.2784E-07
   11.60      0.2778E-07
   11.70      0.2772E-07
   11.80      0.2766E-07
   11.90      0.2760E-07
   12.00      0.2754E-07
   12.10      0.2748E-07
   12.20      0.2742E-07
   12.30      0.2736E-07
   12.40      0.2729E-07
   12.50      0.2723E-07
   12.60      0.2717E-07
   12.70      0.2710E-07
   12.80      0.2704E-07
   12.90      0.2698E-07
   13.00      0.2691E-07
   13.10      0.2685E-07
   13.20      0.2678E-07
   13.30      0.2672E-07
   13.40      0.2665E-07
   13.50      0.2659E-07
   13.60      0.2652E-07
   13.70      0.2645E-07
   13.80      0.2639E-07
   13.90      0.2632E-07
   14.00      0.2625E-07
   14.10      0.2618E-07
   14.20      0.2611E-07
   14.30      0.2605E-07
   14.40      0.2598E-07
   14.50      0.2591E-07
   14.60      0.2584E-07
   14.70      0.2577E-07
   14.80      0.2570E-07
   14.90      0.2563E-07
   15.00      0.2556E-07
   15.10      0.2549E-07
   15.20      0.2541E-07
   15.30      0.2534E-07
   15.40      0.2527E-07
   15.50      0.2520E-07
   15.60      0.2513E-07
   15.70      0.2505E-07
   15.80      0.2498E-07
   15.90      0.2491E-07
   16.00      0.2483E-07
   16.10      0.2476E-07
   16.20      0.2469E-07
   16.30      0.2461E-07
   16.40      0.2454E-07
   16.50      0.2446E-07
   16.60      0.2439E-07
   16.70      0.2431E-07
   16.80      0.2424E-07
   16.90      0.2416E-07
   17.00      0.2409E-07
   17.10      0.2401E-07
   17.20      0.2394E-07
   17.30      0.2386E-07
   17.40      0.2378E-07
   17.50      0.2371E-07
   17.60      0.2363E-07
   17.70      0.2355E-07
   17.80      0.2348E-07
   17.90      0.2340E-07
   18.00      0.2332E-07
   18.10      0.2324E-07
   18.20      0.2316E-07
   18.30      0.2309E-07
   18.40      0.2301E-07
   18.50      0.2293E-07
   18.60      0.2285E-07
   18.70      0.2277E-07
   18.80      0.2269E-07
   18.90      0.2261E-07
   19.00      0.2254E-07
   19.10      0.2246E-07
   19.20      0.2238E-07
   19.30      0.2230E-07
   19.40      0.2222E-07
   19.50      0.2214E-07
   19.60      0.2206E-07
   19.70      0.2198E-07
   19.80      0.2190E-07
   19.90      0.2182E-07
   20.00      0.2174E-07
   20.10      0.2166E-07
   20.20      0.2158E-07
   20.30      0.2150E-07
   20.40      0.2142E-07
   20.50      0.2133E-07
   20.60      0.2125E-07
   20.70      0.2117E-07
   20.80      0.2109E-07
   20.90      0.2101E-07
   21.00      0.2093E-07
   21.10      0.2085E-07
   21.20      0.2077E-07
   21.30      0.2069E-07
   21.40      0.2060E-07
   21.50      0.2052E-07
   21.60      0.2044E-07
   21.70      0.2036E-07
   21.80      0.2028E-07
   21.90      0.2020E-07
   22.00      0.2012E-07
   22.10      0.2003E-07
   22.20      0.1995E-07
   22.30      0.1987E-07
   22.40      0.1979E-07
   22.50      0.1971E-07
   22.60      0.1963E-07
   22.70      0.1954E-07
   22.80      0.1946E-07
   22.90      0.1938E-07
   23.00      0.1930E-07
   23.10      0.1922E-07
   23.20      0.1914E-07
   23.30      0.1905E-07
   23.40      0.1897E-07
   23.50      0.1889E-07
   23.60      0.1881E-07
   23.70      0.1873E-07
   23.80      0.1865E-07
   23.90      0.1857E-07
   24.00      0.1848E-07
   24.10      0.1840E-07
   24.20      0.1832E-07
   24.30      0.1824E-07
   24.40      0.1816E-07
   24.50      0.1808E-07
   24.60      0.1800E-07
   24.70      0.1792E-07
   24.80      0.1784E-07
   24.90      0.1775E-07
   25.00      0.1767E-07
   25.10      0.1759E-07
   25.20      0.1751E-07
   25.30      0.1743E-07
   25.40      0.1735E-07
   25.50      0.1727E-07
   25.60      0.1719E-07
   25.70      0.1711E-07
   25.80      0.1703E-07
   25.90      0.1695E-07
   26.00      0.1687E-07
   26.10      0.1679E-07
   26.20      0.1671E-07
   26.30      0.1663E-07
   26.40      0.1655E-07
   26.50      0.1647E-07
   26.60      0.1639E-07
   26.70      0.1631E-07
   26.80      0.1624E-07
   26.90      0.1616E-07
   27.00      0.1608E-07
   27.10      0.1600E-07
   27.20      0.1592E-07
   27.30      0.1584E-07
   27.40      0.1576E-07
   27.50      0.1569E-07
   27.60      0.1561E-07
   27.70      0.1553E-07
   27.80      0.1545E-07
   27.90      0.1538E-07
   28.00      0.1530E-07
   28.10      0.1522E-07
   28.20      0.1515E-07
   28.30      0.1507E-07
   28.40      0.1499E-07
   28.50      0.1492E-07
   28.60      0.1484E-07
   28.70      0.1476E-07
   28.80      0.1469E-07
   28.90      0.1461E-07
   29.00      0.1454E-07
   29.10      0.1446E-07
   29.20      0.1439E-07
   29.30      0.1431E-07
   29.40      0.1424E-07
   29.50      0.1416E-07
   29.60      0.1409E-07
   29.70      0.1401E-07
   29.80      0.1394E-07
   29.90      0.1386E-07
   30.00      0.1379E-07
   30.10      0.1372E-07
   30.20      0.1364E-07
   30.30      0.1357E-07
   30.40      0.1350E-07
   30.50      0.1343E-07
   30.60      0.1335E-07
   30.70      0.1328E-07
   30.80      0.1321E-07
   30.90      0.1314E-07
   31.00      0.1307E-07
   31.10      0.1300E-07
   31.20      0.1292E-07
   31.30      0.1285E-07
   31.40      0.1278E-07
   31.50      0.1271E-07
   31.60      0.1264E-07
   31.70      0.1257E-07
   31.80      0.1250E-07
   31.90      0.1243E-07
   32.00      0.1236E-07
   32.10      0.1229E-07
   32.20      0.1223E-07
   32.30      0.1216E-07
   32.40      0.1209E-07
   32.50      0.1202E-07
   32.60      0.1195E-07
   32.70      0.1189E-07
   32.80      0.1182E-07
   32.90      0.1175E-07
   33.00      0.1168E-07
   33.10      0.1162E-07
   33.20      0.1155E-07
   33.30      0.1148E-07
   33.40      0.1142E-07
   33.50      0.1135E-07
   33.60      0.1129E-07
   33.70      0.1122E-07
   33.80      0.1116E-07
   33.90      0.1109E-07
   34.00      0.1103E-07
   34.10      0.1096E-07
   34.20      0.1090E-07
   34.30      0.1084E-07
   34.40      0.1077E-07
   34.50      0.1071E-07
   34.60      0.1065E-07
   34.70      0.1058E-07
   34.80      0.1052E-07
   34.90      0.1046E-07
   35.00      0.1040E-07
   35.10      0.1034E-07
   35.20      0.1028E-07
   35.30      0.1021E-07
   35.40      0.1015E-07
   35.50      0.1009E-07
   35.60      0.1003E-07
   35.70      0.9973E-08
   35.80      0.9913E-08
   35.90      0.9854E-08
   36.00      0.9795E-08
   36.10      0.9736E-08
   36.20      0.9677E-08
   36.30      0.9619E-08
   36.40      0.9560E-08
   36.50      0.9503E-08
   36.60      0.9445E-08
   36.70      0.9388E-08
   36.80      0.9330E-08
   36.90      0.9274E-08
   37.00      0.9217E-08
   37.10      0.9161E-08
   37.20      0.9105E-08
   37.30      0.9049E-08
   37.40      0.8993E-08
   37.50      0.8938E-08
   37.60      0.8883E-08
   37.70      0.8828E-08
   37.80      0.8774E-08
   37.90      0.8720E-08
   38.00      0.8666E-08
   38.10      0.8612E-08
   38.20      0.8559E-08
   38.30      0.8505E-08
   38.40      0.8453E-08
   38.50      0.8400E-08
   38.60      0.8348E-08
   38.70      0.8295E-08
   38.80      0.8244E-08
   38.90      0.8192E-08
   39.00      0.8141E-08
   39.10      0.8090E-08
   39.20      0.8039E-08
   39.30      0.7988E-08
   39.40      0.7938E-08
   39.50      0.7888E-08
   39.60      0.7838E-08
   39.70      0.7789E-08
   39.80      0.7739E-08
   39.90      0.7691E-08
   40.00      0.7642E-08
   40.10      0.7593E-08
   40.20      0.7545E-08
   40.30      0.7497E-08
   40.40      0.7449E-08
   40.50      0.7402E-08
   40.60      0.7355E-08
   40.70      0.7308E-08
   40.80      0.7261E-08
   40.90      0.7215E-08
   41.00      0.7168E-08
   41.10      0.7123E-08
   41.20      0.7077E-08
   41.30      0.7031E-08
   41.40      0.6986E-08
   41.50      0.6941E-08
   41.60      0.6897E-08
   41.70      0.6852E-08
   41.80      0.6808E-08
   41.90      0.6764E-08
   42.00      0.6720E-08
   42.10      0.6677E-08
   42.20      0.6634E-08
   42.30      0.6591E-08
   42.40      0.6548E-08
   42.50      0.6505E-08
   42.60      0.6463E-08
   42.70      0.6421E-08
   42.80      0.6379E-08
   42.90      0.6338E-08
   43.00      0.6296E-08
   43.10      0.6255E-08
   43.20      0.6214E-08
   43.30      0.6174E-08
   43.40      0.6133E-08
   43.50      0.6093E-08
   43.60      0.6053E-08
   43.70      0.6014E-08
   43.80      0.5974E-08
   43.90      0.5935E-08
   44.00      0.5896E-08
   44.10      0.5857E-08
   44.20      0.5819E-08
   44.30      0.5780E-08
   44.40      0.5742E-08
   44.50      0.5704E-08
   44.60      0.5667E-08
   44.70      0.5629E-08
   44.80      0.5592E-08
   44.90      0.5555E-08
   45.00      0.5518E-08
   45.10      0.5482E-08
   45.20      0.5445E-08
   45.30      0.5409E-08
   45.40      0.5373E-08
   45.50      0.5338E-08
   45.60      0.5302E-08
   45.70      0.5267E-08
   45.80      0.5232E-08
   45.90      0.5197E-08
   46.00      0.5162E-08
   46.10      0.5128E-08
   46.20      0.5094E-08
   46.30      0.5060E-08
   46.40      0.5026E-08
   46.50      0.4992E-08
   46.60      0.4959E-08
   46.70      0.4925E-08
   46.80      0.4892E-08
   46.90      0.4860E-08
   47.00      0.4827E-08
   47.10      0.4795E-08
   47.20      0.4762E-08
   47.30      0.4730E-08
   47.40      0.4699E-08
   47.50      0.4667E-08
   47.60      0.4635E-08
   47.70      0.4604E-08
   47.80      0.4573E-08
   47.90      0.4542E-08
   48.00      0.4512E-08
   48.10      0.4481E-08
   48.20      0.4451E-08
   48.30      0.4421E-08
   48.40      0.4391E-08
   48.50      0.4361E-08
   48.60      0.4331E-08
   48.70      0.4302E-08
   48.80      0.4273E-08
   48.90      0.4244E-08
   49.00      0.4215E-08
   49.10      0.4186E-08
   49.20      0.4158E-08
   49.30      0.4130E-08
   49.40      0.4101E-08
   49.50      0.4073E-08
   49.60      0.4046E-08
   49.70      0.4018E-08
   49.80      0.3991E-08
   49.90      0.3963E-08
   50.00      0.3936E-08
   50.10      0.3909E-08
   50.20      0.3883E-08
   50.30      0.3856E-08
   50.40      0.3830E-08
   50.50      0.3803E-08
   50.60      0.3777E-08
   50.70      0.3751E-08
   50.80      0.3725E-08
   50.90      0.3700E-08
   51.00      0.3674E-08
   51.10      0.3649E-08
   51.20      0.3624E-08
   51.30      0.3599E-08
   51.40      0.3574E-08
   51.50      0.3550E-08
   51.60      0.3525E-08
   51.70      0.3501E-08
   51.80      0.3477E-08
   51.90      0.3452E-08
   52.00      0.3429E-08
   52.10      0.3405E-08
   52.20      0.3381E-08
   52.30      0.3358E-08
   52.40      0.3335E-08
   52.50      0.3311E-08
   52.60      0.3288E-08
   52.70      0.3266E-08
   52.80      0.3243E-08
   52.90      0.3220E-08
   53.00      0.3198E-08
   53.10      0.3176E-08
   53.20      0.3154E-08
   53.30      0.3132E-08
   53.40      0.3110E-08
   53.50      0.3088E-08
   53.60      0.3067E-08
   53.70      0.3045E-08
   53.80      0.3024E-08
   53.90      0.3003E-08
   54.00      0.2982E-08
   54.10      0.2961E-08
   54.20      0.2940E-08
   54.30      0.2920E-08
   54.40      0.2899E-08
   54.50      0.2879E-08
   54.60      0.2859E-08
   54.70      0.2838E-08
   54.80      0.2819E-08
   54.90      0.2799E-08
   55.00      0.2779E-08
   55.10      0.2760E-08
   55.20      0.2740E-08
   55.30      0.2721E-08
   55.40      0.2702E-08
   55.50      0.2683E-08
   55.60      0.2664E-08
   55.70      0.2645E-08
   55.80      0.2626E-08
   55.90      0.2608E-08
   56.00      0.2589E-08
   56.10      0.2571E-08
   56.20      0.2553E-08
   56.30      0.2535E-08
   56.40      0.2517E-08
   56.50      0.2499E-08
   56.60      0.2481E-08
   56.70      0.2464E-08
   56.80      0.2446E-08
   56.90      0.2429E-08
   57.00      0.2412E-08
   57.10      0.2395E-08
   57.20      0.2378E-08
   57.30      0.2361E-08
   57.40      0.2344E-08
   57.50      0.2327E-08
   57.60      0.2311E-08
   57.70      0.2294E-08
   57.80      0.2278E-08
   57.90      0.2262E-08
   58.00      0.2246E-08
   58.10      0.2230E-08
   58.20      0.2214E-08
   58.30      0.2198E-08
   58.40      0.2183E-08
   58.50      0.2167E-08
   58.60      0.2152E-08
   58.70      0.2136E-08
   58.80      0.2121E-08
   58.90      0.2106E-08
   59.00      0.2091E-08
   59.10      0.2076E-08
   59.20      0.2061E-08
   59.30      0.2046E-08
   59.40      0.2032E-08
   59.50      0.2017E-08
   59.60      0.2003E-08
   59.70      0.1989E-08
   59.80      0.1975E-08
   59.90      0.1960E-08
   60.00      0.1946E-08
   60.10      0.1933E-08
   60.20      0.1919E-08
   60.30      0.1905E-08
   60.40      0.1892E-08
   60.50      0.1878E-08
   60.60      0.1865E-08
   60.70      0.1851E-08
   60.80      0.1838E-08
   60.90      0.1825E-08
   61.00      0.1812E-08
   61.10      0.1799E-08
   61.20      0.1786E-08
   61.30      0.1774E-08
   61.40      0.1761E-08
   61.50      0.1748E-08
   61.60      0.1736E-08
   61.70      0.1724E-08
   61.80      0.1711E-08
   61.90      0.1699E-08
   62.00      0.1687E-08
   62.10      0.1675E-08
   62.20      0.1663E-08
   62.30      0.1651E-08
   62.40      0.1640E-08
   62.50      0.1628E-08
   62.60      0.1616E-08
   62.70      0.1605E-08
   62.80      0.1594E-08
   62.90      0.1582E-08
   63.00      0.1571E-08
   63.10      0.1560E-08
   63.20      0.1549E-08
   63.30      0.1538E-08
   63.40      0.1527E-08
   63.50      0.1516E-08
   63.60      0.1506E-08
   63.70      0.1495E-08
   63.80      0.1484E-08
   63.90      0.1474E-08
   64.00      0.1464E-08
   64.10      0.1453E-08
   64.20      0.1443E-08
   64.30      0.1433E-08
   64.40      0.1423E-08
   64.50      0.1413E-08
   64.60      0.1403E-08
   64.70      0.1393E-08
   64.80      0.1384E-08
   64.90      0.1374E-08
   65.00      0.1364E-08
   65.10      0.1355E-08
   65.20      0.1345E-08
   65.30      0.1336E-08
   65.40      0.1327E-08
   65.50      0.1318E-08
   65.60      0.1309E-08
   65.70      0.1300E-08
   65.80      0.1291E-08
   65.90      0.1282E-08
   66.00      0.1273E-08
   66.10      0.1264E-08
   66.20      0.1255E-08
   66.30      0.1247E-08
   66.40      0.1238E-08
   66.50      0.1230E-08
   66.60      0.1221E-08
   66.70      0.1213E-08
   66.80      0.1205E-08
   66.90      0.1197E-08
   67.00      0.1189E-08
   67.10      0.1181E-08
   67.20      0.1173E-08
   67.30      0.1165E-08
   67.40      0.1157E-08
   67.50      0.1149E-08
   67.60      0.1141E-08
   67.70      0.1134E-08
   67.80      0.1126E-08
   67.90      0.1119E-08
   68.00      0.1111E-08
   68.10      0.1104E-08
   68.20      0.1097E-08
   68.30      0.1089E-08
   68.40      0.1082E-08
   68.50      0.1075E-08
   68.60      0.1068E-08
   68.70      0.1061E-08
   68.80      0.1054E-08
   68.90      0.1047E-08
   69.00      0.1040E-08
   69.10      0.1034E-08
   69.20      0.1027E-08
   69.30      0.1020E-08
   69.40      0.1014E-08
   69.50      0.1007E-08
   69.60      0.1001E-08
   69.70      0.9944E-09
   69.80      0.9881E-09
   69.90      0.9818E-09
   70.00      0.9756E-09
 END
