# Fusion cross sections for ELAB=  12.000, ECM=  11.583
     0.0   8.523       8.523      0.4289E-09
     1.0   76.70       76.70      0.5571E-08
     2.0   127.8       127.8      0.8633E-08
     3.0   178.9       178.9      0.9401E-08
     4.0   229.9       229.9      0.6722E-08
     5.0   280.9       280.9      0.2918E-08
     6.0   331.8       331.8      0.1222E-08
     7.0   382.6       382.6      0.5014E-10
     8.0   433.2       433.2      0.1762E-11
     9.0   483.8       483.8      0.1137E-12
    10.0   534.2       534.2       0.000    
    11.0   584.5       584.5       0.000    
    12.0   634.5       634.5       0.000    
    13.0   684.4       684.4       0.000    
    14.0   734.1       734.1       0.000    
    15.0   783.5       783.5       0.000    
    16.0   832.6       832.6       0.000    
    17.0   881.5       881.5       0.000    
    18.0   930.0       930.0       0.000    
    19.0   978.2       978.2       0.000    
    20.0   1026.       1026.       0.000    
 &
