# Fusion cross sections for ELAB=  12.000, ECM=  11.583
     0.0   8.523     -1
     1.0   51.13      1
     1.0   76.70     -1
     2.0   42.61      1
     2.0   127.8     -1
     3.0   119.3      1
     3.0   178.9     -1
     4.0   76.64      1
     4.0   229.9     -1
     5.0   187.2      1
     5.0   280.9     -1
     6.0   110.6      1
     6.0   331.8     -1
     7.0   255.0      1
     7.0   382.6     -1
     8.0   144.4      1
     8.0   433.2     -1
     9.0   322.5      1
     9.0   483.8     -1
    10.0   178.1      1
    10.0   534.2     -1
    11.0   389.6      1
    11.0   584.5     -1
    12.0   211.5      1
    12.0   634.5     -1
    13.0   456.3      1
    13.0   684.4     -1
    14.0   244.7      1
    14.0   734.1     -1
    15.0   522.3      1
    15.0   783.5     -1
    16.0   277.6      1
    16.0   832.6     -1
    17.0   587.6      1
    17.0   881.5     -1
    18.0   310.0      1
    18.0   930.0     -1
    19.0   652.1      1
    19.0   978.2     -1
    20.0   342.0      1
    20.0   1026.     -1
 &
