# Fusion cross sections for ELAB=  12.000, ECM=  11.583
     0.0   9.635       9.671      0.3608E-01
     1.0   85.69       86.15      0.4626    
     2.0   142.8       143.5      0.6524    
     3.0   195.7       196.6      0.9682    
     4.0   241.5       243.5       2.009    
     5.0   259.3       262.1       2.854    
     6.0   232.1       235.2       3.031    
     7.0   159.5       161.4       1.841    
     8.0   80.33       81.02      0.6932    
     9.0   28.80       29.01      0.2110    
    10.0   8.877       8.937      0.5967E-01
    11.0   2.643       2.660      0.1668E-01
    12.0  0.7871      0.7918      0.4658E-02
    13.0  0.2344      0.2357      0.1301E-02
    14.0  0.6961E-01  0.6997E-01  0.3634E-03
    15.0  0.2057E-01  0.2067E-01  0.1015E-03
    16.0  0.6044E-02  0.6072E-02  0.2833E-04
    17.0  0.1767E-02  0.1775E-02  0.7911E-05
    18.0  0.5141E-03  0.5163E-03  0.2210E-05
    19.0  0.1489E-03  0.1495E-03  0.6175E-06
    20.0  0.4295E-04  0.4313E-04  0.1725E-06
 &
