           2           1           1
    0.0-     1 1   9.671       0.000      0.3608E-01   9.635    
    1.0+     0 1   28.68       0.000      0.1734       28.51    
    1.0+     2 2   28.46       0.000      0.1821       28.27    
    1.0-     1 1   29.01       0.000      0.1071       28.91    
    2.0+     2 1   47.43       0.000      0.2540       47.17    
    2.0-     1 1   48.36       0.000      0.1620       48.19    
    2.0-     3 2   47.69       0.000      0.2364       47.46    
    3.0+     2 1   66.40       0.000      0.2925       66.11    
    3.0+     4 2   63.45       0.000      0.2804       63.17    
    3.0-     3 1   66.77       0.000      0.3953       66.38    
    4.0+     4 1   81.58       0.000      0.4225       81.15    
    4.0-     3 1   85.85       0.000      0.5958       85.25    
    4.0-     5 2   76.12       0.000      0.9902       75.13    
    5.0+     4 1   99.71       0.000      0.7278       98.98    
    5.0+     6 2   69.38       0.000       1.092       68.29    
    5.0-     5 1   93.04       0.000       1.034       92.00    
    6.0+     6 1   81.99       0.000      0.9804       81.01    
    6.0-     5 1   110.0       0.000       1.003       108.9    
    6.0-     7 2   43.22       0.000       1.048       42.17    
    7.0+     6 1   94.61       0.000      0.6245       93.98    
    7.0+     8 2   16.87       0.000      0.3828       16.49    
    7.0-     7 1   49.87       0.000      0.8335       49.04    
    8.0+     8 1   19.12       0.000      0.2987       18.82    
    8.0-     7 1   56.52       0.000      0.2812       56.24    
    8.0-     9 2   5.378       0.000      0.1133       5.265    
    9.0+     8 1   21.37       0.000      0.9160E-01   21.28    
    9.0+    10 2   1.630       0.000      0.3237E-01   1.597    
    9.0-     9 1   6.011       0.000      0.8699E-01   5.924    
   10.0+    10 1   1.801       0.000      0.2446E-01   1.777    
   10.0-     9 1   6.644       0.000      0.2597E-01   6.618    
   10.0-    11 2  0.4921       0.000      0.9240E-02  0.4829    
   11.0+    10 1   1.973       0.000      0.7165E-02   1.966    
   11.0+    12 2  0.1485       0.000      0.2636E-02  0.1458    
   11.0-    11 1  0.5390       0.000      0.6874E-02  0.5321    
   12.0+    12 1  0.1614       0.000      0.1933E-02  0.1594    
   12.0-    11 1  0.5858       0.000      0.1975E-02  0.5839    
   12.0-    13 2  0.4459E-01   0.000      0.7505E-03  0.4384E-01
   13.0+    12 1  0.1743       0.000      0.5449E-03  0.1737    
   13.0+    14 2  0.1331E-01   0.000      0.2131E-03  0.1310E-01
   13.0-    13 1  0.4816E-01   0.000      0.5434E-03  0.4761E-01
   14.0+    14 1  0.1430E-01   0.000      0.1526E-03  0.1414E-01
   14.0-    13 1  0.5172E-01   0.000      0.1505E-03  0.5157E-01
   14.0-    15 2  0.3948E-02   0.000      0.6034E-04  0.3888E-02
   15.0+    14 1  0.1528E-01   0.000      0.4156E-04  0.1524E-01
   15.0+    16 2  0.1164E-02   0.000      0.1705E-04  0.1147E-02
   15.0-    15 1  0.4220E-02   0.000      0.4286E-04  0.4178E-02
   16.0+    16 1  0.1239E-02   0.000      0.1203E-04  0.1227E-02
   16.0-    15 1  0.4493E-02   0.000      0.1149E-04  0.4481E-02
   16.0-    17 2  0.3410E-03   0.000      0.4811E-05  0.3362E-03
   17.0+    16 1  0.1314E-02   0.000      0.3180E-05  0.1311E-02
   17.0+    18 2  0.9942E-04   0.000      0.1356E-05  0.9806E-04
   17.0-    17 1  0.3617E-03   0.000      0.3375E-05  0.3583E-03
   18.0+    18 1  0.1051E-03   0.000      0.9466E-06  0.1042E-03
   18.0-    17 1  0.3824E-03   0.000      0.8814E-06  0.3815E-03
   18.0-    19 2  0.2885E-04   0.000      0.3820E-06  0.2846E-04
   19.0+    18 1  0.1108E-03   0.000      0.2446E-06  0.1105E-03
   19.0+    20 2  0.8335E-05   0.000      0.1075E-06  0.8227E-05
   19.0-    19 1  0.3041E-04   0.000      0.2654E-06  0.3014E-04
   20.0+    20 1  0.8762E-05   0.000      0.7436E-07  0.8688E-05
   20.0-    19 1  0.3197E-04   0.000      0.6792E-07  0.3190E-04
   20.0-    21 2  0.2399E-05   0.000      0.3024E-07  0.2369E-05
