# 361 angles,  1 tensor ranks for 0=projectile
@subtitle   "56Fe(d,p)57Fe @ Ed=12 MeV DWBA"                                                
@legend ON
@legend x1 0.2
@legend y1 0.8
@g0 type LOGY
@yaxis ticklabel format power
@legend string   0 "Lab energy =   12.0000"
#legend string   0 "Partition=  2 Excit=  1 near/far= 1"
#  Theta       sigma       iT11        T20         T21         T22         Kyy for projectile
   0.000       5.367    
  0.5000       5.397    
   1.000       5.487    
   1.500       5.636    
   2.000       5.841    
   2.500       6.099    
   3.000       6.407    
   3.500       6.761    
   4.000       7.154    
   4.500       7.582    
   5.000       8.039    
   5.500       8.517    
   6.000       9.010    
   6.500       9.512    
   7.000       10.01    
   7.500       10.51    
   8.000       10.99    
   8.500       11.46    
   9.000       11.90    
   9.500       12.31    
   10.00       12.68    
   10.50       13.00    
   11.00       13.29    
   11.50       13.52    
   12.00       13.70    
   12.50       13.82    
   13.00       13.89    
   13.50       13.90    
   14.00       13.86    
   14.50       13.76    
   15.00       13.60    
   15.50       13.39    
   16.00       13.13    
   16.50       12.82    
   17.00       12.47    
   17.50       12.08    
   18.00       11.65    
   18.50       11.19    
   19.00       10.71    
   19.50       10.20    
   20.00       9.676    
   20.50       9.141    
   21.00       8.600    
   21.50       8.056    
   22.00       7.516    
   22.50       6.982    
   23.00       6.459    
   23.50       5.951    
   24.00       5.462    
   24.50       4.994    
   25.00       4.549    
   25.50       4.131    
   26.00       3.741    
   26.50       3.381    
   27.00       3.051    
   27.50       2.753    
   28.00       2.485    
   28.50       2.250    
   29.00       2.045    
   29.50       1.870    
   30.00       1.724    
   30.50       1.607    
   31.00       1.516    
   31.50       1.449    
   32.00       1.406    
   32.50       1.383    
   33.00       1.380    
   33.50       1.393    
   34.00       1.421    
   34.50       1.462    
   35.00       1.513    
   35.50       1.572    
   36.00       1.638    
   36.50       1.709    
   37.00       1.782    
   37.50       1.856    
   38.00       1.930    
   38.50       2.002    
   39.00       2.070    
   39.50       2.134    
   40.00       2.193    
   40.50       2.246    
   41.00       2.292    
   41.50       2.330    
   42.00       2.361    
   42.50       2.383    
   43.00       2.398    
   43.50       2.404    
   44.00       2.402    
   44.50       2.392    
   45.00       2.374    
   45.50       2.349    
   46.00       2.317    
   46.50       2.279    
   47.00       2.235    
   47.50       2.186    
   48.00       2.131    
   48.50       2.073    
   49.00       2.011    
   49.50       1.946    
   50.00       1.879    
   50.50       1.810    
   51.00       1.740    
   51.50       1.670    
   52.00       1.599    
   52.50       1.529    
   53.00       1.460    
   53.50       1.392    
   54.00       1.325    
   54.50       1.261    
   55.00       1.199    
   55.50       1.139    
   56.00       1.083    
   56.50       1.029    
   57.00      0.9775    
   57.50      0.9295    
   58.00      0.8846    
   58.50      0.8428    
   59.00      0.8041    
   59.50      0.7684    
   60.00      0.7357    
   60.50      0.7058    
   61.00      0.6787    
   61.50      0.6542    
   62.00      0.6321    
   62.50      0.6124    
   63.00      0.5947    
   63.50      0.5790    
   64.00      0.5652    
   64.50      0.5529    
   65.00      0.5420    
   65.50      0.5324    
   66.00      0.5239    
   66.50      0.5163    
   67.00      0.5095    
   67.50      0.5033    
   68.00      0.4976    
   68.50      0.4923    
   69.00      0.4873    
   69.50      0.4823    
   70.00      0.4775    
   70.50      0.4726    
   71.00      0.4676    
   71.50      0.4625    
   72.00      0.4572    
   72.50      0.4517    
   73.00      0.4459    
   73.50      0.4399    
   74.00      0.4336    
   74.50      0.4270    
   75.00      0.4202    
   75.50      0.4131    
   76.00      0.4059    
   76.50      0.3984    
   77.00      0.3908    
   77.50      0.3831    
   78.00      0.3753    
   78.50      0.3675    
   79.00      0.3597    
   79.50      0.3520    
   80.00      0.3443    
   80.50      0.3368    
   81.00      0.3295    
   81.50      0.3223    
   82.00      0.3154    
   82.50      0.3088    
   83.00      0.3026    
   83.50      0.2966    
   84.00      0.2910    
   84.50      0.2858    
   85.00      0.2810    
   85.50      0.2766    
   86.00      0.2726    
   86.50      0.2690    
   87.00      0.2658    
   87.50      0.2631    
   88.00      0.2607    
   88.50      0.2587    
   89.00      0.2572    
   89.50      0.2559    
   90.00      0.2551    
   90.50      0.2545    
   91.00      0.2543    
   91.50      0.2543    
   92.00      0.2545    
   92.50      0.2550    
   93.00      0.2556    
   93.50      0.2564    
   94.00      0.2573    
   94.50      0.2583    
   95.00      0.2594    
   95.50      0.2605    
   96.00      0.2616    
   96.50      0.2626    
   97.00      0.2636    
   97.50      0.2645    
   98.00      0.2653    
   98.50      0.2659    
   99.00      0.2664    
   99.50      0.2667    
   100.0      0.2668    
   100.5      0.2666    
   101.0      0.2662    
   101.5      0.2656    
   102.0      0.2647    
   102.5      0.2636    
   103.0      0.2621    
   103.5      0.2604    
   104.0      0.2584    
   104.5      0.2561    
   105.0      0.2535    
   105.5      0.2507    
   106.0      0.2476    
   106.5      0.2442    
   107.0      0.2405    
   107.5      0.2366    
   108.0      0.2325    
   108.5      0.2282    
   109.0      0.2236    
   109.5      0.2189    
   110.0      0.2139    
   110.5      0.2088    
   111.0      0.2036    
   111.5      0.1982    
   112.0      0.1928    
   112.5      0.1872    
   113.0      0.1816    
   113.5      0.1759    
   114.0      0.1702    
   114.5      0.1645    
   115.0      0.1588    
   115.5      0.1532    
   116.0      0.1475    
   116.5      0.1419    
   117.0      0.1364    
   117.5      0.1310    
   118.0      0.1257    
   118.5      0.1206    
   119.0      0.1155    
   119.5      0.1106    
   120.0      0.1059    
   120.5      0.1013    
   121.0      0.9691E-01
   121.5      0.9270E-01
   122.0      0.8869E-01
   122.5      0.8489E-01
   123.0      0.8129E-01
   123.5      0.7791E-01
   124.0      0.7474E-01
   124.5      0.7180E-01
   125.0      0.6907E-01
   125.5      0.6657E-01
   126.0      0.6429E-01
   126.5      0.6223E-01
   127.0      0.6039E-01
   127.5      0.5877E-01
   128.0      0.5737E-01
   128.5      0.5617E-01
   129.0      0.5519E-01
   129.5      0.5440E-01
   130.0      0.5381E-01
   130.5      0.5341E-01
   131.0      0.5319E-01
   131.5      0.5315E-01
   132.0      0.5327E-01
   132.5      0.5356E-01
   133.0      0.5400E-01
   133.5      0.5458E-01
   134.0      0.5529E-01
   134.5      0.5613E-01
   135.0      0.5709E-01
   135.5      0.5816E-01
   136.0      0.5933E-01
   136.5      0.6059E-01
   137.0      0.6193E-01
   137.5      0.6334E-01
   138.0      0.6482E-01
   138.5      0.6635E-01
   139.0      0.6793E-01
   139.5      0.6955E-01
   140.0      0.7120E-01
   140.5      0.7287E-01
   141.0      0.7457E-01
   141.5      0.7627E-01
   142.0      0.7797E-01
   142.5      0.7967E-01
   143.0      0.8136E-01
   143.5      0.8304E-01
   144.0      0.8469E-01
   144.5      0.8632E-01
   145.0      0.8792E-01
   145.5      0.8948E-01
   146.0      0.9101E-01
   146.5      0.9249E-01
   147.0      0.9392E-01
   147.5      0.9531E-01
   148.0      0.9665E-01
   148.5      0.9793E-01
   149.0      0.9916E-01
   149.5      0.1003    
   150.0      0.1014    
   150.5      0.1025    
   151.0      0.1035    
   151.5      0.1044    
   152.0      0.1053    
   152.5      0.1061    
   153.0      0.1069    
   153.5      0.1076    
   154.0      0.1083    
   154.5      0.1088    
   155.0      0.1094    
   155.5      0.1099    
   156.0      0.1103    
   156.5      0.1107    
   157.0      0.1110    
   157.5      0.1113    
   158.0      0.1116    
   158.5      0.1118    
   159.0      0.1120    
   159.5      0.1121    
   160.0      0.1122    
   160.5      0.1123    
   161.0      0.1123    
   161.5      0.1123    
   162.0      0.1123    
   162.5      0.1123    
   163.0      0.1122    
   163.5      0.1122    
   164.0      0.1121    
   164.5      0.1120    
   165.0      0.1119    
   165.5      0.1117    
   166.0      0.1116    
   166.5      0.1114    
   167.0      0.1113    
   167.5      0.1111    
   168.0      0.1110    
   168.5      0.1108    
   169.0      0.1106    
   169.5      0.1105    
   170.0      0.1103    
   170.5      0.1101    
   171.0      0.1100    
   171.5      0.1098    
   172.0      0.1097    
   172.5      0.1095    
   173.0      0.1094    
   173.5      0.1093    
   174.0      0.1091    
   174.5      0.1090    
   175.0      0.1089    
   175.5      0.1088    
   176.0      0.1087    
   176.5      0.1087    
   177.0      0.1086    
   177.5      0.1085    
   178.0      0.1085    
   178.5      0.1085    
   179.0      0.1084    
   179.5      0.1084    
   180.0      0.1084    
 END
