# 572  0.2100   32.0000 = NLN,RINTP,ELAB
   0.000    0.000000    0.000000
   0.210    5.297635    3.725836
   0.420    5.365839    4.785915
   0.630    3.577983    6.289668
   0.840   -0.269022    7.203958
   1.050   -5.491369    5.735298
   1.260   -8.652140    3.353752
   1.470  -10.032562   -1.328920
   1.680   -8.391710   -5.986434
   1.890   -5.262286   -8.485984
   2.100   -2.707150   -8.670394
   2.310   -1.581176   -7.792851
   2.520   -1.518318   -7.074155
   2.730   -1.716946   -6.930014
   2.940   -1.616211   -7.222991
   3.150   -1.014928   -7.593986
   3.360   -0.013391   -7.700259
   3.570    1.126440   -7.386391
   3.780    2.147558   -6.683737
   3.990    2.909932   -5.736203
   4.200    3.373757   -4.705461
   4.410    3.571247   -3.709057
   4.620    3.563955   -2.817105
   4.830    3.408374   -2.058739
   5.040    3.153884   -1.438476
   5.250    2.839117   -0.948259
   5.460    2.494474   -0.574585
   5.670    2.144518   -0.300447
   5.880    1.808154   -0.108565
   6.090    1.498683    0.018329
   6.300    1.224219    0.095830
   6.510    0.988157    0.137578
   6.720    0.790254    0.154599
   6.930    0.627754    0.155563
   7.140    0.496481    0.146885
   7.350    0.391673    0.133067
   7.560    0.308674    0.117136
   7.770    0.243248    0.100955
   7.980    0.191769    0.085639
   8.190    0.151278    0.071699
   8.400    0.119390    0.059380
   8.610    0.094273    0.048676
   8.820    0.074465    0.039520
   9.030    0.058864    0.031779
   9.240    0.046585    0.025308
   9.450    0.036935    0.019968
   9.660    0.029356    0.015621
   9.870    0.023404    0.012127
  10.080    0.018715    0.009367
  10.290    0.015009    0.007210
  10.500    0.012058    0.005557
  10.710    0.009704    0.004287
  10.920    0.007822    0.003333
  11.130    0.006295    0.002602
  11.340    0.005078    0.002055
  11.550    0.004071    0.001602
  11.760    0.003244    0.001285
  11.970    0.002526    0.001045
  12.180    0.001940    0.000841
  12.390    0.001484    0.000751
  12.600    0.001073    0.000579
  12.810    0.000777    0.000543
  13.020    0.000590    0.000361
  13.230    0.000176    0.000209
  13.440    0.000180    0.000264
  13.650   -0.000073   -0.000117
  13.860   -0.000685    0.000767
  14.070    0.000870   -0.000277
  14.280   -0.000610   -0.000061
  14.490   -0.000040    0.000700
  14.700    0.000864   -0.000796
  14.910   -0.000185   -0.000226
  15.120    0.000373   -0.000558
  15.330    0.000361   -0.000720
  15.540   -0.000206   -0.000768
  15.750   -0.000216   -0.000575
  15.960    0.000053   -0.000554
  16.170   -0.000805   -0.000291
  16.380   -0.000118   -0.000066
  16.590   -0.000600    0.000178
  16.800   -0.000064    0.000352
  17.010   -0.000312    0.000342
  17.220    0.000016    0.000503
  17.430   -0.000024    0.000333
  17.640    0.000031    0.000394
  17.850    0.000086    0.000273
  18.060    0.000032    0.000226
  18.270    0.000079    0.000172
  18.480    0.000050    0.000108
  18.690    0.000049    0.000090
  18.900    0.000016    0.000041
  19.110    0.000052    0.000029
  19.320   -0.000003    0.000006
  19.530    0.000032    0.000009
  19.740    0.000011   -0.000016
  19.950    0.000011   -0.000002
  20.160    0.000013   -0.000020
  20.370    0.000004   -0.000007
  20.580    0.000011   -0.000018
  20.790    0.000004   -0.000009
  21.000    0.000007   -0.000014
  21.210    0.000004   -0.000011
  21.420    0.000003   -0.000010
  21.630    0.000003   -0.000011
  21.840    0.000000   -0.000008
  22.050    0.000002   -0.000008
  22.260    0.000001   -0.000009
  22.470   -0.000002   -0.000008
  22.680   -0.000000   -0.000005
  22.890   -0.000000   -0.000007
  23.100   -0.000002   -0.000006
  23.310   -0.000003   -0.000004
  23.520   -0.000002   -0.000005
  23.730   -0.000004   -0.000004
  23.940   -0.000002   -0.000004
  24.150   -0.000004   -0.000004
  24.360   -0.000003   -0.000003
  24.570   -0.000004   -0.000004
  24.780   -0.000004   -0.000003
  24.990   -0.000004   -0.000003
  25.200   -0.000004   -0.000003
  25.410   -0.000004   -0.000002
  25.620   -0.000004   -0.000002
  25.830   -0.000005   -0.000002
  26.040   -0.000005   -0.000002
  26.250   -0.000005   -0.000002
  26.460   -0.000005   -0.000002
  26.670   -0.000005   -0.000001
  26.880   -0.000005   -0.000001
  27.090   -0.000005   -0.000001
  27.300   -0.000005   -0.000001
  27.510   -0.000005   -0.000001
  27.720   -0.000005   -0.000001
  27.930   -0.000005   -0.000001
  28.140   -0.000005   -0.000001
  28.350   -0.000005   -0.000000
  28.560   -0.000005   -0.000000
  28.770   -0.000005   -0.000000
  28.980   -0.000005   -0.000000
  29.190   -0.000005    0.000000
  29.400   -0.000005    0.000000
  29.610   -0.000005    0.000000
  29.820   -0.000004    0.000000
  30.030   -0.000004    0.000000
  30.240   -0.000004    0.000001
  30.450   -0.000004    0.000001
  30.660   -0.000004    0.000001
  30.870   -0.000004    0.000001
  31.080   -0.000004    0.000001
  31.290   -0.000004    0.000001
  31.500   -0.000004    0.000001
  31.710   -0.000004    0.000001
  31.920   -0.000004    0.000001
  32.130   -0.000004    0.000001
  32.340   -0.000004    0.000001
  32.550   -0.000004    0.000001
  32.760   -0.000004    0.000001
  32.970   -0.000003    0.000001
  33.180   -0.000003    0.000001
  33.390   -0.000003    0.000002
  33.600   -0.000003    0.000002
  33.810   -0.000003    0.000002
  34.020   -0.000003    0.000002
  34.230   -0.000003    0.000002
  34.440   -0.000003    0.000002
  34.650   -0.000003    0.000002
  34.860   -0.000003    0.000002
  35.070   -0.000003    0.000002
  35.280   -0.000003    0.000002
  35.490   -0.000002    0.000002
  35.700   -0.000002    0.000002
  35.910   -0.000002    0.000002
  36.120   -0.000002    0.000002
  36.330   -0.000002    0.000002
  36.540   -0.000002    0.000002
  36.750   -0.000002    0.000002
  36.960   -0.000002    0.000002
  37.170   -0.000002    0.000002
  37.380   -0.000002    0.000002
  37.590   -0.000002    0.000002
  37.800   -0.000002    0.000002
  38.010   -0.000002    0.000002
  38.220   -0.000001    0.000002
  38.430   -0.000001    0.000002
  38.640   -0.000001    0.000002
  38.850   -0.000001    0.000002
  39.060   -0.000001    0.000002
  39.270   -0.000001    0.000002
  39.480   -0.000001    0.000002
  39.690   -0.000001    0.000002
  39.900   -0.000001    0.000002
  40.110   -0.000001    0.000002
  40.320   -0.000001    0.000002
  40.530   -0.000001    0.000002
  40.740   -0.000001    0.000002
  40.950   -0.000001    0.000002
  41.160   -0.000000    0.000002
  41.370   -0.000000    0.000002
  41.580   -0.000000    0.000002
  41.790   -0.000000    0.000002
  42.000   -0.000000    0.000002
  42.210   -0.000000    0.000002
  42.420   -0.000000    0.000002
  42.630   -0.000000    0.000002
  42.840   -0.000000    0.000002
  43.050   -0.000000    0.000002
  43.260   -0.000000    0.000002
  43.470    0.000000    0.000002
  43.680    0.000000    0.000002
  43.890    0.000000    0.000002
  44.100    0.000000    0.000002
  44.310    0.000000    0.000002
  44.520    0.000000    0.000002
  44.730    0.000000    0.000002
  44.940    0.000000    0.000002
  45.150    0.000000    0.000002
  45.360    0.000000    0.000002
  45.570    0.000000    0.000002
  45.780    0.000001    0.000002
  45.990    0.000001    0.000002
  46.200    0.000001    0.000001
  46.410    0.000001    0.000001
  46.620    0.000001    0.000001
  46.830    0.000001    0.000001
  47.040    0.000001    0.000001
  47.250    0.000001    0.000001
  47.460    0.000001    0.000001
  47.670    0.000001    0.000001
  47.880    0.000001    0.000001
  48.090    0.000001    0.000001
  48.300    0.000001    0.000001
  48.510    0.000001    0.000001
  48.720    0.000001    0.000001
  48.930    0.000001    0.000001
  49.140    0.000001    0.000001
  49.350    0.000001    0.000001
  49.560    0.000001    0.000001
  49.770    0.000001    0.000001
  49.980    0.000001    0.000001
  50.190    0.000001    0.000001
  50.400    0.000001    0.000001
  50.610    0.000001    0.000001
  50.820    0.000001    0.000001
  51.030    0.000001    0.000001
  51.240    0.000001    0.000001
  51.450    0.000001    0.000001
  51.660    0.000001    0.000001
  51.870    0.000001    0.000001
  52.080    0.000001    0.000001
  52.290    0.000001    0.000001
  52.500    0.000001    0.000001
  52.710    0.000001    0.000000
  52.920    0.000001    0.000000
  53.130    0.000001    0.000000
  53.340    0.000001    0.000000
  53.550    0.000001    0.000000
  53.760    0.000001    0.000000
  53.970    0.000001    0.000000
  54.180    0.000001    0.000000
  54.390    0.000001    0.000000
  54.600    0.000001    0.000000
  54.810    0.000001    0.000000
  55.020    0.000001    0.000000
  55.230    0.000001    0.000000
  55.440    0.000001    0.000000
  55.650    0.000001    0.000000
  55.860    0.000001    0.000000
  56.070    0.000001    0.000000
  56.280    0.000001   -0.000000
  56.490    0.000001   -0.000000
  56.700    0.000001   -0.000000
  56.910    0.000001   -0.000000
  57.120    0.000001   -0.000000
  57.330    0.000001   -0.000000
  57.540    0.000001   -0.000000
  57.750    0.000001   -0.000000
  57.960    0.000001   -0.000000
  58.170    0.000001   -0.000000
  58.380    0.000001   -0.000000
  58.590    0.000001   -0.000000
  58.800    0.000001   -0.000000
  59.010    0.000001   -0.000000
  59.220    0.000001   -0.000000
  59.430    0.000001   -0.000000
  59.640    0.000001   -0.000000
  59.850    0.000001   -0.000000
  60.060    0.000001   -0.000000
  60.270    0.000001   -0.000000
  60.480    0.000001   -0.000000
  60.690    0.000001   -0.000000
  60.900    0.000001   -0.000000
  61.110    0.000001   -0.000000
  61.320    0.000001   -0.000000
  61.530    0.000001   -0.000000
  61.740    0.000001   -0.000000
  61.950    0.000001   -0.000000
  62.160    0.000001   -0.000000
  62.370    0.000001   -0.000000
  62.580    0.000000   -0.000000
  62.790    0.000000   -0.000000
  63.000    0.000000   -0.000000
  63.210    0.000000   -0.000000
  63.420    0.000000   -0.000000
  63.630    0.000000   -0.000000
  63.840    0.000000   -0.000000
  64.050    0.000000   -0.000000
  64.260    0.000000   -0.000000
  64.470    0.000000   -0.000000
  64.680    0.000000   -0.000000
  64.890    0.000000   -0.000000
  65.100    0.000000   -0.000000
  65.310    0.000000   -0.000000
  65.520    0.000000   -0.000001
  65.730    0.000000   -0.000000
  65.940    0.000000   -0.000000
  66.150    0.000000   -0.000000
  66.360    0.000000   -0.000001
  66.570    0.000000   -0.000000
  66.780    0.000000   -0.000000
  66.990    0.000000   -0.000001
  67.200    0.000000   -0.000000
  67.410    0.000000   -0.000000
  67.620    0.000000   -0.000000
  67.830    0.000000   -0.000000
  68.040    0.000000   -0.000000
  68.250    0.000000   -0.000000
  68.460    0.000000   -0.000000
  68.670    0.000000   -0.000000
  68.880    0.000000   -0.000000
  69.090    0.000000   -0.000000
  69.300    0.000000   -0.000000
  69.510    0.000000   -0.000000
  69.720    0.000000   -0.000000
  69.930    0.000000   -0.000000
  70.140    0.000000   -0.000000
  70.350   -0.000000   -0.000000
  70.560   -0.000000   -0.000000
  70.770   -0.000000   -0.000000
  70.980   -0.000000   -0.000000
  71.190   -0.000000   -0.000000
  71.400   -0.000000   -0.000000
  71.610   -0.000000   -0.000000
  71.820   -0.000000   -0.000000
  72.030   -0.000000   -0.000000
  72.240   -0.000000   -0.000000
  72.450   -0.000000   -0.000000
  72.660   -0.000000   -0.000000
  72.870   -0.000000   -0.000000
  73.080   -0.000000   -0.000000
  73.290   -0.000000   -0.000000
  73.500   -0.000000   -0.000000
  73.710   -0.000000   -0.000000
  73.920   -0.000000   -0.000000
  74.130   -0.000000   -0.000000
  74.340   -0.000000   -0.000000
  74.550   -0.000000   -0.000000
  74.760   -0.000000   -0.000000
  74.970   -0.000000   -0.000000
  75.180   -0.000000   -0.000000
  75.390   -0.000000   -0.000000
  75.600   -0.000000   -0.000000
  75.810   -0.000000   -0.000000
  76.020   -0.000000   -0.000000
  76.230   -0.000000   -0.000000
  76.440   -0.000000   -0.000000
  76.650   -0.000000   -0.000000
  76.860   -0.000000   -0.000000
  77.070   -0.000000   -0.000000
  77.280   -0.000000   -0.000000
  77.490   -0.000000   -0.000000
  77.700   -0.000000   -0.000000
  77.910   -0.000000   -0.000000
  78.120   -0.000000   -0.000000
  78.330   -0.000000   -0.000000
  78.540   -0.000000   -0.000000
  78.750   -0.000000   -0.000000
  78.960   -0.000000   -0.000000
  79.170   -0.000000   -0.000000
  79.380   -0.000000   -0.000000
  79.590   -0.000000   -0.000000
  79.800   -0.000000   -0.000000
  80.010   -0.000000   -0.000000
  80.220   -0.000000   -0.000000
  80.430   -0.000000   -0.000000
  80.640   -0.000000   -0.000000
  80.850   -0.000000   -0.000000
  81.060   -0.000000   -0.000000
  81.270   -0.000000   -0.000000
  81.480   -0.000000   -0.000000
  81.690   -0.000000   -0.000000
  81.900   -0.000000   -0.000000
  82.110   -0.000000   -0.000000
  82.320   -0.000000   -0.000000
  82.530   -0.000000   -0.000000
  82.740   -0.000000   -0.000000
  82.950   -0.000000   -0.000000
  83.160   -0.000000   -0.000000
  83.370   -0.000000   -0.000000
  83.580   -0.000000   -0.000000
  83.790   -0.000000   -0.000000
  84.000   -0.000000   -0.000000
  84.210   -0.000000   -0.000000
  84.420   -0.000000    0.000000
  84.630   -0.000000   -0.000000
  84.840   -0.000000   -0.000000
  85.050   -0.000000    0.000000
  85.260   -0.000000    0.000000
  85.470   -0.000000   -0.000000
  85.680   -0.000000    0.000000
  85.890   -0.000000    0.000000
  86.100   -0.000000    0.000000
  86.310   -0.000000    0.000000
  86.520   -0.000000    0.000000
  86.730   -0.000000    0.000000
  86.940   -0.000000    0.000000
  87.150   -0.000000    0.000000
  87.360   -0.000000    0.000000
  87.570   -0.000000    0.000000
  87.780   -0.000000    0.000000
  87.990   -0.000000    0.000000
  88.200   -0.000000    0.000000
  88.410   -0.000000    0.000000
  88.620   -0.000000    0.000000
  88.830   -0.000000    0.000000
  89.040   -0.000000    0.000000
  89.250   -0.000000    0.000000
  89.460   -0.000000    0.000000
  89.670   -0.000000    0.000000
  89.880   -0.000000    0.000000
  90.090   -0.000000    0.000000
  90.300   -0.000000    0.000000
  90.510   -0.000000    0.000000
  90.720   -0.000000    0.000000
  90.930   -0.000000    0.000000
  91.140   -0.000000    0.000000
  91.350   -0.000000    0.000000
  91.560   -0.000000    0.000000
  91.770   -0.000000    0.000000
  91.980   -0.000000    0.000000
  92.190   -0.000000    0.000000
  92.400   -0.000000    0.000000
  92.610   -0.000000    0.000000
  92.820   -0.000000    0.000000
  93.030   -0.000000    0.000000
  93.240   -0.000000    0.000000
  93.450   -0.000000    0.000000
  93.660   -0.000000    0.000000
  93.870   -0.000000    0.000000
  94.080   -0.000000    0.000000
  94.290   -0.000000    0.000000
  94.500   -0.000000    0.000000
  94.710   -0.000000    0.000000
  94.920   -0.000000    0.000000
  95.130   -0.000000    0.000000
  95.340   -0.000000    0.000000
  95.550   -0.000000    0.000000
  95.760   -0.000000    0.000000
  95.970   -0.000000    0.000000
  96.180   -0.000000    0.000000
  96.390   -0.000000    0.000000
  96.600   -0.000000    0.000000
  96.810   -0.000000    0.000000
  97.020   -0.000000    0.000000
  97.230   -0.000000    0.000000
  97.440   -0.000000    0.000000
  97.650   -0.000000    0.000000
  97.860   -0.000000    0.000000
  98.070   -0.000000    0.000000
  98.280   -0.000000    0.000000
  98.490   -0.000000    0.000000
  98.700   -0.000000    0.000000
  98.910   -0.000000    0.000000
  99.120   -0.000000    0.000000
  99.330   -0.000000    0.000000
  99.540   -0.000000    0.000000
  99.750   -0.000000    0.000000
  99.960    0.000000    0.000000
 100.170   -0.000000    0.000000
 100.380    0.000000    0.000000
 100.590    0.000000    0.000000
 100.800   -0.000000    0.000000
 101.010    0.000000    0.000000
 101.220    0.000000    0.000000
 101.430   -0.000000    0.000000
 101.640   -0.000000    0.000000
 101.850    0.000000    0.000000
 102.060    0.000000    0.000000
 102.270    0.000000    0.000000
 102.480   -0.000000    0.000000
 102.690    0.000000    0.000000
 102.900    0.000000    0.000000
 103.110    0.000000    0.000000
 103.320    0.000000    0.000000
 103.530    0.000000    0.000000
 103.740    0.000000    0.000000
 103.950    0.000000    0.000000
 104.160    0.000000    0.000000
 104.370    0.000000    0.000000
 104.580    0.000000    0.000000
 104.790    0.000000    0.000000
 105.000    0.000000    0.000000
 105.210    0.000000    0.000000
 105.420    0.000000    0.000000
 105.630    0.000000    0.000000
 105.840    0.000000    0.000000
 106.050    0.000000    0.000000
 106.260    0.000000    0.000000
 106.470    0.000000    0.000000
 106.680    0.000000    0.000000
 106.890    0.000000    0.000000
 107.100    0.000000    0.000000
 107.310    0.000000    0.000000
 107.520    0.000000    0.000000
 107.730    0.000000    0.000000
 107.940   -0.000000    0.000000
 108.150    0.000000    0.000000
 108.360    0.000000    0.000000
 108.570    0.000000    0.000000
 108.780    0.000000    0.000000
 108.990    0.000000    0.000000
 109.200    0.000000    0.000000
 109.410    0.000000    0.000000
 109.620    0.000000    0.000000
 109.830    0.000000    0.000000
 110.040    0.000000    0.000000
 110.250    0.000000    0.000000
 110.460    0.000000    0.000000
 110.670    0.000000    0.000000
 110.880    0.000000    0.000000
 111.090    0.000000    0.000000
 111.300    0.000000    0.000000
 111.510    0.000000    0.000000
 111.720    0.000000    0.000000
 111.930    0.000000    0.000000
 112.140    0.000000    0.000000
 112.350    0.000000    0.000000
 112.560    0.000000    0.000000
 112.770    0.000000    0.000000
 112.980    0.000000    0.000000
 113.190    0.000000    0.000000
 113.400    0.000000    0.000000
 113.610    0.000000    0.000000
 113.820    0.000000    0.000000
 114.030    0.000000    0.000000
 114.240    0.000000    0.000000
 114.450    0.000000    0.000000
 114.660    0.000000    0.000000
 114.870    0.000000    0.000000
 115.080    0.000000    0.000000
 115.290    0.000000    0.000000
 115.500    0.000000    0.000000
 115.710    0.000000    0.000000
 115.920    0.000000    0.000000
 116.130    0.000000    0.000000
 116.340    0.000000    0.000000
 116.550    0.000000    0.000000
 116.760    0.000000    0.000000
 116.970    0.000000    0.000000
 117.180    0.000000    0.000000
 117.390    0.000000    0.000000
 117.600    0.000000    0.000000
 117.810    0.000000    0.000000
 118.020    0.000000    0.000000
 118.230    0.000000    0.000000
 118.440    0.000000    0.000000
 118.650    0.000000    0.000000
 118.860    0.000000    0.000000
 119.070    0.000000    0.000000
 119.280    0.000000    0.000000
 119.490    0.000000   -0.000000
 119.700    0.000000   -0.000000
 119.910    0.000000   -0.000000
 END
