# 181 angles,  3 tensor ranks for 0=projectile
@subtitle   "9Be(6Li,d)13C CDCC+CRC, adapted from 58Ni(6Li,d) 31-channel card"              
@legend ON
@legend x1 0.2
@legend y1 0.8
@g0 type LOGY
@yaxis ticklabel format power
@legend string   0 "Lab energy =   32.0000"
#legend string   0 "Partition=  1 Excit=  1 near/far= 1"
#  Theta       sigma       iT11        T20         T21         T22         Kyy for projectile
  0.1000E-01   1.000      0.1996E-10 -0.2832E-08  0.3047E-12 -0.1092E-15
   1.000       1.011      0.9702E-05 -0.1288E-04  0.1396E-06  0.1506E-06
   2.000      0.9433     -0.9231E-04  0.6572E-04 -0.1383E-05  0.1963E-05
   3.000      0.8138     -0.5445E-03  0.2459E-03 -0.7888E-05  0.2236E-05
   4.000      0.6967     -0.1338E-02  0.4411E-03 -0.1957E-04 -0.1682E-04
   5.000      0.6385     -0.1957E-02  0.5175E-03 -0.3132E-04 -0.8232E-04
   6.000      0.6513     -0.1652E-02  0.4127E-03 -0.3641E-04 -0.1967E-03
   7.000      0.7195     -0.2990E-03  0.2269E-03 -0.3552E-04 -0.3241E-03
   8.000      0.8115      0.1633E-02  0.9615E-04 -0.3560E-04 -0.4296E-03
   9.000      0.8910      0.3733E-02  0.8757E-04 -0.4325E-04 -0.4987E-03
   10.00      0.9271      0.5834E-02  0.2236E-03 -0.6344E-04 -0.5267E-03
   11.00      0.9018      0.7921E-02  0.5242E-03 -0.1015E-03 -0.5067E-03
   12.00      0.8139      0.1003E-01  0.1028E-02 -0.1650E-03 -0.4256E-03
   13.00      0.6785      0.1217E-01  0.1802E-02 -0.2661E-03 -0.2644E-03
   14.00      0.5224      0.1429E-01  0.2928E-02 -0.4224E-03 -0.7983E-05
   15.00      0.3773      0.1595E-01  0.4389E-02 -0.6463E-03  0.3008E-03
   16.00      0.2723      0.1589E-01  0.5613E-02 -0.8880E-03  0.3920E-03
   17.00      0.2270      0.1260E-01  0.4941E-02 -0.9299E-03 -0.3222E-03
   18.00      0.2475      0.8298E-02  0.1906E-02 -0.6262E-03 -0.1777E-02
   19.00      0.3252      0.6793E-02 -0.1006E-02 -0.2567E-03 -0.2959E-02
   20.00      0.4400      0.7819E-02 -0.2582E-02 -0.2752E-04 -0.3563E-02
   21.00      0.5649      0.1001E-01 -0.3192E-02  0.7317E-04 -0.3814E-02
   22.00      0.6718      0.1276E-01 -0.3265E-02  0.9025E-04 -0.3894E-02
   23.00      0.7382      0.1595E-01 -0.3011E-02  0.4746E-04 -0.3881E-02
   24.00      0.7505      0.1971E-01 -0.2500E-02 -0.5017E-04 -0.3803E-02
   25.00      0.7069      0.2426E-01 -0.1720E-02 -0.2112E-03 -0.3663E-02
   26.00      0.6161      0.2996E-01 -0.5961E-03 -0.4572E-03 -0.3442E-02
   27.00      0.4951      0.3738E-01  0.1017E-02 -0.8253E-03 -0.3101E-02
   28.00      0.3652      0.4724E-01  0.3360E-02 -0.1370E-02 -0.2550E-02
   29.00      0.2472      0.6018E-01  0.6732E-02 -0.2138E-02 -0.1596E-02
   30.00      0.1582      0.7436E-01  0.1097E-01 -0.2986E-02  0.8901E-04
   31.00      0.1082      0.7786E-01  0.1320E-01 -0.2993E-02  0.2484E-02
   32.00      0.9977E-01  0.5469E-01  0.8083E-02 -0.9133E-03  0.3734E-02
   33.00      0.1280      0.2663E-01 -0.1311E-03  0.1566E-02  0.2713E-02
   34.00      0.1821      0.1477E-01 -0.4937E-02  0.2804E-02  0.1198E-02
   35.00      0.2485      0.1405E-01 -0.6841E-02  0.3182E-02  0.1994E-04
   36.00      0.3127      0.1833E-01 -0.7367E-02  0.3168E-02 -0.9051E-03
   37.00      0.3625      0.2505E-01 -0.7281E-02  0.2949E-02 -0.1772E-02
   38.00      0.3890      0.3337E-01 -0.6891E-02  0.2571E-02 -0.2739E-02
   39.00      0.3885      0.4321E-01 -0.6309E-02  0.2016E-02 -0.3937E-02
   40.00      0.3619      0.5482E-01 -0.5541E-02  0.1222E-02 -0.5498E-02
   41.00      0.3143      0.6877E-01 -0.4521E-02  0.7376E-04 -0.7580E-02
   42.00      0.2534      0.8591E-01 -0.3083E-02 -0.1618E-02 -0.1038E-01
   43.00      0.1886      0.1074     -0.8950E-03 -0.4175E-02 -0.1414E-01
   44.00      0.1286      0.1344      0.2685E-02 -0.8122E-02 -0.1908E-01
   45.00      0.8057E-01  0.1647      0.8744E-02 -0.1406E-01 -0.2472E-01
   46.00      0.4904E-01  0.1794      0.1776E-01 -0.2102E-01 -0.2722E-01
   47.00      0.3547E-01  0.1263      0.2332E-01 -0.2098E-01 -0.1639E-01
   48.00      0.3843E-01  0.2341E-01  0.1507E-01 -0.8056E-02  0.3757E-02
   49.00      0.5419E-01 -0.2791E-01  0.2880E-02  0.3925E-02  0.1322E-01
   50.00      0.7757E-01 -0.3246E-01 -0.5024E-02  0.9656E-02  0.1334E-01
   51.00      0.1030     -0.2041E-01 -0.9599E-02  0.1188E-01  0.1015E-01
   52.00      0.1253     -0.3670E-02 -0.1246E-01  0.1252E-01  0.6023E-02
   53.00      0.1407      0.1451E-01 -0.1442E-01  0.1237E-01  0.1605E-02
   54.00      0.1470      0.3360E-01 -0.1586E-01  0.1170E-01 -0.2963E-02
   55.00      0.1436      0.5389E-01 -0.1690E-01  0.1056E-01 -0.7689E-02
   56.00      0.1317      0.7600E-01 -0.1754E-01  0.8857E-02 -0.1262E-01
   57.00      0.1134      0.1008     -0.1769E-01  0.6408E-02 -0.1783E-01
   58.00      0.9151E-01  0.1294     -0.1712E-01  0.2857E-02 -0.2336E-01
   59.00      0.6889E-01  0.1633     -0.1539E-01 -0.2400E-02 -0.2925E-01
   60.00      0.4810E-01  0.2041     -0.1167E-01 -0.1041E-01 -0.3536E-01
   61.00      0.3105E-01  0.2520     -0.4314E-02 -0.2284E-01 -0.4089E-01
   62.00      0.1885E-01  0.2972      0.9338E-02 -0.4129E-01 -0.4277E-01
   63.00      0.1181E-01  0.2943      0.2933E-01 -0.6061E-01 -0.3283E-01
   64.00      0.9566E-02  0.1795      0.3968E-01 -0.5741E-01 -0.7595E-02
   65.00      0.1123E-01  0.4430E-01  0.2646E-01 -0.2821E-01  0.9601E-02
   66.00      0.1561E-01 -0.7552E-02  0.8556E-02 -0.3963E-02  0.9536E-02
   67.00      0.2146E-01 -0.7768E-02 -0.3309E-02  0.8092E-02  0.3171E-02
   68.00      0.2757E-01  0.8563E-02 -0.1011E-01  0.1293E-01 -0.3733E-02
   69.00      0.3296E-01  0.2832E-01 -0.1392E-01  0.1410E-01 -0.9891E-02
   70.00      0.3691E-01  0.4773E-01 -0.1598E-01  0.1328E-01 -0.1529E-01
   71.00      0.3899E-01  0.6617E-01 -0.1695E-01  0.1120E-01 -0.2017E-01
   72.00      0.3905E-01  0.8412E-01 -0.1718E-01  0.8134E-02 -0.2484E-01
   73.00      0.3718E-01  0.1026     -0.1682E-01  0.4137E-02 -0.2956E-01
   74.00      0.3371E-01  0.1230     -0.1596E-01 -0.9153E-03 -0.3465E-01
   75.00      0.2907E-01  0.1473     -0.1460E-01 -0.7321E-02 -0.4045E-01
   76.00      0.2382E-01  0.1776     -0.1267E-01 -0.1559E-01 -0.4732E-01
   77.00      0.1850E-01  0.2168     -0.1010E-01 -0.2649E-01 -0.5567E-01
   78.00      0.1362E-01  0.2673     -0.6840E-02 -0.4108E-01 -0.6582E-01
   79.00      0.9567E-02  0.3281     -0.3156E-02 -0.6020E-01 -0.7745E-01
   80.00      0.6569E-02  0.3851     -0.3161E-03 -0.8252E-01 -0.8798E-01
   81.00      0.4699E-02  0.3932     -0.1661E-02 -0.9917E-01 -0.8993E-01
   82.00      0.3880E-02  0.2930     -0.1077E-01 -0.9266E-01 -0.7415E-01
   83.00      0.3931E-02  0.1156     -0.2416E-01 -0.6025E-01 -0.4664E-01
   84.00      0.4612E-02 -0.2987E-01 -0.3392E-01 -0.2440E-01 -0.2498E-01
   85.00      0.5668E-02 -0.1026     -0.3794E-01  0.1440E-04 -0.1495E-01
   86.00      0.6866E-02 -0.1209     -0.3808E-01  0.1312E-01 -0.1302E-01
   87.00      0.8006E-02 -0.1074     -0.3614E-01  0.1873E-01 -0.1545E-01
   88.00      0.8935E-02 -0.7553E-01 -0.3320E-01  0.1970E-01 -0.2019E-01
   89.00      0.9542E-02 -0.3240E-01 -0.2996E-01  0.1766E-01 -0.2636E-01
   90.00      0.9765E-02  0.1816E-01 -0.2700E-01  0.1342E-01 -0.3372E-01
   91.00      0.9587E-02  0.7391E-01 -0.2488E-01  0.7348E-02 -0.4237E-01
   92.00      0.9043E-02  0.1333     -0.2419E-01 -0.4724E-03 -0.5259E-01
   93.00      0.8205E-02  0.1949     -0.2558E-01 -0.1014E-01 -0.6465E-01
   94.00      0.7175E-02  0.2570     -0.2966E-01 -0.2181E-01 -0.7874E-01
   95.00      0.6061E-02  0.3169     -0.3684E-01 -0.3567E-01 -0.9461E-01
   96.00      0.4958E-02  0.3710     -0.4702E-01 -0.5175E-01 -0.1113    
   97.00      0.3934E-02  0.4149     -0.5920E-01 -0.7001E-01 -0.1268    
   98.00      0.3034E-02  0.4429     -0.7088E-01 -0.9019E-01 -0.1370    
   99.00      0.2281E-02  0.4475     -0.7733E-01 -0.1116     -0.1352    
   100.0      0.1694E-02  0.4157     -0.7054E-01 -0.1320     -0.1100    
   101.0      0.1296E-02  0.3286     -0.4047E-01 -0.1440     -0.4839E-01
   102.0      0.1105E-02  0.1842      0.1234E-01 -0.1346      0.4344E-01
   103.0      0.1131E-02  0.4024E-01  0.5914E-01 -0.1016      0.1162    
   104.0      0.1355E-02 -0.3584E-01  0.7188E-01 -0.6540E-01  0.1296    
   105.0      0.1725E-02 -0.4910E-01  0.5734E-01 -0.4184E-01  0.1008    
   106.0      0.2161E-02 -0.3376E-01  0.3223E-01 -0.3097E-01  0.5808E-01
   107.0      0.2572E-02 -0.1003E-01  0.4594E-02 -0.2832E-01  0.1444E-01
   108.0      0.2878E-02  0.1507E-01 -0.2391E-01 -0.3072E-01 -0.2737E-01
   109.0      0.3038E-02  0.4001E-01 -0.5385E-01 -0.3648E-01 -0.6758E-01
   110.0      0.3050E-02  0.6487E-01 -0.8581E-01 -0.4461E-01 -0.1063    
   111.0      0.2945E-02  0.8976E-01 -0.1191     -0.5419E-01 -0.1420    
   112.0      0.2770E-02  0.1143     -0.1512     -0.6406E-01 -0.1716    
   113.0      0.2561E-02  0.1375     -0.1778     -0.7300E-01 -0.1911    
   114.0      0.2334E-02  0.1586     -0.1951     -0.8031E-01 -0.1980    
   115.0      0.2085E-02  0.1775     -0.2009     -0.8631E-01 -0.1921    
   116.0      0.1807E-02  0.1948     -0.1953     -0.9244E-01 -0.1756    
   117.0      0.1504E-02  0.2107     -0.1793     -0.1007     -0.1502    
   118.0      0.1203E-02  0.2242     -0.1527     -0.1128     -0.1165    
   119.0      0.9447E-03  0.2306     -0.1136     -0.1280     -0.7404E-01
   120.0      0.7718E-03  0.2228     -0.6374E-01 -0.1397     -0.2786E-01
   121.0      0.7054E-03  0.2012     -0.1669E-01 -0.1368      0.5345E-02
   122.0      0.7341E-03  0.1816      0.9678E-02 -0.1188      0.1149E-01
   123.0      0.8178E-03  0.1768      0.1459E-01 -0.9850E-01 -0.2652E-02
   124.0      0.9055E-03  0.1839      0.7500E-02 -0.8547E-01 -0.2369E-01
   125.0      0.9586E-03  0.1924     -0.6646E-02 -0.8149E-01 -0.4487E-01
   126.0      0.9688E-03  0.1893     -0.2850E-01 -0.8483E-01 -0.6381E-01
   127.0      0.9585E-03  0.1605     -0.5977E-01 -0.9166E-01 -0.7811E-01
   128.0      0.9660E-03  0.9879E-01 -0.9722E-01 -0.9591E-01 -0.8423E-01
   129.0      0.1021E-02  0.1705E-01 -0.1302     -0.9235E-01 -0.8072E-01
   130.0      0.1124E-02 -0.5701E-01 -0.1487     -0.8152E-01 -0.7136E-01
   131.0      0.1245E-02 -0.1057     -0.1523     -0.6868E-01 -0.6225E-01
   132.0      0.1334E-02 -0.1288     -0.1472     -0.5866E-01 -0.5733E-01
   133.0      0.1350E-02 -0.1327     -0.1400     -0.5400E-01 -0.5824E-01
   134.0      0.1281E-02 -0.1218     -0.1362     -0.5592E-01 -0.6579E-01
   135.0      0.1157E-02 -0.9518E-01 -0.1404     -0.6480E-01 -0.8056E-01
   136.0      0.1032E-02 -0.4934E-01 -0.1562     -0.7862E-01 -0.1014    
   137.0      0.9599E-03  0.1422E-01 -0.1807     -0.9065E-01 -0.1228    
   138.0      0.9676E-03  0.8063E-01 -0.2019     -0.9270E-01 -0.1367    
   139.0      0.1039E-02  0.1330     -0.2094     -0.8455E-01 -0.1416    
   140.0      0.1125E-02  0.1689     -0.2043     -0.7340E-01 -0.1434    
   141.0      0.1167E-02  0.1953     -0.1935     -0.6577E-01 -0.1481    
   142.0      0.1130E-02  0.2173     -0.1822     -0.6523E-01 -0.1582    
   143.0      0.1023E-02  0.2334     -0.1736     -0.7374E-01 -0.1724    
   144.0      0.8926E-03  0.2317     -0.1695     -0.9085E-01 -0.1824    
   145.0      0.8027E-03  0.1934     -0.1682     -0.1088     -0.1710    
   146.0      0.7997E-03  0.1178     -0.1631     -0.1122     -0.1269    
   147.0      0.8883E-03  0.3959E-01 -0.1479     -0.9561E-01 -0.6744E-01
   148.0      0.1029E-02 -0.1257E-01 -0.1241     -0.7086E-01 -0.1881E-01
   149.0      0.1159E-02 -0.4038E-01 -0.9542E-01 -0.4956E-01  0.1087E-01
   150.0      0.1225E-02 -0.5622E-01 -0.6467E-01 -0.3664E-01  0.2382E-01
   151.0      0.1215E-02 -0.6978E-01 -0.3561E-01 -0.3438E-01  0.2152E-01
   152.0      0.1162E-02 -0.8520E-01 -0.1759E-01 -0.4431E-01  0.2220E-02
   153.0      0.1129E-02 -0.9869E-01 -0.2634E-01 -0.6420E-01 -0.3449E-01
   154.0      0.1172E-02 -0.9932E-01 -0.7030E-01 -0.8370E-01 -0.7942E-01
   155.0      0.1312E-02 -0.8067E-01 -0.1335     -0.9093E-01 -0.1169    
   156.0      0.1515E-02 -0.4832E-01 -0.1904     -0.8443E-01 -0.1406    
   157.0      0.1712E-02 -0.1087E-01 -0.2288     -0.7044E-01 -0.1556    
   158.0      0.1833E-02  0.2703E-01 -0.2476     -0.5497E-01 -0.1687    
   159.0      0.1845E-02  0.6324E-01 -0.2460     -0.4224E-01 -0.1834    
   160.0      0.1775E-02  0.9429E-01 -0.2196     -0.3651E-01 -0.1986    
   161.0      0.1694E-02  0.1128     -0.1647     -0.4286E-01 -0.2065    
   162.0      0.1689E-02  0.1108     -0.9122E-01 -0.6352E-01 -0.1958    
   163.0      0.1810E-02  0.9001E-01 -0.2801E-01 -0.9226E-01 -0.1632    
   164.0      0.2049E-02  0.6418E-01  0.1266E-02 -0.1185     -0.1201    
   165.0      0.2336E-02  0.4452E-01 -0.3000E-02 -0.1377     -0.7958E-01
   166.0      0.2580E-02  0.3301E-01 -0.2912E-01 -0.1511     -0.4632E-01
   167.0      0.2714E-02  0.2643E-01 -0.6795E-01 -0.1611     -0.1913E-01
   168.0      0.2738E-02  0.2022E-01 -0.1142     -0.1678      0.4253E-02
   169.0      0.2723E-02  0.1042E-01 -0.1620     -0.1682      0.2445E-01
   170.0      0.2780E-02 -0.3860E-02 -0.2015     -0.1575      0.3937E-01
   171.0      0.3001E-02 -0.1834E-01 -0.2231     -0.1353      0.4600E-01
   172.0      0.3410E-02 -0.2685E-01 -0.2273     -0.1080      0.4445E-01
   173.0      0.3936E-02 -0.2727E-01 -0.2249     -0.8340E-01  0.3824E-01
   174.0      0.4440E-02 -0.2160E-01 -0.2259     -0.6475E-01  0.3075E-01
   175.0      0.4771E-02 -0.1286E-01 -0.2363     -0.5145E-01  0.2359E-01
   176.0      0.4839E-02 -0.3573E-02 -0.2586     -0.4161E-01  0.1708E-01
   177.0      0.4656E-02  0.4086E-02 -0.2929     -0.3318E-01  0.1110E-01
   178.0      0.4335E-02  0.7894E-02 -0.3352     -0.2418E-01  0.5713E-02
   179.0      0.4044E-02  0.6204E-02 -0.3735     -0.1311E-01  0.1602E-02
   180.0      0.3928E-02  0.7132E-04 -0.3896     -0.1354E-03  0.1672E-06
 END
