# KN1=   2   3
  0.0100000   -0.0000    0.000000    3.645   -0.016    0.016    0.000
  0.0104003    0.0000 ***********    3.574   -0.025    0.025    0.000
  0.0108085   -0.0000 ***********    3.506   -0.037    0.037    0.001
  0.0112246   -0.0000 ***********    3.440   -0.053    0.053    0.001
  0.0116485    0.0000 ***********    3.377   -0.076    0.076    0.001
  0.0120803    0.0000 ***********    3.316   -0.107    0.107    0.002
  0.0125199   -0.0000 ***********    3.258   -0.148    0.148    0.003
  0.0129674    0.0000 ***********    3.201   -0.202    0.202    0.004
  0.0134227   -0.0000 ***********    3.146   -0.271    0.271    0.005
  0.0138859   -0.0000 ***********    3.093   -0.361    0.361    0.006
  0.0143570   -0.0000 ***********    3.042   -0.473    0.473    0.008
  0.0148359   -0.0000 ***********    2.992   -0.614    0.614    0.011
  0.0153227    0.0000 2353.713288    2.945   -0.787    0.787    0.014
  0.0158173   -0.0000 ***********    2.898   -0.997    0.997    0.017
  0.0163198   -0.0000 ***********    2.853   -1.250    1.250    0.022
  0.0168301    0.0000 2773.375517    2.810   -1.552    1.552    0.027
  0.0173483   -0.0000 ***********    2.767   -1.907    1.907    0.033
  0.0178744    0.0000 1748.971375    2.726   -2.321    2.321    0.040
  0.0184083   -0.0000 ***********    2.686   -2.799    2.799    0.049
  0.0189501   -0.0000 ***********    2.648   -3.347    3.347    0.058
  0.0194997    0.0000  891.283838    2.610   -3.968    3.968    0.069
  0.0200572   -0.0000 ***********    2.574   -4.668    4.668    0.081
  0.0206225   -0.0001 ***********    2.538   -5.448    5.448    0.095
  0.0211957    0.0000 1024.249282    2.504   -6.313    6.313    0.110
  0.0217768   -0.0000 ***********    2.470   -7.265    7.265    0.126
  0.0223657    0.0001  566.160776    2.437   -8.306    8.306    0.144
  0.0229625   -0.0000 -555.618527    2.405   -9.437    9.437    0.164
  0.0235671   -0.0002 -490.743868    2.374  -10.659   10.658    0.185
  0.0241796   -0.0001  772.057114    2.344  -11.971   11.971    0.207
  0.0247999    0.0002  258.945598    2.315  -13.373   13.373    0.231
  0.0254281   -0.0001 -223.692936    2.286  -14.865   14.865    0.257
  0.0260642   -0.0002 -992.812858    2.258  -16.445   16.445    0.283
  0.0267081   -0.0002 3334.353681    2.230  -18.112   18.111    0.311
  0.0273599   -0.0001 1142.975630    2.204  -19.863   19.863    0.340
  0.0280195    0.0000  553.008455    2.178  -21.697   21.697    0.370
  0.0286870   -0.0005 -158.868159    2.152  -23.611   23.611    0.401
  0.0293624    0.0001  141.215995    2.127  -25.604   25.604    0.432
  0.0300456    0.0001 1245.814796    2.103  -27.671   27.671    0.464
  0.0307366   -0.0004 -148.365112    2.079  -29.811   29.811    0.497
  0.0314355    0.0000  194.764730    2.056  -32.021   32.021    0.530
  0.0321423   -0.0009  -90.446665    2.033  -34.298   34.297    0.563
  0.0328569   -0.0001  106.861590    2.011  -36.640   36.640    0.597
  0.0335794   -0.0007 -134.231935    1.989  -39.043   39.042    0.630
  0.0343098    0.0006   63.735171    1.968  -41.506   41.507    0.663
  0.0350480   -0.0004  -86.808073    1.947  -44.025   44.025    0.695
  0.0357940   -0.0003 1341.065834    1.927  -46.599   46.599    0.727
  0.0365480   -0.0006 -268.521992    1.907  -49.224   49.224    0.757
  0.0373097   -0.0014 -109.383684    1.887  -51.899   51.898    0.787
  0.0380794    0.0009   38.359619    1.868  -54.621   54.622    0.815
  0.0388568    0.0000 -107.447784    1.849  -57.387   57.387    0.842
  0.0396422    0.0001 2002.383484    1.831  -60.197   60.197    0.868
  0.0404354   -0.0005 -167.646287    1.813  -63.047   63.047    0.891
  0.0412365    0.0005   94.540073    1.795  -65.937   65.937    0.913
  0.0420454    0.0017   76.857941    1.778  -68.863   68.865    0.933
  0.0428621    0.0007  -96.941754    1.761  -71.824   71.825    0.950
  0.0436868   -0.0013  -47.197860    1.744  -74.819   74.818    0.965
  0.0445193    0.0003   59.347920    1.727  -77.846   77.847    0.978
  0.0453596   -0.0002 -170.074716    1.711  -80.904   80.904    0.987
  0.0462078   -0.0006 -266.457316    1.696  -83.990   83.990    0.995
  0.0470639    0.0005   93.694794    1.680  -87.104   87.105    0.999
  0.0479278    0.0008  309.324671    1.665  -90.245   90.245    1.000
  0.0487996   -0.0005  -79.449743    1.650  -93.410   93.410    0.998
  0.0496792   -0.0008 -348.119646    1.635  -96.599   96.598    0.993
  0.0505667   -0.0007 3790.324871    1.621  -99.811   99.810    0.985
  0.0514620    0.0002  109.797295    1.607 -103.044  103.044    0.974
  0.0523652   -0.0002 -261.252219    1.593 -106.298  106.298    0.960
  0.0532763    0.0012   77.118961    1.579 -109.572  109.573    0.942
  0.0541952    0.0008 -268.957216    1.566 -112.864  112.865    0.921
  0.0551220    0.0004 -309.011474    1.552 -116.174  116.174    0.897
  0.0560566   -0.0005 -115.626900    1.539 -119.501  119.500    0.870
  0.0569991    0.0003  126.431894    1.527 -122.844  122.844    0.840
  0.0579495   -0.0001 -268.882167    1.514 -126.202  126.202    0.807
  0.0589077   -0.0000 2416.302974    1.502 -129.575  129.575    0.771
  0.0598737   -0.0004 -299.666960    1.490 -132.962  132.961    0.732
  0.0608476   -0.0000  298.535306    1.478 -136.362  136.362    0.690
  0.0618294    0.0002  720.527090    1.466 -139.774  139.775    0.646
  0.0628191   -0.0001 -530.708046    1.454 -143.199  143.199    0.599
  0.0638165    0.0003  303.276245    1.443 -146.636  146.636    0.550
  0.0648219    0.0002 ***********    1.432 -150.083  150.083    0.499
  0.0658351   -0.0001 -354.484716    1.421 -153.541  153.541    0.446
  0.0668562    0.0002  446.192961    1.410 -157.008  157.009    0.391
  0.0678851    0.0001 ***********    1.399 -160.486  160.486    0.334
  0.0689219    0.0001 3180.028660    1.388 -163.972  163.972    0.276
  0.0699665    0.0001 ***********    1.378 -167.467  167.467    0.217
  0.0710190    0.0001 ***********    1.368 -170.970  170.970    0.157
  0.0720793    0.0001 ***********    1.358 -174.481  174.481    0.096
  0.0731475    0.0002 ***********    1.348 -177.999  177.999    0.035
  0.0742236    0.0002 9481.701782    1.338  178.476 -178.475   -0.027
  0.0753075    0.0002 6797.336981    1.328  174.943 -174.943   -0.088
  0.0763993    0.0002 4972.384195    1.319  171.405 -171.404   -0.149
  0.0774989    0.0002 4173.291936    1.309  167.860 -167.860   -0.210
  0.0786064    0.0002 ***********    1.300  164.309 -164.309   -0.270
  0.0797218    0.0002 4964.164144    1.291  160.753 -160.753   -0.330
  0.0808450    0.0002 ***********    1.282  157.191 -157.191   -0.388
  0.0819760    0.0004  645.044994    1.273  153.625 -153.624   -0.444
  0.0831149    0.0003 ***********    1.264  150.053 -150.053   -0.499
  0.0842617    0.0001 -590.464751    1.256  146.477 -146.477   -0.552
  0.0854164    0.0003  606.358458    1.247  142.896 -142.896   -0.603
  0.0865788    0.0001 -785.601314    1.239  139.312 -139.312   -0.652
  0.0877492    0.0003  871.010115    1.230  135.723 -135.723   -0.698
  0.0889274    0.0004 1868.412195    1.222  132.131 -132.130   -0.742
  0.0901135    0.0007  379.132743    1.214  128.535 -128.534   -0.782
  0.0913074    0.0004 -419.072525    1.206  124.936 -124.935   -0.820
  0.0925092    0.0004 3876.911623    1.198  121.333 -121.333   -0.854
  0.0937188    0.0006 1012.015931    1.191  117.727 -117.727   -0.885
  0.0949363    0.0003 -528.734311    1.183  114.119 -114.118   -0.913
  0.0961616    0.0008  260.964817    1.175  110.507 -110.507   -0.937
  0.0973948    0.0001 -184.682286    1.168  106.893 -106.893   -0.957
  0.0986359    0.0009  166.080160    1.161  103.277 -103.276   -0.973
  0.0998848    0.0018  172.939582    1.153   99.658  -99.656   -0.986
  0.1011416    0.0015 -566.302312    1.146   96.037  -96.036   -0.994
  0.1024062    0.0011 -392.928730    1.139   92.414  -92.413   -0.999
  0.1036787    0.0011 ***********    1.132   88.789  -88.788   -1.000
  0.1049591    0.0012 1384.553294    1.125   85.162  -85.161   -0.996
  0.1062473    0.0009 -594.545027    1.118   81.533  -81.532   -0.989
  0.1075434    0.0007 -678.872760    1.111   77.903  -77.902   -0.978
  0.1088473    0.0006 ***********    1.105   74.270  -74.270   -0.963
  0.1101591    0.0016  150.538527    1.098   70.637  -70.635   -0.943
  0.1114787    0.0016 ***********    1.092   67.002  -67.000   -0.921
  0.1128062    0.0014 -754.940088    1.085   63.366  -63.364   -0.894
  0.1141415    0.0011 -691.980361    1.079   59.728  -59.727   -0.864
  0.1154847    0.0016  343.517288    1.073   56.089  -56.088   -0.830
  0.1168358    0.0019  490.064244    1.066   52.450  -52.448   -0.793
  0.1181947    0.0020 1294.563398    1.060   48.809  -48.807   -0.752
  0.1195615    0.0017 -429.445744    1.054   45.167  -45.165   -0.709
  0.1209361    0.0020  454.860674    1.048   41.525  -41.523   -0.663
  0.1223186    0.0020 ***********    1.042   37.881  -37.879   -0.614
  0.1237090    0.0020 2186.933107    1.036   34.237  -34.235   -0.563
  0.1251072    0.0022 1003.530188    1.031   30.592  -30.590   -0.509
  0.1265133    0.0023 1807.195940    1.025   26.947  -26.944   -0.453
  0.1279272    0.0024 2709.722412    1.019   23.301  -23.298   -0.396
  0.1293490    0.0025  856.590553    1.013   19.654  -19.651   -0.336
  0.1307786    0.0027  898.641932    1.008   16.007  -16.004   -0.276
  0.1322161    0.0029 1328.547929    1.002   12.359  -12.357   -0.214
  0.1336614    0.0030 1106.809072    0.997    8.712   -8.709   -0.151
  0.1351146    0.0032 1054.280120    0.992    5.063   -5.060   -0.088
  0.1365757    0.0033 1017.856226    0.986    1.415   -1.412   -0.025
  0.1380446    0.0035 1003.757857    0.981   -2.234    2.237    0.039
  0.1395214    0.0037  973.843792    0.976   -5.883    5.887    0.103
  0.1410060    0.0039  868.394524    0.971   -9.532    9.536    0.166
  0.1424985    0.0040  950.632030    0.966  -13.181   13.185    0.228
  0.1439989    0.0042  927.621175    0.961  -16.831   16.835    0.290
  0.1455071    0.0044  842.310560    0.956  -20.480   20.485    0.350
  0.1470232    0.0047  793.793717    0.951  -24.130   24.135    0.409
  0.1485471    0.0050  567.830975    0.946  -27.779   27.784    0.466
  0.1500789    0.0051 1447.179347    0.941  -31.429   31.434    0.522
  0.1516185    0.0054  539.177672    0.936  -35.079   35.084    0.575
  0.1531660    0.0056 1179.217971    0.931  -38.728   38.734    0.626
  0.1547214    0.0058  887.834791    0.927  -42.377   42.383    0.674
  0.1562846    0.0060  694.110438    0.922  -46.027   46.033    0.720
  0.1578556    0.0064  451.417038    0.917  -49.676   49.682    0.762
  0.1594346    0.0068  535.802698    0.913  -53.325   53.331    0.802
  0.1610213    0.0069 1058.159045    0.908  -56.973   56.980    0.838
  0.1626160    0.0074  362.018217    0.904  -60.622   60.629    0.871
  0.1642185    0.0077  739.915690    0.899  -64.270   64.278    0.901
  0.1658288    0.0082  362.651684    0.895  -67.918   67.927    0.927
  0.1674470    0.0084  862.120176    0.891  -71.566   71.575    0.949
  0.1690731    0.0085 1262.045968    0.886  -75.214   75.222    0.967
  0.1707070    0.0093  262.222975    0.882  -78.861   78.870    0.981
  0.1723488    0.0092 ***********    0.878  -82.508   82.517    0.991
  0.1739984    0.0100  245.012271    0.874  -86.154   86.164    0.998
  0.1756559    0.0108  232.149518    0.870  -89.801   89.811    1.000
  0.1773213    0.0106 -751.808275    0.866  -93.447   93.457    0.998
  0.1789945    0.0107 1237.058807    0.862  -97.092   97.103    0.992
  0.1806756    0.0115  233.665241    0.858 -100.737  100.749    0.982
  0.1823645    0.0122  297.890441    0.854 -104.382  104.394    0.969
  0.1840613    0.0127  401.398678    0.850 -108.026  108.039    0.951
  0.1857659    0.0134  266.564303    0.846 -111.670  111.683    0.929
  0.1874784    0.0139  371.435124    0.842 -115.314  115.327    0.904
  0.1891988    0.0143  479.250350    0.838 -118.957  118.971    0.875
  0.1909270    0.0152  222.596296    0.834 -122.599  122.614    0.842
  0.1926630    0.0154 1088.761237    0.830 -126.241  126.257    0.806
  0.1944070    0.0162  242.270314    0.827 -129.883  129.899    0.767
  0.1961587    0.0167  415.896492    0.823 -133.524  133.541    0.725
  0.1979184    0.0176  232.953881    0.819 -137.165  137.182    0.680
  0.1996859    0.0182  309.911173    0.816 -140.805  140.823    0.632
  0.2014612    0.0191  246.578336    0.812 -144.445  144.464    0.581
  0.2032444    0.0197  333.170043    0.809 -148.084  148.104    0.528
  0.2050355    0.0203  312.667816    0.805 -151.723  151.743    0.473
  0.2068344    0.0212  239.001565    0.801 -155.361  155.382    0.417
  0.2086412    0.0220  246.387714    0.798 -158.998  159.020    0.358
  0.2104558    0.0229  243.822622    0.795 -162.635  162.658    0.298
  0.2122783    0.0238  241.823527    0.791 -166.272  166.296    0.237
  0.2141087    0.0246  236.155200    0.788 -169.908  169.933    0.175
  0.2159469    0.0256  224.155791    0.784 -173.543  173.569    0.112
  0.2177930    0.0265  220.543513    0.781 -177.178  177.205    0.049
  0.2196469    0.0275  213.607854    0.778  179.187 -179.160   -0.015
  0.2215087    0.0286  207.651623    0.774  175.554 -175.525   -0.078
  0.2233783    0.0296  203.695892    0.771  171.920 -171.891   -0.141
  0.2252558    0.0307  197.344542    0.768  168.288 -168.257   -0.204
  0.2271412    0.0319  188.166916    0.765  164.656 -164.624   -0.265
  0.2290344    0.0330  187.111092    0.762  161.024 -160.991   -0.326
  0.2309355    0.0342  182.350684    0.758  157.393 -157.359   -0.385
  0.2328444    0.0354  178.632938    0.755  153.763 -153.727   -0.443
  0.2347612    0.0366  185.047246    0.752  150.133 -150.096   -0.499
  0.2366858    0.0381  152.036245    0.749  146.504 -146.466   -0.552
  0.2386183    0.0394  166.354379    0.746  142.875 -142.836   -0.604
  0.2405587    0.0408  155.919611    0.743  139.247 -139.206   -0.653
  0.2425069    0.0423  149.730200    0.740  135.620 -135.577   -0.700
  0.2444629    0.0438  151.805860    0.737  131.993 -131.949   -0.744
  0.2464269    0.0452  165.409605    0.734  128.366 -128.321   -0.785
  0.2483986    0.0470  125.468261    0.731  124.741 -124.694   -0.822
  0.2503783    0.0485  144.652131    0.728  121.116 -121.067   -0.857
  0.2523658    0.0502  134.719578    0.726  117.491 -117.441   -0.887
  0.2543611    0.0518  142.105752    0.723  113.867 -113.816   -0.915
  0.2563644    0.0537  125.235554    0.720  110.244 -110.190   -0.939
  0.2583754    0.0559  104.198677    0.717  106.621 -106.566   -0.958
  0.2603944    0.0573  156.367313    0.714  102.999 -102.942   -0.975
  0.2624211    0.0599   90.151886    0.712   99.378  -99.318   -0.987
  0.2644558    0.0612  180.745369    0.709   95.757  -95.696   -0.995
  0.2664983    0.0642   77.905297    0.706   92.137  -92.072   -0.999
  0.2685486    0.0655  185.289334    0.703   88.517  -88.451   -1.000
  0.2706068    0.0682   85.875608    0.701   84.898  -84.830   -0.996
  0.2726729    0.0701  125.520598    0.698   81.279  -81.209   -0.988
  0.2747468    0.0725  100.322010    0.695   77.661  -77.589   -0.977
  0.2768286    0.0751   91.869904    0.693   74.044  -73.969   -0.961
  0.2789183    0.0773  107.959065    0.690   70.427  -70.350   -0.942
  0.2810158    0.0800   88.565139    0.688   66.811  -66.731   -0.919
  0.2831211    0.0824   99.541680    0.685   63.196  -63.113   -0.892
  0.2852343    0.0853   84.381305    0.682   59.581  -59.496   -0.862
  0.2873554    0.0879   93.468787    0.680   55.967  -55.879   -0.828
  0.2894843    0.0907   86.185006    0.677   52.353  -52.262   -0.791
  0.2916211    0.0939   77.199194    0.675   48.740  -48.646   -0.751
  0.2937658    0.0968   86.555078    0.672   45.127  -45.030   -0.707
  0.2959183    0.1000   75.983388    0.670   41.515  -41.415   -0.662
  0.2980786    0.1032   77.910006    0.668   37.904  -37.801   -0.613
  0.3002468    0.1064   75.940384    0.665   34.293  -34.187   -0.562
  0.3024229    0.1100   69.252030    0.663   30.683  -30.573   -0.509
  0.3046068    0.1135   72.427564    0.660   27.073  -26.960   -0.453
  0.3067986    0.1171   69.933153    0.658   23.464  -23.347   -0.396
  0.3089983    0.1209   66.905786    0.656   19.856  -19.735   -0.338
  0.3112058    0.1247   66.292588    0.653   16.248  -16.123   -0.278
  0.3134211    0.1286   64.270714    0.651   12.641  -12.512   -0.217
  0.3156443    0.1327   62.995189    0.649    9.034   -8.902   -0.155
  0.3178754    0.1368   61.294645    0.646    5.428   -5.291   -0.092
  0.3201143    0.1411   59.777620    0.644    1.823   -1.681   -0.029
  0.3223611    0.1456   58.288734    0.642   -1.782    1.928    0.034
  0.3246158    0.1501   56.829881    0.640   -5.387    5.537    0.096
  0.3268783    0.1548   55.581398    0.638   -8.990    9.145    0.159
  0.3291486    0.1596   53.880860    0.635  -12.594   12.753    0.221
  0.3314268    0.1645   52.734564    0.633  -16.196   16.361    0.282
  0.3337129    0.1696   51.749568    0.631  -19.798   19.968    0.341
  0.3360068    0.1749   50.028397    0.629  -23.400   23.575    0.400
  0.3383086    0.1803   48.558756    0.627  -27.001   27.181    0.457
  0.3406183    0.1858   47.706403    0.625  -30.601   30.787    0.512
  0.3429358    0.1915   46.951509    0.622  -34.201   34.393    0.565
  0.3452611    0.1974   44.773755    0.620  -37.800   37.998    0.616
  0.3475943    0.2034   45.053317    0.618  -41.399   41.602    0.664
  0.3499354    0.2095   43.828667    0.616  -44.997   45.207    0.710
  0.3522843    0.2160   41.532994    0.614  -48.595   48.811    0.753
  0.3546411    0.2227   40.263812    0.612  -52.192   52.415    0.792
  0.3570058    0.2294   40.340440    0.610  -55.788   56.018    0.829
  0.3593783    0.2364   38.694922    0.608  -59.384   59.621    0.863
  0.3617586    0.2438   36.907205    0.606  -62.980   63.224    0.893
  0.3641468    0.2508   39.333647    0.604  -66.575   66.825    0.919
  0.3665429    0.2584   36.180047    0.602  -70.169   70.427    0.942
  0.3689468    0.2663   34.700438    0.600  -73.763   74.029    0.961
  0.3713586    0.2745   33.845834    0.598  -77.356   77.630    0.977
  0.3737783    0.2830   32.667791    0.596  -80.949   81.232    0.988
  0.3762058    0.2915   32.543819    0.594  -84.541   84.832    0.996
  0.3786411    0.3002   32.167402    0.592  -88.132   88.433    1.000
  0.3810843    0.3091   31.315758    0.590  -91.723   92.033    0.999
  0.3835354    0.3183   30.723784    0.589  -95.314   95.632    0.995
  0.3859943    0.3280   28.844318    0.587  -98.904   99.232    0.987
  0.3884611    0.3378   28.874085    0.585 -102.494  102.831    0.975
  0.3909358    0.3479   28.020686    0.583 -106.083  106.431    0.959
  0.3934183    0.3584   27.178277    0.581 -109.671  110.030    0.940
  0.3959086    0.3693   26.159490    0.579 -113.259  113.628    0.916
  0.3984069    0.3803   26.020186    0.577 -116.847  117.227    0.889
  0.4009129    0.3916   25.576038    0.576 -120.434  120.825    0.859
  0.4034269    0.4036   23.938185    0.574 -124.020  124.424    0.825
  0.4059486    0.4157   23.877551    0.572 -127.606  128.022    0.788
  0.4084783    0.4280   23.579569    0.570 -131.191  131.619    0.748
  0.4110158    0.4411   22.209444    0.569 -134.776  135.217    0.704
  0.4135612    0.4541   22.348971    0.567 -138.361  138.815    0.658
  0.4161144    0.4677   21.479089    0.565 -141.945  142.412    0.610
  0.4186754    0.4818   20.814709    0.563 -145.528  146.010    0.559
  0.4212444    0.4963   20.301168    0.562 -149.111  149.607    0.506
  0.4238212    0.5114   19.672964    0.560 -152.693  153.205    0.451
  0.4264058    0.5267   19.273200    0.558 -156.275  156.802    0.394
  0.4289983    0.5426   18.682449    0.556 -159.857  160.399    0.335
  0.4315987    0.5590   18.171025    0.555 -163.438  163.997    0.276
  0.4342069    0.5760   17.643207    0.553 -167.018  167.594    0.215
  0.4368230    0.5934   17.192546    0.551 -170.598  171.191    0.153
  0.4394469    0.6114   16.710591    0.550 -174.177  174.789    0.091
  0.4420787    0.6300   16.245365    0.548 -177.757  178.386    0.028
  0.4447183    0.6491   15.786678    0.547  178.665 -178.016   -0.035
  0.4473658    0.6689   15.341096    0.545  175.087 -174.418   -0.097
  0.4500212    0.6893   14.906175    0.543  171.509 -170.820   -0.160
  0.4526844    0.7104   14.478904    0.542  167.932 -167.222   -0.221
  0.4553555    0.7321   14.071455    0.540  164.356 -163.623   -0.282
  0.4580344    0.7546   13.650698    0.539  160.779 -160.025   -0.342
  0.4607212    0.7779   13.235869    0.537  157.204 -156.426   -0.400
  0.4634159    0.8019   12.851193    0.535  153.628 -152.826   -0.457
  0.4661184    0.8268   12.426597    0.534  150.054 -149.227   -0.512
  0.4688287    0.8523   12.176387    0.532  146.479 -145.627   -0.565
  0.4715469    0.8789   11.727652    0.531  142.905 -142.026   -0.615
  0.4742730    0.9062   11.431676    0.529  139.332 -138.426   -0.664
  0.4770069    0.9348   10.966495    0.528  135.759 -134.824   -0.709
  0.4797487    0.9640   10.767504    0.526  132.186 -131.222   -0.752
  0.4824984    0.9944   10.339820    0.525  128.614 -127.620   -0.792
  0.4852559    1.0260   10.024634    0.523  125.043 -124.017   -0.829
  0.4880212    1.0587    9.693254    0.522  121.472 -120.413   -0.862
  0.4907945    1.0921    9.503693    0.520  117.901 -116.809   -0.893
  0.4935755    1.1271    9.107166    0.519  114.330 -113.203   -0.919
  0.4963645    1.1635    8.779718    0.517  110.761 -109.597   -0.942
  0.4991613    1.2012    8.497843    0.516  107.191 -105.990   -0.961
  0.5019659    1.2402    8.234398    0.514  103.622 -102.382   -0.977
  0.5047784    1.2802    8.063855    0.513  100.054  -98.773   -0.988
  0.5075988    1.3229    7.577727    0.512   96.485  -95.163   -0.996
  0.5104270    1.3661    7.494641    0.510   92.918  -91.552   -1.000
  0.5132631    1.4117    7.124908    0.509   89.351  -87.939   -0.999
  0.5161070    1.4586    6.956568    0.507   85.784  -84.325   -0.995
  0.5189588    1.5076    6.669052    0.506   82.217  -80.710   -0.987
  0.5218184    1.5587    6.402890    0.505   78.651  -77.092   -0.975
  0.5246859    1.6116    6.218170    0.503   75.086  -73.474   -0.959
  0.5275613    1.6669    5.952161    0.502   71.520  -69.854   -0.939
  0.5304445    1.7244    5.746700    0.500   67.956  -66.231   -0.915
  0.5333356    1.7843    5.529085    0.499   64.391  -62.607   -0.888
  0.5362345    1.8469    5.308976    0.498   60.827  -58.980   -0.857
  0.5391413    1.9121    5.109326    0.496   57.264  -55.352   -0.823
  0.5420560    1.9802    4.906691    0.495   53.701  -51.721   -0.785
  0.5449785    2.0514    4.699841    0.494   50.138  -48.087   -0.744
  0.5479088    2.1257    4.521438    0.492   46.576  -44.450   -0.700
  0.5508471    2.2035    4.325741    0.491   43.014  -40.810   -0.654
  0.5537931    2.2849    4.147820    0.490   39.452  -37.167   -0.604
  0.5567471    2.3702    3.967646    0.488   35.891  -33.521   -0.552
  0.5597089    2.4597    3.793353    0.487   32.330  -29.871   -0.498
  0.5626785    2.5535    3.629832    0.486   28.770  -26.217   -0.442
  0.5656560    2.6520    3.461645    0.485   25.210  -22.558   -0.384
  0.5686414    2.7556    3.301777    0.483   21.651  -18.895   -0.324
  0.5716346    2.8646    3.147964    0.482   18.091  -15.227   -0.263
  0.5746357    2.9794    2.996970    0.481   14.533  -11.553   -0.200
  0.5776446    3.1003    2.849918    0.480   10.974   -7.874   -0.137
  0.5806614    3.2280    2.707486    0.478    7.416   -4.188   -0.073
  0.5836861    3.3629    2.569293    0.477    3.859   -0.496   -0.009
  0.5867186    3.5056    2.435093    0.476    0.301    3.204    0.056
  0.5897589    3.6568    2.304954    0.475   -3.255    6.912    0.120
  0.5928071    3.8171    2.178844    0.473   -6.812   10.629    0.184
  0.5958632    3.9874    2.056630    0.472  -10.368   14.355    0.248
  0.5989272    4.1685    1.938322    0.471  -13.924   18.092    0.311
  0.6019990    4.3616    1.823402    0.470  -17.479   21.841    0.372
  0.6050786    4.5676    1.713102    0.469  -21.034   25.602    0.432
  0.6081661    4.7878    1.606255    0.467  -24.589   29.377    0.491
  0.6112615    5.0238    1.503078    0.466  -28.143   33.167    0.547
  0.6143647    5.2772    1.403457    0.465  -31.697   36.974    0.601
  0.6174758    5.5498    1.307779    0.464  -35.251   40.800    0.653
  0.6205947    5.8438    1.215651    0.463  -38.804   44.648    0.703
  0.6237215    6.1619    1.126391    0.462  -42.357   48.519    0.749
  0.6268561    6.5065    1.042243    0.460  -45.909   52.416    0.792
  0.6299987    6.8814    0.960501    0.459  -49.461   56.343    0.832
  0.6331490    7.2904    0.882713    0.458  -53.013   60.303    0.869
  0.6363072    7.7387    0.807304    0.457  -56.564   64.303    0.901
  0.6394733    8.2312    0.736672    0.456  -60.116   68.347    0.929
  0.6426473    8.7747    0.669154    0.455  -63.666   72.441    0.953
  0.6458290    9.3772    0.605145    0.454  -67.217   76.594    0.973
  0.6490187   10.0491    0.544032    0.452  -70.767   80.816    0.987
  0.6522162   10.8018    0.486760    0.451  -74.316   85.118    0.996
  0.6554216   11.6505    0.432822    0.450  -77.866   89.516    1.000
  0.6586348   12.6139    0.382177    0.449  -81.415   94.029    0.998
  0.6618559   13.7162    0.334859    0.448  -84.963   98.680    0.989
  0.6650848   14.9879    0.290951    0.447  -88.512  103.500    0.972
  0.6683216   16.4696    0.250327    0.446  -92.060  108.529    0.948
  0.6715663   18.2143    0.213109    0.445  -95.607  113.822    0.915
  0.6748188   20.2932    0.179281    0.444  -99.155  119.448    0.871
  0.6780791   22.8052    0.148733    0.443 -102.702  125.507    0.814
  0.6813473   25.8861    0.121558    0.442 -106.248  132.134    0.742
  0.6846234   29.7265    0.097755    0.441 -109.795  139.521    0.649
  0.6879074   34.5938    0.077313    0.439 -113.341  147.934    0.531
  0.6911992   40.8533    0.060263    0.438 -116.886  157.740    0.379
  0.6944988   48.9646    0.046615    0.437 -120.432  169.396    0.184
  0.6978063   59.3817    0.036384    0.436 -123.977  183.358   -0.059
  0.7011217   72.2278    0.029574    0.435 -127.521  199.749   -0.338
  0.7044449   86.7782    0.026172    0.434 -131.066  217.844   -0.614
  0.7077760  101.3685    0.026162    0.433 -134.610  235.978   -0.829
  0.7111149  114.3084    0.029569    0.432 -138.154  252.462   -0.954
  0.7144617  124.8297    0.036451    0.431 -141.697  266.527   -0.998
  0.7178164  133.0295    0.046881    0.430 -145.240  278.270   -0.990
  0.7211789  139.3571    0.060895    0.429 -148.783  288.140   -0.950
  0.7245492  144.2742    0.078544    0.428 -152.326  296.600   -0.894
  0.7279275  148.1514    0.099846    0.427 -155.868  304.019   -0.829
  0.7313135  151.2591    0.124854    0.426 -159.410  310.669   -0.758
  0.7347075  153.7910    0.153609    0.425 -162.951  316.742   -0.685
  0.7381093  155.8853    0.186133    0.424 -166.493  322.378   -0.610
  0.7415189  157.6412    0.222521    0.423 -170.034  327.675   -0.535
  0.7449364  159.1313    0.262810    0.422 -173.574  332.706   -0.459
  0.7483618  160.4096    0.307045    0.421 -177.115  337.524   -0.382
  0.7517950  161.5170    0.355278    0.420  179.345  -17.828   -0.306
  0.7552361  162.4843    0.407652    0.419  175.805  -13.321   -0.230
  0.7586851  163.3358    0.464165    0.418  172.266   -8.930   -0.155
  0.7621418  164.0904    0.524912    0.418  168.727   -4.636   -0.081
  0.7656065  164.7633    0.590001    0.417  165.188   -0.425   -0.007
  0.7690790  165.3667    0.659497    0.416  161.649    3.717    0.065
  0.7725594  165.9104    0.733501    0.415  158.111    7.799    0.136
  0.7760476  166.4026    0.812113    0.414  154.573   11.830    0.205
  0.7795437  166.8500    0.895384    0.413  151.035   15.815    0.273
  0.7830476  167.2583    0.983560    0.412  147.498   19.761    0.338
  0.7865594  167.6320    1.076769    0.411  143.961   23.671    0.401
  0.7900791  167.9752    1.175095    0.410  140.424   27.552    0.463
  0.7936066  168.2915    1.278200    0.409  136.887   31.404    0.521
  0.7971419  168.5835    1.387079    0.408  133.351   35.233    0.577
  0.8006852  168.8540    1.501349    0.407  129.815   39.039    0.630
  0.8042363  169.1050    1.621080    0.406  126.279   42.826    0.680
  0.8077952  169.3386    1.745998    0.406  122.743   46.595    0.727
  0.8113620  169.5561    1.878750    0.405  119.208   50.348    0.770
  0.8149366  169.7592    2.017352    0.404  115.673   54.086    0.810
  0.8185192  169.9493    2.159727    0.403  112.139   57.811    0.846
  0.8221095  170.1272    2.311944    0.402  108.604   61.523    0.879
  0.8257077  170.2941    2.470816    0.401  105.070   65.224    0.908
  0.8293138  170.4509    2.634945    0.400  101.536   68.915    0.933
  0.8329278  170.5985    2.805491    0.399   98.003   72.596    0.954
  0.8365496  170.7374    2.987893    0.399   94.469   76.268    0.971
  0.8401792  170.8686    3.170215    0.398   90.936   79.932    0.985
  0.8438167  170.9921    3.375576    0.397   87.404   83.589    0.994
  0.8474621  171.1089    3.576146    0.396   83.871   87.238    0.999
  0.8511153  171.2194    3.790407    0.395   80.339   90.881    1.000
  0.8547764  171.3239    4.013902    0.394   76.807   94.517    0.997
  0.8584453  171.4232    4.235236    0.393   73.275   98.148    0.990
  0.8621221  171.5169    4.496543    0.393   69.744  101.773    0.979
  0.8658068  171.6062    4.728034    0.392   66.212  105.394    0.964
  0.8694993  171.6907    5.005929    0.391   62.682  109.009    0.945
  0.8731997  171.7707    5.298848    0.390   59.151  112.620    0.923
  0.8769079  171.8471    5.561841    0.389   55.620  116.227    0.897
  0.8806240  171.9196    5.875948    0.388   52.090  119.829    0.868
  0.8843479  171.9887    6.171305    0.388   48.560  123.428    0.835
  0.8880797  172.0543    6.520260    0.387   45.031  127.024    0.798
  0.8918194  172.1168    6.861246    0.386   41.501  130.616    0.759
  0.8955669  172.1763    7.215158    0.385   37.972  134.204    0.717
  0.8993223  172.2330    7.593571    0.384   34.443  137.790    0.672
  0.9030855  172.2870    7.976575    0.384   30.914  141.373    0.624
  0.9068566  172.3385    8.388980    0.383   27.386  144.953    0.574
  0.9106355  172.3876    8.826097    0.382   23.858  148.530    0.522
  0.9144223  172.4344    9.280636    0.381   20.330  152.105    0.468
  0.9182170  172.4789    9.764242    0.380   16.802  155.677    0.412
  0.9220195  172.5214   10.252130    0.380   13.275  159.247    0.354
  0.9258298  172.5619   10.782708    0.379    9.747  162.814    0.295
  0.9296481  172.6005   11.330837    0.378    6.220  166.380    0.235
  0.9334742  172.6373   11.910322    0.377    2.694  169.944    0.175
  0.9373081  172.6724   12.518642    0.376   -0.833  173.505    0.113
  0.9411499  172.7058   13.166172    0.376   -4.359  177.065    0.051
  0.9449995  172.7377   13.846137    0.375   -7.885  180.623   -0.011
  0.9488571  172.7680   14.563971    0.374  -11.411  184.179   -0.073
  0.9527224  172.7969   15.327724    0.373  -14.936  187.733   -0.135
  0.9565957  172.8245   16.129931    0.373  -18.462  191.286   -0.196
  0.9604767  172.8506   16.994395    0.372  -21.987  194.838   -0.256
  0.9643657  172.8756   17.874021    0.371  -25.512  198.387   -0.315
  0.9682625  172.8993   18.850216    0.370  -29.036  201.936   -0.374
  0.9721671  172.9218   19.881913    0.370  -32.561  205.483   -0.430
  0.9760796  172.9431   21.051492    0.369  -36.085  209.028   -0.485
  0.9800000  172.9634   22.109485    0.368  -39.609  212.572   -0.538
 &
# KN1=   5   1
# KN1=   6   1
# KN1=   7   1
# KN1=   8   1
# KN1=  12   1
# KN1=  13   1
# KN1=  14   1
# KN1=  15   1
# KN1=  16   1
# KN1=  17   1
# KN1=  18   1
# KN1=  19   1
# KN1=  20   1
# KN1=  21   1
# KN1=  22   1
# KN1=  23   1
# KN1=  33   1
# KN1=  39   1
# KN1=  40   1
# KN1=  41   1
# KN1=  42   1
# KN1=  43   1
# KN1=  44   1
# KN1=  45   1
# KN1=  46   1
# KN1=  47   1
# KN1=  48   1
# KN1=  49   1
# KN1=  50   1
# KN1=  77   3
  0.0100000    0.0000    0.000000    3.646   -0.016    0.016    0.000
  0.0104003    0.0000 ***********    3.575   -0.025    0.025    0.000
  0.0108085    0.0000 ***********    3.507   -0.037    0.037    0.001
  0.0112246   -0.0000 ***********    3.441   -0.053    0.053    0.001
  0.0116485   -0.0000 ***********    3.378   -0.076    0.076    0.001
  0.0120803    0.0000 ***********    3.317   -0.107    0.107    0.002
  0.0125199    0.0000 ***********    3.258   -0.148    0.148    0.003
  0.0129674    0.0000 ***********    3.201   -0.201    0.201    0.004
  0.0134227   -0.0000 ***********    3.147   -0.271    0.271    0.005
  0.0138859   -0.0000 ***********    3.094   -0.361    0.361    0.006
  0.0143570    0.0000 ***********    3.043   -0.473    0.473    0.008
  0.0148359    0.0000 ***********    2.993   -0.614    0.614    0.011
  0.0153227   -0.0000 ***********    2.945   -0.787    0.787    0.014
  0.0158173    0.0000 ***********    2.899   -0.997    0.997    0.017
  0.0163198   -0.0000 ***********    2.854   -1.250    1.250    0.022
  0.0168301    0.0000 3226.625171    2.810   -1.552    1.552    0.027
  0.0173483   -0.0000 ***********    2.768   -1.907    1.907    0.033
  0.0178744    0.0000 1246.133132    2.727   -2.321    2.321    0.041
  0.0184083    0.0000 2459.666850    2.687   -2.800    2.800    0.049
  0.0189501    0.0001 5783.567661    2.648   -3.347    3.347    0.058
  0.0194997    0.0001 4246.466246    2.611   -3.969    3.969    0.069
  0.0200572    0.0000 ***********    2.574   -4.668    4.668    0.081
  0.0206225    0.0001 1620.112264    2.539   -5.449    5.449    0.095
  0.0211957   -0.0001 -320.513022    2.504   -6.315    6.314    0.110
  0.0217768    0.0001  242.602199    2.470   -7.267    7.267    0.126
  0.0223657   -0.0000 -354.296329    2.438   -8.308    8.308    0.144
  0.0229625   -0.0000 ***********    2.406   -9.439    9.439    0.164
  0.0235671    0.0002  260.306660    2.375  -10.661   10.661    0.185
  0.0241796   -0.0000 -273.897460    2.344  -11.973   11.973    0.207
  0.0247999    0.0002  386.463845    2.315  -13.376   13.376    0.231
  0.0254281    0.0001 -715.070313    2.286  -14.869   14.869    0.257
  0.0260642   -0.0001 -563.935693    2.258  -16.449   16.449    0.283
  0.0267081   -0.0001 ***********    2.231  -18.116   18.116    0.311
  0.0273599   -0.0000 1369.033880    2.204  -19.868   19.868    0.340
  0.0280195   -0.0006 -128.689087    2.178  -21.703   21.702    0.370
  0.0286870   -0.0003  226.323625    2.152  -23.618   23.618    0.401
  0.0293624   -0.0004 -538.387026    2.128  -25.611   25.610    0.432
  0.0300456   -0.0002  358.079921    2.103  -27.679   27.678    0.465
  0.0307366   -0.0005 -262.450066    2.079  -29.819   29.819    0.497
  0.0314355    0.0002  110.008980    2.056  -32.030   32.030    0.530
  0.0321423   -0.0003 -166.686378    2.033  -34.308   34.307    0.564
  0.0328569    0.0000  265.068208    2.011  -36.650   36.650    0.597
  0.0335794    0.0000 ***********    1.989  -39.054   39.054    0.630
  0.0343098   -0.0000 ***********    1.968  -41.518   41.518    0.663
  0.0350480    0.0019   44.373770    1.947  -44.038   44.040    0.695
  0.0357940    0.0008  -77.018841    1.927  -46.612   46.613    0.727
  0.0365480   -0.0007  -59.406975    1.907  -49.238   49.238    0.757
  0.0373097   -0.0003  255.372974    1.887  -51.914   51.913    0.787
  0.0380794    0.0010   66.783532    1.868  -54.636   54.637    0.816
  0.0388568    0.0015  168.090224    1.849  -57.404   57.405    0.843
  0.0396422    0.0008 -116.120521    1.831  -60.214   60.215    0.868
  0.0404354   -0.0005  -70.357712    1.813  -63.065   63.065    0.892
  0.0412365   -0.0002  316.163800    1.795  -65.955   65.955    0.913
  0.0420454    0.0003  156.623279    1.778  -68.882   68.883    0.933
  0.0428621   -0.0012  -61.677116    1.761  -71.845   71.843    0.950
  0.0436868   -0.0013 -542.833468    1.744  -74.841   74.839    0.965
  0.0445193   -0.0002   82.931862    1.728  -77.868   77.868    0.978
  0.0453596    0.0011   73.525408    1.712  -80.927   80.928    0.987
  0.0462078   -0.0019  -31.715923    1.696  -84.014   84.012    0.995
  0.0470639   -0.0013  148.919782    1.680  -87.129   87.128    0.999
  0.0479278    0.0009   45.969961    1.665  -90.270   90.271    1.000
  0.0487996   -0.0008  -59.042655    1.650  -93.436   93.435    0.998
  0.0496792    0.0006   72.475096    1.636  -96.626   96.627    0.993
  0.0505667    0.0000 -196.781130    1.621  -99.839   99.839    0.985
  0.0514620   -0.0016  -60.443984    1.607 -103.073  103.071    0.974
  0.0523652   -0.0007  103.544051    1.593 -106.328  106.327    0.960
  0.0532763    0.0000  159.563914    1.579 -109.602  109.602    0.942
  0.0541952   -0.0011  -91.713239    1.566 -112.895  112.894    0.921
  0.0551220   -0.0005  169.073148    1.553 -116.206  116.205    0.897
  0.0560566   -0.0007 -721.623334    1.540 -119.533  119.533    0.870
  0.0569991   -0.0009 -561.887038    1.527 -122.877  122.876    0.840
  0.0579495    0.0008   67.779169    1.514 -126.236  126.237    0.807
  0.0589077   -0.0005  -90.885858    1.502 -129.610  129.610    0.770
  0.0598737    0.0007   99.248163    1.490 -132.998  132.998    0.731
  0.0608476   -0.0004 -109.659441    1.478 -136.399  136.398    0.690
  0.0618294    0.0002  190.622247    1.466 -139.812  139.813    0.645
  0.0628191   -0.0003 -221.462870    1.455 -143.238  143.238    0.598
  0.0638165   -0.0003 ***********    1.443 -146.675  146.675    0.549
  0.0648219    0.0001  300.079521    1.432 -150.123  150.124    0.498
  0.0658351    0.0001 ***********    1.421 -153.582  153.582    0.445
  0.0668562    0.0001 2631.817982    1.410 -157.051  157.051    0.390
  0.0678851    0.0001 ***********    1.399 -160.529  160.529    0.333
  0.0689219    0.0001 ***********    1.389 -164.016  164.016    0.275
  0.0699665    0.0001 ***********    1.378 -167.511  167.511    0.216
  0.0710190    0.0001 4464.556314    1.368 -171.015  171.015    0.156
  0.0720793    0.0001 ***********    1.358 -174.527  174.527    0.095
  0.0731475    0.0002 8030.187221    1.348 -178.046  178.046    0.034
  0.0742236    0.0002 ***********    1.338  178.428 -178.427   -0.027
  0.0753075    0.0002 6482.828847    1.328  174.894 -174.894   -0.089
  0.0763993    0.0002 ***********    1.319  171.355 -171.355   -0.150
  0.0774989    0.0002 2589.486212    1.310  167.809 -167.809   -0.211
  0.0786064    0.0003 1255.760026    1.300  164.258 -164.257   -0.271
  0.0797218    0.0003 ***********    1.291  160.701 -160.700   -0.331
  0.0808450    0.0003 6036.818580    1.282  157.138 -157.138   -0.389
  0.0819760    0.0002 -975.006994    1.273  153.571 -153.570   -0.445
  0.0831149    0.0001 ***********    1.265  149.998 -149.998   -0.500
  0.0842617    0.0004  512.725207    1.256  146.421 -146.421   -0.553
  0.0854164    0.0003 ***********    1.247  142.840 -142.840   -0.604
  0.0865788    0.0003 ***********    1.239  139.254 -139.254   -0.653
  0.0877492    0.0002 ***********    1.231  135.665 -135.665   -0.699
  0.0889274    0.0005  459.598604    1.223  132.072 -132.071   -0.742
  0.0901135    0.0005 4368.152164    1.214  128.475 -128.475   -0.783
  0.0913074    0.0004 ***********    1.206  124.875 -124.874   -0.820
  0.0925092    0.0006  682.786192    1.199  121.271 -121.271   -0.855
  0.0937188    0.0002 -373.413429    1.191  117.665 -117.665   -0.886
  0.0949363    0.0012  139.535828    1.183  114.056 -114.054   -0.913
  0.0961616    0.0010 -762.700598    1.176  110.443 -110.442   -0.937
  0.0973948    0.0007 -404.624593    1.168  106.829 -106.828   -0.957
  0.0986359    0.0005 -754.808887    1.161  103.211 -103.211   -0.974
  0.0998848    0.0001 -348.165361    1.154   99.592  -99.592   -0.986
  0.1011416    0.0010  153.353848    1.146   95.970  -95.969   -0.995
  0.1024062    0.0016  240.675385    1.139   92.346  -92.344   -0.999
  0.1036787    0.0010 -220.068988    1.132   88.720  -88.719   -1.000
  0.1049591    0.0015  259.580436    1.125   85.092  -85.091   -0.996
  0.1062473    0.0002 -109.898137    1.118   81.462  -81.462   -0.989
  0.1075434    0.0011  158.457580    1.112   77.831  -77.830   -0.978
  0.1088473    0.0018  215.707525    1.105   74.198  -74.196   -0.962
  0.1101591    0.0009 -166.669468    1.098   70.564  -70.563   -0.943
  0.1114787    0.0011  765.079064    1.092   66.928  -66.927   -0.920
  0.1128062    0.0014  605.758061    1.085   63.291  -63.290   -0.893
  0.1141415    0.0013 ***********    1.079   59.653  -59.651   -0.863
  0.1154847    0.0015  575.076117    1.073   56.013  -56.012   -0.829
  0.1168358    0.0014 ***********    1.067   52.373  -52.371   -0.792
  0.1181947    0.0018  427.888974    1.060   48.731  -48.729   -0.752
  0.1195615    0.0018 7863.887863    1.054   45.088  -45.087   -0.708
  0.1209361    0.0018 3166.493288    1.048   41.445  -41.443   -0.662
  0.1223186    0.0021  707.904396    1.042   37.801  -37.799   -0.613
  0.1237090    0.0021 1893.977131    1.037   34.156  -34.154   -0.561
  0.1251072    0.0024  559.550247    1.031   30.510  -30.508   -0.508
  0.1265133    0.0023 ***********    1.025   26.864  -26.862   -0.452
  0.1279272    0.0024 1324.350745    1.019   23.217  -23.215   -0.394
  0.1293490    0.0026 1297.868102    1.014   19.570  -19.567   -0.335
  0.1307786    0.0028  787.879916    1.008   15.922  -15.919   -0.274
  0.1322161    0.0029 2243.126529    1.003   12.274  -12.271   -0.213
  0.1336614    0.0030 1007.667798    0.997    8.625   -8.622   -0.150
  0.1351146    0.0032 1155.240985    0.992    4.976   -4.973   -0.087
  0.1365757    0.0033 1025.332158    0.986    1.327   -1.323   -0.023
  0.1380446    0.0035 1002.020828    0.981   -2.323    2.327    0.041
  0.1395214    0.0037  957.153272    0.976   -5.973    5.977    0.104
  0.1410060    0.0038 1014.540177    0.971   -9.623    9.627    0.167
  0.1424985    0.0041  803.904374    0.966  -13.273   13.277    0.230
  0.1439989    0.0042  870.188750    0.961  -16.923   16.927    0.291
  0.1455071    0.0045  829.425886    0.956  -20.573   20.578    0.351
  0.1470232    0.0047  684.520787    0.951  -24.224   24.229    0.410
  0.1485471    0.0048 1424.860014    0.946  -27.874   27.879    0.468
  0.1500789    0.0050  989.339973    0.941  -31.525   31.530    0.523
  0.1516185    0.0053  732.176295    0.936  -35.175   35.180    0.576
  0.1531660    0.0056  505.726577    0.932  -38.825   38.831    0.627
  0.1547214    0.0056 4955.142403    0.927  -42.475   42.481    0.675
  0.1562846    0.0064  241.098799    0.922  -46.125   46.132    0.721
  0.1578556    0.0064 3289.458475    0.918  -49.775   49.782    0.764
  0.1594346    0.0067  746.074944    0.913  -53.425   53.432    0.803
  0.1610213    0.0070  537.694356    0.909  -57.074   57.081    0.839
  0.1626160    0.0071 3327.307825    0.904  -60.724   60.731    0.872
  0.1642185    0.0080  201.722901    0.900  -64.373   64.381    0.902
  0.1658288    0.0080 5997.730209    0.895  -68.022   68.030    0.927
  0.1674470    0.0084  486.577379    0.891  -71.670   71.679    0.949
  0.1690731    0.0089  382.816308    0.887  -75.319   75.327    0.967
  0.1707070    0.0091  769.538314    0.882  -78.967   78.976    0.982
  0.1723488    0.0102  178.898211    0.878  -82.614   82.624    0.992
  0.1739984    0.0107  364.337420    0.874  -86.262   86.272    0.998
  0.1756559    0.0109 1190.592371    0.870  -89.909   89.920    1.000
  0.1773213    0.0114  324.169138    0.866  -93.555   93.567    0.998
  0.1789945    0.0110 -478.657177    0.862  -97.202   97.213    0.992
  0.1806756    0.0118  249.748063    0.858 -100.848  100.859    0.982
  0.1823645    0.0120 1313.307938    0.854 -104.493  104.505    0.968
  0.1840613    0.0124  432.287708    0.850 -108.138  108.151    0.950
  0.1857659    0.0131  284.004657    0.846 -111.783  111.796    0.929
  0.1874784    0.0140  220.979724    0.842 -115.427  115.441    0.903
  0.1891988    0.0143  621.977594    0.838 -119.071  119.085    0.874
  0.1909270    0.0151  255.832241    0.834 -122.714  122.729    0.841
  0.1926630    0.0155  471.330195    0.831 -126.357  126.373    0.805
  0.1944070    0.0162  300.550499    0.827 -130.000  130.016    0.766
  0.1961587    0.0168  311.178321    0.823 -133.641  133.658    0.723
  0.1979184    0.0178  203.983769    0.819 -137.283  137.301    0.678
  0.1996859    0.0183  436.563804    0.816 -140.924  140.942    0.630
  0.2014612    0.0189  307.938227    0.812 -144.564  144.583    0.580
  0.2032444    0.0199  216.092819    0.809 -148.204  148.224    0.527
  0.2050355    0.0205  332.667266    0.805 -151.844  151.864    0.472
  0.2068344    0.0212  275.167955    0.802 -155.483  155.504    0.415
  0.2086412    0.0220  267.816219    0.798 -159.121  159.143    0.356
  0.2104558    0.0229  233.119095    0.795 -162.759  162.782    0.296
  0.2122783    0.0238  242.525357    0.791 -166.396  166.420    0.235
  0.2141087    0.0247  230.688376    0.788 -170.033  170.058    0.173
  0.2159469    0.0256  225.401572    0.785 -173.669  173.695    0.110
  0.2177930    0.0266  219.151034    0.781 -177.305  177.331    0.047
  0.2196469    0.0276  213.685697    0.778  179.060 -179.032   -0.017
  0.2215087    0.0286  207.760272    0.775  175.425 -175.397   -0.080
  0.2233783    0.0297  199.078623    0.771  171.791 -171.762   -0.143
  0.2252558    0.0307  202.003858    0.768  168.158 -168.127   -0.206
  0.2271412    0.0319  181.966811    0.765  164.525 -164.493   -0.267
  0.2290344    0.0331  191.204110    0.762  160.893 -160.860   -0.328
  0.2309355    0.0342  186.409131    0.759  157.261 -157.227   -0.387
  0.2328444    0.0354  183.946560    0.756  153.630 -153.595   -0.445
  0.2347612    0.0366  179.117120    0.752  149.999 -149.963   -0.501
  0.2366858    0.0381  151.440083    0.749  146.370 -146.331   -0.554
  0.2386183    0.0394  175.004831    0.746  142.740 -142.701   -0.606
  0.2405587    0.0409  146.028897    0.743  139.111 -139.070   -0.655
  0.2425069    0.0423  152.559893    0.740  135.483 -135.441   -0.702
  0.2444629    0.0436  175.031343    0.737  131.856 -131.812   -0.745
  0.2464269    0.0455  119.140862    0.734  128.229 -128.183   -0.786
  0.2483986    0.0470  153.035978    0.731  124.602 -124.555   -0.824
  0.2503783    0.0483  177.810744    0.729  120.976 -120.928   -0.858
  0.2523658    0.0504  107.510793    0.726  117.351 -117.301   -0.889
  0.2543611    0.0521  134.201009    0.723  113.726 -113.674   -0.916
  0.2563644    0.0536  149.407286    0.720  110.102 -110.049   -0.939
  0.2583754    0.0559  103.571684    0.717  106.479 -106.423   -0.959
  0.2603944    0.0576  129.202901    0.714  102.856 -102.798   -0.975
  0.2624211    0.0593  142.111756    0.712   99.234  -99.175   -0.987
  0.2644558    0.0614  109.553761    0.709   95.612  -95.551   -0.995
  0.2664983    0.0632  132.625452    0.706   91.991  -91.928   -0.999
  0.2685486    0.0657   92.402074    0.703   88.371  -88.305   -1.000
  0.2706068    0.0676  123.408237    0.701   84.751  -84.683   -0.996
  0.2726729    0.0704   86.406913    0.698   81.132  -81.061   -0.988
  0.2747468    0.0730   91.046810    0.696   77.513  -77.440   -0.976
  0.2768286    0.0749  126.900857    0.693   73.895  -73.820   -0.960
  0.2789183    0.0776   88.104569    0.690   70.277  -70.200   -0.941
  0.2810158    0.0802   91.800813    0.688   66.661  -66.580   -0.918
  0.2831211    0.0826   98.768303    0.685   63.044  -62.962   -0.891
  0.2852343    0.0853   90.606121    0.683   59.429  -59.343   -0.860
  0.2873554    0.0881   86.045634    0.680   55.814  -55.725   -0.826
  0.2894843    0.0910   85.799998    0.678   52.199  -52.108   -0.789
  0.2916211    0.0940   81.398705    0.675   48.585  -48.491   -0.749
  0.2937658    0.0970   80.593647    0.673   44.972  -44.875   -0.706
  0.2959183    0.1001   80.796269    0.670   41.359  -41.259   -0.659
  0.2980786    0.1034   74.293854    0.668   37.747  -37.644   -0.611
  0.3002468    0.1067   75.216847    0.665   34.136  -34.029   -0.560
  0.3024229    0.1101   74.132588    0.663   30.525  -30.415   -0.506
  0.3046068    0.1136   70.808816    0.661   26.914  -26.801   -0.451
  0.3067986    0.1173   68.251522    0.658   23.305  -23.187   -0.394
  0.3089983    0.1210   68.375318    0.656   19.696  -19.575   -0.335
  0.3112058    0.1248   65.774777    0.654   16.087  -15.962   -0.275
  0.3134211    0.1288   64.270983    0.651   12.479  -12.350   -0.214
  0.3156443    0.1328   62.668006    0.649    8.872   -8.739   -0.152
  0.3178754    0.1370   61.099360    0.647    5.265   -5.128   -0.089
  0.3201143    0.1413   59.700085    0.644    1.658   -1.517   -0.026
  0.3223611    0.1457   58.200568    0.642   -1.947    2.093    0.037
  0.3246158    0.1503   56.755043    0.640   -5.552    5.703    0.099
  0.3268783    0.1550   55.371394    0.638   -9.157    9.312    0.162
  0.3291486    0.1598   54.078144    0.635  -12.761   12.921    0.224
  0.3314268    0.1648   52.126830    0.633  -16.364   16.529    0.285
  0.3337129    0.1699   51.469566    0.631  -19.967   20.137    0.344
  0.3360068    0.1752   49.843704    0.629  -23.569   23.744    0.403
  0.3383086    0.1805   49.397636    0.627  -27.171   27.351    0.459
  0.3406183    0.1860   48.491392    0.625  -30.772   30.958    0.514
  0.3429358    0.1918   45.474781    0.623  -34.373   34.564    0.567
  0.3452611    0.1978   44.108096    0.620  -37.973   38.170    0.618
  0.3475943    0.2039   43.877164    0.618  -41.572   41.776    0.666
  0.3499354    0.2100   44.047615    0.616  -45.171   45.381    0.712
  0.3522843    0.2162   43.465728    0.614  -48.769   48.986    0.755
  0.3546411    0.2228   40.805221    0.612  -52.367   52.590    0.794
  0.3570058    0.2297   39.670954    0.610  -55.964   56.194    0.831
  0.3593783    0.2367   38.621550    0.608  -59.561   59.798    0.864
  0.3617586    0.2440   37.544108    0.606  -63.157   63.401    0.894
  0.3641468    0.2512   37.750746    0.604  -66.753   67.004    0.921
  0.3665429    0.2589   35.759503    0.602  -70.348   70.607    0.943
  0.3689468    0.2667   35.398380    0.600  -73.942   74.209    0.962
  0.3713586    0.2747   34.384920    0.598  -77.536   77.811    0.977
  0.3737783    0.2837   30.800758    0.596  -81.130   81.413    0.989
  0.3762058    0.2918   34.391844    0.594  -84.723   85.014    0.996
  0.3786411    0.3000   34.143301    0.592  -88.315   88.615    1.000
  0.3810843    0.3096   29.000557    0.591  -91.907   92.216    0.999
  0.3835354    0.3188   30.744497    0.589  -95.498   95.817    0.995
  0.3859943    0.3284   29.138026    0.587  -99.089   99.417    0.987
  0.3884611    0.3383   28.561952    0.585 -102.679  103.017    0.974
  0.3909358    0.3485   28.039927    0.583 -106.269  106.617    0.958
  0.3934183    0.3591   26.728377    0.581 -109.858  110.217    0.938
  0.3959086    0.3698   26.732197    0.579 -113.447  113.817    0.915
  0.3984069    0.3807   26.138145    0.578 -117.035  117.416    0.888
  0.4009129    0.3923   24.732403    0.576 -120.623  121.015    0.857
  0.4034269    0.4041   24.446681    0.574 -124.210  124.614    0.823
  0.4059486    0.4164   23.526453    0.572 -127.796  128.213    0.786
  0.4084783    0.4288   23.401868    0.570 -131.383  131.811    0.745
  0.4110158    0.4417   22.519271    0.569 -134.968  135.410    0.702
  0.4135612    0.4550   22.001008    0.567 -138.553  139.008    0.656
  0.4161144    0.4686   21.518869    0.565 -142.138  142.607    0.607
  0.4186754    0.4826   20.847577    0.563 -145.722  146.205    0.556
  0.4212444    0.4973   20.098376    0.562 -149.306  149.803    0.503
  0.4238212    0.5123   19.661762    0.560 -152.889  153.401    0.448
  0.4264058    0.5277   19.217022    0.558 -156.472  156.999    0.391
  0.4289983    0.5436   18.650113    0.557 -160.054  160.597    0.332
  0.4315987    0.5601   18.093691    0.555 -163.635  164.196    0.272
  0.4342069    0.5770   17.658443    0.553 -167.217  167.794    0.211
  0.4368230    0.5945   17.147864    0.552 -170.797  171.392    0.150
  0.4394469    0.6126   16.671394    0.550 -174.378  174.990    0.087
  0.4420787    0.6312   16.203527    0.548 -177.957  178.588    0.025
  0.4447183    0.6504   15.747554    0.547  178.463 -177.813   -0.038
  0.4473658    0.6702   15.301663    0.545  174.885 -174.214   -0.101
  0.4500212    0.6907   14.863031    0.543  171.306 -170.616   -0.163
  0.4526844    0.7118   14.430850    0.542  167.728 -167.017   -0.225
  0.4553555    0.7336   14.028509    0.540  164.151 -163.417   -0.285
  0.4580344    0.7562   13.610512    0.539  160.574 -159.818   -0.345
  0.4607212    0.7794   13.247982    0.537  156.998 -156.218   -0.403
  0.4634159    0.8036   12.795856    0.536  153.422 -152.618   -0.460
  0.4661184    0.8284   12.449253    0.534  149.846 -149.018   -0.515
  0.4688287    0.8542   12.074991    0.532  146.271 -145.417   -0.568
  0.4715469    0.8808   11.694320    0.531  142.697 -141.816   -0.618
  0.4742730    0.9082   11.408284    0.529  139.122 -138.214   -0.666
  0.4770069    0.9367   10.969626    0.528  135.549 -134.612   -0.712
  0.4797487    0.9662   10.654381    0.526  131.975 -131.009   -0.755
  0.4824984    0.9967   10.352871    0.525  128.403 -127.406   -0.794
  0.4852559    1.0282   10.023625    0.523  124.830 -123.802   -0.831
  0.4880212    1.0609    9.692181    0.522  121.258 -120.198   -0.864
  0.4907945    1.0948    9.369395    0.520  117.687 -116.592   -0.894
  0.4935755    1.1300    9.061273    0.519  114.116 -112.986   -0.921
  0.4963645    1.1662    8.824899    0.517  110.545 -109.379   -0.943
  0.4991613    1.2038    8.512866    0.516  106.975 -105.771   -0.962
  0.5019659    1.2432    8.171680    0.515  103.405 -102.162   -0.978
  0.5047784    1.2838    7.935344    0.513   99.836  -98.552   -0.989
  0.5075988    1.3255    7.749895    0.512   96.267  -94.942   -0.996
  0.5104270    1.3697    7.327283    0.510   92.699  -91.329   -1.000
  0.5132631    1.4155    7.099348    0.509   89.131  -87.715   -0.999
  0.5161070    1.4627    6.895407    0.507   85.563  -84.101   -0.995
  0.5189588    1.5119    6.654483    0.506   81.996  -80.484   -0.986
  0.5218184    1.5628    6.427825    0.505   78.429  -76.867   -0.974
  0.5246859    1.6160    6.185259    0.503   74.863  -73.247   -0.958
  0.5275613    1.6713    5.954872    0.502   71.297  -69.626   -0.937
  0.5304445    1.7292    5.704914    0.501   67.732  -66.003   -0.914
  0.5333356    1.7893    5.516699    0.499   64.167  -62.377   -0.886
  0.5362345    1.8522    5.281459    0.498   60.602  -58.750   -0.855
  0.5391413    1.9176    5.086614    0.497   57.038  -55.120   -0.820
  0.5420560    1.9860    4.886631    0.495   53.474  -51.488   -0.782
  0.5449785    2.0573    4.694510    0.494   49.911  -47.853   -0.741
  0.5479088    2.1321    4.491528    0.493   46.347  -44.215   -0.697
  0.5508471    2.2103    4.307180    0.491   42.785  -40.575   -0.650
  0.5537931    2.2920    4.128170    0.490   39.223  -36.931   -0.601
  0.5567471    2.3778    3.946703    0.489   35.661  -33.283   -0.549
  0.5597089    2.4677    3.776617    0.487   32.099  -29.632   -0.494
  0.5626785    2.5619    3.610608    0.486   28.538  -25.976   -0.438
  0.5656560    2.6610    3.444517    0.485   24.978  -22.317   -0.380
  0.5686414    2.7651    3.286731    0.483   21.417  -18.652   -0.320
  0.5716346    2.8746    3.130718    0.482   17.857  -14.983   -0.259
  0.5746357    2.9900    2.980389    0.481   14.298  -11.308   -0.196
  0.5776446    3.1117    2.834054    0.480   10.739   -7.627   -0.133
  0.5806614    3.2401    2.692166    0.478    7.180   -3.940   -0.069
  0.5836861    3.3758    2.554333    0.477    3.622   -0.246   -0.004
  0.5867186    3.5193    2.420559    0.476    0.064    3.455    0.060
  0.5897589    3.6714    2.290734    0.475   -3.494    7.165    0.125
  0.5928071    3.8328    2.164996    0.473   -7.051   10.884    0.189
  0.5958632    4.0041    2.043356    0.472  -10.608   14.612    0.252
  0.5989272    4.1865    1.924922    0.471  -14.164   18.351    0.315
  0.6019990    4.3809    1.811488    0.470  -17.720   22.101    0.376
  0.6050786    4.5884    1.700703    0.469  -21.276   25.864    0.436
  0.6081661    4.8103    1.594191    0.467  -24.831   29.642    0.495
  0.6112615    5.0481    1.491332    0.466  -28.386   33.435    0.551
  0.6143647    5.3034    1.392843    0.465  -31.941   37.244    0.605
  0.6174758    5.5783    1.297057    0.464  -35.495   41.074    0.657
  0.6205947    5.8749    1.204830    0.463  -39.049   44.924    0.706
  0.6237215    6.1958    1.116622    0.462  -42.603   48.799    0.752
  0.6268561    6.5437    1.032702    0.460  -46.156   52.700    0.795
  0.6299987    6.9223    0.950920    0.459  -49.709   56.631    0.835
  0.6331490    7.3357    0.873265    0.458  -53.261   60.597    0.871
  0.6363072    7.7885    0.799367    0.457  -56.813   64.602    0.903
  0.6394733    8.2865    0.728558    0.456  -60.365   68.652    0.931
  0.6426473    8.8363    0.661429    0.455  -63.917   72.753    0.955
  0.6458290    9.4465    0.597588    0.454  -67.468   76.914    0.974
  0.6490187   10.1270    0.537125    0.453  -71.018   81.145    0.988
  0.6522162   10.8901    0.480144    0.451  -74.569   85.459    0.997
  0.6554216   11.7512    0.426530    0.450  -78.119   89.870    1.000
  0.6586348   12.7299    0.376247    0.449  -81.669   94.398    0.997
  0.6618559   13.8505    0.329381    0.448  -85.218   99.068    0.988
  0.6650848   15.1449    0.285850    0.447  -88.767  103.912    0.971
  0.6683216   16.6550    0.245612    0.446  -92.316  108.971    0.946
  0.6715663   18.4363    0.208735    0.445  -95.864  114.300    0.911
  0.6748188   20.5619    0.175345    0.444  -99.412  119.974    0.866
  0.6780791   23.1352    0.145184    0.443 -102.960  126.095    0.808
  0.6813473   26.2981    0.118411    0.442 -106.507  132.805    0.734
  0.6846234   30.2493    0.095010    0.441 -110.054  140.304    0.639
  0.6879074   35.2683    0.074979    0.440 -113.601  148.869    0.517
  0.6911992   41.7335    0.058344    0.439 -117.147  158.881    0.360
  0.6944988   50.1146    0.045115    0.437 -120.693  170.808    0.160
  0.6978063   60.8492    0.035307    0.436 -124.239  185.088   -0.089
  0.7011217   73.9844    0.028923    0.435 -127.785  201.769   -0.371
  0.7044449   88.6609    0.025947    0.434 -131.330  219.991   -0.643
  0.7077760  103.1383    0.026366    0.433 -134.874  238.013   -0.848
  0.7111149  115.8037    0.030209    0.432 -138.419  254.223   -0.962
  0.7144617  126.0187    0.037544    0.431 -141.963  267.982   -0.999
  0.7178164  133.9557    0.048433    0.430 -145.507  279.463   -0.986
  0.7211789  140.0800    0.062915    0.429 -149.050  289.130   -0.945
  0.7245492  144.8459    0.081037    0.428 -152.594  297.440   -0.887
  0.7279275  148.6107    0.102826    0.427 -156.137  304.747   -0.822
  0.7313135  151.6345    0.128321    0.426 -159.679  311.314   -0.751
  0.7347075  154.1028    0.157568    0.425 -163.222  317.324   -0.678
  0.7381093  156.1477    0.190627    0.424 -166.764  322.911   -0.603
  0.7415189  157.8649    0.227527    0.423 -170.305  328.170   -0.527
  0.7449364  159.3244    0.268329    0.422 -173.847  333.171   -0.451
  0.7483618  160.5780    0.313123    0.421 -177.388  337.966   -0.375
  0.7517950  161.6650    0.361932    0.420  179.072  -17.407   -0.299
  0.7552361  162.6155    0.414856    0.420  175.531  -12.916   -0.224
  0.7586851  163.4529    0.471935    0.419  171.991   -8.538   -0.148
  0.7621418  164.1957    0.533306    0.418  168.451   -4.255   -0.074
  0.7656065  164.8585    0.598982    0.417  164.911   -0.053   -0.001
  0.7690790  165.4532    0.669107    0.416  161.372    4.081    0.071
  0.7725594  165.9894    0.743778    0.415  157.833    8.156    0.142
  0.7760476  166.4751    0.823026    0.414  154.294   12.181    0.211
  0.7795437  166.9168    0.907035    0.413  150.756   16.161    0.278
  0.7830476  167.3199    0.996026    0.412  147.218   20.102    0.344
  0.7865594  167.6892    1.089594    0.411  143.680   24.009    0.407
  0.7900791  168.0285    1.188622    0.410  140.142   27.886    0.468
  0.7936066  168.3412    1.293000    0.409  136.605   31.736    0.526
  0.7971419  168.6301    1.402107    0.408  133.068   35.562    0.582
  0.8006852  168.8976    1.517509    0.407  129.531   39.367    0.634
  0.8042363  169.1460    1.638737    0.407  125.995   43.151    0.684
  0.8077952  169.3772    1.763696    0.406  122.458   46.919    0.730
  0.8113620  169.5926    1.897353    0.405  118.922   50.670    0.774
  0.8149366  169.7937    2.036652    0.404  115.387   54.407    0.813
  0.8185192  169.9821    2.180003    0.403  111.851   58.131    0.849
  0.8221095  170.1581    2.336618    0.402  108.316   61.842    0.882
  0.8257077  170.3237    2.489905    0.401  104.782   65.542    0.910
  0.8293138  170.4793    2.656919    0.400  101.247   69.232    0.935
  0.8329278  170.6251    2.839165    0.399   97.713   72.912    0.956
  0.8365496  170.7632    3.006658    0.399   94.179   76.584    0.973
  0.8401792  170.8930    3.204327    0.398   90.645   80.248    0.986
  0.8438167  171.0157    3.395907    0.397   87.112   83.904    0.994
  0.8474621  171.1316    3.604947    0.396   83.578   87.553    0.999
  0.8511153  171.2411    3.823122    0.395   80.045   91.196    1.000
  0.8547764  171.3449    4.042416    0.394   76.513   94.832    0.996
  0.8584453  171.4430    4.286311    0.393   72.980   98.463    0.989
  0.8621221  171.5360    4.525683    0.393   69.448  102.088    0.978
  0.8658068  171.6244    4.781450    0.392   65.916  105.708    0.963
  0.8694993  171.7084    5.032993    0.391   62.385  109.324    0.944
  0.8731997  171.7880    5.325727    0.390   58.853  112.935    0.921
  0.8769079  171.8638    5.609959    0.389   55.322  116.542    0.895
  0.8806240  171.9358    5.912867    0.388   51.791  120.145    0.865
  0.8843479  172.0042    6.236179    0.388   48.260  123.744    0.832
  0.8880797  172.0694    6.567248    0.387   44.730  127.339    0.795
  0.8918194  172.1314    6.906190    0.386   41.200  130.931    0.755
  0.8955669  172.1905    7.268460    0.385   37.670  134.520    0.713
  0.8993223  172.2466    7.668120    0.384   34.140  138.106    0.668
  0.9030855  172.3003    8.033381    0.384   30.611  141.689    0.620
  0.9068566  172.3514    8.458924    0.383   27.082  145.269    0.570
  0.9106355  172.4001    8.891306    0.382   23.553  148.847    0.517
  0.9144223  172.4465    9.345365    0.381   20.024  152.422    0.463
  0.9182170  172.4907    9.839878    0.380   16.496  155.995    0.407
  0.9220195  172.5329   10.333167    0.380   12.968  159.565    0.349
  0.9258298  172.5731   10.862051    0.379    9.440  163.133    0.290
  0.9296481  172.6114   11.415539    0.378    5.912  166.699    0.230
  0.9334742  172.6479   12.003694    0.377    2.385  170.263    0.169
  0.9373081  172.6827   12.619723    0.377   -1.142  173.825    0.108
  0.9411499  172.7159   13.267608    0.376   -4.669  177.385    0.046
  0.9449995  172.7475   13.954654    0.375   -8.196  180.944   -0.016
  0.9488571  172.7776   14.679788    0.374  -11.723  184.500   -0.078
  0.9527224  172.8063   15.445306    0.374  -15.249  188.055   -0.140
  0.9565957  172.8336   16.260861    0.373  -18.775  191.609   -0.201
  0.9604767  172.8596   17.135298    0.372  -22.301  195.160   -0.262
  0.9643657  172.8843   18.041519    0.371  -25.826  198.711   -0.321
  0.9682625  172.9077   19.052838    0.370  -29.352  202.259   -0.379
  0.9721671  172.9300   20.034978    0.370  -32.877  205.807   -0.435
  0.9760796  172.9512   21.144955    0.369  -36.402  209.353   -0.490
  0.9800000  172.9713   22.430553    0.368  -39.926  212.898   -0.543
 &
