       1   2   2 -8.1991
       1  12   1 -0.0001
       1  13   1 -0.0001
       1  14   1 -0.0001
       1  15   1 -0.0008
       1  16   1 -0.0014
       1  17   1 -0.0013
       1  18   1 -0.0016
       1  19   1 -0.0032
       1  20   1 -0.0027
       1  21   1 -0.0020
       1  22   1 -0.0041
       1  23   1 -0.0031
       1  33   2 -4.5257
       1  39   3  0.1444
       1  40   3  0.1709
       1  41   3  0.1938
       1  42   3  4.0738
       1  43   3  4.8202
       1  44   3  5.4656
       1  45   3 12.1884
       1  46   3 14.4215
       1  47   3 16.3525
       1  48   3 15.7507
       1  49   3 18.6365
       1  50   3 21.1318
       2   1   2 -8.1991
       2   2   2   -53.7
       2   5   2 12.4365
       2   6   2 -6.6218
       2   7   2 -3.7045
       2   8   2 11.5273
       2  12   3  -310.7
       2  13   3  -439.4
       2  14   1 -0.0004
       2  14   3  -340.2
       2  15   3  -497.5
       2  16   3  -704.4
       2  17   1  0.0038
       2  17   3  -542.4
       2  18   3   900.5
       2  19   3  1275.9
       2  20   1 -0.0072
       2  20   3   970.6
       2  21   3  -328.3
       2  22   3  -449.0
       2  23   1 -0.0037
       2  23   3  -372.2
       2  33   2   -80.9
       2  39   1 -0.0000
       2  39   3   -11.3
       2  40   1 -0.0000
       2  40   3   -23.7
       2  41   1 -0.0000
       2  41   3   -29.7
       2  42   1 -0.0000
       2  42   3  -261.9
       2  43   1 -0.0002
       2  43   3  -547.8
       2  44   1 -0.0006
       2  44   3  -686.7
       2  45   1 -0.0003
       2  45   3   493.9
       2  46   1 -0.0020
       2  46   3  1033.2
       2  47   1 -0.0067
       2  47   3  1295.1
       2  48   1  0.0004
       2  48   3  -176.6
       2  49   1  0.0023
       2  49   3  -369.4
       2  50   1  0.0078
       2  50   3  -463.1
       5   2   2 12.4365
       5  12   1  0.0437
       5  13   1  0.0758
       5  14   1  0.0978
       5  15   1 -0.0002
       5  16   1 -0.0003
       5  17   1 -0.0004
       5  18   1  0.0000
       5  19   1  0.0001
       5  20   1  0.0001
       5  21   1  0.0000
       5  22   1  0.0000
       5  23   1  0.0002
       5  33   2 17.3230
       5  39   3-15355.6
       5  40   3-18169.0
       5  41   3-20601.7
       5  42   3 -5018.5
       5  43   3 -5937.9
       5  44   3 -6733.0
       5  45   3  -166.7
       5  46   3  -197.2
       5  47   3  -223.6
       5  48   3  3.9697
       5  49   3  4.6970
       5  50   3  5.3259
       6   2   2 -6.6218
       6  12   1 -0.0047
       6  13   1 -0.0081
       6  14   1 -0.0104
       6  15   1  0.0226
       6  16   1  0.0392
       6  17   1  0.0503
       6  18   1 -0.0033
       6  19   1 -0.0063
       6  20   1 -0.0060
       6  21   1 -0.0008
       6  22   1 -0.0015
       6  23   1 -0.0014
       6  33   2  3.9160
       6  39   3 -2266.7
       6  40   3 -2682.0
       6  41   3 -3041.1
       6  42   3  6092.2
       6  43   3  7208.4
       6  44   3  8173.5
       6  45   3 -4865.8
       6  46   3 -5757.3
       6  47   3 -6528.2
       6  48   3 81.5459
       6  49   3 96.4864
       6  50   3   109.4
       7   2   2 -3.7045
       7  12   1 -0.0002
       7  13   1 -0.0004
       7  14   1 -0.0005
       7  15   1 -0.0083
       7  16   1 -0.0142
       7  17   1 -0.0188
       7  18   1  0.0214
       7  19   1  0.0369
       7  20   1  0.0474
       7  21   1 -0.0067
       7  22   1 -0.0133
       7  23   1 -0.0118
       7  33   2 38.9336
       7  39   3 -8.2564
       7  40   3 -9.7691
       7  41   3   -11.1
       7  42   3 -4055.8
       7  43   3 -4798.9
       7  44   3 -5441.4
       7  45   3  6699.1
       7  46   3  7926.5
       7  47   3  8987.8
       7  48   3 -3496.7
       7  49   3 -4137.4
       7  50   3 -4691.3
       8   2   2 11.5273
       8  12   1 -0.0000
       8  13   1 -0.0000
       8  14   1 -0.0000
       8  15   1 -0.0003
       8  16   1 -0.0005
       8  17   1 -0.0008
       8  18   1 -0.0074
       8  19   1 -0.0120
       8  20   1 -0.0177
       8  21   1  0.0223
       8  22   1  0.0358
       8  23   1  0.0498
       8  33   2 40.2904
       8  39   3 -4.1041
       8  40   3 -4.8561
       8  41   3 -5.5063
       8  42   3 20.1540
       8  43   3 23.8465
       8  44   3 27.0394
       8  45   3 -3354.3
       8  46   3 -3968.9
       8  47   3 -4500.3
       8  48   3  6429.8
       8  49   3  7607.8
       8  50   3  8626.5
      12   1   1 -0.0001
      12   2   3  -310.7
      12   5   1  0.0437
      12   6   1 -0.0047
      12   7   1 -0.0002
      12   8   1 -0.0000
      12  14   2   711.4
      12  17   2   -83.6
      12  20   2  1.9365
      12  23   2  2.4871
      12  33   3  -384.3
      12  39   2  -810.6
      12  42   2  -144.7
      12  45   2 -5.3397
      12  48   2 -0.8871
      13   1   1  0.0001
      13   2   3   439.4
      13   5   1 -0.0758
      13   6   1  0.0081
      13   7   1  0.0004
      13   8   1  0.0000
      13  13   2  -615.9
      13  14   2 -1067.0
      13  16   2 71.0643
      13  17   2   125.4
      13  19   2 -2.3166
      13  20   2 -2.9141
      13  22   2 -1.4257
      13  23   2 -3.7354
      13  33   3   543.6
      13  39   2  -810.6
      13  40   2 -1146.3
      13  42   2  -144.8
      13  43   2  -204.7
      13  45   2 -5.3491
      13  46   2 -7.5648
      13  48   2 -0.8924
      13  49   2 -1.2620
      14   1   1 -0.0001
      14   2   1 -0.0004
      14   2   3  -340.2
      14   5   1  0.0978
      14   6   1 -0.0104
      14   7   1 -0.0005
      14   8   1 -0.0000
      14  12   2   711.4
      14  13   2  1067.0
      14  14   2   941.2
      14  15   2   -82.7
      14  16   2  -123.2
      14  17   2  -110.7
      14  18   2  2.1382
      14  19   2  3.9741
      14  20   2  2.5374
      14  21   2  1.5949
      14  22   2  2.4519
      14  23   2  3.2781
      14  33   1 -0.0007
      14  33   3  -420.8
      14  39   2  -306.5
      14  40   2  -810.9
      14  41   2 -1592.5
      14  42   2   -54.6
      14  43   2  -144.5
      14  44   2  -283.9
      14  45   2 -2.0077
      14  46   2 -5.3119
      14  47   2   -10.4
      14  48   2 -0.3294
      14  49   2 -0.8716
      14  50   2 -1.7118
      15   1   1 -0.0008
      15   2   3  -497.5
      15   5   1 -0.0002
      15   6   1  0.0226
      15   7   1 -0.0083
      15   8   1 -0.0003
      15  14   2   -82.7
      15  17   2   240.3
      15  20   2  -114.6
      15  23   2  0.9517
      15  33   3  -622.2
      15  39   2 12.8330
      15  42   2 34.3712
      15  45   2  -166.1
      15  48   2 -0.9772
      16   1   1  0.0014
      16   2   3   704.4
      16   5   1  0.0003
      16   6   1 -0.0392
      16   7   1  0.0142
      16   8   1  0.0005
      16  13   2 71.0643
      16  14   2   123.2
      16  16   2  -204.1
      16  17   2  -358.4
      16  19   2 96.4305
      16  20   2   170.3
      16  22   2 -0.8501
      16  23   2 -1.6334
      16  33   3   883.7
      16  39   2 12.8628
      16  40   2 18.1907
      16  42   2 36.2530
      16  43   2 51.2695
      16  45   2  -167.3
      16  46   2  -236.6
      16  48   2 -1.0554
      16  49   2 -1.4926
      17   1   1 -0.0013
      17   2   1  0.0038
      17   2   3  -542.4
      17   5   1 -0.0004
      17   6   1  0.0503
      17   7   1 -0.0188
      17   8   1 -0.0008
      17  12   2   -83.6
      17  13   2  -125.4
      17  14   2  -110.7
      17  15   2   240.3
      17  16   2   358.4
      17  17   2   321.1
      17  18   2  -115.3
      17  19   2  -170.9
      17  20   2  -154.2
      17  21   2  0.3403
      17  22   2  0.9025
      17  23   2  0.8704
      17  33   1 -0.0005
      17  33   3  -673.9
      17  39   2  4.8424
      17  40   2 12.8117
      17  41   2 25.1616
      17  42   2 11.2525
      17  43   2 29.7713
      17  44   2 58.4697
      17  45   2   -61.6
      17  46   2  -162.9
      17  47   2  -319.9
      17  48   2 -0.2921
      17  49   2 -0.7729
      17  50   2 -1.5180
      18   1   1 -0.0016
      18   2   3   900.5
      18   5   1  0.0000
      18   6   1 -0.0033
      18   7   1  0.0214
      18   8   1 -0.0074
      18  14   2  2.1382
      18  17   2  -115.3
      18  20   2   210.1
      18  23   2   -99.4
      18  33   3  1358.0
      18  39   2  1.7738
      18  42   2   -65.8
      18  45   2   155.7
      18  48   2  -130.5
      19   1   1  0.0032
      19   2   3 -1275.9
      19   5   1 -0.0001
      19   6   1  0.0063
      19   7   1 -0.0369
      19   8   1  0.0120
      19  13   2 -2.3166
      19  14   2 -3.9741
      19  16   2 96.4305
      19  17   2   170.9
      19  19   2  -170.8
      19  20   2  -305.2
      19  22   2 80.8632
      19  23   2   141.8
      19  33   3 -1908.7
      19  39   2  1.7576
      19  40   2  2.4856
      19  42   2   -66.9
      19  43   2   -94.6
      19  45   2   161.8
      19  46   2   228.8
      19  48   2  -135.1
      19  49   2  -191.0
      20   1   1 -0.0027
      20   2   1 -0.0072
      20   2   3   970.6
      20   5   1  0.0001
      20   6   1 -0.0060
      20   7   1  0.0474
      20   8   1 -0.0177
      20  12   2  1.9365
      20  13   2  2.9141
      20  14   2  2.5374
      20  15   2  -114.6
      20  16   2  -170.3
      20  17   2  -154.2
      20  18   2   210.1
      20  19   2   305.2
      20  20   2   286.5
      20  21   2  -101.1
      20  22   2  -143.3
      20  23   2  -137.3
      20  33   1 -0.0307
      20  33   3  1474.1
      20  39   2  0.6840
      20  40   2  1.8097
      20  41   2  3.5541
      20  42   2   -23.6
      20  43   2   -62.4
      20  44   2  -122.5
      20  45   2 53.7014
      20  46   2   142.1
      20  47   2   279.0
      20  48   2   -45.6
      20  49   2  -120.6
      20  50   2  -236.8
      21   1   1 -0.0020
      21   2   3  -328.3
      21   5   1  0.0000
      21   6   1 -0.0008
      21   7   1 -0.0067
      21   8   1  0.0223
      21  14   2  1.5949
      21  17   2  0.3403
      21  20   2  -101.1
      21  23   2   210.0
      21  33   3  -930.1
      21  39   2  0.0721
      21  42   2  3.0652
      21  45   2   -83.8
      21  48   2   197.4
      22   1   1  0.0041
      22   2   3   449.0
      22   5   1 -0.0000
      22   6   1  0.0015
      22   7   1  0.0133
      22   8   1 -0.0358
      22  13   2 -1.4257
      22  14   2 -2.4519
      22  16   2 -0.8501
      22  17   2 -0.9025
      22  19   2 80.8632
      22  20   2   143.3
      22  22   2  -162.7
      22  23   2  -275.8
      22  33   3   374.8
      22  39   2  0.1108
      22  40   2  0.1567
      22  42   2  3.0206
      22  43   2  4.2718
      22  45   2   -87.8
      22  46   2  -124.2
      22  48   2   212.0
      22  49   2   299.9
      23   1   1 -0.0031
      23   2   1 -0.0037
      23   2   3  -372.2
      23   5   1  0.0002
      23   6   1 -0.0014
      23   7   1 -0.0118
      23   8   1  0.0498
      23  12   2  2.4871
      23  13   2  3.7354
      23  14   2  3.2781
      23  15   2  0.9517
      23  16   2  1.6334
      23  17   2  0.8704
      23  18   2   -99.4
      23  19   2  -141.8
      23  20   2  -137.3
      23  21   2   210.0
      23  22   2   275.8
      23  23   2   293.6
      23  33   1 -0.0130
      23  33   3 -1673.4
      23  39   2 -0.0030
      23  40   2 -0.0080
      23  41   2 -0.0158
      23  42   2  1.4025
      23  43   2  3.7106
      23  44   2  7.2874
      23  45   2   -28.2
      23  46   2   -74.6
      23  47   2  -146.6
      23  48   2 62.4141
      23  49   2   165.1
      23  50   2   324.3
      33   1   2 -4.5257
      33   2   2   -80.9
      33   5   2 17.3230
      33   6   2  3.9160
      33   7   2 38.9336
      33   8   2 40.2904
      33  12   3  -384.3
      33  13   3  -543.6
      33  14   1 -0.0007
      33  14   3  -420.8
      33  15   3  -622.2
      33  16   3  -883.7
      33  17   1 -0.0005
      33  17   3  -673.9
      33  18   3  1358.0
      33  19   3  1908.7
      33  20   1 -0.0307
      33  20   3  1474.1
      33  21   3  -930.1
      33  22   3  -374.8
      33  23   1 -0.0130
      33  23   3 -1673.4
      33  33   2  -287.4
      33  39   1 -0.0000
      33  39   3 -9.6860
      33  40   1 -0.0000
      33  40   3   -20.3
      33  41   1 -0.0000
      33  41   3   -25.4
      33  42   1 -0.0001
      33  42   3  -348.3
      33  43   1 -0.0004
      33  43   3  -728.6
      33  44   1 -0.0012
      33  44   3  -913.3
      33  45   1 -0.0001
      33  45   3   815.2
      33  46   1 -0.0009
      33  46   3  1705.2
      33  47   1 -0.0030
      33  47   3  2137.6
      33  48   1  0.0022
      33  48   3   147.3
      33  49   1  0.0133
      33  49   3   308.0
      33  50   1  0.0453
      33  50   3   386.2
      39   1   3  0.1444
      39   2   1 -0.0000
      39   2   3   -11.3
      39   5   3-15355.6
      39   6   3 -2266.7
      39   7   3 -8.2564
      39   8   3 -4.1041
      39  12   2  -810.6
      39  13   2   810.6
      39  14   2  -306.5
      39  15   2 12.8330
      39  16   2   -12.9
      39  17   2  4.8424
      39  18   2  1.7738
      39  19   2 -1.7576
      39  20   2  0.6840
      39  21   2  0.0721
      39  22   2 -0.1108
      39  23   2 -0.0030
      39  33   1 -0.0000
      39  33   3 -9.6860
      39  39   2  1942.5
      39  40   2 -1284.9
      39  41   2   280.4
      39  42   2  -124.6
      39  43   2 82.3980
      39  44   2   -18.0
      39  45   2  0.6216
      39  46   2 -0.4112
      39  47   2  0.0897
      39  48   2  0.0743
      39  49   2 -0.0491
      39  50   2  0.0107
      40   1   3 -0.1709
      40   2   1  0.0000
      40   2   3 23.7117
      40   5   3 18169.0
      40   6   3  2682.0
      40   7   3  9.7691
      40   8   3  4.8561
      40  13   2 -1146.3
      40  14   2   810.9
      40  16   2 18.1907
      40  17   2   -12.8
      40  19   2  2.4856
      40  20   2 -1.8097
      40  22   2  0.1567
      40  23   2  0.0080
      40  33   1  0.0000
      40  33   3 20.2597
      40  39   2  1284.9
      40  40   2  2081.7
      40  41   2 -1311.4
      40  42   2   -82.4
      40  43   2  -133.5
      40  44   2 84.0971
      40  45   2  0.4112
      40  46   2  0.6662
      40  47   2 -0.4196
      40  48   2  0.0491
      40  49   2  0.0796
      40  50   2 -0.0501
      41   1   3  0.1938
      41   2   1 -0.0000
      41   2   3   -29.7
      41   5   3-20601.7
      41   6   3 -3041.1
      41   7   3   -11.1
      41   8   3 -5.5063
      41  14   2 -1592.5
      41  17   2 25.1616
      41  20   2  3.5541
      41  23   2 -0.0158
      41  33   1 -0.0000
      41  33   3   -25.4
      41  39   2   280.4
      41  40   2  1311.4
      41  41   2  2847.3
      41  42   2   -18.0
      41  43   2   -84.1
      41  44   2  -182.6
      41  45   2  0.0897
      41  46   2  0.4196
      41  47   2  0.9111
      41  48   2  0.0107
      41  49   2  0.0501
      41  50   2  0.1088
      42   1   3  4.0738
      42   2   1 -0.0000
      42   2   3  -261.9
      42   5   3 -5018.5
      42   6   3  6092.2
      42   7   3 -4055.8
      42   8   3 20.1540
      42  12   2  -144.7
      42  13   2   144.8
      42  14   2   -54.6
      42  15   2 34.3712
      42  16   2   -36.3
      42  17   2 11.2525
      42  18   2   -65.8
      42  19   2 66.8778
      42  20   2   -23.6
      42  21   2  3.0652
      42  22   2 -3.0206
      42  23   2  1.4025
      42  33   1 -0.0001
      42  33   3  -348.3
      42  39   2  -124.6
      42  40   2 82.3980
      42  41   2   -18.0
      42  42   2   583.3
      42  43   2  -385.8
      42  44   2 84.1975
      42  45   2  -175.3
      42  46   2   115.9
      42  47   2   -25.3
      42  48   2  0.9088
      42  49   2 -0.6011
      42  50   2  0.1312
      43   1   3 -4.8202
      43   2   1  0.0002
      43   2   3   547.8
      43   5   3  5937.9
      43   6   3 -7208.4
      43   7   3  4798.9
      43   8   3   -23.8
      43  13   2  -204.7
      43  14   2   144.5
      43  16   2 51.2695
      43  17   2   -29.8
      43  19   2   -94.6
      43  20   2 62.3844
      43  22   2  4.2718
      43  23   2 -3.7106
      43  33   1  0.0004
      43  33   3   728.6
      43  39   2   -82.4
      43  40   2  -133.5
      43  41   2 84.0971
      43  42   2   385.8
      43  43   2   625.1
      43  44   2  -393.8
      43  45   2  -115.9
      43  46   2  -187.8
      43  47   2   118.3
      43  48   2  0.6011
      43  49   2  0.9740
      43  50   2 -0.6135
      44   1   3  5.4656
      44   2   1 -0.0006
      44   2   3  -686.7
      44   5   3 -6733.0
      44   6   3  8173.5
      44   7   3 -5441.4
      44   8   3 27.0394
      44  14   2  -283.9
      44  17   2 58.4697
      44  20   2  -122.5
      44  23   2  7.2874
      44  33   1 -0.0012
      44  33   3  -913.3
      44  39   2   -18.0
      44  40   2   -84.1
      44  41   2  -182.6
      44  42   2 84.1975
      44  43   2   393.8
      44  44   2   855.0
      44  45   2   -25.3
      44  46   2  -118.3
      44  47   2  -256.9
      44  48   2  0.1312
      44  49   2  0.6135
      44  50   2  1.3321
      45   1   3 12.1884
      45   2   1 -0.0003
      45   2   3   493.9
      45   5   3  -166.7
      45   6   3 -4865.8
      45   7   3  6699.1
      45   8   3 -3354.3
      45  12   2 -5.3397
      45  13   2  5.3491
      45  14   2 -2.0077
      45  15   2  -166.1
      45  16   2   167.3
      45  17   2   -61.6
      45  18   2   155.7
      45  19   2  -161.8
      45  20   2 53.7014
      45  21   2   -83.8
      45  22   2 87.7934
      45  23   2   -28.2
      45  33   1 -0.0001
      45  33   3   815.2
      45  39   2  0.6216
      45  40   2 -0.4112
      45  41   2  0.0897
      45  42   2  -175.3
      45  43   2   115.9
      45  44   2   -25.3
      45  45   2   391.3
      45  46   2  -258.8
      45  47   2 56.4826
      45  48   2  -149.9
      45  49   2    99.2
      45  50   2   -21.6
      46   1   3   -14.4
      46   2   1  0.0020
      46   2   3 -1033.2
      46   5   3   197.2
      46   6   3  5757.3
      46   7   3 -7926.5
      46   8   3  3968.9
      46  13   2 -7.5648
      46  14   2  5.3119
      46  16   2  -236.6
      46  17   2   162.9
      46  19   2   228.8
      46  20   2  -142.1
      46  22   2  -124.2
      46  23   2 74.6486
      46  33   1  0.0009
      46  33   3 -1705.2
      46  39   2  0.4112
      46  40   2  0.6662
      46  41   2 -0.4196
      46  42   2  -115.9
      46  43   2  -187.8
      46  44   2   118.3
      46  45   2   258.8
      46  46   2   419.4
      46  47   2  -264.2
      46  48   2   -99.2
      46  49   2  -160.7
      46  50   2   101.2
      47   1   3 16.3525
      47   2   1 -0.0067
      47   2   3  1295.1
      47   5   3  -223.6
      47   6   3 -6528.2
      47   7   3  8987.8
      47   8   3 -4500.3
      47  14   2   -10.4
      47  17   2  -319.9
      47  20   2   279.0
      47  23   2  -146.6
      47  33   1 -0.0030
      47  33   3  2137.6
      47  39   2  0.0897
      47  40   2  0.4196
      47  41   2  0.9111
      47  42   2   -25.3
      47  43   2  -118.3
      47  44   2  -256.9
      47  45   2 56.4826
      47  46   2   264.2
      47  47   2   573.6
      47  48   2   -21.6
      47  49   2  -101.2
      47  50   2  -219.8
      48   1   3 15.7507
      48   2   1  0.0004
      48   2   3  -176.6
      48   5   3  3.9697
      48   6   3 81.5459
      48   7   3 -3496.7
      48   8   3  6429.8
      48  12   2 -0.8871
      48  13   2  0.8924
      48  14   2 -0.3294
      48  15   2 -0.9772
      48  16   2  1.0554
      48  17   2 -0.2921
      48  18   2  -130.5
      48  19   2   135.1
      48  20   2   -45.6
      48  21   2   197.4
      48  22   2  -212.0
      48  23   2 62.4141
      48  33   1  0.0022
      48  33   3   147.3
      48  39   2  0.0743
      48  40   2 -0.0491
      48  41   2  0.0107
      48  42   2  0.9088
      48  43   2 -0.6011
      48  44   2  0.1312
      48  45   2  -149.9
      48  46   2    99.2
      48  47   2   -21.6
      48  48   2   348.6
      48  49   2  -230.6
      48  50   2 50.3161
      49   1   3   -18.6
      49   2   1 -0.0023
      49   2   3   369.4
      49   5   3 -4.6970
      49   6   3   -96.5
      49   7   3  4137.4
      49   8   3 -7607.8
      49  13   2 -1.2620
      49  14   2  0.8716
      49  16   2 -1.4926
      49  17   2  0.7729
      49  19   2  -191.0
      49  20   2   120.6
      49  22   2   299.9
      49  23   2  -165.1
      49  33   1 -0.0133
      49  33   3  -308.0
      49  39   2  0.0491
      49  40   2  0.0796
      49  41   2 -0.0501
      49  42   2  0.6011
      49  43   2  0.9740
      49  44   2 -0.6135
      49  45   2   -99.2
      49  46   2  -160.7
      49  47   2   101.2
      49  48   2   230.6
      49  49   2   373.6
      49  50   2  -235.3
      50   1   3 21.1318
      50   2   1  0.0078
      50   2   3  -463.1
      50   5   3  5.3259
      50   6   3   109.4
      50   7   3 -4691.3
      50   8   3  8626.5
      50  14   2 -1.7118
      50  17   2 -1.5180
      50  20   2  -236.8
      50  23   2   324.3
      50  33   1  0.0453
      50  33   3   386.2
      50  39   2  0.0107
      50  40   2  0.0501
      50  41   2  0.1088
      50  42   2  0.1312
      50  43   2  0.6135
      50  44   2  1.3321
      50  45   2   -21.6
      50  46   2  -101.2
      50  47   2  -219.8
      50  48   2 50.3161
      50  49   2   235.3
      50  50   2   511.0
