# 181 angles,  3 tensor ranks for 0=projectile
@subtitle   "9Be(6Li,d)13C CDCC+CRC, adapted from 58Ni(6Li,d) 31-channel card"              
@legend ON
@legend x1 0.2
@legend y1 0.8
@g0 type LOGY
@yaxis ticklabel format power
@legend string   0 "Lab energy =   32.0000"
#legend string   0 "Partition=  1 Excit= 10 near/far= 1"
#  Theta       sigma       iT11        T20         T21         T22         Kyy for projectile
   0.000      0.1513E-01   0.000     -0.3473       0.000       0.000    
   1.000      0.1511E-01 -0.3101E-02 -0.3467      0.1197E-01  0.2352E-04
   2.000      0.1505E-01 -0.5544E-02 -0.3449      0.2393E-01  0.7784E-04
   3.000      0.1495E-01 -0.6717E-02 -0.3421      0.3586E-01  0.1151E-03
   4.000      0.1481E-01 -0.6095E-02 -0.3381      0.4774E-01  0.5794E-04
   5.000      0.1462E-01 -0.3279E-02 -0.3331      0.5953E-01 -0.1967E-03
   6.000      0.1439E-01  0.1982E-02 -0.3271      0.7119E-01 -0.7731E-03
   7.000      0.1411E-01  0.9775E-02 -0.3201      0.8265E-01 -0.1812E-02
   8.000      0.1378E-01  0.2001E-01 -0.3122      0.9385E-01 -0.3464E-02
   9.000      0.1341E-01  0.3243E-01 -0.3036      0.1047     -0.5884E-02
   10.00      0.1299E-01  0.4660E-01 -0.2942      0.1150     -0.9227E-02
   11.00      0.1254E-01  0.6194E-01 -0.2841      0.1247     -0.1363E-01
   12.00      0.1205E-01  0.7773E-01 -0.2736      0.1336     -0.1923E-01
   13.00      0.1153E-01  0.9313E-01 -0.2627      0.1416     -0.2613E-01
   14.00      0.1098E-01  0.1072     -0.2516      0.1485     -0.3437E-01
   15.00      0.1042E-01  0.1190     -0.2405      0.1540     -0.4399E-01
   16.00      0.9859E-02  0.1276     -0.2296      0.1581     -0.5495E-01
   17.00      0.9294E-02  0.1319     -0.2191      0.1607     -0.6713E-01
   18.00      0.8736E-02  0.1313     -0.2092      0.1615     -0.8036E-01
   19.00      0.8191E-02  0.1251     -0.2003      0.1606     -0.9438E-01
   20.00      0.7665E-02  0.1130     -0.1926      0.1579     -0.1089    
   21.00      0.7162E-02  0.9502E-01 -0.1863      0.1536     -0.1234    
   22.00      0.6685E-02  0.7148E-01 -0.1816      0.1478     -0.1377    
   23.00      0.6236E-02  0.4320E-01 -0.1787      0.1409     -0.1511    
   24.00      0.5818E-02  0.1135E-01 -0.1777      0.1330     -0.1633    
   25.00      0.5431E-02 -0.2257E-01 -0.1784      0.1247     -0.1739    
   26.00      0.5074E-02 -0.5681E-01 -0.1809      0.1162     -0.1826    
   27.00      0.4748E-02 -0.8952E-01 -0.1850      0.1081     -0.1891    
   28.00      0.4452E-02 -0.1189     -0.1903      0.1008     -0.1935    
   29.00      0.4183E-02 -0.1435     -0.1966      0.9456E-01 -0.1958    
   30.00      0.3942E-02 -0.1620     -0.2034      0.8969E-01 -0.1963    
   31.00      0.3725E-02 -0.1738     -0.2104      0.8633E-01 -0.1954    
   32.00      0.3530E-02 -0.1789     -0.2172      0.8454E-01 -0.1934    
   33.00      0.3356E-02 -0.1778     -0.2234      0.8423E-01 -0.1911    
   34.00      0.3198E-02 -0.1716     -0.2287      0.8523E-01 -0.1888    
   35.00      0.3054E-02 -0.1618     -0.2330      0.8730E-01 -0.1871    
   36.00      0.2921E-02 -0.1501     -0.2362      0.9011E-01 -0.1865    
   37.00      0.2797E-02 -0.1382     -0.2382      0.9336E-01 -0.1871    
   38.00      0.2679E-02 -0.1278     -0.2391      0.9672E-01 -0.1892    
   39.00      0.2566E-02 -0.1201     -0.2389      0.9990E-01 -0.1928    
   40.00      0.2455E-02 -0.1164     -0.2377      0.1026     -0.1978    
   41.00      0.2346E-02 -0.1172     -0.2357      0.1047     -0.2040    
   42.00      0.2237E-02 -0.1230     -0.2329      0.1059     -0.2112    
   43.00      0.2130E-02 -0.1337     -0.2294      0.1061     -0.2188    
   44.00      0.2023E-02 -0.1490     -0.2254      0.1053     -0.2266    
   45.00      0.1917E-02 -0.1683     -0.2209      0.1034     -0.2341    
   46.00      0.1813E-02 -0.1907     -0.2160      0.1004     -0.2407    
   47.00      0.1712E-02 -0.2151     -0.2109      0.9632E-01 -0.2462    
   48.00      0.1614E-02 -0.2403     -0.2056      0.9130E-01 -0.2500    
   49.00      0.1521E-02 -0.2649     -0.2003      0.8550E-01 -0.2519    
   50.00      0.1432E-02 -0.2875     -0.1951      0.7911E-01 -0.2516    
   51.00      0.1348E-02 -0.3069     -0.1902      0.7240E-01 -0.2491    
   52.00      0.1269E-02 -0.3219     -0.1858      0.6566E-01 -0.2445    
   53.00      0.1196E-02 -0.3316     -0.1820      0.5917E-01 -0.2379    
   54.00      0.1128E-02 -0.3355     -0.1788      0.5324E-01 -0.2298    
   55.00      0.1065E-02 -0.3335     -0.1764      0.4812E-01 -0.2206    
   56.00      0.1007E-02 -0.3260     -0.1747      0.4403E-01 -0.2110    
   57.00      0.9532E-03 -0.3134     -0.1738      0.4109E-01 -0.2015    
   58.00      0.9030E-03 -0.2968     -0.1734      0.3937E-01 -0.1928    
   59.00      0.8563E-03 -0.2775     -0.1734      0.3883E-01 -0.1854    
   60.00      0.8125E-03 -0.2566     -0.1736      0.3937E-01 -0.1796    
   61.00      0.7712E-03 -0.2355     -0.1738      0.4080E-01 -0.1757    
   62.00      0.7323E-03 -0.2155     -0.1737      0.4290E-01 -0.1739    
   63.00      0.6953E-03 -0.1976     -0.1731      0.4541E-01 -0.1740    
   64.00      0.6602E-03 -0.1826     -0.1720      0.4805E-01 -0.1759    
   65.00      0.6268E-03 -0.1713     -0.1700      0.5057E-01 -0.1792    
   66.00      0.5949E-03 -0.1637     -0.1672      0.5273E-01 -0.1836    
   67.00      0.5647E-03 -0.1601     -0.1636      0.5434E-01 -0.1884    
   68.00      0.5360E-03 -0.1600     -0.1592      0.5527E-01 -0.1933    
   69.00      0.5088E-03 -0.1631     -0.1542      0.5546E-01 -0.1976    
   70.00      0.4832E-03 -0.1684     -0.1488      0.5489E-01 -0.2009    
   71.00      0.4591E-03 -0.1751     -0.1431      0.5367E-01 -0.2027    
   72.00      0.4366E-03 -0.1822     -0.1375      0.5192E-01 -0.2027    
   73.00      0.4156E-03 -0.1885     -0.1322      0.4984E-01 -0.2008    
   74.00      0.3961E-03 -0.1930     -0.1274      0.4768E-01 -0.1968    
   75.00      0.3780E-03 -0.1948     -0.1234      0.4567E-01 -0.1909    
   76.00      0.3613E-03 -0.1930     -0.1203      0.4406E-01 -0.1833    
   77.00      0.3458E-03 -0.1871     -0.1182      0.4306E-01 -0.1745    
   78.00      0.3314E-03 -0.1768     -0.1171      0.4284E-01 -0.1649    
   79.00      0.3181E-03 -0.1621     -0.1169      0.4350E-01 -0.1550    
   80.00      0.3057E-03 -0.1432     -0.1175      0.4507E-01 -0.1453    
   81.00      0.2942E-03 -0.1207     -0.1187      0.4749E-01 -0.1364    
   82.00      0.2833E-03 -0.9519E-01 -0.1201      0.5065E-01 -0.1287    
   83.00      0.2730E-03 -0.6754E-01 -0.1217      0.5438E-01 -0.1225    
   84.00      0.2632E-03 -0.3867E-01 -0.1231      0.5847E-01 -0.1182    
   85.00      0.2539E-03 -0.9535E-02 -0.1241      0.6268E-01 -0.1159    
   86.00      0.2450E-03  0.1892E-01 -0.1245      0.6677E-01 -0.1156    
   87.00      0.2363E-03  0.4582E-01 -0.1242      0.7051E-01 -0.1172    
   88.00      0.2280E-03  0.7037E-01 -0.1231      0.7371E-01 -0.1205    
   89.00      0.2198E-03  0.9194E-01 -0.1212      0.7621E-01 -0.1253    
   90.00      0.2119E-03  0.1100     -0.1184      0.7790E-01 -0.1313    
   91.00      0.2042E-03  0.1242     -0.1148      0.7873E-01 -0.1381    
   92.00      0.1967E-03  0.1345     -0.1105      0.7871E-01 -0.1453    
   93.00      0.1893E-03  0.1407     -0.1056      0.7790E-01 -0.1526    
   94.00      0.1821E-03  0.1430     -0.1003      0.7643E-01 -0.1595    
   95.00      0.1751E-03  0.1418     -0.9470E-01  0.7445E-01 -0.1658    
   96.00      0.1683E-03  0.1375     -0.8894E-01  0.7215E-01 -0.1711    
   97.00      0.1617E-03  0.1307     -0.8317E-01  0.6975E-01 -0.1754    
   98.00      0.1553E-03  0.1219     -0.7752E-01  0.6748E-01 -0.1783    
   99.00      0.1491E-03  0.1119     -0.7209E-01  0.6555E-01 -0.1798    
   100.0      0.1431E-03  0.1014     -0.6695E-01  0.6415E-01 -0.1799    
   101.0      0.1374E-03  0.9120E-01 -0.6217E-01  0.6346E-01 -0.1787    
   102.0      0.1319E-03  0.8199E-01 -0.5776E-01  0.6358E-01 -0.1763    
   103.0      0.1266E-03  0.7444E-01 -0.5372E-01  0.6460E-01 -0.1728    
   104.0      0.1216E-03  0.6912E-01 -0.5006E-01  0.6652E-01 -0.1684    
   105.0      0.1168E-03  0.6651E-01 -0.4672E-01  0.6928E-01 -0.1634    
   106.0      0.1123E-03  0.6696E-01 -0.4368E-01  0.7278E-01 -0.1581    
   107.0      0.1081E-03  0.7066E-01 -0.4091E-01  0.7684E-01 -0.1526    
   108.0      0.1041E-03  0.7766E-01 -0.3835E-01  0.8126E-01 -0.1474    
   109.0      0.1004E-03  0.8784E-01 -0.3598E-01  0.8579E-01 -0.1425    
   110.0      0.9685E-04  0.1010     -0.3380E-01  0.9017E-01 -0.1382    
   111.0      0.9358E-04  0.1166     -0.3178E-01  0.9412E-01 -0.1347    
   112.0      0.9052E-04  0.1342     -0.2996E-01  0.9741E-01 -0.1319    
   113.0      0.8766E-04  0.1533     -0.2834E-01  0.9980E-01 -0.1300    
   114.0      0.8497E-04  0.1731     -0.2697E-01  0.1011     -0.1290    
   115.0      0.8245E-04  0.1931     -0.2587E-01  0.1012     -0.1287    
   116.0      0.8006E-04  0.2125     -0.2510E-01  0.1001     -0.1292    
   117.0      0.7780E-04  0.2308     -0.2469E-01  0.9770E-01 -0.1301    
   118.0      0.7563E-04  0.2474     -0.2466E-01  0.9406E-01 -0.1314    
   119.0      0.7354E-04  0.2619     -0.2504E-01  0.8929E-01 -0.1329    
   120.0      0.7152E-04  0.2740     -0.2584E-01  0.8353E-01 -0.1344    
   121.0      0.6955E-04  0.2835     -0.2705E-01  0.7693E-01 -0.1358    
   122.0      0.6761E-04  0.2901     -0.2866E-01  0.6970E-01 -0.1368    
   123.0      0.6571E-04  0.2939     -0.3063E-01  0.6203E-01 -0.1374    
   124.0      0.6383E-04  0.2950     -0.3292E-01  0.5413E-01 -0.1374    
   125.0      0.6197E-04  0.2934     -0.3549E-01  0.4621E-01 -0.1367    
   126.0      0.6012E-04  0.2894     -0.3829E-01  0.3844E-01 -0.1353    
   127.0      0.5830E-04  0.2832     -0.4125E-01  0.3101E-01 -0.1331    
   128.0      0.5651E-04  0.2751     -0.4432E-01  0.2406E-01 -0.1301    
   129.0      0.5475E-04  0.2655     -0.4745E-01  0.1773E-01 -0.1263    
   130.0      0.5302E-04  0.2547     -0.5058E-01  0.1213E-01 -0.1218    
   131.0      0.5135E-04  0.2430     -0.5368E-01  0.7324E-02 -0.1167    
   132.0      0.4974E-04  0.2309     -0.5671E-01  0.3367E-02 -0.1109    
   133.0      0.4820E-04  0.2187     -0.5965E-01  0.2778E-03 -0.1047    
   134.0      0.4674E-04  0.2068     -0.6250E-01 -0.1955E-02 -0.9814E-01
   135.0      0.4537E-04  0.1955     -0.6524E-01 -0.3370E-02 -0.9136E-01
   136.0      0.4409E-04  0.1850     -0.6789E-01 -0.4033E-02 -0.8450E-01
   137.0      0.4292E-04  0.1757     -0.7047E-01 -0.4033E-02 -0.7771E-01
   138.0      0.4185E-04  0.1677     -0.7301E-01 -0.3477E-02 -0.7112E-01
   139.0      0.4090E-04  0.1612     -0.7554E-01 -0.2486E-02 -0.6486E-01
   140.0      0.4005E-04  0.1561     -0.7809E-01 -0.1188E-02 -0.5903E-01
   141.0      0.3930E-04  0.1524     -0.8069E-01  0.2902E-03 -0.5372E-01
   142.0      0.3866E-04  0.1501     -0.8337E-01  0.1829E-02 -0.4897E-01
   143.0      0.3811E-04  0.1490     -0.8614E-01  0.3321E-02 -0.4482E-01
   144.0      0.3765E-04  0.1489     -0.8902E-01  0.4678E-02 -0.4127E-01
   145.0      0.3726E-04  0.1496     -0.9200E-01  0.5832E-02 -0.3829E-01
   146.0      0.3694E-04  0.1507     -0.9508E-01  0.6735E-02 -0.3584E-01
   147.0      0.3667E-04  0.1521     -0.9822E-01  0.7365E-02 -0.3386E-01
   148.0      0.3645E-04  0.1535     -0.1014      0.7713E-02 -0.3229E-01
   149.0      0.3626E-04  0.1548     -0.1046      0.7792E-02 -0.3104E-01
   150.0      0.3608E-04  0.1557     -0.1077      0.7622E-02 -0.3006E-01
   151.0      0.3591E-04  0.1561     -0.1108      0.7235E-02 -0.2926E-01
   152.0      0.3573E-04  0.1558     -0.1138      0.6668E-02 -0.2859E-01
   153.0      0.3553E-04  0.1549     -0.1166      0.5959E-02 -0.2799E-01
   154.0      0.3531E-04  0.1532     -0.1192      0.5147E-02 -0.2741E-01
   155.0      0.3506E-04  0.1508     -0.1216      0.4268E-02 -0.2682E-01
   156.0      0.3476E-04  0.1477     -0.1237      0.3356E-02 -0.2620E-01
   157.0      0.3442E-04  0.1439     -0.1256      0.2440E-02 -0.2552E-01
   158.0      0.3403E-04  0.1394     -0.1272      0.1546E-02 -0.2476E-01
   159.0      0.3358E-04  0.1342     -0.1285      0.6951E-03 -0.2393E-01
   160.0      0.3309E-04  0.1285     -0.1295     -0.9599E-04 -0.2302E-01
   161.0      0.3255E-04  0.1223     -0.1301     -0.8140E-03 -0.2202E-01
   162.0      0.3196E-04  0.1157     -0.1305     -0.1449E-02 -0.2095E-01
   163.0      0.3133E-04  0.1088     -0.1305     -0.1995E-02 -0.1980E-01
   164.0      0.3067E-04  0.1015     -0.1301     -0.2448E-02 -0.1858E-01
   165.0      0.2997E-04  0.9408E-01 -0.1294     -0.2807E-02 -0.1729E-01
   166.0      0.2926E-04  0.8651E-01 -0.1284     -0.3072E-02 -0.1594E-01
   167.0      0.2854E-04  0.7887E-01 -0.1271     -0.3247E-02 -0.1454E-01
   168.0      0.2781E-04  0.7127E-01 -0.1255     -0.3335E-02 -0.1310E-01
   169.0      0.2710E-04  0.6376E-01 -0.1236     -0.3342E-02 -0.1162E-01
   170.0      0.2640E-04  0.5643E-01 -0.1215     -0.3274E-02 -0.1012E-01
   171.0      0.2573E-04  0.4933E-01 -0.1192     -0.3137E-02 -0.8625E-02
   172.0      0.2510E-04  0.4254E-01 -0.1168     -0.2939E-02 -0.7148E-02
   173.0      0.2452E-04  0.3608E-01 -0.1143     -0.2687E-02 -0.5722E-02
   174.0      0.2399E-04  0.2998E-01 -0.1119     -0.2388E-02 -0.4377E-02
   175.0      0.2353E-04  0.2426E-01 -0.1096     -0.2049E-02 -0.3150E-02
   176.0      0.2315E-04  0.1890E-01 -0.1075     -0.1678E-02 -0.2078E-02
   177.0      0.2284E-04  0.1386E-01 -0.1058     -0.1280E-02 -0.1198E-02
   178.0      0.2262E-04  0.9083E-02 -0.1045     -0.8641E-03 -0.5417E-03
   179.0      0.2248E-04  0.4493E-02 -0.1037     -0.4352E-03 -0.1369E-03
   180.0      0.2244E-04   0.000     -0.1035       0.000       0.000    
 END