# 181 angles,  3 tensor ranks for 0=projectile
@subtitle   "9Be(6Li,d)13C CDCC+CRC, adapted from 58Ni(6Li,d) 31-channel card"              
@legend ON
@legend x1 0.2
@legend y1 0.8
@g0 type LOGY
@yaxis ticklabel format power
@legend string   0 "Lab energy =   32.0000"
#legend string   0 "Partition=  1 Excit=  8 near/far= 1"
#  Theta       sigma       iT11        T20         T21         T22         Kyy for projectile
   0.000      0.2504E-01   0.000      0.7039       0.000       0.000    
   1.000      0.2483E-01 -0.1052      0.6792     -0.7732E-01  0.1374E-01
   2.000      0.2419E-01 -0.2009      0.6080     -0.1428      0.5294E-01
   3.000      0.2311E-01 -0.2791      0.4984     -0.1863      0.1119    
   4.000      0.2159E-01 -0.3342      0.3621     -0.2007      0.1824    
   5.000      0.1966E-01 -0.3627      0.2119     -0.1820      0.2549    
   6.000      0.1738E-01 -0.3635      0.6052E-01 -0.1291      0.3194    
   7.000      0.1486E-01 -0.3361     -0.8018E-01 -0.4287E-01  0.3657    
   8.000      0.1225E-01 -0.2800     -0.1985      0.7373E-01  0.3826    
   9.000      0.9727E-02 -0.1946     -0.2815      0.2151      0.3579    
   10.00      0.7453E-02 -0.7859E-01 -0.3124      0.3695      0.2779    
   11.00      0.5557E-02  0.6594E-01 -0.2693      0.5126      0.1317    
   12.00      0.4113E-02  0.2261     -0.1312      0.5984     -0.7486E-01
   13.00      0.3128E-02  0.3656      0.9868E-01  0.5633     -0.2908    
   14.00      0.2550E-02  0.4292      0.3562      0.3744     -0.4110    
   15.00      0.2282E-02  0.3883      0.5340      0.9789E-01 -0.3501    
   16.00      0.2204E-02  0.2785      0.5792     -0.1390     -0.1394    
   17.00      0.2199E-02  0.1590      0.5286     -0.2652      0.1175    
   18.00      0.2173E-02  0.6289E-01  0.4444     -0.2877      0.3443    
   19.00      0.2070E-02 -0.3836E-02  0.3665     -0.2411      0.5130    
   20.00      0.1871E-02 -0.4556E-01  0.3118     -0.1551      0.6212    
   21.00      0.1591E-02 -0.6673E-01  0.2842     -0.4855E-01  0.6719    
   22.00      0.1267E-02 -0.6716E-01  0.2817      0.6740E-01  0.6646    
   23.00      0.9457E-03 -0.3848E-01  0.2981      0.1843      0.5902    
   24.00      0.6704E-03  0.3996E-01  0.3191      0.2885      0.4311    
   25.00      0.4703E-03  0.1972      0.3116      0.3476      0.1809    
   26.00      0.3575E-03  0.4230      0.2279      0.3101     -0.8403E-01
   27.00      0.3266E-03  0.5941      0.7561E-01  0.1772     -0.1778    
   28.00      0.3580E-03  0.6030     -0.4884E-01  0.4919E-01 -0.5210E-01
   29.00      0.4245E-03  0.5075     -0.9814E-01 -0.1500E-01  0.1409    
   30.00      0.4977E-03  0.3925     -0.9737E-01 -0.3519E-01  0.2995    
   31.00      0.5536E-03  0.2909     -0.7527E-01 -0.4018E-01  0.4092    
   32.00      0.5773E-03  0.2070     -0.4585E-01 -0.4566E-01  0.4824    
   33.00      0.5635E-03  0.1367     -0.1340E-01 -0.5831E-01  0.5315    
   34.00      0.5166E-03  0.7423E-01  0.2293E-01 -0.8038E-01  0.5637    
   35.00      0.4474E-03  0.1297E-01  0.6722E-01 -0.1113      0.5800    
   36.00      0.3694E-03 -0.5383E-01  0.1259     -0.1465      0.5750    
   37.00      0.2953E-03 -0.1315      0.2058     -0.1748      0.5360    
   38.00      0.2342E-03 -0.2178      0.3089     -0.1749      0.4465    
   39.00      0.1905E-03 -0.2939      0.4223     -0.1197      0.2996    
   40.00      0.1638E-03 -0.3232      0.5136      0.2396E-02  0.1191    
   41.00      0.1510E-03 -0.2748      0.5491      0.1648     -0.4194E-01
   42.00      0.1473E-03 -0.1517      0.5195      0.3159     -0.1400    
   43.00      0.1484E-03  0.1561E-01  0.4399      0.4154     -0.1681    
   44.00      0.1515E-03  0.1911      0.3301      0.4483     -0.1443    
   45.00      0.1547E-03  0.3460      0.2047      0.4178     -0.9212E-01
   46.00      0.1571E-03  0.4608      0.7359E-01  0.3372     -0.3093E-01
   47.00      0.1580E-03  0.5267     -0.5465E-01  0.2259      0.2590E-01
   48.00      0.1566E-03  0.5465     -0.1724      0.1043      0.7111E-01
   49.00      0.1516E-03  0.5314     -0.2738     -0.1049E-01  0.1027    
   50.00      0.1420E-03  0.4959     -0.3549     -0.1082      0.1223    
   51.00      0.1275E-03  0.4532     -0.4131     -0.1851      0.1335    
   52.00      0.1087E-03  0.4122     -0.4448     -0.2420      0.1404    
   53.00      0.8749E-04  0.3777     -0.4436     -0.2817      0.1478    
   54.00      0.6634E-04  0.3493     -0.3972     -0.3065      0.1619    
   55.00      0.4761E-04  0.3215     -0.2862     -0.3166      0.1924    
   56.00      0.3298E-04  0.2809     -0.9126E-01 -0.3075      0.2524    
   57.00      0.2301E-04  0.2099      0.1752     -0.2687      0.3517    
   58.00      0.1717E-04  0.1075      0.4195     -0.1920      0.4736    
   59.00      0.1421E-04  0.1210E-01  0.5092     -0.8911E-01  0.5673    
   60.00      0.1274E-04 -0.3048E-01  0.4282      0.1486E-01  0.5977    
   61.00      0.1170E-04 -0.1283E-01  0.2750      0.1073      0.5742    
   62.00      0.1061E-04  0.4546E-01  0.1387      0.1875      0.5196    
   63.00      0.9505E-05  0.1170      0.5854E-01  0.2507      0.4489    
   64.00      0.8676E-05  0.1689      0.3329E-01  0.2833      0.3758    
   65.00      0.8337E-05  0.1748      0.2795E-01  0.2774      0.3190    
   66.00      0.8444E-05  0.1395      0.5047E-03  0.2491      0.2912    
   67.00      0.8689E-05  0.9282E-01 -0.6209E-01  0.2270      0.2879    
   68.00      0.8666E-05  0.5749E-01 -0.1475      0.2272      0.2956    
   69.00      0.8095E-05  0.3817E-01 -0.2417      0.2506      0.3023    
   70.00      0.6972E-05  0.2632E-01 -0.3376      0.2872      0.2989    
   71.00      0.5566E-05  0.1847E-02 -0.4332      0.3142      0.2751    
   72.00      0.4287E-05 -0.6877E-01 -0.5225      0.2844      0.2194    
   73.00      0.3469E-05 -0.2093     -0.5864      0.1433      0.1364    
   74.00      0.3219E-05 -0.3665     -0.6032     -0.7143E-01  0.6955E-01
   75.00      0.3377E-05 -0.4459     -0.5853     -0.2233      0.5461E-01
   76.00      0.3620E-05 -0.4385     -0.5582     -0.2605      0.7262E-01
   77.00      0.3636E-05 -0.3861     -0.5237     -0.2200      0.9353E-01
   78.00      0.3285E-05 -0.3193     -0.4627     -0.1385      0.1015    
   79.00      0.2666E-05 -0.2579     -0.3398     -0.3801E-01  0.8802E-01
   80.00      0.2044E-05 -0.2344     -0.1162      0.4828E-01  0.5004E-01
   81.00      0.1709E-05 -0.2957      0.1461      0.4913E-01  0.1184E-01
   82.00      0.1814E-05 -0.4063      0.2091     -0.4888E-01  0.2424E-01
   83.00      0.2298E-05 -0.4594      0.5457E-01 -0.1249      0.7249E-01
   84.00      0.2912E-05 -0.4511     -0.1285     -0.1307      0.1105    
   85.00      0.3347E-05 -0.4199     -0.2639     -0.9226E-01  0.1258    
   86.00      0.3386E-05 -0.3869     -0.3493     -0.3247E-01  0.1193    
   87.00      0.3004E-05 -0.3625     -0.3896      0.3525E-01  0.9091E-01
   88.00      0.2372E-05 -0.3564     -0.3804      0.9243E-01  0.4010E-01
   89.00      0.1761E-05 -0.3785     -0.3114      0.9437E-01 -0.1898E-01
   90.00      0.1403E-05 -0.4141     -0.2124     -0.2077E-01 -0.2625E-01
   91.00      0.1383E-05 -0.4018     -0.1884     -0.1944      0.7149E-01
   92.00      0.1609E-05 -0.3256     -0.2576     -0.2705      0.1971    
   93.00      0.1868E-05 -0.2299     -0.3354     -0.2417      0.2772    
   94.00      0.1952E-05 -0.1356     -0.3762     -0.1644      0.3117    
   95.00      0.1763E-05 -0.4262E-01 -0.3610     -0.6851E-01  0.3115    
   96.00      0.1361E-05  0.4822E-01 -0.2570      0.2959E-01  0.2741    
   97.00      0.9278E-06  0.1063     -0.1403E-02  0.8666E-01  0.1819    
   98.00      0.6615E-06  0.2160E-01  0.3656     -0.2089E-01  0.5174E-01
   99.00      0.6748E-06 -0.2060      0.3866     -0.2714      0.4307E-01
   100.0      0.9340E-06 -0.2981      0.5315E-01 -0.3532      0.1555    
   101.0      0.1279E-05 -0.2567     -0.2201     -0.2904      0.2455    
   102.0      0.1511E-05 -0.1720     -0.3727     -0.1879      0.2931    
   103.0      0.1495E-05 -0.7003E-01 -0.4378     -0.7570E-01  0.3104    
   104.0      0.1228E-05  0.5027E-01 -0.4190      0.4183E-01  0.2991    
   105.0      0.8407E-06  0.1892     -0.2649      0.1490      0.2436    
   106.0      0.5245E-06  0.2738      0.1242      0.1421      0.1162    
   107.0      0.4312E-06  0.6988E-01  0.4608     -0.1552      0.1800E-01
   108.0      0.5946E-06 -0.1978      0.1863     -0.3639      0.1134    
   109.0      0.9148E-06 -0.2412     -0.1635     -0.3136      0.2205    
   110.0      0.1213E-05 -0.1865     -0.3661     -0.1930      0.2750    
   111.0      0.1326E-05 -0.1013     -0.4667     -0.6001E-01  0.2928    
   112.0      0.1189E-05  0.3207E-02 -0.4902      0.8461E-01  0.2799    
   113.0      0.8737E-06  0.1300     -0.4082      0.2473      0.2230    
   114.0      0.5415E-06  0.2526     -0.1036      0.3875      0.8400E-01
   115.0      0.3635E-06  0.1698      0.4585      0.2412     -0.1010    
   116.0      0.4284E-06 -0.1669      0.4757     -0.1986     -0.1823E-01
   117.0      0.6974E-06 -0.2767      0.6609E-01 -0.3130      0.1697    
   118.0      0.1025E-05 -0.2342     -0.2093     -0.2382      0.2704    
   119.0      0.1237E-05 -0.1540     -0.3522     -0.1233      0.3130    
   120.0      0.1220E-05 -0.5972E-01 -0.4094      0.4473E-02  0.3214    
   121.0      0.9829E-06  0.4972E-01 -0.3813      0.1468      0.2957    
   122.0      0.6502E-06  0.1688     -0.2023      0.2928      0.2104    
   123.0      0.3969E-06  0.1971      0.2472      0.3035      0.2966E-01
   124.0      0.3566E-06 -0.7826E-01  0.5343     -0.7422E-01 -0.5272E-01
   125.0      0.5514E-06 -0.2742      0.1748     -0.3093      0.1110    
   126.0      0.8801E-06 -0.2563     -0.1517     -0.2655      0.2383    
   127.0      0.1171E-05 -0.1805     -0.3210     -0.1551      0.2979    
   128.0      0.1272E-05 -0.9124E-01 -0.3937     -0.3286E-01  0.3186    
   129.0      0.1130E-05  0.8635E-02 -0.3904      0.9797E-01  0.3092    
   130.0      0.8201E-06  0.1211     -0.2791      0.2360      0.2567    
   131.0      0.5075E-06  0.2077      0.4257E-01  0.3174      0.1235    
   132.0      0.3607E-06  0.6903E-01  0.4834      0.8158E-01 -0.4141E-01
   133.0      0.4643E-06 -0.2135      0.3099     -0.2836      0.4499E-01
   134.0      0.7730E-06 -0.2593     -0.7575E-01 -0.3043      0.1990    
   135.0      0.1134E-05 -0.1979     -0.2905     -0.1969      0.2783    
   136.0      0.1366E-05 -0.1152     -0.3857     -0.7244E-01  0.3087    
   137.0      0.1351E-05 -0.2468E-01 -0.4033      0.5542E-01  0.3069    
   138.0      0.1099E-05  0.7534E-01 -0.3372      0.1880      0.2688    
   139.0      0.7454E-06  0.1744     -0.1252      0.3016      0.1677    
   140.0      0.4781E-06  0.1736      0.2972      0.2432     -0.1750E-01
   141.0      0.4447E-06 -0.7726E-01  0.4706     -0.1475     -0.7391E-01
   142.0      0.6730E-06 -0.2392      0.1005     -0.3374      0.1009    
   143.0      0.1055E-05 -0.2185     -0.2032     -0.2679      0.2324    
   144.0      0.1402E-05 -0.1474     -0.3523     -0.1429      0.2918    
   145.0      0.1539E-05 -0.6595E-01 -0.4067     -0.1278E-01  0.3080    
   146.0      0.1399E-05  0.2115E-01 -0.3861      0.1195      0.2888    
   147.0      0.1058E-05  0.1106     -0.2632      0.2474      0.2198    
   148.0      0.7017E-06  0.1617      0.3348E-01  0.3013      0.6793E-01
   149.0      0.5283E-06  0.3528E-01  0.3906      0.7087E-01 -0.9876E-01
   150.0      0.6491E-06 -0.1848      0.2602     -0.2675     -0.1348E-01
   151.0      0.1027E-05 -0.2255     -0.7577E-01 -0.3052      0.1600    
   152.0      0.1492E-05 -0.1737     -0.2772     -0.2059      0.2587    
   153.0      0.1827E-05 -0.1036     -0.3666     -0.8446E-01  0.2995    
   154.0      0.1874E-05 -0.3155E-01 -0.3814      0.3766E-01  0.3012    
   155.0      0.1621E-05  0.3806E-01 -0.3233      0.1558      0.2620    
   156.0      0.1213E-05  0.8939E-01 -0.1618      0.2440      0.1604    
   157.0      0.8765E-06  0.6218E-01  0.1121      0.1978     -0.1362E-01
   158.0      0.8130E-06 -0.9153E-01  0.2477     -0.7098E-01 -0.1069    
   159.0      0.1094E-05 -0.1961      0.4674E-01 -0.2581      0.1497E-01
   160.0      0.1622E-05 -0.1839     -0.1755     -0.2377      0.1594    
   161.0      0.2181E-05 -0.1339     -0.2938     -0.1429      0.2433    
   162.0      0.2545E-05 -0.8458E-01 -0.3300     -0.3719E-01  0.2775    
   163.0      0.2594E-05 -0.5081E-01 -0.3028      0.6060E-01  0.2703    
   164.0      0.2380E-05 -0.4836E-01 -0.2168      0.1321      0.2163    
   165.0      0.2107E-05 -0.9798E-01 -0.9051E-01  0.1388      0.1096    
   166.0      0.2024E-05 -0.1913     -0.5016E-02  0.4801E-01 -0.1181E-01
   167.0      0.2301E-05 -0.2531     -0.4849E-01 -0.7633E-01 -0.6147E-01
   168.0      0.2928E-05 -0.2368     -0.1680     -0.1318     -0.2883E-01
   169.0      0.3713E-05 -0.1746     -0.2693     -0.1132      0.2575E-01
   170.0      0.4364E-05 -0.1013     -0.3217     -0.5781E-01  0.6520E-01
   171.0      0.4633E-05 -0.3116E-01 -0.3250      0.8706E-02  0.7824E-01
   172.0      0.4447E-05  0.2804E-01 -0.2803      0.6934E-01  0.5937E-01
   173.0      0.3950E-05  0.6357E-01 -0.1884      0.1021      0.2703E-02
   174.0      0.3454E-05  0.5223E-01 -0.7302E-01  0.7340E-01 -0.8651E-01
   175.0      0.3292E-05 -0.1617E-01 -0.1286E-01 -0.2941E-01 -0.1631    
   176.0      0.3658E-05 -0.9261E-01 -0.7512E-01 -0.1367     -0.1667    
   177.0      0.4509E-05 -0.1191     -0.2029     -0.1711     -0.1115    
   178.0      0.5565E-05 -0.9779E-01 -0.3121     -0.1388     -0.5155E-01
   179.0      0.6430E-05 -0.5292E-01 -0.3762     -0.7473E-01 -0.1286E-01
   180.0      0.6763E-05   0.000     -0.3966       0.000       0.000    
 END
