         1 -2.4981E-10
         2  2.0069E-07
         3 -3.2797E-08
         4 -4.4710E-07
         5  2.6976E-07
         6  8.7939E-08
         7 -1.5708E-06
         8  2.8090E-06
         9 -2.3066E-06
        10 -2.9440E-06
        11 -4.1344E-06
        12 -1.4034E-05
        13  9.6646E-06
        14 -3.0846E-06
        15 -1.7543E-05
        16  3.5439E-06
        17 -2.3337E-06
        18  3.2133E-05
        19 -1.9435E-05
        20 -2.8347E-05
        21  4.2319E-05
        22 -1.0464E-06
        23 -6.1892E-05
        24  2.2366E-06
        25 -3.3782E-05
        26  8.5416E-05
        27 -3.7664E-05
        28 -1.7885E-04
        29 -8.7941E-05
        30  1.8658E-04
        31 -1.3523E-04
        32 -2.0864E-04
        33 -1.8651E-04
        34 -1.2117E-04
        35  1.5516E-05
        36 -4.6594E-04
        37  8.2075E-05
        38  1.4492E-04
        39 -3.8883E-04
        40  2.2383E-05
        41 -8.7307E-04
        42 -1.0674E-04
        43 -7.2352E-04
        44  5.8959E-04
        45 -3.8487E-04
        46 -3.2112E-04
        47 -6.4286E-04
        48 -1.4409E-03
        49  8.5822E-04
        50  2.9035E-05
        51  7.3979E-05
        52 -4.6820E-04
        53  5.0276E-04
        54  1.7088E-03
        55  7.4334E-04
        56 -1.2588E-03
        57  3.4862E-04
        58 -2.1758E-04
        59 -5.8236E-04
        60  4.6463E-04
        61  7.8468E-04
        62 -4.7270E-04
        63 -7.6225E-04
        64 -7.3542E-04
        65  1.9902E-04
        66 -1.9714E-04
        67  1.1566E-03
        68  7.6510E-04
        69  4.2142E-04
        70 -5.0485E-04
        71  3.4938E-04
        72 -5.5637E-05
        73 -1.0195E-05
        74 -3.7961E-04
        75 -5.7789E-06
        76  1.5036E-04
        77 -6.3322E-05
        78  3.1357E-04
        79  2.1692E-04
        80 -1.1061E-04
        81  1.5162E-04
        82  9.6323E-05
        83  1.3368E-04
        84  1.4347E-04
        85  1.4862E-04
        86  1.4344E-04
        87  1.5076E-04
        88  1.6376E-04
        89  1.8204E-04
        90  2.0720E-04
        91  2.3739E-04
        92  2.0348E-04
        93  2.2923E-04
        94  1.5825E-04
        95  3.5919E-04
        96  3.0848E-04
        97  8.5923E-05
        98  3.0413E-04
        99  1.3456E-04
       100  2.8854E-04
       101  3.6080E-04
       102  7.1928E-04
       103  3.9281E-04
       104  4.2833E-04
       105  5.6530E-04
       106  3.0144E-04
       107  8.3950E-04
       108  7.4319E-05
       109  9.3062E-04
       110  1.7582E-03
       111  1.5039E-03
       112  1.1351E-03
       113  1.0571E-03
       114  1.1630E-03
       115  9.1475E-04
       116  6.9598E-04
       117  5.7364E-04
       118  1.5722E-03
       119  1.5590E-03
       120  1.3575E-03
       121  1.1364E-03
       122  1.5845E-03
       123  1.9004E-03
       124  2.0207E-03
       125  1.6560E-03
       126  2.0023E-03
       127  1.9737E-03
       128  2.0466E-03
       129  2.2062E-03
       130  2.2954E-03
       131  2.3552E-03
       132  2.5454E-03
       133  2.7277E-03
       134  2.8517E-03
       135  3.0013E-03
       136  3.1593E-03
       137  3.3238E-03
       138  3.4915E-03
       139  3.6652E-03
       140  3.8611E-03
       141  4.0410E-03
       142  4.2264E-03
       143  4.4316E-03
       144  4.6504E-03
       145  4.9580E-03
       146  5.0793E-03
       147  5.4065E-03
       148  5.5569E-03
       149  5.7576E-03
       150  6.0157E-03
       151  6.4145E-03
       152  6.7522E-03
       153  6.9240E-03
       154  7.4288E-03
       155  7.6770E-03
       156  8.1858E-03
       157  8.4009E-03
       158  8.5485E-03
       159  9.2626E-03
       160  9.2193E-03
       161  9.9909E-03
       162  1.0809E-02
       163  1.0555E-02
       164  1.0710E-02
       165  1.1535E-02
       166  1.2184E-02
       167  1.2669E-02
       168  1.3401E-02
       169  1.3930E-02
       170  1.4341E-02
       171  1.5231E-02
       172  1.5414E-02
       173  1.6238E-02
       174  1.6721E-02
       175  1.7587E-02
       176  1.8240E-02
       177  1.9065E-02
       178  1.9679E-02
       179  2.0335E-02
       180  2.1197E-02
       181  2.2038E-02
       182  2.2891E-02
       183  2.3754E-02
       184  2.4642E-02
       185  2.5582E-02
       186  2.6541E-02
       187  2.7536E-02
       188  2.8563E-02
       189  2.9615E-02
       190  3.0705E-02
       191  3.1853E-02
       192  3.3013E-02
       193  3.4208E-02
       194  3.5432E-02
       195  3.6619E-02
       196  3.8070E-02
       197  3.9401E-02
       198  4.0827E-02
       199  4.2318E-02
       200  4.3794E-02
       201  4.5155E-02
       202  4.6956E-02
       203  4.8524E-02
       204  5.0215E-02
       205  5.1824E-02
       206  5.3657E-02
       207  5.5868E-02
       208  5.7348E-02
       209  5.9924E-02
       210  6.1214E-02
       211  6.4218E-02
       212  6.5486E-02
       213  6.8233E-02
       214  7.0119E-02
       215  7.2488E-02
       216  7.5085E-02
       217  7.7303E-02
       218  8.0017E-02
       219  8.2440E-02
       220  8.5310E-02
       221  8.7910E-02
       222  9.0741E-02
       223  9.3913E-02
       224  9.6752E-02
       225  9.9998E-02
       226  1.0318E-01
       227  1.0645E-01
       228  1.1005E-01
       229  1.1350E-01
       230  1.1710E-01
       231  1.2086E-01
       232  1.2468E-01
       233  1.2863E-01
       234  1.3267E-01
       235  1.3684E-01
       236  1.4114E-01
       237  1.4555E-01
       238  1.5010E-01
       239  1.5476E-01
       240  1.5959E-01
       241  1.6454E-01
       242  1.6960E-01
       243  1.7486E-01
       244  1.8029E-01
       245  1.8584E-01
       246  1.9149E-01
       247  1.9745E-01
       248  2.0338E-01
       249  2.0950E-01
       250  2.1598E-01
       251  2.2269E-01
       252  2.2941E-01
       253  2.3643E-01
       254  2.4382E-01
       255  2.5078E-01
       256  2.5837E-01
       257  2.6631E-01
       258  2.7447E-01
       259  2.8296E-01
       260  2.9151E-01
       261  3.0018E-01
       262  3.0912E-01
       263  3.1827E-01
       264  3.2804E-01
       265  3.3783E-01
       266  3.4795E-01
       267  3.5841E-01
       268  3.6932E-01
       269  3.8032E-01
       270  3.9155E-01
       271  4.0359E-01
       272  4.1569E-01
       273  4.2798E-01
       274  4.4107E-01
       275  4.5413E-01
       276  4.6775E-01
       277  4.8185E-01
       278  4.9635E-01
       279  5.1136E-01
       280  5.2672E-01
       281  5.4262E-01
       282  5.5902E-01
       283  5.7596E-01
       284  5.9340E-01
       285  6.1139E-01
       286  6.2996E-01
       287  6.4912E-01
       288  6.6889E-01
       289  6.8931E-01
       290  7.1039E-01
       291  7.3214E-01
       292  7.5463E-01
       293  7.7789E-01
       294  8.0191E-01
       295  8.2684E-01
       296  8.5234E-01
       297  8.7890E-01
       298  9.0623E-01
       299  9.3480E-01
       300  9.6398E-01
       301  9.9445E-01
       302  1.0260E+00
       303  1.0587E+00
       304  1.0921E+00
       305  1.1271E+00
       306  1.1635E+00
       307  1.2012E+00
       308  1.2402E+00
       309  1.2802E+00
       310  1.3229E+00
       311  1.3661E+00
       312  1.4117E+00
       313  1.4586E+00
       314  1.5076E+00
       315  1.5587E+00
       316  1.6116E+00
       317  1.6669E+00
       318  1.7244E+00
       319  1.7843E+00
       320  1.8469E+00
       321  1.9121E+00
       322  1.9802E+00
       323  2.0514E+00
       324  2.1257E+00
       325  2.2035E+00
       326  2.2849E+00
       327  2.3702E+00
       328  2.4597E+00
       329  2.5535E+00
       330  2.6520E+00
       331  2.7556E+00
       332  2.8646E+00
       333  2.9794E+00
       334  3.1003E+00
       335  3.2280E+00
       336  3.3629E+00
       337  3.5056E+00
       338  3.6568E+00
       339  3.8171E+00
       340  3.9874E+00
       341  4.1685E+00
       342  4.3616E+00
       343  4.5676E+00
       344  4.7878E+00
       345  5.0238E+00
       346  5.2772E+00
       347  5.5498E+00
       348  5.8438E+00
       349  6.1619E+00
       350  6.5065E+00
       351  6.8814E+00
       352  7.2904E+00
       353  7.7387E+00
       354  8.2312E+00
       355  8.7747E+00
       356  9.3772E+00
       357  1.0049E+01
       358  1.0802E+01
       359  1.1650E+01
       360  1.2614E+01
       361  1.3716E+01
       362  1.4988E+01
       363  1.6470E+01
       364  1.8214E+01
       365  2.0293E+01
       366  2.2805E+01
       367  2.5886E+01
       368  2.9726E+01
       369  3.4594E+01
       370  4.0853E+01
       371  4.8965E+01
       372  5.9382E+01
       373  7.2228E+01
       374  8.6778E+01
       375  1.0137E+02
       376  1.1431E+02
       377  1.2483E+02
       378  1.3303E+02
       379  1.3936E+02
       380  1.4427E+02
       381  1.4815E+02
       382  1.5126E+02
       383  1.5379E+02
       384  1.5589E+02
       385  1.5764E+02
       386  1.5913E+02
       387  1.6041E+02
       388  1.6152E+02
       389  1.6248E+02
       390  1.6334E+02
       391  1.6409E+02
       392  1.6476E+02
       393  1.6537E+02
       394  1.6591E+02
       395  1.6640E+02
       396  1.6685E+02
       397  1.6726E+02
       398  1.6763E+02
       399  1.6798E+02
       400  1.6829E+02
       401  1.6858E+02
       402  1.6885E+02
       403  1.6910E+02
       404  1.6934E+02
       405  1.6956E+02
       406  1.6976E+02
       407  1.6995E+02
       408  1.7013E+02
       409  1.7029E+02
       410  1.7045E+02
       411  1.7060E+02
       412  1.7074E+02
       413  1.7087E+02
       414  1.7099E+02
       415  1.7111E+02
       416  1.7122E+02
       417  1.7132E+02
       418  1.7142E+02
       419  1.7152E+02
       420  1.7161E+02
       421  1.7169E+02
       422  1.7177E+02
       423  1.7185E+02
       424  1.7192E+02
       425  1.7199E+02
       426  1.7205E+02
       427  1.7212E+02
       428  1.7218E+02
       429  1.7223E+02
       430  1.7229E+02
       431  1.7234E+02
       432  1.7239E+02
       433  1.7243E+02
       434  1.7248E+02
       435  1.7252E+02
       436  1.7256E+02
       437  1.7260E+02
       438  1.7264E+02
       439  1.7267E+02
       440  1.7271E+02
       441  1.7274E+02
       442  1.7277E+02
       443  1.7280E+02
       444  1.7282E+02
       445  1.7285E+02
       446  1.7288E+02
       447  1.7290E+02
       448  1.7292E+02
       449  1.7294E+02
       450  1.7296E+02
         1  9.6517E-08
         2  2.4382E-08
         3  1.8549E-07
         4 -3.5850E-07
         5 -7.1251E-08
         6  3.2969E-07
         7  7.8427E-07
         8  3.2139E-06
         9 -5.7156E-07
        10 -5.1541E-07
        11  4.1379E-06
        12  1.0760E-07
        13 -3.4971E-06
        14  2.1283E-06
        15 -1.2365E-05
        16  5.7596E-06
        17 -3.2649E-05
        18  1.5726E-05
        19  4.0600E-05
        20  5.1335E-05
        21  6.6166E-05
        22  3.5059E-05
        23  7.5046E-05
        24 -1.2989E-04
        25  1.4457E-04
        26 -4.5905E-05
        27 -4.2405E-05
        28  2.2376E-04
        29 -3.2485E-05
        30  1.5146E-04
        31  5.0785E-05
        32 -7.8462E-05
        33 -9.2624E-05
        34 -3.8069E-05
        35 -6.2544E-04
        36 -2.8748E-04
        37 -4.3122E-04
        38 -2.1258E-04
        39 -5.1432E-04
        40  2.1371E-04
        41 -2.7217E-04
        42  3.6772E-05
        43  1.6599E-05
        44 -8.3268E-08
        45  1.9063E-03
        46  7.9625E-04
        47 -6.5800E-04
        48 -3.1618E-04
        49  1.0044E-03
        50  1.5344E-03
        51  7.5944E-04
        52 -5.3245E-04
        53 -2.4211E-04
        54  3.4972E-04
        55 -1.1678E-03
        56 -1.3419E-03
        57 -1.9157E-04
        58  1.1181E-03
        59 -1.9465E-03
        60 -1.2877E-03
        61  8.6578E-04
        62 -8.2618E-04
        63  5.6462E-04
        64  4.7807E-05
        65 -1.6496E-03
        66 -6.5005E-04
        67  4.2340E-06
        68 -1.1439E-03
        69 -5.1578E-04
        70 -6.6420E-04
        71 -8.5641E-04
        72  7.5031E-04
        73 -4.5783E-04
        74  6.5759E-04
        75 -3.6014E-04
        76  2.3005E-04
        77 -2.8201E-04
        78 -2.7141E-04
        79  1.1250E-04
        80  6.5720E-05
        81  1.1018E-04
        82  1.0505E-04
        83  1.1286E-04
        84  1.0084E-04
        85  1.2785E-04
        86  1.3569E-04
        87  1.5094E-04
        88  1.6304E-04
        89  1.8220E-04
        90  1.7316E-04
        91  2.2182E-04
        92  3.2288E-04
        93  2.7282E-04
        94  2.9414E-04
        95  1.6120E-04
        96  1.2281E-04
        97  3.7911E-04
        98  3.1122E-04
        99  3.1979E-04
       100  1.8644E-04
       101  4.8020E-04
       102  5.1132E-04
       103  3.8398E-04
       104  5.8568E-04
       105  2.1447E-04
       106  1.2143E-03
       107  1.0302E-03
       108  6.8096E-04
       109  4.9255E-04
       110  8.1495E-05
       111  1.0206E-03
       112  1.6227E-03
       113  9.6013E-04
       114  1.5253E-03
       115  1.8212E-04
       116  1.1194E-03
       117  1.8121E-03
       118  9.1019E-04
       119  1.1078E-03
       120  1.3590E-03
       121  1.2588E-03
       122  1.5264E-03
       123  1.3962E-03
       124  1.7601E-03
       125  1.7800E-03
       126  1.8297E-03
       127  2.0535E-03
       128  2.1377E-03
       129  2.4240E-03
       130  2.3250E-03
       131  2.4474E-03
       132  2.5729E-03
       133  2.7808E-03
       134  2.8543E-03
       135  3.0186E-03
       136  3.1628E-03
       137  3.3261E-03
       138  3.4940E-03
       139  3.6708E-03
       140  3.8385E-03
       141  4.0513E-03
       142  4.2489E-03
       143  4.4572E-03
       144  4.7110E-03
       145  4.8336E-03
       146  5.0110E-03
       147  5.2520E-03
       148  5.6026E-03
       149  5.6386E-03
       150  6.3816E-03
       151  6.4363E-03
       152  6.6788E-03
       153  7.0170E-03
       154  7.0719E-03
       155  7.9822E-03
       156  8.0130E-03
       157  8.3941E-03
       158  8.8808E-03
       159  9.1241E-03
       160  1.0176E-02
       161  1.0695E-02
       162  1.0854E-02
       163  1.1443E-02
       164  1.1042E-02
       165  1.1814E-02
       166  1.1961E-02
       167  1.2411E-02
       168  1.3099E-02
       169  1.3987E-02
       170  1.4303E-02
       171  1.5078E-02
       172  1.5500E-02
       173  1.6165E-02
       174  1.6810E-02
       175  1.7798E-02
       176  1.8262E-02
       177  1.8923E-02
       178  1.9868E-02
       179  2.0485E-02
       180  2.1235E-02
       181  2.2008E-02
       182  2.2900E-02
       183  2.3761E-02
       184  2.4670E-02
       185  2.5604E-02
       186  2.6570E-02
       187  2.7564E-02
       188  2.8591E-02
       189  2.9667E-02
       190  3.0732E-02
       191  3.1919E-02
       192  3.3054E-02
       193  3.4223E-02
       194  3.5412E-02
       195  3.6638E-02
       196  3.8094E-02
       197  3.9360E-02
       198  4.0882E-02
       199  4.2346E-02
       200  4.3626E-02
       201  4.5515E-02
       202  4.6992E-02
       203  4.8268E-02
       204  5.0386E-02
       205  5.2090E-02
       206  5.3626E-02
       207  5.5851E-02
       208  5.7642E-02
       209  5.9276E-02
       210  6.1404E-02
       211  6.3169E-02
       212  6.5712E-02
       213  6.7623E-02
       214  7.0363E-02
       215  7.2973E-02
       216  7.4853E-02
       217  7.7571E-02
       218  8.0189E-02
       219  8.2632E-02
       220  8.5304E-02
       221  8.8129E-02
       222  9.0972E-02
       223  9.3981E-02
       224  9.7030E-02
       225  1.0008E-01
       226  1.0341E-01
       227  1.0672E-01
       228  1.1008E-01
       229  1.1362E-01
       230  1.1730E-01
       231  1.2098E-01
       232  1.2483E-01
       233  1.2878E-01
       234  1.3284E-01
       235  1.3703E-01
       236  1.4133E-01
       237  1.4575E-01
       238  1.5030E-01
       239  1.5498E-01
       240  1.5979E-01
       241  1.6480E-01
       242  1.6989E-01
       243  1.7517E-01
       244  1.8051E-01
       245  1.8596E-01
       246  1.9180E-01
       247  1.9784E-01
       248  2.0394E-01
       249  2.1003E-01
       250  2.1622E-01
       251  2.2284E-01
       252  2.2967E-01
       253  2.3671E-01
       254  2.4397E-01
       255  2.5122E-01
       256  2.5890E-01
       257  2.6668E-01
       258  2.7472E-01
       259  2.8372E-01
       260  2.9181E-01
       261  2.9999E-01
       262  3.0964E-01
       263  3.1878E-01
       264  3.2845E-01
       265  3.3834E-01
       266  3.4846E-01
       267  3.5910E-01
       268  3.6977E-01
       269  3.8073E-01
       270  3.9234E-01
       271  4.0412E-01
       272  4.1640E-01
       273  4.2879E-01
       274  4.4170E-01
       275  4.5496E-01
       276  4.6856E-01
       277  4.8264E-01
       278  4.9728E-01
       279  5.1230E-01
       280  5.2771E-01
       281  5.4364E-01
       282  5.6011E-01
       283  5.7704E-01
       284  5.9452E-01
       285  6.1255E-01
       286  6.3117E-01
       287  6.5037E-01
       288  6.7020E-01
       289  6.9067E-01
       290  7.1182E-01
       291  7.3364E-01
       292  7.5619E-01
       293  7.7943E-01
       294  8.0357E-01
       295  8.2844E-01
       296  8.5416E-01
       297  8.8080E-01
       298  9.0818E-01
       299  9.3674E-01
       300  9.6623E-01
       301  9.9666E-01
       302  1.0282E+00
       303  1.0609E+00
       304  1.0948E+00
       305  1.1300E+00
       306  1.1662E+00
       307  1.2038E+00
       308  1.2432E+00
       309  1.2838E+00
       310  1.3255E+00
       311  1.3697E+00
       312  1.4155E+00
       313  1.4627E+00
       314  1.5119E+00
       315  1.5628E+00
       316  1.6160E+00
       317  1.6713E+00
       318  1.7292E+00
       319  1.7893E+00
       320  1.8522E+00
       321  1.9176E+00
       322  1.9860E+00
       323  2.0573E+00
       324  2.1321E+00
       325  2.2103E+00
       326  2.2920E+00
       327  2.3778E+00
       328  2.4677E+00
       329  2.5619E+00
       330  2.6610E+00
       331  2.7651E+00
       332  2.8746E+00
       333  2.9900E+00
       334  3.1117E+00
       335  3.2401E+00
       336  3.3758E+00
       337  3.5193E+00
       338  3.6714E+00
       339  3.8328E+00
       340  4.0041E+00
       341  4.1865E+00
       342  4.3809E+00
       343  4.5884E+00
       344  4.8103E+00
       345  5.0481E+00
       346  5.3034E+00
       347  5.5783E+00
       348  5.8749E+00
       349  6.1958E+00
       350  6.5437E+00
       351  6.9223E+00
       352  7.3357E+00
       353  7.7885E+00
       354  8.2865E+00
       355  8.8363E+00
       356  9.4465E+00
       357  1.0127E+01
       358  1.0890E+01
       359  1.1751E+01
       360  1.2730E+01
       361  1.3850E+01
       362  1.5145E+01
       363  1.6655E+01
       364  1.8436E+01
       365  2.0562E+01
       366  2.3135E+01
       367  2.6298E+01
       368  3.0249E+01
       369  3.5268E+01
       370  4.1734E+01
       371  5.0115E+01
       372  6.0849E+01
       373  7.3984E+01
       374  8.8661E+01
       375  1.0314E+02
       376  1.1580E+02
       377  1.2602E+02
       378  1.3396E+02
       379  1.4008E+02
       380  1.4485E+02
       381  1.4861E+02
       382  1.5163E+02
       383  1.5410E+02
       384  1.5615E+02
       385  1.5786E+02
       386  1.5932E+02
       387  1.6058E+02
       388  1.6166E+02
       389  1.6262E+02
       390  1.6345E+02
       391  1.6420E+02
       392  1.6486E+02
       393  1.6545E+02
       394  1.6599E+02
       395  1.6648E+02
       396  1.6692E+02
       397  1.6732E+02
       398  1.6769E+02
       399  1.6803E+02
       400  1.6834E+02
       401  1.6863E+02
       402  1.6890E+02
       403  1.6915E+02
       404  1.6938E+02
       405  1.6959E+02
       406  1.6979E+02
       407  1.6998E+02
       408  1.7016E+02
       409  1.7032E+02
       410  1.7048E+02
       411  1.7063E+02
       412  1.7076E+02
       413  1.7089E+02
       414  1.7102E+02
       415  1.7113E+02
       416  1.7124E+02
       417  1.7134E+02
       418  1.7144E+02
       419  1.7154E+02
       420  1.7162E+02
       421  1.7171E+02
       422  1.7179E+02
       423  1.7186E+02
       424  1.7194E+02
       425  1.7200E+02
       426  1.7207E+02
       427  1.7213E+02
       428  1.7219E+02
       429  1.7225E+02
       430  1.7230E+02
       431  1.7235E+02
       432  1.7240E+02
       433  1.7245E+02
       434  1.7249E+02
       435  1.7253E+02
       436  1.7257E+02
       437  1.7261E+02
       438  1.7265E+02
       439  1.7268E+02
       440  1.7272E+02
       441  1.7275E+02
       442  1.7278E+02
       443  1.7281E+02
       444  1.7283E+02
       445  1.7286E+02
       446  1.7288E+02
       447  1.7291E+02
       448  1.7293E+02
       449  1.7295E+02
       450  1.7297E+02
