# Fusion cross sections for ELAB=  32.000, ECM=  19.191
     0.5   4.736      1
     0.5   9.473     -1
     1.5   15.79      1
     1.5   31.58     -1
     2.5   28.41      1
     2.5   56.83     -1
     3.5   37.88      1
     3.5   75.76     -1
     4.5   47.33      1
     4.5   94.66     -1
     5.5   56.77      1
     5.5   113.5     -1
     6.5   66.02      1
     6.5   132.1     -1
     7.5   75.25      1
     7.5   150.2     -1
     8.5   82.92      1
     8.5   166.6     -1
     9.5   90.29      1
     9.5   178.8     -1
    10.5   89.85      1
    10.5   182.8     -1
    11.5   89.64      1
    11.5   174.7     -1
    12.5   73.86      1
    12.5   153.6     -1
    13.5   64.84      1
    13.5   123.3     -1
    14.5   42.17      1
    14.5   90.36     -1
    15.5   33.10      1
    15.5   61.21     -1
    16.5   17.75      1
    16.5   39.17     -1
    17.5   13.30      1
    17.5   24.11     -1
    18.5   6.438      1
    18.5   14.46     -1
    19.5   4.747      1
    19.5   8.530     -1
    20.5   2.202      1
    20.5   4.976     -1
 &
