0.1000E-01 1.000
0.2000E-15 0.2231E-13
-0.2398E-17 -0.9089E-19
0.5000 1.004
0.2983E-10 0.5114E-10
-0.2756E-12 -0.5240E-12
1.000 1.013
0.3659E-09 -0.3308E-10
0.3656E-12 0.1371E-11
1.500 1.005
0.7809E-09 -0.3427E-09
0.5948E-11 0.3454E-10
2.000 0.9758
0.6528E-09 -0.7230E-09
0.1794E-10 0.1421E-09
2.500 0.9298
-0.5824E-09 -0.1015E-08
0.3491E-10 0.3559E-09
3.000 0.8728
-0.3241E-08 -0.1107E-08
0.5325E-10 0.6761E-09
3.500 0.8116
-0.7271E-08 -0.9514E-09
0.6790E-10 0.1055E-08
4.000 0.7521
-0.1216E-07 -0.5832E-09
0.7344E-10 0.1386E-08
4.500 0.6993
-0.1690E-07 -0.1305E-09
0.6573E-10 0.1511E-08
5.000 0.6567
-0.2019E-07 0.1997E-09
0.4409E-10 0.1253E-08
5.500 0.6270
-0.2074E-07 0.1759E-09
0.1308E-10 0.4872E-09
6.000 0.6112
-0.1786E-07 -0.3652E-09
-0.1746E-10 -0.7795E-09
6.500 0.6098
-0.1184E-07 -0.1429E-08
-0.3514E-10 -0.2367E-08
7.000 0.6218
-0.3913E-08 -0.2836E-08
-0.2954E-10 -0.3955E-08
7.500 0.6459
0.4171E-08 -0.4276E-08
0.3847E-11 -0.5179E-08
8.000 0.6796
0.1080E-07 -0.5417E-08
0.6256E-10 -0.5744E-08
8.500 0.7206
0.1491E-07 -0.5993E-08
0.1387E-09 -0.5483E-08
9.000 0.7656
0.1617E-07 -0.5850E-08
0.2217E-09 -0.4365E-08
9.500 0.8117
0.1482E-07 -0.4949E-08
0.3006E-09 -0.2469E-08
10.00 0.8558
0.1150E-07 -0.3344E-08
0.3658E-09 0.5347E-10
10.50 0.8949
0.7072E-08 -0.1153E-08
0.4095E-09 0.3007E-08
11.00 0.9265
0.2467E-08 0.1462E-08
0.4259E-09 0.6173E-08
11.50 0.9484
-0.1412E-08 0.4311E-08
0.4115E-09 0.9324E-08
12.00 0.9587
-0.3753E-08 0.7189E-08
0.3644E-09 0.1223E-07
12.50 0.9566
-0.3878E-08 0.9884E-08
0.2851E-09 0.1468E-07
13.00 0.9413
-0.1272E-08 0.1218E-07
0.1756E-09 0.1644E-07
13.50 0.9130
0.4386E-08 0.1389E-07
0.3990E-10 0.1734E-07
14.00 0.8723
0.1320E-07 0.1480E-07
-0.1161E-09 0.1719E-07
14.50 0.8206
0.2502E-07 0.1476E-07
-0.2845E-09 0.1587E-07
15.00 0.7596
0.3942E-07 0.1363E-07
-0.4556E-09 0.1329E-07
15.50 0.6913
0.5561E-07 0.1132E-07
-0.6175E-09 0.9412E-08
16.00 0.6183
0.7237E-07 0.7829E-08
-0.7562E-09 0.4314E-08
16.50 0.5433
0.8793E-07 0.3239E-08
-0.8558E-09 -0.1811E-08
17.00 0.4688
0.9978E-07 -0.2205E-08
-0.8992E-09 -0.8583E-08
17.50 0.3977
0.1044E-06 -0.8027E-08
-0.8691E-09 -0.1534E-07
18.00 0.3325
0.9715E-07 -0.1340E-07
-0.7529E-09 -0.2105E-07
18.50 0.2753
0.7224E-07 -0.1705E-07
-0.5504E-09 -0.2417E-07
19.00 0.2282
0.2417E-07 -0.1722E-07
-0.2908E-09 -0.2278E-07
19.50 0.1927
-0.4850E-07 -0.1217E-07
-0.5370E-10 -0.1521E-07
20.00 0.1697
-0.1364E-06 -0.1541E-08
0.2921E-10 -0.1727E-08
20.50 0.1596
-0.2159E-06 0.1189E-07
-0.1645E-09 0.1368E-07
21.00 0.1626
-0.2599E-06 0.2255E-07
-0.6318E-09 0.2432E-07
21.50 0.1779
-0.2578E-06 0.2581E-07
-0.1213E-08 0.2546E-07
22.00 0.2046
-0.2211E-06 0.2110E-07
-0.1711E-08 0.1738E-07
22.50 0.2411
-0.1695E-06 0.1089E-07
-0.2012E-08 0.3622E-08
23.00 0.2855
-0.1181E-06 -0.1784E-08
-0.2095E-08 -0.1206E-07
23.50 0.3358
-0.7466E-07 -0.1461E-07
-0.1986E-08 -0.2703E-07
24.00 0.3895
-0.4205E-07 -0.2615E-07
-0.1725E-08 -0.3978E-07
24.50 0.4442
-0.2030E-07 -0.3557E-07
-0.1354E-08 -0.4951E-07
25.00 0.4976
-0.8268E-08 -0.4242E-07
-0.9068E-09 -0.5585E-07
25.50 0.5472
-0.4308E-08 -0.4648E-07
-0.4149E-09 -0.5866E-07
26.00 0.5909
-0.6636E-08 -0.4764E-07
0.9415E-10 -0.5797E-07
26.50 0.6269
-0.1344E-07 -0.4594E-07
0.5949E-09 -0.5387E-07
27.00 0.6537
-0.2294E-07 -0.4146E-07
0.1064E-08 -0.4660E-07
27.50 0.6701
-0.3339E-07 -0.3439E-07
0.1478E-08 -0.3643E-07
28.00 0.6754
-0.4310E-07 -0.2499E-07
0.1817E-08 -0.2377E-07
28.50 0.6695
-0.5042E-07 -0.1361E-07
0.2062E-08 -0.9080E-08
29.00 0.6526
-0.5376E-07 -0.6894E-09
0.2194E-08 0.7072E-08
29.50 0.6252
-0.5159E-07 0.1327E-07
0.2200E-08 0.2403E-07
30.00 0.5885
-0.4241E-07 0.2767E-07
0.2066E-08 0.4104E-07
30.50 0.5439
-0.2473E-07 0.4181E-07
0.1785E-08 0.5727E-07
31.00 0.4930
0.2909E-08 0.5493E-07
0.1351E-08 0.7177E-07
31.50 0.4377
0.4204E-07 0.6614E-07
0.7658E-09 0.8350E-07
32.00 0.3801
0.9428E-07 0.7444E-07
0.3754E-10 0.9129E-07
32.50 0.3224
0.1613E-06 0.7873E-07
-0.8146E-09 0.9386E-07
33.00 0.2666
0.2447E-06 0.7774E-07
-0.1754E-08 0.8981E-07
33.50 0.2147
0.3455E-06 0.7017E-07
-0.2711E-08 0.7775E-07
34.00 0.1686
0.4619E-06 0.5493E-07
-0.3561E-08 0.5672E-07
34.50 0.1299
0.5847E-06 0.3210E-07
-0.4076E-08 0.2745E-07
35.00 0.9986E-01
0.6859E-06 0.5451E-08
-0.3895E-08 -0.4450E-08
35.50 0.7961E-01
0.7073E-06 -0.1345E-07
-0.2625E-08 -0.2383E-07
36.00 0.6977E-01
0.5806E-06 -0.6105E-08
-0.3665E-09 -0.8486E-08
36.50 0.7064E-01
0.3193E-06 0.3388E-07
0.1746E-08 0.4621E-07
37.00 0.8215E-01
0.4889E-07 0.8479E-07
0.2475E-08 0.1104E-06
37.50 0.1039
-0.1308E-06 0.1211E-06
0.1811E-08 0.1530E-06
38.00 0.1350
-0.2141E-06 0.1355E-06
0.4728E-09 0.1671E-06
38.50 0.1746
-0.2348E-06 0.1322E-06
-0.9663E-09 0.1595E-06
39.00 0.2212
-0.2224E-06 0.1173E-06
-0.2229E-08 0.1382E-06
39.50 0.2734
-0.1953E-06 0.9535E-07
-0.3213E-08 0.1090E-06
40.00 0.3294
-0.1631E-06 0.6940E-07
-0.3893E-08 0.7572E-07
40.50 0.3876
-0.1310E-06 0.4168E-07
-0.4272E-08 0.4104E-07
41.00 0.4460
-0.1014E-06 0.1383E-07
-0.4368E-08 0.6887E-08
41.50 0.5030
-0.7525E-07 -0.1282E-07
-0.4203E-08 -0.2520E-07
42.00 0.5568
-0.5295E-07 -0.3715E-07
-0.3804E-08 -0.5394E-07
42.50 0.6058
-0.3434E-07 -0.5820E-07
-0.3202E-08 -0.7827E-07
43.00 0.6487
-0.1902E-07 -0.7516E-07
-0.2433E-08 -0.9727E-07
43.50 0.6843
-0.6489E-08 -0.8736E-07
-0.1536E-08 -0.1102E-06
44.00 0.7117
0.3780E-08 -0.9429E-07
-0.5542E-09 -0.1166E-06
44.50 0.7302
0.1230E-07 -0.9560E-07
0.4662E-09 -0.1161E-06
45.00 0.7393
0.1951E-07 -0.9116E-07
0.1477E-08 -0.1087E-06
45.50 0.7391
0.2572E-07 -0.8101E-07
0.2428E-08 -0.9444E-07
46.00 0.7295
0.3108E-07 -0.6543E-07
0.3270E-08 -0.7382E-07
46.50 0.7111
0.3554E-07 -0.4491E-07
0.3955E-08 -0.4749E-07
47.00 0.6845
0.3884E-07 -0.2017E-07
0.4437E-08 -0.1642E-07
47.50 0.6505
0.4048E-07 0.7853E-08
0.4676E-08 0.1819E-07
48.00 0.6101
0.3972E-07 0.3799E-07
0.4635E-08 0.5487E-07
48.50 0.5644
0.3556E-07 0.6888E-07
0.4287E-08 0.9194E-07
49.00 0.5148
0.2676E-07 0.9896E-07
0.3612E-08 0.1275E-06
49.50 0.4626
0.1184E-07 0.1265E-06
0.2602E-08 0.1594E-06
50.00 0.4090
-0.1084E-07 0.1496E-06
0.1259E-08 0.1853E-06
50.50 0.3554
-0.4308E-07 0.1661E-06
-0.3998E-09 0.2028E-06
51.00 0.3030
-0.8668E-07 0.1739E-06
-0.2342E-08 0.2091E-06
51.50 0.2530
-0.1432E-06 0.1704E-06
-0.4515E-08 0.2016E-06
52.00 0.2064
-0.2134E-06 0.1533E-06
-0.6838E-08 0.1771E-06
52.50 0.1643
-0.2962E-06 0.1198E-06
-0.9183E-08 0.1326E-06
53.00 0.1272
-0.3861E-06 0.6744E-07
-0.1135E-07 0.6548E-07
53.50 0.9591E-01
-0.4676E-06 -0.4560E-08
-0.1303E-07 -0.2486E-07
54.00 0.7075E-01
-0.5037E-06 -0.9209E-07
-0.1366E-07 -0.1326E-06
54.50 0.5198E-01
-0.4191E-06 -0.1772E-06
-0.1246E-07 -0.2348E-06
55.00 0.3969E-01
-0.1027E-06 -0.2155E-06
-0.8776E-08 -0.2762E-06
55.50 0.3379E-01
0.4808E-06 -0.1486E-06
-0.3467E-08 -0.1867E-06
56.00 0.3404E-01
0.1104E-05 0.1522E-07
0.2058E-09 0.1892E-07
56.50 0.4005E-01
0.1449E-05 0.1726E-06
0.2708E-10 0.2115E-06
57.00 0.5133E-01
0.1475E-05 0.2510E-06
-0.2715E-08 0.3039E-06
57.50 0.6730E-01
0.1319E-05 0.2554E-06
-0.5935E-08 0.3052E-06
58.00 0.8728E-01
0.1098E-05 0.2148E-06
-0.8555E-08 0.2524E-06
58.50 0.1105
0.8653E-06 0.1523E-06
-0.1026E-07 0.1739E-06
59.00 0.1363
0.6447E-06 0.8164E-07
-0.1106E-07 0.8671E-07
59.50 0.1639
0.4436E-06 0.1099E-07
-0.1103E-07 0.4637E-09
60.00 0.1924
0.2645E-06 -0.5463E-07
-0.1031E-07 -0.7882E-07
60.50 0.2212
0.1082E-06 -0.1119E-06
-0.9011E-08 -0.1472E-06
61.00 0.2496
-0.2504E-07 -0.1584E-06
-0.7257E-08 -0.2021E-06
61.50 0.2770
-0.1351E-06 -0.1927E-06
-0.5171E-08 -0.2416E-06
62.00 0.3028
-0.2217E-06 -0.2136E-06
-0.2879E-08 -0.2647E-06
62.50 0.3264
-0.2851E-06 -0.2208E-06
-0.5077E-09 -0.2710E-06
63.00 0.3476
-0.3254E-06 -0.2144E-06
0.1820E-08 -0.2607E-06
63.50 0.3660
-0.3432E-06 -0.1950E-06
0.3984E-08 -0.2348E-06
64.00 0.3813
-0.3396E-06 -0.1638E-06
0.5871E-08 -0.1949E-06
64.50 0.3935
-0.3159E-06 -0.1227E-06
0.7384E-08 -0.1433E-06
65.00 0.4025
-0.2743E-06 -0.7389E-07
0.8439E-08 -0.8263E-07
65.50 0.4083
-0.2172E-06 -0.1999E-07
0.8972E-08 -0.1630E-07
66.00 0.4109
-0.1476E-06 0.3603E-07
0.8946E-08 0.5209E-07
66.50 0.4105
-0.6910E-07 0.9098E-07
0.8349E-08 0.1187E-06
67.00 0.4074
0.1438E-07 0.1416E-06
0.7200E-08 0.1796E-06
67.50 0.4016
0.9859E-07 0.1848E-06
0.5546E-08 0.2310E-06
68.00 0.3936
0.1790E-06 0.2177E-06
0.3466E-08 0.2694E-06
68.50 0.3836
0.2512E-06 0.2378E-06
0.1066E-08 0.2921E-06
69.00 0.3718
0.3106E-06 0.2431E-06
-0.1523E-08 0.2966E-06
69.50 0.3586
0.3531E-06 0.2326E-06
-0.4151E-08 0.2818E-06
70.00 0.3442
0.3753E-06 0.2059E-06
-0.6656E-08 0.2474E-06
70.50 0.3290
0.3743E-06 0.1637E-06
-0.8872E-08 0.1943E-06
71.00 0.3132
0.3485E-06 0.1077E-06
-0.1064E-07 0.1246E-06
71.50 0.2970
0.2975E-06 0.4034E-07
-0.1180E-07 0.4151E-07
72.00 0.2807
0.2224E-06 -0.3473E-07
-0.1225E-07 -0.5050E-07
72.50 0.2645
0.1261E-06 -0.1132E-06
-0.1190E-07 -0.1462E-06
73.00 0.2485
0.1295E-07 -0.1903E-06
-0.1070E-07 -0.2396E-06
73.50 0.2329
-0.1107E-06 -0.2607E-06
-0.8664E-08 -0.3244E-06
74.00 0.2178
-0.2372E-06 -0.3191E-06
-0.5849E-08 -0.3942E-06
74.50 0.2033
-0.3577E-06 -0.3607E-06
-0.2374E-08 -0.4431E-06
75.00 0.1894
-0.4627E-06 -0.3811E-06
0.1592E-08 -0.4659E-06
75.50 0.1762
-0.5429E-06 -0.3767E-06
0.5834E-08 -0.4584E-06
76.00 0.1637
-0.5898E-06 -0.3455E-06
0.1010E-07 -0.4181E-06
76.50 0.1520
-0.5970E-06 -0.2866E-06
0.1409E-07 -0.3443E-06
77.00 0.1411
-0.5607E-06 -0.2010E-06
0.1753E-07 -0.2381E-06
77.50 0.1309
-0.4810E-06 -0.9154E-07
0.2011E-07 -0.1032E-06
78.00 0.1216
-0.3624E-06 0.3720E-07
0.2154E-07 0.5472E-07
78.50 0.1130
-0.2138E-06 0.1786E-06
0.2159E-07 0.2275E-06
79.00 0.1051
-0.4918E-07 0.3240E-06
0.2008E-07 0.4046E-06
79.50 0.9811E-01
0.1141E-06 0.4632E-06
0.1691E-07 0.5735E-06
80.00 0.9187E-01
0.2565E-06 0.5846E-06
0.1210E-07 0.7203E-06
80.50 0.8644E-01
0.3585E-06 0.6762E-06
0.5807E-08 0.8302E-06
81.00 0.8182E-01
0.4043E-06 0.7264E-06
-0.1621E-08 0.8891E-06
81.50 0.7803E-01
0.3850E-06 0.7255E-06
-0.9679E-08 0.8857E-06
82.00 0.7511E-01
0.3017E-06 0.6681E-06
-0.1770E-07 0.8133E-06
82.50 0.7306E-01
0.1673E-06 0.5541E-06
-0.2491E-07 0.6721E-06
83.00 0.7191E-01
0.5993E-08 0.3907E-06
-0.3054E-07 0.4710E-06
83.50 0.7169E-01
-0.1507E-06 0.1917E-06
-0.3394E-07 0.2270E-06
84.00 0.7242E-01
-0.2698E-06 -0.2354E-07
-0.3471E-07 -0.3613E-07
84.50 0.7411E-01
-0.3240E-06 -0.2329E-06
-0.3279E-07 -0.2916E-06
85.00 0.7677E-01
-0.2974E-06 -0.4157E-06
-0.2843E-07 -0.5140E-06
85.50 0.8042E-01
-0.1891E-06 -0.5551E-06
-0.2220E-07 -0.6834E-06
86.00 0.8504E-01
-0.1218E-07 -0.6413E-06
-0.1484E-07 -0.7876E-06
86.50 0.9063E-01
0.2098E-06 -0.6715E-06
-0.7140E-08 -0.8233E-06
87.00 0.9717E-01
0.4477E-06 -0.6492E-06
0.1825E-09 -0.7951E-06
87.50 0.1046
0.6718E-06 -0.5831E-06
0.6546E-08 -0.7135E-06
88.00 0.1130
0.8560E-06 -0.4844E-06
0.1155E-07 -0.5925E-06
88.50 0.1222
0.9805E-06 -0.3660E-06
0.1500E-07 -0.4474E-06
89.00 0.1321
0.1033E-05 -0.2400E-06
0.1684E-07 -0.2933E-06
89.50 0.1428
0.1009E-05 -0.1175E-06
0.1719E-07 -0.1436E-06
90.00 0.1542
0.9105E-06 -0.7310E-08
0.1625E-07 -0.8954E-08
90.50 0.1661
0.7466E-06 0.8399E-07
0.1431E-07 0.1026E-06
91.00 0.1786
0.5304E-06 0.1524E-06
0.1168E-07 0.1863E-06
91.50 0.1915
0.2785E-06 0.1964E-06
0.8692E-08 0.2401E-06
92.00 0.2048
0.9434E-08 0.2166E-06
0.5644E-08 0.2649E-06
92.50 0.2185
-0.2577E-06 0.2155E-06
0.2805E-08 0.2637E-06
93.00 0.2323
-0.5047E-06 0.1970E-06
0.3879E-09 0.2412E-06
93.50 0.2464
-0.7150E-06 0.1660E-06
-0.1461E-08 0.2035E-06
94.00 0.2607
-0.8754E-06 0.1281E-06
-0.2667E-08 0.1573E-06
94.50 0.2750
-0.9758E-06 0.8856E-07
-0.3224E-08 0.1090E-06
95.00 0.2894
-0.1011E-05 0.5236E-07
-0.3194E-08 0.6468E-07
95.50 0.3038
-0.9793E-06 0.2353E-07
-0.2693E-08 0.2934E-07
96.00 0.3183
-0.8847E-06 0.4903E-08
-0.1877E-08 0.6399E-08
96.50 0.3327
-0.7347E-06 -0.2147E-08
-0.9294E-09 -0.2418E-08
97.00 0.3471
-0.5406E-06 0.2256E-08
-0.3324E-10 0.2771E-08
97.50 0.3615
-0.3166E-06 0.1653E-07
0.6412E-09 0.2008E-07
98.00 0.3759
-0.7869E-07 0.3785E-07
0.9575E-09 0.4609E-07
98.50 0.3902
0.1567E-06 0.6245E-07
0.8268E-09 0.7624E-07
99.00 0.4044
0.3735E-06 0.8607E-07
0.2177E-09 0.1053E-06
99.50 0.4186
0.5575E-06 0.1044E-06
-0.8395E-09 0.1281E-06
100.0 0.4327
0.6972E-06 0.1136E-06
-0.2255E-08 0.1399E-06
100.5 0.4466
0.7847E-06 0.1106E-06
-0.3889E-08 0.1369E-06
101.0 0.4604
0.8162E-06 0.9378E-07
-0.5564E-08 0.1170E-06
101.5 0.4740
0.7919E-06 0.6278E-07
-0.7084E-08 0.7977E-07
102.0 0.4873
0.7164E-06 0.1891E-07
-0.8253E-08 0.2667E-07
102.5 0.5002
0.5976E-06 -0.3508E-07
-0.8897E-08 -0.3902E-07
103.0 0.5127
0.4463E-06 -0.9517E-07
-0.8881E-08 -0.1125E-06
103.5 0.5247
0.2750E-06 -0.1564E-06
-0.8125E-08 -0.1877E-06
104.0 0.5359
0.9724E-07 -0.2134E-06
-0.6612E-08 -0.2580E-06
104.5 0.5464
-0.7380E-07 -0.2606E-06
-0.4394E-08 -0.3169E-06
105.0 0.5560
-0.2262E-06 -0.2931E-06
-0.1590E-08 -0.3581E-06
105.5 0.5646
-0.3502E-06 -0.3069E-06
0.1625E-08 -0.3767E-06
106.0 0.5720
-0.4386E-06 -0.2992E-06
0.5029E-08 -0.3693E-06
106.5 0.5781
-0.4877E-06 -0.2689E-06
0.8369E-08 -0.3343E-06
107.0 0.5827
-0.4968E-06 -0.2166E-06
0.1139E-07 -0.2722E-06
107.5 0.5858
-0.4686E-06 -0.1446E-06
0.1383E-07 -0.1858E-06
108.0 0.5873
-0.4088E-06 -0.5678E-07
0.1547E-07 -0.7959E-07
108.5 0.5870
-0.3253E-06 0.4139E-07
0.1613E-07 0.3990E-07
109.0 0.5850
-0.2277E-06 0.1435E-06
0.1571E-07 0.1650E-06
109.5 0.5812
-0.1264E-06 0.2425E-06
0.1416E-07 0.2870E-06
110.0 0.5755
-0.3211E-07 0.3310E-06
0.1152E-07 0.3970E-06
110.5 0.5681
0.4574E-07 0.4022E-06
0.7914E-08 0.4866E-06
111.0 0.5590
0.9929E-07 0.4497E-06
0.3530E-08 0.5481E-06
111.5 0.5484
0.1233E-06 0.4688E-06
-0.1364E-08 0.5753E-06
112.0 0.5363
0.1156E-06 0.4565E-06
-0.6445E-08 0.5643E-06
112.5 0.5231
0.7765E-07 0.4116E-06
-0.1136E-07 0.5136E-06
113.0 0.5088
0.1488E-07 0.3357E-06
-0.1573E-07 0.4246E-06
113.5 0.4939
-0.6371E-07 0.2327E-06
-0.1921E-07 0.3018E-06
114.0 0.4785
-0.1458E-06 0.1091E-06
-0.2149E-07 0.1527E-06
114.5 0.4631
-0.2168E-06 -0.2661E-07
-0.2232E-07 -0.1225E-07
115.0 0.4480
-0.2610E-06 -0.1638E-06
-0.2158E-07 -0.1805E-06
115.5 0.4336
-0.2635E-06 -0.2912E-06
-0.1927E-07 -0.3382E-06
116.0 0.4203
-0.2128E-06 -0.3972E-06
-0.1556E-07 -0.4713E-06
116.5 0.4085
-0.1027E-06 -0.4720E-06
-0.1075E-07 -0.5674E-06
117.0 0.3985
0.6515E-07 -0.5084E-06
-0.5318E-08 -0.6172E-06
117.5 0.3909
0.2799E-06 -0.5031E-06
0.1920E-09 -0.6164E-06
118.0 0.3858
0.5211E-06 -0.4584E-06
0.5192E-08 -0.5669E-06
118.5 0.3837
0.7609E-06 -0.3813E-06
0.9154E-08 -0.4769E-06
119.0 0.3849
0.9673E-06 -0.2834E-06
0.1170E-07 -0.3600E-06
119.5 0.3895
0.1110E-05 -0.1789E-06
0.1267E-07 -0.2334E-06
120.0 0.3979
0.1165E-05 -0.8204E-07
0.1214E-07 -0.1145E-06
120.5 0.4100
0.1121E-05 -0.4703E-08
0.1042E-07 -0.1803E-07
121.0 0.4261
0.9792E-06 0.4566E-07
0.7965E-08 0.4635E-07
121.5 0.4459
0.7533E-06 0.6682E-07
0.5295E-08 0.7535E-07
122.0 0.4695
0.4679E-06 0.6153E-07
0.2882E-08 0.7176E-07
122.5 0.4967
0.1524E-06 0.3630E-07
0.1090E-08 0.4307E-07
123.0 0.5272
-0.1627E-06 -0.2371E-09
0.1303E-09 -0.4598E-09
123.5 0.5607
-0.4499E-06 -0.3900E-07
0.5377E-10 -0.4783E-07
124.0 0.5967
-0.6872E-06 -0.7183E-07
0.7748E-09 -0.8902E-07
124.5 0.6348
-0.8596E-06 -0.9246E-07
0.2104E-08 -0.1161E-06
125.0 0.6745
-0.9594E-06 -0.9695E-07
0.3790E-08 -0.1240E-06
125.5 0.7150
-0.9854E-06 -0.8381E-07
0.5558E-08 -0.1106E-06
126.0 0.7559
-0.9422E-06 -0.5380E-07
0.7142E-08 -0.7627E-07
126.5 0.7962
-0.8389E-06 -0.9576E-08
0.8312E-08 -0.2403E-07
127.0 0.8355
-0.6878E-06 0.4479E-07
0.8890E-08 0.4146E-07
127.5 0.8729
-0.5029E-06 0.1043E-06
0.8761E-08 0.1143E-06
128.0 0.9077
-0.2994E-06 0.1636E-06
0.7876E-08 0.1880E-06
128.5 0.9392
-0.9190E-07 0.2171E-06
0.6255E-08 0.2559E-06
129.0 0.9668
0.1058E-06 0.2599E-06
0.3975E-08 0.3118E-06
129.5 0.9898
0.2818E-06 0.2877E-06
0.1169E-08 0.3504E-06
130.0 1.008
0.4264E-06 0.2971E-06
-0.1988E-08 0.3673E-06
130.5 1.020
0.5323E-06 0.2862E-06
-0.5291E-08 0.3595E-06
131.0 1.026
0.5953E-06 0.2540E-06
-0.8514E-08 0.3259E-06
131.5 1.026
0.6139E-06 0.2012E-06
-0.1143E-07 0.2666E-06
132.0 1.020
0.5897E-06 0.1296E-06
-0.1381E-07 0.1836E-06
132.5 1.007
0.5268E-06 0.4254E-07
-0.1545E-07 0.8041E-07
133.0 0.9880
0.4315E-06 -0.5574E-07
-0.1618E-07 -0.3810E-07
133.5 0.9626
0.3125E-06 -0.1598E-06
-0.1586E-07 -0.1656E-06
134.0 0.9314
0.1798E-06 -0.2635E-06
-0.1442E-07 -0.2949E-06
134.5 0.8948
0.4435E-07 -0.3600E-06
-0.1182E-07 -0.4177E-06
135.0 0.8534
-0.8242E-07 -0.4424E-06
-0.8105E-08 -0.5256E-06
135.5 0.8079
-0.1895E-06 -0.5036E-06
-0.3386E-08 -0.6099E-06
136.0 0.7592
-0.2669E-06 -0.5369E-06
0.2160E-08 -0.6620E-06
136.5 0.7081
-0.3067E-06 -0.5362E-06
0.8274E-08 -0.6742E-06
137.0 0.6556
-0.3038E-06 -0.4969E-06
0.1462E-07 -0.6399E-06
137.5 0.6028
-0.2574E-06 -0.4157E-06
0.2080E-07 -0.5545E-06
138.0 0.5507
-0.1718E-06 -0.2920E-06
0.2631E-07 -0.4161E-06
138.5 0.5005
-0.5799E-07 -0.1285E-06
0.3061E-07 -0.2266E-06
139.0 0.4533
0.6511E-07 0.6756E-07
0.3313E-07 0.6518E-08
139.5 0.4101
0.1702E-06 0.2833E-06
0.3333E-07 0.2689E-06
140.0 0.3721
0.2228E-06 0.4990E-06
0.3078E-07 0.5378E-06
140.5 0.3402
0.1863E-06 0.6886E-06
0.2538E-07 0.7818E-06
141.0 0.3152
0.3142E-07 0.8225E-06
0.1748E-07 0.9641E-06
141.5 0.2981
-0.2490E-06 0.8745E-06
0.8063E-08 0.1051E-05
142.0 0.2894
-0.6268E-06 0.8321E-06
-0.1329E-08 0.1023E-05
142.5 0.2896
-0.1037E-05 0.7049E-06
-0.8997E-08 0.8868E-06
143.0 0.2991
-0.1395E-05 0.5242E-06
-0.1366E-07 0.6783E-06
143.5 0.3181
-0.1626E-05 0.3325E-06
-0.1494E-07 0.4476E-06
144.0 0.3465
-0.1690E-05 0.1676E-06
-0.1335E-07 0.2420E-06
144.5 0.3841
-0.1590E-05 0.5224E-07
-0.9958E-08 0.9190E-07
145.0 0.4307
-0.1357E-05 -0.7932E-08
-0.5944E-08 0.7263E-08
145.5 0.4854
-0.1034E-05 -0.1980E-07
-0.2245E-08 -0.1772E-07
146.0 0.5477
-0.6686E-06 0.3356E-08
0.5412E-09 0.2505E-08
146.5 0.6166
-0.2982E-06 0.4673E-07
0.2141E-08 0.5076E-07
147.0 0.6908
0.4696E-07 0.9683E-07
0.2526E-08 0.1108E-06
147.5 0.7693
0.3460E-06 0.1429E-06
0.1833E-08 0.1692E-06
148.0 0.8506
0.5856E-06 0.1770E-06
0.2930E-09 0.2158E-06
148.5 0.9332
0.7589E-06 0.1942E-06
-0.1814E-08 0.2438E-06
149.0 1.016
0.8641E-06 0.1921E-06
-0.4198E-08 0.2493E-06
149.5 1.096
0.9033E-06 0.1705E-06
-0.6579E-08 0.2311E-06
150.0 1.173
0.8818E-06 0.1308E-06
-0.8707E-08 0.1903E-06
150.5 1.245
0.8071E-06 0.7585E-07
-0.1037E-07 0.1295E-06
151.0 1.311
0.6883E-06 0.9621E-08
-0.1140E-07 0.5291E-07
151.5 1.368
0.5361E-06 -0.6326E-07
-0.1168E-07 -0.3447E-07
152.0 1.416
0.3612E-06 -0.1377E-06
-0.1114E-07 -0.1268E-06
152.5 1.453
0.1750E-06 -0.2086E-06
-0.9774E-08 -0.2180E-06
153.0 1.479
-0.1183E-07 -0.2708E-06
-0.7615E-08 -0.3018E-06
153.5 1.492
-0.1890E-06 -0.3195E-06
-0.4749E-08 -0.3723E-06
154.0 1.492
-0.3472E-06 -0.3507E-06
-0.1303E-08 -0.4241E-06
154.5 1.479
-0.4787E-06 -0.3607E-06
0.2557E-08 -0.4525E-06
155.0 1.452
-0.5771E-06 -0.3470E-06
0.6636E-08 -0.4534E-06
155.5 1.412
-0.6377E-06 -0.3080E-06
0.1071E-07 -0.4243E-06
156.0 1.359
-0.6577E-06 -0.2433E-06
0.1454E-07 -0.3632E-06
156.5 1.294
-0.6363E-06 -0.1532E-06
0.1787E-07 -0.2698E-06
157.0 1.218
-0.5746E-06 -0.3966E-07
0.2044E-07 -0.1449E-06
157.5 1.132
-0.4757E-06 0.9458E-07
0.2200E-07 0.9621E-08
158.0 1.039
-0.3448E-06 0.2455E-06
0.2228E-07 0.1904E-06
158.5 0.9394
-0.1889E-06 0.4078E-06
0.2102E-07 0.3928E-06
159.0 0.8361
-0.1761E-07 0.5751E-06
0.1797E-07 0.6108E-06
159.5 0.7312
0.1572E-06 0.7393E-06
0.1285E-07 0.8367E-06
160.0 0.6271
0.3201E-06 0.8900E-06
0.5370E-08 0.1061E-05
160.5 0.5266
0.4511E-06 0.1014E-05
-0.4787E-08 0.1269E-05
161.0 0.4322
0.5233E-06 0.1092E-05
-0.1794E-07 0.1442E-05
161.5 0.3468
0.4999E-06 0.1097E-05
-0.3429E-07 0.1549E-05
162.0 0.2731
0.3329E-06 0.9899E-06
-0.5356E-07 0.1542E-05
162.5 0.2137
-0.2653E-07 0.7204E-06
-0.7393E-07 0.1351E-05
163.0 0.1712
-0.5763E-06 0.2589E-06
-0.9008E-07 0.9064E-06
163.5 0.1482
-0.1150E-05 -0.3152E-06
-0.9250E-07 0.2385E-06
164.0 0.1469
-0.1397E-05 -0.7488E-06
-0.7493E-07 -0.3945E-06
164.5 0.1692
-0.1127E-05 -0.8261E-06
-0.4594E-07 -0.6805E-06
165.0 0.2169
-0.5531E-06 -0.6217E-06
-0.2097E-07 -0.6049E-06
165.5 0.2916
0.2612E-07 -0.3385E-06
-0.6415E-08 -0.3650E-06
166.0 0.3941
0.4730E-06 -0.9939E-07
-0.5337E-09 -0.1175E-06
166.5 0.5253
0.7698E-06 0.6118E-07
0.1499E-09 0.7368E-07
167.0 0.6855
0.9396E-06 0.1476E-06
-0.1728E-08 0.1957E-06
167.5 0.8745
0.1011E-05 0.1748E-06
-0.4546E-08 0.2551E-06
168.0 1.092
0.1008E-05 0.1585E-06
-0.7378E-08 0.2635E-06
168.5 1.336
0.9493E-06 0.1124E-06
-0.9708E-08 0.2331E-06
169.0 1.607
0.8508E-06 0.4796E-07
-0.1127E-07 0.1747E-06
169.5 1.901
0.7244E-06 -0.2525E-07
-0.1196E-07 0.9809E-07
170.0 2.217
0.5802E-06 -0.9935E-07
-0.1175E-07 0.1153E-07
170.5 2.553
0.4264E-06 -0.1679E-06
-0.1069E-07 -0.7783E-07
171.0 2.904
0.2701E-06 -0.2257E-06
-0.8903E-08 -0.1640E-06
171.5 3.269
0.1175E-06 -0.2688E-06
-0.6508E-08 -0.2422E-06
172.0 3.642
-0.2662E-07 -0.2945E-06
-0.3667E-08 -0.3085E-06
172.5 4.021
-0.1581E-06 -0.3011E-06
-0.5497E-09 -0.3604E-06
173.0 4.402
-0.2737E-06 -0.2880E-06
0.2668E-08 -0.3962E-06
173.5 4.780
-0.3711E-06 -0.2557E-06
0.5814E-08 -0.4152E-06
174.0 5.151
-0.4487E-06 -0.2054E-06
0.8726E-08 -0.4177E-06
174.5 5.512
-0.5054E-06 -0.1395E-06
0.1126E-07 -0.4048E-06
175.0 5.857
-0.5410E-06 -0.6079E-07
0.1329E-07 -0.3784E-06
175.5 6.184
-0.5558E-06 0.2735E-07
0.1473E-07 -0.3408E-06
176.0 6.487
-0.5505E-06 0.1211E-06
0.1550E-07 -0.2951E-06
176.5 6.764
-0.5265E-06 0.2164E-06
0.1557E-07 -0.2442E-06
177.0 7.012
-0.4852E-06 0.3092E-06
0.1494E-07 -0.1916E-06
177.5 7.226
-0.4287E-06 0.3955E-06
0.1364E-07 -0.1405E-06
178.0 7.405
-0.3591E-06 0.4717E-06
0.1173E-07 -0.9396E-07
178.5 7.547
-0.2789E-06 0.5346E-06
0.9289E-08 -0.5466E-07
179.0 7.650
-0.1905E-06 0.5815E-06
0.6433E-08 -0.2487E-07
179.5 7.712
-0.9663E-07 0.6105E-06
0.3290E-08 -0.6307E-08
180.0 7.732
-0.1941E-08 0.6203E-06
0.6626E-10 -0.2532E-11
