# 361 angles,  3 tensor ranks for 0=projectile
@subtitle   "9Be(6Li,d)13C at 32 MeV DWBA"                                                  
@legend ON
@legend x1 0.2
@legend y1 0.8
@g0 type LOGY
@yaxis ticklabel format power
@legend string   0 "Lab energy =   32.0000"
#legend string   0 "Partition=  2 Excit=  1 near/far= 1"
#  Theta       sigma       iT11        T20         T21         T22         Kyy for projectile
   0.000       2.968       0.000     -0.1164E-02   0.000       0.000    
  0.5000       2.965      0.2750E-03 -0.1164E-02 -0.5274E-05 -0.6037E-06
   1.000       2.958      0.5505E-03 -0.1166E-02 -0.1054E-04 -0.2413E-05
   1.500       2.946      0.8270E-03 -0.1169E-02 -0.1577E-04 -0.5425E-05
   2.000       2.929      0.1105E-02 -0.1174E-02 -0.2097E-04 -0.9632E-05
   2.500       2.907      0.1385E-02 -0.1179E-02 -0.2611E-04 -0.1503E-04
   3.000       2.880      0.1667E-02 -0.1186E-02 -0.3119E-04 -0.2160E-04
   3.500       2.849      0.1953E-02 -0.1194E-02 -0.3619E-04 -0.2934E-04
   4.000       2.814      0.2242E-02 -0.1202E-02 -0.4110E-04 -0.3824E-04
   4.500       2.774      0.2534E-02 -0.1212E-02 -0.4591E-04 -0.4830E-04
   5.000       2.730      0.2832E-02 -0.1223E-02 -0.5060E-04 -0.5951E-04
   5.500       2.682      0.3134E-02 -0.1236E-02 -0.5515E-04 -0.7189E-04
   6.000       2.631      0.3442E-02 -0.1249E-02 -0.5957E-04 -0.8544E-04
   6.500       2.576      0.3756E-02 -0.1262E-02 -0.6382E-04 -0.1002E-03
   7.000       2.518      0.4076E-02 -0.1277E-02 -0.6789E-04 -0.1161E-03
   7.500       2.457      0.4404E-02 -0.1293E-02 -0.7177E-04 -0.1333E-03
   8.000       2.393      0.4739E-02 -0.1310E-02 -0.7544E-04 -0.1518E-03
   8.500       2.327      0.5083E-02 -0.1327E-02 -0.7887E-04 -0.1717E-03
   9.000       2.259      0.5435E-02 -0.1346E-02 -0.8206E-04 -0.1929E-03
   9.500       2.189      0.5798E-02 -0.1365E-02 -0.8497E-04 -0.2157E-03
   10.00       2.117      0.6170E-02 -0.1385E-02 -0.8758E-04 -0.2400E-03
   10.50       2.044      0.6553E-02 -0.1406E-02 -0.8986E-04 -0.2660E-03
   11.00       1.970      0.6948E-02 -0.1428E-02 -0.9178E-04 -0.2937E-03
   11.50       1.895      0.7355E-02 -0.1451E-02 -0.9332E-04 -0.3233E-03
   12.00       1.820      0.7776E-02 -0.1474E-02 -0.9442E-04 -0.3548E-03
   12.50       1.745      0.8210E-02 -0.1499E-02 -0.9507E-04 -0.3884E-03
   13.00       1.670      0.8658E-02 -0.1524E-02 -0.9520E-04 -0.4242E-03
   13.50       1.596      0.9122E-02 -0.1550E-02 -0.9478E-04 -0.4624E-03
   14.00       1.522      0.9602E-02 -0.1577E-02 -0.9376E-04 -0.5029E-03
   14.50       1.449      0.1010E-01 -0.1604E-02 -0.9209E-04 -0.5460E-03
   15.00       1.377      0.1061E-01 -0.1632E-02 -0.8970E-04 -0.5918E-03
   15.50       1.306      0.1114E-01 -0.1661E-02 -0.8653E-04 -0.6403E-03
   16.00       1.237      0.1169E-01 -0.1691E-02 -0.8254E-04 -0.6917E-03
   16.50       1.170      0.1226E-01 -0.1720E-02 -0.7763E-04 -0.7461E-03
   17.00       1.105      0.1285E-01 -0.1750E-02 -0.7175E-04 -0.8036E-03
   17.50       1.041      0.1346E-01 -0.1781E-02 -0.6482E-04 -0.8644E-03
   18.00      0.9799      0.1408E-01 -0.1811E-02 -0.5676E-04 -0.9284E-03
   18.50      0.9209      0.1473E-01 -0.1840E-02 -0.4751E-04 -0.9958E-03
   19.00      0.8643      0.1539E-01 -0.1870E-02 -0.3697E-04 -0.1067E-02
   19.50      0.8101      0.1607E-01 -0.1899E-02 -0.2509E-04 -0.1141E-02
   20.00      0.7583      0.1676E-01 -0.1926E-02 -0.1178E-04 -0.1218E-02
   20.50      0.7091      0.1746E-01 -0.1953E-02  0.3015E-05 -0.1299E-02
   21.00      0.6625      0.1817E-01 -0.1977E-02  0.1934E-04 -0.1383E-02
   21.50      0.6184      0.1888E-01 -0.2000E-02  0.3723E-04 -0.1471E-02
   22.00      0.5769      0.1959E-01 -0.2020E-02  0.5670E-04 -0.1560E-02
   22.50      0.5380      0.2029E-01 -0.2037E-02  0.7772E-04 -0.1652E-02
   23.00      0.5015      0.2096E-01 -0.2050E-02  0.1002E-03 -0.1745E-02
   23.50      0.4676      0.2160E-01 -0.2059E-02  0.1242E-03 -0.1839E-02
   24.00      0.4362      0.2220E-01 -0.2063E-02  0.1493E-03 -0.1933E-02
   24.50      0.4072      0.2274E-01 -0.2061E-02  0.1755E-03 -0.2024E-02
   25.00      0.3805      0.2320E-01 -0.2052E-02  0.2023E-03 -0.2113E-02
   25.50      0.3560      0.2357E-01 -0.2037E-02  0.2295E-03 -0.2195E-02
   26.00      0.3338      0.2383E-01 -0.2013E-02  0.2565E-03 -0.2271E-02
   26.50      0.3136      0.2396E-01 -0.1981E-02  0.2828E-03 -0.2337E-02
   27.00      0.2955      0.2395E-01 -0.1939E-02  0.3077E-03 -0.2391E-02
   27.50      0.2792      0.2378E-01 -0.1889E-02  0.3306E-03 -0.2431E-02
   28.00      0.2647      0.2343E-01 -0.1829E-02  0.3508E-03 -0.2454E-02
   28.50      0.2520      0.2291E-01 -0.1760E-02  0.3675E-03 -0.2458E-02
   29.00      0.2408      0.2220E-01 -0.1683E-02  0.3801E-03 -0.2443E-02
   29.50      0.2310      0.2131E-01 -0.1599E-02  0.3880E-03 -0.2406E-02
   30.00      0.2226      0.2025E-01 -0.1509E-02  0.3907E-03 -0.2348E-02
   30.50      0.2154      0.1904E-01 -0.1414E-02  0.3880E-03 -0.2270E-02
   31.00      0.2093      0.1769E-01 -0.1318E-02  0.3796E-03 -0.2171E-02
   31.50      0.2041      0.1623E-01 -0.1221E-02  0.3656E-03 -0.2055E-02
   32.00      0.1999      0.1468E-01 -0.1125E-02  0.3461E-03 -0.1922E-02
   32.50      0.1963      0.1307E-01 -0.1033E-02  0.3215E-03 -0.1776E-02
   33.00      0.1934      0.1142E-01 -0.9453E-03  0.2920E-03 -0.1620E-02
   33.50      0.1911      0.9767E-02 -0.8646E-03  0.2583E-03 -0.1455E-02
   34.00      0.1891      0.8122E-02 -0.7916E-03  0.2207E-03 -0.1285E-02
   34.50      0.1875      0.6505E-02 -0.7272E-03  0.1799E-03 -0.1111E-02
   35.00      0.1861      0.4930E-02 -0.6723E-03  0.1362E-03 -0.9367E-03
   35.50      0.1849      0.3410E-02 -0.6272E-03  0.9022E-04 -0.7630E-03
   36.00      0.1837      0.1950E-02 -0.5923E-03  0.4224E-04 -0.5913E-03
   36.50      0.1825      0.5569E-03 -0.5676E-03 -0.7371E-05 -0.4228E-03
   37.00      0.1813     -0.7675E-03 -0.5532E-03 -0.5832E-04 -0.2581E-03
   37.50      0.1800     -0.2022E-02 -0.5490E-03 -0.1104E-03 -0.9770E-04
   38.00      0.1786     -0.3209E-02 -0.5548E-03 -0.1634E-03  0.5817E-04
   38.50      0.1770     -0.4328E-02 -0.5704E-03 -0.2172E-03  0.2095E-03
   39.00      0.1751     -0.5383E-02 -0.5954E-03 -0.2717E-03  0.3564E-03
   39.50      0.1731     -0.6377E-02 -0.6298E-03 -0.3269E-03  0.4991E-03
   40.00      0.1708     -0.7313E-02 -0.6731E-03 -0.3826E-03  0.6380E-03
   40.50      0.1683     -0.8194E-02 -0.7252E-03 -0.4389E-03  0.7735E-03
   41.00      0.1655     -0.9022E-02 -0.7857E-03 -0.4956E-03  0.9058E-03
   41.50      0.1626     -0.9800E-02 -0.8545E-03 -0.5529E-03  0.1036E-02
   42.00      0.1594     -0.1053E-01 -0.9313E-03 -0.6105E-03  0.1163E-02
   42.50      0.1560     -0.1121E-01 -0.1016E-02 -0.6685E-03  0.1289E-02
   43.00      0.1525     -0.1185E-01 -0.1108E-02 -0.7267E-03  0.1413E-02
   43.50      0.1488     -0.1244E-01 -0.1207E-02 -0.7850E-03  0.1535E-02
   44.00      0.1450     -0.1298E-01 -0.1312E-02 -0.8432E-03  0.1657E-02
   44.50      0.1411     -0.1348E-01 -0.1425E-02 -0.9012E-03  0.1777E-02
   45.00      0.1371     -0.1392E-01 -0.1542E-02 -0.9586E-03  0.1897E-02
   45.50      0.1332     -0.1431E-01 -0.1666E-02 -0.1015E-02  0.2015E-02
   46.00      0.1292     -0.1464E-01 -0.1793E-02 -0.1070E-02  0.2132E-02
   46.50      0.1252     -0.1492E-01 -0.1925E-02 -0.1124E-02  0.2248E-02
   47.00      0.1213     -0.1512E-01 -0.2059E-02 -0.1175E-02  0.2361E-02
   47.50      0.1175     -0.1526E-01 -0.2195E-02 -0.1224E-02  0.2472E-02
   48.00      0.1137     -0.1532E-01 -0.2331E-02 -0.1269E-02  0.2580E-02
   48.50      0.1101     -0.1530E-01 -0.2465E-02 -0.1310E-02  0.2685E-02
   49.00      0.1066     -0.1519E-01 -0.2597E-02 -0.1346E-02  0.2785E-02
   49.50      0.1033     -0.1500E-01 -0.2725E-02 -0.1377E-02  0.2880E-02
   50.00      0.1001     -0.1471E-01 -0.2846E-02 -0.1401E-02  0.2969E-02
   50.50      0.9713E-01 -0.1433E-01 -0.2958E-02 -0.1419E-02  0.3051E-02
   51.00      0.9431E-01 -0.1385E-01 -0.3060E-02 -0.1429E-02  0.3126E-02
   51.50      0.9166E-01 -0.1328E-01 -0.3149E-02 -0.1431E-02  0.3194E-02
   52.00      0.8920E-01 -0.1261E-01 -0.3223E-02 -0.1425E-02  0.3252E-02
   52.50      0.8692E-01 -0.1186E-01 -0.3281E-02 -0.1409E-02  0.3301E-02
   53.00      0.8483E-01 -0.1101E-01 -0.3321E-02 -0.1384E-02  0.3341E-02
   53.50      0.8291E-01 -0.1009E-01 -0.3340E-02 -0.1349E-02  0.3371E-02
   54.00      0.8117E-01 -0.9096E-02 -0.3339E-02 -0.1306E-02  0.3391E-02
   54.50      0.7960E-01 -0.8038E-02 -0.3317E-02 -0.1252E-02  0.3400E-02
   55.00      0.7819E-01 -0.6925E-02 -0.3271E-02 -0.1190E-02  0.3400E-02
   55.50      0.7694E-01 -0.5769E-02 -0.3204E-02 -0.1119E-02  0.3389E-02
   56.00      0.7583E-01 -0.4580E-02 -0.3114E-02 -0.1040E-02  0.3369E-02
   56.50      0.7487E-01 -0.3369E-02 -0.3002E-02 -0.9539E-03  0.3340E-02
   57.00      0.7403E-01 -0.2145E-02 -0.2870E-02 -0.8610E-03  0.3302E-02
   57.50      0.7332E-01 -0.9201E-03 -0.2718E-02 -0.7624E-03  0.3256E-02
   58.00      0.7273E-01  0.2977E-03 -0.2548E-02 -0.6589E-03  0.3201E-02
   58.50      0.7224E-01  0.1499E-02 -0.2361E-02 -0.5513E-03  0.3140E-02
   59.00      0.7185E-01  0.2677E-02 -0.2160E-02 -0.4407E-03  0.3072E-02
   59.50      0.7155E-01  0.3825E-02 -0.1946E-02 -0.3278E-03  0.2997E-02
   60.00      0.7133E-01  0.4936E-02 -0.1722E-02 -0.2135E-03  0.2917E-02
   60.50      0.7119E-01  0.6007E-02 -0.1489E-02 -0.9866E-04  0.2832E-02
   61.00      0.7111E-01  0.7033E-02 -0.1250E-02  0.1599E-04  0.2742E-02
   61.50      0.7110E-01  0.8012E-02 -0.1006E-02  0.1297E-03  0.2648E-02
   62.00      0.7114E-01  0.8940E-02 -0.7591E-03  0.2420E-03  0.2550E-02
   62.50      0.7122E-01  0.9818E-02 -0.5116E-03  0.3521E-03  0.2449E-02
   63.00      0.7134E-01  0.1064E-01 -0.2649E-03  0.4597E-03  0.2345E-02
   63.50      0.7149E-01  0.1142E-01 -0.2053E-04  0.5642E-03  0.2238E-02
   64.00      0.7167E-01  0.1214E-01  0.2202E-03  0.6654E-03  0.2129E-02
   64.50      0.7187E-01  0.1280E-01  0.4561E-03  0.7630E-03  0.2017E-02
   65.00      0.7208E-01  0.1342E-01  0.6862E-03  0.8566E-03  0.1904E-02
   65.50      0.7230E-01  0.1399E-01  0.9094E-03  0.9462E-03  0.1789E-02
   66.00      0.7251E-01  0.1451E-01  0.1125E-02  0.1032E-02  0.1673E-02
   66.50      0.7272E-01  0.1498E-01  0.1333E-02  0.1113E-02  0.1555E-02
   67.00      0.7290E-01  0.1541E-01  0.1532E-02  0.1190E-02  0.1436E-02
   67.50      0.7307E-01  0.1579E-01  0.1722E-02  0.1263E-02  0.1315E-02
   68.00      0.7321E-01  0.1613E-01  0.1904E-02  0.1332E-02  0.1194E-02
   68.50      0.7331E-01  0.1644E-01  0.2076E-02  0.1396E-02  0.1072E-02
   69.00      0.7336E-01  0.1671E-01  0.2239E-02  0.1457E-02  0.9480E-03
   69.50      0.7337E-01  0.1694E-01  0.2393E-02  0.1514E-02  0.8231E-03
   70.00      0.7332E-01  0.1714E-01  0.2539E-02  0.1567E-02  0.6971E-03
   70.50      0.7321E-01  0.1731E-01  0.2676E-02  0.1617E-02  0.5696E-03
   71.00      0.7303E-01  0.1746E-01  0.2804E-02  0.1664E-02  0.4408E-03
   71.50      0.7278E-01  0.1758E-01  0.2925E-02  0.1708E-02  0.3103E-03
   72.00      0.7246E-01  0.1768E-01  0.3039E-02  0.1748E-02  0.1781E-03
   72.50      0.7205E-01  0.1777E-01  0.3145E-02  0.1786E-02  0.4402E-04
   73.00      0.7155E-01  0.1783E-01  0.3245E-02  0.1822E-02 -0.9209E-04
   73.50      0.7097E-01  0.1789E-01  0.3339E-02  0.1855E-02 -0.2304E-03
   74.00      0.7030E-01  0.1793E-01  0.3428E-02  0.1886E-02 -0.3711E-03
   74.50      0.6953E-01  0.1797E-01  0.3512E-02  0.1914E-02 -0.5143E-03
   75.00      0.6867E-01  0.1800E-01  0.3592E-02  0.1941E-02 -0.6602E-03
   75.50      0.6772E-01  0.1803E-01  0.3668E-02  0.1966E-02 -0.8089E-03
   76.00      0.6668E-01  0.1806E-01  0.3742E-02  0.1989E-02 -0.9607E-03
   76.50      0.6555E-01  0.1808E-01  0.3813E-02  0.2010E-02 -0.1116E-02
   77.00      0.6434E-01  0.1812E-01  0.3882E-02  0.2029E-02 -0.1274E-02
   77.50      0.6304E-01  0.1815E-01  0.3950E-02  0.2047E-02 -0.1435E-02
   78.00      0.6166E-01  0.1819E-01  0.4018E-02  0.2063E-02 -0.1600E-02
   78.50      0.6021E-01  0.1824E-01  0.4085E-02  0.2077E-02 -0.1769E-02
   79.00      0.5869E-01  0.1830E-01  0.4154E-02  0.2089E-02 -0.1941E-02
   79.50      0.5711E-01  0.1837E-01  0.4224E-02  0.2099E-02 -0.2117E-02
   80.00      0.5548E-01  0.1844E-01  0.4296E-02  0.2106E-02 -0.2296E-02
   80.50      0.5380E-01  0.1853E-01  0.4370E-02  0.2111E-02 -0.2479E-02
   81.00      0.5209E-01  0.1863E-01  0.4447E-02  0.2113E-02 -0.2666E-02
   81.50      0.5035E-01  0.1873E-01  0.4529E-02  0.2112E-02 -0.2855E-02
   82.00      0.4859E-01  0.1884E-01  0.4614E-02  0.2108E-02 -0.3048E-02
   82.50      0.4681E-01  0.1896E-01  0.4704E-02  0.2099E-02 -0.3242E-02
   83.00      0.4504E-01  0.1908E-01  0.4799E-02  0.2085E-02 -0.3439E-02
   83.50      0.4328E-01  0.1920E-01  0.4899E-02  0.2066E-02 -0.3636E-02
   84.00      0.4153E-01  0.1932E-01  0.5005E-02  0.2041E-02 -0.3833E-02
   84.50      0.3981E-01  0.1944E-01  0.5116E-02  0.2009E-02 -0.4029E-02
   85.00      0.3813E-01  0.1954E-01  0.5233E-02  0.1970E-02 -0.4222E-02
   85.50      0.3649E-01  0.1962E-01  0.5356E-02  0.1922E-02 -0.4410E-02
   86.00      0.3490E-01  0.1967E-01  0.5483E-02  0.1865E-02 -0.4591E-02
   86.50      0.3338E-01  0.1970E-01  0.5615E-02  0.1798E-02 -0.4762E-02
   87.00      0.3192E-01  0.1968E-01  0.5750E-02  0.1720E-02 -0.4920E-02
   87.50      0.3053E-01  0.1962E-01  0.5887E-02  0.1630E-02 -0.5063E-02
   88.00      0.2923E-01  0.1950E-01  0.6026E-02  0.1527E-02 -0.5185E-02
   88.50      0.2800E-01  0.1931E-01  0.6163E-02  0.1412E-02 -0.5282E-02
   89.00      0.2687E-01  0.1905E-01  0.6298E-02  0.1285E-02 -0.5351E-02
   89.50      0.2583E-01  0.1871E-01  0.6428E-02  0.1145E-02 -0.5387E-02
   90.00      0.2488E-01  0.1828E-01  0.6550E-02  0.9927E-03 -0.5386E-02
   90.50      0.2403E-01  0.1776E-01  0.6663E-02  0.8301E-03 -0.5343E-02
   91.00      0.2327E-01  0.1714E-01  0.6763E-02  0.6584E-03 -0.5256E-02
   91.50      0.2262E-01  0.1643E-01  0.6848E-02  0.4798E-03 -0.5122E-02
   92.00      0.2206E-01  0.1563E-01  0.6917E-02  0.2969E-03 -0.4941E-02
   92.50      0.2159E-01  0.1475E-01  0.6967E-02  0.1125E-03 -0.4712E-02
   93.00      0.2121E-01  0.1379E-01  0.6998E-02 -0.7020E-04 -0.4436E-02
   93.50      0.2093E-01  0.1278E-01  0.7010E-02 -0.2480E-03 -0.4118E-02
   94.00      0.2073E-01  0.1172E-01  0.7002E-02 -0.4179E-03 -0.3761E-02
   94.50      0.2061E-01  0.1063E-01  0.6976E-02 -0.5769E-03 -0.3370E-02
   95.00      0.2057E-01  0.9532E-02  0.6933E-02 -0.7225E-03 -0.2953E-02
   95.50      0.2060E-01  0.8429E-02  0.6874E-02 -0.8527E-03 -0.2514E-02
   96.00      0.2070E-01  0.7340E-02  0.6803E-02 -0.9661E-03 -0.2062E-02
   96.50      0.2085E-01  0.6276E-02  0.6722E-02 -0.1062E-02 -0.1602E-02
   97.00      0.2106E-01  0.5247E-02  0.6633E-02 -0.1139E-02 -0.1140E-02
   97.50      0.2132E-01  0.4258E-02  0.6538E-02 -0.1198E-02 -0.6819E-03
   98.00      0.2162E-01  0.3315E-02  0.6441E-02 -0.1240E-02 -0.2316E-03
   98.50      0.2195E-01  0.2421E-02  0.6342E-02 -0.1264E-02  0.2072E-03
   99.00      0.2230E-01  0.1576E-02  0.6243E-02 -0.1272E-02  0.6318E-03
   99.50      0.2268E-01  0.7786E-03  0.6147E-02 -0.1266E-02  0.1040E-02
   100.0      0.2307E-01  0.2793E-04  0.6053E-02 -0.1245E-02  0.1431E-02
   100.5      0.2347E-01 -0.6790E-03  0.5964E-02 -0.1212E-02  0.1804E-02
   101.0      0.2387E-01 -0.1345E-02  0.5879E-02 -0.1167E-02  0.2158E-02
   101.5      0.2426E-01 -0.1975E-02  0.5799E-02 -0.1111E-02  0.2495E-02
   102.0      0.2465E-01 -0.2571E-02  0.5725E-02 -0.1046E-02  0.2814E-02
   102.5      0.2502E-01 -0.3137E-02  0.5656E-02 -0.9724E-03  0.3116E-02
   103.0      0.2537E-01 -0.3676E-02  0.5593E-02 -0.8905E-03  0.3404E-02
   103.5      0.2571E-01 -0.4191E-02  0.5536E-02 -0.8012E-03  0.3676E-02
   104.0      0.2601E-01 -0.4685E-02  0.5483E-02 -0.7051E-03  0.3936E-02
   104.5      0.2629E-01 -0.5159E-02  0.5437E-02 -0.6027E-03  0.4183E-02
   105.0      0.2653E-01 -0.5617E-02  0.5395E-02 -0.4944E-03  0.4420E-02
   105.5      0.2675E-01 -0.6059E-02  0.5357E-02 -0.3806E-03  0.4647E-02
   106.0      0.2692E-01 -0.6487E-02  0.5324E-02 -0.2614E-03  0.4866E-02
   106.5      0.2707E-01 -0.6902E-02  0.5296E-02 -0.1371E-03  0.5078E-02
   107.0      0.2717E-01 -0.7303E-02  0.5271E-02 -0.8035E-05  0.5284E-02
   107.5      0.2724E-01 -0.7692E-02  0.5249E-02  0.1258E-03  0.5484E-02
   108.0      0.2728E-01 -0.8068E-02  0.5230E-02  0.2641E-03  0.5680E-02
   108.5      0.2728E-01 -0.8432E-02  0.5214E-02  0.4067E-03  0.5871E-02
   109.0      0.2725E-01 -0.8783E-02  0.5199E-02  0.5536E-03  0.6060E-02
   109.5      0.2718E-01 -0.9121E-02  0.5184E-02  0.7044E-03  0.6245E-02
   110.0      0.2709E-01 -0.9445E-02  0.5170E-02  0.8590E-03  0.6428E-02
   110.5      0.2697E-01 -0.9755E-02  0.5155E-02  0.1017E-02  0.6608E-02
   111.0      0.2682E-01 -0.1005E-01  0.5137E-02  0.1179E-02  0.6785E-02
   111.5      0.2665E-01 -0.1033E-01  0.5117E-02  0.1343E-02  0.6959E-02
   112.0      0.2646E-01 -0.1059E-01  0.5091E-02  0.1510E-02  0.7128E-02
   112.5      0.2626E-01 -0.1084E-01  0.5059E-02  0.1679E-02  0.7292E-02
   113.0      0.2604E-01 -0.1107E-01  0.5019E-02  0.1849E-02  0.7451E-02
   113.5      0.2581E-01 -0.1128E-01  0.4969E-02  0.2021E-02  0.7602E-02
   114.0      0.2557E-01 -0.1148E-01  0.4908E-02  0.2193E-02  0.7744E-02
   114.5      0.2533E-01 -0.1165E-01  0.4834E-02  0.2364E-02  0.7877E-02
   115.0      0.2508E-01 -0.1180E-01  0.4743E-02  0.2535E-02  0.7997E-02
   115.5      0.2483E-01 -0.1194E-01  0.4636E-02  0.2704E-02  0.8103E-02
   116.0      0.2459E-01 -0.1205E-01  0.4509E-02  0.2870E-02  0.8193E-02
   116.5      0.2435E-01 -0.1215E-01  0.4361E-02  0.3032E-02  0.8266E-02
   117.0      0.2411E-01 -0.1222E-01  0.4191E-02  0.3190E-02  0.8320E-02
   117.5      0.2389E-01 -0.1227E-01  0.3996E-02  0.3343E-02  0.8352E-02
   118.0      0.2367E-01 -0.1230E-01  0.3776E-02  0.3490E-02  0.8362E-02
   118.5      0.2346E-01 -0.1231E-01  0.3529E-02  0.3629E-02  0.8348E-02
   119.0      0.2327E-01 -0.1229E-01  0.3256E-02  0.3760E-02  0.8310E-02
   119.5      0.2309E-01 -0.1226E-01  0.2955E-02  0.3883E-02  0.8246E-02
   120.0      0.2292E-01 -0.1220E-01  0.2627E-02  0.3996E-02  0.8156E-02
   120.5      0.2276E-01 -0.1212E-01  0.2273E-02  0.4099E-02  0.8040E-02
   121.0      0.2263E-01 -0.1202E-01  0.1892E-02  0.4191E-02  0.7899E-02
   121.5      0.2250E-01 -0.1190E-01  0.1487E-02  0.4272E-02  0.7732E-02
   122.0      0.2239E-01 -0.1175E-01  0.1058E-02  0.4342E-02  0.7542E-02
   122.5      0.2229E-01 -0.1159E-01  0.6081E-03  0.4400E-02  0.7328E-02
   123.0      0.2221E-01 -0.1140E-01  0.1381E-03  0.4445E-02  0.7093E-02
   123.5      0.2214E-01 -0.1119E-01 -0.3495E-03  0.4479E-02  0.6838E-02
   124.0      0.2208E-01 -0.1096E-01 -0.8523E-03  0.4501E-02  0.6565E-02
   124.5      0.2204E-01 -0.1071E-01 -0.1368E-02  0.4511E-02  0.6276E-02
   125.0      0.2200E-01 -0.1044E-01 -0.1894E-02  0.4508E-02  0.5972E-02
   125.5      0.2198E-01 -0.1016E-01 -0.2429E-02  0.4495E-02  0.5656E-02
   126.0      0.2197E-01 -0.9853E-02 -0.2969E-02  0.4470E-02  0.5328E-02
   126.5      0.2197E-01 -0.9532E-02 -0.3512E-02  0.4434E-02  0.4992E-02
   127.0      0.2198E-01 -0.9196E-02 -0.4057E-02  0.4387E-02  0.4648E-02
   127.5      0.2200E-01 -0.8846E-02 -0.4601E-02  0.4331E-02  0.4298E-02
   128.0      0.2202E-01 -0.8484E-02 -0.5141E-02  0.4264E-02  0.3943E-02
   128.5      0.2206E-01 -0.8111E-02 -0.5676E-02  0.4188E-02  0.3584E-02
   129.0      0.2210E-01 -0.7728E-02 -0.6204E-02  0.4103E-02  0.3223E-02
   129.5      0.2216E-01 -0.7339E-02 -0.6723E-02  0.4010E-02  0.2861E-02
   130.0      0.2222E-01 -0.6946E-02 -0.7231E-02  0.3908E-02  0.2497E-02
   130.5      0.2229E-01 -0.6549E-02 -0.7725E-02  0.3799E-02  0.2134E-02
   131.0      0.2238E-01 -0.6152E-02 -0.8205E-02  0.3682E-02  0.1772E-02
   131.5      0.2247E-01 -0.5756E-02 -0.8668E-02  0.3559E-02  0.1412E-02
   132.0      0.2258E-01 -0.5365E-02 -0.9112E-02  0.3430E-02  0.1055E-02
   132.5      0.2269E-01 -0.4979E-02 -0.9535E-02  0.3295E-02  0.7007E-03
   133.0      0.2282E-01 -0.4602E-02 -0.9935E-02  0.3155E-02  0.3512E-03
   133.5      0.2297E-01 -0.4235E-02 -0.1031E-01  0.3010E-02  0.7111E-05
   134.0      0.2313E-01 -0.3880E-02 -0.1066E-01  0.2861E-02 -0.3304E-03
   134.5      0.2331E-01 -0.3538E-02 -0.1098E-01  0.2708E-02 -0.6601E-03
   135.0      0.2350E-01 -0.3211E-02 -0.1127E-01  0.2552E-02 -0.9809E-03
   135.5      0.2372E-01 -0.2901E-02 -0.1153E-01  0.2394E-02 -0.1291E-02
   136.0      0.2395E-01 -0.2608E-02 -0.1175E-01  0.2234E-02 -0.1590E-02
   136.5      0.2420E-01 -0.2333E-02 -0.1194E-01  0.2073E-02 -0.1877E-02
   137.0      0.2448E-01 -0.2077E-02 -0.1209E-01  0.1911E-02 -0.2149E-02
   137.5      0.2478E-01 -0.1840E-02 -0.1220E-01  0.1749E-02 -0.2405E-02
   138.0      0.2511E-01 -0.1622E-02 -0.1228E-01  0.1588E-02 -0.2646E-02
   138.5      0.2546E-01 -0.1422E-02 -0.1232E-01  0.1428E-02 -0.2869E-02
   139.0      0.2583E-01 -0.1242E-02 -0.1232E-01  0.1269E-02 -0.3074E-02
   139.5      0.2623E-01 -0.1079E-02 -0.1228E-01  0.1113E-02 -0.3261E-02
   140.0      0.2666E-01 -0.9350E-03 -0.1221E-01  0.9596E-03 -0.3428E-02
   140.5      0.2711E-01 -0.8079E-03 -0.1211E-01  0.8092E-03 -0.3578E-02
   141.0      0.2758E-01 -0.6974E-03 -0.1197E-01  0.6623E-03 -0.3708E-02
   141.5      0.2808E-01 -0.6029E-03 -0.1180E-01  0.5192E-03 -0.3821E-02
   142.0      0.2861E-01 -0.5237E-03 -0.1161E-01  0.3803E-03 -0.3916E-02
   142.5      0.2916E-01 -0.4591E-03 -0.1139E-01  0.2457E-03 -0.3994E-02
   143.0      0.2973E-01 -0.4084E-03 -0.1114E-01  0.1155E-03 -0.4057E-02
   143.5      0.3032E-01 -0.3711E-03 -0.1088E-01 -0.9967E-05 -0.4106E-02
   144.0      0.3093E-01 -0.3464E-03 -0.1060E-01 -0.1308E-03 -0.4141E-02
   144.5      0.3155E-01 -0.3337E-03 -0.1031E-01 -0.2470E-03 -0.4165E-02
   145.0      0.3219E-01 -0.3324E-03 -0.1000E-01 -0.3585E-03 -0.4179E-02
   145.5      0.3284E-01 -0.3418E-03 -0.9692E-02 -0.4654E-03 -0.4184E-02
   146.0      0.3350E-01 -0.3613E-03 -0.9374E-02 -0.5678E-03 -0.4181E-02
   146.5      0.3417E-01 -0.3903E-03 -0.9052E-02 -0.6659E-03 -0.4173E-02
   147.0      0.3483E-01 -0.4281E-03 -0.8728E-02 -0.7598E-03 -0.4159E-02
   147.5      0.3550E-01 -0.4741E-03 -0.8405E-02 -0.8497E-03 -0.4142E-02
   148.0      0.3616E-01 -0.5277E-03 -0.8083E-02 -0.9357E-03 -0.4122E-02
   148.5      0.3682E-01 -0.5881E-03 -0.7764E-02 -0.1018E-02 -0.4100E-02
   149.0      0.3746E-01 -0.6547E-03 -0.7450E-02 -0.1097E-02 -0.4077E-02
   149.5      0.3809E-01 -0.7269E-03 -0.7140E-02 -0.1173E-02 -0.4053E-02
   150.0      0.3870E-01 -0.8039E-03 -0.6837E-02 -0.1246E-02 -0.4030E-02
   150.5      0.3928E-01 -0.8851E-03 -0.6539E-02 -0.1316E-02 -0.4006E-02
   151.0      0.3985E-01 -0.9699E-03 -0.6247E-02 -0.1383E-02 -0.3984E-02
   151.5      0.4038E-01 -0.1058E-02 -0.5962E-02 -0.1448E-02 -0.3962E-02
   152.0      0.4088E-01 -0.1148E-02 -0.5684E-02 -0.1511E-02 -0.3941E-02
   152.5      0.4134E-01 -0.1240E-02 -0.5411E-02 -0.1572E-02 -0.3921E-02
   153.0      0.4176E-01 -0.1334E-02 -0.5144E-02 -0.1631E-02 -0.3901E-02
   153.5      0.4214E-01 -0.1428E-02 -0.4883E-02 -0.1688E-02 -0.3882E-02
   154.0      0.4248E-01 -0.1523E-02 -0.4626E-02 -0.1744E-02 -0.3863E-02
   154.5      0.4277E-01 -0.1619E-02 -0.4373E-02 -0.1799E-02 -0.3843E-02
   155.0      0.4301E-01 -0.1714E-02 -0.4124E-02 -0.1852E-02 -0.3823E-02
   155.5      0.4319E-01 -0.1809E-02 -0.3878E-02 -0.1905E-02 -0.3803E-02
   156.0      0.4333E-01 -0.1905E-02 -0.3634E-02 -0.1956E-02 -0.3781E-02
   156.5      0.4341E-01 -0.1999E-02 -0.3392E-02 -0.2007E-02 -0.3758E-02
   157.0      0.4344E-01 -0.2093E-02 -0.3150E-02 -0.2057E-02 -0.3733E-02
   157.5      0.4341E-01 -0.2187E-02 -0.2909E-02 -0.2107E-02 -0.3707E-02
   158.0      0.4332E-01 -0.2280E-02 -0.2667E-02 -0.2156E-02 -0.3677E-02
   158.5      0.4318E-01 -0.2372E-02 -0.2424E-02 -0.2204E-02 -0.3646E-02
   159.0      0.4298E-01 -0.2465E-02 -0.2178E-02 -0.2252E-02 -0.3611E-02
   159.5      0.4273E-01 -0.2556E-02 -0.1931E-02 -0.2299E-02 -0.3574E-02
   160.0      0.4243E-01 -0.2648E-02 -0.1680E-02 -0.2346E-02 -0.3533E-02
   160.5      0.4207E-01 -0.2739E-02 -0.1426E-02 -0.2393E-02 -0.3489E-02
   161.0      0.4166E-01 -0.2829E-02 -0.1167E-02 -0.2439E-02 -0.3441E-02
   161.5      0.4121E-01 -0.2920E-02 -0.9033E-03 -0.2484E-02 -0.3390E-02
   162.0      0.4071E-01 -0.3009E-02 -0.6342E-03 -0.2529E-02 -0.3335E-02
   162.5      0.4017E-01 -0.3099E-02 -0.3592E-03 -0.2573E-02 -0.3277E-02
   163.0      0.3958E-01 -0.3188E-02 -0.7765E-04 -0.2615E-02 -0.3215E-02
   163.5      0.3896E-01 -0.3276E-02  0.2108E-03 -0.2657E-02 -0.3149E-02
   164.0      0.3830E-01 -0.3363E-02  0.5068E-03 -0.2697E-02 -0.3079E-02
   164.5      0.3762E-01 -0.3449E-02  0.8108E-03 -0.2735E-02 -0.3005E-02
   165.0      0.3690E-01 -0.3534E-02  0.1123E-02 -0.2771E-02 -0.2927E-02
   165.5      0.3616E-01 -0.3616E-02  0.1445E-02 -0.2805E-02 -0.2846E-02
   166.0      0.3540E-01 -0.3696E-02  0.1775E-02 -0.2836E-02 -0.2760E-02
   166.5      0.3463E-01 -0.3772E-02  0.2115E-02 -0.2863E-02 -0.2671E-02
   167.0      0.3384E-01 -0.3844E-02  0.2465E-02 -0.2887E-02 -0.2578E-02
   167.5      0.3304E-01 -0.3912E-02  0.2826E-02 -0.2906E-02 -0.2481E-02
   168.0      0.3224E-01 -0.3973E-02  0.3196E-02 -0.2920E-02 -0.2380E-02
   168.5      0.3143E-01 -0.4028E-02  0.3577E-02 -0.2928E-02 -0.2275E-02
   169.0      0.3063E-01 -0.4074E-02  0.3969E-02 -0.2930E-02 -0.2166E-02
   169.5      0.2984E-01 -0.4110E-02  0.4370E-02 -0.2924E-02 -0.2053E-02
   170.0      0.2905E-01 -0.4135E-02  0.4780E-02 -0.2911E-02 -0.1938E-02
   170.5      0.2828E-01 -0.4146E-02  0.5199E-02 -0.2888E-02 -0.1819E-02
   171.0      0.2753E-01 -0.4143E-02  0.5626E-02 -0.2855E-02 -0.1697E-02
   171.5      0.2680E-01 -0.4123E-02  0.6059E-02 -0.2812E-02 -0.1572E-02
   172.0      0.2609E-01 -0.4084E-02  0.6496E-02 -0.2756E-02 -0.1445E-02
   172.5      0.2541E-01 -0.4023E-02  0.6936E-02 -0.2688E-02 -0.1317E-02
   173.0      0.2476E-01 -0.3940E-02  0.7376E-02 -0.2607E-02 -0.1189E-02
   173.5      0.2414E-01 -0.3831E-02  0.7812E-02 -0.2511E-02 -0.1061E-02
   174.0      0.2356E-01 -0.3696E-02  0.8243E-02 -0.2400E-02 -0.9338E-03
   174.5      0.2301E-01 -0.3533E-02  0.8663E-02 -0.2274E-02 -0.8094E-03
   175.0      0.2250E-01 -0.3340E-02  0.9069E-02 -0.2133E-02 -0.6887E-03
   175.5      0.2204E-01 -0.3118E-02  0.9456E-02 -0.1975E-02 -0.5733E-03
   176.0      0.2162E-01 -0.2865E-02  0.9819E-02 -0.1803E-02 -0.4644E-03
   176.5      0.2125E-01 -0.2584E-02  0.1016E-01 -0.1615E-02 -0.3637E-03
   177.0      0.2092E-01 -0.2274E-02  0.1046E-01 -0.1414E-02 -0.2726E-03
   177.5      0.2064E-01 -0.1939E-02  0.1072E-01 -0.1200E-02 -0.1926E-03
   178.0      0.2041E-01 -0.1581E-02  0.1095E-01 -0.9742E-03 -0.1250E-03
   178.5      0.2023E-01 -0.1204E-02  0.1112E-01 -0.7393E-03 -0.7111E-04
   179.0      0.2010E-01 -0.8111E-03  0.1125E-01 -0.4970E-03 -0.3186E-04
   179.5      0.2002E-01 -0.4082E-03  0.1133E-01 -0.2498E-03 -0.8005E-05
   180.0      0.2000E-01   0.000      0.1136E-01   0.000       0.000    
 END
