           2           1           1
    0.0-     1 1   9.679       0.000      0.1389E-01   9.665    
    1.0+     0 1   27.61       0.000      0.1797E-01   27.59    
    1.0+     2 2   27.46       0.000      0.5182E-01   27.41    
    1.0-     1 1   28.96       0.000      0.3253E-01   28.93    
    2.0+     2 1   45.49       0.000      0.3576E-01   45.45    
    2.0-     1 1   47.22       0.000      0.4331E-01   47.17    
    2.0-     3 2   47.78       0.000      0.1749       47.61    
    3.0+     2 1   66.00       0.000      0.3684E-01   65.97    
    3.0+     4 2   62.12       0.000      0.2158       61.90    
    3.0-     3 1   67.40       0.000      0.1660       67.24    
    4.0+     4 1   77.08       0.000      0.1372       76.94    
    4.0-     3 1   79.65       0.000      0.2389       79.41    
    4.0-     5 2   66.50       0.000      0.5485       65.95    
    5.0+     4 1   106.0       0.000      0.2613       105.7    
    5.0+     6 2   51.12       0.000      0.8138       50.30    
    5.0-     5 1   90.75       0.000      0.6695       90.08    
    6.0+     6 1   56.58       0.000      0.4806       56.10    
    6.0-     5 1   93.84       0.000      0.5469       93.29    
    6.0-     7 2   16.99       0.000      0.4651       16.53    
    7.0+     6 1   78.48       0.000      0.2717       78.21    
    7.0+     8 2   3.959       0.000      0.1416       3.817    
    7.0-     7 1   23.66       0.000      0.3737       23.28    
    8.0+     8 1   4.876       0.000      0.1123       4.764    
    8.0-     7 1   29.50       0.000      0.1242       29.37    
    8.0-     9 2  0.8881       0.000      0.3926E-01  0.8489    
    9.0+     8 1   5.778       0.000      0.3360E-01   5.745    
    9.0+    10 2  0.2112       0.000      0.1113E-01  0.2001    
    9.0-     9 1   1.066       0.000      0.3039E-01   1.035    
   10.0+    10 1  0.2384       0.000      0.8438E-02  0.2299    
   10.0-     9 1   1.321       0.000      0.9074E-02   1.312    
   10.0-    11 2  0.5165E-01   0.000      0.3181E-02  0.4847E-01
   11.0+    10 1  0.2686       0.000      0.2476E-02  0.2661    
   11.0+    12 2  0.1273E-01   0.000      0.9090E-03  0.1183E-01
   11.0-    11 1  0.5653E-01   0.000      0.2369E-02  0.5416E-01
   12.0+    12 1  0.1373E-01   0.000      0.6670E-03  0.1306E-01
   12.0-    11 1  0.6145E-01   0.000      0.6813E-03  0.6077E-01
   12.0-    13 2  0.3142E-02   0.000      0.2591E-03  0.2883E-02
   13.0+    12 1  0.1471E-01   0.000      0.1881E-03  0.1452E-01
   13.0+    14 2  0.7745E-03   0.000      0.7363E-04  0.7009E-03
   13.0-    13 1  0.3355E-02   0.000      0.1877E-03  0.3167E-02
   14.0+    14 1  0.8206E-03   0.000      0.5275E-04  0.7679E-03
   14.0-    13 1  0.3558E-02   0.000      0.5198E-04  0.3506E-02
   14.0-    15 2  0.1907E-03   0.000      0.2087E-04  0.1699E-03
   15.0+    14 1  0.8643E-03   0.000      0.1437E-04  0.8499E-03
   15.0+    16 2  0.4701E-04   0.000      0.5899E-05  0.4111E-04
   15.0-    15 1  0.2008E-03   0.000      0.1482E-04  0.1860E-03
   16.0+    16 1  0.4921E-04   0.000      0.4161E-05  0.4505E-04
   16.0-    15 1  0.2103E-03   0.000      0.3974E-05  0.2063E-03
   16.0-    17 2  0.1161E-04   0.000      0.1665E-05  0.9946E-05
   17.0+    16 1  0.5126E-04   0.000      0.1100E-05  0.5016E-04
   17.0+    18 2  0.2880E-05   0.000      0.4696E-06  0.2411E-05
   17.0-    17 1  0.1210E-04   0.000      0.1168E-05  0.1093E-04
   18.0+    18 1  0.2987E-05   0.000      0.3279E-06  0.2660E-05
   18.0-    17 1  0.1254E-04   0.000      0.3051E-06  0.1224E-04
   18.0-    19 2  0.7190E-06   0.000      0.1324E-06  0.5867E-06
   19.0+    18 1  0.3085E-05   0.000      0.8469E-07  0.3000E-05
   19.0+    20 2  0.1809E-06   0.000      0.3728E-07  0.1436E-06
   19.0-    19 1  0.7428E-06   0.000      0.9198E-07  0.6509E-06
   20.0+    20 1  0.1863E-06   0.000      0.2579E-07  0.1605E-06
   20.0-    19 1  0.7643E-06   0.000      0.2353E-07  0.7408E-06
   20.0-    21 2  0.4596E-07   0.000      0.1049E-07  0.3547E-07
