# Fusion cross sections for ELAB=  32.000, ECM=  19.191
     0.5   9.288       9.289      0.1033E-02
     1.5   30.98       30.98      0.3019E-02
     2.5   55.82       55.82      0.5901E-02
     3.5   74.58       74.58      0.8468E-02
     4.5   93.45       93.46      0.1019E-01
     5.5   112.4       112.4      0.1242E-01
     6.5   131.1       131.1      0.1630E-01
     7.5   147.2       147.2      0.2667E-01
     8.5   156.0       156.1      0.3118E-01
     9.5   152.2       152.2      0.2650E-01
    10.5   133.2       133.2      0.1558E-01
    11.5   102.9       102.9      0.6900E-02
    12.5   69.40       69.40      0.1990E-02
    13.5   41.26       41.26      0.4574E-03
    14.5   22.25       22.25      0.1048E-03
    15.5   11.24       11.24      0.2631E-04
    16.5   5.453       5.454      0.7237E-05
    17.5   2.587       2.587      0.2027E-05
    18.5   1.211       1.211      0.5252E-06
    19.5  0.5621      0.5621      0.1142E-06
    20.5  0.2595      0.2595      0.1867E-07
    21.5  0.1193      0.1193      0.2089E-08
    22.5  0.5467E-01  0.5467E-01  0.3564E-09
    23.5  0.2498E-01  0.2498E-01  0.2523E-09
    24.5  0.1138E-01  0.1138E-01  0.1567E-09
    25.5  0.5174E-02  0.5174E-02  0.1246E-08
    26.5  0.2347E-02  0.2347E-02  0.6149E-09
    27.5  0.1063E-02  0.1063E-02  0.3633E-08
    28.5  0.4801E-03  0.4801E-03  0.4683E-09
    29.5  0.2166E-03  0.2166E-03  0.4000E-09
    30.5  0.9752E-04  0.9753E-04  0.2955E-08
 &
