           2           1           1
    0.0-     1 1   10.40       0.000      0.2509E-01   10.38    
    1.0+     0 1   30.72       0.000      0.1400       30.58    
    1.0+     2 2   30.55       0.000      0.4806E-01   30.50    
    1.0-     1 1   31.21       0.000      0.2093       31.00    
    2.0+     2 1   50.92       0.000      0.1273       50.79    
    2.0-     1 1   52.02       0.000      0.6332       51.39    
    2.0-     3 2   51.60       0.000      0.1281       51.47    
    3.0+     2 1   71.28       0.000      0.2663       71.02    
    3.0+     4 2   67.79       0.000      0.5464       67.25    
    3.0-     3 1   72.23       0.000      0.4488       71.79    
    4.0+     4 1   87.16       0.000      0.8512       86.31    
    4.0-     3 1   92.87       0.000      0.9897       91.88    
    4.0-     5 2   77.62       0.000       1.041       76.58    
    5.0+     4 1   106.5       0.000      0.9913       105.5    
    5.0+     6 2   55.35       0.000      0.7060       54.65    
    5.0-     5 1   94.87       0.000       1.352       93.52    
    6.0+     6 1   65.42       0.000       1.107       64.31    
    6.0-     5 1   112.1       0.000       1.144       111.0    
    6.0-     7 2   22.46       0.000      0.2593       22.20    
    7.0+     6 1   75.48       0.000       1.139       74.34    
    7.0+     8 2   6.668       0.000      0.7235E-01   6.595    
    7.0-     7 1   25.91       0.000      0.3884       25.52    
    8.0+     8 1   7.557       0.000      0.1039       7.453    
    8.0-     7 1   29.36       0.000      0.3853       28.98    
    8.0-     9 2   1.920       0.000      0.1924E-01   1.901    
    9.0+     8 1   8.446       0.000      0.1001       8.346    
    9.0+    10 2  0.5587       0.000      0.5086E-02  0.5536    
    9.0-     9 1   2.146       0.000      0.2684E-01   2.119    
   10.0+    10 1  0.6175       0.000      0.6943E-02  0.6106    
   10.0-     9 1   2.372       0.000      0.2553E-01   2.346    
   10.0-    11 2  0.1629       0.000      0.1339E-02  0.1616    
   11.0+    10 1  0.6763       0.000      0.6567E-02  0.6697    
   11.0+    12 2  0.4732E-01   0.000      0.3544E-03  0.4697E-01
   11.0-    11 1  0.1785       0.000      0.1798E-02  0.1767    
   12.0+    12 1  0.5143E-01   0.000      0.4695E-03  0.5097E-01
   12.0-    11 1  0.1940       0.000      0.1695E-02  0.1923    
   12.0-    13 2  0.1365E-01   0.000      0.9417E-04  0.1356E-01
   13.0+    12 1  0.5555E-01   0.000      0.4413E-03  0.5511E-01
   13.0+    14 2  0.3909E-02   0.000      0.2403E-04  0.3885E-02
   13.0-    13 1  0.1474E-01   0.000      0.1228E-03  0.1462E-01
   14.0+    14 1  0.4199E-02   0.000      0.3061E-04  0.4168E-02
   14.0-    13 1  0.1583E-01   0.000      0.1155E-03  0.1572E-01
   14.0-    15 2  0.1111E-02   0.000      0.5439E-05  0.1106E-02
   15.0+    14 1  0.4489E-02   0.000      0.2899E-04  0.4460E-02
   15.0+    16 2  0.3132E-03   0.000      0.1016E-05  0.3122E-03
   15.0-    15 1  0.1188E-02   0.000      0.6716E-05  0.1181E-02
   16.0+    16 1  0.3334E-03   0.000      0.1209E-05  0.3322E-03
   16.0-    15 1  0.1265E-02   0.000      0.6455E-05  0.1258E-02
   16.0-    17 2  0.8709E-04   0.000      0.1502E-06  0.8694E-04
   17.0+    16 1  0.3537E-03   0.000      0.1187E-05  0.3525E-03
   17.0+    18 2  0.2367E-04   0.000      0.1734E-07  0.2365E-04
   17.0-    17 1  0.9237E-04   0.000      0.1716E-06  0.9219E-04
   18.0+    18 1  0.2502E-04   0.000      0.1889E-07  0.2500E-04
   18.0-    17 1  0.9764E-04   0.000      0.1728E-06  0.9747E-04
   18.0-    19 2  0.6207E-05   0.000      0.1570E-08  0.6206E-05
   19.0+    18 1  0.2637E-04   0.000      0.1955E-07  0.2635E-04
   19.0+    20 2  0.1550E-05   0.000      0.1127E-09  0.1550E-05
   19.0-    19 1  0.6543E-05   0.000      0.1612E-08  0.6541E-05
   20.0+    20 1  0.1630E-05   0.000      0.1075E-09  0.1630E-05
   20.0-    19 1  0.6878E-05   0.000      0.1718E-08  0.6877E-05
   20.0-    21 2  0.3642E-06   0.000      0.6522E-11  0.3642E-06
