# 361 angles,  1 tensor ranks for 0=projectile
@subtitle   "25Mg(d,p)26Mg"                                                                 
@legend ON
@legend x1 0.2
@legend y1 0.8
@g0 type LOGY
@yaxis ticklabel format power
@legend string   0 "Lab energy =   16.0000"
#legend string   0 "Partition=  2 Excit=  3 near/far= 1"
#  Theta       sigma       iT11        T20         T21         T22         Kyy for projectile
   0.000       12.37    
  0.5000       12.35    
   1.000       12.28    
   1.500       12.16    
   2.000       12.00    
   2.500       11.79    
   3.000       11.55    
   3.500       11.26    
   4.000       10.94    
   4.500       10.59    
   5.000       10.22    
   5.500       9.813    
   6.000       9.390    
   6.500       8.952    
   7.000       8.502    
   7.500       8.045    
   8.000       7.584    
   8.500       7.123    
   9.000       6.667    
   9.500       6.219    
   10.00       5.782    
   10.50       5.358    
   11.00       4.952    
   11.50       4.563    
   12.00       4.196    
   12.50       3.851    
   13.00       3.529    
   13.50       3.232    
   14.00       2.959    
   14.50       2.712    
   15.00       2.489    
   15.50       2.290    
   16.00       2.116    
   16.50       1.964    
   17.00       1.833    
   17.50       1.724    
   18.00       1.633    
   18.50       1.560    
   19.00       1.503    
   19.50       1.460    
   20.00       1.430    
   20.50       1.410    
   21.00       1.401    
   21.50       1.399    
   22.00       1.403    
   22.50       1.412    
   23.00       1.425    
   23.50       1.440    
   24.00       1.456    
   24.50       1.471    
   25.00       1.486    
   25.50       1.499    
   26.00       1.510    
   26.50       1.517    
   27.00       1.521    
   27.50       1.521    
   28.00       1.516    
   28.50       1.507    
   29.00       1.494    
   29.50       1.476    
   30.00       1.454    
   30.50       1.428    
   31.00       1.397    
   31.50       1.363    
   32.00       1.325    
   32.50       1.284    
   33.00       1.240    
   33.50       1.194    
   34.00       1.145    
   34.50       1.095    
   35.00       1.043    
   35.50      0.9910    
   36.00      0.9379    
   36.50      0.8847    
   37.00      0.8316    
   37.50      0.7791    
   38.00      0.7273    
   38.50      0.6767    
   39.00      0.6274    
   39.50      0.5798    
   40.00      0.5339    
   40.50      0.4900    
   41.00      0.4483    
   41.50      0.4088    
   42.00      0.3717    
   42.50      0.3370    
   43.00      0.3048    
   43.50      0.2751    
   44.00      0.2478    
   44.50      0.2231    
   45.00      0.2008    
   45.50      0.1809    
   46.00      0.1634    
   46.50      0.1481    
   47.00      0.1349    
   47.50      0.1238    
   48.00      0.1146    
   48.50      0.1072    
   49.00      0.1015    
   49.50      0.9735E-01
   50.00      0.9464E-01
   50.50      0.9324E-01
   51.00      0.9300E-01
   51.50      0.9381E-01
   52.00      0.9554E-01
   52.50      0.9806E-01
   53.00      0.1013    
   53.50      0.1050    
   54.00      0.1092    
   54.50      0.1138    
   55.00      0.1186    
   55.50      0.1236    
   56.00      0.1287    
   56.50      0.1337    
   57.00      0.1388    
   57.50      0.1437    
   58.00      0.1484    
   58.50      0.1529    
   59.00      0.1571    
   59.50      0.1610    
   60.00      0.1646    
   60.50      0.1679    
   61.00      0.1707    
   61.50      0.1732    
   62.00      0.1753    
   62.50      0.1770    
   63.00      0.1784    
   63.50      0.1793    
   64.00      0.1798    
   64.50      0.1800    
   65.00      0.1798    
   65.50      0.1793    
   66.00      0.1785    
   66.50      0.1774    
   67.00      0.1760    
   67.50      0.1743    
   68.00      0.1724    
   68.50      0.1703    
   69.00      0.1680    
   69.50      0.1656    
   70.00      0.1630    
   70.50      0.1603    
   71.00      0.1575    
   71.50      0.1546    
   72.00      0.1516    
   72.50      0.1486    
   73.00      0.1456    
   73.50      0.1426    
   74.00      0.1396    
   74.50      0.1366    
   75.00      0.1337    
   75.50      0.1308    
   76.00      0.1280    
   76.50      0.1253    
   77.00      0.1227    
   77.50      0.1201    
   78.00      0.1176    
   78.50      0.1153    
   79.00      0.1130    
   79.50      0.1109    
   80.00      0.1088    
   80.50      0.1069    
   81.00      0.1051    
   81.50      0.1034    
   82.00      0.1018    
   82.50      0.1003    
   83.00      0.9893E-01
   83.50      0.9766E-01
   84.00      0.9648E-01
   84.50      0.9540E-01
   85.00      0.9441E-01
   85.50      0.9350E-01
   86.00      0.9268E-01
   86.50      0.9194E-01
   87.00      0.9127E-01
   87.50      0.9067E-01
   88.00      0.9013E-01
   88.50      0.8964E-01
   89.00      0.8921E-01
   89.50      0.8883E-01
   90.00      0.8849E-01
   90.50      0.8819E-01
   91.00      0.8792E-01
   91.50      0.8768E-01
   92.00      0.8747E-01
   92.50      0.8728E-01
   93.00      0.8710E-01
   93.50      0.8693E-01
   94.00      0.8678E-01
   94.50      0.8663E-01
   95.00      0.8649E-01
   95.50      0.8634E-01
   96.00      0.8620E-01
   96.50      0.8605E-01
   97.00      0.8590E-01
   97.50      0.8573E-01
   98.00      0.8556E-01
   98.50      0.8538E-01
   99.00      0.8518E-01
   99.50      0.8497E-01
   100.0      0.8475E-01
   100.5      0.8452E-01
   101.0      0.8427E-01
   101.5      0.8400E-01
   102.0      0.8372E-01
   102.5      0.8342E-01
   103.0      0.8311E-01
   103.5      0.8279E-01
   104.0      0.8245E-01
   104.5      0.8209E-01
   105.0      0.8173E-01
   105.5      0.8135E-01
   106.0      0.8095E-01
   106.5      0.8055E-01
   107.0      0.8014E-01
   107.5      0.7972E-01
   108.0      0.7929E-01
   108.5      0.7885E-01
   109.0      0.7841E-01
   109.5      0.7796E-01
   110.0      0.7751E-01
   110.5      0.7705E-01
   111.0      0.7660E-01
   111.5      0.7614E-01
   112.0      0.7568E-01
   112.5      0.7523E-01
   113.0      0.7477E-01
   113.5      0.7432E-01
   114.0      0.7388E-01
   114.5      0.7344E-01
   115.0      0.7301E-01
   115.5      0.7258E-01
   116.0      0.7216E-01
   116.5      0.7176E-01
   117.0      0.7136E-01
   117.5      0.7097E-01
   118.0      0.7059E-01
   118.5      0.7023E-01
   119.0      0.6988E-01
   119.5      0.6954E-01
   120.0      0.6922E-01
   120.5      0.6891E-01
   121.0      0.6862E-01
   121.5      0.6835E-01
   122.0      0.6808E-01
   122.5      0.6784E-01
   123.0      0.6761E-01
   123.5      0.6740E-01
   124.0      0.6721E-01
   124.5      0.6703E-01
   125.0      0.6687E-01
   125.5      0.6673E-01
   126.0      0.6661E-01
   126.5      0.6651E-01
   127.0      0.6642E-01
   127.5      0.6635E-01
   128.0      0.6630E-01
   128.5      0.6626E-01
   129.0      0.6624E-01
   129.5      0.6624E-01
   130.0      0.6626E-01
   130.5      0.6629E-01
   131.0      0.6634E-01
   131.5      0.6640E-01
   132.0      0.6648E-01
   132.5      0.6657E-01
   133.0      0.6668E-01
   133.5      0.6680E-01
   134.0      0.6694E-01
   134.5      0.6708E-01
   135.0      0.6724E-01
   135.5      0.6741E-01
   136.0      0.6759E-01
   136.5      0.6778E-01
   137.0      0.6798E-01
   137.5      0.6819E-01
   138.0      0.6840E-01
   138.5      0.6863E-01
   139.0      0.6885E-01
   139.5      0.6908E-01
   140.0      0.6932E-01
   140.5      0.6956E-01
   141.0      0.6980E-01
   141.5      0.7004E-01
   142.0      0.7028E-01
   142.5      0.7052E-01
   143.0      0.7076E-01
   143.5      0.7100E-01
   144.0      0.7123E-01
   144.5      0.7146E-01
   145.0      0.7168E-01
   145.5      0.7189E-01
   146.0      0.7210E-01
   146.5      0.7230E-01
   147.0      0.7249E-01
   147.5      0.7266E-01
   148.0      0.7283E-01
   148.5      0.7298E-01
   149.0      0.7312E-01
   149.5      0.7325E-01
   150.0      0.7336E-01
   150.5      0.7345E-01
   151.0      0.7353E-01
   151.5      0.7359E-01
   152.0      0.7364E-01
   152.5      0.7366E-01
   153.0      0.7367E-01
   153.5      0.7366E-01
   154.0      0.7362E-01
   154.5      0.7357E-01
   155.0      0.7350E-01
   155.5      0.7341E-01
   156.0      0.7330E-01
   156.5      0.7317E-01
   157.0      0.7301E-01
   157.5      0.7284E-01
   158.0      0.7265E-01
   158.5      0.7244E-01
   159.0      0.7221E-01
   159.5      0.7196E-01
   160.0      0.7170E-01
   160.5      0.7142E-01
   161.0      0.7112E-01
   161.5      0.7080E-01
   162.0      0.7047E-01
   162.5      0.7013E-01
   163.0      0.6978E-01
   163.5      0.6941E-01
   164.0      0.6903E-01
   164.5      0.6864E-01
   165.0      0.6825E-01
   165.5      0.6785E-01
   166.0      0.6744E-01
   166.5      0.6703E-01
   167.0      0.6662E-01
   167.5      0.6620E-01
   168.0      0.6579E-01
   168.5      0.6537E-01
   169.0      0.6497E-01
   169.5      0.6456E-01
   170.0      0.6417E-01
   170.5      0.6378E-01
   171.0      0.6340E-01
   171.5      0.6303E-01
   172.0      0.6267E-01
   172.5      0.6233E-01
   173.0      0.6200E-01
   173.5      0.6169E-01
   174.0      0.6140E-01
   174.5      0.6112E-01
   175.0      0.6087E-01
   175.5      0.6063E-01
   176.0      0.6042E-01
   176.5      0.6023E-01
   177.0      0.6007E-01
   177.5      0.5993E-01
   178.0      0.5981E-01
   178.5      0.5972E-01
   179.0      0.5965E-01
   179.5      0.5962E-01
   180.0      0.5960E-01
 END
