# 361 angles,  1 tensor ranks for 0=projectile
@subtitle   "25Mg(d,p)26Mg"                                                                 
@legend ON
@legend x1 0.2
@legend y1 0.8
@g0 type LOGY
@yaxis ticklabel format power
@legend string   0 "Lab energy =   16.0000"
#legend string   0 "Partition=  1 Excit=  1 near/far= 1"
#  Theta       sigma       iT11        T20         T21         T22         Kyy for projectile
  0.1000E-01   1.000    
  0.5000       1.002    
   1.000       1.005    
   1.500       1.003    
   2.000      0.9911    
   2.500      0.9716    
   3.000      0.9452    
   3.500      0.9134    
   4.000      0.8779    
   4.500      0.8404    
   5.000      0.8026    
   5.500      0.7657    
   6.000      0.7311    
   6.500      0.6998    
   7.000      0.6728    
   7.500      0.6506    
   8.000      0.6339    
   8.500      0.6229    
   9.000      0.6179    
   9.500      0.6189    
   10.00      0.6257    
   10.50      0.6381    
   11.00      0.6556    
   11.50      0.6778    
   12.00      0.7040    
   12.50      0.7336    
   13.00      0.7658    
   13.50      0.7997    
   14.00      0.8346    
   14.50      0.8695    
   15.00      0.9037    
   15.50      0.9363    
   16.00      0.9664    
   16.50      0.9934    
   17.00       1.017    
   17.50       1.035    
   18.00       1.049    
   18.50       1.057    
   19.00       1.059    
   19.50       1.056    
   20.00       1.046    
   20.50       1.030    
   21.00       1.009    
   21.50      0.9812    
   22.00      0.9484    
   22.50      0.9106    
   23.00      0.8684    
   23.50      0.8224    
   24.00      0.7733    
   24.50      0.7220    
   25.00      0.6691    
   25.50      0.6156    
   26.00      0.5623    
   26.50      0.5101    
   27.00      0.4598    
   27.50      0.4123    
   28.00      0.3684    
   28.50      0.3288    
   29.00      0.2942    
   29.50      0.2653    
   30.00      0.2426    
   30.50      0.2264    
   31.00      0.2172    
   31.50      0.2152    
   32.00      0.2204    
   32.50      0.2330    
   33.00      0.2528    
   33.50      0.2796    
   34.00      0.3131    
   34.50      0.3529    
   35.00      0.3985    
   35.50      0.4493    
   36.00      0.5047    
   36.50      0.5639    
   37.00      0.6261    
   37.50      0.6906    
   38.00      0.7564    
   38.50      0.8228    
   39.00      0.8888    
   39.50      0.9535    
   40.00       1.016    
   40.50       1.076    
   41.00       1.132    
   41.50       1.184    
   42.00       1.230    
   42.50       1.271    
   43.00       1.306    
   43.50       1.334    
   44.00       1.355    
   44.50       1.369    
   45.00       1.376    
   45.50       1.375    
   46.00       1.367    
   46.50       1.351    
   47.00       1.329    
   47.50       1.299    
   48.00       1.263    
   48.50       1.222    
   49.00       1.174    
   49.50       1.122    
   50.00       1.066    
   50.50       1.005    
   51.00      0.9424    
   51.50      0.8771    
   52.00      0.8103    
   52.50      0.7427    
   53.00      0.6751    
   53.50      0.6082    
   54.00      0.5426    
   54.50      0.4791    
   55.00      0.4182    
   55.50      0.3606    
   56.00      0.3067    
   56.50      0.2571    
   57.00      0.2123    
   57.50      0.1725    
   58.00      0.1381    
   58.50      0.1092    
   59.00      0.8621E-01
   59.50      0.6906E-01
   60.00      0.5784E-01
   60.50      0.5252E-01
   61.00      0.5302E-01
   61.50      0.5919E-01
   62.00      0.7083E-01
   62.50      0.8769E-01
   63.00      0.1095    
   63.50      0.1358    
   64.00      0.1664    
   64.50      0.2007    
   65.00      0.2384    
   65.50      0.2790    
   66.00      0.3219    
   66.50      0.3668    
   67.00      0.4132    
   67.50      0.4604    
   68.00      0.5082    
   68.50      0.5559    
   69.00      0.6031    
   69.50      0.6495    
   70.00      0.6945    
   70.50      0.7378    
   71.00      0.7790    
   71.50      0.8178    
   72.00      0.8540    
   72.50      0.8871    
   73.00      0.9171    
   73.50      0.9437    
   74.00      0.9668    
   74.50      0.9863    
   75.00       1.002    
   75.50       1.014    
   76.00       1.022    
   76.50       1.027    
   77.00       1.028    
   77.50       1.025    
   78.00       1.019    
   78.50       1.010    
   79.00      0.9975    
   79.50      0.9821    
   80.00      0.9640    
   80.50      0.9434    
   81.00      0.9204    
   81.50      0.8954    
   82.00      0.8686    
   82.50      0.8402    
   83.00      0.8105    
   83.50      0.7797    
   84.00      0.7481    
   84.50      0.7159    
   85.00      0.6834    
   85.50      0.6507    
   86.00      0.6181    
   86.50      0.5857    
   87.00      0.5539    
   87.50      0.5226    
   88.00      0.4921    
   88.50      0.4625    
   89.00      0.4340    
   89.50      0.4066    
   90.00      0.3805    
   90.50      0.3557    
   91.00      0.3323    
   91.50      0.3103    
   92.00      0.2897    
   92.50      0.2707    
   93.00      0.2531    
   93.50      0.2371    
   94.00      0.2224    
   94.50      0.2092    
   95.00      0.1975    
   95.50      0.1870    
   96.00      0.1779    
   96.50      0.1700    
   97.00      0.1632    
   97.50      0.1576    
   98.00      0.1530    
   98.50      0.1494    
   99.00      0.1466    
   99.50      0.1447    
   100.0      0.1436    
   100.5      0.1431    
   101.0      0.1432    
   101.5      0.1439    
   102.0      0.1450    
   102.5      0.1466    
   103.0      0.1485    
   103.5      0.1508    
   104.0      0.1533    
   104.5      0.1561    
   105.0      0.1591    
   105.5      0.1622    
   106.0      0.1655    
   106.5      0.1689    
   107.0      0.1725    
   107.5      0.1761    
   108.0      0.1798    
   108.5      0.1836    
   109.0      0.1875    
   109.5      0.1915    
   110.0      0.1956    
   110.5      0.1998    
   111.0      0.2040    
   111.5      0.2084    
   112.0      0.2129    
   112.5      0.2176    
   113.0      0.2223    
   113.5      0.2273    
   114.0      0.2323    
   114.5      0.2376    
   115.0      0.2430    
   115.5      0.2485    
   116.0      0.2542    
   116.5      0.2601    
   117.0      0.2661    
   117.5      0.2722    
   118.0      0.2785    
   118.5      0.2848    
   119.0      0.2913    
   119.5      0.2978    
   120.0      0.3043    
   120.5      0.3108    
   121.0      0.3174    
   121.5      0.3238    
   122.0      0.3302    
   122.5      0.3364    
   123.0      0.3425    
   123.5      0.3483    
   124.0      0.3540    
   124.5      0.3593    
   125.0      0.3643    
   125.5      0.3689    
   126.0      0.3731    
   126.5      0.3769    
   127.0      0.3802    
   127.5      0.3830    
   128.0      0.3852    
   128.5      0.3869    
   129.0      0.3880    
   129.5      0.3886    
   130.0      0.3885    
   130.5      0.3878    
   131.0      0.3865    
   131.5      0.3845    
   132.0      0.3820    
   132.5      0.3788    
   133.0      0.3751    
   133.5      0.3709    
   134.0      0.3661    
   134.5      0.3608    
   135.0      0.3551    
   135.5      0.3491    
   136.0      0.3426    
   136.5      0.3359    
   137.0      0.3289    
   137.5      0.3218    
   138.0      0.3145    
   138.5      0.3073    
   139.0      0.3000    
   139.5      0.2929    
   140.0      0.2859    
   140.5      0.2792    
   141.0      0.2728    
   141.5      0.2668    
   142.0      0.2612    
   142.5      0.2562    
   143.0      0.2518    
   143.5      0.2480    
   144.0      0.2449    
   144.5      0.2425    
   145.0      0.2410    
   145.5      0.2403    
   146.0      0.2405    
   146.5      0.2416    
   147.0      0.2437    
   147.5      0.2467    
   148.0      0.2506    
   148.5      0.2555    
   149.0      0.2614    
   149.5      0.2682    
   150.0      0.2759    
   150.5      0.2845    
   151.0      0.2940    
   151.5      0.3042    
   152.0      0.3153    
   152.5      0.3270    
   153.0      0.3395    
   153.5      0.3525    
   154.0      0.3660    
   154.5      0.3800    
   155.0      0.3944    
   155.5      0.4090    
   156.0      0.4239    
   156.5      0.4390    
   157.0      0.4540    
   157.5      0.4691    
   158.0      0.4841    
   158.5      0.4988    
   159.0      0.5134    
   159.5      0.5275    
   160.0      0.5413    
   160.5      0.5546    
   161.0      0.5674    
   161.5      0.5796    
   162.0      0.5911    
   162.5      0.6019    
   163.0      0.6121    
   163.5      0.6214    
   164.0      0.6300    
   164.5      0.6377    
   165.0      0.6447    
   165.5      0.6508    
   166.0      0.6561    
   166.5      0.6606    
   167.0      0.6643    
   167.5      0.6673    
   168.0      0.6695    
   168.5      0.6709    
   169.0      0.6718    
   169.5      0.6720    
   170.0      0.6716    
   170.5      0.6707    
   171.0      0.6694    
   171.5      0.6676    
   172.0      0.6655    
   172.5      0.6632    
   173.0      0.6606    
   173.5      0.6579    
   174.0      0.6550    
   174.5      0.6522    
   175.0      0.6493    
   175.5      0.6466    
   176.0      0.6440    
   176.5      0.6416    
   177.0      0.6394    
   177.5      0.6374    
   178.0      0.6358    
   178.5      0.6345    
   179.0      0.6336    
   179.5      0.6330    
   180.0      0.6328    
 END
