           6           1           1
    0.5+     2 1   2.551       0.000      0.3277E-01  0.2687E-03  0.1129E-03  0.3765E-03  0.1652E-02   2.516    
    0.5+     2 2   2.547       0.000      0.7209E-01  0.2102E-03  0.3120E-03  0.2273E-03  0.5198E-02   2.469    
    0.5+     4 3   2.547       0.000      0.6251E-03  0.1150E-02  0.2856E-02  0.6371E-03  0.5067E-03   2.541    
    0.5-     1 1   2.600       0.000      0.3327E-01  0.5384E-04  0.2304E-03  0.8270E-04  0.1418E-01   2.552    
    0.5-     3 2   2.618       0.000      0.1752E-02  0.7653E-03  0.8199E-04  0.3173E-03  0.2704E-02   2.612    
    0.5-     3 3   2.632       0.000      0.6891E-01  0.3047E-03  0.1780E-03  0.1976E-04  0.5674E-02   2.557    
    1.5+     0 1   5.095       0.000      0.2423E-01  0.1791E-01  0.2110E-02  0.3610E-02  0.3947E-01   5.007    
    1.5+     2 2   5.126       0.000      0.1476E-02  0.1745E-02  0.2618E-02  0.7937E-03  0.8842E-02   5.110    
    1.5+     2 3   5.103       0.000      0.3824E-01  0.1504E-01  0.1157E-02  0.3599E-02  0.9673E-02   5.035    
    1.5+     2 4   5.094       0.000      0.6326E-02  0.9055E-02  0.2514E-02  0.1891E-02  0.1089E-01   5.064    
    1.5+     4 5   5.094       0.000      0.1192E-01  0.1665E-02  0.1001E-01  0.7813E-03  0.3952E-02   5.066    
    1.5+     4 6   5.033       0.000      0.1025      0.3093E-02  0.2219E-02  0.1532E-02  0.6981E-02   4.916    
    1.5-     1 1   5.201       0.000      0.2215E-01  0.1788E-01  0.1928E-03  0.1721E-02  0.5940E-01   5.100    
    1.5-     1 2   5.200       0.000      0.4111E-01  0.1845E-01  0.3136E-02  0.1216E-02  0.2920E-01   5.107    
    1.5-     3 3   5.236       0.000      0.7306E-02  0.6368E-03  0.2857E-02  0.1984E-03  0.2064E-01   5.204    
    1.5-     3 4   5.264       0.000      0.3215E-02  0.6305E-02  0.1728E-02  0.6599E-03  0.1900E-01   5.234    
    1.5-     3 5   5.238       0.000      0.1289      0.2919E-02  0.2181E-02  0.2616E-03  0.6150E-02   5.097    
    1.5-     5 6   4.960       0.000      0.7142E-03  0.1808E-02  0.7644E-02  0.6425E-03  0.5749E-02   4.943    
    2.5+     0 1   7.642       0.000      0.2952E-01  0.1375E-01  0.9807E-02  0.3620E-02  0.4411E-01   7.541    
    2.5+     2 2   7.689       0.000      0.9022E-02  0.9428E-02  0.3008E-01  0.2702E-02  0.1365E-01   7.624    
    2.5+     2 3   7.654       0.000      0.2855E-04  0.3311E-01  0.9924E-02  0.9311E-02  0.4028E-01   7.562    
    2.5+     2 4   7.641       0.000      0.4591E-01  0.3681E-01  0.7193E-02  0.7494E-02  0.3351E-01   7.511    
    2.5+     4 5   7.642       0.000      0.7441E-02  0.1427E-02  0.2860E-01  0.9071E-03  0.1310E-01   7.590    
    2.5+     4 6   7.549       0.000      0.1583E-03  0.1511E-01  0.8688E-02  0.8392E-02  0.1801E-01   7.499    
    2.5+     4 7   7.628       0.000      0.1437      0.5267E-02  0.4434E-02  0.2528E-02  0.8517E-02   7.464    
    2.5+     6 8   5.808       0.000      0.5284E-03  0.2362E-02  0.1022E-01  0.4452E-02  0.7543E-02   5.783    
    2.5-     1 1   7.796       0.000      0.3751E-02  0.6694E-02  0.1241E-01  0.3093E-03  0.3776E-01   7.735    
    2.5-     1 2   7.802       0.000      0.1915E-01  0.1046E-01  0.3108E-02  0.8752E-03  0.5553E-01   7.713    
    2.5-     1 3   7.800       0.000      0.8899E-03  0.3827E-01  0.8463E-02  0.3603E-02  0.7636E-01   7.672    
    2.5-     3 4   7.854       0.000      0.6324E-02  0.4899E-02  0.1331E-01  0.1374E-02  0.4700E-01   7.781    
    2.5-     3 5   7.897       0.000      0.2944E-01  0.2770E-01  0.8352E-02  0.2992E-02  0.5030E-01   7.778    
    2.5-     3 6   7.857       0.000      0.7432E-03  0.2455E-01  0.8131E-02  0.2895E-02  0.1972E-01   7.801    
    2.5-     5 7   7.440       0.000      0.1470E-01  0.1626E-02  0.1795E-01  0.5281E-03  0.2401E-01   7.381    
    2.5-     5 8   7.716       0.000      0.8845E-01  0.4008E-02  0.7541E-02  0.1067E-02  0.7508E-02   7.607    
    3.5+     0 1   10.19       0.000      0.4501E-02  0.5830E-02  0.1987E-01  0.1890E-02  0.6229E-01   10.10    
    3.5+     2 2   10.25       0.000      0.1122E-01  0.1671E-01  0.3496E-01  0.5682E-02  0.1769E-01   10.17    
    3.5+     2 3   10.21       0.000      0.2113E-01  0.7812E-02  0.3164E-01  0.2760E-02  0.1076       10.03    
    3.5+     2 4   10.19       0.000      0.5675E-03  0.2481E-01  0.1284E-01  0.5668E-02  0.1334       10.01    
    3.5+     4 5   10.19       0.000      0.1011E-01  0.8424E-02  0.6394E-01  0.5785E-02  0.2403E-01   10.08    
    3.5+     4 6   10.07       0.000      0.3603E-01  0.3295E-01  0.2320E-01  0.2294E-01  0.3797E-01   9.912    
    3.5+     4 7   10.17       0.000      0.5040E-03  0.1773E-01  0.1261E-01  0.1325E-01  0.3082E-01   10.10    
    3.5+     6 8   7.744       0.000      0.1330E-01  0.1665E-02  0.2999E-01  0.2715E-02  0.2476E-01   7.671    
    3.5+     6 9   7.906       0.000      0.6063E-01  0.5827E-02  0.8194E-02  0.1445E-01  0.7434E-02   7.809    
    3.5-     1 1   10.40       0.000      0.1397E-01  0.1532E-01  0.2561E-01  0.2863E-02  0.9963E-01   10.25    
    3.5-     1 2   10.40       0.000      0.2215E-01  0.3638E-02  0.1256E-01  0.9266E-03  0.1919       10.17    
    3.5-     3 3   10.47       0.000      0.6341E-02  0.1247E-01  0.2933E-01  0.1716E-02  0.4927E-01   10.37    
    3.5-     3 4   10.53       0.000      0.3985E-02  0.1935E-01  0.2434E-01  0.3663E-02  0.1458       10.33    
    3.5-     3 5   10.48       0.000      0.5540E-01  0.5348E-01  0.1665E-01  0.8354E-02  0.9921E-01   10.24    
    3.5-     5 6   9.920       0.000      0.6090E-02  0.2110E-02  0.3517E-01  0.1358E-02  0.4456E-01   9.831    
    3.5-     5 7   10.29       0.000      0.3743E-02  0.2381E-01  0.2445E-01  0.8716E-02  0.3620E-01   10.19    
    3.5-     5 8   10.19       0.000      0.2395      0.1578E-01  0.1136E-01  0.5902E-02  0.8281E-02   9.909    
    3.5-     7 9   3.789       0.000      0.3456E-04  0.2412E-02  0.8742E-02  0.4062E-02  0.6333E-02   3.767    
    4.5+     2 1   12.76       0.000      0.7682E-02  0.1448E-01  0.3600E-01  0.4958E-02  0.1679E-01   12.68    
    4.5+     2 2   12.74       0.000      0.5546E-02  0.1591E-02  0.1604E-01  0.8358E-03  0.1545       12.56    
    4.5+     4 3   12.74       0.000      0.2051E-02  0.1952E-01  0.9992E-01  0.1684E-01  0.2399E-01   12.57    
    4.5+     4 4   12.58       0.000      0.3450E-02  0.1365E-01  0.4647E-01  0.1514E-01  0.3906E-01   12.46    
    4.5+     4 5   12.71       0.000      0.1345E-01  0.2211E-01  0.2291E-01  0.2242E-01  0.1086       12.52    
    4.5+     6 6   9.680       0.000      0.1210E-02  0.1446E-02  0.6909E-01  0.1542E-02  0.3767E-01   9.569    
    4.5+     6 7   9.882       0.000      0.1809E-02  0.2462E-01  0.2226E-01  0.4173E-01  0.3334E-01   9.759    
    4.5+     6 8   10.61       0.000      0.3463E-01  0.2359E-02  0.1189E-01  0.2165E-01  0.1093E-01   10.53    
    4.5+     8 9   1.631       0.000      0.7278E-05  0.8320E-03  0.4033E-02  0.1756E-02  0.3104E-02   1.621    
    4.5-     1 1   13.00       0.000      0.8690E-02  0.5995E-02  0.8422E-02  0.1933E-02  0.5441E-01   12.92    
    4.5-     3 2   13.09       0.000      0.1983E-01  0.1318E-01  0.8735E-02  0.3165E-02  0.5069E-01   12.99    
    4.5-     3 3   13.16       0.000      0.2679E-01  0.1702E-01  0.4460E-01  0.5754E-02  0.1734       12.89    
    4.5-     3 4   13.09       0.000      0.2750E-02  0.2781E-01  0.2431E-01  0.6215E-02  0.2372       12.80    
    4.5-     5 5   12.40       0.000      0.1931E-01  0.1591E-01  0.5804E-01  0.8917E-02  0.4031E-01   12.26    
    4.5-     5 6   12.86       0.000      0.7751E-01  0.5025E-01  0.5629E-01  0.2379E-01  0.1348       12.52    
    4.5-     5 7   12.74       0.000      0.1567E-02  0.5482E-01  0.2751E-01  0.2426E-01  0.4852E-01   12.58    
    4.5-     7 8   4.736       0.000      0.1134E-01  0.1070E-02  0.2437E-01  0.1780E-02  0.1749E-01   4.680    
    4.5-     7 9   5.335       0.000      0.9533E-01  0.1150E-01  0.8293E-02  0.1742E-01  0.7807E-02   5.194    
    5.5+     2 1   15.28       0.000      0.4960E-02  0.2089E-02  0.1363E-01  0.1368E-02  0.2233E-01   15.24    
    5.5+     4 2   15.28       0.000      0.1096E-01  0.1170E-01  0.5704E-01  0.8840E-02  0.1825E-01   15.18    
    5.5+     4 3   15.10       0.000      0.1213E-01  0.7298E-02  0.6816E-01  0.6657E-02  0.4418E-01   14.96    
    5.5+     4 4   15.26       0.000      0.2854E-02  0.3868E-02  0.3220E-01  0.1111E-01  0.1860       15.02    
    5.5+     6 5   11.62       0.000      0.1433E-01  0.1365E-01  0.1218      0.1325E-01  0.2565E-01   11.43    
    5.5+     6 6   11.86       0.000      0.4482E-01  0.3795E-01  0.4487E-01  0.4946E-01  0.1097       11.57    
    5.5+     6 7   12.73       0.000      0.2035E-02  0.1853E-01  0.2668E-01  0.5649E-01  0.6917E-01   12.56    
    5.5+     8 8   1.957       0.000      0.3598E-02  0.3011E-03  0.1021E-01  0.6242E-03  0.7714E-02   1.935    
    5.5+     8 9   2.120       0.000      0.2635E-01  0.3855E-02  0.3750E-02  0.7287E-02  0.4045E-02   2.075    
    5.5-     3 1   15.79       0.000      0.1848E-01  0.1973E-01  0.3282E-01  0.6434E-02  0.4463E-01   15.67    
    5.5-     3 2   15.71       0.000      0.9533E-02  0.3724E-02  0.2620E-01  0.1316E-02  0.2051       15.47    
    5.5-     5 3   14.88       0.000      0.3749E-02  0.3461E-01  0.7800E-01  0.2284E-01  0.1760E-01   14.72    
    5.5-     5 4   15.43       0.000      0.1634E-01  0.3471E-01  0.1000      0.1988E-01  0.2311       15.03    
    5.5-     5 5   15.29       0.000      0.4703E-01  0.6967E-01  0.4443E-01  0.3413E-01  0.1531       14.94    
    5.5-     7 6   5.683       0.000      0.1666E-02  0.1138E-02  0.5167E-01  0.1326E-02  0.2257E-01   5.605    
    5.5-     7 7   6.402       0.000      0.7009E-02  0.2885E-01  0.2398E-01  0.3912E-01  0.3644E-01   6.266    
    5.5-     7 8   7.223       0.000      0.1652      0.2080E-01  0.7075E-02  0.3085E-01  0.9437E-02   6.990    
    5.5-     9 9  0.6408       0.000      0.3117E-06  0.2588E-03  0.1611E-02  0.6833E-03  0.1302E-02  0.6369    
    6.5+     4 1   17.61       0.000      0.9283E-02  0.6247E-02  0.5254E-01  0.4143E-02  0.2890E-01   17.51    
    6.5+     4 2   17.80       0.000      0.5110E-02  0.3313E-02  0.3628E-01  0.1288E-02  0.1483       17.60    
    6.5+     6 3   13.55       0.000      0.1940E-02  0.2258E-01  0.1485      0.1538E-01  0.1087E-01   13.35    
    6.5+     6 4   13.84       0.000      0.1114E-01  0.2046E-01  0.7203E-01  0.1412E-01  0.1907       13.53    
    6.5+     6 5   14.86       0.000      0.3501E-01  0.2998E-01  0.4093E-01  0.5772E-01  0.2038       14.49    
    6.5+     8 6   2.283       0.000      0.3824E-03  0.4329E-03  0.2002E-01  0.6067E-03  0.9062E-02   2.253    
    6.5+     8 7   2.473       0.000      0.2296E-02  0.8816E-02  0.9770E-02  0.1484E-01  0.1662E-01   2.421    
    6.5+     8 8   2.745       0.000      0.5002E-01  0.7243E-02  0.3002E-02  0.1296E-01  0.5433E-02   2.666    
    6.5+    10 9  0.2440       0.000      0.2851E-06  0.7896E-04  0.6102E-03  0.2566E-03  0.5172E-03  0.2425    
    6.5-     3 1   18.33       0.000      0.3914E-02  0.3293E-02  0.1832E-01  0.1043E-02  0.1509E-01   18.29    
    6.5-     5 2   17.36       0.000      0.8949E-02  0.1702E-01  0.7208E-01  0.9688E-02  0.5725E-01   17.20    
    6.5-     5 3   18.00       0.000      0.9141E-02  0.2555E-01  0.1323      0.1485E-01  0.1411       17.68    
    6.5-     5 4   17.83       0.000      0.3461E-02  0.2142E-01  0.5625E-01  0.1274E-01  0.2119       17.53    
    6.5-     7 5   6.631       0.000      0.6979E-02  0.8582E-02  0.8394E-01  0.9449E-02  0.1396E-01   6.508    
    6.5-     7 6   7.469       0.000      0.2168E-01  0.3175E-01  0.4876E-01  0.3842E-01  0.9104E-01   7.237    
    6.5-     7 7   8.427       0.000      0.1956E-02  0.4801E-01  0.1511E-01  0.6676E-01  0.5040E-01   8.245    
    6.5-     9 8  0.7476       0.000      0.1029E-02  0.7860E-04  0.3821E-02  0.2061E-03  0.2997E-02  0.7394    
    6.5-     9 9  0.7798       0.000      0.6444E-02  0.1117E-02  0.1447E-02  0.2667E-02  0.1682E-02  0.7665    
    7.5+     4 1   20.34       0.000      0.2601E-02  0.2186E-02  0.3095E-01  0.6259E-03  0.1303E-01   20.29    
    7.5+     6 2   15.49       0.000      0.4555E-02  0.9945E-02  0.4245E-01  0.5756E-02  0.4846E-01   15.38    
    7.5+     6 3   15.81       0.000      0.4426E-02  0.1640E-01  0.8865E-01  0.1068E-01  0.1124       15.58    
    7.5+     6 4   16.98       0.000      0.3019E-02  0.1713E-01  0.5007E-01  0.9853E-02  0.2920       16.61    
    7.5+     8 5   2.609       0.000      0.2078E-02  0.2885E-02  0.3051E-01  0.3929E-02  0.5206E-02   2.565    
    7.5+     8 6   2.827       0.000      0.5336E-02  0.9051E-02  0.1846E-01  0.1359E-01  0.3641E-01   2.744    
    7.5+     8 7   3.137       0.000      0.6569E-03  0.1560E-01  0.6198E-02  0.2624E-01  0.2514E-01   3.063    
    7.5+    10 8  0.2788       0.000      0.2895E-03  0.2066E-04  0.1381E-02  0.6686E-04  0.1116E-02  0.2760    
    7.5+    10 9  0.2850       0.000      0.1617E-02  0.3241E-03  0.5342E-03  0.9596E-03  0.6625E-03  0.2809    
    7.5-     5 1   20.57       0.000      0.6413E-02  0.1126E-01  0.9003E-01  0.5079E-02  0.2981E-01   20.43    
    7.5-     5 2   20.38       0.000      0.1976E-02  0.2520E-02  0.5646E-01  0.8017E-03  0.1422       20.18    
    7.5-     7 3   7.578       0.000      0.6466E-03  0.1119E-01  0.9464E-01  0.8551E-02  0.5714E-02   7.457    
    7.5-     7 4   8.535       0.000      0.5952E-02  0.1152E-01  0.7587E-01  0.9266E-02  0.1102       8.323    
    7.5-     7 5   9.631       0.000      0.1457E-01  0.4472E-01  0.2243E-01  0.5802E-01  0.1255       9.366    
    7.5-     9 6  0.8544       0.000      0.7956E-04  0.1458E-03  0.7080E-02  0.2542E-03  0.3259E-02  0.8436    
    7.5-     9 7  0.8912       0.000      0.6162E-03  0.2384E-02  0.3509E-02  0.5034E-02  0.6268E-02  0.8734    
    7.5-     9 8  0.9383       0.000      0.1137E-01  0.1938E-02  0.1060E-02  0.4506E-02  0.2053E-02  0.9174    
    7.5-    11 9  0.9100E-01   0.000      0.1444E-06  0.2377E-04  0.2242E-03  0.9430E-04  0.1987E-03  0.9046E-01
    8.5+     6 1   17.79       0.000      0.3610E-02  0.6584E-02  0.6007E-01  0.3420E-02  0.2850E-01   17.69    
    8.5+     6 2   19.10       0.000      0.1216E-02  0.2187E-02  0.4912E-01  0.5907E-03  0.1960       18.85    
    8.5+     8 3   2.935       0.000      0.1370E-03  0.3495E-02  0.3267E-01  0.3284E-02  0.2264E-02   2.894    
    8.5+     8 4   3.180       0.000      0.1668E-02  0.3515E-02  0.2719E-01  0.3611E-02  0.4129E-01   3.103    
    8.5+     8 5   3.529       0.000      0.4076E-02  0.1376E-01  0.8992E-02  0.2161E-01  0.5497E-01   3.426    
    8.5+    10 6  0.3137       0.000      0.1702E-04  0.4720E-04  0.2454E-02  0.1009E-03  0.1139E-02  0.3099    
    8.5+    10 7  0.3206       0.000      0.1668E-03  0.6516E-03  0.1232E-02  0.1702E-02  0.2289E-02  0.3146    
    8.5+    10 8  0.3289       0.000      0.2772E-02  0.5394E-03  0.3628E-03  0.1574E-02  0.7671E-03  0.3229    
    8.5+    12 9  0.3337E-01   0.000      0.5180E-07  0.7067E-05  0.8075E-04  0.3413E-04  0.7462E-04  0.3317E-01
    8.5-     5 1   22.93       0.000      0.9939E-03  0.9690E-03  0.4002E-01  0.2406E-03  0.5699E-02   22.88    
    8.5-     7 2   8.525       0.000      0.1927E-02  0.4519E-02  0.2157E-01  0.2990E-02  0.2936E-01   8.465    
    8.5-     7 3   9.602       0.000      0.1654E-02  0.8309E-02  0.8457E-01  0.5785E-02  0.6240E-01   9.440    
    8.5-     7 4   10.83       0.000      0.1326E-02  0.7552E-02  0.2686E-01  0.4958E-02  0.1572       10.64    
    8.5-     9 5  0.9612       0.000      0.5615E-03  0.8743E-03  0.1029E-01  0.1467E-02  0.1748E-02  0.9462    
    8.5-     9 6   1.003       0.000      0.1202E-02  0.2333E-02  0.6291E-02  0.4380E-02  0.1261E-01  0.9758    
    8.5-     9 7   1.056       0.000      0.1664E-03  0.4003E-02  0.2134E-02  0.8678E-02  0.8830E-02   1.032    
    8.5-    11 8  0.1024       0.000      0.8066E-04  0.5452E-05  0.4895E-03  0.2165E-04  0.4064E-03  0.1014    
    8.5-    11 9  0.1035       0.000      0.4138E-03  0.9419E-04  0.1925E-03  0.3425E-03  0.2534E-03  0.1022    
    9.5+     6 1   21.22       0.000      0.6169E-03  0.7102E-03  0.3395E-01  0.1320E-03  0.3945E-02   21.18    
    9.5+     8 2   3.262       0.000      0.5723E-03  0.1377E-02  0.7362E-02  0.1154E-02  0.1197E-01   3.239    
    9.5+     8 3   3.534       0.000      0.4159E-03  0.2535E-02  0.2918E-01  0.2206E-02  0.2436E-01   3.475    
    9.5+     8 4   3.921       0.000      0.3864E-03  0.2334E-02  0.1064E-01  0.1911E-02  0.6199E-01   3.844    
    9.5+    10 5  0.3486       0.000      0.1487E-03  0.2585E-03  0.3441E-02  0.5304E-03  0.5779E-03  0.3436    
    9.5+    10 6  0.3563       0.000      0.2765E-03  0.6130E-03  0.2124E-02  0.1422E-02  0.4309E-02  0.3475    
    9.5+    10 7  0.3654       0.000      0.4250E-04  0.1072E-02  0.7159E-03  0.2907E-02  0.3111E-02  0.3576    
    9.5+    12 8  0.3708E-01   0.000      0.2225E-04  0.1442E-05  0.1714E-03  0.7018E-05  0.1458E-03  0.3673E-01
    9.5+    12 9  0.3730E-01   0.000      0.1070E-03  0.2730E-04  0.6826E-04  0.1214E-03  0.9499E-04  0.3688E-01
    9.5-     7 1   10.67       0.000      0.1510E-02  0.3045E-02  0.3077E-01  0.1796E-02  0.1748E-01   10.61    
    9.5-     7 2   12.04       0.000      0.4872E-03  0.1017E-02  0.2613E-01  0.2989E-03  0.1047       11.91    
    9.5-     9 3   1.068       0.000      0.2778E-04  0.9985E-03  0.1059E-01  0.1144E-02  0.8250E-03   1.054    
    9.5-     9 4   1.114       0.000      0.4195E-03  0.9609E-03  0.8891E-02  0.1253E-02  0.1384E-01   1.089    
    9.5-     9 5   1.173       0.000      0.9735E-03  0.3421E-02  0.3044E-02  0.6864E-02  0.1850E-01   1.140    
    9.5-    11 6  0.1138       0.000      0.3724E-05  0.1486E-04  0.8425E-03  0.3883E-04  0.3929E-03  0.1125    
    9.5-    11 7  0.1150       0.000      0.4545E-04  0.1799E-03  0.4272E-03  0.5772E-03  0.8242E-03  0.1130    
    9.5-    11 8  0.1165       0.000      0.7027E-03  0.1532E-03  0.1230E-03  0.5513E-03  0.2840E-03  0.1147    
    9.5-    13 9  0.1206E-01   0.000      0.1588E-07  0.2078E-05  0.2869E-04  0.1222E-04  0.2758E-04  0.1199E-01
   10.5+     8 1   3.887       0.000      0.4442E-03  0.9521E-03  0.1116E-01  0.7245E-03  0.7342E-02   3.866    
   10.5+     8 2   4.314       0.000      0.1488E-03  0.3321E-03  0.1039E-01  0.1153E-03  0.4163E-01   4.261    
   10.5+    10 3  0.3834       0.000      0.5731E-05  0.2809E-03  0.3433E-02  0.3893E-03  0.2946E-03  0.3790    
   10.5+    10 4  0.3919       0.000      0.1056E-03  0.2633E-03  0.2909E-02  0.4289E-03  0.4599E-02  0.3836    
   10.5+    10 5  0.4020       0.000      0.2363E-03  0.8892E-03  0.1007E-02  0.2220E-02  0.6261E-02  0.3914    
   10.5+    12 6  0.4078E-01   0.000      0.8271E-06  0.4580E-05  0.2874E-03  0.1459E-04  0.1348E-03  0.4034E-01
   10.5+    12 7  0.4102E-01   0.000      0.1238E-04  0.4994E-04  0.1470E-03  0.1960E-03  0.2941E-03  0.4033E-01
   10.5+    12 8  0.4129E-01   0.000      0.1813E-03  0.4378E-04  0.4152E-04  0.1928E-03  0.1040E-03  0.4073E-01
   10.5+    14 9  0.4308E-02   0.000      0.4550E-08  0.6060E-06  0.1009E-04  0.4341E-05  0.1008E-04  0.4283E-02
   10.5-     7 1   13.24       0.000      0.2567E-03  0.3310E-03  0.1822E-01  0.7375E-04  0.2182E-02   13.22    
   10.5-     9 2   1.175       0.000      0.1535E-03  0.3882E-03  0.2341E-02  0.4062E-03  0.4412E-02   1.167    
   10.5-     9 3   1.225       0.000      0.9458E-04  0.6952E-03  0.9261E-02  0.7490E-03  0.8427E-02   1.206    
   10.5-     9 4   1.290       0.000      0.9318E-04  0.6148E-03  0.3572E-02  0.6321E-03  0.2096E-01   1.264    
   10.5-    11 5  0.1251       0.000      0.3909E-04  0.7551E-04  0.1148E-02  0.1886E-03  0.1908E-03  0.1235    
   10.5-    11 6  0.1266       0.000      0.6501E-04  0.1640E-03  0.7151E-03  0.4671E-03  0.1472E-02  0.1237    
   10.5-    11 7  0.1282       0.000      0.1099E-04  0.2947E-03  0.2388E-03  0.9832E-03  0.1098E-02  0.1255    
   10.5-    13 8  0.1327E-01   0.000      0.6085E-05  0.3827E-06  0.5946E-04  0.2280E-05  0.5186E-04  0.1315E-01
   10.5-    13 9  0.1331E-01   0.000      0.2777E-04  0.7883E-05  0.2392E-04  0.4275E-04  0.3508E-04  0.1317E-01
   11.5+     8 1   4.706       0.000      0.7875E-04  0.1141E-03  0.7524E-02  0.3248E-04  0.9197E-03   4.697    
   11.5+    10 2  0.4183       0.000      0.4024E-04  0.1084E-03  0.7391E-03  0.1401E-03  0.1582E-02  0.4157    
   11.5+    10 3  0.4275       0.000      0.2160E-04  0.1898E-03  0.2957E-02  0.2499E-03  0.2861E-02  0.4212    
   11.5+    10 4  0.4385       0.000      0.2244E-04  0.1626E-03  0.1173E-02  0.2057E-03  0.7024E-02  0.4299    
   11.5+    12 5  0.4449E-01   0.000      0.1024E-04  0.2187E-04  0.3825E-03  0.6635E-04  0.6321E-04  0.4395E-01
   11.5+    12 6  0.4475E-01   0.000      0.1555E-04  0.4435E-04  0.2402E-03  0.1546E-03  0.5034E-03  0.4380E-01
   11.5+    12 7  0.4504E-01   0.000      0.2862E-05  0.8183E-04  0.7958E-04  0.3339E-03  0.3865E-03  0.4416E-01
   11.5+    14 8  0.4700E-02   0.000      0.1652E-05  0.1020E-06  0.2050E-04  0.7445E-06  0.1834E-04  0.4658E-02
   11.5+    14 9  0.4707E-02   0.000      0.7231E-05  0.2269E-05  0.8309E-05  0.1499E-04  0.1280E-04  0.4661E-02
   11.5-     9 1   1.337       0.000      0.1153E-03  0.2662E-03  0.3621E-02  0.2574E-03  0.2691E-02   1.330    
   11.5-     9 2   1.407       0.000      0.3864E-04  0.9042E-04  0.3497E-02  0.3806E-04  0.1417E-01   1.390    
   11.5-    11 3  0.1365       0.000      0.1207E-05  0.7871E-04  0.1116E-02  0.1316E-03  0.1044E-03  0.1351    
   11.5-    11 4  0.1381       0.000      0.2680E-04  0.7270E-04  0.9555E-03  0.1468E-03  0.1534E-02  0.1353    
   11.5-    11 5  0.1398       0.000      0.5840E-04  0.2378E-03  0.3322E-03  0.7290E-03  0.2133E-02  0.1363    
   11.5-    13 6  0.1447E-01   0.000      0.1859E-06  0.1389E-05  0.9758E-04  0.5392E-05  0.4618E-04  0.1432E-01
   11.5-    13 7  0.1452E-01   0.000      0.3360E-05  0.1390E-04  0.5026E-04  0.6662E-04  0.1042E-03  0.1428E-01
   11.5-    13 8  0.1457E-01   0.000      0.4714E-04  0.1251E-04  0.1399E-04  0.6727E-04  0.3775E-04  0.1439E-01
   11.5-    15 9  0.1523E-02   0.000      0.1279E-08  0.1756E-06  0.3522E-05  0.1534E-05  0.3656E-05  0.1514E-02
   12.5+    10 1  0.4631       0.000      0.2938E-04  0.7363E-04  0.1159E-02  0.8893E-04  0.9573E-03  0.4608    
   12.5+    10 2  0.4750       0.000      0.9829E-05  0.2426E-04  0.1151E-02  0.1240E-04  0.4763E-02  0.4691    
   12.5+    12 3  0.4820E-01   0.000      0.2590E-06  0.2202E-04  0.3642E-03  0.4439E-04  0.3684E-04  0.4773E-01
   12.5+    12 4  0.4848E-01   0.000      0.6834E-05  0.2018E-04  0.3145E-03  0.5024E-04  0.5141E-03  0.4758E-01
   12.5+    12 5  0.4880E-01   0.000      0.1460E-04  0.6452E-04  0.1097E-03  0.2414E-03  0.7291E-03  0.4764E-01
   12.5+    14 6  0.5091E-02   0.000      0.4232E-07  0.4162E-06  0.3304E-04  0.1970E-05  0.1582E-04  0.5040E-02
   12.5+    14 7  0.5099E-02   0.000      0.9086E-06  0.3876E-05  0.1711E-04  0.2266E-04  0.3673E-04  0.5018E-02
   12.5+    14 8  0.5108E-02   0.000      0.1229E-04  0.3571E-05  0.4705E-05  0.2341E-04  0.1360E-04  0.5050E-02
   12.5+    16 9  0.5338E-03   0.000      0.3560E-09  0.5065E-07  0.1220E-05  0.5399E-06  0.1315E-05  0.5306E-03
   12.5-     9 1   1.525       0.000      0.2017E-04  0.3275E-04  0.2621E-02  0.1177E-04  0.3227E-03   1.522    
   12.5-    11 2  0.1479       0.000      0.1049E-04  0.3029E-04  0.2341E-03  0.4802E-04  0.5604E-03  0.1470    
   12.5-    11 3  0.1496       0.000      0.5013E-05  0.5204E-04  0.9516E-03  0.8335E-04  0.9693E-03  0.1475    
   12.5-    11 4  0.1515       0.000      0.5475E-05  0.4356E-04  0.3847E-03  0.6713E-04  0.2362E-02  0.1486    
   12.5-    13 5  0.1568E-01   0.000      0.2674E-05  0.6290E-05  0.1274E-03  0.2320E-04  0.2104E-04  0.1550E-01
   12.5-    13 6  0.1573E-01   0.000      0.3767E-05  0.1209E-04  0.8054E-04  0.5144E-04  0.1723E-03  0.1541E-01
   12.5-    13 7  0.1578E-01   0.000      0.7483E-06  0.2282E-04  0.2652E-04  0.1136E-03  0.1357E-03  0.1548E-01
   12.5-    15 8  0.1650E-02   0.000      0.4460E-06  0.2734E-07  0.7035E-05  0.2446E-06  0.6461E-05  0.1636E-02
   12.5-    15 9  0.1651E-02   0.000      0.1886E-05  0.6510E-06  0.2869E-05  0.5240E-05  0.4627E-05  0.1636E-02
   13.5+    10 1  0.5116       0.000      0.5035E-05  0.9123E-05  0.8835E-03  0.4061E-05  0.1090E-03  0.5106    
   13.5+    12 2  0.5191E-01   0.000      0.2729E-05  0.8474E-05  0.7451E-04  0.1644E-04  0.1970E-03  0.5161E-01
   13.5+    12 3  0.5221E-01   0.000      0.1182E-05  0.1433E-04  0.3080E-03  0.2786E-04  0.3289E-03  0.5153E-01
   13.5+    12 4  0.5255E-01   0.000      0.1352E-05  0.1177E-04  0.1264E-03  0.2205E-04  0.7971E-03  0.5159E-01
   13.5+    14 5  0.5483E-02   0.000      0.6977E-06  0.1800E-05  0.4242E-04  0.8079E-05  0.7038E-05  0.5423E-02
   13.5+    14 6  0.5492E-02   0.000      0.9221E-06  0.3312E-05  0.2697E-04  0.1720E-04  0.5896E-04  0.5384E-02
   13.5+    14 7  0.5501E-02   0.000      0.1962E-06  0.6377E-05  0.8842E-05  0.3869E-04  0.4753E-04  0.5399E-02
   13.5+    16 8  0.5748E-03   0.000      0.1200E-06  0.7355E-08  0.2403E-05  0.8087E-07  0.2266E-05  0.5700E-03
   13.5+    16 9  0.5751E-03   0.000      0.4924E-06  0.1863E-06  0.9862E-06  0.1826E-05  0.1661E-05  0.5699E-03
   13.5-    11 1  0.1611       0.000      0.7483E-05  0.2040E-04  0.3715E-03  0.3051E-04  0.3374E-03  0.1603    
   13.5-    11 2  0.1631       0.000      0.2503E-05  0.6543E-05  0.3779E-03  0.4098E-05  0.1604E-02  0.1611    
   13.5-    13 3  0.1689E-01   0.000      0.5648E-07  0.6154E-05  0.1191E-03  0.1499E-04  0.1298E-04  0.1673E-01
   13.5-    13 4  0.1694E-01   0.000      0.1749E-05  0.5623E-05  0.1037E-03  0.1720E-04  0.1731E-03  0.1664E-01
   13.5-    13 5  0.1699E-01   0.000      0.3680E-05  0.1763E-04  0.3629E-04  0.8039E-04  0.2496E-03  0.1661E-01
   13.5-    15 6  0.1777E-02   0.000      0.9745E-08  0.1235E-06  0.1116E-04  0.7129E-06  0.5416E-05  0.1759E-02
   13.5-    15 7  0.1778E-02   0.000      0.2448E-06  0.1082E-05  0.5807E-05  0.7713E-05  0.1289E-04  0.1751E-02
   13.5-    15 8  0.1780E-02   0.000      0.3213E-05  0.1017E-05  0.1580E-05  0.8134E-05  0.4869E-05  0.1761E-02
   13.5-    17 9  0.1857E-03   0.000      0.9765E-10  0.1456E-07  0.4204E-06  0.1891E-06  0.4700E-06  0.1846E-03
   14.5+    12 1  0.5594E-01   0.000      0.1911E-05  0.5669E-05  0.1196E-03  0.1044E-04  0.1184E-03  0.5569E-01
   14.5+    12 2  0.5631E-01   0.000      0.6399E-06  0.1778E-05  0.1243E-03  0.1375E-05  0.5417E-03  0.5564E-01
   14.5+    14 3  0.5875E-02   0.000      0.1252E-07  0.1720E-05  0.3907E-04  0.5074E-05  0.4568E-05  0.5824E-02
   14.5+    14 4  0.5884E-02   0.000      0.4492E-06  0.1570E-05  0.3423E-04  0.5889E-05  0.5842E-04  0.5783E-02
   14.5+    14 5  0.5894E-02   0.000      0.9327E-06  0.4842E-05  0.1202E-04  0.2688E-04  0.8556E-04  0.5763E-02
   14.5+    16 6  0.6159E-03   0.000      0.2269E-08  0.3638E-07  0.3763E-05  0.2561E-06  0.1853E-05  0.6100E-03
   14.5+    16 7  0.6161E-03   0.000      0.6574E-07  0.3022E-06  0.1967E-05  0.2628E-05  0.4506E-05  0.6067E-03
   14.5+    16 8  0.6164E-03   0.000      0.8406E-06  0.2894E-06  0.5294E-06  0.2821E-05  0.1734E-05  0.6102E-03
   14.5+    18 9  0.6418E-04   0.000      0.2689E-10  0.4172E-08  0.1442E-06  0.6599E-07  0.1670E-06  0.6380E-04
   14.5-    11 1  0.1748       0.000      0.1260E-05  0.2532E-05  0.2954E-03  0.1392E-05  0.3665E-04  0.1744    
   14.5-    13 2  0.1809E-01   0.000      0.7103E-06  0.2373E-05  0.2385E-04  0.5633E-05  0.6900E-04  0.1799E-01
   14.5-    13 3  0.1815E-01   0.000      0.2828E-06  0.3962E-05  0.1001E-03  0.9332E-05  0.1118E-03  0.1792E-01
   14.5-    13 4  0.1821E-01   0.000      0.3375E-06  0.3203E-05  0.4164E-04  0.7284E-05  0.2698E-03  0.1789E-01
   14.5-    15 5  0.1904E-02   0.000      0.1820E-06  0.5137E-06  0.1413E-04  0.2806E-05  0.2361E-05  0.1884E-02
   14.5-    15 6  0.1905E-02   0.000      0.2277E-06  0.9113E-06  0.9025E-05  0.5768E-05  0.2018E-04  0.1869E-02
   14.5-    15 7  0.1907E-02   0.000      0.5147E-07  0.1784E-05  0.2947E-05  0.1320E-04  0.1661E-04  0.1872E-02
   14.5-    17 8  0.1989E-03   0.000      0.3217E-07  0.1985E-08  0.8176E-06  0.2693E-07  0.7915E-06  0.1973E-03
   14.5-    17 9  0.1990E-03   0.000      0.1287E-06  0.5314E-07  0.3380E-06  0.6355E-06  0.5931E-06  0.1972E-03
   15.5+    12 1  0.6006E-01   0.000      0.3173E-06  0.7041E-06  0.9852E-04  0.4783E-06  0.1236E-04  0.5995E-01
   15.5+    14 2  0.6266E-02   0.000      0.1850E-06  0.6653E-06  0.7678E-05  0.1933E-05  0.2412E-04  0.6232E-02
   15.5+    14 3  0.6276E-02   0.000      0.6840E-07  0.1098E-05  0.3264E-04  0.3133E-05  0.3804E-04  0.6201E-02
   15.5+    14 4  0.6287E-02   0.000      0.8484E-07  0.8756E-06  0.1375E-04  0.2419E-05  0.9157E-04  0.6178E-02
   15.5+    16 5  0.6569E-03   0.000      0.4746E-07  0.1462E-06  0.4705E-05  0.9717E-06  0.7934E-06  0.6503E-03
   15.5+    16 6  0.6572E-03   0.000      0.5658E-07  0.2514E-06  0.3019E-05  0.1941E-05  0.6907E-05  0.6450E-03
   15.5+    16 7  0.6575E-03   0.000      0.1350E-07  0.4993E-06  0.9811E-06  0.4503E-05  0.5792E-05  0.6457E-03
   15.5+    18 8  0.6846E-04   0.000      0.8600E-08  0.5369E-09  0.2774E-06  0.9044E-08  0.2757E-06  0.6789E-04
   15.5+    18 9  0.6847E-04   0.000      0.3365E-07  0.1513E-07  0.1155E-06  0.2209E-06  0.2110E-06  0.6787E-04
   15.5-    13 1  0.1936E-01   0.000      0.4895E-06  0.1579E-05  0.3868E-04  0.3571E-05  0.4139E-04  0.1927E-01
   15.5-    13 2  0.1942E-01   0.000      0.1641E-06  0.4867E-06  0.4098E-04  0.4645E-06  0.1834E-03  0.1920E-01
   15.5-    15 3  0.2031E-02   0.000      0.2815E-08  0.4810E-06  0.1285E-04  0.1719E-05  0.1604E-05  0.2014E-02
   15.5-    15 4  0.2032E-02   0.000      0.1156E-06  0.4392E-06  0.1131E-04  0.2016E-05  0.1976E-04  0.1999E-02
   15.5-    15 5  0.2034E-02   0.000      0.2374E-06  0.1334E-05  0.3985E-05  0.9022E-05  0.2936E-04  0.1990E-02
   15.5-    17 6  0.2122E-03   0.000      0.5339E-09  0.1064E-07  0.1266E-05  0.9147E-07  0.6334E-06  0.2102E-03
   15.5-    17 7  0.2123E-03   0.000      0.1760E-07  0.8442E-07  0.6652E-06  0.8961E-06  0.1573E-05  0.2090E-03
   15.5-    17 8  0.2123E-03   0.000      0.2201E-06  0.8220E-07  0.1771E-06  0.9760E-06  0.6140E-06  0.2102E-03
   15.5-    19 9  0.2206E-04   0.000      0.7565E-11  0.1193E-08  0.4934E-07  0.2297E-07  0.5914E-07  0.2192E-04
   16.5+    14 1  0.6668E-02   0.000      0.1258E-06  0.4404E-06  0.1255E-04  0.1220E-05  0.1443E-04  0.6639E-02
   16.5+    14 2  0.6680E-02   0.000      0.4223E-07  0.1339E-06  0.1354E-04  0.1567E-06  0.6225E-04  0.6603E-02
   16.5+    16 3  0.6980E-03   0.000      0.6408E-09  0.1346E-06  0.4230E-05  0.5822E-06  0.5615E-06  0.6925E-03
   16.5+    16 4  0.6983E-03   0.000      0.2982E-07  0.1229E-06  0.3745E-05  0.6905E-06  0.6698E-05  0.6870E-03
   16.5+    16 5  0.6986E-03   0.000      0.6067E-07  0.3684E-06  0.1321E-05  0.3035E-05  0.1007E-04  0.6837E-03
   16.5+    18 6  0.7274E-04   0.000      0.1266E-09  0.3097E-08  0.4251E-06  0.3251E-07  0.2166E-06  0.7206E-04
   16.5+    18 7  0.7274E-04   0.000      0.4705E-08  0.2359E-07  0.2247E-06  0.3060E-06  0.5486E-06  0.7164E-04
   16.5+    18 8  0.7275E-04   0.000      0.5767E-07  0.2332E-07  0.5924E-07  0.3371E-06  0.2166E-06  0.7206E-04
   16.5+    20 9  0.7543E-05   0.000      0.2083E-11  0.3401E-09  0.1684E-07  0.7984E-08  0.2089E-07  0.7497E-05
   16.5-    13 1  0.2064E-01   0.000      0.8042E-07  0.1963E-06  0.3286E-04  0.1642E-06  0.4186E-05  0.2060E-01
   16.5-    15 2  0.2158E-02   0.000      0.4822E-07  0.1868E-06  0.2483E-05  0.6629E-06  0.8416E-05  0.2146E-02
   16.5-    15 3  0.2159E-02   0.000      0.1670E-07  0.3049E-06  0.1068E-04  0.1054E-05  0.1295E-04  0.2134E-02
   16.5-    15 4  0.2161E-02   0.000      0.2144E-07  0.2403E-06  0.4544E-05  0.8057E-06  0.3115E-04  0.2124E-02
   16.5-    17 5  0.2255E-03   0.000      0.1237E-07  0.4152E-07  0.1566E-05  0.3355E-06  0.2675E-06  0.2233E-03
   16.5-    17 6  0.2255E-03   0.000      0.1415E-07  0.6950E-07  0.1010E-05  0.6549E-06  0.2367E-05  0.2214E-03
   16.5-    17 7  0.2256E-03   0.000      0.3545E-08  0.1398E-06  0.3264E-06  0.1536E-05  0.2014E-05  0.2216E-03
   16.5-    19 8  0.2344E-04   0.000      0.2294E-08  0.1458E-09  0.9395E-07  0.3056E-08  0.9592E-07  0.2324E-04
   16.5-    19 9  0.2344E-04   0.000      0.8805E-08  0.4301E-08  0.3938E-07  0.7668E-07  0.7480E-07  0.2323E-04
   17.5+    14 1  0.7072E-02   0.000      0.2045E-07  0.5481E-07  0.1096E-04  0.5602E-07  0.1419E-05  0.7060E-02
   17.5+    16 2  0.7391E-03   0.000      0.1257E-07  0.5246E-07  0.8058E-06  0.2271E-06  0.2930E-05  0.7350E-03
   17.5+    16 3  0.7394E-03   0.000      0.4107E-08  0.8474E-07  0.3501E-05  0.3555E-06  0.4415E-05  0.7310E-03
   17.5+    16 4  0.7397E-03   0.000      0.5442E-08  0.6616E-07  0.1502E-05  0.2689E-06  0.1061E-04  0.7272E-03
   17.5+    18 5  0.7701E-04   0.000      0.3227E-08  0.1177E-07  0.5210E-06  0.1156E-06  0.9051E-07  0.7627E-04
   17.5+    18 6  0.7702E-04   0.000      0.3555E-08  0.1924E-07  0.3380E-06  0.2216E-06  0.8121E-06  0.7563E-04
   17.5+    18 7  0.7703E-04   0.000      0.9356E-09  0.3916E-07  0.1086E-06  0.5237E-06  0.6993E-06  0.7566E-04
   17.5+    20 8  0.7986E-05   0.000      0.6112E-09  0.3974E-10  0.3178E-07  0.1034E-08  0.3334E-07  0.7920E-05
   17.5+    20 9  0.7987E-05   0.000      0.2304E-08  0.1222E-08  0.1339E-07  0.2657E-07  0.2642E-07  0.7917E-05
   17.5-    15 1  0.2286E-02   0.000      0.3240E-07  0.1230E-06  0.4087E-05  0.4167E-06  0.5018E-05  0.2277E-02
   17.5-    15 2  0.2288E-02   0.000      0.1090E-07  0.3695E-07  0.4478E-05  0.5274E-07  0.2117E-04  0.2263E-02
   17.5-    17 3  0.2387E-03   0.000      0.1471E-09  0.3765E-07  0.1394E-05  0.1971E-06  0.1962E-06  0.2369E-03
   17.5-    17 4  0.2388E-03   0.000      0.7705E-08  0.3441E-07  0.1241E-05  0.2368E-06  0.2276E-05  0.2350E-03
   17.5-    17 5  0.2388E-03   0.000      0.1554E-07  0.1019E-06  0.4376E-06  0.1022E-05  0.3454E-05  0.2338E-03
   17.5-    19 6  0.2481E-04   0.000      0.2993E-10  0.8974E-09  0.1426E-06  0.1151E-07  0.7413E-07  0.2459E-04
   17.5-    19 7  0.2482E-04   0.000      0.1256E-08  0.6596E-08  0.7580E-07  0.1045E-06  0.1911E-06  0.2444E-04
   17.5-    19 8  0.2482E-04   0.000      0.1511E-07  0.6608E-08  0.1981E-07  0.1163E-06  0.7623E-07  0.2458E-04
   17.5-    21 9  0.2568E-05   0.000      0.5104E-12  0.9686E-10  0.5732E-08  0.2771E-08  0.7360E-08  0.2552E-05
   18.5+    16 1  0.7804E-03   0.000      0.8361E-08  0.3436E-07  0.1336E-05  0.1425E-06  0.1742E-05  0.7772E-03
   18.5+    16 2  0.7808E-03   0.000      0.2817E-08  0.1022E-07  0.1481E-05  0.1779E-07  0.7208E-05  0.7721E-03
   18.5+    18 3  0.8129E-04   0.000      0.3373E-10  0.1053E-07  0.4596E-06  0.6675E-07  0.6851E-07  0.8069E-04
   18.5+    18 4  0.8130E-04   0.000      0.1994E-08  0.9636E-08  0.4117E-06  0.8130E-07  0.7752E-06  0.8002E-04
   18.5+    18 5  0.8131E-04   0.000      0.3992E-08  0.2825E-07  0.1451E-06  0.3446E-06  0.1184E-05  0.7961E-04
   18.5+    20 6  0.8430E-05   0.000      0.6934E-11  0.2592E-09  0.4786E-07  0.4058E-08  0.2539E-07  0.8353E-05
   18.5+    20 7  0.8430E-05   0.000      0.3346E-09  0.1846E-08  0.2553E-07  0.3571E-07  0.6642E-07  0.8301E-05
   18.5+    20 8  0.8431E-05   0.000      0.3963E-08  0.1871E-08  0.6628E-08  0.4007E-07  0.2677E-07  0.8351E-05
   18.5+    22 9  0.8707E-06   0.000      0.1026E-12  0.2756E-10  0.1947E-08  0.9599E-09  0.2588E-08  0.8652E-06
   18.5-    15 1  0.2415E-02   0.000      0.5209E-08  0.1531E-07  0.3656E-05  0.1901E-07  0.4806E-06  0.2411E-02
   18.5-    17 2  0.2520E-03   0.000      0.3281E-08  0.1473E-07  0.2621E-06  0.7773E-07  0.1017E-05  0.2506E-03
   18.5-    17 3  0.2521E-03   0.000      0.1017E-08  0.2357E-07  0.1151E-05  0.1203E-06  0.1508E-05  0.2493E-03
   18.5-    17 4  0.2521E-03   0.000      0.1390E-08  0.1825E-07  0.4966E-06  0.8990E-07  0.3612E-05  0.2479E-03
   18.5-    19 5  0.2619E-04   0.000      0.8425E-09  0.3333E-08  0.1734E-06  0.3978E-07  0.3071E-07  0.2594E-04
   18.5-    19 6  0.2619E-04   0.000      0.8974E-09  0.5339E-08  0.1130E-06  0.7510E-07  0.2788E-06  0.2572E-04
   18.5-    19 7  0.2620E-04   0.000      0.2490E-09  0.1097E-07  0.3617E-07  0.1786E-06  0.2425E-06  0.2573E-04
   18.5-    21 8  0.2711E-05   0.000      0.1629E-09  0.1087E-10  0.1073E-07  0.3487E-09  0.1158E-07  0.2688E-05
   18.5-    21 9  0.2711E-05   0.000      0.6019E-09  0.3468E-09  0.4539E-08  0.9192E-08  0.9301E-08  0.2687E-05
   19.5+    16 1  0.8219E-03   0.000      0.1331E-08  0.4274E-08  0.1218E-05  0.6458E-08  0.1627E-06  0.8205E-03
   19.5+    18 2  0.8557E-04   0.000      0.8577E-09  0.4138E-08  0.8550E-07  0.2662E-07  0.3525E-06  0.8510E-04
   19.5+    18 3  0.8558E-04   0.000      0.2535E-09  0.6565E-08  0.3790E-06  0.4081E-07  0.5158E-06  0.8464E-04
   19.5+    18 4  0.8559E-04   0.000      0.3584E-09  0.5043E-08  0.1644E-06  0.3014E-07  0.1231E-05  0.8416E-04
   19.5+    20 5  0.8874E-05   0.000      0.2205E-09  0.9427E-09  0.5773E-07  0.1369E-07  0.1043E-07  0.8791E-05
   19.5+    20 6  0.8874E-05   0.000      0.2272E-09  0.1484E-08  0.3779E-07  0.2548E-07  0.9567E-07  0.8713E-05
   19.5+    20 7  0.8874E-05   0.000      0.6686E-10  0.3075E-08  0.1205E-07  0.6093E-07  0.8409E-07  0.8714E-05
   19.5+    22 8  0.9165E-06   0.000      0.4344E-10  0.2973E-11  0.3619E-08  0.1174E-09  0.4017E-08  0.9087E-06
   19.5+    22 9  0.9165E-06   0.000      0.1570E-09  0.9827E-10  0.1537E-08  0.3175E-08  0.3266E-08  0.9083E-06
   19.5-    17 1  0.2653E-03   0.000      0.2160E-08  0.9605E-08  0.4379E-06  0.4878E-07  0.6047E-06  0.2642E-03
   19.5-    17 2  0.2654E-03   0.000      0.7292E-09  0.2831E-08  0.4901E-06  0.6036E-08  0.2454E-05  0.2624E-03
   19.5-    19 3  0.2757E-04   0.000      0.7668E-11  0.2947E-08  0.1517E-06  0.2265E-07  0.2391E-07  0.2737E-04
   19.5-    19 4  0.2757E-04   0.000      0.5161E-09  0.2701E-08  0.1367E-06  0.2792E-07  0.2644E-06  0.2714E-04
   19.5-    19 5  0.2757E-04   0.000      0.1028E-08  0.7841E-08  0.4819E-07  0.1164E-06  0.4063E-06  0.2699E-04
   19.5-    21 6  0.2853E-05   0.000      0.1562E-11  0.7468E-10  0.1605E-07  0.1425E-08  0.8698E-08  0.2827E-05
   19.5-    21 7  0.2853E-05   0.000      0.8882E-10  0.5170E-09  0.8589E-08  0.1219E-07  0.2305E-07  0.2809E-05
   19.5-    21 8  0.2853E-05   0.000      0.1041E-08  0.5295E-09  0.2215E-08  0.1381E-07  0.9384E-08  0.2826E-05
   19.5-    23 9  0.2942E-06   0.000      0.1634E-13  0.7840E-11  0.6599E-09  0.3319E-09  0.9078E-09  0.2923E-06
   20.5+    18 1  0.8986E-04   0.000      0.5582E-09  0.2687E-08  0.1439E-06  0.1673E-07  0.2099E-06  0.8949E-04
   20.5+    18 2  0.8987E-04   0.000      0.1891E-09  0.7860E-09  0.1623E-06  0.2058E-08  0.8358E-06  0.8887E-04
   20.5+    20 3  0.9318E-05   0.000      0.1723E-11  0.8250E-09  0.5016E-07  0.7699E-08  0.8332E-08  0.9251E-05
   20.5+    20 4  0.9318E-05   0.000      0.1334E-09  0.7575E-09  0.4539E-07  0.9582E-08  0.9019E-07  0.9172E-05
   20.5+    20 5  0.9318E-05   0.000      0.2653E-09  0.2179E-08  0.1601E-07  0.3934E-07  0.1395E-06  0.9121E-05
   20.5+    22 6  0.9624E-06   0.000      0.3450E-12  0.2145E-10  0.5376E-08  0.4984E-09  0.2979E-08  0.9535E-06
   20.5+    22 7  0.9624E-06   0.000      0.2347E-10  0.1447E-09  0.2886E-08  0.4162E-08  0.7993E-08  0.9472E-06
   20.5+    22 8  0.9624E-06   0.000      0.2737E-09  0.1498E-09  0.7428E-09  0.4752E-08  0.3284E-08  0.9532E-06
   20.5+    24 9  0.9906E-07   0.000      0.2115E-14  0.2232E-11  0.2231E-09  0.1147E-09  0.3179E-09  0.9840E-07
   20.5-    17 1  0.2786E-03   0.000      0.3423E-09  0.1194E-08  0.4058E-06  0.2202E-08  0.5519E-07  0.2782E-03
   20.5-    19 2  0.2895E-04   0.000      0.2249E-09  0.1162E-08  0.2796E-07  0.9130E-08  0.1221E-06  0.2879E-04
   20.5-    19 3  0.2895E-04   0.000      0.6352E-10  0.1831E-08  0.1250E-06  0.1386E-07  0.1765E-06  0.2863E-04
   20.5-    19 4  0.2895E-04   0.000      0.9333E-10  0.1396E-08  0.5451E-07  0.1014E-07  0.4200E-06  0.2847E-04
   20.5-    21 5  0.2996E-05   0.000      0.5782E-10  0.2665E-09  0.1923E-07  0.4707E-08  0.3542E-08  0.2968E-05
   20.5-    21 6  0.2996E-05   0.000      0.5761E-10  0.4130E-09  0.1263E-07  0.8645E-08  0.3282E-07  0.2941E-05
   20.5-    21 7  0.2996E-05   0.000      0.1804E-10  0.8620E-09  0.4016E-08  0.2080E-07  0.2914E-07  0.2941E-05
   20.5-    23 8  0.3089E-06   0.000      0.1159E-10  0.8091E-12  0.1219E-08  0.3960E-10  0.1393E-08  0.3062E-06
   20.5-    23 9  0.3089E-06   0.000      0.4088E-10  0.2778E-10  0.5194E-09  0.1095E-08  0.1146E-08  0.3061E-06
