# For Channel #  1: l = 0, j =  0.5, c#  1;  k,eta =   0.23211   0.00000
    0.900   0.448705       0.364115       0.811480      -0.232107       0   0.811480    
    1.000   0.523754       0.415264       0.792862      -0.232107       0   0.792862    
    1.100   0.587974       0.455487       0.774671      -0.232107       0   0.774671    
    1.200   0.641427       0.485494       0.756897      -0.232107       0   0.756897    
    1.300   0.685082       0.506640       0.739531      -0.232107       0   0.739531    
    1.400   0.720297       0.520460       0.722564      -0.232107       0   0.722564    
    1.500   0.748498       0.528429       0.705986      -0.232107       0   0.705986    
    1.600   0.771009       0.531833       0.689788      -0.232107       0   0.689788    
    1.700   0.788976       0.531740       0.673962      -0.232107       0   0.673962    
    1.800   0.803354       0.529008       0.658499      -0.232107       0   0.658499    
    1.900   0.814911       0.524306       0.643391      -0.232107       0   0.643391    
    2.000   0.824258       0.518153       0.628629      -0.232107       0   0.628629    
    2.100   0.831874       0.510942       0.614207      -0.232107       0   0.614207    
    2.200   0.838130       0.502974       0.600115      -0.232107       0   0.600115    
    2.300   0.843316       0.494475       0.586346      -0.232107       0   0.586346    
    2.400   0.847652       0.485614       0.572893      -0.232107       0   0.572893    
    2.500   0.851310       0.476520       0.559749      -0.232107       0   0.559749    
    2.600   0.854424       0.467290       0.546907      -0.232107       0   0.546907    
    2.700   0.857096       0.457996       0.534359      -0.232107       0   0.534359    
    2.800   0.859405       0.448694       0.522099      -0.232107       0   0.522099    
    2.900   0.861416       0.439426       0.510120      -0.232107       0   0.510120    
    3.000   0.863178       0.430222       0.498416      -0.232107       0   0.498416    
    3.100   0.864730       0.421107       0.486981      -0.232107       0   0.486981    
    3.200   0.866104       0.412099       0.475808      -0.232107       0   0.475808    
    3.300   0.867326       0.403212       0.464891      -0.232107       0   0.464891    
    3.400   0.868417       0.394457       0.454225      -0.232107       0   0.454225    
    3.500   0.869393       0.385840       0.443804      -0.232107       0   0.443804    
    3.600   0.870269       0.377367       0.433621      -0.232107       0   0.433621    
    3.700   0.871058       0.369043       0.423672      -0.232107       0   0.423673    
    3.800   0.871770       0.360871       0.413952      -0.232107       0   0.413952    
    3.900   0.872412       0.352851       0.404455      -0.232107       0   0.404455    
    4.000   0.872994       0.344985       0.395175      -0.232107       0   0.395175    
    4.100   0.873520       0.337274       0.386108      -0.232107       0   0.386108    
    4.200   0.873998       0.329716       0.377250      -0.232107       0   0.377250    
    4.300   0.874432       0.322311       0.368594      -0.232107       0   0.368594    
    4.400   0.874826       0.315058       0.360138      -0.232107       0   0.360138    
    4.500   0.875184       0.307955       0.351875      -0.232107       0   0.351875    
    4.600   0.875510       0.301002       0.343802      -0.232107       0   0.343802    
    4.700   0.875807       0.294196       0.335914      -0.232107       0   0.335914    
    4.800   0.876078       0.287534       0.328207      -0.232107       0   0.328207    
    4.900   0.876324       0.281017       0.320676      -0.232107       0   0.320677    
    5.000   0.876549       0.274640       0.313319      -0.232107       0   0.313319    
    5.100   0.876754       0.268401       0.306130      -0.232107       0   0.306131    
    5.200   0.876941       0.262299       0.299107      -0.232107       0   0.299107    
    5.300   0.877112       0.256331       0.292244      -0.232107       0   0.292244    
    5.400   0.877268       0.250494       0.285539      -0.232107       0   0.285539    
    5.500   0.877411       0.244787       0.278988      -0.232107       0   0.278988    
    5.600   0.877541       0.239206       0.272587      -0.232107       0   0.272587    
    5.700   0.877660       0.233750       0.266333      -0.232107       0   0.266333    
    5.800   0.877769       0.228415       0.260222      -0.232107       0   0.260222    
    5.900   0.877869       0.223200       0.254252      -0.232107       0   0.254252    
    6.000   0.877960       0.218102       0.248419      -0.232107       0   0.248419    
    6.100   0.878043       0.213118       0.242719      -0.232107       0   0.242719    
    6.200   0.878119       0.208246       0.237150      -0.232107       0   0.237150    
    6.300   0.878189       0.203485       0.231709      -0.232107       0   0.231709    
    6.400   0.878253       0.198830       0.226393      -0.232107       0   0.226393    
    6.500   0.878312       0.194282       0.221199      -0.232107       0   0.221199    
    6.600   0.878366       0.189836       0.216124      -0.232107       0   0.216124    
    6.700   0.878415       0.185491       0.211165      -0.232107       0   0.211165    
    6.800   0.878460       0.181244       0.206320      -0.232107       0   0.206320    
    6.900   0.878501       0.177094       0.201587      -0.232107       0   0.201587    
    7.000   0.878539       0.173039       0.196962      -0.232107       0   0.196962    
    7.100   0.878574       0.169075       0.192443      -0.232107       0   0.192443    
    7.200   0.878606       0.165202       0.188027      -0.232107       0   0.188027    
    7.300   0.878636       0.161417       0.183713      -0.232107       0   0.183713    
    7.400   0.878662       0.157718       0.179498      -0.232107       0   0.179498    
    7.500   0.878687       0.154104       0.175380      -0.232107       0   0.175380    
    7.600   0.878710       0.150572       0.171356      -0.232107       0   0.171356    
    7.700   0.878731       0.147121       0.167425      -0.232107       0   0.167425    
    7.800   0.878750       0.143749       0.163584      -0.232107       0   0.163584    
    7.900   0.878767       0.140454       0.159830      -0.232107       0   0.159830    
    8.000   0.878783       0.137234       0.156163      -0.232107       0   0.156163    
    8.100   0.878798       0.134087       0.152580      -0.232107       0   0.152580    
    8.200   0.878812       0.131013       0.149080      -0.232107       0   0.149080    
    8.300   0.878824       0.128009       0.145659      -0.232107       0   0.145659    
    8.400   0.878836       0.125074       0.142317      -0.232107       0   0.142317    
    8.500   0.878847       0.122206       0.139052      -0.232107       0   0.139052    
    8.600   0.878856       0.119403       0.135862      -0.232107       0   0.135862    
    8.700   0.878865       0.116665       0.132745      -0.232107       0   0.132745    
    8.800   0.878874       0.113989       0.129699      -0.232107       0   0.129699    
    8.900   0.878881       0.111375       0.126723      -0.232107       0   0.126723    
    9.000   0.878888       0.108820       0.123816      -0.232107       0   0.123816    
    9.100   0.878895       0.106324       0.120975      -0.232107       0   0.120975    
    9.200   0.878901       0.103886       0.118200      -0.232107       0   0.118200    
    9.300   0.878906       0.101503       0.115488      -0.232107       0   0.115488    
    9.400   0.878911       0.991746E-01   0.112838      -0.232107       0   0.112838    
    9.500   0.878916       0.968997E-01   0.110249      -0.232107       0   0.110249    
    9.600   0.878920       0.946769E-01   0.107720      -0.232107       0   0.107720    
    9.700   0.878924       0.925051E-01   0.105248      -0.232107       0   0.105248    
    9.800   0.878928       0.903831E-01   0.102833      -0.232107       0   0.102833    
    9.900   0.878931       0.883098E-01   0.100474      -0.232107       0   0.100474    
   10.000   0.878934       0.862839E-01   0.981689E-01  -0.232107       0   0.981689E-01
   10.100   0.878937       0.843046E-01   0.959165E-01  -0.232107       0   0.959165E-01
   10.200   0.878939       0.823706E-01   0.937159E-01  -0.232107       0   0.937159E-01
   10.300   0.878942       0.804809E-01   0.915657E-01  -0.232107       0   0.915657E-01
   10.400   0.878944       0.786346E-01   0.894649E-01  -0.232107       0   0.894649E-01
   10.500   0.878946       0.768307E-01   0.874123E-01  -0.232107       0   0.874123E-01
   10.600   0.878948       0.750681E-01   0.854067E-01  -0.232107       0   0.854067E-01
   10.700   0.878950       0.733459E-01   0.834472E-01  -0.232107       0   0.834472E-01
   10.800   0.878951       0.716632E-01   0.815327E-01  -0.232107       0   0.815327E-01
   10.900   0.878953       0.700192E-01   0.796620E-01  -0.232107       0   0.796620E-01
   11.000   0.878954       0.684128E-01   0.778343E-01  -0.232107       0   0.778343E-01
   11.100   0.878955       0.668433E-01   0.760485E-01  -0.232107       0   0.760485E-01
   11.200   0.878957       0.653097E-01   0.743037E-01  -0.232107       0   0.743037E-01
   11.300   0.878958       0.638114E-01   0.725989E-01  -0.232107       0   0.725990E-01
   11.400   0.878959       0.623474E-01   0.709333E-01  -0.232107       0   0.709333E-01
   11.500   0.878960       0.609170E-01   0.693058E-01  -0.232107       0   0.693058E-01
   11.600   0.878960       0.595194E-01   0.677157E-01  -0.232107       0   0.677157E-01
   11.700   0.878961       0.581539E-01   0.661621E-01  -0.232107       0   0.661621E-01
   11.800   0.878962       0.568197E-01   0.646441E-01  -0.232107       0   0.646441E-01
   11.900   0.878963       0.555161E-01   0.631610E-01  -0.232107       0   0.631610E-01
   12.000   0.878963       0.542424E-01   0.617118E-01  -0.232107       0   0.617118E-01
   12.100   0.878964       0.529980E-01   0.602960E-01  -0.232107       0   0.602960E-01
   12.200   0.878964       0.517820E-01   0.589126E-01  -0.232107       0   0.589126E-01
   12.300   0.878965       0.505940E-01   0.575609E-01  -0.232107       0   0.575609E-01
   12.400   0.878965       0.494332E-01   0.562403E-01  -0.232107       0   0.562403E-01
   12.500   0.878966       0.482991E-01   0.549499E-01  -0.232107       0   0.549499E-01
   12.600   0.878966       0.471910E-01   0.536892E-01  -0.232107       0   0.536892E-01
   12.700   0.878966       0.461083E-01   0.524574E-01  -0.232107       0   0.524574E-01
   12.800   0.878967       0.450504E-01   0.512538E-01  -0.232107       0   0.512538E-01
   12.900   0.878967       0.440168E-01   0.500779E-01  -0.232107       0   0.500779E-01
   13.000   0.878967       0.430069E-01   0.489289E-01  -0.232107       0   0.489289E-01
   13.100   0.878968       0.420202E-01   0.478064E-01  -0.232107       0   0.478064E-01
   13.200   0.878968       0.410562E-01   0.467095E-01  -0.232107       0   0.467095E-01
   13.300   0.878968       0.401142E-01   0.456378E-01  -0.232107       0   0.456378E-01
   13.400   0.878968       0.391939E-01   0.445908E-01  -0.232107       0   0.445908E-01
   13.500   0.878968       0.382946E-01   0.435677E-01  -0.232107       0   0.435677E-01
   13.600   0.878969       0.374160E-01   0.425681E-01  -0.232107       0   0.425681E-01
   13.700   0.878969       0.365576E-01   0.415914E-01  -0.232107       0   0.415914E-01
   13.800   0.878969       0.357188E-01   0.406372E-01  -0.232107       0   0.406372E-01
   13.900   0.878969       0.348993E-01   0.397048E-01  -0.232107       0   0.397048E-01
   14.000   0.878969       0.340986E-01   0.387939E-01  -0.232107       0   0.387939E-01
   14.100   0.878969       0.333163E-01   0.379038E-01  -0.232107       0   0.379038E-01
   14.200   0.878969       0.325519E-01   0.370342E-01  -0.232107       0   0.370342E-01
   14.300   0.878969       0.318051E-01   0.361845E-01  -0.232107       0   0.361845E-01
   14.400   0.878970       0.310754E-01   0.353543E-01  -0.232107       0   0.353543E-01
   14.500   0.878970       0.303624E-01   0.345432E-01  -0.232107       0   0.345432E-01
   14.600   0.878970       0.296658E-01   0.337506E-01  -0.232107       0   0.337506E-01
   14.700   0.878970       0.289851E-01   0.329763E-01  -0.232107       0   0.329763E-01
   14.800   0.878970       0.283201E-01   0.322197E-01  -0.232107       0   0.322197E-01
   14.900   0.878970       0.276704E-01   0.314804E-01  -0.232107       0   0.314804E-01
   15.000   0.878970       0.270355E-01   0.307582E-01  -0.232107       0   0.307582E-01
   15.100   0.878970       0.264152E-01   0.300525E-01  -0.232107       0   0.300525E-01
   15.200   0.878970       0.258092E-01   0.293630E-01  -0.232107       0   0.293630E-01
   15.300   0.878970       0.252170E-01   0.286893E-01  -0.232107       0   0.286893E-01
   15.400   0.878970       0.246385E-01   0.280311E-01  -0.232107       0   0.280311E-01
   15.500   0.878970       0.240732E-01   0.273879E-01  -0.232107       0   0.273879E-01
   15.600   0.878970       0.235209E-01   0.267596E-01  -0.232107       0   0.267596E-01
   15.700   0.878970       0.229812E-01   0.261456E-01  -0.232107       0   0.261456E-01
   15.800   0.878970       0.224540E-01   0.255457E-01  -0.232107       0   0.255457E-01
   15.900   0.878970       0.219388E-01   0.249596E-01  -0.232107       0   0.249596E-01
   16.000   0.878970       0.214354E-01   0.243870E-01  -0.232107       0   0.243870E-01
   16.100   0.878970       0.209436E-01   0.238275E-01  -0.232107       0   0.238275E-01
   16.200   0.878970       0.204631E-01   0.232808E-01  -0.232107       0   0.232808E-01
   16.300   0.878970       0.199936E-01   0.227466E-01  -0.232107       0   0.227466E-01
   16.400   0.878971       0.195349E-01   0.222248E-01  -0.232107       0   0.222248E-01
   16.500   0.878971       0.190867E-01   0.217148E-01  -0.232107       0   0.217148E-01
   16.600   0.878971       0.186488E-01   0.212166E-01  -0.232107       0   0.212166E-01
   16.700   0.878971       0.182209E-01   0.207299E-01  -0.232107       0   0.207299E-01
   16.800   0.878971       0.178029E-01   0.202542E-01  -0.232107       0   0.202542E-01
   16.900   0.878971       0.173944E-01   0.197895E-01  -0.232107       0   0.197895E-01
   17.000   0.878971       0.169953E-01   0.193355E-01  -0.232107       0   0.193355E-01
   17.100   0.878971       0.166054E-01   0.188919E-01  -0.232107       0   0.188919E-01
   17.200   0.878971       0.162244E-01   0.184584E-01  -0.232107       0   0.184584E-01
   17.300   0.878971       0.158522E-01   0.180349E-01  -0.232107       0   0.180349E-01
   17.400   0.878971       0.154885E-01   0.176212E-01  -0.232107       0   0.176212E-01
   17.500   0.878971       0.151331E-01   0.172169E-01  -0.232107       0   0.172169E-01
   17.600   0.878971       0.147859E-01   0.168219E-01  -0.232107       0   0.168219E-01
   17.700   0.878971       0.144467E-01   0.164359E-01  -0.232107       0   0.164359E-01
   17.800   0.878971       0.141152E-01   0.160588E-01  -0.232107       0   0.160588E-01
   17.900   0.878971       0.137914E-01   0.156904E-01  -0.232107       0   0.156904E-01
   18.000   0.878971       0.134749E-01   0.153304E-01  -0.232107       0   0.153304E-01
   18.100   0.878971       0.131658E-01   0.149786E-01  -0.232107       0   0.149786E-01
   18.200   0.878971       0.128637E-01   0.146350E-01  -0.232107       0   0.146350E-01
   18.300   0.878971       0.125686E-01   0.142992E-01  -0.232107       0   0.142992E-01
   18.400   0.878971       0.122802E-01   0.139711E-01  -0.232107       0   0.139711E-01
   18.500   0.878971       0.119985E-01   0.136506E-01  -0.232107       0   0.136506E-01
   18.600   0.878971       0.117232E-01   0.133374E-01  -0.232107       0   0.133374E-01
   18.700   0.878971       0.114542E-01   0.130314E-01  -0.232107       0   0.130314E-01
   18.800   0.878971       0.111914E-01   0.127324E-01  -0.232107       0   0.127324E-01
   18.900   0.878971       0.109346E-01   0.124403E-01  -0.232107       0   0.124403E-01
   19.000   0.878971       0.106838E-01   0.121549E-01  -0.232107       0   0.121549E-01
   19.100   0.878971       0.104386E-01   0.118760E-01  -0.232107       0   0.118760E-01
   19.200   0.878971       0.101992E-01   0.116035E-01  -0.232107       0   0.116035E-01
   19.300   0.878971       0.996515E-02   0.113373E-01  -0.232107       0   0.113373E-01
   19.400   0.878971       0.973651E-02   0.110772E-01  -0.232107       0   0.110772E-01
   19.500   0.878971       0.951313E-02   0.108230E-01  -0.232107       0   0.108230E-01
   19.600   0.878971       0.929486E-02   0.105747E-01  -0.232107       0   0.105747E-01
   19.700   0.878971       0.908161E-02   0.103321E-01  -0.232107       0   0.103321E-01
   19.800   0.878971       0.887324E-02   0.100950E-01  -0.232107       0   0.100950E-01
   19.900   0.878971       0.866966E-02   0.986343E-02  -0.232107       0   0.986343E-02
   20.000   0.878971       0.847075E-02   0.963713E-02  -0.232107       0   0.963713E-02
   20.100   0.878971       0.827640E-02   0.941602E-02  -0.232107       0   0.941602E-02
   20.200   0.878971       0.808652E-02   0.919998E-02  -0.232107       0   0.919998E-02
   20.300   0.878971       0.790098E-02   0.898890E-02  -0.232107       0   0.898890E-02
   20.400   0.878971       0.771971E-02   0.878267E-02  -0.232107       0   0.878267E-02
   20.500   0.878971       0.754259E-02   0.858116E-02  -0.232107       0   0.858116E-02
   20.600   0.878971       0.736954E-02   0.838428E-02  -0.232107       0   0.838428E-02
   20.700   0.878971       0.720046E-02   0.819192E-02  -0.232107       0   0.819192E-02
   20.800   0.878971       0.703525E-02   0.800397E-02  -0.232107       0   0.800397E-02
   20.900   0.878971       0.687384E-02   0.782033E-02  -0.232107       0   0.782033E-02
   21.000   0.878971       0.671613E-02   0.764091E-02  -0.232107       0   0.764091E-02
   21.100   0.878971       0.656204E-02   0.746560E-02  -0.232107       0   0.746560E-02
   21.200   0.878971       0.641149E-02   0.729431E-02  -0.232107       0   0.729431E-02
   21.300   0.878971       0.626439E-02   0.712696E-02  -0.232107       0   0.712696E-02
   21.400   0.878971       0.612066E-02   0.696344E-02  -0.232107       0   0.696344E-02
   21.500   0.878971       0.598023E-02   0.680368E-02  -0.232107       0   0.680368E-02
   21.600   0.878971       0.584302E-02   0.664758E-02  -0.232107       0   0.664758E-02
   21.700   0.878971       0.570897E-02   0.649506E-02  -0.232107       0   0.649506E-02
   21.800   0.878971       0.557798E-02   0.634604E-02  -0.232107       0   0.634604E-02
   21.900   0.878971       0.545001E-02   0.620044E-02  -0.232107       0   0.620044E-02
   22.000   0.878971       0.532496E-02   0.605818E-02  -0.232107       0   0.605818E-02
   22.100   0.878971       0.520279E-02   0.591919E-02  -0.232107       0   0.591919E-02
   22.200   0.878971       0.508342E-02   0.578338E-02  -0.232107       0   0.578338E-02
   22.300   0.878971       0.496679E-02   0.565069E-02  -0.232107       0   0.565069E-02
   22.400   0.878971       0.485284E-02   0.552104E-02  -0.232107       0   0.552104E-02
   22.500   0.878971       0.474150E-02   0.539437E-02  -0.232107       0   0.539437E-02
   22.600   0.878971       0.463271E-02   0.527061E-02  -0.232107       0   0.527061E-02
   22.700   0.878971       0.452642E-02   0.514968E-02  -0.232107       0   0.514968E-02
   22.800   0.878971       0.442257E-02   0.503153E-02  -0.232107       0   0.503153E-02
   22.900   0.878971       0.432110E-02   0.491609E-02  -0.232107       0   0.491609E-02
   23.000   0.878971       0.422196E-02   0.480330E-02  -0.232107       0   0.480330E-02
   23.100   0.878971       0.412509E-02   0.469310E-02  -0.232107       0   0.469310E-02
   23.200   0.878971       0.403045E-02   0.458542E-02  -0.232107       0   0.458542E-02
   23.300   0.878971       0.393798E-02   0.448022E-02  -0.232107       0   0.448022E-02
   23.400   0.878971       0.384763E-02   0.437742E-02  -0.232107       0   0.437742E-02
   23.500   0.878971       0.375935E-02   0.427699E-02  -0.232107       0   0.427699E-02
   23.600   0.878971       0.367310E-02   0.417886E-02  -0.232107       0   0.417886E-02
   23.700   0.878971       0.358882E-02   0.408299E-02  -0.232107       0   0.408299E-02
   23.800   0.878971       0.350648E-02   0.398931E-02  -0.232107       0   0.398931E-02
   23.900   0.878971       0.342603E-02   0.389778E-02  -0.232107       0   0.389778E-02
   24.000   0.878971       0.334743E-02   0.380835E-02  -0.232107       0   0.380835E-02
   24.100   0.878971       0.327063E-02   0.372098E-02  -0.232107       0   0.372098E-02
   24.200   0.878971       0.319559E-02   0.363560E-02  -0.232107       0   0.363560E-02
   24.300   0.878971       0.312227E-02   0.355219E-02  -0.232107       0   0.355219E-02
   24.400   0.878971       0.305064E-02   0.347069E-02  -0.232107       0   0.347069E-02
   24.500   0.878971       0.298064E-02   0.339106E-02  -0.232107       0   0.339106E-02
   24.600   0.878971       0.291226E-02   0.331326E-02  -0.232107       0   0.331326E-02
   24.700   0.878971       0.284544E-02   0.323724E-02  -0.232107       0   0.323724E-02
   24.800   0.878971       0.278016E-02   0.316297E-02  -0.232107       0   0.316297E-02
   24.900   0.878971       0.271637E-02   0.309040E-02  -0.232107       0   0.309040E-02
   25.000   0.878971       0.265405E-02   0.301950E-02  -0.232107       0   0.301950E-02
   25.100   0.878971       0.259316E-02   0.295022E-02  -0.232107       0   0.295022E-02
   25.200   0.878971       0.253366E-02   0.288253E-02  -0.232107       0   0.288253E-02
   25.300   0.878971       0.247553E-02   0.281640E-02  -0.232107       0   0.281640E-02
   25.400   0.878971       0.241873E-02   0.275178E-02  -0.232107       0   0.275178E-02
   25.500   0.878971       0.236324E-02   0.268864E-02  -0.232107       0   0.268864E-02
   25.600   0.878971       0.230902E-02   0.262696E-02  -0.232107       0   0.262696E-02
   25.700   0.878971       0.225604E-02   0.256668E-02  -0.232107       0   0.256668E-02
   25.800   0.878971       0.220428E-02   0.250780E-02  -0.232107       0   0.250780E-02
   25.900   0.878971       0.215371E-02   0.245026E-02  -0.232107       0   0.245026E-02
   26.000   0.878971       0.210429E-02   0.239404E-02  -0.232107       0   0.239404E-02
   26.100   0.878971       0.205601E-02   0.233911E-02  -0.232107       0   0.233911E-02
   26.200   0.878971       0.200884E-02   0.228545E-02  -0.232107       0   0.228545E-02
   26.300   0.878971       0.196275E-02   0.223301E-02  -0.232107       0   0.223301E-02
   26.400   0.878971       0.191772E-02   0.218178E-02  -0.232107       0   0.218178E-02
   26.500   0.878971       0.187372E-02   0.213172E-02  -0.232107       0   0.213172E-02
   26.600   0.878971       0.183073E-02   0.208281E-02  -0.232107       0   0.208281E-02
   26.700   0.878971       0.178873E-02   0.203503E-02  -0.232107       0   0.203503E-02
   26.800   0.878971       0.174769E-02   0.198834E-02  -0.232107       0   0.198834E-02
   26.900   0.878971       0.170759E-02   0.194272E-02  -0.232107       0   0.194272E-02
   27.000   0.878971       0.166841E-02   0.189814E-02  -0.232107       0   0.189814E-02
   27.100   0.878971       0.163013E-02   0.185459E-02  -0.232107       0   0.185459E-02
   27.200   0.878971       0.159273E-02   0.181204E-02  -0.232107       0   0.181204E-02
   27.300   0.878971       0.155619E-02   0.177047E-02  -0.232107       0   0.177047E-02
   27.400   0.878971       0.152049E-02   0.172985E-02  -0.232107       0   0.172985E-02
   27.500   0.878971       0.148560E-02   0.169016E-02  -0.232107       0   0.169016E-02
   27.600   0.878971       0.145152E-02   0.165138E-02  -0.232107       0   0.165138E-02
   27.700   0.878971       0.141821E-02   0.161349E-02  -0.232107       0   0.161349E-02
   27.800   0.878971       0.138568E-02   0.157647E-02  -0.232107       0   0.157647E-02
   27.900   0.878971       0.135388E-02   0.154031E-02  -0.232107       0   0.154031E-02
   28.000   0.878971       0.132282E-02   0.150497E-02  -0.232107       0   0.150497E-02
   28.100   0.878971       0.129247E-02   0.147044E-02  -0.232107       0   0.147044E-02
   28.200   0.878971       0.126282E-02   0.143670E-02  -0.232107       0   0.143670E-02
   28.300   0.878971       0.123384E-02   0.140374E-02  -0.232107       0   0.140374E-02
   28.400   0.878971       0.120554E-02   0.137153E-02  -0.232107       0   0.137153E-02
   28.500   0.878971       0.117788E-02   0.134006E-02  -0.232107       0   0.134006E-02
   28.600   0.878971       0.115085E-02   0.130932E-02  -0.232107       0   0.130932E-02
   28.700   0.878971       0.112445E-02   0.127928E-02  -0.232107       0   0.127928E-02
   28.800   0.878971       0.109865E-02   0.124993E-02  -0.232107       0   0.124993E-02
   28.900   0.878971       0.107344E-02   0.122125E-02  -0.232107       0   0.122125E-02
   29.000   0.878971       0.104881E-02   0.119323E-02  -0.232107       0   0.119323E-02
   29.100   0.878971       0.102475E-02   0.116585E-02  -0.232107       0   0.116585E-02
   29.200   0.878971       0.100124E-02   0.113910E-02  -0.232107       0   0.113910E-02
   29.300   0.878971       0.978267E-03   0.111297E-02  -0.232107       0   0.111297E-02
   29.400   0.878971       0.955823E-03   0.108743E-02  -0.232107       0   0.108743E-02
   29.500   0.878971       0.933893E-03   0.106248E-02  -0.232107       0   0.106248E-02
   29.600   0.878971       0.912466E-03   0.103811E-02  -0.232107       0   0.103811E-02
   29.700   0.878971       0.891531E-03   0.101429E-02  -0.232107       0   0.101429E-02
   29.800   0.878971       0.871076E-03   0.991019E-03  -0.232107       0   0.991019E-03
   29.900   0.878971       0.851091E-03   0.968281E-03  -0.232107       0   0.968281E-03
   30.000   0.878971       0.831564E-03   0.946066E-03  -0.232107       0   0.946066E-03
   30.100   0.878971       0.812485E-03   0.924360E-03  -0.232107       0   0.924360E-03
   30.200   0.878971       0.793844E-03   0.903152E-03  -0.232107       0   0.903152E-03
   30.300   0.878971       0.775631E-03   0.882430E-03  -0.232107       0   0.882430E-03
   30.400   0.878971       0.757835E-03   0.862185E-03  -0.232107       0   0.862185E-03
   30.500   0.878971       0.740448E-03   0.842403E-03  -0.232107       0   0.842403E-03
   30.600   0.878971       0.723459E-03   0.823076E-03  -0.232107       0   0.823076E-03
   30.700   0.878971       0.706861E-03   0.804191E-03  -0.232107       0   0.804191E-03
   30.800   0.878971       0.690643E-03   0.785741E-03  -0.232107       0   0.785741E-03
   30.900   0.878971       0.674797E-03   0.767713E-03  -0.232107       0   0.767713E-03
   31.000   0.878971       0.659315E-03   0.750099E-03  -0.232107       0   0.750099E-03
   31.100   0.878971       0.644188E-03   0.732889E-03  -0.232107       0   0.732889E-03
   31.200   0.878971       0.629408E-03   0.716074E-03  -0.232107       0   0.716074E-03
   31.300   0.878971       0.614968E-03   0.699645E-03  -0.232107       0   0.699645E-03
   31.400   0.878971       0.600858E-03   0.683593E-03  -0.232107       0   0.683593E-03
   31.500   0.878971       0.587073E-03   0.667909E-03  -0.232107       0   0.667909E-03
   31.600   0.878971       0.573603E-03   0.652585E-03  -0.232107       0   0.652585E-03
   31.700   0.878971       0.560443E-03   0.637612E-03  -0.232107       0   0.637613E-03
   31.800   0.878971       0.547584E-03   0.622984E-03  -0.232107       0   0.622984E-03
   31.900   0.878971       0.535021E-03   0.608690E-03  -0.232107       0   0.608690E-03
   32.000   0.878971       0.522746E-03   0.594725E-03  -0.232107       0   0.594725E-03
   32.100   0.878971       0.510752E-03   0.581080E-03  -0.232107       0   0.581080E-03
   32.200   0.878971       0.499034E-03   0.567748E-03  -0.232107       0   0.567748E-03
   32.300   0.878971       0.487584E-03   0.554722E-03  -0.232107       0   0.554722E-03
   32.400   0.878971       0.476397E-03   0.541995E-03  -0.232107       0   0.541995E-03
   32.500   0.878971       0.465467E-03   0.529559E-03  -0.232107       0   0.529559E-03
   32.600   0.878971       0.454788E-03   0.517410E-03  -0.232107       0   0.517410E-03
   32.700   0.878971       0.444354E-03   0.505538E-03  -0.232107       0   0.505538E-03
   32.800   0.878971       0.434159E-03   0.493940E-03  -0.232107       0   0.493940E-03
   32.900   0.878971       0.424197E-03   0.482607E-03  -0.232107       0   0.482607E-03
   33.000   0.878971       0.414465E-03   0.471534E-03  -0.232107       0   0.471534E-03
   33.100   0.878971       0.404956E-03   0.460716E-03  -0.232107       0   0.460716E-03
   33.200   0.878971       0.395665E-03   0.450145E-03  -0.232107       0   0.450145E-03
   33.300   0.878971       0.386587E-03   0.439818E-03  -0.232107       0   0.439818E-03
   33.400   0.878971       0.377717E-03   0.429727E-03  -0.232107       0   0.429727E-03
   33.500   0.878971       0.369051E-03   0.419867E-03  -0.232107       0   0.419867E-03
   33.600   0.878971       0.360584E-03   0.410234E-03  -0.232107       0   0.410234E-03
   33.700   0.878971       0.352311E-03   0.400822E-03  -0.232107       0   0.400822E-03
   33.800   0.878971       0.344228E-03   0.391626E-03  -0.232107       0   0.391626E-03
   33.900   0.878971       0.336330E-03   0.382641E-03  -0.232107       0   0.382641E-03
   34.000   0.878971       0.328613E-03   0.373862E-03  -0.232107       0   0.373862E-03
   34.100   0.878971       0.321074E-03   0.365284E-03  -0.232107       0   0.365284E-03
   34.200   0.878971       0.313707E-03   0.356903E-03  -0.232107       0   0.356903E-03
   34.300   0.878971       0.306510E-03   0.348714E-03  -0.232107       0   0.348714E-03
   34.400   0.878971       0.299477E-03   0.340714E-03  -0.232107       0   0.340714E-03
   34.500   0.878971       0.292606E-03   0.332897E-03  -0.232107       0   0.332897E-03
   34.600   0.878971       0.285893E-03   0.325259E-03  -0.232107       0   0.325259E-03
   34.700   0.878971       0.279334E-03   0.317796E-03  -0.232107       0   0.317796E-03
   34.800   0.878971       0.272925E-03   0.310505E-03  -0.232107       0   0.310505E-03
   34.900   0.878971       0.266663E-03   0.303381E-03  -0.232107       0   0.303381E-03
   35.000   0.878971       0.260545E-03   0.296420E-03  -0.232107       0   0.296420E-03
   35.100   0.878971       0.254567E-03   0.289620E-03  -0.232107       0   0.289620E-03
   35.200   0.878971       0.248726E-03   0.282975E-03  -0.232107       0   0.282975E-03
   35.300   0.878971       0.243020E-03   0.276482E-03  -0.232107       0   0.276482E-03
   35.400   0.878971       0.237444E-03   0.270139E-03  -0.232107       0   0.270139E-03
   35.500   0.878971       0.231996E-03   0.263941E-03  -0.232107       0   0.263941E-03
   35.600   0.878971       0.226674E-03   0.257885E-03  -0.232107       0   0.257885E-03
   35.700   0.878971       0.221473E-03   0.251969E-03  -0.232107       0   0.251969E-03
   35.800   0.878971       0.216392E-03   0.246188E-03  -0.232107       0   0.246188E-03
   35.900   0.878971       0.211427E-03   0.240539E-03  -0.232107       0   0.240539E-03
   36.000   0.878971       0.206576E-03   0.235020E-03  -0.232107       0   0.235020E-03
   36.100   0.878971       0.201836E-03   0.229628E-03  -0.232107       0   0.229628E-03
   36.200   0.878971       0.197206E-03   0.224360E-03  -0.232107       0   0.224360E-03
   36.300   0.878971       0.192681E-03   0.219212E-03  -0.232107       0   0.219212E-03
   36.400   0.878971       0.188260E-03   0.214183E-03  -0.232107       0   0.214183E-03
   36.500   0.878971       0.183941E-03   0.209269E-03  -0.232107       0   0.209269E-03
   36.600   0.878971       0.179721E-03   0.204467E-03  -0.232107       0   0.204467E-03
   36.700   0.878971       0.175597E-03   0.199776E-03  -0.232107       0   0.199776E-03
   36.800   0.878971       0.171569E-03   0.195193E-03  -0.232107       0   0.195193E-03
   36.900   0.878971       0.167632E-03   0.190714E-03  -0.232107       0   0.190714E-03
   37.000   0.878971       0.163786E-03   0.186339E-03  -0.232107       0   0.186339E-03
   37.100   0.878971       0.160028E-03   0.182063E-03  -0.232107       0   0.182063E-03
   37.200   0.878971       0.156357E-03   0.177886E-03  -0.232107       0   0.177886E-03
   37.300   0.878971       0.152769E-03   0.173805E-03  -0.232107       0   0.173805E-03
   37.400   0.878971       0.149264E-03   0.169817E-03  -0.232107       0   0.169817E-03
   37.500   0.878971       0.145840E-03   0.165921E-03  -0.232107       0   0.165921E-03
   37.600   0.878971       0.142494E-03   0.162114E-03  -0.232107       0   0.162114E-03
   37.700   0.878971       0.139224E-03   0.158395E-03  -0.232107       0   0.158395E-03
   37.800   0.878971       0.136030E-03   0.154761E-03  -0.232107       0   0.154761E-03
   37.900   0.878971       0.132909E-03   0.151210E-03  -0.232107       0   0.151210E-03
   38.000   0.878971       0.129860E-03   0.147741E-03  -0.232107       0   0.147741E-03
   38.100   0.878971       0.126880E-03   0.144351E-03  -0.232107       0   0.144351E-03
   38.200   0.878971       0.123969E-03   0.141039E-03  -0.232107       0   0.141039E-03
   38.300   0.878971       0.121125E-03   0.137803E-03  -0.232107       0   0.137803E-03
   38.400   0.878971       0.118346E-03   0.134642E-03  -0.232107       0   0.134642E-03
   38.500   0.878971       0.115631E-03   0.131552E-03  -0.232107       0   0.131552E-03
   38.600   0.878971       0.112978E-03   0.128534E-03  -0.232107       0   0.128534E-03
   38.700   0.878971       0.110386E-03   0.125585E-03  -0.232107       0   0.125585E-03
   38.800   0.878971       0.107853E-03   0.122704E-03  -0.232107       0   0.122704E-03
   38.900   0.878971       0.105379E-03   0.119889E-03  -0.232107       0   0.119889E-03
   39.000   0.878971       0.102961E-03   0.117138E-03  -0.232107       0   0.117138E-03
   39.100   0.878971       0.100599E-03   0.114450E-03  -0.232107       0   0.114450E-03
   39.200   0.878971       0.982905E-04   0.111825E-03  -0.232107       0   0.111825E-03
   39.300   0.878971       0.960354E-04   0.109259E-03  -0.232107       0   0.109259E-03
   39.400   0.878971       0.938320E-04   0.106752E-03  -0.232107       0   0.106752E-03
   39.500   0.878971       0.916792E-04   0.104303E-03  -0.232107       0   0.104303E-03
   39.600   0.878971       0.895758E-04   0.101910E-03  -0.232107       0   0.101910E-03
   39.700   0.878971       0.875206E-04   0.995717E-04  -0.232107       0   0.995717E-04
   39.800   0.878971       0.855126E-04   0.972872E-04  -0.232107       0   0.972872E-04
   39.900   0.878971       0.835506E-04   0.950551E-04  -0.232107       0   0.950551E-04
   40.000   0.878971       0.816337E-04   0.928742E-04  -0.232107       0   0.928742E-04
   40.100   0.878971       0.797607E-04   0.907433E-04  -0.232107       0   0.907433E-04
   40.200   0.878971       0.779308E-04   0.886614E-04  -0.232107       0   0.886614E-04
   40.300   0.878971       0.761428E-04   0.866272E-04  -0.232107       0   0.866272E-04
   40.400   0.878971       0.743958E-04   0.846397E-04  -0.232107       0   0.846397E-04
   40.500   0.878971       0.726889E-04   0.826978E-04  -0.232107       0   0.826978E-04
   40.600   0.878971       0.710212E-04   0.808004E-04  -0.232107       0   0.808004E-04
   40.700   0.878971       0.693917E-04   0.789466E-04  -0.232107       0   0.789466E-04
   40.800   0.878971       0.677996E-04   0.771353E-04  -0.232107       0   0.771353E-04
   40.900   0.878971       0.662441E-04   0.753655E-04  -0.232107       0   0.753655E-04
   41.000   0.878971       0.647242E-04   0.736364E-04  -0.232107       0   0.736364E-04
   41.100   0.878971       0.632392E-04   0.719469E-04  -0.232107       0   0.719469E-04
   41.200   0.878971       0.617883E-04   0.702962E-04  -0.232107       0   0.702962E-04
   41.300   0.878971       0.603707E-04   0.686834E-04  -0.232107       0   0.686834E-04
   41.400   0.878971       0.589856E-04   0.671075E-04  -0.232107       0   0.671075E-04
   41.500   0.878971       0.576322E-04   0.655679E-04  -0.232107       0   0.655679E-04
   41.600   0.878971       0.563100E-04   0.640635E-04  -0.232107       0   0.640635E-04
   41.700   0.878971       0.550180E-04   0.625937E-04  -0.232107       0   0.625937E-04
   41.800   0.878971       0.537557E-04   0.611576E-04  -0.232107       0   0.611576E-04
   41.900   0.878971       0.525224E-04   0.597544E-04  -0.232107       0   0.597544E-04
   42.000   0.878971       0.513173E-04   0.583835E-04  -0.232107       0   0.583835E-04
   42.100   0.878971       0.501400E-04   0.570439E-04  -0.232107       0   0.570439E-04
   42.200   0.878971       0.489896E-04   0.557352E-04  -0.232107       0   0.557352E-04
   42.300   0.878971       0.478656E-04   0.544564E-04  -0.232107       0   0.544564E-04
   42.400   0.878971       0.467674E-04   0.532070E-04  -0.232107       0   0.532070E-04
   42.500   0.878971       0.456944E-04   0.519862E-04  -0.232107       0   0.519862E-04
   42.600   0.878971       0.446460E-04   0.507935E-04  -0.232107       0   0.507935E-04
   42.700   0.878971       0.436217E-04   0.496281E-04  -0.232107       0   0.496281E-04
   42.800   0.878971       0.426209E-04   0.484895E-04  -0.232107       0   0.484895E-04
   42.900   0.878971       0.416430E-04   0.473770E-04  -0.232107       0   0.473770E-04
   43.000   0.878971       0.406876E-04   0.462900E-04  -0.232107       0   0.462900E-04
   43.100   0.878971       0.397540E-04   0.452280E-04  -0.232107       0   0.452280E-04
   43.200   0.878971       0.388420E-04   0.441903E-04  -0.232107       0   0.441903E-04
   43.300   0.878971       0.379508E-04   0.431764E-04  -0.232107       0   0.431764E-04
   43.400   0.878971       0.370801E-04   0.421858E-04  -0.232107       0   0.421858E-04
   43.500   0.878971       0.362293E-04   0.412179E-04  -0.232107       0   0.412179E-04
   43.600   0.878971       0.353981E-04   0.402722E-04  -0.232107       0   0.402722E-04
   43.700   0.878971       0.345860E-04   0.393482E-04  -0.232107       0   0.393482E-04
   43.800   0.878971       0.337924E-04   0.384455E-04  -0.232107       0   0.384455E-04
   43.900   0.878971       0.330171E-04   0.375634E-04  -0.232107       0   0.375634E-04
   44.000   0.878971       0.322596E-04   0.367016E-04  -0.232107       0   0.367016E-04
   44.100   0.878971       0.315195E-04   0.358595E-04  -0.232107       0   0.358595E-04
   44.200   0.878971       0.307963E-04   0.350368E-04  -0.232107       0   0.350368E-04
   44.300   0.878971       0.300897E-04   0.342329E-04  -0.232107       0   0.342329E-04
   44.400   0.878971       0.293994E-04   0.334475E-04  -0.232107       0   0.334475E-04
   44.500   0.878971       0.287248E-04   0.326801E-04  -0.232107       0   0.326801E-04
   44.600   0.878971       0.280658E-04   0.319303E-04  -0.232107       0   0.319303E-04
   44.700   0.878971       0.274219E-04   0.311977E-04  -0.232107       0   0.311977E-04
   44.800   0.878971       0.267927E-04   0.304819E-04  -0.232107       0   0.304819E-04
   44.900   0.878971       0.261780E-04   0.297826E-04  -0.232107       0   0.297826E-04
   45.000   0.878971       0.255774E-04   0.290993E-04  -0.232107       0   0.290993E-04
   45.100   0.878971       0.249906E-04   0.284316E-04  -0.232107       0   0.284316E-04
   45.200   0.878971       0.244172E-04   0.277793E-04  -0.232107       0   0.277793E-04
   45.300   0.878971       0.238570E-04   0.271420E-04  -0.232107       0   0.271420E-04
   45.400   0.878971       0.233096E-04   0.265192E-04  -0.232107       0   0.265192E-04
   45.500   0.878971       0.227748E-04   0.259108E-04  -0.232107       0   0.259108E-04
   45.600   0.878971       0.222523E-04   0.253163E-04  -0.232107       0   0.253163E-04
   45.700   0.878971       0.217418E-04   0.247355E-04  -0.232107       0   0.247355E-04
   45.800   0.878971       0.212429E-04   0.241680E-04  -0.232107       0   0.241680E-04
   45.900   0.878971       0.207555E-04   0.236135E-04  -0.232107       0   0.236135E-04
   46.000   0.878971       0.202793E-04   0.230717E-04  -0.232107       0   0.230717E-04
   46.100   0.878971       0.198141E-04   0.225423E-04  -0.232107       0   0.225423E-04
   46.200   0.878971       0.193595E-04   0.220251E-04  -0.232107       0   0.220251E-04
   46.300   0.878971       0.189153E-04   0.215198E-04  -0.232107       0   0.215198E-04
   46.400   0.878971       0.184813E-04   0.210261E-04  -0.232107       0   0.210261E-04
   46.500   0.878971       0.180573E-04   0.205437E-04  -0.232107       0   0.205437E-04
   46.600   0.878971       0.176430E-04   0.200723E-04  -0.232107       0   0.200723E-04
   46.700   0.878971       0.172382E-04   0.196118E-04  -0.232107       0   0.196118E-04
   46.800   0.878971       0.168427E-04   0.191618E-04  -0.232107       0   0.191618E-04
   46.900   0.878971       0.164563E-04   0.187222E-04  -0.232107       0   0.187222E-04
   47.000   0.878971       0.160787E-04   0.182927E-04  -0.232107       0   0.182927E-04
   47.100   0.878971       0.157098E-04   0.178730E-04  -0.232107       0   0.178730E-04
   47.200   0.878971       0.153494E-04   0.174629E-04  -0.232107       0   0.174629E-04
   47.300   0.878971       0.149972E-04   0.170622E-04  -0.232107       0   0.170622E-04
   47.400   0.878971       0.146531E-04   0.166708E-04  -0.232107       0   0.166708E-04
   47.500   0.878971       0.143169E-04   0.162883E-04  -0.232107       0   0.162883E-04
   47.600   0.878971       0.139884E-04   0.159146E-04  -0.232107       0   0.159146E-04
   47.700   0.878971       0.136675E-04   0.155494E-04  -0.232107       0   0.155494E-04
   47.800   0.878971       0.133539E-04   0.151927E-04  -0.232107       0   0.151927E-04
   47.900   0.878971       0.130475E-04   0.148441E-04  -0.232107       0   0.148441E-04
   48.000   0.878971       0.127482E-04   0.145035E-04  -0.232107       0   0.145035E-04
   48.100   0.878971       0.124557E-04   0.141708E-04  -0.232107       0   0.141708E-04
   48.200   0.878971       0.121699E-04   0.138457E-04  -0.232107       0   0.138457E-04
   48.300   0.878971       0.118907E-04   0.135280E-04  -0.232107       0   0.135280E-04
   48.400   0.878971       0.116179E-04   0.132176E-04  -0.232107       0   0.132176E-04
   48.500   0.878971       0.113513E-04   0.129144E-04  -0.232107       0   0.129144E-04
   48.600   0.878971       0.110909E-04   0.126181E-04  -0.232107       0   0.126181E-04
   48.700   0.878971       0.108364E-04   0.123286E-04  -0.232107       0   0.123286E-04
   48.800   0.878971       0.105878E-04   0.120457E-04  -0.232107       0   0.120457E-04
   48.900   0.878971       0.103449E-04   0.117693E-04  -0.232107       0   0.117693E-04
   49.000   0.878971       0.101075E-04   0.114993E-04  -0.232107       0   0.114993E-04
   49.100   0.878971       0.987565E-05   0.112355E-04  -0.232107       0   0.112355E-04
   49.200   0.878971       0.964907E-05   0.109777E-04  -0.232107       0   0.109777E-04
   49.300   0.878971       0.942768E-05   0.107258E-04  -0.232107       0   0.107258E-04
   49.400   0.878971       0.921138E-05   0.104797E-04  -0.232107       0   0.104797E-04
   49.500   0.878971       0.900004E-05   0.102393E-04  -0.232107       0   0.102393E-04
   49.600   0.878971       0.879355E-05   0.100044E-04  -0.232107       0   0.100044E-04
   49.700   0.878971       0.859180E-05   0.977484E-05  -0.232107       0   0.977484E-05
   49.800   0.878971       0.839467E-05   0.955057E-05  -0.232107       0   0.955057E-05
   49.900   0.878971       0.820207E-05   0.933145E-05  -0.232107       0   0.933145E-05
   50.000   0.878971       0.801389E-05   0.911735E-05  -0.232107       0   0.911735E-05
   50.100   0.878971       0.783002E-05   0.890817E-05  -0.232107       0   0.890817E-05
   50.200   0.878971       0.765037E-05   0.870379E-05  -0.232107       0   0.870379E-05
   50.300   0.878971       0.747485E-05   0.850409E-05  -0.232107       0   0.850409E-05
   50.400   0.878971       0.730335E-05   0.830898E-05  -0.232107       0   0.830898E-05
   50.500   0.878971       0.713579E-05   0.811834E-05  -0.232107       0   0.811834E-05
   50.600   0.878971       0.697207E-05   0.793208E-05  -0.232107       0   0.793208E-05
   50.700   0.878971       0.681211E-05   0.775009E-05  -0.232107       0   0.775009E-05
   50.800   0.878971       0.665581E-05   0.757228E-05  -0.232107       0   0.757228E-05
   50.900   0.878971       0.650311E-05   0.739855E-05  -0.232107       0   0.739855E-05
   51.000   0.878971       0.635390E-05   0.722880E-05  -0.232107       0   0.722880E-05
   51.100   0.878971       0.620812E-05   0.706295E-05  -0.232107       0   0.706295E-05
   51.200   0.878971       0.606569E-05   0.690090E-05  -0.232107       0   0.690090E-05
   51.300   0.878971       0.592652E-05   0.674257E-05  -0.232107       0   0.674257E-05
   51.400   0.878971       0.579055E-05   0.658787E-05  -0.232107       0   0.658787E-05
   51.500   0.878971       0.565769E-05   0.643672E-05  -0.232107       0   0.643672E-05
   51.600   0.878971       0.552789E-05   0.628904E-05  -0.232107       0   0.628904E-05
   51.700   0.878971       0.540106E-05   0.614475E-05  -0.232107       0   0.614475E-05
   51.800   0.878971       0.527714E-05   0.600377E-05  -0.232107       0   0.600377E-05
   51.900   0.878971       0.515606E-05   0.586602E-05  -0.232107       0   0.586602E-05
   52.000   0.878971       0.503777E-05   0.573144E-05  -0.232107       0   0.573144E-05
   52.100   0.878971       0.492218E-05   0.559994E-05  -0.232107       0   0.559994E-05
   52.200   0.878971       0.480925E-05   0.547146E-05  -0.232107       0   0.547146E-05
   52.300   0.878971       0.469891E-05   0.534592E-05  -0.232107       0   0.534592E-05
   52.400   0.878971       0.459110E-05   0.522327E-05  -0.232107       0   0.522327E-05
   52.500   0.878971       0.448577E-05   0.510343E-05  -0.232107       0   0.510343E-05
   52.600   0.878971       0.438285E-05   0.498634E-05  -0.232107       0   0.498634E-05
   52.700   0.878971       0.428229E-05   0.487194E-05  -0.232107       0   0.487194E-05
   52.800   0.878971       0.418404E-05   0.476016E-05  -0.232107       0   0.476016E-05
   52.900   0.878971       0.408804E-05   0.465094E-05  -0.232107       0   0.465094E-05
   53.000   0.878971       0.399425E-05   0.454424E-05  -0.232107       0   0.454424E-05
   53.100   0.878971       0.390261E-05   0.443998E-05  -0.232107       0   0.443998E-05
   53.200   0.878971       0.381307E-05   0.433811E-05  -0.232107       0   0.433811E-05
   53.300   0.878971       0.372559E-05   0.423858E-05  -0.232107       0   0.423858E-05
   53.400   0.878971       0.364011E-05   0.414133E-05  -0.232107       0   0.414133E-05
   53.500   0.878971       0.355659E-05   0.404631E-05  -0.232107       0   0.404631E-05
   53.600   0.878971       0.347499E-05   0.395348E-05  -0.232107       0   0.395348E-05
   53.700   0.878971       0.339526E-05   0.386277E-05  -0.232107       0   0.386277E-05
   53.800   0.878971       0.331736E-05   0.377415E-05  -0.232107       0   0.377415E-05
   53.900   0.878971       0.324125E-05   0.368756E-05  -0.232107       0   0.368756E-05
   54.000   0.878971       0.316689E-05   0.360295E-05  -0.232107       0   0.360295E-05
   54.100   0.878971       0.309423E-05   0.352029E-05  -0.232107       0   0.352029E-05
   54.200   0.878971       0.302324E-05   0.343952E-05  -0.232107       0   0.343952E-05
   54.300   0.878971       0.295387E-05   0.336061E-05  -0.232107       0   0.336061E-05
   54.400   0.878971       0.288610E-05   0.328350E-05  -0.232107       0   0.328350E-05
   54.500   0.878971       0.281989E-05   0.320817E-05  -0.232107       0   0.320817E-05
   54.600   0.878971       0.275519E-05   0.313456E-05  -0.232107       0   0.313456E-05
   54.700   0.878971       0.269197E-05   0.306264E-05  -0.232107       0   0.306264E-05
   54.800   0.878971       0.263021E-05   0.299238E-05  -0.232107       0   0.299238E-05
   54.900   0.878971       0.256987E-05   0.292372E-05  -0.232107       0   0.292372E-05
 &
# For Channel #  2: l = 2, j =  1.5, c#  1;  k,eta =   0.23211   0.00000
    0.900   0.217305E-02   0.148317        68.2531       -2.23819       0   0.811480    
    1.000   0.300820E-02   0.166029        55.1920       -2.01770       0   0.792862    
    1.100   0.391095E-02   0.178060        45.5286       -1.83760       0   0.774671    
    1.200   0.484699E-02   0.185054        38.1792       -1.68779       0   0.756897    
    1.300   0.578958E-02   0.187930        32.4600       -1.56127       0   0.739531    
    1.400   0.671969E-02   0.187630        27.9224       -1.45306       0   0.722564    
    1.500   0.762487E-02   0.184994        24.2620       -1.35949       0   0.705986    
    1.600   0.849764E-02   0.180715        21.2665       -1.27780       0   0.689788    
    1.700   0.933401E-02   0.175333        18.7843       -1.20590       0   0.673962    
    1.800   0.101323E-01   0.169255        16.7046       -1.14216       0   0.658499    
    1.900   0.108921E-01   0.162781        14.9448       -1.08528       0   0.643391    
    2.000   0.116142E-01   0.156125        13.4426       -1.03424       0   0.628629    
    2.100   0.122994E-01   0.149441        12.1502      -0.988186       0   0.614207    
    2.200   0.129491E-01   0.142833        11.0304      -0.946449       0   0.600115    
    2.300   0.135647E-01   0.136374        10.0536      -0.908459       0   0.586346    
    2.400   0.141474E-01   0.130110        9.19675      -0.873747       0   0.572893    
    2.500   0.146987E-01   0.124070        8.44091      -0.841917       0   0.559749    
    2.600   0.152199E-01   0.118272        7.77087      -0.812635       0   0.546907    
    2.700   0.157123E-01   0.112722        7.17417      -0.785615       0   0.534359    
    2.800   0.161771E-01   0.107424        6.64053      -0.760614       0   0.522099    
    2.900   0.166156E-01   0.102375        6.16140      -0.737421       0   0.510120    
    3.000   0.170290E-01   0.975699E-01    5.72964      -0.715854       0   0.498416    
    3.100   0.174184E-01   0.930010E-01    5.33925      -0.695753       0   0.486981    
    3.200   0.177850E-01   0.886602E-01    4.98512      -0.676980       0   0.475808    
    3.300   0.181298E-01   0.845385E-01    4.66295      -0.659413       0   0.464891    
    3.400   0.184541E-01   0.806262E-01    4.36902      -0.642944       0   0.454225    
    3.500   0.187587E-01   0.769136E-01    4.10016      -0.627478       0   0.443804    
    3.600   0.190447E-01   0.733912E-01    3.85362      -0.612929       0   0.433621    
    3.700   0.193132E-01   0.700494E-01    3.62702      -0.599223       0   0.423673    
    3.800   0.195650E-01   0.668789E-01    3.41830      -0.586292       0   0.413952    
    3.900   0.198010E-01   0.638710E-01    3.22564      -0.574074       0   0.404455    
    4.000   0.200222E-01   0.610168E-01    3.04745      -0.562517       0   0.395175    
    4.100   0.202294E-01   0.583083E-01    2.88235      -0.551569       0   0.386108    
    4.200   0.204234E-01   0.557375E-01    2.72910      -0.541187       0   0.377250    
    4.300   0.206049E-01   0.532970E-01    2.58662      -0.531331       0   0.368594    
    4.400   0.207747E-01   0.509796E-01    2.45393      -0.521964       0   0.360138    
    4.500   0.209335E-01   0.487787E-01    2.33017      -0.513052       0   0.351875    
    4.600   0.210819E-01   0.466877E-01    2.21459      -0.504565       0   0.343802    
    4.700   0.212206E-01   0.447008E-01    2.10648      -0.496474       0   0.335914    
    4.800   0.213502E-01   0.428121E-01    2.00523      -0.488756       0   0.328207    
    4.900   0.214713E-01   0.410163E-01    1.91029      -0.481385       0   0.320677    
    5.000   0.215843E-01   0.393084E-01    1.82115      -0.474341       0   0.313319    
    5.100   0.216898E-01   0.376833E-01    1.73738      -0.467604       0   0.306131    
    5.200   0.217883E-01   0.361368E-01    1.65854      -0.461156       0   0.299107    
    5.300   0.218801E-01   0.346645E-01    1.58429      -0.454978       0   0.292244    
    5.400   0.219659E-01   0.332623E-01    1.51427      -0.449057       0   0.285539    
    5.500   0.220458E-01   0.319266E-01    1.44819      -0.443377       0   0.278988    
    5.600   0.221203E-01   0.306536E-01    1.38577      -0.437925       0   0.272587    
    5.700   0.221898E-01   0.294401E-01    1.32674      -0.432689       0   0.266333    
    5.800   0.222546E-01   0.282829E-01    1.27088      -0.427656       0   0.260222    
    5.900   0.223150E-01   0.271790E-01    1.21797      -0.422817       0   0.254252    
    6.000   0.223713E-01   0.261256E-01    1.16782      -0.418160       0   0.248419    
    6.100   0.224237E-01   0.251201E-01    1.12025      -0.413677       0   0.242719    
    6.200   0.224726E-01   0.241599E-01    1.07508      -0.409359       0   0.237150    
    6.300   0.225181E-01   0.232427E-01    1.03218      -0.405198       0   0.231709    
    6.400   0.225605E-01   0.223662E-01   0.991391      -0.401185       0   0.226393    
    6.500   0.225999E-01   0.215285E-01   0.952590      -0.397314       0   0.221199    
    6.600   0.226367E-01   0.207274E-01   0.915657      -0.393577       0   0.216124    
    6.700   0.226709E-01   0.199612E-01   0.880478      -0.389969       0   0.211165    
    6.800   0.227028E-01   0.192282E-01   0.846952      -0.386484       0   0.206320    
    6.900   0.227324E-01   0.185265E-01   0.814981      -0.383115       0   0.201587    
    7.000   0.227601E-01   0.178547E-01   0.784477      -0.379858       0   0.196962    
    7.100   0.227858E-01   0.172114E-01   0.755356      -0.376707       0   0.192443    
    7.200   0.228097E-01   0.165950E-01   0.727542      -0.373659       0   0.188027    
    7.300   0.228319E-01   0.160043E-01   0.700963      -0.370707       0   0.183713    
    7.400   0.228526E-01   0.154381E-01   0.675550      -0.367849       0   0.179498    
    7.500   0.228719E-01   0.148952E-01   0.651242      -0.365080       0   0.175380    
    7.600   0.228899E-01   0.143744E-01   0.627980      -0.362396       0   0.171356    
    7.700   0.229065E-01   0.138747E-01   0.605709      -0.359795       0   0.167425    
    7.800   0.229221E-01   0.133951E-01   0.584378      -0.357272       0   0.163584    
    7.900   0.229365E-01   0.129348E-01   0.563937      -0.354824       0   0.159830    
    8.000   0.229499E-01   0.124926E-01   0.544343      -0.352448       0   0.156163    
    8.100   0.229624E-01   0.120680E-01   0.525553      -0.350142       0   0.152580    
    8.200   0.229741E-01   0.116600E-01   0.507527      -0.347903       0   0.149080    
    8.300   0.229849E-01   0.112678E-01   0.490227      -0.345727       0   0.145659    
    8.400   0.229949E-01   0.108908E-01   0.473618      -0.343613       0   0.142317    
    8.500   0.230043E-01   0.105283E-01   0.457668      -0.341559       0   0.139052    
    8.600   0.230130E-01   0.101797E-01   0.442344      -0.339561       0   0.135862    
    8.700   0.230211E-01   0.984421E-02   0.427618      -0.337619       0   0.132745    
    8.800   0.230286E-01   0.952141E-02   0.413461      -0.335729       0   0.129699    
    8.900   0.230356E-01   0.921071E-02   0.399847      -0.333891       0   0.126723    
    9.000   0.230421E-01   0.891156E-02   0.386752      -0.332101       0   0.123816    
    9.100   0.230481E-01   0.862348E-02   0.374151      -0.330359       0   0.120975    
    9.200   0.230537E-01   0.834600E-02   0.362024      -0.328662       0   0.118200    
    9.300   0.230590E-01   0.807866E-02   0.350348      -0.327010       0   0.115488    
    9.400   0.230638E-01   0.782103E-02   0.339104      -0.325400       0   0.112838    
    9.500   0.230683E-01   0.757271E-02   0.328273      -0.323831       0   0.110249    
    9.600   0.230725E-01   0.733331E-02   0.317837      -0.322301       0   0.107720    
    9.700   0.230765E-01   0.710246E-02   0.307780      -0.320810       0   0.105248    
    9.800   0.230801E-01   0.687981E-02   0.298084      -0.319356       0   0.102833    
    9.900   0.230835E-01   0.666501E-02   0.288736      -0.317938       0   0.100474    
   10.000   0.230866E-01   0.645777E-02   0.279719      -0.316554       0   0.981689E-01
   10.100   0.230895E-01   0.625776E-02   0.271022      -0.315204       0   0.959165E-01
   10.200   0.230922E-01   0.606470E-02   0.262630      -0.313887       0   0.937159E-01
   10.300   0.230947E-01   0.587832E-02   0.254531      -0.312600       0   0.915657E-01
   10.400   0.230971E-01   0.569834E-02   0.246713      -0.311344       0   0.894649E-01
   10.500   0.230993E-01   0.552452E-02   0.239164      -0.310118       0   0.874123E-01
   10.600   0.231013E-01   0.535662E-02   0.231875      -0.308919       0   0.854067E-01
   10.700   0.231032E-01   0.519440E-02   0.224835      -0.307749       0   0.834472E-01
   10.800   0.231049E-01   0.503765E-02   0.218034      -0.306605       0   0.815327E-01
   10.900   0.231065E-01   0.488615E-02   0.211462      -0.305487       0   0.796620E-01
   11.000   0.231081E-01   0.473971E-02   0.205111      -0.304394       0   0.778343E-01
   11.100   0.231095E-01   0.459814E-02   0.198972      -0.303326       0   0.760485E-01
   11.200   0.231108E-01   0.446124E-02   0.193038      -0.302281       0   0.743037E-01
   11.300   0.231120E-01   0.432886E-02   0.187299      -0.301260       0   0.725990E-01
   11.400   0.231131E-01   0.420081E-02   0.181750      -0.300260       0   0.709333E-01
   11.500   0.231142E-01   0.407693E-02   0.176382      -0.299282       0   0.693058E-01
   11.600   0.231151E-01   0.395708E-02   0.171190      -0.298325       0   0.677157E-01
   11.700   0.231160E-01   0.384111E-02   0.166166      -0.297389       0   0.661621E-01
   11.800   0.231169E-01   0.372886E-02   0.161305      -0.296472       0   0.646441E-01
   11.900   0.231177E-01   0.362022E-02   0.156600      -0.295575       0   0.631610E-01
   12.000   0.231184E-01   0.351505E-02   0.152046      -0.294697       0   0.617118E-01
   12.100   0.231191E-01   0.341322E-02   0.147637      -0.293836       0   0.602960E-01
   12.200   0.231197E-01   0.331462E-02   0.143368      -0.292993       0   0.589126E-01
   12.300   0.231203E-01   0.321912E-02   0.139234      -0.292168       0   0.575609E-01
   12.400   0.231208E-01   0.312663E-02   0.135230      -0.291359       0   0.562403E-01
   12.500   0.231213E-01   0.303704E-02   0.131352      -0.290567       0   0.549499E-01
   12.600   0.231218E-01   0.295024E-02   0.127595      -0.289790       0   0.536892E-01
   12.700   0.231222E-01   0.286613E-02   0.123956      -0.289029       0   0.524574E-01
   12.800   0.231226E-01   0.278463E-02   0.120429      -0.288283       0   0.512538E-01
   12.900   0.231230E-01   0.270564E-02   0.117011      -0.287551       0   0.500779E-01
   13.000   0.231234E-01   0.262908E-02   0.113698      -0.286834       0   0.489289E-01
   13.100   0.231237E-01   0.255487E-02   0.110487      -0.286131       0   0.478064E-01
   13.200   0.231240E-01   0.248292E-02   0.107374      -0.285441       0   0.467095E-01
   13.300   0.231243E-01   0.241316E-02   0.104356      -0.284764       0   0.456378E-01
   13.400   0.231245E-01   0.234552E-02   0.101430      -0.284100       0   0.445908E-01
   13.500   0.231248E-01   0.227992E-02   0.985920E-01  -0.283449       0   0.435677E-01
   13.600   0.231250E-01   0.221629E-02   0.958398E-01  -0.282810       0   0.425681E-01
   13.700   0.231252E-01   0.215458E-02   0.931702E-01  -0.282183       0   0.415914E-01
   13.800   0.231254E-01   0.209471E-02   0.905807E-01  -0.281567       0   0.406372E-01
   13.900   0.231256E-01   0.203663E-02   0.880684E-01  -0.280963       0   0.397048E-01
   14.000   0.231257E-01   0.198028E-02   0.856310E-01  -0.280369       0   0.387939E-01
   14.100   0.231259E-01   0.192560E-02   0.832660E-01  -0.279787       0   0.379038E-01
   14.200   0.231260E-01   0.187254E-02   0.809709E-01  -0.279215       0   0.370342E-01
   14.300   0.231262E-01   0.182104E-02   0.787436E-01  -0.278653       0   0.361845E-01
   14.400   0.231263E-01   0.177105E-02   0.765818E-01  -0.278101       0   0.353543E-01
   14.500   0.231264E-01   0.172253E-02   0.744834E-01  -0.277559       0   0.345432E-01
   14.600   0.231265E-01   0.167543E-02   0.724464E-01  -0.277027       0   0.337506E-01
   14.700   0.231266E-01   0.162971E-02   0.704688E-01  -0.276504       0   0.329763E-01
   14.800   0.231267E-01   0.158531E-02   0.685488E-01  -0.275990       0   0.322197E-01
   14.900   0.231268E-01   0.154220E-02   0.666845E-01  -0.275484       0   0.314804E-01
   15.000   0.231269E-01   0.150034E-02   0.648741E-01  -0.274988       0   0.307582E-01
   15.100   0.231270E-01   0.145968E-02   0.631160E-01  -0.274500       0   0.300525E-01
   15.200   0.231270E-01   0.142020E-02   0.614085E-01  -0.274020       0   0.293630E-01
   15.300   0.231271E-01   0.138185E-02   0.597501E-01  -0.273549       0   0.286893E-01
   15.400   0.231272E-01   0.134459E-02   0.581391E-01  -0.273085       0   0.280311E-01
   15.500   0.231272E-01   0.130840E-02   0.565742E-01  -0.272629       0   0.273879E-01
   15.600   0.231273E-01   0.127325E-02   0.550539E-01  -0.272181       0   0.267596E-01
   15.700   0.231273E-01   0.123909E-02   0.535768E-01  -0.271740       0   0.261456E-01
   15.800   0.231274E-01   0.120590E-02   0.521417E-01  -0.271306       0   0.255457E-01
   15.900   0.231274E-01   0.117365E-02   0.507471E-01  -0.270880       0   0.249596E-01
   16.000   0.231274E-01   0.114231E-02   0.493920E-01  -0.270460       0   0.243870E-01
   16.100   0.231275E-01   0.111185E-02   0.480750E-01  -0.270047       0   0.238275E-01
   16.200   0.231275E-01   0.108225E-02   0.467951E-01  -0.269641       0   0.232808E-01
   16.300   0.231275E-01   0.105348E-02   0.455511E-01  -0.269241       0   0.227466E-01
   16.400   0.231276E-01   0.102552E-02   0.443419E-01  -0.268848       0   0.222248E-01
   16.500   0.231276E-01   0.998337E-03   0.431665E-01  -0.268461       0   0.217148E-01
   16.600   0.231276E-01   0.971912E-03   0.420239E-01  -0.268080       0   0.212166E-01
   16.700   0.231277E-01   0.946222E-03   0.409130E-01  -0.267705       0   0.207299E-01
   16.800   0.231277E-01   0.921245E-03   0.398330E-01  -0.267335       0   0.202542E-01
   16.900   0.231277E-01   0.896960E-03   0.387830E-01  -0.266972       0   0.197895E-01
   17.000   0.231277E-01   0.873347E-03   0.377619E-01  -0.266614       0   0.193355E-01
   17.100   0.231277E-01   0.850386E-03   0.367691E-01  -0.266262       0   0.188919E-01
   17.200   0.231277E-01   0.828057E-03   0.358036E-01  -0.265914       0   0.184584E-01
   17.300   0.231278E-01   0.806343E-03   0.348647E-01  -0.265573       0   0.180349E-01
   17.400   0.231278E-01   0.785224E-03   0.339515E-01  -0.265236       0   0.176212E-01
   17.500   0.231278E-01   0.764684E-03   0.330634E-01  -0.264904       0   0.172169E-01
   17.600   0.231278E-01   0.744706E-03   0.321996E-01  -0.264578       0   0.168219E-01
   17.700   0.231278E-01   0.725273E-03   0.313593E-01  -0.264256       0   0.164359E-01
   17.800   0.231278E-01   0.706369E-03   0.305420E-01  -0.263939       0   0.160588E-01
   17.900   0.231278E-01   0.687981E-03   0.297469E-01  -0.263627       0   0.156904E-01
   18.000   0.231278E-01   0.670091E-03   0.289734E-01  -0.263319       0   0.153304E-01
   18.100   0.231279E-01   0.652687E-03   0.282208E-01  -0.263016       0   0.149786E-01
   18.200   0.231279E-01   0.635754E-03   0.274887E-01  -0.262717       0   0.146350E-01
   18.300   0.231279E-01   0.619278E-03   0.267763E-01  -0.262422       0   0.142992E-01
   18.400   0.231279E-01   0.603247E-03   0.260831E-01  -0.262132       0   0.139711E-01
   18.500   0.231279E-01   0.587648E-03   0.254087E-01  -0.261846       0   0.136506E-01
   18.600   0.231279E-01   0.572469E-03   0.247523E-01  -0.261563       0   0.133374E-01
   18.700   0.231279E-01   0.557697E-03   0.241136E-01  -0.261285       0   0.130314E-01
   18.800   0.231279E-01   0.543322E-03   0.234921E-01  -0.261011       0   0.127324E-01
   18.900   0.231279E-01   0.529331E-03   0.228871E-01  -0.260741       0   0.124403E-01
   19.000   0.231279E-01   0.515715E-03   0.222984E-01  -0.260474       0   0.121549E-01
   19.100   0.231279E-01   0.502462E-03   0.217253E-01  -0.260211       0   0.118760E-01
   19.200   0.231279E-01   0.489562E-03   0.211676E-01  -0.259952       0   0.116035E-01
   19.300   0.231279E-01   0.477006E-03   0.206247E-01  -0.259696       0   0.113373E-01
   19.400   0.231279E-01   0.464784E-03   0.200962E-01  -0.259444       0   0.110772E-01
   19.500   0.231279E-01   0.452886E-03   0.195818E-01  -0.259195       0   0.108230E-01
   19.600   0.231279E-01   0.441304E-03   0.190810E-01  -0.258950       0   0.105747E-01
   19.700   0.231279E-01   0.430028E-03   0.185935E-01  -0.258708       0   0.103321E-01
   19.800   0.231279E-01   0.419051E-03   0.181188E-01  -0.258469       0   0.100950E-01
   19.900   0.231279E-01   0.408363E-03   0.176567E-01  -0.258234       0   0.986343E-02
   20.000   0.231279E-01   0.397958E-03   0.172068E-01  -0.258001       0   0.963713E-02
   20.100   0.231279E-01   0.387826E-03   0.167687E-01  -0.257772       0   0.941602E-02
   20.200   0.231279E-01   0.377961E-03   0.163422E-01  -0.257546       0   0.919998E-02
   20.300   0.231279E-01   0.368355E-03   0.159269E-01  -0.257322       0   0.898890E-02
   20.400   0.231279E-01   0.359002E-03   0.155224E-01  -0.257102       0   0.878267E-02
   20.500   0.231279E-01   0.349893E-03   0.151286E-01  -0.256884       0   0.858116E-02
   20.600   0.231279E-01   0.341023E-03   0.147451E-01  -0.256670       0   0.838428E-02
   20.700   0.231279E-01   0.332385E-03   0.143716E-01  -0.256458       0   0.819192E-02
   20.800   0.231279E-01   0.323972E-03   0.140078E-01  -0.256249       0   0.800397E-02
   20.900   0.231279E-01   0.315779E-03   0.136536E-01  -0.256042       0   0.782033E-02
   21.000   0.231279E-01   0.307800E-03   0.133086E-01  -0.255838       0   0.764091E-02
   21.100   0.231279E-01   0.300028E-03   0.129725E-01  -0.255637       0   0.746560E-02
   21.200   0.231280E-01   0.292458E-03   0.126452E-01  -0.255438       0   0.729431E-02
   21.300   0.231280E-01   0.285085E-03   0.123264E-01  -0.255242       0   0.712696E-02
   21.400   0.231280E-01   0.277904E-03   0.120159E-01  -0.255048       0   0.696344E-02
   21.500   0.231280E-01   0.270908E-03   0.117134E-01  -0.254857       0   0.680368E-02
   21.600   0.231280E-01   0.264093E-03   0.114188E-01  -0.254668       0   0.664758E-02
   21.700   0.231280E-01   0.257455E-03   0.111318E-01  -0.254481       0   0.649506E-02
   21.800   0.231280E-01   0.250988E-03   0.108522E-01  -0.254297       0   0.634604E-02
   21.900   0.231280E-01   0.244689E-03   0.105798E-01  -0.254115       0   0.620044E-02
   22.000   0.231280E-01   0.238551E-03   0.103144E-01  -0.253935       0   0.605818E-02
   22.100   0.231280E-01   0.232572E-03   0.100559E-01  -0.253757       0   0.591919E-02
   22.200   0.231280E-01   0.226746E-03   0.980399E-02  -0.253582       0   0.578338E-02
   22.300   0.231280E-01   0.221071E-03   0.955859E-02  -0.253409       0   0.565069E-02
   22.400   0.231280E-01   0.215541E-03   0.931949E-02  -0.253237       0   0.552104E-02
   22.500   0.231280E-01   0.210153E-03   0.908653E-02  -0.253068       0   0.539437E-02
   22.600   0.231280E-01   0.204903E-03   0.885954E-02  -0.252901       0   0.527061E-02
   22.700   0.231280E-01   0.199788E-03   0.863836E-02  -0.252736       0   0.514968E-02
   22.800   0.231280E-01   0.194803E-03   0.842284E-02  -0.252573       0   0.503153E-02
   22.900   0.231280E-01   0.189946E-03   0.821283E-02  -0.252411       0   0.491609E-02
   23.000   0.231280E-01   0.185213E-03   0.800819E-02  -0.252252       0   0.480330E-02
   23.100   0.231280E-01   0.180601E-03   0.780877E-02  -0.252094       0   0.469310E-02
   23.200   0.231280E-01   0.176106E-03   0.761444E-02  -0.251939       0   0.458542E-02
   23.300   0.231280E-01   0.171726E-03   0.742505E-02  -0.251785       0   0.448022E-02
   23.400   0.231280E-01   0.167458E-03   0.724049E-02  -0.251633       0   0.437742E-02
   23.500   0.231280E-01   0.163298E-03   0.706062E-02  -0.251482       0   0.427699E-02
   23.600   0.231280E-01   0.159244E-03   0.688533E-02  -0.251334       0   0.417886E-02
   23.700   0.231280E-01   0.155292E-03   0.671448E-02  -0.251187       0   0.408299E-02
   23.800   0.231280E-01   0.151441E-03   0.654797E-02  -0.251042       0   0.398931E-02
   23.900   0.231280E-01   0.147688E-03   0.638568E-02  -0.250898       0   0.389778E-02
   24.000   0.231280E-01   0.144029E-03   0.622750E-02  -0.250756       0   0.380835E-02
   24.100   0.231280E-01   0.140464E-03   0.607333E-02  -0.250616       0   0.372098E-02
   24.200   0.231280E-01   0.136988E-03   0.592305E-02  -0.250477       0   0.363560E-02
   24.300   0.231280E-01   0.133600E-03   0.577658E-02  -0.250340       0   0.355219E-02
   24.400   0.231280E-01   0.130298E-03   0.563380E-02  -0.250204       0   0.347069E-02
   24.500   0.231280E-01   0.127080E-03   0.549463E-02  -0.250070       0   0.339106E-02
   24.600   0.231280E-01   0.123942E-03   0.535896E-02  -0.249937       0   0.331326E-02
   24.700   0.231280E-01   0.120883E-03   0.522672E-02  -0.249806       0   0.323724E-02
   24.800   0.231280E-01   0.117902E-03   0.509780E-02  -0.249676       0   0.316297E-02
   24.900   0.231280E-01   0.114995E-03   0.497213E-02  -0.249548       0   0.309040E-02
   25.000   0.231280E-01   0.112162E-03   0.484962E-02  -0.249421       0   0.301950E-02
   25.100   0.231280E-01   0.109399E-03   0.473018E-02  -0.249295       0   0.295022E-02
   25.200   0.231280E-01   0.106707E-03   0.461375E-02  -0.249171       0   0.288253E-02
   25.300   0.231280E-01   0.104081E-03   0.450023E-02  -0.249048       0   0.281640E-02
   25.400   0.231280E-01   0.101522E-03   0.438957E-02  -0.248926       0   0.275178E-02
   25.500   0.231280E-01   0.990264E-04   0.428168E-02  -0.248806       0   0.268864E-02
   25.600   0.231280E-01   0.965936E-04   0.417648E-02  -0.248687       0   0.262696E-02
   25.700   0.231280E-01   0.942216E-04   0.407392E-02  -0.248569       0   0.256668E-02
   25.800   0.231280E-01   0.919089E-04   0.397393E-02  -0.248453       0   0.250780E-02
   25.900   0.231280E-01   0.896541E-04   0.387644E-02  -0.248338       0   0.245026E-02
   26.000   0.231280E-01   0.874555E-04   0.378138E-02  -0.248224       0   0.239404E-02
   26.100   0.231280E-01   0.853119E-04   0.368869E-02  -0.248111       0   0.233911E-02
   26.200   0.231280E-01   0.832217E-04   0.359832E-02  -0.247999       0   0.228545E-02
   26.300   0.231280E-01   0.811837E-04   0.351020E-02  -0.247889       0   0.223301E-02
   26.400   0.231280E-01   0.791964E-04   0.342427E-02  -0.247779       0   0.218178E-02
   26.500   0.231280E-01   0.772586E-04   0.334048E-02  -0.247671       0   0.213172E-02
   26.600   0.231280E-01   0.753690E-04   0.325878E-02  -0.247564       0   0.208281E-02
   26.700   0.231280E-01   0.735265E-04   0.317912E-02  -0.247458       0   0.203503E-02
   26.800   0.231280E-01   0.717297E-04   0.310143E-02  -0.247353       0   0.198834E-02
   26.900   0.231280E-01   0.699776E-04   0.302567E-02  -0.247249       0   0.194272E-02
   27.000   0.231280E-01   0.682689E-04   0.295179E-02  -0.247146       0   0.189814E-02
   27.100   0.231280E-01   0.666027E-04   0.287975E-02  -0.247045       0   0.185459E-02
   27.200   0.231280E-01   0.649778E-04   0.280949E-02  -0.246944       0   0.181204E-02
   27.300   0.231280E-01   0.633932E-04   0.274098E-02  -0.246844       0   0.177047E-02
   27.400   0.231280E-01   0.618478E-04   0.267416E-02  -0.246745       0   0.172985E-02
   27.500   0.231280E-01   0.603407E-04   0.260900E-02  -0.246648       0   0.169016E-02
   27.600   0.231280E-01   0.588709E-04   0.254544E-02  -0.246551       0   0.165138E-02
   27.700   0.231280E-01   0.574375E-04   0.248347E-02  -0.246455       0   0.161349E-02
   27.800   0.231280E-01   0.560395E-04   0.242302E-02  -0.246360       0   0.157647E-02
   27.900   0.231280E-01   0.546760E-04   0.236407E-02  -0.246267       0   0.154031E-02
   28.000   0.231280E-01   0.533462E-04   0.230657E-02  -0.246174       0   0.150497E-02
   28.100   0.231280E-01   0.520492E-04   0.225049E-02  -0.246081       0   0.147044E-02
   28.200   0.231280E-01   0.507843E-04   0.219580E-02  -0.245990       0   0.143670E-02
   28.300   0.231280E-01   0.495505E-04   0.214245E-02  -0.245900       0   0.140374E-02
   28.400   0.231280E-01   0.483471E-04   0.209042E-02  -0.245811       0   0.137153E-02
   28.500   0.231280E-01   0.471734E-04   0.203967E-02  -0.245722       0   0.134006E-02
   28.600   0.231280E-01   0.460286E-04   0.199017E-02  -0.245634       0   0.130932E-02
   28.700   0.231280E-01   0.449119E-04   0.194189E-02  -0.245548       0   0.127928E-02
   28.800   0.231280E-01   0.438227E-04   0.189479E-02  -0.245462       0   0.124993E-02
   28.900   0.231280E-01   0.427603E-04   0.184886E-02  -0.245376       0   0.122125E-02
   29.000   0.231280E-01   0.417240E-04   0.180405E-02  -0.245292       0   0.119323E-02
   29.100   0.231280E-01   0.407132E-04   0.176035E-02  -0.245209       0   0.116585E-02
   29.200   0.231280E-01   0.397272E-04   0.171771E-02  -0.245126       0   0.113910E-02
   29.300   0.231280E-01   0.387654E-04   0.167613E-02  -0.245044       0   0.111297E-02
   29.400   0.231280E-01   0.378271E-04   0.163556E-02  -0.244963       0   0.108743E-02
   29.500   0.231280E-01   0.369119E-04   0.159599E-02  -0.244882       0   0.106248E-02
   29.600   0.231280E-01   0.360191E-04   0.155738E-02  -0.244802       0   0.103811E-02
   29.700   0.231280E-01   0.351482E-04   0.151973E-02  -0.244723       0   0.101429E-02
   29.800   0.231280E-01   0.342986E-04   0.148299E-02  -0.244645       0   0.991019E-03
   29.900   0.231280E-01   0.334699E-04   0.144716E-02  -0.244568       0   0.968281E-03
   30.000   0.231280E-01   0.326613E-04   0.141220E-02  -0.244491       0   0.946066E-03
   30.100   0.231280E-01   0.318726E-04   0.137810E-02  -0.244415       0   0.924360E-03
   30.200   0.231280E-01   0.311032E-04   0.134483E-02  -0.244339       0   0.903152E-03
   30.300   0.231280E-01   0.303525E-04   0.131237E-02  -0.244265       0   0.882430E-03
   30.400   0.231280E-01   0.296202E-04   0.128071E-02  -0.244191       0   0.862185E-03
   30.500   0.231280E-01   0.289058E-04   0.124982E-02  -0.244117       0   0.842403E-03
   30.600   0.231280E-01   0.282088E-04   0.121968E-02  -0.244045       0   0.823076E-03
   30.700   0.231280E-01   0.275288E-04   0.119028E-02  -0.243973       0   0.804191E-03
   30.800   0.231280E-01   0.268654E-04   0.116160E-02  -0.243901       0   0.785741E-03
   30.900   0.231280E-01   0.262181E-04   0.113361E-02  -0.243831       0   0.767713E-03
   31.000   0.231280E-01   0.255867E-04   0.110631E-02  -0.243760       0   0.750099E-03
   31.100   0.231280E-01   0.249706E-04   0.107967E-02  -0.243691       0   0.732889E-03
   31.200   0.231280E-01   0.243695E-04   0.105368E-02  -0.243622       0   0.716074E-03
   31.300   0.231280E-01   0.237831E-04   0.102833E-02  -0.243554       0   0.699645E-03
   31.400   0.231280E-01   0.232109E-04   0.100359E-02  -0.243486       0   0.683593E-03
   31.500   0.231280E-01   0.226527E-04   0.979450E-03  -0.243419       0   0.667909E-03
   31.600   0.231280E-01   0.221080E-04   0.955899E-03  -0.243353       0   0.652585E-03
   31.700   0.231280E-01   0.215766E-04   0.932921E-03  -0.243287       0   0.637613E-03
   31.800   0.231280E-01   0.210580E-04   0.910501E-03  -0.243222       0   0.622984E-03
   31.900   0.231280E-01   0.205521E-04   0.888625E-03  -0.243157       0   0.608690E-03
   32.000   0.231280E-01   0.200584E-04   0.867281E-03  -0.243093       0   0.594725E-03
   32.100   0.231280E-01   0.195768E-04   0.846455E-03  -0.243029       0   0.581080E-03
   32.200   0.231280E-01   0.191068E-04   0.826134E-03  -0.242966       0   0.567748E-03
   32.300   0.231280E-01   0.186482E-04   0.806307E-03  -0.242904       0   0.554722E-03
   32.400   0.231280E-01   0.182008E-04   0.786959E-03  -0.242842       0   0.541995E-03
   32.500   0.231280E-01   0.177642E-04   0.768081E-03  -0.242780       0   0.529559E-03
   32.600   0.231280E-01   0.173381E-04   0.749661E-03  -0.242719       0   0.517410E-03
   32.700   0.231280E-01   0.169224E-04   0.731686E-03  -0.242659       0   0.505538E-03
   32.800   0.231280E-01   0.165168E-04   0.714147E-03  -0.242599       0   0.493940E-03
   32.900   0.231280E-01   0.161209E-04   0.697032E-03  -0.242540       0   0.482607E-03
   33.000   0.231280E-01   0.157347E-04   0.680332E-03  -0.242481       0   0.471534E-03
   33.100   0.231280E-01   0.153578E-04   0.664036E-03  -0.242422       0   0.460716E-03
   33.200   0.231280E-01   0.149900E-04   0.648133E-03  -0.242365       0   0.450145E-03
   33.300   0.231280E-01   0.146311E-04   0.632616E-03  -0.242307       0   0.439818E-03
   33.400   0.231280E-01   0.142809E-04   0.617473E-03  -0.242250       0   0.429727E-03
   33.500   0.231280E-01   0.139391E-04   0.602696E-03  -0.242194       0   0.419867E-03
   33.600   0.231280E-01   0.136056E-04   0.588276E-03  -0.242138       0   0.410234E-03
   33.700   0.231280E-01   0.132802E-04   0.574204E-03  -0.242082       0   0.400822E-03
   33.800   0.231280E-01   0.129626E-04   0.560472E-03  -0.242027       0   0.391626E-03
   33.900   0.231280E-01   0.126527E-04   0.547072E-03  -0.241973       0   0.382641E-03
   34.000   0.231280E-01   0.123502E-04   0.533994E-03  -0.241918       0   0.373862E-03
   34.100   0.231280E-01   0.120550E-04   0.521232E-03  -0.241865       0   0.365284E-03
   34.200   0.231280E-01   0.117670E-04   0.508778E-03  -0.241812       0   0.356903E-03
   34.300   0.231280E-01   0.114859E-04   0.496624E-03  -0.241759       0   0.348714E-03
   34.400   0.231280E-01   0.112116E-04   0.484763E-03  -0.241706       0   0.340714E-03
   34.500   0.231280E-01   0.109439E-04   0.473188E-03  -0.241654       0   0.332897E-03
   34.600   0.231280E-01   0.106826E-04   0.461891E-03  -0.241603       0   0.325259E-03
   34.700   0.231280E-01   0.104276E-04   0.450867E-03  -0.241552       0   0.317796E-03
   34.800   0.231280E-01   0.101788E-04   0.440108E-03  -0.241501       0   0.310505E-03
   34.900   0.231280E-01   0.993594E-05   0.429607E-03  -0.241451       0   0.303381E-03
   35.000   0.231280E-01   0.969894E-05   0.419360E-03  -0.241401       0   0.296420E-03
   35.100   0.231280E-01   0.946763E-05   0.409359E-03  -0.241351       0   0.289620E-03
   35.200   0.231280E-01   0.924189E-05   0.399598E-03  -0.241302       0   0.282975E-03
   35.300   0.231280E-01   0.902157E-05   0.390072E-03  -0.241253       0   0.276482E-03
   35.400   0.231280E-01   0.880655E-05   0.380775E-03  -0.241205       0   0.270139E-03
   35.500   0.231280E-01   0.859669E-05   0.371701E-03  -0.241157       0   0.263941E-03
   35.600   0.231280E-01   0.839187E-05   0.362845E-03  -0.241109       0   0.257885E-03
   35.700   0.231280E-01   0.819198E-05   0.354202E-03  -0.241062       0   0.251969E-03
   35.800   0.231280E-01   0.799688E-05   0.345767E-03  -0.241015       0   0.246188E-03
   35.900   0.231280E-01   0.780647E-05   0.337534E-03  -0.240969       0   0.240539E-03
   36.000   0.231280E-01   0.762062E-05   0.329498E-03  -0.240923       0   0.235020E-03
   36.100   0.231280E-01   0.743923E-05   0.321655E-03  -0.240877       0   0.229628E-03
   36.200   0.231280E-01   0.726220E-05   0.314001E-03  -0.240832       0   0.224360E-03
   36.300   0.231280E-01   0.708940E-05   0.306530E-03  -0.240787       0   0.219212E-03
   36.400   0.231280E-01   0.692076E-05   0.299238E-03  -0.240742       0   0.214183E-03
   36.500   0.231280E-01   0.675615E-05   0.292120E-03  -0.240697       0   0.209269E-03
   36.600   0.231280E-01   0.659549E-05   0.285174E-03  -0.240653       0   0.204467E-03
   36.700   0.231280E-01   0.643867E-05   0.278393E-03  -0.240610       0   0.199776E-03
   36.800   0.231280E-01   0.628561E-05   0.271776E-03  -0.240566       0   0.195193E-03
   36.900   0.231280E-01   0.613622E-05   0.265316E-03  -0.240523       0   0.190714E-03
   37.000   0.231280E-01   0.599040E-05   0.259011E-03  -0.240481       0   0.186339E-03
   37.100   0.231280E-01   0.584808E-05   0.252857E-03  -0.240438       0   0.182063E-03
   37.200   0.231280E-01   0.570916E-05   0.246851E-03  -0.240396       0   0.177886E-03
   37.300   0.231280E-01   0.557356E-05   0.240988E-03  -0.240355       0   0.173805E-03
   37.400   0.231280E-01   0.544120E-05   0.235265E-03  -0.240313       0   0.169817E-03
   37.500   0.231280E-01   0.531201E-05   0.229679E-03  -0.240272       0   0.165921E-03
   37.600   0.231280E-01   0.518591E-05   0.224227E-03  -0.240231       0   0.162114E-03
   37.700   0.231280E-01   0.506283E-05   0.218905E-03  -0.240191       0   0.158395E-03
   37.800   0.231280E-01   0.494268E-05   0.213710E-03  -0.240151       0   0.154761E-03
   37.900   0.231280E-01   0.482540E-05   0.208639E-03  -0.240111       0   0.151210E-03
   38.000   0.231280E-01   0.471093E-05   0.203690E-03  -0.240071       0   0.147741E-03
   38.100   0.231280E-01   0.459919E-05   0.198858E-03  -0.240032       0   0.144351E-03
   38.200   0.231280E-01   0.449012E-05   0.194142E-03  -0.239993       0   0.141039E-03
   38.300   0.231280E-01   0.438365E-05   0.189539E-03  -0.239954       0   0.137803E-03
   38.400   0.231280E-01   0.427972E-05   0.185045E-03  -0.239916       0   0.134642E-03
   38.500   0.231280E-01   0.417828E-05   0.180659E-03  -0.239877       0   0.131552E-03
   38.600   0.231280E-01   0.407925E-05   0.176377E-03  -0.239840       0   0.128534E-03
   38.700   0.231280E-01   0.398258E-05   0.172198E-03  -0.239802       0   0.125585E-03
   38.800   0.231280E-01   0.388822E-05   0.168118E-03  -0.239765       0   0.122704E-03
   38.900   0.231280E-01   0.379611E-05   0.164135E-03  -0.239728       0   0.119889E-03
   39.000   0.231280E-01   0.370620E-05   0.160248E-03  -0.239691       0   0.117138E-03
   39.100   0.231280E-01   0.361843E-05   0.156453E-03  -0.239654       0   0.114450E-03
   39.200   0.231280E-01   0.353275E-05   0.152748E-03  -0.239618       0   0.111825E-03
   39.300   0.231280E-01   0.344911E-05   0.149132E-03  -0.239582       0   0.109259E-03
   39.400   0.231280E-01   0.336746E-05   0.145601E-03  -0.239546       0   0.106752E-03
   39.500   0.231280E-01   0.328776E-05   0.142155E-03  -0.239511       0   0.104303E-03
   39.600   0.231280E-01   0.320996E-05   0.138791E-03  -0.239475       0   0.101910E-03
   39.700   0.231280E-01   0.313400E-05   0.135507E-03  -0.239440       0   0.995717E-04
   39.800   0.231280E-01   0.305986E-05   0.132301E-03  -0.239406       0   0.972872E-04
   39.900   0.231280E-01   0.298748E-05   0.129172E-03  -0.239371       0   0.950551E-04
   40.000   0.231280E-01   0.291682E-05   0.126117E-03  -0.239337       0   0.928742E-04
   40.100   0.231280E-01   0.284785E-05   0.123134E-03  -0.239303       0   0.907433E-04
   40.200   0.231280E-01   0.278051E-05   0.120223E-03  -0.239269       0   0.886614E-04
   40.300   0.231280E-01   0.271478E-05   0.117381E-03  -0.239236       0   0.866272E-04
   40.400   0.231280E-01   0.265060E-05   0.114606E-03  -0.239202       0   0.846397E-04
   40.500   0.231280E-01   0.258796E-05   0.111897E-03  -0.239169       0   0.826978E-04
   40.600   0.231280E-01   0.252680E-05   0.109253E-03  -0.239137       0   0.808004E-04
   40.700   0.231280E-01   0.246710E-05   0.106672E-03  -0.239104       0   0.789466E-04
   40.800   0.231280E-01   0.240881E-05   0.104151E-03  -0.239072       0   0.771353E-04
   40.900   0.231280E-01   0.235191E-05   0.101691E-03  -0.239039       0   0.753655E-04
   41.000   0.231280E-01   0.229636E-05   0.992893E-04  -0.239007       0   0.736364E-04
   41.100   0.231280E-01   0.224213E-05   0.969445E-04  -0.238976       0   0.719469E-04
   41.200   0.231280E-01   0.218919E-05   0.946554E-04  -0.238944       0   0.702962E-04
   41.300   0.231280E-01   0.213750E-05   0.924206E-04  -0.238913       0   0.686834E-04
   41.400   0.231280E-01   0.208704E-05   0.902389E-04  -0.238882       0   0.671075E-04
   41.500   0.231280E-01   0.203778E-05   0.881089E-04  -0.238851       0   0.655679E-04
   41.600   0.231280E-01   0.198969E-05   0.860295E-04  -0.238820       0   0.640635E-04
   41.700   0.231280E-01   0.194273E-05   0.839994E-04  -0.238790       0   0.625937E-04
   41.800   0.231280E-01   0.189690E-05   0.820174E-04  -0.238760       0   0.611576E-04
   41.900   0.231280E-01   0.185215E-05   0.800825E-04  -0.238730       0   0.597544E-04
   42.000   0.231280E-01   0.180846E-05   0.781935E-04  -0.238700       0   0.583835E-04
   42.100   0.231280E-01   0.176580E-05   0.763492E-04  -0.238670       0   0.570439E-04
   42.200   0.231280E-01   0.172416E-05   0.745486E-04  -0.238641       0   0.557352E-04
   42.300   0.231280E-01   0.168350E-05   0.727908E-04  -0.238612       0   0.544564E-04
   42.400   0.231280E-01   0.164381E-05   0.710746E-04  -0.238583       0   0.532070E-04
   42.500   0.231280E-01   0.160506E-05   0.693990E-04  -0.238554       0   0.519862E-04
   42.600   0.231280E-01   0.156722E-05   0.677632E-04  -0.238525       0   0.507935E-04
   42.700   0.231280E-01   0.153029E-05   0.661661E-04  -0.238497       0   0.496281E-04
   42.800   0.231280E-01   0.149422E-05   0.646068E-04  -0.238468       0   0.484895E-04
   42.900   0.231280E-01   0.145901E-05   0.630844E-04  -0.238440       0   0.473770E-04
   43.000   0.231280E-01   0.142464E-05   0.615981E-04  -0.238412       0   0.462900E-04
   43.100   0.231280E-01   0.139108E-05   0.601470E-04  -0.238385       0   0.452280E-04
   43.200   0.231280E-01   0.135831E-05   0.587302E-04  -0.238357       0   0.441903E-04
   43.300   0.231280E-01   0.132632E-05   0.573470E-04  -0.238330       0   0.431764E-04
   43.400   0.231280E-01   0.129508E-05   0.559965E-04  -0.238303       0   0.421858E-04
   43.500   0.231280E-01   0.126459E-05   0.546779E-04  -0.238276       0   0.412179E-04
   43.600   0.231280E-01   0.123481E-05   0.533905E-04  -0.238249       0   0.402722E-04
   43.700   0.231280E-01   0.120574E-05   0.521336E-04  -0.238222       0   0.393482E-04
   43.800   0.231280E-01   0.117736E-05   0.509064E-04  -0.238196       0   0.384455E-04
   43.900   0.231280E-01   0.114965E-05   0.497082E-04  -0.238169       0   0.375634E-04
   44.000   0.231280E-01   0.112259E-05   0.485384E-04  -0.238143       0   0.367016E-04
   44.100   0.231280E-01   0.109618E-05   0.473962E-04  -0.238117       0   0.358595E-04
   44.200   0.231280E-01   0.107039E-05   0.462810E-04  -0.238092       0   0.350368E-04
   44.300   0.231280E-01   0.104520E-05   0.451922E-04  -0.238066       0   0.342329E-04
   44.400   0.231280E-01   0.102061E-05   0.441291E-04  -0.238040       0   0.334475E-04
   44.500   0.231280E-01   0.996608E-06   0.430911E-04  -0.238015       0   0.326801E-04
   44.600   0.231280E-01   0.973169E-06   0.420776E-04  -0.237990       0   0.319303E-04
   44.700   0.231280E-01   0.950283E-06   0.410881E-04  -0.237965       0   0.311977E-04
   44.800   0.231280E-01   0.927938E-06   0.401219E-04  -0.237940       0   0.304819E-04
   44.900   0.231280E-01   0.906120E-06   0.391786E-04  -0.237916       0   0.297826E-04
   45.000   0.231280E-01   0.884818E-06   0.382575E-04  -0.237891       0   0.290993E-04
   45.100   0.231280E-01   0.864018E-06   0.373582E-04  -0.237867       0   0.284316E-04
   45.200   0.231280E-01   0.843709E-06   0.364801E-04  -0.237843       0   0.277793E-04
   45.300   0.231280E-01   0.823880E-06   0.356227E-04  -0.237818       0   0.271420E-04
   45.400   0.231280E-01   0.804519E-06   0.347856E-04  -0.237795       0   0.265192E-04
   45.500   0.231280E-01   0.785614E-06   0.339682E-04  -0.237771       0   0.259108E-04
   45.600   0.231280E-01   0.767156E-06   0.331701E-04  -0.237747       0   0.253163E-04
   45.700   0.231280E-01   0.749133E-06   0.323908E-04  -0.237724       0   0.247355E-04
   45.800   0.231280E-01   0.731535E-06   0.316299E-04  -0.237700       0   0.241680E-04
   45.900   0.231280E-01   0.714353E-06   0.308870E-04  -0.237677       0   0.236135E-04
   46.000   0.231280E-01   0.697575E-06   0.301615E-04  -0.237654       0   0.230717E-04
   46.100   0.231280E-01   0.681193E-06   0.294532E-04  -0.237631       0   0.225423E-04
   46.200   0.231280E-01   0.665197E-06   0.287616E-04  -0.237609       0   0.220251E-04
   46.300   0.231280E-01   0.649579E-06   0.280863E-04  -0.237586       0   0.215198E-04
   46.400   0.231280E-01   0.634328E-06   0.274269E-04  -0.237564       0   0.210261E-04
   46.500   0.231280E-01   0.619437E-06   0.267830E-04  -0.237541       0   0.205437E-04
   46.600   0.231280E-01   0.604897E-06   0.261544E-04  -0.237519       0   0.200723E-04
   46.700   0.231280E-01   0.590699E-06   0.255405E-04  -0.237497       0   0.196118E-04
   46.800   0.231280E-01   0.576836E-06   0.249411E-04  -0.237475       0   0.191618E-04
   46.900   0.231280E-01   0.563300E-06   0.243558E-04  -0.237453       0   0.187222E-04
   47.000   0.231280E-01   0.550082E-06   0.237843E-04  -0.237432       0   0.182927E-04
   47.100   0.231280E-01   0.537176E-06   0.232263E-04  -0.237410       0   0.178730E-04
   47.200   0.231280E-01   0.524574E-06   0.226814E-04  -0.237389       0   0.174629E-04
   47.300   0.231280E-01   0.512268E-06   0.221493E-04  -0.237368       0   0.170622E-04
   47.400   0.231280E-01   0.500252E-06   0.216298E-04  -0.237346       0   0.166708E-04
   47.500   0.231280E-01   0.488519E-06   0.211225E-04  -0.237325       0   0.162883E-04
   47.600   0.231280E-01   0.477062E-06   0.206271E-04  -0.237305       0   0.159146E-04
   47.700   0.231280E-01   0.465875E-06   0.201434E-04  -0.237284       0   0.155494E-04
   47.800   0.231280E-01   0.454951E-06   0.196711E-04  -0.237263       0   0.151927E-04
   47.900   0.231280E-01   0.444285E-06   0.192098E-04  -0.237243       0   0.148441E-04
   48.000   0.231280E-01   0.433869E-06   0.187595E-04  -0.237222       0   0.145035E-04
   48.100   0.231280E-01   0.423698E-06   0.183197E-04  -0.237202       0   0.141708E-04
   48.200   0.231280E-01   0.413766E-06   0.178903E-04  -0.237182       0   0.138457E-04
   48.300   0.231280E-01   0.404069E-06   0.174710E-04  -0.237162       0   0.135280E-04
   48.400   0.231280E-01   0.394599E-06   0.170615E-04  -0.237142       0   0.132176E-04
   48.500   0.231280E-01   0.385352E-06   0.166617E-04  -0.237122       0   0.129144E-04
   48.600   0.231280E-01   0.376322E-06   0.162713E-04  -0.237103       0   0.126181E-04
   48.700   0.231280E-01   0.367505E-06   0.158901E-04  -0.237083       0   0.123286E-04
   48.800   0.231280E-01   0.358894E-06   0.155178E-04  -0.237064       0   0.120457E-04
   48.900   0.231280E-01   0.350487E-06   0.151542E-04  -0.237044       0   0.117693E-04
   49.000   0.231280E-01   0.342277E-06   0.147993E-04  -0.237025       0   0.114993E-04
   49.100   0.231280E-01   0.334260E-06   0.144526E-04  -0.237006       0   0.112355E-04
   49.200   0.231280E-01   0.326431E-06   0.141141E-04  -0.236987       0   0.109777E-04
   49.300   0.231280E-01   0.318786E-06   0.137836E-04  -0.236968       0   0.107258E-04
   49.400   0.231280E-01   0.311321E-06   0.134608E-04  -0.236949       0   0.104797E-04
   49.500   0.231280E-01   0.304031E-06   0.131456E-04  -0.236931       0   0.102393E-04
   49.600   0.231280E-01   0.296913E-06   0.128378E-04  -0.236912       0   0.100044E-04
   49.700   0.231280E-01   0.289962E-06   0.125373E-04  -0.236894       0   0.977484E-05
   49.800   0.231280E-01   0.283173E-06   0.122438E-04  -0.236875       0   0.955057E-05
   49.900   0.231280E-01   0.276545E-06   0.119572E-04  -0.236857       0   0.933145E-05
   50.000   0.231280E-01   0.270072E-06   0.116773E-04  -0.236839       0   0.911735E-05
   50.100   0.231280E-01   0.263751E-06   0.114040E-04  -0.236821       0   0.890817E-05
   50.200   0.231280E-01   0.257578E-06   0.111371E-04  -0.236803       0   0.870379E-05
   50.300   0.231280E-01   0.251551E-06   0.108765E-04  -0.236785       0   0.850409E-05
   50.400   0.231280E-01   0.245665E-06   0.106220E-04  -0.236767       0   0.830898E-05
   50.500   0.231280E-01   0.239917E-06   0.103734E-04  -0.236750       0   0.811834E-05
   50.600   0.231280E-01   0.234303E-06   0.101307E-04  -0.236732       0   0.793208E-05
   50.700   0.231280E-01   0.228822E-06   0.989374E-05  -0.236715       0   0.775009E-05
   50.800   0.231280E-01   0.223469E-06   0.966230E-05  -0.236698       0   0.757228E-05
   50.900   0.231280E-01   0.218242E-06   0.943629E-05  -0.236680       0   0.739855E-05
   51.000   0.231280E-01   0.213138E-06   0.921558E-05  -0.236663       0   0.722880E-05
   51.100   0.231280E-01   0.208153E-06   0.900005E-05  -0.236646       0   0.706295E-05
   51.200   0.231280E-01   0.203285E-06   0.878958E-05  -0.236629       0   0.690090E-05
   51.300   0.231280E-01   0.198531E-06   0.858404E-05  -0.236612       0   0.674257E-05
   51.400   0.231280E-01   0.193889E-06   0.838332E-05  -0.236596       0   0.658787E-05
   51.500   0.231280E-01   0.189356E-06   0.818731E-05  -0.236579       0   0.643672E-05
   51.600   0.231280E-01   0.184929E-06   0.799590E-05  -0.236562       0   0.628904E-05
   51.700   0.231280E-01   0.180606E-06   0.780897E-05  -0.236546       0   0.614475E-05
   51.800   0.231280E-01   0.176384E-06   0.762642E-05  -0.236529       0   0.600377E-05
   51.900   0.231280E-01   0.172261E-06   0.744816E-05  -0.236513       0   0.586602E-05
   52.000   0.231280E-01   0.168234E-06   0.727407E-05  -0.236497       0   0.573144E-05
   52.100   0.231280E-01   0.164303E-06   0.710407E-05  -0.236481       0   0.559994E-05
   52.200   0.231280E-01   0.160463E-06   0.693805E-05  -0.236465       0   0.547146E-05
   52.300   0.231280E-01   0.156713E-06   0.677592E-05  -0.236449       0   0.534592E-05
   52.400   0.231280E-01   0.153051E-06   0.661759E-05  -0.236433       0   0.522327E-05
   52.500   0.231280E-01   0.149475E-06   0.646296E-05  -0.236417       0   0.510343E-05
   52.600   0.231280E-01   0.145983E-06   0.631197E-05  -0.236402       0   0.498634E-05
   52.700   0.231280E-01   0.142572E-06   0.616450E-05  -0.236386       0   0.487194E-05
   52.800   0.231280E-01   0.139242E-06   0.602050E-05  -0.236371       0   0.476016E-05
   52.900   0.231280E-01   0.135989E-06   0.587986E-05  -0.236355       0   0.465094E-05
   53.000   0.231280E-01   0.132813E-06   0.574252E-05  -0.236340       0   0.454424E-05
   53.100   0.231280E-01   0.129711E-06   0.560840E-05  -0.236325       0   0.443998E-05
   53.200   0.231280E-01   0.126682E-06   0.547742E-05  -0.236309       0   0.433811E-05
   53.300   0.231280E-01   0.123723E-06   0.534950E-05  -0.236294       0   0.423858E-05
   53.400   0.231280E-01   0.120834E-06   0.522458E-05  -0.236279       0   0.414133E-05
   53.500   0.231280E-01   0.118012E-06   0.510259E-05  -0.236264       0   0.404631E-05
   53.600   0.231280E-01   0.115257E-06   0.498345E-05  -0.236249       0   0.395348E-05
   53.700   0.231280E-01   0.112566E-06   0.486710E-05  -0.236235       0   0.386277E-05
   53.800   0.231280E-01   0.109938E-06   0.475347E-05  -0.236220       0   0.377415E-05
   53.900   0.231280E-01   0.107372E-06   0.464250E-05  -0.236205       0   0.368756E-05
   54.000   0.231280E-01   0.104865E-06   0.453413E-05  -0.236191       0   0.360295E-05
   54.100   0.231280E-01   0.102418E-06   0.442830E-05  -0.236176       0   0.352029E-05
   54.200   0.231280E-01   0.100027E-06   0.432494E-05  -0.236162       0   0.343952E-05
   54.300   0.231280E-01   0.976926E-07   0.422400E-05  -0.236148       0   0.336061E-05
   54.400   0.231280E-01   0.954127E-07   0.412543E-05  -0.236133       0   0.328350E-05
   54.500   0.231280E-01   0.931861E-07   0.402916E-05  -0.236119       0   0.320817E-05
   54.600   0.231280E-01   0.910117E-07   0.393514E-05  -0.236105       0   0.313456E-05
   54.700   0.231280E-01   0.888881E-07   0.384332E-05  -0.236091       0   0.306264E-05
   54.800   0.231280E-01   0.868141E-07   0.375364E-05  -0.236077       0   0.299238E-05
   54.900   0.231280E-01   0.847887E-07   0.366607E-05  -0.236063       0   0.292372E-05
 &
   54.900    5.00643       0.392113E-16   0.783218E-17  -0.720172       0   0.726584E-17
   54.900   -10.5258      -0.227816E-14   0.216437E-15  -0.656999       0   0.216437E-15
   54.900    3.31715       0.779325E-15   0.234938E-15  -0.658472       0   0.216437E-15
   54.900    3.71721       0.873314E-15   0.234938E-15  -0.658472       0   0.216437E-15
   54.900   -5.03268      -0.185384E-10   0.368361E-11  -0.479547       0   0.368361E-11
   54.900    1.29730       0.534397E-11   0.411931E-11  -0.481544       0   0.368361E-11
   54.900    1.44058       0.593420E-11   0.411931E-11  -0.481544       0   0.368361E-11
   54.900   -4.39177      -0.890274E-10   0.202714E-10  -0.448485       0   0.202714E-10
   54.900    1.07913       0.246491E-10   0.228416E-10  -0.450614       0   0.202714E-10
   54.900    1.19611       0.273212E-10   0.228416E-10  -0.450614       0   0.202714E-10
   54.900   -3.20179      -0.983671E-10   0.307226E-10  -0.442369       0   0.295056E-10
   54.900   -3.27936      -0.100750E-09   0.307226E-10  -0.442369       0   0.295056E-10
   54.900   0.416373       0.156519E-10   0.375910E-10  -0.445960       0   0.295056E-10
