# 361 angles,  1 tensor ranks for 0=projectile
@subtitle   "25Mg(d,p)26Mg"                                                                 
@legend ON
@legend x1 0.2
@legend y1 0.8
@g0 type LOGY
@yaxis ticklabel format power
@legend string   0 "Lab energy =   16.0000"
#legend string   0 "Partition=  2 Excit=  4 near/far= 1"
#  Theta       sigma       iT11        T20         T21         T22         Kyy for projectile
   0.000       2.541    
  0.5000       2.537    
   1.000       2.526    
   1.500       2.507    
   2.000       2.480    
   2.500       2.447    
   3.000       2.407    
   3.500       2.361    
   4.000       2.310    
   4.500       2.253    
   5.000       2.192    
   5.500       2.127    
   6.000       2.059    
   6.500       1.989    
   7.000       1.917    
   7.500       1.844    
   8.000       1.770    
   8.500       1.697    
   9.000       1.624    
   9.500       1.553    
   10.00       1.483    
   10.50       1.416    
   11.00       1.352    
   11.50       1.290    
   12.00       1.232    
   12.50       1.177    
   13.00       1.126    
   13.50       1.078    
   14.00       1.034    
   14.50      0.9935    
   15.00      0.9566    
   15.50      0.9230    
   16.00      0.8927    
   16.50      0.8655    
   17.00      0.8411    
   17.50      0.8193    
   18.00      0.7998    
   18.50      0.7825    
   19.00      0.7669    
   19.50      0.7529    
   20.00      0.7402    
   20.50      0.7285    
   21.00      0.7175    
   21.50      0.7071    
   22.00      0.6971    
   22.50      0.6871    
   23.00      0.6771    
   23.50      0.6669    
   24.00      0.6563    
   24.50      0.6453    
   25.00      0.6338    
   25.50      0.6216    
   26.00      0.6087    
   26.50      0.5951    
   27.00      0.5808    
   27.50      0.5658    
   28.00      0.5500    
   28.50      0.5337    
   29.00      0.5167    
   29.50      0.4991    
   30.00      0.4811    
   30.50      0.4626    
   31.00      0.4439    
   31.50      0.4248    
   32.00      0.4057    
   32.50      0.3864    
   33.00      0.3672    
   33.50      0.3481    
   34.00      0.3292    
   34.50      0.3105    
   35.00      0.2922    
   35.50      0.2744    
   36.00      0.2571    
   36.50      0.2403    
   37.00      0.2242    
   37.50      0.2087    
   38.00      0.1939    
   38.50      0.1799    
   39.00      0.1667    
   39.50      0.1542    
   40.00      0.1426    
   40.50      0.1318    
   41.00      0.1218    
   41.50      0.1126    
   42.00      0.1042    
   42.50      0.9666E-01
   43.00      0.8984E-01
   43.50      0.8376E-01
   44.00      0.7839E-01
   44.50      0.7371E-01
   45.00      0.6967E-01
   45.50      0.6624E-01
   46.00      0.6338E-01
   46.50      0.6106E-01
   47.00      0.5922E-01
   47.50      0.5784E-01
   48.00      0.5685E-01
   48.50      0.5624E-01
   49.00      0.5594E-01
   49.50      0.5592E-01
   50.00      0.5615E-01
   50.50      0.5658E-01
   51.00      0.5717E-01
   51.50      0.5790E-01
   52.00      0.5873E-01
   52.50      0.5962E-01
   53.00      0.6055E-01
   53.50      0.6150E-01
   54.00      0.6243E-01
   54.50      0.6332E-01
   55.00      0.6417E-01
   55.50      0.6494E-01
   56.00      0.6562E-01
   56.50      0.6621E-01
   57.00      0.6668E-01
   57.50      0.6704E-01
   58.00      0.6727E-01
   58.50      0.6738E-01
   59.00      0.6735E-01
   59.50      0.6719E-01
   60.00      0.6690E-01
   60.50      0.6648E-01
   61.00      0.6593E-01
   61.50      0.6527E-01
   62.00      0.6448E-01
   62.50      0.6359E-01
   63.00      0.6260E-01
   63.50      0.6151E-01
   64.00      0.6034E-01
   64.50      0.5908E-01
   65.00      0.5777E-01
   65.50      0.5639E-01
   66.00      0.5497E-01
   66.50      0.5350E-01
   67.00      0.5201E-01
   67.50      0.5050E-01
   68.00      0.4897E-01
   68.50      0.4744E-01
   69.00      0.4591E-01
   69.50      0.4440E-01
   70.00      0.4291E-01
   70.50      0.4144E-01
   71.00      0.4001E-01
   71.50      0.3861E-01
   72.00      0.3726E-01
   72.50      0.3596E-01
   73.00      0.3471E-01
   73.50      0.3351E-01
   74.00      0.3238E-01
   74.50      0.3130E-01
   75.00      0.3029E-01
   75.50      0.2934E-01
   76.00      0.2846E-01
   76.50      0.2765E-01
   77.00      0.2690E-01
   77.50      0.2621E-01
   78.00      0.2559E-01
   78.50      0.2503E-01
   79.00      0.2453E-01
   79.50      0.2409E-01
   80.00      0.2371E-01
   80.50      0.2338E-01
   81.00      0.2310E-01
   81.50      0.2287E-01
   82.00      0.2269E-01
   82.50      0.2254E-01
   83.00      0.2244E-01
   83.50      0.2237E-01
   84.00      0.2233E-01
   84.50      0.2232E-01
   85.00      0.2234E-01
   85.50      0.2237E-01
   86.00      0.2243E-01
   86.50      0.2250E-01
   87.00      0.2258E-01
   87.50      0.2267E-01
   88.00      0.2277E-01
   88.50      0.2287E-01
   89.00      0.2296E-01
   89.50      0.2306E-01
   90.00      0.2316E-01
   90.50      0.2324E-01
   91.00      0.2332E-01
   91.50      0.2339E-01
   92.00      0.2345E-01
   92.50      0.2349E-01
   93.00      0.2352E-01
   93.50      0.2353E-01
   94.00      0.2353E-01
   94.50      0.2351E-01
   95.00      0.2348E-01
   95.50      0.2342E-01
   96.00      0.2335E-01
   96.50      0.2326E-01
   97.00      0.2315E-01
   97.50      0.2303E-01
   98.00      0.2288E-01
   98.50      0.2272E-01
   99.00      0.2254E-01
   99.50      0.2235E-01
   100.0      0.2214E-01
   100.5      0.2192E-01
   101.0      0.2168E-01
   101.5      0.2143E-01
   102.0      0.2117E-01
   102.5      0.2089E-01
   103.0      0.2061E-01
   103.5      0.2032E-01
   104.0      0.2002E-01
   104.5      0.1972E-01
   105.0      0.1941E-01
   105.5      0.1909E-01
   106.0      0.1878E-01
   106.5      0.1846E-01
   107.0      0.1814E-01
   107.5      0.1782E-01
   108.0      0.1750E-01
   108.5      0.1718E-01
   109.0      0.1687E-01
   109.5      0.1656E-01
   110.0      0.1625E-01
   110.5      0.1595E-01
   111.0      0.1566E-01
   111.5      0.1537E-01
   112.0      0.1509E-01
   112.5      0.1482E-01
   113.0      0.1456E-01
   113.5      0.1431E-01
   114.0      0.1406E-01
   114.5      0.1383E-01
   115.0      0.1360E-01
   115.5      0.1339E-01
   116.0      0.1319E-01
   116.5      0.1299E-01
   117.0      0.1281E-01
   117.5      0.1264E-01
   118.0      0.1248E-01
   118.5      0.1233E-01
   119.0      0.1219E-01
   119.5      0.1206E-01
   120.0      0.1194E-01
   120.5      0.1183E-01
   121.0      0.1173E-01
   121.5      0.1164E-01
   122.0      0.1156E-01
   122.5      0.1149E-01
   123.0      0.1143E-01
   123.5      0.1137E-01
   124.0      0.1132E-01
   124.5      0.1128E-01
   125.0      0.1125E-01
   125.5      0.1122E-01
   126.0      0.1120E-01
   126.5      0.1119E-01
   127.0      0.1118E-01
   127.5      0.1118E-01
   128.0      0.1118E-01
   128.5      0.1118E-01
   129.0      0.1119E-01
   129.5      0.1121E-01
   130.0      0.1122E-01
   130.5      0.1124E-01
   131.0      0.1126E-01
   131.5      0.1128E-01
   132.0      0.1131E-01
   132.5      0.1134E-01
   133.0      0.1136E-01
   133.5      0.1139E-01
   134.0      0.1142E-01
   134.5      0.1145E-01
   135.0      0.1148E-01
   135.5      0.1151E-01
   136.0      0.1153E-01
   136.5      0.1156E-01
   137.0      0.1159E-01
   137.5      0.1162E-01
   138.0      0.1164E-01
   138.5      0.1166E-01
   139.0      0.1169E-01
   139.5      0.1171E-01
   140.0      0.1173E-01
   140.5      0.1174E-01
   141.0      0.1176E-01
   141.5      0.1177E-01
   142.0      0.1178E-01
   142.5      0.1179E-01
   143.0      0.1180E-01
   143.5      0.1181E-01
   144.0      0.1181E-01
   144.5      0.1181E-01
   145.0      0.1181E-01
   145.5      0.1180E-01
   146.0      0.1180E-01
   146.5      0.1179E-01
   147.0      0.1178E-01
   147.5      0.1177E-01
   148.0      0.1175E-01
   148.5      0.1173E-01
   149.0      0.1172E-01
   149.5      0.1169E-01
   150.0      0.1167E-01
   150.5      0.1164E-01
   151.0      0.1161E-01
   151.5      0.1158E-01
   152.0      0.1155E-01
   152.5      0.1151E-01
   153.0      0.1148E-01
   153.5      0.1144E-01
   154.0      0.1140E-01
   154.5      0.1135E-01
   155.0      0.1131E-01
   155.5      0.1126E-01
   156.0      0.1121E-01
   156.5      0.1116E-01
   157.0      0.1110E-01
   157.5      0.1105E-01
   158.0      0.1099E-01
   158.5      0.1094E-01
   159.0      0.1088E-01
   159.5      0.1082E-01
   160.0      0.1076E-01
   160.5      0.1069E-01
   161.0      0.1063E-01
   161.5      0.1057E-01
   162.0      0.1050E-01
   162.5      0.1043E-01
   163.0      0.1037E-01
   163.5      0.1030E-01
   164.0      0.1023E-01
   164.5      0.1017E-01
   165.0      0.1010E-01
   165.5      0.1003E-01
   166.0      0.9967E-02
   166.5      0.9901E-02
   167.0      0.9836E-02
   167.5      0.9771E-02
   168.0      0.9708E-02
   168.5      0.9645E-02
   169.0      0.9584E-02
   169.5      0.9524E-02
   170.0      0.9466E-02
   170.5      0.9409E-02
   171.0      0.9354E-02
   171.5      0.9302E-02
   172.0      0.9251E-02
   172.5      0.9203E-02
   173.0      0.9157E-02
   173.5      0.9114E-02
   174.0      0.9073E-02
   174.5      0.9035E-02
   175.0      0.9000E-02
   175.5      0.8968E-02
   176.0      0.8940E-02
   176.5      0.8914E-02
   177.0      0.8892E-02
   177.5      0.8873E-02
   178.0      0.8857E-02
   178.5      0.8845E-02
   179.0      0.8836E-02
   179.5      0.8831E-02
   180.0      0.8829E-02
 END
