0.000 1.659
0.000 0.7071
0.000 0.000
1.000 1.647
0.1350E-02 0.7071
0.2451E-02 -0.1528E-02
2.000 1.614
0.1765E-02 0.7068
0.7901E-02 -0.5809E-02
3.000 1.564
0.4448E-03 0.7055
0.1902E-01 -0.1193E-01
4.000 1.506
-0.3103E-02 0.7022
0.3775E-01 -0.1835E-01
5.000 1.448
-0.8831E-02 0.6955
0.6483E-01 -0.2308E-01
6.000 1.399
-0.1597E-01 0.6843
0.9944E-01 -0.2397E-01
7.000 1.363
-0.2304E-01 0.6675
0.1393 -0.1935E-01
8.000 1.342
-0.2827E-01 0.6451
0.1811 -0.8483E-02
9.000 1.334
-0.3014E-01 0.6170
0.2218 0.8240E-02
10.00 1.337
-0.2801E-01 0.5834
0.2590 0.2961E-01
11.00 1.343
-0.2225E-01 0.5440
0.2914 0.5414E-01
12.00 1.348
-0.1412E-01 0.4988
0.3183 0.8046E-01
13.00 1.346
-0.5361E-02 0.4478
0.3390 0.1075
14.00 1.330
0.2276E-02 0.3915
0.3533 0.1346
15.00 1.297
0.7355E-02 0.3311
0.3605 0.1612
16.00 1.244
0.8956E-02 0.2680
0.3604 0.1870
17.00 1.172
0.6729E-02 0.2037
0.3524 0.2118
18.00 1.082
0.8476E-03 0.1395
0.3360 0.2354
19.00 0.9806
-0.8073E-02 0.7640E-01
0.3107 0.2575
20.00 0.8738
-0.1907E-01 0.1548E-01
0.2761 0.2775
21.00 0.7681
-0.3092E-01 -0.4175E-01
0.2318 0.2946
22.00 0.6694
-0.4232E-01 -0.9296E-01
0.1782 0.3077
23.00 0.5815
-0.5211E-01 -0.1347
0.1167 0.3156
24.00 0.5066
-0.5960E-01 -0.1624
0.4990E-01 0.3176
25.00 0.4448
-0.6483E-01 -0.1715
-0.1787E-01 0.3135
26.00 0.3952
-0.6869E-01 -0.1583
-0.8160E-01 0.3041
27.00 0.3556
-0.7269E-01 -0.1220
-0.1364 0.2911
28.00 0.3237
-0.7853E-01 -0.6457E-01
-0.1788 0.2761
29.00 0.2970
-0.8755E-01 0.9067E-02
-0.2069 0.2603
30.00 0.2736
-0.1005 0.9237E-01
-0.2207 0.2438
31.00 0.2522
-0.1175 0.1781
-0.2209 0.2260
32.00 0.2320
-0.1378 0.2589
-0.2087 0.2058
33.00 0.2129
-0.1601 0.3272
-0.1850 0.1824
34.00 0.1952
-0.1825 0.3761
-0.1513 0.1555
35.00 0.1791
-0.2026 0.4000
-0.1091 0.1257
36.00 0.1650
-0.2178 0.3956
-0.6117E-01 0.9511E-01
37.00 0.1529
-0.2258 0.3635
-0.1097E-01 0.6631E-01
38.00 0.1429
-0.2255 0.3085
0.3737E-01 0.4228E-01
39.00 0.1346
-0.2172 0.2379
0.7983E-01 0.2539E-01
40.00 0.1278
-0.2024 0.1604
0.1132 0.1687E-01
41.00 0.1219
-0.1835 0.8412E-01
0.1355 0.1666E-01
42.00 0.1167
-0.1633 0.1514E-01
0.1461 0.2367E-01
43.00 0.1117
-0.1440 -0.4239E-01
0.1455 0.3628E-01
44.00 0.1066
-0.1275 -0.8611E-01
0.1352 0.5277E-01
45.00 0.1013
-0.1148 -0.1149
0.1169 0.7166E-01
46.00 0.9565E-01
-0.1064 -0.1286
0.9286E-01 0.9174E-01
47.00 0.8963E-01
-0.1026 -0.1279
0.6513E-01 0.1122
48.00 0.8334E-01
-0.1031 -0.1139
0.3578E-01 0.1323
49.00 0.7692E-01
-0.1075 -0.8900E-01
0.6713E-02 0.1517
50.00 0.7056E-01
-0.1154 -0.5580E-01
-0.2039E-01 0.1699
51.00 0.6443E-01
-0.1262 -0.1745E-01
-0.4414E-01 0.1868
52.00 0.5865E-01
-0.1390 0.2300E-01
-0.6351E-01 0.2021
53.00 0.5331E-01
-0.1528 0.6300E-01
-0.7786E-01 0.2161
54.00 0.4844E-01
-0.1668 0.1007
-0.8693E-01 0.2289
55.00 0.4403E-01
-0.1801 0.1349
-0.9073E-01 0.2410
56.00 0.4006E-01
-0.1919 0.1649
-0.8948E-01 0.2528
57.00 0.3651E-01
-0.2020 0.1902
-0.8360E-01 0.2645
58.00 0.3332E-01
-0.2103 0.2100
-0.7372E-01 0.2763
59.00 0.3047E-01
-0.2168 0.2241
-0.6071E-01 0.2882
60.00 0.2791E-01
-0.2219 0.2324
-0.4570E-01 0.3001
61.00 0.2560E-01
-0.2255 0.2353
-0.2994E-01 0.3121
62.00 0.2352E-01
-0.2276 0.2343
-0.1461E-01 0.3244
63.00 0.2163E-01
-0.2282 0.2311
-0.6864E-03 0.3371
64.00 0.1991E-01
-0.2272 0.2279
0.1128E-01 0.3503
65.00 0.1834E-01
-0.2246 0.2264
0.2112E-01 0.3640
66.00 0.1693E-01
-0.2205 0.2277
0.2898E-01 0.3776
67.00 0.1566E-01
-0.2153 0.2322
0.3509E-01 0.3906
68.00 0.1451E-01
-0.2094 0.2396
0.3962E-01 0.4020
69.00 0.1348E-01
-0.2034 0.2499
0.4259E-01 0.4112
70.00 0.1254E-01
-0.1976 0.2629
0.4390E-01 0.4175
71.00 0.1168E-01
-0.1921 0.2787
0.4351E-01 0.4209
72.00 0.1087E-01
-0.1865 0.2976
0.4158E-01 0.4214
73.00 0.1011E-01
-0.1805 0.3195
0.3853E-01 0.4194
74.00 0.9390E-02
-0.1739 0.3437
0.3501E-01 0.4152
75.00 0.8719E-02
-0.1667 0.3696
0.3173E-01 0.4092
76.00 0.8088E-02
-0.1593 0.3961
0.2916E-01 0.4018
77.00 0.7496E-02
-0.1522 0.4220
0.2744E-01 0.3931
78.00 0.6936E-02
-0.1461 0.4463
0.2631E-01 0.3833
79.00 0.6407E-02
-0.1411 0.4685
0.2522E-01 0.3728
80.00 0.5903E-02
-0.1374 0.4887
0.2361E-01 0.3618
81.00 0.5422E-02
-0.1348 0.5070
0.2103E-01 0.3509
82.00 0.4964E-02
-0.1330 0.5239
0.1729E-01 0.3403
83.00 0.4527E-02
-0.1317 0.5397
0.1241E-01 0.3305
84.00 0.4111E-02
-0.1308 0.5544
0.6511E-02 0.3216
85.00 0.3717E-02
-0.1304 0.5675
-0.3464E-03 0.3139
86.00 0.3344E-02
-0.1303 0.5787
-0.8197E-02 0.3075
87.00 0.2990E-02
-0.1307 0.5876
-0.1715E-01 0.3025
88.00 0.2659E-02
-0.1313 0.5939
-0.2726E-01 0.2994
89.00 0.2354E-02
-0.1313 0.5969
-0.3832E-01 0.2987
90.00 0.2079E-02
-0.1298 0.5957
-0.4966E-01 0.3014
91.00 0.1839E-02
-0.1257 0.5890
-0.6017E-01 0.3089
92.00 0.1637E-02
-0.1179 0.5758
-0.6840E-01 0.3221
93.00 0.1474E-02
-0.1058 0.5557
-0.7302E-01 0.3417
94.00 0.1347E-02
-0.8950E-01 0.5288
-0.7335E-01 0.3668
95.00 0.1253E-02
-0.6985E-01 0.4956
-0.6970E-01 0.3955
96.00 0.1187E-02
-0.4848E-01 0.4570
-0.6337E-01 0.4247
97.00 0.1140E-02
-0.2723E-01 0.4145
-0.5612E-01 0.4510
98.00 0.1105E-02
-0.7696E-02 0.3698
-0.4947E-01 0.4719
99.00 0.1072E-02
0.8992E-02 0.3238
-0.4427E-01 0.4861
100.0 0.1037E-02
0.2212E-01 0.2763
-0.4056E-01 0.4931
101.0 0.9952E-03
0.3112E-01 0.2258
-0.3776E-01 0.4930
102.0 0.9464E-03
0.3539E-01 0.1703
-0.3495E-01 0.4858
103.0 0.8922E-03
0.3430E-01 0.1080
-0.3105E-01 0.4722
104.0 0.8362E-03
0.2734E-01 0.3811E-01
-0.2499E-01 0.4531
105.0 0.7831E-03
0.1444E-01 -0.3798E-01
-0.1576E-01 0.4305
106.0 0.7388E-03
-0.3495E-02 -0.1161
-0.2638E-02 0.4073
107.0 0.7088E-03
-0.2431E-01 -0.1889
0.1442E-01 0.3877
108.0 0.6972E-03
-0.4479E-01 -0.2477
0.3439E-01 0.3754
109.0 0.7051E-03
-0.6181E-01 -0.2865
0.5531E-01 0.3722
110.0 0.7306E-03
-0.7376E-01 -0.3049
0.7495E-01 0.3769
111.0 0.7692E-03
-0.8101E-01 -0.3080
0.9172E-01 0.3859
112.0 0.8150E-03
-0.8522E-01 -0.3029
0.1049 0.3954
113.0 0.8613E-03
-0.8829E-01 -0.2954
0.1145 0.4026
114.0 0.9021E-03
-0.9169E-01 -0.2889
0.1211 0.4061
115.0 0.9322E-03
-0.9622E-01 -0.2840
0.1251 0.4060
116.0 0.9488E-03
-0.1021 -0.2800
0.1273 0.4027
117.0 0.9514E-03
-0.1092 -0.2752
0.1283 0.3974
118.0 0.9418E-03
-0.1172 -0.2683
0.1288 0.3911
119.0 0.9232E-03
-0.1259 -0.2580
0.1295 0.3846
120.0 0.8988E-03
-0.1354 -0.2439
0.1314 0.3787
121.0 0.8715E-03
-0.1460 -0.2260
0.1352 0.3737
122.0 0.8436E-03
-0.1585 -0.2047
0.1417 0.3694
123.0 0.8173E-03
-0.1728 -0.1814
0.1514 0.3655
124.0 0.7947E-03
-0.1884 -0.1579
0.1646 0.3609
125.0 0.7775E-03
-0.2040 -0.1362
0.1810 0.3550
126.0 0.7662E-03
-0.2178 -0.1179
0.1999 0.3473
127.0 0.7599E-03
-0.2278 -0.1036
0.2199 0.3379
128.0 0.7562E-03
-0.2328 -0.9244E-01
0.2392 0.3274
129.0 0.7523E-03
-0.2320 -0.8337E-01
0.2560 0.3171
130.0 0.7452E-03
-0.2253 -0.7503E-01
0.2682 0.3081
131.0 0.7323E-03
-0.2130 -0.6633E-01
0.2747 0.3015
132.0 0.7118E-03
-0.1961 -0.5634E-01
0.2749 0.2984
133.0 0.6826E-03
-0.1760 -0.4430E-01
0.2691 0.2991
134.0 0.6456E-03
-0.1545 -0.2960E-01
0.2581 0.3039
135.0 0.6025E-03
-0.1343 -0.1184E-01
0.2427 0.3127
136.0 0.5564E-03
-0.1187 0.9121E-02
0.2239 0.3247
137.0 0.5103E-03
-0.1118 0.3338E-01
0.2023 0.3381
138.0 0.4669E-03
-0.1170 0.6112E-01
0.1789 0.3506
139.0 0.4284E-03
-0.1368 0.9246E-01
0.1546 0.3587
140.0 0.3970E-03
-0.1706 0.1267
0.1309 0.3591
141.0 0.3745E-03
-0.2141 0.1616
0.1106 0.3492
142.0 0.3621E-03
-0.2593 0.1932
0.9730E-01 0.3288
143.0 0.3597E-03
-0.2975 0.2179
0.9427E-01 0.3006
144.0 0.3652E-03
-0.3225 0.2337
0.1029 0.2690
145.0 0.3756E-03
-0.3330 0.2409
0.1220 0.2384
146.0 0.3874E-03
-0.3306 0.2402
0.1490 0.2114
147.0 0.3972E-03
-0.3180 0.2318
0.1809 0.1896
148.0 0.4030E-03
-0.2972 0.2154
0.2152 0.1736
149.0 0.4035E-03
-0.2697 0.1912
0.2496 0.1637
150.0 0.3986E-03
-0.2364 0.1604
0.2825 0.1607
151.0 0.3898E-03
-0.1975 0.1250
0.3113 0.1662
152.0 0.3799E-03
-0.1534 0.8839E-01
0.3325 0.1821
153.0 0.3726E-03
-0.1058 0.5478E-01
0.3411 0.2100
154.0 0.3715E-03
-0.5843E-01 0.2942E-01
0.3329 0.2494
155.0 0.3787E-03
-0.1666E-01 0.1726E-01
0.3068 0.2971
156.0 0.3951E-03
0.1448E-01 0.2112E-01
0.2665 0.3472
157.0 0.4202E-03
0.3234E-01 0.4064E-01
0.2184 0.3942
158.0 0.4526E-03
0.3716E-01 0.7280E-01
0.1694 0.4340
159.0 0.4909E-03
0.3127E-01 0.1136
0.1247 0.4649
160.0 0.5332E-03
0.1799E-01 0.1596
0.8732E-01 0.4864
161.0 0.5775E-03
0.7890E-03 0.2083
0.5852E-01 0.4990
162.0 0.6224E-03
-0.1715E-01 0.2585
0.3798E-01 0.5033
163.0 0.6667E-03
-0.3318E-01 0.3089
0.2451E-01 0.5002
164.0 0.7100E-03
-0.4530E-01 0.3582
0.1636E-01 0.4902
165.0 0.7519E-03
-0.5230E-01 0.4049
0.1152E-01 0.4744
166.0 0.7911E-03
-0.5383E-01 0.4479
0.7973E-02 0.4539
167.0 0.8252E-03
-0.5036E-01 0.4868
0.3981E-02 0.4297
168.0 0.8507E-03
-0.4286E-01 0.5219
-0.1737E-02 0.4030
169.0 0.8649E-03
-0.3252E-01 0.5531
-0.9890E-02 0.3742
170.0 0.8660E-03
-0.2052E-01 0.5801
-0.2061E-01 0.3434
171.0 0.8532E-03
-0.8020E-02 0.6026
-0.3348E-01 0.3107
172.0 0.8269E-03
0.3952E-02 0.6208
-0.4763E-01 0.2759
173.0 0.7884E-03
0.1449E-01 0.6360
-0.6179E-01 0.2388
174.0 0.7403E-03
0.2287E-01 0.6495
-0.7435E-01 0.1991
175.0 0.6866E-03
0.2842E-01 0.6623
-0.8318E-01 0.1567
176.0 0.6331E-03
0.3050E-01 0.6736
-0.8563E-01 0.1128
177.0 0.5858E-03
0.2851E-01 0.6816
-0.7895E-01 0.7024E-01
178.0 0.5494E-03
0.2223E-01 0.6854
-0.6140E-01 0.3372E-01
179.0 0.5268E-03
0.1221E-01 0.6858
-0.3377E-01 0.8844E-02
180.0 0.5192E-03
0.000 0.6855
0.000 0.000
