0.000 2.807
0.000 -0.8743E-01
0.000 0.000
1.000 2.788
-0.3879E-01 -0.8888E-01
-0.3164E-02 0.1380E-02
2.000 2.733
-0.7414E-01 -0.9326E-01
-0.5292E-02 0.5183E-02
3.000 2.645
-0.1031 -0.1006
-0.5469E-02 0.1037E-01
4.000 2.532
-0.1232 -0.1110
-0.2996E-02 0.1518E-01
5.000 2.406
-0.1327 -0.1244
0.2504E-02 0.1715E-01
6.000 2.282
-0.1300 -0.1403
0.1093E-01 0.1360E-01
7.000 2.172
-0.1137 -0.1585
0.2147E-01 0.2438E-02
8.000 2.084
-0.8342E-01 -0.1784
0.3246E-01 -0.1671E-01
9.000 2.021
-0.4048E-01 -0.1995
0.4148E-01 -0.4184E-01
10.00 1.976
0.1196E-01 -0.2212
0.4585E-01 -0.6920E-01
11.00 1.939
0.6922E-01 -0.2428
0.4323E-01 -0.9469E-01
12.00 1.900
0.1259 -0.2632
0.3201E-01 -0.1154
13.00 1.847
0.1766 -0.2812
0.1145E-01 -0.1299
14.00 1.775
0.2165 -0.2956
-0.1823E-01 -0.1386
15.00 1.681
0.2412 -0.3059
-0.5591E-01 -0.1424
16.00 1.566
0.2478 -0.3127
-0.9961E-01 -0.1430
17.00 1.434
0.2341 -0.3174
-0.1466 -0.1420
18.00 1.290
0.1994 -0.3226
-0.1934 -0.1410
19.00 1.143
0.1444 -0.3313
-0.2363 -0.1410
20.00 0.9987
0.7118E-01 -0.3461
-0.2710 -0.1431
21.00 0.8648
-0.1595E-01 -0.3689
-0.2930 -0.1477
22.00 0.7463
-0.1102 -0.3997
-0.2980 -0.1548
23.00 0.6462
-0.2016 -0.4365
-0.2826 -0.1636
24.00 0.5655
-0.2784 -0.4753
-0.2461 -0.1731
25.00 0.5030
-0.3287 -0.5112
-0.1912 -0.1821
26.00 0.4570
-0.3446 -0.5400
-0.1244 -0.1895
27.00 0.4245
-0.3251 -0.5594
-0.5480E-01 -0.1948
28.00 0.4028
-0.2769 -0.5698
0.8497E-02 -0.1982
29.00 0.3886
-0.2123 -0.5736
0.5859E-01 -0.1997
30.00 0.3791
-0.1449 -0.5744
0.9224E-01 -0.1994
31.00 0.3712
-0.8617E-01 -0.5757
0.1096 -0.1971
32.00 0.3627
-0.4349E-01 -0.5800
0.1127 -0.1924
33.00 0.3520
-0.2046E-01 -0.5889
0.1046 -0.1852
34.00 0.3384
-0.1771E-01 -0.6032
0.8784E-01 -0.1756
35.00 0.3217
-0.3391E-01 -0.6231
0.6452E-01 -0.1640
36.00 0.3025
-0.6643E-01 -0.6480
0.3611E-01 -0.1509
37.00 0.2816
-0.1118 -0.6770
0.3525E-02 -0.1370
38.00 0.2599
-0.1658 -0.7086
-0.3268E-01 -0.1230
39.00 0.2383
-0.2239 -0.7409
-0.7219E-01 -0.1097
40.00 0.2177
-0.2812 -0.7713
-0.1147 -0.9851E-01
41.00 0.1988
-0.3329 -0.7962
-0.1595 -0.9080E-01
42.00 0.1823
-0.3741 -0.8115
-0.2052 -0.8842E-01
43.00 0.1689
-0.4016 -0.8135
-0.2494 -0.9301E-01
44.00 0.1586
-0.4140 -0.8002
-0.2890 -0.1052
45.00 0.1511
-0.4135 -0.7729
-0.3207 -0.1241
46.00 0.1458
-0.4044 -0.7359
-0.3427 -0.1472
47.00 0.1420
-0.3924 -0.6954
-0.3545 -0.1714
48.00 0.1386
-0.3820 -0.6572
-0.3573 -0.1940
49.00 0.1351
-0.3760 -0.6254
-0.3528 -0.2131
50.00 0.1309
-0.3751 -0.6021
-0.3425 -0.2280
51.00 0.1259
-0.3783 -0.5879
-0.3280 -0.2385
52.00 0.1202
-0.3839 -0.5825
-0.3101 -0.2452
53.00 0.1140
-0.3895 -0.5849
-0.2897 -0.2486
54.00 0.1077
-0.3927 -0.5940
-0.2671 -0.2493
55.00 0.1014
-0.3915 -0.6087
-0.2432 -0.2479
56.00 0.9535E-01
-0.3844 -0.6278
-0.2187 -0.2450
57.00 0.8973E-01
-0.3710 -0.6503
-0.1945 -0.2410
58.00 0.8459E-01
-0.3521 -0.6750
-0.1716 -0.2364
59.00 0.7995E-01
-0.3296 -0.7008
-0.1509 -0.2313
60.00 0.7577E-01
-0.3063 -0.7270
-0.1330 -0.2260
61.00 0.7198E-01
-0.2850 -0.7527
-0.1179 -0.2202
62.00 0.6849E-01
-0.2678 -0.7776
-0.1048 -0.2140
63.00 0.6523E-01
-0.2559 -0.8015
-0.9287E-01 -0.2071
64.00 0.6213E-01
-0.2490 -0.8244
-0.8086E-01 -0.1996
65.00 0.5916E-01
-0.2461 -0.8464
-0.6787E-01 -0.1913
66.00 0.5630E-01
-0.2456 -0.8672
-0.5333E-01 -0.1825
67.00 0.5353E-01
-0.2461 -0.8867
-0.3706E-01 -0.1733
68.00 0.5085E-01
-0.2468 -0.9044
-0.1913E-01 -0.1639
69.00 0.4823E-01
-0.2472 -0.9199
0.3292E-03 -0.1543
70.00 0.4566E-01
-0.2475 -0.9329
0.2126E-01 -0.1449
71.00 0.4313E-01
-0.2477 -0.9430
0.4364E-01 -0.1357
72.00 0.4063E-01
-0.2474 -0.9497
0.6735E-01 -0.1269
73.00 0.3819E-01
-0.2463 -0.9528
0.9203E-01 -0.1188
74.00 0.3582E-01
-0.2439 -0.9521
0.1170 -0.1114
75.00 0.3353E-01
-0.2398 -0.9479
0.1413 -0.1047
76.00 0.3132E-01
-0.2346 -0.9408
0.1643 -0.9857E-01
77.00 0.2921E-01
-0.2288 -0.9321
0.1852 -0.9300E-01
78.00 0.2720E-01
-0.2233 -0.9228
0.2042 -0.8791E-01
79.00 0.2529E-01
-0.2186 -0.9139
0.2217 -0.8342E-01
80.00 0.2350E-01
-0.2143 -0.9061
0.2383 -0.7980E-01
81.00 0.2185E-01
-0.2096 -0.8998
0.2544 -0.7740E-01
82.00 0.2035E-01
-0.2030 -0.8949
0.2704 -0.7653E-01
83.00 0.1900E-01
-0.1934 -0.8909
0.2858 -0.7733E-01
84.00 0.1778E-01
-0.1802 -0.8874
0.3000 -0.7966E-01
85.00 0.1667E-01
-0.1635 -0.8837
0.3123 -0.8310E-01
86.00 0.1562E-01
-0.1446 -0.8793
0.3223 -0.8712E-01
87.00 0.1462E-01
-0.1248 -0.8740
0.3298 -0.9110E-01
88.00 0.1363E-01
-0.1056 -0.8676
0.3350 -0.9452E-01
89.00 0.1263E-01
-0.8821E-01 -0.8600
0.3383 -0.9691E-01
90.00 0.1162E-01
-0.7331E-01 -0.8509
0.3401 -0.9784E-01
91.00 0.1062E-01
-0.6139E-01 -0.8405
0.3406 -0.9687E-01
92.00 0.9640E-02
-0.5278E-01 -0.8287
0.3401 -0.9355E-01
93.00 0.8689E-02
-0.4781E-01 -0.8160
0.3391 -0.8746E-01
94.00 0.7790E-02
-0.4668E-01 -0.8028
0.3383 -0.7834E-01
95.00 0.6957E-02
-0.4932E-01 -0.7897
0.3387 -0.6627E-01
96.00 0.6205E-02
-0.5493E-01 -0.7771
0.3417 -0.5186E-01
97.00 0.5543E-02
-0.6167E-01 -0.7656
0.3485 -0.3628E-01
98.00 0.4975E-02
-0.6660E-01 -0.7558
0.3600 -0.2114E-01
99.00 0.4500E-02
-0.6619E-01 -0.7480
0.3759 -0.8221E-02
100.0 0.4109E-02
-0.5725E-01 -0.7423
0.3944 0.1110E-02
101.0 0.3789E-02
-0.3818E-01 -0.7381
0.4125 0.6321E-02
102.0 0.3525E-02
-0.9713E-02 -0.7344
0.4261 0.7954E-02
103.0 0.3298E-02
0.2501E-01 -0.7298
0.4317 0.7438E-02
104.0 0.3091E-02
0.6127E-01 -0.7226
0.4266 0.6581E-02
105.0 0.2890E-02
0.9384E-01 -0.7110
0.4095 0.6971E-02
106.0 0.2687E-02
0.1179 -0.6924
0.3800 0.9513E-02
107.0 0.2481E-02
0.1296 -0.6636
0.3384 0.1417E-01
108.0 0.2277E-02
0.1259 -0.6212
0.2856 0.1987E-01
109.0 0.2085E-02
0.1053 -0.5623
0.2236 0.2450E-01
110.0 0.1916E-02
0.6772E-01 -0.4858
0.1556 0.2500E-01
111.0 0.1784E-02
0.1535E-01 -0.3950
0.8754E-01 0.1787E-01
112.0 0.1699E-02
-0.4629E-01 -0.2986
0.2747E-01 0.3585E-03
113.0 0.1668E-02
-0.1088 -0.2101
-0.1616E-01 -0.2797E-01
114.0 0.1692E-02
-0.1635 -0.1428
-0.3842E-01 -0.6435E-01
115.0 0.1762E-02
-0.2049 -0.1034
-0.4041E-01 -0.1039
116.0 0.1866E-02
-0.2327 -0.9072E-01
-0.2824E-01 -0.1420
117.0 0.1987E-02
-0.2504 -0.9785E-01
-0.9758E-02 -0.1757
118.0 0.2104E-02
-0.2629 -0.1167
0.8125E-02 -0.2038
119.0 0.2202E-02
-0.2752 -0.1405
0.2048E-01 -0.2264
120.0 0.2267E-02
-0.2917 -0.1646
0.2427E-01 -0.2440
121.0 0.2290E-02
-0.3160 -0.1860
0.1789E-01 -0.2577
122.0 0.2272E-02
-0.3512 -0.2027
0.9787E-03 -0.2685
123.0 0.2220E-02
-0.3990 -0.2135
-0.2560E-01 -0.2781
124.0 0.2148E-02
-0.4591 -0.2175
-0.5938E-01 -0.2883
125.0 0.2074E-02
-0.5283 -0.2143
-0.9591E-01 -0.3012
126.0 0.2015E-02
-0.6000 -0.2048
-0.1289 -0.3182
127.0 0.1985E-02
-0.6649 -0.1911
-0.1513 -0.3399
128.0 0.1991E-02
-0.7139 -0.1760
-0.1578 -0.3647
129.0 0.2035E-02
-0.7412 -0.1625
-0.1472 -0.3901
130.0 0.2110E-02
-0.7463 -0.1522
-0.1222 -0.4133
131.0 0.2202E-02
-0.7330 -0.1456
-0.8810E-01 -0.4323
132.0 0.2296E-02
-0.7067 -0.1421
-0.5034E-01 -0.4466
133.0 0.2376E-02
-0.6726 -0.1408
-0.1334E-01 -0.4564
134.0 0.2430E-02
-0.6349 -0.1409
0.1991E-01 -0.4626
135.0 0.2450E-02
-0.5966 -0.1414
0.4736E-01 -0.4661
136.0 0.2437E-02
-0.5602 -0.1414
0.6759E-01 -0.4677
137.0 0.2396E-02
-0.5283 -0.1400
0.7948E-01 -0.4683
138.0 0.2335E-02
-0.5038 -0.1360
0.8239E-01 -0.4688
139.0 0.2266E-02
-0.4893 -0.1281
0.7633E-01 -0.4701
140.0 0.2199E-02
-0.4870 -0.1153
0.6224E-01 -0.4733
141.0 0.2143E-02
-0.4970 -0.9649E-01
0.4218E-01 -0.4786
142.0 0.2107E-02
-0.5170 -0.7188E-01
0.1912E-01 -0.4861
143.0 0.2092E-02
-0.5422 -0.4272E-01
-0.3613E-02 -0.4947
144.0 0.2099E-02
-0.5665 -0.1136E-01
-0.2313E-01 -0.5030
145.0 0.2126E-02
-0.5841 0.1945E-01
-0.3755E-01 -0.5093
146.0 0.2168E-02
-0.5909 0.4730E-01
-0.4608E-01 -0.5122
147.0 0.2223E-02
-0.5844 0.7057E-01
-0.4876E-01 -0.5108
148.0 0.2287E-02
-0.5647 0.8841E-01
-0.4606E-01 -0.5047
149.0 0.2358E-02
-0.5335 0.1006
-0.3855E-01 -0.4940
150.0 0.2435E-02
-0.4945 0.1072
-0.2678E-01 -0.4795
151.0 0.2520E-02
-0.4522 0.1086
-0.1137E-01 -0.4619
152.0 0.2613E-02
-0.4117 0.1053
0.6881E-02 -0.4421
153.0 0.2716E-02
-0.3781 0.9750E-01
0.2686E-01 -0.4210
154.0 0.2834E-02
-0.3553 0.8538E-01
0.4718E-01 -0.3995
155.0 0.2965E-02
-0.3460 0.6869E-01
0.6639E-01 -0.3785
156.0 0.3109E-02
-0.3504 0.4695E-01
0.8325E-01 -0.3584
157.0 0.3264E-02
-0.3670 0.1968E-01
0.9694E-01 -0.3393
158.0 0.3427E-02
-0.3922 -0.1343E-01
0.1072 -0.3209
159.0 0.3594E-02
-0.4212 -0.5226E-01
0.1140 -0.3029
160.0 0.3761E-02
-0.4489 -0.9626E-01
0.1180 -0.2847
161.0 0.3922E-02
-0.4709 -0.1444
0.1196 -0.2659
162.0 0.4071E-02
-0.4840 -0.1953
0.1192 -0.2463
163.0 0.4205E-02
-0.4863 -0.2472
0.1170 -0.2259
164.0 0.4321E-02
-0.4775 -0.2979
0.1131 -0.2048
165.0 0.4417E-02
-0.4584 -0.3452
0.1071 -0.1835
166.0 0.4497E-02
-0.4308 -0.3871
0.9871E-01 -0.1622
167.0 0.4560E-02
-0.3969 -0.4218
0.8768E-01 -0.1415
168.0 0.4611E-02
-0.3593 -0.4480
0.7404E-01 -0.1217
169.0 0.4653E-02
-0.3204 -0.4649
0.5812E-01 -0.1031
170.0 0.4689E-02
-0.2823 -0.4723
0.4065E-01 -0.8586E-01
171.0 0.4721E-02
-0.2463 -0.4707
0.2273E-01 -0.7014E-01
172.0 0.4751E-02
-0.2131 -0.4612
0.5664E-02 -0.5600E-01
173.0 0.4778E-02
-0.1826 -0.4458
-0.9177E-02 -0.4340E-01
174.0 0.4800E-02
-0.1545 -0.4268
-0.2059E-01 -0.3229E-01
175.0 0.4816E-02
-0.1281 -0.4062
-0.2768E-01 -0.2267E-01
176.0 0.4828E-02
-0.1028 -0.3862
-0.2999E-01 -0.1462E-01
177.0 0.4835E-02
-0.7766E-01 -0.3684
-0.2755E-01 -0.8245E-02
178.0 0.4841E-02
-0.5223E-01 -0.3543
-0.2096E-01 -0.3661E-02
179.0 0.4844E-02
-0.2630E-01 -0.3452
-0.1130E-01 -0.9130E-03
180.0 0.4845E-02
0.000 -0.3421
0.000 0.000
