0.000 0.1270
0.000 0.2456E-01
0.000 0.000
1.000 0.1252
0.3285E-01 0.2478E-01
-0.3899E-02 -0.1969E-02
2.000 0.1198
0.5771E-01 0.2527E-01
-0.9177E-02 -0.7876E-02
3.000 0.1113
0.6703E-01 0.2564E-01
-0.1678E-01 -0.1781E-01
4.000 0.1008
0.5410E-01 0.2520E-01
-0.2673E-01 -0.3211E-01
5.000 0.8971E-01
0.1397E-01 0.2293E-01
-0.3745E-01 -0.5140E-01
6.000 0.7946E-01
-0.5371E-01 0.1753E-01
-0.4527E-01 -0.7597E-01
7.000 0.7128E-01
-0.1403 0.7608E-02
-0.4483E-01 -0.1047
8.000 0.6556E-01
-0.2272 -0.7706E-02
-0.3190E-01 -0.1343
9.000 0.6167E-01
-0.2951 -0.2857E-01
-0.6544E-02 -0.1606
10.00 0.5820E-01
-0.3360 -0.5514E-01
0.2716E-01 -0.1813
11.00 0.5357E-01
-0.3543 -0.8878E-01
0.6495E-01 -0.1969
12.00 0.4671E-01
-0.3596 -0.1331
0.1052 -0.2092
13.00 0.3756E-01
-0.3602 -0.1950
0.1492 -0.2199
14.00 0.2711E-01
-0.3611 -0.2877
0.2007 -0.2297
15.00 0.1702E-01
-0.3641 -0.4371
0.2639 -0.2353
16.00 0.9000E-02
-0.3651 -0.6890
0.3317 -0.2192
17.00 0.4219E-02
-0.3398 -1.006
0.2958 -0.1073
18.00 0.2967E-02
-0.2623 -0.6428
-0.1278 0.1240
19.00 0.4678E-02
-0.2562 0.8262E-01
-0.3452 0.9866E-01
20.00 0.8219E-02
-0.2843 0.2706
-0.2786 -0.7164E-02
21.00 0.1231E-01
-0.2994 0.2687
-0.1926 -0.8051E-01
22.00 0.1587E-01
-0.2967 0.2213
-0.1225 -0.1326
23.00 0.1827E-01
-0.2723 0.1583
-0.6466E-01 -0.1750
24.00 0.1933E-01
-0.2192 0.8522E-01
-0.1487E-01 -0.2131
25.00 0.1927E-01
-0.1292 0.2664E-02
0.2844E-01 -0.2486
26.00 0.1850E-01
0.3571E-02 -0.8687E-01
0.6395E-01 -0.2797
27.00 0.1753E-01
0.1752 -0.1757
0.8785E-01 -0.3016
28.00 0.1677E-01
0.3636 -0.2502
0.9566E-01 -0.3075
29.00 0.1648E-01
0.5297 -0.2949
0.8566E-01 -0.2925
30.00 0.1674E-01
0.6354 -0.3021
0.6165E-01 -0.2584
31.00 0.1746E-01
0.6649 -0.2768
0.3151E-01 -0.2125
32.00 0.1844E-01
0.6285 -0.2319
0.2738E-02 -0.1641
33.00 0.1941E-01
0.5488 -0.1803
-0.2037E-01 -0.1192
34.00 0.2012E-01
0.4464 -0.1301
-0.3654E-01 -0.8050E-01
35.00 0.2039E-01
0.3357 -0.8555E-01
-0.4611E-01 -0.4825E-01
36.00 0.2014E-01
0.2249 -0.4827E-01
-0.4988E-01 -0.2161E-01
37.00 0.1938E-01
0.1188 -0.1898E-01
-0.4856E-01 0.5009E-03
38.00 0.1821E-01
0.2103E-01 0.1709E-02
-0.4262E-01 0.1905E-01
39.00 0.1677E-01
-0.6478E-01 0.1294E-01
-0.3237E-01 0.3477E-01
40.00 0.1522E-01
-0.1341 0.1359E-01
-0.1810E-01 0.4810E-01
41.00 0.1369E-01
-0.1819 0.2692E-02
-0.3541E-03 0.5923E-01
42.00 0.1228E-01
-0.2037 -0.2002E-01
0.1995E-01 0.6810E-01
43.00 0.1106E-01
-0.1974 -0.5338E-01
0.4145E-01 0.7461E-01
44.00 0.1003E-01
-0.1651 -0.9448E-01
0.6251E-01 0.7876E-01
45.00 0.9187E-02
-0.1138 -0.1390
0.8165E-01 0.8082E-01
46.00 0.8492E-02
-0.5343E-01 -0.1822
0.9786E-01 0.8134E-01
47.00 0.7905E-02
0.5402E-02 -0.2203
0.1108 0.8101E-01
48.00 0.7384E-02
0.5415E-01 -0.2509
0.1208 0.8046E-01
49.00 0.6898E-02
0.8774E-01 -0.2733
0.1281 0.8012E-01
50.00 0.6426E-02
0.1046 -0.2882
0.1335 0.8015E-01
51.00 0.5957E-02
0.1060 -0.2970
0.1371 0.8054E-01
52.00 0.5488E-02
0.9474E-01 -0.3014
0.1392 0.8116E-01
53.00 0.5025E-02
0.7466E-01 -0.3031
0.1397 0.8191E-01
54.00 0.4572E-02
0.4946E-01 -0.3034
0.1386 0.8274E-01
55.00 0.4140E-02
0.2239E-01 -0.3036
0.1358 0.8363E-01
56.00 0.3736E-02
-0.4032E-02 -0.3042
0.1314 0.8461E-01
57.00 0.3366E-02
-0.2810E-01 -0.3058
0.1253 0.8564E-01
58.00 0.3034E-02
-0.4883E-01 -0.3085
0.1178 0.8661E-01
59.00 0.2742E-02
-0.6587E-01 -0.3123
0.1091 0.8731E-01
60.00 0.2487E-02
-0.7933E-01 -0.3170
0.9959E-01 0.8747E-01
61.00 0.2268E-02
-0.8972E-01 -0.3220
0.8951E-01 0.8681E-01
62.00 0.2079E-02
-0.9788E-01 -0.3271
0.7926E-01 0.8505E-01
63.00 0.1913E-02
-0.1048 -0.3317
0.6911E-01 0.8190E-01
64.00 0.1766E-02
-0.1117 -0.3355
0.5923E-01 0.7704E-01
65.00 0.1634E-02
-0.1194 -0.3383
0.4959E-01 0.7011E-01
66.00 0.1514E-02
-0.1289 -0.3400
0.3997E-01 0.6072E-01
67.00 0.1403E-02
-0.1407 -0.3406
0.3002E-01 0.4858E-01
68.00 0.1302E-02
-0.1550 -0.3403
0.1934E-01 0.3356E-01
69.00 0.1208E-02
-0.1719 -0.3397
0.7598E-02 0.1581E-01
70.00 0.1121E-02
-0.1914 -0.3391
-0.5346E-02 -0.4329E-02
71.00 0.1039E-02
-0.2134 -0.3390
-0.1943E-01 -0.2636E-01
72.00 0.9611E-03
-0.2378 -0.3399
-0.3444E-01 -0.4979E-01
73.00 0.8863E-03
-0.2646 -0.3416
-0.5004E-01 -0.7427E-01
74.00 0.8148E-03
-0.2940 -0.3441
-0.6593E-01 -0.9957E-01
75.00 0.7473E-03
-0.3256 -0.3466
-0.8186E-01 -0.1256
76.00 0.6849E-03
-0.3594 -0.3488
-0.9762E-01 -0.1523
77.00 0.6286E-03
-0.3949 -0.3498
-0.1130 -0.1795
78.00 0.5791E-03
-0.4313 -0.3494
-0.1279 -0.2072
79.00 0.5367E-03
-0.4677 -0.3472
-0.1417 -0.2347
80.00 0.5008E-03
-0.5029 -0.3432
-0.1541 -0.2618
81.00 0.4707E-03
-0.5357 -0.3373
-0.1648 -0.2877
82.00 0.4451E-03
-0.5652 -0.3295
-0.1733 -0.3120
83.00 0.4229E-03
-0.5906 -0.3197
-0.1797 -0.3341
84.00 0.4032E-03
-0.6116 -0.3077
-0.1839 -0.3536
85.00 0.3851E-03
-0.6279 -0.2931
-0.1861 -0.3700
86.00 0.3683E-03
-0.6397 -0.2761
-0.1866 -0.3831
87.00 0.3523E-03
-0.6472 -0.2571
-0.1855 -0.3929
88.00 0.3368E-03
-0.6508 -0.2367
-0.1830 -0.3997
89.00 0.3216E-03
-0.6509 -0.2160
-0.1791 -0.4037
90.00 0.3067E-03
-0.6474 -0.1962
-0.1741 -0.4054
91.00 0.2920E-03
-0.6402 -0.1786
-0.1679 -0.4055
92.00 0.2773E-03
-0.6286 -0.1644
-0.1605 -0.4045
93.00 0.2628E-03
-0.6117 -0.1545
-0.1520 -0.4030
94.00 0.2485E-03
-0.5886 -0.1498
-0.1423 -0.4014
95.00 0.2346E-03
-0.5585 -0.1505
-0.1316 -0.3997
96.00 0.2212E-03
-0.5205 -0.1565
-0.1198 -0.3979
97.00 0.2082E-03
-0.4750 -0.1672
-0.1073 -0.3954
98.00 0.1957E-03
-0.4227 -0.1812
-0.9427E-01 -0.3915
99.00 0.1835E-03
-0.3657 -0.1969
-0.8114E-01 -0.3853
100.0 0.1715E-03
-0.3064 -0.2126
-0.6812E-01 -0.3760
101.0 0.1597E-03
-0.2477 -0.2265
-0.5533E-01 -0.3630
102.0 0.1484E-03
-0.1926 -0.2371
-0.4280E-01 -0.3462
103.0 0.1375E-03
-0.1439 -0.2436
-0.3049E-01 -0.3263
104.0 0.1275E-03
-0.1037 -0.2459
-0.1834E-01 -0.3046
105.0 0.1184E-03
-0.7287E-01 -0.2447
-0.6240E-02 -0.2832
106.0 0.1105E-03
-0.5088E-01 -0.2410
0.6030E-02 -0.2643
107.0 0.1038E-03
-0.3519E-01 -0.2359
0.1882E-01 -0.2497
108.0 0.9842E-04
-0.2162E-01 -0.2302
0.3257E-01 -0.2408
109.0 0.9434E-04
-0.5326E-02 -0.2243
0.4769E-01 -0.2382
110.0 0.9142E-04
0.1779E-01 -0.2185
0.6436E-01 -0.2415
111.0 0.8944E-04
0.4955E-01 -0.2129
0.8237E-01 -0.2494
112.0 0.8807E-04
0.8877E-01 -0.2078
0.1011 -0.2596
113.0 0.8690E-04
0.1316 -0.2033
0.1198 -0.2698
114.0 0.8542E-04
0.1730 -0.1996
0.1380 -0.2775
115.0 0.8313E-04
0.2077 -0.1961
0.1552 -0.2811
116.0 0.7959E-04
0.2317 -0.1923
0.1716 -0.2802
117.0 0.7459E-04
0.2425 -0.1870
0.1874 -0.2750
118.0 0.6822E-04
0.2386 -0.1788
0.2027 -0.2663
119.0 0.6081E-04
0.2201 -0.1664
0.2169 -0.2554
120.0 0.5290E-04
0.1881 -0.1483
0.2291 -0.2440
121.0 0.4507E-04
0.1455 -0.1242
0.2379 -0.2337
122.0 0.3792E-04
0.9759E-01 -0.9536E-01
0.2415 -0.2267
123.0 0.3193E-04
0.5243E-01 -0.6600E-01
0.2385 -0.2250
124.0 0.2746E-04
0.2128E-01 -0.4399E-01
0.2299 -0.2303
125.0 0.2468E-04
0.1480E-01 -0.3849E-01
0.2203 -0.2433
126.0 0.2353E-04
0.3537E-01 -0.5370E-01
0.2176 -0.2628
127.0 0.2373E-04
0.7300E-01 -0.8429E-01
0.2274 -0.2855
128.0 0.2489E-04
0.1122 -0.1193
0.2492 -0.3083
129.0 0.2653E-04
0.1417 -0.1500
0.2782 -0.3290
130.0 0.2820E-04
0.1575 -0.1723
0.3083 -0.3468
131.0 0.2950E-04
0.1606 -0.1858
0.3348 -0.3616
132.0 0.3011E-04
0.1541 -0.1916
0.3546 -0.3738
133.0 0.2985E-04
0.1418 -0.1912
0.3658 -0.3838
134.0 0.2864E-04
0.1280 -0.1854
0.3668 -0.3915
135.0 0.2655E-04
0.1167 -0.1751
0.3565 -0.3959
136.0 0.2377E-04
0.1126 -0.1605
0.3340 -0.3948
137.0 0.2052E-04
0.1196 -0.1425
0.2995 -0.3849
138.0 0.1710E-04
0.1402 -0.1225
0.2552 -0.3624
139.0 0.1380E-04
0.1708 -0.1041
0.2074 -0.3235
140.0 0.1096E-04
0.1942 -0.9406E-01
0.1700 -0.2672
141.0 0.8930E-05
0.1711 -0.1021
0.1685 -0.2040
142.0 0.8020E-05
0.5854E-01 -0.1333
0.2262 -0.1676
143.0 0.8441E-05
-0.1158 -0.1732
0.3209 -0.1930
144.0 0.1027E-04
-0.2511 -0.1989
0.3910 -0.2650
145.0 0.1342E-04
-0.2961 -0.2070
0.4094 -0.3400
146.0 0.1769E-04
-0.2687 -0.2069
0.3898 -0.3956
147.0 0.2277E-04
-0.2002 -0.2060
0.3512 -0.4300
148.0 0.2821E-04
-0.1120 -0.2071
0.3057 -0.4480
149.0 0.3346E-04
-0.1568E-01 -0.2107
0.2599 -0.4542
150.0 0.3795E-04
0.8311E-01 -0.2160
0.2168 -0.4521
151.0 0.4114E-04
0.1820 -0.2221
0.1774 -0.4434
152.0 0.4265E-04
0.2803 -0.2278
0.1422 -0.4288
153.0 0.4234E-04
0.3772 -0.2317
0.1111 -0.4080
154.0 0.4033E-04
0.4706 -0.2316
0.8437E-01 -0.3805
155.0 0.3695E-04
0.5546 -0.2244
0.6241E-01 -0.3457
156.0 0.3275E-04
0.6154 -0.2057
0.4610E-01 -0.3040
157.0 0.2844E-04
0.6253 -0.1694
0.3660E-01 -0.2581
158.0 0.2485E-04
0.5404 -0.1108
0.3458E-01 -0.2162
159.0 0.2286E-04
0.3245 -0.3599E-01
0.3811E-01 -0.1946
160.0 0.2325E-04
0.1586E-01 0.2847E-01
0.4105E-01 -0.2088
161.0 0.2666E-04
-0.2559 0.5217E-01
0.3718E-01 -0.2533
162.0 0.3345E-04
-0.3905 0.3298E-01
0.2673E-01 -0.3031
163.0 0.4374E-04
-0.3930 -0.8152E-02
0.1438E-01 -0.3393
164.0 0.5734E-04
-0.3157 -0.5214E-01
0.3752E-02 -0.3581
165.0 0.7377E-04
-0.2022 -0.8954E-01
-0.3891E-02 -0.3627
166.0 0.9222E-04
-0.7722E-01 -0.1173
-0.8665E-02 -0.3571
167.0 0.1117E-03
0.4711E-01 -0.1352
-0.1123E-01 -0.3447
168.0 0.1311E-03
0.1651 -0.1440
-0.1234E-01 -0.3272
169.0 0.1493E-03
0.2736 -0.1447
-0.1272E-01 -0.3058
170.0 0.1654E-03
0.3701 -0.1387
-0.1293E-01 -0.2809
171.0 0.1787E-03
0.4518 -0.1272
-0.1338E-01 -0.2529
172.0 0.1889E-03
0.5155 -0.1117
-0.1426E-01 -0.2219
173.0 0.1957E-03
0.5574 -0.9348E-01
-0.1551E-01 -0.1884
174.0 0.1994E-03
0.5733 -0.7414E-01
-0.1682E-01 -0.1530
175.0 0.2005E-03
0.5588 -0.5499E-01
-0.1768E-01 -0.1168
176.0 0.1996E-03
0.5099 -0.3733E-01
-0.1747E-01 -0.8145E-01
177.0 0.1978E-03
0.4248 -0.2231E-01
-0.1562E-01 -0.4926E-01
178.0 0.1958E-03
0.3059 -0.1089E-01
-0.1188E-01 -0.2314E-01
179.0 0.1943E-03
0.1603 -0.3775E-02
-0.6444E-02 -0.5989E-02
180.0 0.1938E-03
0.000 -0.1361E-02
0.000 0.000
