0.000 5.723
0.000 -0.2806E-01
0.000 0.000
1.000 5.627
-0.6498E-01 -0.2733E-01
-0.1016E-01 0.1558E-03
2.000 5.355
-0.1286 -0.2508E-01
-0.2070E-01 0.5479E-03
3.000 4.945
-0.1885 -0.2117E-01
-0.3212E-01 0.9207E-03
4.000 4.459
-0.2400 -0.1528E-01
-0.4497E-01 0.7589E-03
5.000 3.966
-0.2750 -0.6832E-02
-0.5984E-01 -0.7849E-03
6.000 3.536
-0.2823 0.4940E-02
-0.7695E-01 -0.4792E-02
7.000 3.221
-0.2520 0.2056E-01
-0.9551E-01 -0.1206E-01
8.000 3.047
-0.1842 0.3960E-01
-0.1135 -0.2222E-01
9.000 3.008
-0.9385E-01 0.6046E-01
-0.1284 -0.3343E-01
10.00 3.069
-0.3583E-02 0.8121E-01
-0.1390 -0.4335E-01
11.00 3.174
0.7021E-01 0.1007
-0.1456 -0.5059E-01
12.00 3.262
0.1224 0.1188
-0.1497 -0.5502E-01
13.00 3.282
0.1552 0.1360
-0.1523 -0.5732E-01
14.00 3.205
0.1732 0.1526
-0.1543 -0.5847E-01
15.00 3.027
0.1804 0.1691
-0.1558 -0.5954E-01
16.00 2.768
0.1796 0.1851
-0.1565 -0.6164E-01
17.00 2.460
0.1721 0.2000
-0.1557 -0.6595E-01
18.00 2.139
0.1586 0.2128
-0.1520 -0.7356E-01
19.00 1.834
0.1399 0.2221
-0.1438 -0.8521E-01
20.00 1.561
0.1177 0.2264
-0.1295 -0.1008
21.00 1.327
0.9555E-01 0.2250
-0.1081 -0.1189
22.00 1.130
0.7837E-01 0.2176
-0.7922E-01 -0.1373
23.00 0.9651
0.7214E-01 0.2042
-0.4314E-01 -0.1526
24.00 0.8267
0.8245E-01 0.1848
-0.9222E-03 -0.1617
25.00 0.7121
0.1130 0.1583
0.4562E-01 -0.1611
26.00 0.6202
0.1634 0.1238
0.9332E-01 -0.1483
27.00 0.5507
0.2276 0.8135E-01
0.1372 -0.1222
28.00 0.5027
0.2932 0.3407E-01
0.1708 -0.8413E-01
29.00 0.4745
0.3456 -0.1177E-01
0.1888 -0.3894E-01
30.00 0.4631
0.3745 -0.4859E-01
0.1889 0.6752E-02
31.00 0.4652
0.3788 -0.7067E-01
0.1733 0.4686E-01
32.00 0.4771
0.3649 -0.7606E-01
0.1470 0.7761E-01
33.00 0.4956
0.3425 -0.6634E-01
0.1154 0.9778E-01
34.00 0.5178
0.3201 -0.4511E-01
0.8329E-01 0.1079
35.00 0.5413
0.3029 -0.1653E-01
0.5375E-01 0.1094
36.00 0.5638
0.2931 0.1570E-01
0.2877E-01 0.1040
37.00 0.5836
0.2907 0.4869E-01
0.9281E-02 0.9347E-01
38.00 0.5991
0.2942 0.8055E-01
-0.4492E-02 0.7946E-01
39.00 0.6089
0.3016 0.1102
-0.1275E-01 0.6343E-01
40.00 0.6122
0.3111 0.1373
-0.1596E-01 0.4668E-01
41.00 0.6085
0.3208 0.1617
-0.1467E-01 0.3031E-01
42.00 0.5978
0.3293 0.1836
-0.9448E-02 0.1531E-01
43.00 0.5805
0.3355 0.2034
-0.8026E-03 0.2532E-02
44.00 0.5575
0.3384 0.2213
0.1081E-01 -0.7257E-02
45.00 0.5300
0.3376 0.2376
0.2499E-01 -0.1337E-01
46.00 0.4994
0.3328 0.2525
0.4134E-01 -0.1524E-01
47.00 0.4671
0.3240 0.2661
0.5948E-01 -0.1239E-01
48.00 0.4343
0.3116 0.2787
0.7893E-01 -0.4555E-02
49.00 0.4022
0.2962 0.2902
0.9919E-01 0.8272E-02
50.00 0.3715
0.2785 0.3005
0.1197 0.2581E-01
51.00 0.3428
0.2594 0.3098
0.1399 0.4747E-01
52.00 0.3162
0.2399 0.3178
0.1592 0.7239E-01
53.00 0.2918
0.2206 0.3245
0.1772 0.9952E-01
54.00 0.2695
0.2021 0.3301
0.1935 0.1277
55.00 0.2492
0.1849 0.3347
0.2079 0.1560
56.00 0.2308
0.1690 0.3385
0.2201 0.1832
57.00 0.2141
0.1543 0.3416
0.2299 0.2084
58.00 0.1992
0.1406 0.3438
0.2371 0.2310
59.00 0.1859
0.1275 0.3450
0.2416 0.2503
60.00 0.1741
0.1149 0.3448
0.2434 0.2659
61.00 0.1638
0.1026 0.3429
0.2429 0.2778
62.00 0.1548
0.9109E-01 0.3391
0.2402 0.2862
63.00 0.1468
0.8086E-01 0.3336
0.2360 0.2912
64.00 0.1398
0.7257E-01 0.3264
0.2307 0.2935
65.00 0.1335
0.6680E-01 0.3181
0.2247 0.2935
66.00 0.1277
0.6399E-01 0.3088
0.2184 0.2916
67.00 0.1223
0.6428E-01 0.2987
0.2120 0.2881
68.00 0.1173
0.6757E-01 0.2880
0.2058 0.2832
69.00 0.1124
0.7358E-01 0.2765
0.1998 0.2773
70.00 0.1077
0.8190E-01 0.2643
0.1942 0.2706
71.00 0.1029
0.9208E-01 0.2512
0.1890 0.2633
72.00 0.9811E-01
0.1037 0.2371
0.1842 0.2556
73.00 0.9325E-01
0.1162 0.2222
0.1797 0.2477
74.00 0.8837E-01
0.1293 0.2064
0.1756 0.2397
75.00 0.8352E-01
0.1425 0.1897
0.1717 0.2317
76.00 0.7877E-01
0.1553 0.1722
0.1679 0.2238
77.00 0.7421E-01
0.1674 0.1539
0.1644 0.2161
78.00 0.6994E-01
0.1783 0.1348
0.1611 0.2086
79.00 0.6599E-01
0.1878 0.1152
0.1580 0.2014
80.00 0.6241E-01
0.1957 0.9541E-01
0.1554 0.1946
81.00 0.5919E-01
0.2020 0.7580E-01
0.1532 0.1882
82.00 0.5630E-01
0.2069 0.5687E-01
0.1516 0.1823
83.00 0.5366E-01
0.2105 0.3905E-01
0.1506 0.1771
84.00 0.5122E-01
0.2132 0.2260E-01
0.1502 0.1725
85.00 0.4888E-01
0.2152 0.7630E-02
0.1504 0.1687
86.00 0.4658E-01
0.2166 -0.5994E-02
0.1511 0.1655
87.00 0.4426E-01
0.2175 -0.1855E-01
0.1522 0.1631
88.00 0.4188E-01
0.2177 -0.3044E-01
0.1536 0.1612
89.00 0.3941E-01
0.2173 -0.4206E-01
0.1555 0.1599
90.00 0.3686E-01
0.2162 -0.5379E-01
0.1577 0.1590
91.00 0.3426E-01
0.2141 -0.6588E-01
0.1604 0.1584
92.00 0.3164E-01
0.2109 -0.7839E-01
0.1637 0.1577
93.00 0.2905E-01
0.2066 -0.9119E-01
0.1679 0.1568
94.00 0.2657E-01
0.2011 -0.1039
0.1729 0.1555
95.00 0.2422E-01
0.1943 -0.1157
0.1788 0.1535
96.00 0.2204E-01
0.1864 -0.1259
0.1856 0.1508
97.00 0.2007E-01
0.1777 -0.1335
0.1930 0.1476
98.00 0.1828E-01
0.1687 -0.1377
0.2009 0.1440
99.00 0.1667E-01
0.1596 -0.1380
0.2088 0.1405
100.0 0.1521E-01
0.1506 -0.1344
0.2165 0.1376
101.0 0.1388E-01
0.1415 -0.1272
0.2237 0.1353
102.0 0.1266E-01
0.1316 -0.1172
0.2300 0.1335
103.0 0.1153E-01
0.1200 -0.1051
0.2354 0.1317
104.0 0.1048E-01
0.1058 -0.9182E-01
0.2397 0.1290
105.0 0.9511E-02
0.8794E-01 -0.7798E-01
0.2427 0.1242
106.0 0.8619E-02
0.6609E-01 -0.6386E-01
0.2441 0.1160
107.0 0.7811E-02
0.4053E-01 -0.4924E-01
0.2436 0.1035
108.0 0.7090E-02
0.1234E-01 -0.3348E-01
0.2409 0.8630E-01
109.0 0.6455E-02
-0.1657E-01 -0.1557E-01
0.2355 0.6488E-01
110.0 0.5903E-02
-0.4382E-01 0.5540E-02
0.2274 0.4077E-01
111.0 0.5423E-02
-0.6704E-01 0.3063E-01
0.2167 0.1637E-01
112.0 0.5004E-02
-0.8441E-01 0.5987E-01
0.2037 -0.5425E-02
113.0 0.4633E-02
-0.9510E-01 0.9268E-01
0.1892 -0.2175E-01
114.0 0.4298E-02
-0.9948E-01 0.1276
0.1738 -0.3031E-01
115.0 0.3993E-02
-0.9903E-01 0.1626
0.1581 -0.2971E-01
116.0 0.3716E-02
-0.9605E-01 0.1950
0.1427 -0.1973E-01
117.0 0.3469E-02
-0.9325E-01 0.2220
0.1276 -0.1568E-02
118.0 0.3255E-02
-0.9300E-01 0.2414
0.1131 0.2217E-01
119.0 0.3078E-02
-0.9665E-01 0.2521
0.9888E-01 0.4773E-01
120.0 0.2939E-02
-0.1038 0.2546
0.8476E-01 0.7109E-01
121.0 0.2832E-02
-0.1126 0.2512
0.7046E-01 0.8908E-01
122.0 0.2751E-02
-0.1200 0.2453
0.5569E-01 0.1003
123.0 0.2686E-02
-0.1234 0.2400
0.4037E-01 0.1054
124.0 0.2631E-02
-0.1215 0.2377
0.2477E-01 0.1064
125.0 0.2581E-02
-0.1148 0.2390
0.9661E-02 0.1060
126.0 0.2533E-02
-0.1058 0.2436
-0.3584E-02 0.1065
127.0 0.2487E-02
-0.9835E-01 0.2499
-0.1318E-01 0.1096
128.0 0.2445E-02
-0.9644E-01 0.2561
-0.1730E-01 0.1157
129.0 0.2408E-02
-0.1032 0.2602
-0.1454E-01 0.1243
130.0 0.2375E-02
-0.1200 0.2608
-0.4436E-02 0.1344
131.0 0.2346E-02
-0.1457 0.2569
0.1234E-01 0.1448
132.0 0.2318E-02
-0.1773 0.2487
0.3396E-01 0.1542
133.0 0.2290E-02
-0.2106 0.2365
0.5785E-01 0.1623
134.0 0.2257E-02
-0.2414 0.2214
0.8113E-01 0.1686
135.0 0.2219E-02
-0.2662 0.2045
0.1012 0.1735
136.0 0.2172E-02
-0.2830 0.1869
0.1161 0.1773
137.0 0.2115E-02
-0.2913 0.1694
0.1249 0.1803
138.0 0.2049E-02
-0.2924 0.1522
0.1274 0.1827
139.0 0.1979E-02
-0.2892 0.1347
0.1245 0.1842
140.0 0.1913E-02
-0.2853 0.1160
0.1177 0.1836
141.0 0.1860E-02
-0.2854 0.9511E-01
0.1090 0.1783
142.0 0.1833E-02
-0.2930 0.7244E-01
0.1005 0.1654
143.0 0.1840E-02
-0.3099 0.5015E-01
0.9433E-01 0.1421
144.0 0.1883E-02
-0.3347 0.3216E-01
0.9139E-01 0.1080
145.0 0.1955E-02
-0.3631 0.2271E-01
0.9142E-01 0.6519E-01
146.0 0.2043E-02
-0.3902 0.2487E-01
0.9317E-01 0.1730E-01
147.0 0.2127E-02
-0.4114 0.3993E-01
0.9515E-01 -0.3185E-01
148.0 0.2184E-02
-0.4239 0.6784E-01
0.9616E-01 -0.7940E-01
149.0 0.2199E-02
-0.4255 0.1077
0.9555E-01 -0.1235
150.0 0.2162E-02
-0.4141 0.1583
0.9327E-01 -0.1632
151.0 0.2079E-02
-0.3876 0.2170
0.8990E-01 -0.1972
152.0 0.1964E-02
-0.3430 0.2792
0.8687E-01 -0.2243
153.0 0.1842E-02
-0.2782 0.3365
0.8660E-01 -0.2425
154.0 0.1742E-02
-0.1945 0.3758
0.9234E-01 -0.2496
155.0 0.1690E-02
-0.1001 0.3829
0.1068 -0.2449
156.0 0.1706E-02
-0.1016E-01 0.3511
0.1301 -0.2308
157.0 0.1796E-02
0.5988E-01 0.2882
0.1585 -0.2129
158.0 0.1951E-02
0.1029 0.2129
0.1866 -0.1973
159.0 0.2148E-02
0.1218 0.1431
0.2100 -0.1874
160.0 0.2355E-02
0.1245 0.8932E-01
0.2274 -0.1837
161.0 0.2532E-02
0.1187 0.5435E-01
0.2390 -0.1853
162.0 0.2639E-02
0.1095 0.3729E-01
0.2457 -0.1907
163.0 0.2647E-02
0.1001 0.3624E-01
0.2484 -0.1989
164.0 0.2538E-02
0.9195E-01 0.4990E-01
0.2474 -0.2088
165.0 0.2318E-02
0.8585E-01 0.7824E-01
0.2421 -0.2196
166.0 0.2008E-02
0.8191E-01 0.1227
0.2309 -0.2297
167.0 0.1652E-02
0.7949E-01 0.1855
0.2099 -0.2358
168.0 0.1302E-02
0.7641E-01 0.2671
0.1714 -0.2306
169.0 0.1015E-02
0.6711E-01 0.3543
0.1047 -0.1996
170.0 0.8431E-03
0.4308E-01 0.4002
0.9044E-02 -0.1275
171.0 0.8235E-03
0.4574E-02 0.3422
-0.7957E-01 -0.3005E-01
172.0 0.9737E-03
-0.2944E-01 0.2045
-0.1133 0.3918E-01
173.0 0.1287E-02
-0.4570E-01 0.7667E-01
-0.9976E-01 0.6009E-01
174.0 0.1735E-02
-0.4817E-01 -0.4868E-02
-0.7214E-01 0.5359E-01
175.0 0.2269E-02
-0.4380E-01 -0.4945E-01
-0.4749E-01 0.3911E-01
176.0 0.2830E-02
-0.3652E-01 -0.7225E-01
-0.2951E-01 0.2502E-01
177.0 0.3352E-02
-0.2799E-01 -0.8340E-01
-0.1740E-01 0.1385E-01
178.0 0.3776E-02
-0.1888E-01 -0.8858E-01
-0.9459E-02 0.6048E-02
179.0 0.4052E-02
-0.9503E-02 -0.9075E-01
-0.4115E-02 0.1494E-02
180.0 0.4148E-02
0.000 -0.9133E-01
0.000 0.000
