# Fusion cross sections for ELAB= 200.000, ECM= 199.036
     0.5   3.174      1
     0.5   6.351     -1
     1.5   6.356      1
     1.5   12.70     -1
     2.5   9.497      1
     2.5   19.03     -1
     3.5   12.71      1
     3.5   25.35     -1
     4.5   15.77      1
     4.5   31.64     -1
     5.5   19.04      1
     5.5   37.91     -1
     6.5   21.94      1
     6.5   44.13     -1
     7.5   25.33      1
     7.5   50.29     -1
     8.5   27.93      1
     8.5   56.39     -1
     9.5   31.56      1
     9.5   62.39     -1
    10.5   33.62      1
    10.5   68.27     -1
    11.5   37.72      1
    11.5   73.98     -1
    12.5   38.68      1
    12.5   79.45     -1
    13.5   43.82      1
    13.5   84.63     -1
    14.5   42.45      1
    14.5   89.29     -1
    15.5   49.58      1
    15.5   93.04     -1
    16.5   43.85      1
    16.5   95.55     -1
    17.5   52.81      1
    17.5   96.62     -1
    18.5   43.52      1
    18.5   96.05     -1
    19.5   50.50      1
    19.5   93.26     -1
    20.5   40.90      1
    20.5   87.39     -1
    21.5   40.64      1
    21.5   77.95     -1
    22.5   32.07      1
    22.5   65.61     -1
    23.5   26.14      1
    23.5   52.04     -1
    24.5   19.77      1
    24.5   39.11     -1
    25.5   13.70      1
    25.5   28.10     -1
    26.5   10.12      1
    26.5   19.50     -1
    27.5   6.266      1
    27.5   13.19     -1
    28.5   4.645      1
    28.5   8.759     -1
    29.5   2.668      1
    29.5   5.740     -1
    30.5   2.012      1
    30.5   3.728     -1
    31.5   1.098      1
    31.5   2.406     -1
    32.5  0.8460      1
    32.5   1.545     -1
    33.5  0.4442      1
    33.5  0.9893     -1
    34.5  0.3501      1
    34.5  0.6317     -1
    35.5  0.1782      1
    35.5  0.4026     -1
    36.5  0.1435      1
    36.5  0.2561     -1
    37.5  0.7110E-01  1
    37.5  0.1627     -1
    38.5  0.5842E-01  1
    38.5  0.1033     -1
    39.5  0.2826E-01  1
    39.5  0.6546E-01 -1
    40.5  0.2365E-01  1
    40.5  0.4145E-01 -1
    41.5  0.1120E-01  1
    41.5  0.2623E-01 -1
    42.5  0.9533E-02  1
    42.5  0.1658E-01 -1
    43.5  0.4427E-02  1
    43.5  0.1047E-01 -1
    44.5  0.3827E-02  1
    44.5  0.6608E-02 -1
    45.5  0.1746E-02  1
    45.5  0.4167E-02 -1
    46.5  0.1531E-02  1
    46.5  0.2626E-02 -1
    47.5  0.6872E-03  1
    47.5  0.1654E-02 -1
    48.5  0.6101E-03  1
    48.5  0.1041E-02 -1
    49.5  0.2699E-03  1
    49.5  0.6547E-03 -1
    50.5  0.2425E-03  1
    50.5  0.4116E-03 -1
 &
