0.000 26.65
0.000 0.7067
0.000 0.000
1.000 27.07
-0.7750E-01 0.6636
0.1527 0.1722E-01
2.000 28.19
-0.1396 0.5491
0.2749 0.6302E-01
3.000 29.68
-0.1787 0.3972
0.3516 0.1243
4.000 31.03
-0.1951 0.2402
0.3839 0.1886
5.000 31.74
-0.1939 0.9797E-01
0.3819 0.2484
6.000 31.40
-0.1801 -0.2108E-01
0.3561 0.3009
7.000 29.80
-0.1575 -0.1152
0.3148 0.3458
8.000 26.96
-0.1283 -0.1848
0.2629 0.3843
9.000 23.14
-0.9319E-01 -0.2304
0.2033 0.4180
10.00 18.76
-0.5165E-01 -0.2496
0.1367 0.4481
11.00 14.32
-0.2248E-02 -0.2362
0.6376E-01 0.4756
12.00 10.28
0.5656E-01 -0.1763
-0.1391E-01 0.5007
13.00 6.998
0.1237 -0.4691E-01
-0.8808E-01 0.5207
14.00 4.647
0.1867 0.1748
-0.1326 0.5279
15.00 3.235
0.2078 0.4561
-0.9532E-01 0.5083
16.00 2.616
0.1437 0.6313
0.5012E-01 0.4595
17.00 2.555
0.2719E-01 0.5602
0.2155 0.4117
18.00 2.783
-0.6438E-01 0.3451
0.3045 0.3902
19.00 3.064
-0.1083 0.1309
0.3183 0.3903
20.00 3.227
-0.1179 -0.3390E-01
0.2911 0.4004
21.00 3.188
-0.1068 -0.1501
0.2448 0.4141
22.00 2.939
-0.8252E-01 -0.2273
0.1889 0.4288
23.00 2.529
-0.4774E-01 -0.2716
0.1271 0.4434
24.00 2.037
-0.2798E-02 -0.2831
0.6021E-01 0.4572
25.00 1.543
0.5296E-01 -0.2555
-0.1036E-01 0.4693
26.00 1.108
0.1191 -0.1751
-0.7987E-01 0.4772
27.00 0.7690
0.1897 -0.2440E-01
-0.1346 0.4765
28.00 0.5349
0.2459 0.1989
-0.1463 0.4603
29.00 0.3941
0.2548 0.4413
-0.8135E-01 0.4254
30.00 0.3231
0.1980 0.5865
0.5624E-01 0.3819
31.00 0.2956
0.1059 0.5645
0.2049 0.3490
32.00 0.2884
0.2727E-01 0.4237
0.3086 0.3352
33.00 0.2853
-0.1575E-01 0.2470
0.3583 0.3356
34.00 0.2773
-0.2443E-01 0.8208E-01
0.3691 0.3424
35.00 0.2613
-0.6433E-02 -0.5449E-01
0.3563 0.3503
36.00 0.2384
0.3133E-01 -0.1591
0.3298 0.3566
37.00 0.2113
0.8334E-01 -0.2306
0.2951 0.3598
38.00 0.1831
0.1443 -0.2676
0.2554 0.3594
39.00 0.1560
0.2083 -0.2681
0.2132 0.3558
40.00 0.1313
0.2686 -0.2316
0.1706 0.3502
41.00 0.1093
0.3185 -0.1602
0.1298 0.3444
42.00 0.8984E-01
0.3523 -0.5865E-01
0.9233E-01 0.3400
43.00 0.7247E-01
0.3664 0.6742E-01
0.5936E-01 0.3377
44.00 0.5692E-01
0.3571 0.2134
0.3193E-01 0.3373
45.00 0.4328E-01
0.3187 0.3748
0.1220E-01 0.3371
46.00 0.3191E-01
0.2397 0.5401
0.5894E-02 0.3341
47.00 0.2331E-01
0.1044 0.6695
0.2501E-01 0.3247
48.00 0.1788E-01
-0.8411E-01 0.6703
0.8344E-01 0.3080
49.00 0.1567E-01
-0.2561 0.4566
0.1702 0.2938
50.00 0.1628E-01
-0.3159 0.1200
0.2365 0.2967
51.00 0.1885E-01
-0.2703 -0.1512
0.2544 0.3161
52.00 0.2225E-01
-0.1878 -0.2982
0.2389 0.3415
53.00 0.2534E-01
-0.1086 -0.3559
0.2100 0.3666
54.00 0.2719E-01
-0.4262E-01 -0.3636
0.1773 0.3899
55.00 0.2730E-01
0.1130E-01 -0.3442
0.1436 0.4115
56.00 0.2564E-01
0.5651E-01 -0.3085
0.1090 0.4320
57.00 0.2253E-01
0.9575E-01 -0.2605
0.7189E-01 0.4516
58.00 0.1854E-01
0.1305 -0.2005
0.3043E-01 0.4698
59.00 0.1431E-01
0.1603 -0.1261
-0.1782E-01 0.4850
60.00 0.1036E-01
0.1821 -0.3276E-01
-0.7510E-01 0.4934
61.00 0.7061E-02
0.1871 0.8652E-01
-0.1417 0.4868
62.00 0.4572E-02
0.1560 0.2379
-0.2096 0.4486
63.00 0.2910E-02
0.5529E-01 0.4102
-0.2464 0.3523
64.00 0.1979E-02
-0.1379 0.5297
-0.1788 0.1862
65.00 0.1622E-02
-0.3435 0.4678
0.3182E-01 0.2623E-01
66.00 0.1659E-02
-0.4169 0.2476
0.2586 -0.1413E-01
67.00 0.1903E-02
-0.3661 0.3411E-01
0.3808 0.4249E-01
68.00 0.2192E-02
-0.2769 -0.1071
0.4148 0.1202
69.00 0.2397E-02
-0.1917 -0.1915
0.4071 0.1859
70.00 0.2449E-02
-0.1183 -0.2424
0.3845 0.2349
71.00 0.2339E-02
-0.5395E-01 -0.2736
0.3578 0.2704
72.00 0.2111E-02
0.5831E-02 -0.2908
0.3298 0.2972
73.00 0.1838E-02
0.6293E-01 -0.2944
0.2992 0.3205
74.00 0.1590E-02
0.1144 -0.2815
0.2625 0.3449
75.00 0.1410E-02
0.1527 -0.2503
0.2174 0.3727
76.00 0.1298E-02
0.1722 -0.2033
0.1671 0.4026
77.00 0.1225E-02
0.1762 -0.1462
0.1185 0.4301
78.00 0.1150E-02
0.1745 -0.8125E-01
0.7780E-01 0.4520
79.00 0.1044E-02
0.1762 -0.5880E-02
0.4835E-01 0.4673
80.00 0.9067E-03
0.1861 0.8362E-01
0.3378E-01 0.4745
81.00 0.7607E-03
0.2041 0.1833
0.4041E-01 0.4704
82.00 0.6405E-03
0.2217 0.2687
0.7461E-01 0.4499
83.00 0.5719E-03
0.2220 0.2948
0.1304 0.4127
84.00 0.5583E-03
0.1949 0.2426
0.1827 0.3708
85.00 0.5802E-03
0.1511 0.1539
0.2109 0.3383
86.00 0.6059E-03
0.1074 0.8281E-01
0.2188 0.3179
87.00 0.6088E-03
0.7127E-01 0.5426E-01
0.2211 0.3047
88.00 0.5799E-03
0.4363E-01 0.7145E-01
0.2306 0.2944
89.00 0.5311E-03
0.2405E-01 0.1259
0.2549 0.2868
90.00 0.4863E-03
0.1393E-01 0.1923
0.2914 0.2858
91.00 0.4672E-03
0.1548E-01 0.2274
0.3225 0.2962
92.00 0.4806E-03
0.2770E-01 0.2033
0.3264 0.3163
93.00 0.5143E-03
0.4610E-01 0.1382
0.3005 0.3377
94.00 0.5442E-03
0.6781E-01 0.6904E-01
0.2588 0.3535
95.00 0.5472E-03
0.9353E-01 0.1855E-01
0.2142 0.3620
96.00 0.5136E-03
0.1259 -0.5594E-02
0.1733 0.3645
97.00 0.4518E-03
0.1665 -0.2965E-02
0.1392 0.3631
98.00 0.3839E-03
0.2108 0.2043E-01
0.1141 0.3620
99.00 0.3332E-03
0.2412 0.4613E-01
0.9892E-01 0.3685
100.0 0.3124E-03
0.2337 0.4802E-01
0.8918E-01 0.3875
101.0 0.3175E-03
0.1881 0.2157E-01
0.7603E-01 0.4148
102.0 0.3308E-03
0.1289 -0.9836E-02
0.5527E-01 0.4418
103.0 0.3317E-03
0.7444E-01 -0.2305E-01
0.2904E-01 0.4653
104.0 0.3082E-03
0.2853E-01 -0.5648E-02
0.2126E-02 0.4871
105.0 0.2641E-03
-0.1075E-01 0.4905E-01
-0.1733E-01 0.5096
106.0 0.2167E-03
-0.4279E-01 0.1355
-0.1317E-01 0.5326
107.0 0.1878E-03
-0.5831E-01 0.2059
0.3260E-01 0.5472
108.0 0.1914E-03
-0.4874E-01 0.1842
0.1005 0.5424
109.0 0.2259E-03
-0.2770E-01 0.8925E-01
0.1385 0.5263
110.0 0.2741E-03
-0.1207E-01 0.3018E-02
0.1365 0.5151
111.0 0.3122E-03
-0.4433E-02 -0.4003E-01
0.1132 0.5137
112.0 0.3213E-03
-0.1909E-02 -0.3766E-01
0.8243E-01 0.5219
113.0 0.2970E-03
-0.2036E-02 0.1043E-01
0.5035E-01 0.5397
114.0 0.2513E-03
-0.3247E-02 0.1065
0.2213E-01 0.5668
115.0 0.2059E-03
-0.4264E-02 0.2344
0.6972E-02 0.5970
116.0 0.1808E-03
-0.4017E-02 0.3196
0.1504E-01 0.6097
117.0 0.1845E-03
-0.2853E-02 0.2788
0.3712E-01 0.5878
118.0 0.2098E-03
-0.2262E-02 0.1564
0.4869E-01 0.5489
119.0 0.2388E-03
-0.2595E-02 0.4705E-01
0.4301E-01 0.5173
120.0 0.2529E-03
-0.3189E-02 -0.1261E-01
0.2724E-01 0.4996
121.0 0.2430E-03
-0.3144E-02 -0.1891E-01
0.9550E-02 0.4946
122.0 0.2144E-03
-0.1288E-02 0.2745E-01
-0.1016E-02 0.5021
123.0 0.1836E-03
0.3669E-02 0.1147
0.8280E-02 0.5214
124.0 0.1692E-03
0.1107E-01 0.1875
0.4377E-01 0.5441
125.0 0.1812E-03
0.1642E-01 0.1745
0.8206E-01 0.5537
126.0 0.2154E-03
0.1704E-01 0.9622E-01
0.9377E-01 0.5479
127.0 0.2550E-03
0.1493E-01 0.1982E-01
0.8038E-01 0.5380
128.0 0.2800E-03
0.1227E-01 -0.2370E-01
0.5479E-01 0.5314
129.0 0.2772E-03
0.9750E-02 -0.2770E-01
0.2538E-01 0.5305
130.0 0.2481E-03
0.6877E-02 0.1160E-01
-0.1805E-02 0.5361
131.0 0.2080E-03
0.1902E-02 0.9504E-01
-0.1685E-01 0.5476
132.0 0.1785E-03
-0.7904E-02 0.1922
-0.4133E-02 0.5587
133.0 0.1758E-03
-0.2203E-01 0.2216
0.3601E-01 0.5574
134.0 0.2027E-03
-0.3420E-01 0.1557
0.6927E-01 0.5429
135.0 0.2463E-03
-0.4131E-01 0.6598E-01
0.7508E-01 0.5277
136.0 0.2849E-03
-0.4515E-01 0.4999E-02
0.6152E-01 0.5189
137.0 0.2993E-03
-0.4735E-01 -0.1595E-01
0.3958E-01 0.5168
138.0 0.2829E-03
-0.4778E-01 0.4196E-02
0.1636E-01 0.5210
139.0 0.2455E-03
-0.4425E-01 0.6638E-01
-0.5946E-03 0.5308
140.0 0.2079E-03
-0.3265E-01 0.1566
0.1264E-02 0.5434
141.0 0.1917E-03
-0.1223E-01 0.2153
0.3102E-01 0.5497
142.0 0.2074E-03
0.6428E-02 0.1811
0.6905E-01 0.5427
143.0 0.2490E-03
0.1383E-01 0.9286E-01
0.8616E-01 0.5298
144.0 0.2969E-03
0.1283E-01 0.1809E-01
0.8108E-01 0.5205
145.0 0.3281E-03
0.8804E-02 -0.1951E-01
0.6465E-01 0.5170
146.0 0.3282E-03
0.4591E-02 -0.1804E-01
0.4459E-01 0.5188
147.0 0.2992E-03
0.1481E-02 0.2249E-01
0.2640E-01 0.5248
148.0 0.2589E-03
0.2274E-03 0.9693E-01
0.1752E-01 0.5327
149.0 0.2317E-03
0.6725E-03 0.1713
0.2734E-01 0.5367
150.0 0.2364E-03
0.5590E-03 0.1819
0.5316E-01 0.5307
151.0 0.2755E-03
-0.2340E-02 0.1214
0.7442E-01 0.5185
152.0 0.3342E-03
-0.7280E-02 0.4888E-01
0.8055E-01 0.5084
153.0 0.3873E-03
-0.1264E-01 0.2851E-02
0.7672E-01 0.5029
154.0 0.4125E-03
-0.1739E-01 -0.8807E-02
0.6988E-01 0.5008
155.0 0.4014E-03
-0.2059E-01 0.1334E-01
0.6464E-01 0.4998
156.0 0.3651E-03
-0.2051E-01 0.6608E-01
0.6416E-01 0.4977
157.0 0.3283E-03
-0.1479E-01 0.1327
0.6961E-01 0.4924
158.0 0.3176E-03
-0.3655E-02 0.1708
0.7676E-01 0.4846
159.0 0.3478E-03
0.6665E-02 0.1476
0.7759E-01 0.4793
160.0 0.4147E-03
0.1041E-01 0.9033E-01
0.7147E-01 0.4794
161.0 0.4972E-03
0.8275E-02 0.4294E-01
0.6541E-01 0.4819
162.0 0.5686E-03
0.3198E-02 0.2329E-01
0.6599E-01 0.4814
163.0 0.6102E-03
-0.2767E-02 0.3167E-01
0.7780E-01 0.4717
164.0 0.6218E-03
-0.8262E-02 0.6127E-01
0.1037 0.4447
165.0 0.6216E-03
-0.1192E-01 0.9769E-01
0.1417 0.3927
166.0 0.6376E-03
-0.1249E-01 0.1182
0.1796 0.3176
167.0 0.6923E-03
-0.1014E-01 0.1061
0.1982 0.2381
168.0 0.7905E-03
-0.6733E-02 0.6874E-01
0.1891 0.1764
169.0 0.9158E-03
-0.4127E-02 0.2892E-01
0.1608 0.1382
170.0 0.1038E-02
-0.2878E-02 0.3436E-02
0.1261 0.1148
171.0 0.1126E-02
-0.2658E-02 -0.1960E-02
0.9404E-01 0.9542E-01
172.0 0.1167E-02
-0.2867E-02 0.1155E-01
0.6901E-01 0.7254E-01
173.0 0.1169E-02
-0.2900E-02 0.3787E-01
0.5344E-01 0.4351E-01
174.0 0.1159E-02
-0.2291E-02 0.6512E-01
0.4793E-01 0.1138E-01
175.0 0.1172E-02
-0.9773E-03 0.7757E-01
0.4964E-01 -0.1519E-01
176.0 0.1229E-02
0.5374E-03 0.6554E-01
0.5202E-01 -0.2743E-01
177.0 0.1327E-02
0.1534E-02 0.3450E-01
0.4865E-01 -0.2454E-01
178.0 0.1442E-02
0.1656E-02 -0.2870E-03
0.3745E-01 -0.1382E-01
179.0 0.1534E-02
0.1027E-02 -0.2558E-01
0.2022E-01 -0.3869E-02
180.0 0.1569E-02
0.000 -0.3462E-01
0.000 0.000
