0.000 0.3034E-01
0.000 0.1436
0.000 0.000
1.000 0.2968E-01
0.4516E-01 0.1445
0.4958E-02 -0.1849E-02
2.000 0.2779E-01
0.8752E-01 0.1468
0.8711E-02 -0.7307E-02
3.000 0.2493E-01
0.1243 0.1494
0.9965E-02 -0.1606E-01
4.000 0.2147E-01
0.1529 0.1503
0.7312E-02 -0.2737E-01
5.000 0.1781E-01
0.1715 0.1464
-0.6557E-03 -0.3978E-01
6.000 0.1437E-01
0.1797 0.1334
-0.1482E-01 -0.5052E-01
7.000 0.1141E-01
0.1807 0.1070
-0.3428E-01 -0.5519E-01
8.000 0.9130E-02
0.1823 0.6625E-01
-0.5439E-01 -0.4843E-01
9.000 0.7546E-02
0.1939 0.1890E-01
-0.6592E-01 -0.2728E-01
10.00 0.6582E-02
0.2174 -0.1751E-01
-0.5922E-01 0.3933E-02
11.00 0.6088E-02
0.2386 -0.2617E-01
-0.3233E-01 0.3358E-01
12.00 0.5886E-02
0.2338 -0.4402E-02
0.6589E-02 0.5040E-01
13.00 0.5819E-02
0.1846 0.3628E-01
0.4589E-01 0.4991E-01
14.00 0.5772E-02
0.8617E-01 0.7940E-01
0.7691E-01 0.3355E-01
15.00 0.5683E-02
-0.5374E-01 0.1103
0.9538E-01 0.4972E-02
16.00 0.5534E-02
-0.2159 0.1182
0.1003 -0.3206E-01
17.00 0.5332E-02
-0.3719 0.9744E-01
0.9330E-01 -0.7423E-01
18.00 0.5088E-02
-0.4894 0.4838E-01
0.7769E-01 -0.1187
19.00 0.4808E-02
-0.5400 -0.2232E-01
0.5816E-01 -0.1632
20.00 0.4489E-02
-0.5074 -0.1035
0.3935E-01 -0.2061
21.00 0.4123E-02
-0.3902 -0.1825
0.2463E-01 -0.2463
22.00 0.3709E-02
-0.1995 -0.2475
0.1544E-01 -0.2826
23.00 0.3265E-02
0.4420E-01 -0.2880
0.1116E-01 -0.3117
24.00 0.2826E-02
0.3090 -0.2941
0.9331E-02 -0.3273
25.00 0.2443E-02
0.5442 -0.2573
0.5917E-02 -0.3191
26.00 0.2164E-02
0.6785 -0.1772
-0.3432E-02 -0.2768
27.00 0.2021E-02
0.6518 -0.7285E-01
-0.2020E-01 -0.2020
28.00 0.2017E-02
0.4749 0.1996E-01
-0.4025E-01 -0.1170
29.00 0.2122E-02
0.2346 0.7365E-01
-0.5662E-01 -0.5057E-01
30.00 0.2279E-02
0.1872E-01 0.8628E-01
-0.6531E-01 -0.1721E-01
31.00 0.2420E-02
-0.1351 0.7118E-01
-0.6649E-01 -0.1476E-01
32.00 0.2481E-02
-0.2275 0.4158E-01
-0.6205E-01 -0.3523E-01
33.00 0.2424E-02
-0.2724 0.5133E-02
-0.5374E-01 -0.7190E-01
34.00 0.2241E-02
-0.2821 -0.3529E-01
-0.4260E-01 -0.1208
35.00 0.1957E-02
-0.2630 -0.7975E-01
-0.2902E-01 -0.1800
36.00 0.1619E-02
-0.2151 -0.1296
-0.1305E-01 -0.2474
37.00 0.1280E-02
-0.1325 -0.1857
0.5070E-02 -0.3177
38.00 0.9878E-03
-0.7266E-02 -0.2449
0.2389E-01 -0.3772
39.00 0.7705E-03
0.1579 -0.2956
0.3937E-01 -0.3995
40.00 0.6347E-03
0.3302 -0.3179
0.4528E-01 -0.3575
41.00 0.5672E-03
0.4544 -0.3001
0.3857E-01 -0.2548
42.00 0.5438E-03
0.5017 -0.2542
0.2371E-01 -0.1341
43.00 0.5376E-03
0.4918 -0.2025
0.8019E-02 -0.3585E-01
44.00 0.5273E-03
0.4591 -0.1583
-0.4371E-02 0.2689E-01
45.00 0.5010E-03
0.4267 -0.1232
-0.1273E-01 0.5873E-01
46.00 0.4564E-03
0.4042 -0.9336E-01
-0.1779E-01 0.6804E-01
47.00 0.3976E-03
0.3926 -0.6284E-01
-0.2054E-01 0.6159E-01
48.00 0.3319E-03
0.3876 -0.2551E-01
-0.2196E-01 0.4416E-01
49.00 0.2664E-03
0.3804 0.2408E-01
-0.2291E-01 0.1936E-01
50.00 0.2057E-03
0.3593 0.8936E-01
-0.2411E-01 -0.9697E-02
51.00 0.1525E-03
0.3110 0.1700
-0.2586E-01 -0.4042E-01
52.00 0.1081E-03
0.2231 0.2593
-0.2739E-01 -0.7117E-01
53.00 0.7314E-04
0.8937E-01 0.3367
-0.2552E-01 -0.1014
54.00 0.4814E-04
-0.7158E-01 0.3491
-0.1199E-01 -0.1294
55.00 0.3330E-04
-0.1661 0.1972
0.2602E-01 -0.1455
56.00 0.2790E-04
-0.4452E-01 -0.1342
0.8270E-01 -0.1309
57.00 0.2992E-04
0.2189 -0.4035
0.1180 -0.9131E-01
58.00 0.3624E-04
0.4021 -0.4744
0.1201 -0.5442E-01
59.00 0.4332E-04
0.4662 -0.4358
0.1081 -0.2806E-01
60.00 0.4818E-04
0.4589 -0.3687
0.9443E-01 -0.8026E-02
61.00 0.4927E-04
0.4156 -0.3036
0.8306E-01 0.9086E-02
62.00 0.4664E-04
0.3535 -0.2488
0.7488E-01 0.2368E-01
63.00 0.4162E-04
0.2805 -0.2044
0.6998E-01 0.3306E-01
64.00 0.3597E-04
0.2017 -0.1679
0.6802E-01 0.3180E-01
65.00 0.3103E-04
0.1226 -0.1346
0.6786E-01 0.1463E-01
66.00 0.2725E-04
0.4703E-01 -0.1002
0.6754E-01 -0.1759E-01
67.00 0.2420E-04
-0.2557E-01 -0.6268E-01
0.6539E-01 -0.5587E-01
68.00 0.2104E-04
-0.1012 -0.2336E-01
0.6110E-01 -0.8990E-01
69.00 0.1720E-04
-0.1862 0.1517E-01
0.5527E-01 -0.1148
70.00 0.1274E-04
-0.2801 0.4862E-01
0.4847E-01 -0.1313
71.00 0.8418E-05
-0.3526 0.6344E-01
0.4064E-01 -0.1446
72.00 0.5301E-05
-0.2656 0.1650E-01
0.3152E-01 -0.1685
73.00 0.4206E-05
0.1728 -0.1242
0.2395E-01 -0.2158
74.00 0.5256E-05
0.5285 -0.2019
0.2224E-01 -0.2467
75.00 0.7776E-05
0.5261 -0.1742
0.2195E-01 -0.2458
76.00 0.1057E-04
0.4070 -0.1275
0.2094E-01 -0.2351
77.00 0.1247E-04
0.2813 -0.8860E-01
0.2005E-01 -0.2211
78.00 0.1278E-04
0.1713 -0.5890E-01
0.2045E-01 -0.2017
79.00 0.1158E-04
0.8512E-01 -0.3550E-01
0.2369E-01 -0.1709
80.00 0.9554E-05
0.3966E-01 -0.1431E-01
0.3174E-01 -0.1196
81.00 0.7638E-05
0.6356E-01 0.1064E-01
0.4519E-01 -0.4244E-01
82.00 0.6528E-05
0.1589 0.4414E-01
0.5783E-01 0.3993E-01
83.00 0.6387E-05
0.2439 0.8008E-01
0.5784E-01 0.8053E-01
84.00 0.6835E-05
0.2381 0.1064
0.4377E-01 0.6981E-01
85.00 0.7213E-05
0.1534 0.1197
0.2337E-01 0.3951E-01
86.00 0.6967E-05
0.2806E-01 0.1205
0.7661E-03 0.1307E-01
87.00 0.5939E-05
-0.1151 0.1040
-0.2479E-01 -0.1335E-02
88.00 0.4442E-05
-0.2518 0.5374E-01
-0.5612E-01 -0.1170E-02
89.00 0.3072E-05
-0.3006 -0.6069E-01
-0.9184E-01 0.1085E-01
90.00 0.2383E-05
-0.9713E-01 -0.2174
-0.1073 0.9228E-02
91.00 0.2596E-05
0.2245 -0.2504
-0.7812E-01 -0.3364E-01
92.00 0.3492E-05
0.3160 -0.1599
-0.4636E-01 -0.7878E-01
93.00 0.4531E-05
0.2399 -0.6855E-01
-0.3494E-01 -0.1026
94.00 0.5139E-05
0.1128 -0.6333E-02
-0.3755E-01 -0.1106
95.00 0.4995E-05
-0.2390E-01 0.3036E-01
-0.4869E-01 -0.1068
96.00 0.4182E-05
-0.1495 0.4218E-01
-0.6599E-01 -0.9034E-01
97.00 0.3125E-05
-0.2149 0.1949E-01
-0.8499E-01 -0.5713E-01
98.00 0.2352E-05
-0.1051 -0.4554E-01
-0.8792E-01 -0.1412E-01
99.00 0.2220E-05
0.1835 -0.9919E-01
-0.5309E-01 -0.4213E-02
100.0 0.2736E-05
0.3415 -0.7589E-01
-0.1137E-01 -0.4026E-01
101.0 0.3564E-05
0.2948 -0.1960E-01
0.6555E-02 -0.7706E-01
102.0 0.4212E-05
0.1653 0.2950E-01
0.7569E-02 -0.9769E-01
103.0 0.4297E-05
0.1439E-01 0.6397E-01
0.6782E-03 -0.1043
104.0 0.3739E-05
-0.1384 0.8119E-01
-0.1036E-01 -0.9894E-01
105.0 0.2803E-05
-0.2642 0.6894E-01
-0.2349E-01 -0.8069E-01
106.0 0.1946E-05
-0.2560 -0.2565E-02
-0.3234E-01 -0.5340E-01
107.0 0.1587E-05
0.4532E-01 -0.1249
-0.2157E-01 -0.5109E-01
108.0 0.1881E-05
0.3518 -0.1594
-0.1393E-03 -0.9757E-01
109.0 0.2651E-05
0.3612 -0.1026
0.5230E-02 -0.1399
110.0 0.3479E-05
0.2310 -0.4107E-01
-0.2047E-02 -0.1597
111.0 0.3927E-05
0.7201E-01 0.2802E-02
-0.1515E-01 -0.1651
112.0 0.3761E-05
-0.8789E-01 0.2782E-01
-0.3225E-01 -0.1603
113.0 0.3067E-05
-0.2335 0.2889E-01
-0.5316E-01 -0.1438
114.0 0.2198E-05
-0.3078 -0.1226E-01
-0.7393E-01 -0.1097
115.0 0.1588E-05
-0.1500 -0.1130
-0.7324E-01 -0.6237E-01
116.0 0.1530E-05
0.2380 -0.1880
-0.2793E-01 -0.5231E-01
117.0 0.2025E-05
0.4016 -0.1448
0.1320E-01 -0.9245E-01
118.0 0.2794E-05
0.3139 -0.6886E-01
0.2216E-01 -0.1295
119.0 0.3422E-05
0.1542 -0.1025E-01
0.1409E-01 -0.1501
120.0 0.3580E-05
-0.1264E-01 0.2778E-01
-0.1882E-02 -0.1587
121.0 0.3188E-05
-0.1682 0.4509E-01
-0.2415E-01 -0.1578
122.0 0.2459E-05
-0.2793 0.3104E-01
-0.5320E-01 -0.1453
123.0 0.1774E-05
-0.2369 -0.3845E-01
-0.8203E-01 -0.1180
124.0 0.1491E-05
0.7919E-01 -0.1453
-0.7890E-01 -0.9044E-01
125.0 0.1754E-05
0.3641 -0.1674
-0.3613E-01 -0.9552E-01
126.0 0.2424E-05
0.3549 -0.1073
-0.4134E-02 -0.1167
127.0 0.3156E-05
0.2094 -0.4154E-01
0.5601E-02 -0.1309
128.0 0.3577E-05
0.3885E-01 0.8678E-02
0.2577E-02 -0.1352
129.0 0.3481E-05
-0.1248 0.4261E-01
-0.7936E-02 -0.1307
130.0 0.2934E-05
-0.2588 0.5608E-01
-0.2444E-01 -0.1164
131.0 0.2233E-05
-0.2972 0.3227E-01
-0.4464E-01 -0.9251E-01
132.0 0.1755E-05
-0.1113 -0.4859E-01
-0.5573E-01 -0.7192E-01
133.0 0.1754E-05
0.2300 -0.1336
-0.3876E-01 -0.8514E-01
134.0 0.2236E-05
0.3666 -0.1376
-0.1182E-01 -0.1210
135.0 0.2957E-05
0.2824 -0.9301E-01
0.1744E-02 -0.1462
136.0 0.3554E-05
0.1240 -0.4397E-01
0.2904E-02 -0.1558
137.0 0.3733E-05
-0.4220E-01 -0.2624E-02
-0.3853E-02 -0.1536
138.0 0.3423E-05
-0.1885 0.2798E-01
-0.1709E-01 -0.1408
139.0 0.2808E-05
-0.2714 0.4050E-01
-0.3687E-01 -0.1166
140.0 0.2232E-05
-0.1978 0.1785E-01
-0.5924E-01 -0.8582E-01
141.0 0.2016E-05
0.7673E-01 -0.4365E-01
-0.6790E-01 -0.7267E-01
142.0 0.2291E-05
0.3134 -0.9129E-01
-0.5323E-01 -0.9510E-01
143.0 0.2930E-05
0.3250 -0.9154E-01
-0.3441E-01 -0.1263
144.0 0.3622E-05
0.2016 -0.6619E-01
-0.2449E-01 -0.1448
145.0 0.4034E-05
0.4024E-01 -0.3401E-01
-0.2352E-01 -0.1489
146.0 0.3988E-05
-0.1147 -0.1202E-02
-0.2978E-01 -0.1399
147.0 0.3554E-05
-0.2259 0.2897E-01
-0.4257E-01 -0.1179
148.0 0.3015E-05
-0.2274 0.4779E-01
-0.5974E-01 -0.8582E-01
149.0 0.2709E-05
-0.5712E-01 0.3846E-01
-0.7219E-01 -0.6182E-01
150.0 0.2853E-05
0.1832 -0.2697E-03
-0.6835E-01 -0.7127E-01
151.0 0.3423E-05
0.2918 -0.3906E-01
-0.5336E-01 -0.1055
152.0 0.4164E-05
0.2459 -0.6034E-01
-0.3999E-01 -0.1376
153.0 0.4729E-05
0.1224 -0.6713E-01
-0.3263E-01 -0.1567
154.0 0.4867E-05
-0.2285E-01 -0.6414E-01
-0.3102E-01 -0.1616
155.0 0.4570E-05
-0.1510 -0.5093E-01
-0.3480E-01 -0.1510
156.0 0.4087E-05
-0.2091 -0.2248E-01
-0.4422E-01 -0.1234
157.0 0.3798E-05
-0.1346 0.2287E-01
-0.5792E-01 -0.8565E-01
158.0 0.4021E-05
0.4137E-01 0.6766E-01
-0.7027E-01 -0.6141E-01
159.0 0.4826E-05
0.1716 0.8878E-01
-0.7720E-01 -0.6446E-01
160.0 0.5992E-05
0.1879 0.8718E-01
-0.8154E-01 -0.8104E-01
161.0 0.7098E-05
0.1266 0.7443E-01
-0.8735E-01 -0.9559E-01
162.0 0.7745E-05
0.3430E-01 0.5637E-01
-0.9665E-01 -0.1013
163.0 0.7760E-05
-0.5507E-01 0.3305E-01
-0.1100 -0.9496E-01
164.0 0.7307E-05
-0.1072 0.1862E-02
-0.1259 -0.7466E-01
165.0 0.6812E-05
-0.8272E-01 -0.3821E-01
-0.1388 -0.4284E-01
166.0 0.6757E-05
0.2581E-01 -0.8006E-01
-0.1392 -0.1343E-01
167.0 0.7420E-05
0.1466 -0.1107
-0.1245 -0.4488E-02
168.0 0.8713E-05
0.1961 -0.1277
-0.1047 -0.1601E-01
169.0 0.1020E-04
0.1648 -0.1403
-0.8904E-01 -0.3389E-01
170.0 0.1129E-04
0.8404E-01 -0.1575
-0.7938E-01 -0.4722E-01
171.0 0.1156E-04
-0.1613E-01 -0.1836
-0.7337E-01 -0.5066E-01
172.0 0.1096E-04
-0.1091 -0.2180
-0.6691E-01 -0.4063E-01
173.0 0.9940E-05
-0.1579 -0.2500
-0.5431E-01 -0.1455E-01
174.0 0.9229E-05
-0.1155 -0.2508
-0.3061E-01 0.2267E-01
175.0 0.9542E-05
0.1548E-01 -0.1923
-0.6748E-03 0.5063E-01
176.0 0.1121E-04
0.1388 -0.9664E-01
0.2010E-01 0.5182E-01
177.0 0.1401E-04
0.1799 -0.1313E-01
0.2525E-01 0.3496E-01
178.0 0.1714E-04
0.1495 0.3947E-01
0.2018E-01 0.1646E-01
179.0 0.1960E-04
0.8180E-01 0.6615E-01
0.1077E-01 0.4167E-02
180.0 0.2053E-04
0.000 0.7416E-01
0.000 0.000
