0.000 1.997
0.000 -0.7125
0.000 0.000
1.000 1.975
0.9485E-02 -0.7084
-0.4855E-01 -0.4983E-02
2.000 1.910
0.1914E-01 -0.6964
-0.9445E-01 -0.1997E-01
3.000 1.807
0.2928E-01 -0.6768
-0.1349 -0.4500E-01
4.000 1.673
0.4050E-01 -0.6500
-0.1670 -0.7990E-01
5.000 1.521
0.5381E-01 -0.6159
-0.1875 -0.1238
6.000 1.361
0.7072E-01 -0.5739
-0.1926 -0.1743
7.000 1.206
0.9314E-01 -0.5229
-0.1791 -0.2268
8.000 1.065
0.1229 -0.4619
-0.1448 -0.2732
9.000 0.9455
0.1609 -0.3920
-0.9099E-01 -0.3035
10.00 0.8495
0.2059 -0.3176
-0.2382E-01 -0.3076
11.00 0.7754
0.2538 -0.2470
0.4604E-01 -0.2809
12.00 0.7188
0.2989 -0.1906
0.1066 -0.2270
13.00 0.6737
0.3346 -0.1568
0.1483 -0.1574
14.00 0.6353
0.3552 -0.1499
0.1669 -0.8719E-01
15.00 0.6003
0.3565 -0.1685
0.1623 -0.3161E-01
16.00 0.5683
0.3357 -0.2061
0.1380 -0.2968E-02
17.00 0.5404
0.2930 -0.2507
0.9996E-01 -0.8816E-02
18.00 0.5182
0.2328 -0.2871
0.5635E-01 -0.4946E-01
19.00 0.5020
0.1647 -0.3014
0.1613E-01 -0.1166
20.00 0.4904
0.1005 -0.2862
-0.1346E-01 -0.1958
21.00 0.4791
0.5011E-01 -0.2434
-0.2896E-01 -0.2717
22.00 0.4630
0.1900E-01 -0.1813
-0.3094E-01 -0.3342
23.00 0.4369
0.7838E-02 -0.1103
-0.2237E-01 -0.3793
24.00 0.3978
0.1482E-01 -0.3899E-01
-0.6810E-02 -0.4079
25.00 0.3459
0.3783E-01 0.2631E-01
0.1264E-01 -0.4229
26.00 0.2846
0.7583E-01 0.8091E-01
0.3343E-01 -0.4272
27.00 0.2201
0.1295 0.1196
0.5300E-01 -0.4226
28.00 0.1594
0.2012 0.1338
0.6746E-01 -0.4086
29.00 0.1087
0.2923 0.1068
0.6929E-01 -0.3809
30.00 0.7159E-01
0.3933 0.1274E-01
0.4483E-01 -0.3314
31.00 0.4866E-01
0.4623 -0.1618
-0.1918E-01 -0.2551
32.00 0.3766E-01
0.4310 -0.3506
-0.1039 -0.1743
33.00 0.3451E-01
0.3057 -0.4319
-0.1520 -0.1324
34.00 0.3478E-01
0.1774 -0.3965
-0.1430 -0.1353
35.00 0.3490E-01
0.9404E-01 -0.3183
-0.1016 -0.1586
36.00 0.3288E-01
0.5115E-01 -0.2437
-0.4880E-01 -0.1868
37.00 0.2844E-01
0.3422E-01 -0.1848
0.8026E-02 -0.2154
38.00 0.2255E-01
0.3367E-01 -0.1389
0.6711E-01 -0.2440
39.00 0.1666E-01
0.4557E-01 -0.9542E-01
0.1238 -0.2691
40.00 0.1203E-01
0.6940E-01 -0.3612E-01
0.1595 -0.2769
41.00 0.9246E-02
0.1025 0.5363E-01
0.1379 -0.2415
42.00 0.8198E-02
0.1336 0.1530
0.4653E-01 -0.1566
43.00 0.8265E-02
0.1520 0.2183
-0.6484E-01 -0.6065E-01
44.00 0.8681E-02
0.1587 0.2407
-0.1514 0.1505E-01
45.00 0.8852E-02
0.1578 0.2377
-0.2104 0.7053E-01
46.00 0.8517E-02
0.1496 0.2244
-0.2519 0.1148
47.00 0.7733E-02
0.1317 0.2094
-0.2797 0.1528
48.00 0.6737E-02
0.1028 0.1966
-0.2884 0.1837
49.00 0.5780E-02
0.6615E-01 0.1841
-0.2647 0.2023
50.00 0.5012E-02
0.3296E-01 0.1616
-0.1981 0.2036
51.00 0.4459E-02
0.1680E-01 0.1104
-0.9327E-01 0.1895
52.00 0.4065E-02
0.2257E-01 0.1384E-01
0.2726E-01 0.1690
53.00 0.3769E-02
0.4130E-01 -0.1321
0.1360 0.1509
54.00 0.3546E-02
0.5525E-01 -0.3107
0.2111 0.1380
55.00 0.3413E-02
0.4782E-01 -0.4807
0.2407 0.1265
56.00 0.3396E-02
0.1461E-01 -0.5905
0.2282 0.1111
57.00 0.3479E-02
-0.3204E-01 -0.6138
0.1939 0.9055E-01
58.00 0.3590E-02
-0.7315E-01 -0.5692
0.1624 0.6864E-01
59.00 0.3622E-02
-0.9600E-01 -0.4982
0.1493 0.4983E-01
60.00 0.3481E-02
-0.9604E-01 -0.4363
0.1595 0.3593E-01
61.00 0.3132E-02
-0.7099E-01 -0.4039
0.1926 0.2534E-01
62.00 0.2632E-02
-0.1549E-01 -0.4094
0.2462 0.1237E-01
63.00 0.2100E-02
0.7999E-01 -0.4468
0.3122 -0.1481E-01
64.00 0.1674E-02
0.2174 -0.4795
0.3651 -0.7345E-01
65.00 0.1445E-02
0.3605 -0.4365
0.3603 -0.1674
66.00 0.1420E-02
0.4426 -0.2915
0.2858 -0.2614
67.00 0.1527E-02
0.4513 -0.1189
0.1927 -0.3174
68.00 0.1647E-02
0.4296 0.1005E-01
0.1241 -0.3368
69.00 0.1675E-02
0.4109 0.8114E-01
0.8507E-01 -0.3371
70.00 0.1564E-02
0.4052 0.1030
0.6530E-01 -0.3291
71.00 0.1340E-02
0.4082 0.8472E-01
0.5354E-01 -0.3150
72.00 0.1080E-02
0.4044 0.3765E-01
0.3895E-01 -0.2905
73.00 0.8673E-03
0.3658 -0.9579E-02
0.1277E-01 -0.2485
74.00 0.7527E-03
0.2758 -0.7087E-02
-0.2126E-01 -0.1927
75.00 0.7296E-03
0.1703 0.6171E-01
-0.4298E-01 -0.1451
76.00 0.7461E-03
0.1012 0.1496
-0.4055E-01 -0.1212
77.00 0.7369E-03
0.7961E-01 0.2116
-0.2004E-01 -0.1169
78.00 0.6608E-03
0.9322E-01 0.2319
0.9841E-02 -0.1252
79.00 0.5221E-03
0.1319 0.2031
0.4312E-01 -0.1459
80.00 0.3667E-03
0.1869 0.1136
0.6859E-01 -0.1898
81.00 0.2561E-03
0.2231 -0.1112E-01
0.5142E-01 -0.2705
82.00 0.2330E-03
0.1707 -0.2251E-02
-0.3245E-01 -0.3419
83.00 0.2991E-03
0.8784E-01 0.1723
-0.9116E-01 -0.3348
84.00 0.4133E-03
0.6022E-01 0.3170
-0.9045E-01 -0.3012
85.00 0.5134E-03
0.7320E-01 0.3939
-0.6765E-01 -0.2801
86.00 0.5473E-03
0.1072 0.4284
-0.4151E-01 -0.2758
87.00 0.4985E-03
0.1560 0.4353
-0.1833E-01 -0.2888
88.00 0.3923E-03
0.2168 0.4165
-0.4618E-02 -0.3232
89.00 0.2809E-03
0.2721 0.3685
-0.1592E-01 -0.3807
90.00 0.2155E-03
0.2562 0.3125
-0.6968E-01 -0.4257
91.00 0.2204E-03
0.1384 0.3174
-0.1220 -0.3841
92.00 0.2819E-03
0.4372E-01 0.3710
-0.1161 -0.2978
93.00 0.3577E-03
0.1851E-01 0.4125
-0.7930E-01 -0.2354
94.00 0.3999E-03
0.3132E-01 0.4287
-0.3744E-01 -0.1989
95.00 0.3809E-03
0.6094E-01 0.4203
0.4411E-02 -0.1762
96.00 0.3064E-03
0.9713E-01 0.3804
0.4662E-01 -0.1588
97.00 0.2118E-03
0.1226 0.2885
0.8407E-01 -0.1402
98.00 0.1419E-03
0.8091E-01 0.1407
0.8421E-01 -0.1173
99.00 0.1278E-03
-0.6287E-01 0.9052E-01
0.9141E-02 -0.1056
100.0 0.1705E-03
-0.1415 0.2166
-0.4626E-01 -0.1155
101.0 0.2412E-03
-0.1239 0.3302
-0.4100E-01 -0.1261
102.0 0.2979E-03
-0.7929E-01 0.3861
-0.1211E-01 -0.1313
103.0 0.3072E-03
-0.3088E-01 0.4008
0.2475E-01 -0.1323
104.0 0.2620E-03
0.1801E-01 0.3783
0.6751E-01 -0.1285
105.0 0.1849E-03
0.6314E-01 0.3009
0.1145 -0.1156
106.0 0.1153E-03
0.7160E-01 0.1344
0.1394 -0.8114E-01
107.0 0.8824E-04
-0.3462E-01 -0.4758E-02
0.5502E-01 -0.3194E-01
108.0 0.1162E-03
-0.1347 0.1359
-0.5903E-01 -0.3403E-01
109.0 0.1826E-03
-0.1229 0.3015
-0.7298E-01 -0.6009E-01
110.0 0.2506E-03
-0.7825E-01 0.3841
-0.4646E-01 -0.7679E-01
111.0 0.2831E-03
-0.3012E-01 0.4153
-0.1144E-01 -0.8440E-01
112.0 0.2619E-03
0.1922E-01 0.4115
0.2661E-01 -0.8537E-01
113.0 0.1973E-03
0.7114E-01 0.3660
0.6686E-01 -0.7944E-01
114.0 0.1223E-03
0.1136 0.2425
0.9673E-01 -0.6352E-01
115.0 0.7522E-04
0.6442E-01 0.3209E-01
0.4433E-01 -0.4305E-01
116.0 0.7955E-04
-0.1038 0.5744E-01
-0.1015 -0.6042E-01
117.0 0.1319E-03
-0.1408 0.2632
-0.1261 -0.8965E-01
118.0 0.2037E-03
-0.1023 0.3767
-0.8867E-01 -0.1010
119.0 0.2569E-03
-0.5515E-01 0.4225
-0.4587E-01 -0.1025
120.0 0.2633E-03
-0.9056E-02 0.4310
-0.4433E-02 -0.9795E-01
121.0 0.2197E-03
0.3671E-01 0.4062
0.3754E-01 -0.8662E-01
122.0 0.1491E-03
0.7750E-01 0.3275
0.7818E-01 -0.6333E-01
123.0 0.8883E-04
0.7080E-01 0.1560
0.8440E-01 -0.2336E-01
124.0 0.7045E-04
-0.6814E-01 0.4183E-01
-0.2558E-01 -0.1382E-01
125.0 0.1035E-03
-0.1507 0.2136
-0.1074 -0.6816E-01
126.0 0.1706E-03
-0.1180 0.3609
-0.8999E-01 -0.1029
127.0 0.2362E-03
-0.6646E-01 0.4268
-0.5128E-01 -0.1158
128.0 0.2658E-03
-0.1653E-01 0.4492
-0.1122E-01 -0.1187
129.0 0.2439E-03
0.3263E-01 0.4419
0.3001E-01 -0.1149
130.0 0.1821E-03
0.8163E-01 0.3960
0.7359E-01 -0.1014
131.0 0.1133E-03
0.1110 0.2758
0.1061 -0.6705E-01
132.0 0.7444E-04
0.2838E-01 0.9135E-01
0.5069E-01 -0.1093E-01
133.0 0.8696E-04
-0.1291 0.1362
-0.8257E-01 -0.1675E-01
134.0 0.1456E-03
-0.1413 0.3023
-0.1050 -0.6285E-01
135.0 0.2206E-03
-0.9539E-01 0.3926
-0.7449E-01 -0.9062E-01
136.0 0.2736E-03
-0.4507E-01 0.4291
-0.3702E-01 -0.1044
137.0 0.2772E-03
0.3908E-02 0.4334
0.1095E-02 -0.1103
138.0 0.2299E-03
0.5306E-01 0.4056
0.4100E-01 -0.1095
139.0 0.1570E-03
0.9602E-01 0.3236
0.7965E-01 -0.9636E-01
140.0 0.9805E-04
0.8098E-01 0.1574
0.8144E-01 -0.5632E-01
141.0 0.8586E-04
-0.6871E-01 0.7439E-01
-0.2038E-01 -0.1261E-01
142.0 0.1296E-03
-0.1518 0.2279
-0.8943E-01 -0.2946E-01
143.0 0.2093E-03
-0.1272 0.3538
-0.7831E-01 -0.5751E-01
144.0 0.2858E-03
-0.8204E-01 0.4118
-0.4777E-01 -0.7451E-01
145.0 0.3209E-03
-0.3737E-01 0.4313
-0.1511E-01 -0.8335E-01
146.0 0.2972E-03
0.5687E-02 0.4228
0.1797E-01 -0.8643E-01
147.0 0.2277E-03
0.4587E-01 0.3791
0.5027E-01 -0.8316E-01
148.0 0.1497E-03
0.6475E-01 0.2756
0.6724E-01 -0.6956E-01
149.0 0.1060E-03
-0.2054E-02 0.1402
0.1575E-01 -0.4776E-01
150.0 0.1229E-03
-0.1157 0.1823
-0.7825E-01 -0.5063E-01
151.0 0.1959E-03
-0.1284 0.3155
-0.9247E-01 -0.7050E-01
152.0 0.2920E-03
-0.9414E-01 0.3925
-0.6699E-01 -0.8333E-01
153.0 0.3655E-03
-0.5531E-01 0.4240
-0.3635E-01 -0.8922E-01
154.0 0.3819E-03
-0.1919E-01 0.4273
-0.6799E-02 -0.9033E-01
155.0 0.3354E-03
0.1269E-01 0.4049
0.2072E-01 -0.8653E-01
156.0 0.2532E-03
0.3279E-01 0.3475
0.4125E-01 -0.7511E-01
157.0 0.1818E-03
0.1388E-01 0.2529
0.3403E-01 -0.5316E-01
158.0 0.1638E-03
-0.6258E-01 0.2061
-0.2099E-01 -0.3568E-01
159.0 0.2161E-03
-0.1095 0.2808
-0.6142E-01 -0.4427E-01
160.0 0.3208E-03
-0.9757E-01 0.3627
-0.5675E-01 -0.5865E-01
161.0 0.4344E-03
-0.6987E-01 0.4047
-0.3695E-01 -0.6564E-01
162.0 0.5097E-03
-0.4559E-01 0.4161
-0.1740E-01 -0.6487E-01
163.0 0.5209E-03
-0.3167E-01 0.4047
-0.3841E-02 -0.5628E-01
164.0 0.4778E-03
-0.3610E-01 0.3721
-0.2516E-02 -0.3837E-01
165.0 0.4217E-03
-0.6884E-01 0.3252
-0.2214E-01 -0.1203E-01
166.0 0.4049E-03
-0.1217 0.2940
-0.6015E-01 0.9838E-02
167.0 0.4632E-03
-0.1509 0.3109
-0.8593E-01 0.8846E-02
168.0 0.5955E-03
-0.1356 0.3548
-0.8007E-01 -0.8719E-02
169.0 0.7618E-03
-0.9822E-01 0.3910
-0.5576E-01 -0.2567E-01
170.0 0.9011E-03
-0.5773E-01 0.4092
-0.2692E-01 -0.3522E-01
171.0 0.9606E-03
-0.2075E-01 0.4101
0.7678E-03 -0.3637E-01
172.0 0.9237E-03
0.9755E-02 0.3947
0.2439E-01 -0.2829E-01
173.0 0.8201E-03
0.2821E-01 0.3642
0.3882E-01 -0.9304E-02
174.0 0.7145E-03
0.2371E-01 0.3277
0.3422E-01 0.1937E-01
175.0 0.6771E-03
-0.8874E-02 0.3127
0.5147E-02 0.4462E-01
176.0 0.7498E-03
-0.4589E-01 0.3405
-0.2895E-01 0.4778E-01
177.0 0.9241E-03
-0.5862E-01 0.3886
-0.4287E-01 0.3244E-01
178.0 0.1142E-02
-0.4796E-01 0.4277
-0.3653E-01 0.1506E-01
179.0 0.1322E-02
-0.2590E-01 0.4501
-0.2003E-01 0.3760E-02
180.0 0.1391E-02
0.000 0.4572
0.000 0.000
