0.000 5.240
0.000 -0.2528
0.000 0.000
1.000 5.379
0.2100 -0.2424
0.9260E-02 -0.5392E-02
2.000 5.752
0.3663 -0.2162
0.1538E-01 -0.1908E-01
3.000 6.235
0.4499 -0.1844
0.1727E-01 -0.3610E-01
4.000 6.663
0.4727 -0.1549
0.1563E-01 -0.5267E-01
5.000 6.873
0.4546 -0.1313
0.1168E-01 -0.6725E-01
6.000 6.751
0.4109 -0.1140
0.6408E-02 -0.7974E-01
7.000 6.258
0.3501 -0.1028
0.4620E-03 -0.9067E-01
8.000 5.441
0.2742 -0.9702E-01
-0.5716E-02 -0.1008
9.000 4.417
0.1809 -0.9666E-01
-0.1168E-01 -0.1108
10.00 3.337
0.6329E-01 -0.1020
-0.1666E-01 -0.1217
11.00 2.350
-0.8769E-01 -0.1137
-0.1902E-01 -0.1340
12.00 1.567
-0.2742 -0.1311
-0.1529E-01 -0.1479
13.00 1.042
-0.4570 -0.1475
-0.2969E-03 -0.1603
14.00 0.7634
-0.5101 -0.1446
0.2585E-01 -0.1626
15.00 0.6744
-0.3382 -0.1115
0.4690E-01 -0.1504
16.00 0.6924
-0.7112E-01 -0.6906E-01
0.4873E-01 -0.1342
17.00 0.7366
0.1389 -0.3788E-01
0.3711E-01 -0.1239
18.00 0.7479
0.2688 -0.1983E-01
0.2098E-01 -0.1203
19.00 0.6993
0.3451 -0.1074E-01
0.4044E-02 -0.1218
20.00 0.5946
0.3924 -0.7440E-02
-0.1310E-01 -0.1270
21.00 0.4587
0.4271 -0.8356E-02
-0.3076E-01 -0.1358
22.00 0.3242
0.4608 -0.1253E-01
-0.4884E-01 -0.1482
23.00 0.2187
0.5022 -0.1718E-01
-0.6458E-01 -0.1613
24.00 0.1568
0.5462 -0.1320E-01
-0.6980E-01 -0.1646
25.00 0.1381
0.5603 0.9258E-02
-0.5991E-01 -0.1456
26.00 0.1505
0.5304 0.4011E-01
-0.4969E-01 -0.1168
27.00 0.1766
0.4838 0.6547E-01
-0.5090E-01 -0.9622E-01
28.00 0.1995
0.4368 0.8512E-01
-0.6162E-01 -0.8510E-01
29.00 0.2080
0.3887 0.1029
-0.7826E-01 -0.7963E-01
30.00 0.1981
0.3338 0.1214
-0.9914E-01 -0.7746E-01
31.00 0.1723
0.2653 0.1420
-0.1237 -0.7809E-01
32.00 0.1372
0.1748 0.1642
-0.1512 -0.8256E-01
33.00 0.1005
0.5320E-01 0.1841
-0.1786 -0.9370E-01
34.00 0.6896E-01
-0.1028 0.1884
-0.1956 -0.1161
35.00 0.4672E-01
-0.2619 0.1456
-0.1747 -0.1519
36.00 0.3534E-01
-0.3085 0.2286E-01
-0.8094E-01 -0.1829
37.00 0.3412E-01
-0.1522 -0.1239
0.4886E-01 -0.1704
38.00 0.4078E-01
0.5777E-01 -0.1910
0.1209 -0.1201
39.00 0.5221E-01
0.1828 -0.1856
0.1291 -0.6946E-01
40.00 0.6506E-01
0.2304 -0.1546
0.1101 -0.3227E-01
41.00 0.7626E-01
0.2391 -0.1215
0.8492E-01 -0.7212E-02
42.00 0.8340E-01
0.2345 -0.9356E-01
0.6038E-01 0.8932E-02
43.00 0.8509E-01
0.2301 -0.7214E-01
0.3789E-01 0.1831E-01
44.00 0.8113E-01
0.2338 -0.5693E-01
0.1694E-01 0.2194E-01
45.00 0.7244E-01
0.2505 -0.4719E-01
-0.3702E-02 0.1991E-01
46.00 0.6073E-01
0.2837 -0.4203E-01
-0.2565E-01 0.1139E-01
47.00 0.4806E-01
0.3354 -0.4023E-01
-0.5075E-01 -0.5295E-02
48.00 0.3622E-01
0.4033 -0.3979E-01
-0.8077E-01 -0.3242E-01
49.00 0.2642E-01
0.4756 -0.3750E-01
-0.1163 -0.7142E-01
50.00 0.1906E-01
0.5249 -0.2914E-01
-0.1547 -0.1199
51.00 0.1392E-01
0.5121 -0.1190E-01
-0.1883 -0.1687
52.00 0.1039E-01
0.4077 0.1207E-01
-0.2059 -0.2033
53.00 0.7913E-02
0.2130 0.3486E-01
-0.1964 -0.2117
54.00 0.6113E-02
-0.4010E-01 0.4607E-01
-0.1481 -0.1862
55.00 0.4911E-02
-0.2847 0.3676E-01
-0.4996E-01 -0.1227
56.00 0.4381E-02
-0.4040 0.8193E-02
0.8431E-01 -0.3188E-01
57.00 0.4568E-02
-0.3271 -0.1960E-01
0.1931 0.4582E-01
58.00 0.5345E-02
-0.1490 -0.2933E-01
0.2332 0.8143E-01
59.00 0.6383E-02
0.1029E-01 -0.2523E-01
0.2256 0.8628E-01
60.00 0.7250E-02
0.1187 -0.1739E-01
0.2023 0.7985E-01
61.00 0.7579E-02
0.1879 -0.1151E-01
0.1790 0.7177E-01
62.00 0.7209E-02
0.2332 -0.1006E-01
0.1607 0.6452E-01
63.00 0.6239E-02
0.2634 -0.1447E-01
0.1480 0.5720E-01
64.00 0.4959E-02
0.2798 -0.2577E-01
0.1400 0.4665E-01
65.00 0.3717E-02
0.2755 -0.4322E-01
0.1341 0.2759E-01
66.00 0.2768E-02
0.2384 -0.6000E-01
0.1250 -0.4526E-02
67.00 0.2189E-02
0.1704 -0.6117E-01
0.1079 -0.4389E-01
68.00 0.1892E-02
0.1040 -0.3718E-01
0.8622E-01 -0.7107E-01
69.00 0.1706E-02
0.7179E-01 0.3972E-02
0.7114E-01 -0.7256E-01
70.00 0.1487E-02
0.7576E-01 0.5222E-01
0.7221E-01 -0.4907E-01
71.00 0.1193E-02
0.1018 0.1084
0.9920E-01 -0.1890E-02
72.00 0.8949E-03
0.1263 0.1796
0.1669 0.6991E-01
73.00 0.7130E-03
0.1009 0.2518
0.2680 0.1384
74.00 0.7383E-03
0.5443E-02 0.2665
0.3127 0.1268
75.00 0.9679E-03
-0.7379E-01 0.2262
0.2645 0.5077E-01
76.00 0.1298E-02
-0.1022 0.1881
0.1988 -0.1578E-01
77.00 0.1575E-02
-0.1053 0.1677
0.1501 -0.5985E-01
78.00 0.1668E-02
-0.1012 0.1607
0.1183 -0.9128E-01
79.00 0.1538E-02
-0.9743E-01 0.1628
0.9910E-01 -0.1185
80.00 0.1247E-02
-0.9777E-01 0.1714
0.9026E-01 -0.1458
81.00 0.9272E-03
-0.1035 0.1819
0.9144E-01 -0.1704
82.00 0.7087E-03
-0.1087 0.1820
0.9843E-01 -0.1727
83.00 0.6546E-03
-0.9752E-01 0.1600
0.9590E-01 -0.1316
84.00 0.7351E-03
-0.7067E-01 0.1333
0.7778E-01 -0.7648E-01
85.00 0.8509E-03
-0.4441E-01 0.1199
0.5655E-01 -0.4120E-01
86.00 0.8904E-03
-0.2386E-01 0.1181
0.3915E-01 -0.2421E-01
87.00 0.7918E-03
-0.7333E-02 0.1222
0.2615E-01 -0.1735E-01
88.00 0.5745E-03
0.6618E-02 0.1271
0.1867E-01 -0.1824E-01
89.00 0.3268E-03
0.1430E-01 0.1184
0.2648E-01 -0.3637E-01
90.00 0.1577E-03
-0.1438E-01 0.3145E-01
0.9312E-01 -0.1153
91.00 0.1384E-03
-0.9034E-01 -0.1163
0.1821 -0.2039
92.00 0.2655E-03
-0.7605E-01 -0.6502E-01
0.1300 -0.1455
93.00 0.4645E-03
-0.4575E-01 0.4822E-03
0.8124E-01 -0.9613E-01
94.00 0.6293E-03
-0.2453E-01 0.4367E-01
0.5255E-01 -0.6662E-01
95.00 0.6772E-03
-0.9447E-02 0.7709E-01
0.3323E-01 -0.4248E-01
96.00 0.5898E-03
0.6419E-03 0.1092
0.1793E-01 -0.1249E-01
97.00 0.4195E-03
0.1339E-02 0.1453
0.4717E-02 0.3981E-01
98.00 0.2586E-03
-0.2573E-01 0.1785
-0.3103E-02 0.1415
99.00 0.1898E-03
-0.9520E-01 0.1552
0.7680E-02 0.2474
100.0 0.2428E-03
-0.1156 0.8219E-01
0.2238E-01 0.1895
101.0 0.3812E-03
-0.8272E-01 0.5788E-01
0.1904E-01 0.9447E-01
102.0 0.5233E-03
-0.5030E-01 0.6360E-01
0.8966E-02 0.4181E-01
103.0 0.5872E-03
-0.2442E-01 0.7798E-01
-0.2792E-02 0.1497E-01
104.0 0.5340E-03
-0.8927E-03 0.9490E-01
-0.1619E-01 -0.1839E-03
105.0 0.3876E-03
0.2558E-01 0.1100
-0.3221E-01 -0.1201E-01
106.0 0.2207E-03
0.6164E-01 0.1033
-0.4844E-01 -0.3242E-01
107.0 0.1158E-03
0.9395E-01 -0.1416E-01
-0.3073E-01 -0.9041E-01
108.0 0.1219E-03
0.4179E-01 -0.1721
0.4847E-01 -0.1326
109.0 0.2292E-03
0.2668E-02 -0.1206
0.5886E-01 -0.1023
110.0 0.3758E-03
0.1100E-02 -0.5283E-01
0.4215E-01 -0.7894E-01
111.0 0.4810E-03
0.9467E-02 -0.4844E-02
0.2520E-01 -0.6628E-01
112.0 0.4878E-03
0.2111E-01 0.3296E-01
0.8947E-02 -0.5874E-01
113.0 0.3926E-03
0.3514E-01 0.6830E-01
-0.9257E-02 -0.5376E-01
114.0 0.2458E-03
0.5034E-01 0.1047
-0.3363E-01 -0.5084E-01
115.0 0.1246E-03
0.4939E-01 0.1198
-0.6346E-01 -0.5342E-01
116.0 0.9195E-04
-0.2055E-01 0.1626E-01
-0.3950E-01 -0.6539E-01
117.0 0.1636E-03
-0.4551E-01 -0.3909E-01
0.9105E-02 -0.6303E-01
118.0 0.3007E-03
-0.2384E-01 -0.1226E-01
0.1355E-01 -0.5570E-01
119.0 0.4306E-03
-0.1267E-02 0.2050E-01
0.5245E-02 -0.4980E-01
120.0 0.4856E-03
0.1991E-01 0.5112E-01
-0.6851E-02 -0.4430E-01
121.0 0.4380E-03
0.4280E-01 0.8133E-01
-0.2260E-01 -0.3801E-01
122.0 0.3140E-03
0.7112E-01 0.1102
-0.4456E-01 -0.2984E-01
123.0 0.1796E-03
0.1038 0.1156
-0.7403E-01 -0.2092E-01
124.0 0.1051E-03
0.8950E-01 -0.5410E-02
-0.7480E-01 -0.3173E-01
125.0 0.1286E-03
-0.7533E-02 -0.1555
-0.1063E-02 -0.7147E-01
126.0 0.2365E-03
-0.3196E-01 -0.1209
0.2644E-01 -0.8162E-01
127.0 0.3707E-03
-0.1986E-01 -0.5955E-01
0.2240E-01 -0.7931E-01
128.0 0.4604E-03
-0.1691E-02 -0.7020E-02
0.1112E-01 -0.7619E-01
129.0 0.4587E-03
0.1885E-01 0.4237E-01
-0.3676E-02 -0.7385E-01
130.0 0.3674E-03
0.4355E-01 0.9674E-01
-0.2401E-01 -0.7206E-01
131.0 0.2358E-03
0.7410E-01 0.1602
-0.5492E-01 -0.6921E-01
132.0 0.1343E-03
0.9080E-01 0.1890
-0.9188E-01 -0.5825E-01
133.0 0.1174E-03
0.2222E-01 0.3985E-01
-0.6489E-01 -0.3575E-01
134.0 0.1953E-03
-0.3480E-01 -0.7132E-01
-0.7252E-02 -0.3048E-01
135.0 0.3287E-03
-0.3577E-01 -0.6349E-01
0.9203E-02 -0.3296E-01
136.0 0.4494E-03
-0.2292E-01 -0.2678E-01
0.7678E-02 -0.3381E-01
137.0 0.4964E-03
-0.7218E-02 0.1822E-01
-0.7065E-03 -0.3240E-01
138.0 0.4475E-03
0.1076E-01 0.7303E-01
-0.1461E-01 -0.2877E-01
139.0 0.3310E-03
0.3262E-01 0.1433
-0.3689E-01 -0.2305E-01
140.0 0.2103E-03
0.5625E-01 0.2164
-0.7080E-01 -0.1861E-01
141.0 0.1506E-03
0.5364E-01 0.1766
-0.9073E-01 -0.3166E-01
142.0 0.1849E-03
0.1175E-01 -0.8827E-02
-0.5176E-01 -0.5893E-01
143.0 0.2967E-03
-0.7843E-02 -0.9013E-01
-0.1662E-01 -0.6761E-01
144.0 0.4292E-03
-0.6615E-02 -0.8624E-01
-0.5046E-02 -0.6542E-01
145.0 0.5156E-03
0.1826E-02 -0.5203E-01
-0.5102E-02 -0.6004E-01
146.0 0.5143E-03
0.1364E-01 0.1216E-02
-0.1181E-01 -0.5257E-01
147.0 0.4311E-03
0.2847E-01 0.7983E-01
-0.2538E-01 -0.4179E-01
148.0 0.3160E-03
0.4521E-01 0.1914
-0.4834E-01 -0.2628E-01
149.0 0.2359E-03
0.5335E-01 0.2869
-0.7504E-01 -0.1207E-01
150.0 0.2393E-03
0.3712E-01 0.2201
-0.7513E-01 -0.1933E-01
151.0 0.3299E-03
0.1830E-01 0.6526E-01
-0.5128E-01 -0.3948E-01
152.0 0.4641E-03
0.1371E-01 -0.2726E-01
-0.3384E-01 -0.5166E-01
153.0 0.5752E-03
0.1788E-01 -0.6108E-01
-0.2650E-01 -0.5550E-01
154.0 0.6089E-03
0.2637E-01 -0.5848E-01
-0.2578E-01 -0.5355E-01
155.0 0.5546E-03
0.3740E-01 -0.2231E-01
-0.3018E-01 -0.4575E-01
156.0 0.4523E-03
0.4856E-01 0.5999E-01
-0.3988E-01 -0.3043E-01
157.0 0.3729E-03
0.5211E-01 0.1863
-0.5326E-01 -0.1073E-01
158.0 0.3804E-03
0.4035E-01 0.2649
-0.6094E-01 -0.5467E-02
159.0 0.4962E-03
0.2712E-01 0.2256
-0.5886E-01 -0.2178E-01
160.0 0.6853E-03
0.2492E-01 0.1491
-0.5629E-01 -0.4122E-01
161.0 0.8712E-03
0.3120E-01 0.8972E-01
-0.5808E-01 -0.5546E-01
162.0 0.9754E-03
0.4266E-01 0.5200E-01
-0.6477E-01 -0.6501E-01
163.0 0.9587E-03
0.5828E-01 0.3101E-01
-0.7661E-01 -0.7059E-01
164.0 0.8448E-03
0.7716E-01 0.2337E-01
-0.9359E-01 -0.7054E-01
165.0 0.7106E-03
0.9415E-01 0.2553E-01
-0.1117 -0.5968E-01
166.0 0.6487E-03
0.9545E-01 0.2550E-01
-0.1168 -0.3480E-01
167.0 0.7183E-03
0.7561E-01 0.6511E-02
-0.9944E-01 -0.9317E-02
168.0 0.9112E-03
0.5409E-01 -0.2726E-01
-0.7606E-01 0.1553E-02
169.0 0.1151E-02
0.4379E-01 -0.6331E-01
-0.6151E-01 0.1834E-02
170.0 0.1330E-02
0.4323E-01 -0.9983E-01
-0.5608E-01 -0.5328E-03
171.0 0.1361E-02
0.4864E-01 -0.1410
-0.5639E-01 -0.1447E-02
172.0 0.1231E-02
0.5692E-01 -0.1916
-0.5904E-01 0.1462E-02
173.0 0.1012E-02
0.6267E-01 -0.2495
-0.5841E-01 0.1054E-01
174.0 0.8370E-03
0.5332E-01 -0.2820
-0.4338E-01 0.2548E-01
175.0 0.8399E-03
0.2077E-01 -0.2246
-0.1028E-01 0.3452E-01
176.0 0.1089E-02
-0.9299E-02 -0.1097
0.1538E-01 0.2751E-01
177.0 0.1546E-02
-0.1874E-01 -0.2735E-01
0.2096E-01 0.1532E-01
178.0 0.2078E-02
-0.1581E-01 0.1305E-01
0.1627E-01 0.6375E-02
179.0 0.2501E-02
-0.8514E-02 0.3000E-01
0.8475E-02 0.1513E-02
180.0 0.2662E-02
0.000 0.3460E-01
0.000 0.000
