0.000 2.260
0.000 -0.6243E-01
0.000 0.000
1.000 2.206
0.9225E-01 -0.6471E-01
0.1555E-01 -0.1307E-02
2.000 2.052
0.1816 -0.7162E-01
0.3014E-01 -0.5192E-02
3.000 1.817
0.2648 -0.8340E-01
0.4266E-01 -0.1153E-01
4.000 1.528
0.3373 -0.1003
0.5170E-01 -0.2005E-01
5.000 1.222
0.3917 -0.1223
0.5516E-01 -0.3014E-01
6.000 0.9322
0.4148 -0.1479
0.4994E-01 -0.4035E-01
7.000 0.6892
0.3828 -0.1714
0.3205E-01 -0.4743E-01
8.000 0.5134
0.2654 -0.1781
-0.2445E-03 -0.4535E-01
9.000 0.4124
0.6154E-01 -0.1469
-0.3743E-01 -0.2844E-01
10.00 0.3803
-0.1481 -0.7673E-01
-0.5620E-01 -0.1883E-02
11.00 0.3999
-0.2651 -0.2726E-02
-0.4500E-01 0.1867E-01
12.00 0.4469
-0.2884 0.4602E-01
-0.1694E-01 0.2570E-01
13.00 0.4956
-0.2712 0.6844E-01
0.1274E-01 0.2252E-01
14.00 0.5245
-0.2517 0.7362E-01
0.3772E-01 0.1387E-01
15.00 0.5210
-0.2460 0.6864E-01
0.5698E-01 0.2261E-02
16.00 0.4826
-0.2584 0.5701E-01
0.7089E-01 -0.1182E-01
17.00 0.4167
-0.2870 0.3966E-01
0.7939E-01 -0.2937E-01
18.00 0.3368
-0.3237 0.1602E-01
0.8111E-01 -0.5274E-01
19.00 0.2581
-0.3470 -0.1472E-01
0.7247E-01 -0.8522E-01
20.00 0.1938
-0.3130 -0.5027E-01
0.4768E-01 -0.1285
21.00 0.1511
-0.1643 -0.7891E-01
0.3833E-02 -0.1750
22.00 0.1310
0.9560E-01 -0.8047E-01
-0.4751E-01 -0.2023
23.00 0.1289
0.3485 -0.4873E-01
-0.8379E-01 -0.1937
24.00 0.1369
0.4871 -0.5588E-03
-0.9728E-01 -0.1588
25.00 0.1469
0.5080 0.4791E-01
-0.9705E-01 -0.1161
26.00 0.1529
0.4499 0.9205E-01
-0.9277E-01 -0.7535E-01
27.00 0.1521
0.3432 0.1325
-0.8914E-01 -0.3989E-01
28.00 0.1448
0.2057 0.1695
-0.8737E-01 -0.1222E-01
29.00 0.1337
0.5251E-01 0.1999
-0.8664E-01 0.3119E-02
30.00 0.1219
-0.9475E-01 0.2168
-0.8489E-01 -0.4341E-03
31.00 0.1119
-0.2070 0.2115
-0.7957E-01 -0.2814E-01
32.00 0.1045
-0.2588 0.1792
-0.6911E-01 -0.7887E-01
33.00 0.9957E-01
-0.2435 0.1236
-0.5393E-01 -0.1435
34.00 0.9561E-01
-0.1761 0.5417E-01
-0.3598E-01 -0.2098
35.00 0.9124E-01
-0.7947E-01 -0.1906E-01
-0.1740E-01 -0.2681
36.00 0.8552E-01
0.2763E-01 -0.8944E-01
0.2450E-03 -0.3133
37.00 0.7833E-01
0.1339 -0.1529
0.1584E-01 -0.3424
38.00 0.7022E-01
0.2327 -0.2060
0.2806E-01 -0.3532
39.00 0.6207E-01
0.3186 -0.2447
0.3503E-01 -0.3434
40.00 0.5467E-01
0.3857 -0.2647
0.3450E-01 -0.3125
41.00 0.4843E-01
0.4289 -0.2639
0.2494E-01 -0.2641
42.00 0.4334E-01
0.4481 -0.2447
0.6686E-02 -0.2068
43.00 0.3909E-01
0.4489 -0.2134
-0.1778E-01 -0.1509
44.00 0.3528E-01
0.4406 -0.1768
-0.4492E-01 -0.1044
45.00 0.3162E-01
0.4319 -0.1387
-0.7136E-01 -0.7094E-01
46.00 0.2798E-01
0.4274 -0.9965E-01
-0.9443E-01 -0.5072E-01
47.00 0.2442E-01
0.4267 -0.5742E-01
-0.1121 -0.4193E-01
48.00 0.2102E-01
0.4247 -0.9419E-02
-0.1230 -0.4205E-01
49.00 0.1784E-01
0.4134 0.4542E-01
-0.1266 -0.4833E-01
50.00 0.1484E-01
0.3847 0.1058
-0.1236 -0.5819E-01
51.00 0.1196E-01
0.3326 0.1685
-0.1149 -0.6969E-01
52.00 0.9194E-02
0.2536 0.2297
-0.1010 -0.8201E-01
53.00 0.6607E-02
0.1438 0.2833
-0.7881E-01 -0.9551E-01
54.00 0.4377E-02
0.1175E-03 0.3130
-0.3797E-01 -0.1113
55.00 0.2716E-02
-0.1608 0.2666
0.4555E-01 -0.1282
56.00 0.1779E-02
-0.2228 0.3740E-01
0.1896 -0.1309
57.00 0.1580E-02
-0.1133E-01 -0.3096
0.2942 -0.9258E-01
58.00 0.1962E-02
0.2556 -0.4453
0.2562 -0.4109E-01
59.00 0.2641E-02
0.3670 -0.4044
0.1739 -0.8169E-02
60.00 0.3301E-02
0.3798 -0.3324
0.1077 0.1275E-01
61.00 0.3698E-02
0.3539 -0.2736
0.6034E-01 0.3005E-01
62.00 0.3726E-02
0.3135 -0.2323
0.2521E-01 0.4667E-01
63.00 0.3428E-02
0.2664 -0.2049
-0.2023E-02 0.6179E-01
64.00 0.2944E-02
0.2146 -0.1859
-0.2297E-01 0.7090E-01
65.00 0.2429E-02
0.1590 -0.1684
-0.3725E-01 0.6582E-01
66.00 0.1993E-02
0.1014 -0.1445
-0.4405E-01 0.3853E-01
67.00 0.1659E-02
0.4522E-01 -0.1096
-0.4491E-01 -0.1001E-01
68.00 0.1391E-02
-0.8759E-02 -0.6590E-01
-0.4443E-01 -0.6663E-01
69.00 0.1129E-02
-0.6432E-01 -0.1806E-01
-0.4723E-01 -0.1164
70.00 0.8431E-03
-0.1284 0.3382E-01
-0.5459E-01 -0.1523
71.00 0.5523E-03
-0.2048 0.9883E-01
-0.6144E-01 -0.1726
72.00 0.3169E-03
-0.2637 0.1950
-0.4086E-01 -0.1723
73.00 0.2002E-03
-0.1286 0.2871
0.8118E-01 -0.1420
74.00 0.2309E-03
0.1842 0.2153
0.2086 -0.1282
75.00 0.3816E-03
0.2590 0.1162
0.1970 -0.1481
76.00 0.5783E-03
0.2183 0.7488E-01
0.1577 -0.1647
77.00 0.7340E-03
0.1657 0.6182E-01
0.1288 -0.1729
78.00 0.7881E-03
0.1221 0.6080E-01
0.1121 -0.1732
79.00 0.7318E-03
0.9503E-01 0.6718E-01
0.1072 -0.1632
80.00 0.6074E-03
0.9551E-01 0.8142E-01
0.1161 -0.1354
81.00 0.4825E-03
0.1384 0.1054
0.1389 -0.8084E-01
82.00 0.4134E-03
0.2108 0.1340
0.1608 -0.9307E-02
83.00 0.4179E-03
0.2447 0.1517
0.1556 0.3550E-01
84.00 0.4690E-03
0.2064 0.1543
0.1251 0.3660E-01
85.00 0.5131E-03
0.1288 0.1520
0.8928E-01 0.1950E-01
86.00 0.5013E-03
0.3793E-01 0.1512
0.5689E-01 0.4478E-02
87.00 0.4164E-03
-0.6256E-01 0.1532
0.2728E-01 -0.2890E-03
88.00 0.2823E-03
-0.1800 0.1546
-0.2758E-02 0.1186E-01
89.00 0.1516E-03
-0.3064 0.1345
-0.3388E-01 0.5473E-01
90.00 0.7730E-04
-0.2338 0.6965E-02
-0.3066E-01 0.1161
91.00 0.8625E-04
0.2079 -0.1239
0.4498E-01 0.2504E-01
92.00 0.1652E-03
0.2567 -0.6960E-01
0.5403E-01 -0.6426E-01
93.00 0.2686E-03
0.1606 -0.1564E-01
0.3494E-01 -0.8827E-01
94.00 0.3423E-03
0.6049E-01 0.1764E-01
0.1385E-01 -0.8892E-01
95.00 0.3507E-03
-0.3512E-01 0.3892E-01
-0.7494E-02 -0.7638E-01
96.00 0.2935E-03
-0.1305 0.5164E-01
-0.3035E-01 -0.4676E-01
97.00 0.2042E-03
-0.2148 0.5195E-01
-0.5369E-01 0.1511E-01
98.00 0.1308E-03
-0.2045 0.2478E-01
-0.6103E-01 0.1234
99.00 0.1103E-03
0.3135E-01 -0.2137E-01
-0.1653E-01 0.1798
100.0 0.1500E-03
0.2043 -0.1755E-01
0.2706E-01 0.8823E-01
101.0 0.2246E-03
0.1816 0.1399E-01
0.2901E-01 0.1753E-02
102.0 0.2906E-03
0.1007 0.4317E-01
0.1500E-01 -0.4097E-01
103.0 0.3098E-03
0.9514E-02 0.6857E-01
-0.3350E-02 -0.5713E-01
104.0 0.2692E-03
-0.8757E-01 0.9342E-01
-0.2429E-01 -0.5528E-01
105.0 0.1873E-03
-0.1920 0.1196
-0.4782E-01 -0.3257E-01
106.0 0.1040E-03
-0.2659 0.1371
-0.6509E-01 0.2718E-01
107.0 0.5928E-04
-0.5221E-01 0.7358E-01
-0.1560E-01 0.1037
108.0 0.7256E-04
0.3410 -0.4169E-01
0.7795E-01 0.1752E-01
109.0 0.1332E-03
0.3103 -0.3817E-01
0.7216E-01 -0.7410E-01
110.0 0.2065E-03
0.1850 -0.8351E-02
0.4310E-01 -0.1059
111.0 0.2526E-03
0.6866E-01 0.1788E-01
0.1535E-01 -0.1139
112.0 0.2467E-03
-0.4092E-01 0.4006E-01
-0.1183E-01 -0.1100
113.0 0.1921E-03
-0.1548 0.5904E-01
-0.4190E-01 -0.9332E-01
114.0 0.1177E-03
-0.2683 0.6926E-01
-0.7617E-01 -0.5028E-01
115.0 0.6217E-04
-0.2426 0.3500E-01
-0.8505E-01 0.4540E-01
116.0 0.5388E-04
0.1986 -0.5757E-01
0.1867E-01 0.7563E-01
117.0 0.9606E-04
0.3340 -0.4615E-01
0.6898E-01 -0.2474E-01
118.0 0.1656E-03
0.2299 -0.3325E-02
0.5226E-01 -0.7692E-01
119.0 0.2255E-03
0.1153 0.3132E-01
0.2669E-01 -0.9445E-01
120.0 0.2445E-03
0.1178E-01 0.6054E-01
0.5045E-04 -0.9618E-01
121.0 0.2130E-03
-0.8730E-01 0.8759E-01
-0.3006E-01 -0.8634E-01
122.0 0.1481E-03
-0.1812 0.1095
-0.6826E-01 -0.6086E-01
123.0 0.8436E-04
-0.2092 0.9429E-01
-0.1117 -0.1028E-01
124.0 0.5508E-04
0.6740E-01 -0.5176E-01
-0.8820E-01 0.2097E-01
125.0 0.7543E-04
0.3352 -0.1532
0.1519E-01 -0.6122E-01
126.0 0.1344E-03
0.2599 -0.1063
0.4132E-01 -0.1166
127.0 0.2009E-03
0.1337 -0.4881E-01
0.3125E-01 -0.1322
128.0 0.2403E-03
0.2021E-01 -0.4481E-03
0.1337E-01 -0.1322
129.0 0.2321E-03
-0.8485E-01 0.4488E-01
-0.7702E-02 -0.1231
130.0 0.1814E-03
-0.1862 0.9371E-01
-0.3257E-01 -0.1023
131.0 0.1151E-03
-0.2576 0.1449
-0.5966E-01 -0.5893E-01
132.0 0.6855E-04
-0.1334 0.1417
-0.5972E-01 0.1053E-01
133.0 0.6657E-04
0.2592 -0.7484E-02
0.1525E-01 0.2543E-02
134.0 0.1107E-03
0.3228 -0.8164E-01
0.5281E-01 -0.7284E-01
135.0 0.1786E-03
0.2043 -0.6560E-01
0.4448E-01 -0.1098
136.0 0.2356E-03
0.7991E-01 -0.2995E-01
0.2657E-01 -0.1206
137.0 0.2531E-03
-0.3234E-01 0.1170E-01
0.6598E-02 -0.1178
138.0 0.2232E-03
-0.1364 0.6167E-01
-0.1574E-01 -0.1034
139.0 0.1629E-03
-0.2213 0.1244
-0.4148E-01 -0.7258E-01
140.0 0.1052E-03
-0.2068 0.1832
-0.6294E-01 -0.1965E-01
141.0 0.8125E-04
0.6727E-01 0.1345
-0.4226E-01 0.1061E-01
142.0 0.1048E-03
0.3018 -0.1092E-01
0.8538E-02 -0.4620E-01
143.0 0.1645E-03
0.2620 -0.6969E-01
0.2392E-01 -0.9983E-01
144.0 0.2302E-03
0.1463 -0.6563E-01
0.1737E-01 -0.1213
145.0 0.2691E-03
0.2978E-01 -0.3704E-01
0.3734E-02 -0.1238
146.0 0.2626E-03
-0.7891E-01 0.8608E-02
-0.1345E-01 -0.1126
147.0 0.2168E-03
-0.1731 0.7694E-01
-0.3378E-01 -0.8544E-01
148.0 0.1585E-03
-0.2099 0.1720
-0.5371E-01 -0.3706E-01
149.0 0.1217E-03
-0.7963E-01 0.2420
-0.5447E-01 0.1269E-01
150.0 0.1291E-03
0.1663 0.1718
-0.2145E-01 -0.4942E-02
151.0 0.1797E-03
0.2467 0.4631E-01
0.5828E-02 -0.6664E-01
152.0 0.2496E-03
0.1888 -0.2550E-01
0.1186E-01 -0.1093
153.0 0.3042E-03
0.9283E-01 -0.5132E-01
0.7321E-02 -0.1285
154.0 0.3173E-03
-0.8276E-02 -0.4781E-01
-0.1495E-02 -0.1308
155.0 0.2855E-03
-0.1032 -0.1569E-01
-0.1246E-01 -0.1163
156.0 0.2309E-03
-0.1654 0.5708E-01
-0.2391E-01 -0.7914E-01
157.0 0.1904E-03
-0.1262 0.1687
-0.3082E-01 -0.2277E-01
158.0 0.1955E-03
0.3036E-01 0.2376
-0.2754E-01 0.6315E-02
159.0 0.2559E-03
0.1410 0.2052
-0.2199E-01 -0.1946E-01
160.0 0.3520E-03
0.1434 0.1414
-0.2232E-01 -0.5843E-01
161.0 0.4448E-03
0.9285E-01 0.9207E-01
-0.2712E-01 -0.8620E-01
162.0 0.4950E-03
0.2659E-01 0.6108E-01
-0.3368E-01 -0.1005
163.0 0.4844E-03
-0.3886E-01 0.4410E-01
-0.3959E-01 -0.1015
164.0 0.4266E-03
-0.8614E-01 0.3721E-01
-0.4100E-01 -0.8545E-01
165.0 0.3616E-03
-0.8113E-01 0.3447E-01
-0.3113E-01 -0.4809E-01
166.0 0.3360E-03
0.4872E-02 0.2282E-01
-0.7361E-02 -0.1927E-02
167.0 0.3783E-03
0.1098 -0.6561E-02
0.1364E-01 0.1690E-01
168.0 0.4826E-03
0.1444 -0.4236E-01
0.1625E-01 0.2711E-02
169.0 0.6090E-03
0.1150 -0.7516E-01
0.5965E-02 -0.1995E-01
170.0 0.7017E-03
0.5617E-01 -0.1065
-0.8982E-02 -0.3686E-01
171.0 0.7179E-03
-0.1308E-01 -0.1409
-0.2479E-01 -0.4372E-01
172.0 0.6514E-03
-0.8188E-01 -0.1816
-0.3883E-01 -0.3701E-01
173.0 0.5406E-03
-0.1292 -0.2235
-0.4503E-01 -0.1037E-01
174.0 0.4535E-03
-0.1060 -0.2347
-0.3038E-01 0.3764E-01
175.0 0.4579E-03
0.1094E-01 -0.1673
0.7402E-02 0.7606E-01
176.0 0.5877E-03
0.1139 -0.6173E-01
0.3559E-01 0.6964E-01
177.0 0.8235E-03
0.1330 0.8762E-02
0.3867E-01 0.4157E-01
178.0 0.1096E-02
0.1020 0.4176E-01
0.2869E-01 0.1794E-01
179.0 0.1313E-02
0.5337E-01 0.5501E-01
0.1477E-01 0.4334E-02
180.0 0.1395E-02
0.000 0.5850E-01
0.000 0.000
