0.000 6.807
0.000 -1.413
0.000 0.000
1.000 6.859
-0.2307 -1.336
-0.2279 -0.3150E-01
2.000 6.992
-0.4233 -1.126
-0.4152 -0.1175
3.000 7.146
-0.5548 -0.8321
-0.5375 -0.2373
4.000 7.236
-0.6203 -0.5096
-0.5904 -0.3691
5.000 7.177
-0.6274 -0.1986
-0.5833 -0.4961
6.000 6.907
-0.5873 0.7805E-01
-0.5298 -0.6091
7.000 6.400
-0.5101 0.3099
-0.4431 -0.7038
8.000 5.676
-0.4015 0.4931
-0.3330 -0.7786
9.000 4.795
-0.2635 0.6244
-0.2071 -0.8323
10.00 3.844
-0.9425E-01 0.6971
-0.7227E-01 -0.8619
11.00 2.920
0.1103 0.6957
0.6194E-01 -0.8614
12.00 2.105
0.3511 0.5916
0.1764 -0.8188
13.00 1.459
0.6114 0.3425
0.2303 -0.7171
14.00 1.005
0.8222 -0.7777E-01
0.1519 -0.5455
15.00 0.7339
0.8374 -0.5777
-0.1221 -0.3414
16.00 0.6109
0.5535 -0.8774
-0.5100 -0.2191
17.00 0.5869
0.1185 -0.7841
-0.7818 -0.2572
18.00 0.6111
-0.2269 -0.4403
-0.8320 -0.3976
19.00 0.6416
-0.4045 -0.6192E-01
-0.7271 -0.5521
20.00 0.6506
-0.4468 0.2522
-0.5524 -0.6803
21.00 0.6265
-0.3972 0.4820
-0.3556 -0.7741
22.00 0.5708
-0.2824 0.6297
-0.1592 -0.8344
23.00 0.4934
-0.1164 0.6968
0.2319E-01 -0.8618
24.00 0.4074
0.9183E-01 0.6783
0.1768 -0.8542
25.00 0.3247
0.3287 0.5651
0.2804 -0.8080
26.00 0.2532
0.5674 0.3534
0.3062 -0.7216
27.00 0.1963
0.7627 0.5991E-01
0.2285 -0.6018
28.00 0.1538
0.8599 -0.2644
0.4308E-01 -0.4694
29.00 0.1229
0.8216 -0.5414
-0.2173 -0.3563
30.00 0.1003
0.6533 -0.7001
-0.4894 -0.2915
31.00 0.8278E-01
0.4009 -0.7081
-0.7095 -0.2882
32.00 0.6842E-01
0.1246 -0.5748
-0.8373 -0.3426
33.00 0.5621E-01
-0.1215 -0.3321
-0.8568 -0.4417
34.00 0.4593E-01
-0.2929 -0.2221E-01
-0.7674 -0.5682
35.00 0.3768E-01
-0.3515 0.3010
-0.5815 -0.7002
36.00 0.3160E-01
-0.2725 0.5658
-0.3322 -0.8083
37.00 0.2761E-01
-0.6664E-01 0.6986
-0.7990E-01 -0.8625
38.00 0.2537E-01
0.2063 0.6667
0.1072 -0.8495
39.00 0.2433E-01
0.4661 0.5056
0.1933 -0.7836
40.00 0.2386E-01
0.6605 0.2872
0.1899 -0.6945
41.00 0.2333E-01
0.7797 0.7009E-01
0.1317 -0.6059
42.00 0.2229E-01
0.8384 -0.1197
0.5026E-01 -0.5284
43.00 0.2047E-01
0.8553 -0.2808
-0.3608E-01 -0.4627
44.00 0.1786E-01
0.8435 -0.4236
-0.1204 -0.4044
45.00 0.1468E-01
0.8076 -0.5624
-0.2032 -0.3477
46.00 0.1129E-01
0.7415 -0.7104
-0.2900 -0.2872
47.00 0.8116E-02
0.6245 -0.8735
-0.3891 -0.2206
48.00 0.5517E-02
0.4145 -1.028
-0.5068 -0.1574
49.00 0.3715E-02
0.6515E-01 -1.070
-0.6271 -0.1403
50.00 0.2745E-02
-0.3635 -0.8019
-0.6749 -0.2496
51.00 0.2465E-02
-0.6046 -0.2231
-0.5725 -0.4860
52.00 0.2626E-02
-0.5287 0.3059
-0.3899 -0.7021
53.00 0.2945E-02
-0.3030 0.5885
-0.2360 -0.8175
54.00 0.3192E-02
-0.6632E-01 0.6849
-0.1350 -0.8567
55.00 0.3235E-02
0.1458 0.6776
-0.7446E-01 -0.8537
56.00 0.3050E-02
0.3359 0.6066
-0.4355E-01 -0.8245
57.00 0.2695E-02
0.5090 0.4817
-0.3913E-01 -0.7735
58.00 0.2266E-02
0.6582 0.2991
-0.6428E-01 -0.6990
59.00 0.1856E-02
0.7573 0.5504E-01
-0.1245 -0.5995
60.00 0.1525E-02
0.7636 -0.2357
-0.2210 -0.4809
61.00 0.1294E-02
0.6421 -0.5262
-0.3430 -0.3624
62.00 0.1154E-02
0.4043 -0.7497
-0.4675 -0.2710
63.00 0.1084E-02
0.1148 -0.8582
-0.5720 -0.2264
64.00 0.1059E-02
-0.1509 -0.8464
-0.6448 -0.2310
65.00 0.1058E-02
-0.3471 -0.7395
-0.6831 -0.2746
66.00 0.1063E-02
-0.4653 -0.5733
-0.6880 -0.3426
67.00 0.1056E-02
-0.5205 -0.3822
-0.6623 -0.4208
68.00 0.1018E-02
-0.5362 -0.1926
-0.6103 -0.4985
69.00 0.9357E-03
-0.5340 -0.1993E-01
-0.5362 -0.5690
70.00 0.8073E-03
-0.5285 0.1292
-0.4419 -0.6297
71.00 0.6443E-03
-0.5265 0.2540
-0.3243 -0.6802
72.00 0.4717E-03
-0.5241 0.3536
-0.1729 -0.7200
73.00 0.3202E-03
-0.4928 0.4167
0.2583E-01 -0.7445
74.00 0.2153E-03
-0.3537 0.4044
0.2526 -0.7382
75.00 0.1683E-03
-0.3535E-01 0.2721
0.3631 -0.6844
76.00 0.1731E-03
0.2912 0.1006
0.2280 -0.6162
77.00 0.2106E-03
0.4358 0.5207E-03
0.9186E-02 -0.5768
78.00 0.2567E-03
0.4601 -0.4940E-01
-0.1635 -0.5567
79.00 0.2925E-03
0.4461 -0.8814E-01
-0.2969 -0.5406
80.00 0.3099E-03
0.4221 -0.1241
-0.4194 -0.5253
81.00 0.3113E-03
0.3897 -0.1438
-0.5419 -0.5166
82.00 0.3052E-03
0.3436 -0.1242
-0.6510 -0.5244
83.00 0.2988E-03
0.2816 -0.5095E-01
-0.7169 -0.5546
84.00 0.2936E-03
0.2110 0.6366E-01
-0.7175 -0.6020
85.00 0.2850E-03
0.1429 0.1865
-0.6578 -0.6527
86.00 0.2661E-03
0.8465E-01 0.2858
-0.5626 -0.6934
87.00 0.2330E-03
0.3729E-01 0.3421
-0.4595 -0.7157
88.00 0.1885E-03
-0.1679E-02 0.3433
-0.3738 -0.7148
89.00 0.1419E-03
-0.3420E-01 0.2801
-0.3371 -0.6865
90.00 0.1049E-03
-0.5620E-01 0.1644
-0.3908 -0.6364
91.00 0.8625E-04
-0.5400E-01 0.8753E-01
-0.5269 -0.6042
92.00 0.8714E-04
-0.2515E-01 0.1605
-0.6058 -0.6365
93.00 0.1009E-03
0.8474E-02 0.3147
-0.5448 -0.7029
94.00 0.1162E-03
0.3680E-01 0.4373
-0.4120 -0.7548
95.00 0.1226E-03
0.6603E-01 0.4990
-0.2679 -0.7801
96.00 0.1156E-03
0.1061 0.5016
-0.1336 -0.7798
97.00 0.9799E-04
0.1676 0.4433
-0.2188E-01 -0.7533
98.00 0.7795E-04
0.2540 0.3237
0.3936E-01 -0.7008
99.00 0.6428E-04
0.3344 0.1887
0.7860E-02 -0.6433
100.0 0.6165E-04
0.3370 0.1518
-0.9350E-01 -0.6297
101.0 0.6847E-04
0.2550 0.2355
-0.1525 -0.6679
102.0 0.7812E-04
0.1546 0.3396
-0.1282 -0.7132
103.0 0.8294E-04
0.6953E-01 0.3999
-0.5545E-01 -0.7384
104.0 0.7860E-04
-0.1181E-02 0.3995
0.2942E-01 -0.7363
105.0 0.6646E-04
-0.6523E-01 0.3293
0.8993E-01 -0.7030
106.0 0.5274E-04
-0.1212 0.1919
0.6104E-01 -0.6400
107.0 0.4493E-04
-0.1429 0.7307E-01
-0.1260 -0.5865
108.0 0.4751E-04
-0.1086 0.1288
-0.3560 -0.6123
109.0 0.5934E-04
-0.6006E-01 0.3068
-0.4252 -0.6927
110.0 0.7407E-04
-0.3246E-01 0.4591
-0.3583 -0.7606
111.0 0.8343E-04
-0.2392E-01 0.5480
-0.2411 -0.7993
112.0 0.8166E-04
-0.2640E-01 0.5802
-0.1094 -0.8120
113.0 0.6859E-04
-0.3490E-01 0.5538
0.2757E-01 -0.7975
114.0 0.4988E-04
-0.4432E-01 0.4421
0.1559 -0.7436
115.0 0.3415E-04
-0.4014E-01 0.2108
0.2042 -0.6360
116.0 0.2854E-04
-0.5853E-03 0.7501E-02
0.4601E-01 -0.5467
117.0 0.3513E-04
0.3991E-01 0.1020
-0.1407 -0.5967
118.0 0.4984E-04
0.4706E-01 0.2872
-0.1514 -0.6847
119.0 0.6470E-04
0.3758E-01 0.3975
-0.7111E-01 -0.7355
120.0 0.7196E-04
0.2215E-01 0.4319
0.3356E-01 -0.7502
121.0 0.6808E-04
0.1474E-02 0.4004
0.1396 -0.7338
122.0 0.5553E-04
-0.2830E-01 0.2956
0.2235 -0.6825
123.0 0.4129E-04
-0.7084E-01 0.1146
0.2177 -0.5944
124.0 0.3314E-04
-0.1091 -0.2805E-01
0.1550E-01 -0.5241
125.0 0.3552E-04
-0.9939E-01 0.9005E-01
-0.2518 -0.5790
126.0 0.4720E-04
-0.5894E-01 0.3322
-0.3099 -0.6944
127.0 0.6201E-04
-0.2605E-01 0.4925
-0.2196 -0.7709
128.0 0.7214E-04
-0.4393E-02 0.5598
-0.8946E-01 -0.8025
129.0 0.7226E-04
0.1177E-01 0.5572
0.4343E-01 -0.7999
130.0 0.6241E-04
0.2668E-01 0.4863
0.1626 -0.7632
131.0 0.4788E-04
0.4064E-01 0.3305
0.2283 -0.6840
132.0 0.3643E-04
0.4282E-01 0.1158
0.1411 -0.5759
133.0 0.3417E-04
0.1352E-01 0.4216E-01
-0.1186 -0.5408
134.0 0.4231E-04
-0.2956E-01 0.2052
-0.2752 -0.6255
135.0 0.5653E-04
-0.5837E-01 0.3855
-0.2377 -0.7178
136.0 0.6934E-04
-0.7571E-01 0.4833
-0.1199 -0.7673
137.0 0.7403E-04
-0.8929E-01 0.5041
0.1514E-01 -0.7769
138.0 0.6834E-04
-0.1024 0.4534
0.1442 -0.7486
139.0 0.5568E-04
-0.1126 0.3196
0.2353 -0.6756
140.0 0.4338E-04
-0.1065 0.1134
0.2041 -0.5625
141.0 0.3874E-04
-0.6494E-01 -0.9965E-02
-0.2519E-01 -0.4932
142.0 0.4515E-04
-0.1190E-01 0.1190
-0.2538 -0.5616
143.0 0.6015E-04
0.1378E-01 0.3318
-0.2856 -0.6773
144.0 0.7656E-04
0.1785E-01 0.4759
-0.1964 -0.7560
145.0 0.8627E-04
0.1374E-01 0.5417
-0.6895E-01 -0.7909
146.0 0.8447E-04
0.7570E-02 0.5424
0.6586E-01 -0.7875
147.0 0.7231E-04
0.1940E-02 0.4758
0.1888 -0.7416
148.0 0.5650E-04
-0.8045E-03 0.3310
0.2504 -0.6435
149.0 0.4591E-04
0.1760E-02 0.1583
0.1476 -0.5238
150.0 0.4701E-04
0.5599E-02 0.1400
-0.9888E-01 -0.5061
151.0 0.6042E-04
0.2234E-02 0.2921
-0.2341 -0.6074
152.0 0.8047E-04
-0.7173E-02 0.4396
-0.2063 -0.7098
153.0 0.9804E-04
-0.1924E-01 0.5218
-0.1071 -0.7687
154.0 0.1052E-03
-0.3327E-01 0.5443
0.1209E-01 -0.7847
155.0 0.9927E-04
-0.4948E-01 0.5124
0.1290 -0.7568
156.0 0.8452E-04
-0.6647E-01 0.4227
0.2150 -0.6747
157.0 0.6987E-04
-0.7606E-01 0.2895
0.2077 -0.5398
158.0 0.6447E-04
-0.6261E-01 0.2044
0.5592E-01 -0.4302
159.0 0.7301E-04
-0.2932E-01 0.2641
-0.1225 -0.4576
160.0 0.9330E-04
-0.1725E-02 0.3929
-0.1762 -0.5746
161.0 0.1174E-03
0.1192E-01 0.4914
-0.1232 -0.6823
162.0 0.1360E-03
0.1657E-01 0.5373
-0.2316E-01 -0.7464
163.0 0.1431E-03
0.1675E-01 0.5341
0.8976E-01 -0.7581
164.0 0.1398E-03
0.1472E-01 0.4865
0.1903 -0.7037
165.0 0.1337E-03
0.1150E-01 0.4073
0.2424 -0.5691
166.0 0.1352E-03
0.7785E-02 0.3370
0.2111 -0.3815
167.0 0.1519E-03
0.4143E-02 0.3233
0.1189 -0.2292
168.0 0.1846E-03
0.6342E-03 0.3616
0.3929E-01 -0.1677
169.0 0.2256E-03
-0.3148E-02 0.4104
0.9609E-02 -0.1677
170.0 0.2630E-03
-0.7623E-02 0.4419
0.2113E-01 -0.1808
171.0 0.2855E-03
-0.1308E-01 0.4473
0.5357E-01 -0.1771
172.0 0.2888E-03
-0.1958E-01 0.4258
0.8805E-01 -0.1414
173.0 0.2778E-03
-0.2661E-01 0.3824
0.1053 -0.6857E-01
174.0 0.2646E-03
-0.3233E-01 0.3337
0.8629E-01 0.2953E-01
175.0 0.2629E-03
-0.3377E-01 0.3099
0.2793E-01 0.1135
176.0 0.2812E-03
-0.2948E-01 0.3327
-0.4013E-01 0.1396
177.0 0.3184E-03
-0.2165E-01 0.3881
-0.7866E-01 0.1080
178.0 0.3632E-03
-0.1348E-01 0.4447
-0.7624E-01 0.5560E-01
179.0 0.3996E-03
-0.6332E-02 0.4827
-0.4478E-01 0.1478E-01
180.0 0.4136E-03
0.000 0.4957
0.000 0.000
