0.000 1.954
0.000 -0.8607E-01
0.000 0.000
1.000 1.912
-0.5819E-01 -0.8577E-01
-0.1662E-01 0.2697E-02
2.000 1.795
-0.1151 -0.8474E-01
-0.3448E-01 0.1075E-01
3.000 1.625
-0.1683 -0.8260E-01
-0.5465E-01 0.2383E-01
4.000 1.434
-0.2127 -0.7876E-01
-0.7764E-01 0.4074E-01
5.000 1.253
-0.2399 -0.7260E-01
-0.1025 0.5834E-01
6.000 1.112
-0.2398 -0.6412E-01
-0.1259 0.7082E-01
7.000 1.025
-0.2075 -0.5469E-01
-0.1424 0.7132E-01
8.000 0.9975
-0.1509 -0.4706E-01
-0.1475 0.5675E-01
9.000 1.018
-0.8871E-01 -0.4374E-01
-0.1417 0.3099E-01
10.00 1.068
-0.3696E-01 -0.4553E-01
-0.1297 0.1688E-02
11.00 1.125
-0.1365E-02 -0.5180E-01
-0.1164 -0.2517E-01
12.00 1.165
0.2020E-01 -0.6156E-01
-0.1044 -0.4713E-01
13.00 1.173
0.3255E-01 -0.7408E-01
-0.9459E-01 -0.6414E-01
14.00 1.141
0.4026E-01 -0.8896E-01
-0.8661E-01 -0.7718E-01
15.00 1.067
0.4693E-01 -0.1059
-0.7945E-01 -0.8753E-01
16.00 0.9598
0.5534E-01 -0.1245
-0.7182E-01 -0.9649E-01
17.00 0.8301
0.6794E-01 -0.1439
-0.6217E-01 -0.1055
18.00 0.6920
0.8747E-01 -0.1621
-0.4886E-01 -0.1161
19.00 0.5594
0.1176 -0.1752
-0.3044E-01 -0.1305
20.00 0.4436
0.1633 -0.1764
-0.6622E-02 -0.1515
21.00 0.3532
0.2293 -0.1556
0.1958E-01 -0.1812
22.00 0.2924
0.3139 -0.1043
0.3949E-01 -0.2188
23.00 0.2617
0.4012 -0.2817E-01
0.4131E-01 -0.2567
24.00 0.2573
0.4662 0.4845E-01
0.2124E-01 -0.2834
25.00 0.2725
0.4971 0.1016
-0.1082E-01 -0.2946
26.00 0.2982
0.5014 0.1269
-0.4175E-01 -0.2946
27.00 0.3246
0.4929 0.1329
-0.6485E-01 -0.2900
28.00 0.3429
0.4816 0.1296
-0.7922E-01 -0.2853
29.00 0.3465
0.4728 0.1233
-0.8626E-01 -0.2826
30.00 0.3325
0.4689 0.1177
-0.8758E-01 -0.2827
31.00 0.3014
0.4716 0.1144
-0.8431E-01 -0.2859
32.00 0.2576
0.4821 0.1140
-0.7693E-01 -0.2919
33.00 0.2072
0.5010 0.1165
-0.6514E-01 -0.2997
34.00 0.1572
0.5276 0.1210
-0.4772E-01 -0.3065
35.00 0.1135
0.5551 0.1244
-0.2249E-01 -0.3044
36.00 0.8020E-01
0.5635 0.1197
0.1259E-01 -0.2768
37.00 0.5850E-01
0.5135 0.9605E-01
0.5481E-01 -0.1998
38.00 0.4733E-01
0.3754 0.4899E-01
0.9055E-01 -0.6934E-01
39.00 0.4392E-01
0.1899 -0.4520E-02
0.1046 0.6902E-01
40.00 0.4480E-01
0.3510E-01 -0.4277E-01
0.9961E-01 0.1660
41.00 0.4678E-01
-0.6038E-01 -0.6205E-01
0.8809E-01 0.2180
42.00 0.4760E-01
-0.1093 -0.6913E-01
0.7769E-01 0.2438
43.00 0.4619E-01
-0.1293 -0.7004E-01
0.7008E-01 0.2584
44.00 0.4254E-01
-0.1314 -0.6765E-01
0.6429E-01 0.2692
45.00 0.3733E-01
-0.1208 -0.6220E-01
0.5854E-01 0.2786
46.00 0.3151E-01
-0.9996E-01 -0.5193E-01
0.5079E-01 0.2860
47.00 0.2590E-01
-0.7047E-01 -0.3351E-01
0.3915E-01 0.2890
48.00 0.2102E-01
-0.3501E-01 -0.3177E-02
0.2254E-01 0.2845
49.00 0.1705E-01
0.2221E-02 0.4110E-01
0.1359E-02 0.2698
50.00 0.1392E-01
0.3632E-01 0.9722E-01
-0.2231E-01 0.2436
51.00 0.1148E-01
0.6321E-01 0.1579
-0.4548E-01 0.2057
52.00 0.9542E-02
0.8016E-01 0.2119
-0.6553E-01 0.1557
53.00 0.8008E-02
0.8467E-01 0.2460
-0.8072E-01 0.9323E-01
54.00 0.6813E-02
0.7347E-01 0.2484
-0.9004E-01 0.1968E-01
55.00 0.5920E-02
0.4392E-01 0.2132
-0.9289E-01 -0.5836E-01
56.00 0.5281E-02
-0.2418E-02 0.1461
-0.8920E-01 -0.1287
57.00 0.4824E-02
-0.5741E-01 0.6357E-01
-0.7965E-01 -0.1785
58.00 0.4469E-02
-0.1089 -0.1575E-01
-0.6531E-01 -0.2017
59.00 0.4143E-02
-0.1457 -0.7967E-01
-0.4696E-01 -0.2006
60.00 0.3807E-02
-0.1602 -0.1241
-0.2477E-01 -0.1827
61.00 0.3456E-02
-0.1492 -0.1496
0.1228E-02 -0.1571
62.00 0.3112E-02
-0.1142 -0.1582
0.3016E-01 -0.1318
63.00 0.2801E-02
-0.6267E-01 -0.1523
0.5932E-01 -0.1129
64.00 0.2541E-02
-0.7583E-02 -0.1359
0.8416E-01 -0.1029
65.00 0.2329E-02
0.3730E-01 -0.1150
0.1001 -0.1002
66.00 0.2149E-02
0.6397E-01 -0.9803E-01
0.1047 -0.1003
67.00 0.1979E-02
0.7290E-01 -0.9310E-01
0.9877E-01 -0.9877E-01
68.00 0.1809E-02
0.7041E-01 -0.1067
0.8573E-01 -0.9364E-01
69.00 0.1638E-02
0.6412E-01 -0.1418
0.7030E-01 -0.8554E-01
70.00 0.1476E-02
0.5959E-01 -0.1957
0.5787E-01 -0.7708E-01
71.00 0.1334E-02
0.5892E-01 -0.2576
0.5332E-01 -0.7137E-01
72.00 0.1217E-02
0.6136E-01 -0.3110
0.5902E-01 -0.7028E-01
73.00 0.1117E-02
0.6583E-01 -0.3410
0.7327E-01 -0.7341E-01
74.00 0.1024E-02
0.7354E-01 -0.3426
0.9086E-01 -0.7900E-01
75.00 0.9239E-03
0.8867E-01 -0.3219
0.1054 -0.8592E-01
76.00 0.8126E-03
0.1168 -0.2913
0.1110 -0.9513E-01
77.00 0.6960E-03
0.1615 -0.2647
0.1024 -0.1098
78.00 0.5883E-03
0.2185 -0.2535
0.7567E-01 -0.1339
79.00 0.5043E-03
0.2683 -0.2595
0.3197E-01 -0.1673
80.00 0.4526E-03
0.2799 -0.2679
-0.1779E-01 -0.2008
81.00 0.4313E-03
0.2362 -0.2538
-0.5665E-01 -0.2189
82.00 0.4291E-03
0.1552 -0.2046
-0.7590E-01 -0.2135
83.00 0.4307E-03
0.7125E-01 -0.1287
-0.8015E-01 -0.1896
84.00 0.4238E-03
0.9511E-02 -0.4451E-01
-0.7883E-01 -0.1579
85.00 0.4043E-03
-0.2017E-01 0.2936E-01
-0.7870E-01 -0.1290
86.00 0.3764E-03
-0.2010E-01 0.7473E-01
-0.8189E-01 -0.1119
87.00 0.3496E-03
-0.4995E-02 0.7684E-01
-0.8581E-01 -0.1129
88.00 0.3334E-03
-0.7988E-03 0.3583E-01
-0.8473E-01 -0.1308
89.00 0.3319E-03
-0.2992E-01 -0.2410E-01
-0.7469E-01 -0.1538
90.00 0.3425E-03
-0.9189E-01 -0.6952E-01
-0.5799E-01 -0.1673
91.00 0.3573E-03
-0.1659 -0.8397E-01
-0.4105E-01 -0.1658
92.00 0.3672E-03
-0.2290 -0.7308E-01
-0.2916E-01 -0.1535
93.00 0.3658E-03
-0.2665 -0.5289E-01
-0.2431E-01 -0.1391
94.00 0.3519E-03
-0.2712 -0.4027E-01
-0.2559E-01 -0.1311
95.00 0.3291E-03
-0.2432 -0.4777E-01
-0.2965E-01 -0.1360
96.00 0.3032E-03
-0.1909 -0.7879E-01
-0.3134E-01 -0.1549
97.00 0.2795E-03
-0.1319 -0.1227
-0.2554E-01 -0.1815
98.00 0.2604E-03
-0.8611E-01 -0.1568
-0.1067E-01 -0.2022
99.00 0.2457E-03
-0.6415E-01 -0.1591
0.9068E-02 -0.2038
100.0 0.2338E-03
-0.6060E-01 -0.1235
0.2539E-01 -0.1824
101.0 0.2233E-03
-0.5956E-01 -0.6401E-01
0.3037E-01 -0.1460
102.0 0.2140E-03
-0.4654E-01 -0.8493E-02
0.2051E-01 -0.1107
103.0 0.2073E-03
-0.1877E-01 0.1487E-01
-0.8490E-03 -0.9361E-01
104.0 0.2044E-03
0.1185E-01 -0.6377E-02
-0.2400E-01 -0.1036
105.0 0.2054E-03
0.2699E-01 -0.5908E-01
-0.3789E-01 -0.1344
106.0 0.2084E-03
0.1646E-01 -0.1127
-0.3700E-01 -0.1690
107.0 0.2107E-03
-0.1451E-01 -0.1395
-0.2383E-01 -0.1910
108.0 0.2096E-03
-0.4963E-01 -0.1279
-0.5846E-02 -0.1925
109.0 0.2041E-03
-0.6970E-01 -0.8350E-01
0.8583E-02 -0.1757
110.0 0.1955E-03
-0.5997E-01 -0.2531E-01
0.1290E-01 -0.1506
111.0 0.1867E-03
-0.1776E-01 0.1937E-01
0.4682E-02 -0.1319
112.0 0.1807E-03
0.4083E-01 0.2635E-01
-0.1222E-01 -0.1329
113.0 0.1792E-03
0.8537E-01 -0.8614E-02
-0.2856E-01 -0.1560
114.0 0.1815E-03
0.9101E-01 -0.6406E-01
-0.3570E-01 -0.1899
115.0 0.1852E-03
0.5560E-01 -0.1086
-0.3157E-01 -0.2177
116.0 0.1874E-03
-0.2498E-02 -0.1211
-0.2066E-01 -0.2280
117.0 0.1865E-03
-0.5708E-01 -0.9843E-01
-0.1024E-01 -0.2188
118.0 0.1828E-03
-0.8439E-01 -0.5300E-01
-0.6859E-02 -0.1963
119.0 0.1782E-03
-0.7117E-01 -0.8176E-02
-0.1365E-01 -0.1729
120.0 0.1752E-03
-0.2277E-01 0.1092E-01
-0.2809E-01 -0.1618
121.0 0.1752E-03
0.3562E-01 -0.7780E-02
-0.4240E-01 -0.1697
122.0 0.1779E-03
0.7328E-01 -0.5392E-01
-0.4821E-01 -0.1915
123.0 0.1813E-03
0.7369E-01 -0.1025
-0.4213E-01 -0.2145
124.0 0.1829E-03
0.4116E-01 -0.1307
-0.2692E-01 -0.2268
125.0 0.1814E-03
-0.5894E-02 -0.1274
-0.9115E-02 -0.2227
126.0 0.1774E-03
-0.4422E-01 -0.9602E-01
0.3718E-02 -0.2043
127.0 0.1733E-03
-0.5433E-01 -0.5272E-01
0.5540E-02 -0.1808
128.0 0.1720E-03
-0.3085E-01 -0.2132E-01
-0.4820E-02 -0.1655
129.0 0.1751E-03
0.1104E-01 -0.1919E-01
-0.2165E-01 -0.1681
130.0 0.1819E-03
0.4497E-01 -0.4427E-01
-0.3567E-01 -0.1867
131.0 0.1897E-03
0.5257E-01 -0.7831E-01
-0.4053E-01 -0.2103
132.0 0.1950E-03
0.3258E-01 -0.1014
-0.3571E-01 -0.2271
133.0 0.1954E-03
-0.3498E-02 -0.1020
-0.2494E-01 -0.2297
134.0 0.1908E-03
-0.3829E-01 -0.7885E-01
-0.1378E-01 -0.2166
135.0 0.1839E-03
-0.5397E-01 -0.4187E-01
-0.8027E-02 -0.1926
136.0 0.1788E-03
-0.3986E-01 -0.1029E-01
-0.1147E-01 -0.1687
137.0 0.1791E-03
-0.2278E-02 -0.3582E-02
-0.2288E-01 -0.1578
138.0 0.1856E-03
0.3582E-01 -0.2556E-01
-0.3578E-01 -0.1651
139.0 0.1966E-03
0.5238E-01 -0.6032E-01
-0.4339E-01 -0.1840
140.0 0.2081E-03
0.4161E-01 -0.8631E-01
-0.4345E-01 -0.2024
141.0 0.2160E-03
0.1246E-01 -0.9006E-01
-0.3806E-01 -0.2109
142.0 0.2182E-03
-0.1975E-01 -0.6958E-01
-0.3125E-01 -0.2061
143.0 0.2156E-03
-0.3944E-01 -0.3332E-01
-0.2718E-01 -0.1903
144.0 0.2118E-03
-0.3586E-01 0.1287E-02
-0.2867E-01 -0.1706
145.0 0.2108E-03
-0.9817E-02 0.1379E-01
-0.3561E-01 -0.1576
146.0 0.2156E-03
0.2332E-01 -0.5772E-02
-0.4437E-01 -0.1588
147.0 0.2260E-03
0.4309E-01 -0.4699E-01
-0.5025E-01 -0.1729
148.0 0.2393E-03
0.3899E-01 -0.8650E-01
-0.5110E-01 -0.1906
149.0 0.2516E-03
0.1520E-01 -0.1041
-0.4834E-01 -0.2023
150.0 0.2601E-03
-0.1512E-01 -0.9109E-01
-0.4527E-01 -0.2021
151.0 0.2646E-03
-0.3686E-01 -0.5127E-01
-0.4515E-01 -0.1899
152.0 0.2675E-03
-0.3860E-01 0.3805E-03
-0.4963E-01 -0.1705
153.0 0.2728E-03
-0.1854E-01 0.4158E-01
-0.5746E-01 -0.1525
154.0 0.2839E-03
0.1232E-01 0.5370E-01
-0.6463E-01 -0.1441
155.0 0.3016E-03
0.3613E-01 0.3454E-01
-0.6698E-01 -0.1476
156.0 0.3234E-03
0.4045E-01 -0.6947E-03
-0.6336E-01 -0.1579
157.0 0.3455E-03
0.2480E-01 -0.3117E-01
-0.5628E-01 -0.1675
158.0 0.3643E-03
-0.1919E-02 -0.4185E-01
-0.5040E-01 -0.1701
159.0 0.3785E-03
-0.2704E-01 -0.2815E-01
-0.5078E-01 -0.1633
160.0 0.3905E-03
-0.3922E-01 0.3278E-02
-0.6120E-01 -0.1492
161.0 0.4045E-03
-0.3319E-01 0.3614E-01
-0.8227E-01 -0.1329
162.0 0.4250E-03
-0.1341E-01 0.5111E-01
-0.1101 -0.1207
163.0 0.4535E-03
0.7927E-02 0.3664E-01
-0.1375 -0.1157
164.0 0.4880E-03
0.1884E-01 -0.4756E-02
-0.1586 -0.1161
165.0 0.5232E-03
0.1453E-01 -0.6053E-01
-0.1708 -0.1161
166.0 0.5536E-03
-0.1711E-02 -0.1166
-0.1748 -0.1104
167.0 0.5759E-03
-0.2159E-01 -0.1626
-0.1727 -0.9539E-01
168.0 0.5913E-03
-0.3550E-01 -0.1934
-0.1663 -0.7141E-01
169.0 0.6049E-03
-0.3621E-01 -0.2089
-0.1561 -0.4281E-01
170.0 0.6234E-03
-0.2276E-01 -0.2140
-0.1421 -0.1724E-01
171.0 0.6509E-03
-0.2136E-02 -0.2164
-0.1243 -0.2049E-02
172.0 0.6863E-03
0.1447E-01 -0.2228
-0.1031 0.6434E-04
173.0 0.7227E-03
0.1848E-01 -0.2359
-0.8022E-01 -0.7713E-02
174.0 0.7496E-03
0.7869E-02 -0.2549
-0.5715E-01 -0.1911E-01
175.0 0.7574E-03
-0.1347E-01 -0.2775
-0.3551E-01 -0.2815E-01
176.0 0.7425E-03
-0.3795E-01 -0.3011
-0.1684E-01 -0.3093E-01
177.0 0.7090E-03
-0.5588E-01 -0.3238
-0.2860E-02 -0.2616E-01
178.0 0.6686E-03
-0.5741E-01 -0.3435
0.4622E-02 -0.1568E-01
179.0 0.6362E-03
-0.3701E-01 -0.3573
0.4873E-02 -0.4729E-02
180.0 0.6238E-03
0.000 -0.3624
0.000 0.000
