0.000 3.673
0.000 0.6995
0.000 0.000
1.000 3.925
-0.2322 0.6059
-0.7931E-01 0.4075E-01
2.000 4.610
-0.3657 0.4002
-0.1271 0.1305
3.000 5.536
-0.4002 0.1950
-0.1434 0.2203
4.000 6.440
-0.3792 0.3624E-01
-0.1427 0.2905
5.000 7.059
-0.3352 -0.7577E-01
-0.1355 0.3410
6.000 7.200
-0.2835 -0.1523
-0.1275 0.3769
7.000 6.787
-0.2300 -0.2032
-0.1212 0.4031
8.000 5.872
-0.1758 -0.2345
-0.1181 0.4231
9.000 4.621
-0.1196 -0.2481
-0.1196 0.4392
10.00 3.257
-0.5834E-01 -0.2402
-0.1278 0.4536
11.00 2.010
0.1275E-01 -0.1953
-0.1462 0.4681
12.00 1.055
0.9673E-01 -0.6544E-01
-0.1784 0.4846
13.00 0.4807
0.1563 0.2720
-0.2042 0.4997
14.00 0.2792
-0.2132E-01 0.6857
-0.7491E-01 0.4779
15.00 0.3651
-0.2558 0.3707
0.1235 0.4332
16.00 0.6086
-0.2504 0.1502E-01
0.1635 0.4245
17.00 0.8762
-0.1905 -0.1520
0.1599 0.4267
18.00 1.064
-0.1303 -0.2314
0.1546 0.4293
19.00 1.117
-0.7387E-01 -0.2711
0.1530 0.4304
20.00 1.033
-0.1784E-01 -0.2880
0.1555 0.4295
21.00 0.8476
0.4173E-01 -0.2857
0.1619 0.4261
22.00 0.6187
0.1088 -0.2580
0.1724 0.4191
23.00 0.4019
0.1849 -0.1843
0.1883 0.4058
24.00 0.2371
0.2545 -0.1882E-01
0.2114 0.3823
25.00 0.1414
0.2393 0.2762
0.2392 0.3496
26.00 0.1104
0.3733E-01 0.5015
0.2519 0.3354
27.00 0.1252
-0.1700 0.4000
0.2439 0.3555
28.00 0.1618
-0.2358 0.1983
0.2394 0.3762
29.00 0.1986
-0.2290 0.5068E-01
0.2440 0.3854
30.00 0.2219
-0.2021 -0.4234E-01
0.2539 0.3864
31.00 0.2263
-0.1723 -0.1009
0.2659 0.3832
32.00 0.2133
-0.1438 -0.1382
0.2777 0.3784
33.00 0.1882
-0.1169 -0.1611
0.2871 0.3747
34.00 0.1575
-0.9037E-01 -0.1723
0.2919 0.3749
35.00 0.1265
-0.6208E-01 -0.1716
0.2897 0.3822
36.00 0.9838E-01
-0.2924E-01 -0.1565
0.2785 0.3994
37.00 0.7493E-01
0.1100E-01 -0.1228
0.2569 0.4275
38.00 0.5649E-01
0.6021E-01 -0.6609E-01
0.2246 0.4637
39.00 0.4269E-01
0.1166 0.1557E-01
0.1836 0.4989
40.00 0.3287E-01
0.1729 0.1169
0.1401 0.5183
41.00 0.2619E-01
0.2167 0.2226
0.1064 0.5061
42.00 0.2184E-01
0.2360 0.3112
0.9842E-01 0.4561
43.00 0.1907E-01
0.2274 0.3658
0.1281 0.3788
44.00 0.1737E-01
0.1964 0.3791
0.1957 0.2965
45.00 0.1653E-01
0.1530 0.3487
0.2866 0.2333
46.00 0.1655E-01
0.1076 0.2742
0.3720 0.2065
47.00 0.1755E-01
0.7066E-01 0.1653
0.4213 0.2189
48.00 0.1950E-01
0.4940E-01 0.4510E-01
0.4226 0.2568
49.00 0.2210E-01
0.4507E-01 -0.6223E-01
0.3886 0.3003
50.00 0.2473E-01
0.5473E-01 -0.1449
0.3403 0.3367
51.00 0.2662E-01
0.7498E-01 -0.2024
0.2925 0.3619
52.00 0.2709E-01
0.1040 -0.2387
0.2516 0.3764
53.00 0.2583E-01
0.1414 -0.2572
0.2190 0.3814
54.00 0.2299E-01
0.1880 -0.2590
0.1937 0.3769
55.00 0.1914E-01
0.2444 -0.2415
0.1744 0.3615
56.00 0.1506E-01
0.3081 -0.1983
0.1598 0.3319
57.00 0.1148E-01
0.3687 -0.1209
0.1501 0.2847
58.00 0.8824E-02
0.4018 -0.7248E-02
0.1476 0.2223
59.00 0.7147E-02
0.3800 0.1242
0.1555 0.1589
60.00 0.6212E-02
0.3024 0.2403
0.1744 0.1139
61.00 0.5651E-02
0.2003 0.3258
0.2005 0.9224E-01
62.00 0.5153E-02
0.1021 0.3921
0.2288 0.8424E-01
63.00 0.4572E-02
0.1551E-01 0.4537
0.2545 0.8033E-01
64.00 0.3937E-02
-0.6278E-01 0.5089
0.2711 0.7963E-01
65.00 0.3362E-02
-0.1326 0.5333
0.2692 0.9034E-01
66.00 0.2946E-02
-0.1832 0.4928
0.2428 0.1230
67.00 0.2692E-02
-0.2010 0.3827
0.2007 0.1766
68.00 0.2509E-02
-0.1868 0.2443
0.1626 0.2359
69.00 0.2271E-02
-0.1546 0.1248
0.1431 0.2855
70.00 0.1899E-02
-0.1190 0.4711E-01
0.1461 0.3200
71.00 0.1414E-02
-0.9044E-01 0.1560E-01
0.1717 0.3394
72.00 0.9305E-03
-0.8265E-01 0.2477E-01
0.2171 0.3445
73.00 0.5929E-03
-0.1190 0.2931E-01
0.2511 0.3388
74.00 0.4984E-03
-0.1735 -0.9633E-01
0.1822 0.3449
75.00 0.6403E-03
-0.1467 -0.2785
0.6659E-01 0.3720
76.00 0.9077E-03
-0.7666E-01 -0.3646
0.1855E-01 0.3922
77.00 0.1140E-02
-0.7877E-02 -0.3866
0.1418E-01 0.4011
78.00 0.1204E-02
0.5910E-01 -0.3777
0.2660E-01 0.4019
79.00 0.1061E-02
0.1333 -0.3420
0.4647E-01 0.3942
80.00 0.7777E-03
0.2244 -0.2599
0.7012E-01 0.3718
81.00 0.4866E-03
0.3243 -0.7925E-01
0.8795E-01 0.3187
82.00 0.3177E-03
0.3127 0.2010
0.6309E-01 0.2335
83.00 0.3323E-03
0.7017E-01 0.2219
-0.1670E-02 0.2241
84.00 0.4961E-03
-0.8523E-01 0.8514E-02
-0.1204E-01 0.2856
85.00 0.7034E-03
-0.1112 -0.1384
0.1372E-01 0.3265
86.00 0.8358E-03
-0.9782E-01 -0.2103
0.5004E-01 0.3423
87.00 0.8238E-03
-0.7912E-01 -0.2380
0.9466E-01 0.3403
88.00 0.6792E-03
-0.6974E-01 -0.2340
0.1526 0.3206
89.00 0.4839E-03
-0.8841E-01 -0.1994
0.2265 0.2789
90.00 0.3414E-03
-0.1579 -0.1525
0.2801 0.2294
91.00 0.3204E-03
-0.2219 -0.1731
0.2189 0.2442
92.00 0.4192E-03
-0.1887 -0.2554
0.1077 0.3178
93.00 0.5692E-03
-0.1170 -0.3141
0.5280E-01 0.3713
94.00 0.6745E-03
-0.4965E-01 -0.3418
0.4036E-01 0.3975
95.00 0.6644E-03
0.1303E-01 -0.3504
0.4758E-01 0.4072
96.00 0.5313E-03
0.7932E-01 -0.3436
0.6469E-01 0.4036
97.00 0.3341E-03
0.1569 -0.3138
0.8463E-01 0.3780
98.00 0.1656E-03
0.2160 -0.2351
0.7204E-01 0.2954
99.00 0.1034E-03
0.1220E-01 -0.1676
-0.9053E-01 0.1812
100.0 0.1690E-03
-0.2004 -0.2863
-0.1570 0.2781
101.0 0.3182E-03
-0.1662 -0.3534
-0.9969E-01 0.3607
102.0 0.4657E-03
-0.1027 -0.3708
-0.4822E-01 0.3945
103.0 0.5315E-03
-0.4340E-01 -0.3672
-0.5791E-02 0.4079
104.0 0.4822E-03
0.1571E-01 -0.3455
0.3659E-01 0.4098
105.0 0.3482E-03
0.8173E-01 -0.2912
0.8926E-01 0.3972
106.0 0.2053E-03
0.1473 -0.1631
0.1616 0.3525
107.0 0.1337E-03
0.1078 0.1352E-01
0.1965 0.2693
108.0 0.1743E-03
-0.4652E-01 -0.7690E-01
0.9993E-01 0.2791
109.0 0.3077E-03
-0.7587E-01 -0.2284
0.4642E-01 0.3346
110.0 0.4642E-03
-0.4743E-01 -0.2975
0.4440E-01 0.3639
111.0 0.5612E-03
-0.8142E-02 -0.3216
0.6065E-01 0.3746
112.0 0.5470E-03
0.3509E-01 -0.3196
0.8635E-01 0.3727
113.0 0.4273E-03
0.8333E-01 -0.2892
0.1214 0.3562
114.0 0.2621E-03
0.1322 -0.2024
0.1649 0.3113
115.0 0.1338E-03
0.1162 0.5548E-02
0.1726 0.2135
116.0 0.1037E-03
-0.1232 0.1061
-0.8816E-02 0.1937
117.0 0.1809E-03
-0.2006 -0.1441
-0.1044 0.3298
118.0 0.3182E-03
-0.1360 -0.2818
-0.7436E-01 0.3943
119.0 0.4382E-03
-0.6991E-01 -0.3325
-0.3291E-01 0.4156
120.0 0.4748E-03
-0.1136E-01 -0.3475
0.6062E-02 0.4201
121.0 0.4081E-03
0.4633E-01 -0.3395
0.4538E-01 0.4130
122.0 0.2743E-03
0.1073 -0.2992
0.8728E-01 0.3866
123.0 0.1461E-03
0.1428 -0.1867
0.1097 0.3118
124.0 0.9350E-04
-0.2014E-01 -0.5233E-01
-0.1478E-01 0.2088
125.0 0.1462E-03
-0.1792 -0.1925
-0.1341 0.2873
126.0 0.2778E-03
-0.1389 -0.3085
-0.1067 0.3643
127.0 0.4192E-03
-0.7591E-01 -0.3520
-0.6379E-01 0.3950
128.0 0.4960E-03
-0.1815E-01 -0.3651
-0.2574E-01 0.4046
129.0 0.4675E-03
0.3855E-01 -0.3600
0.1056E-01 0.4009
130.0 0.3490E-03
0.9958E-01 -0.3314
0.5015E-01 0.3795
131.0 0.2042E-03
0.1551 -0.2487
0.9400E-01 0.3176
132.0 0.1118E-03
0.8333E-01 -0.7214E-01
0.9272E-01 0.1884
133.0 0.1237E-03
-0.1765 -0.8552E-01
-0.2365E-01 0.2065
134.0 0.2372E-03
-0.1965 -0.2435
-0.5170E-01 0.3274
135.0 0.3960E-03
-0.1339 -0.3170
-0.2916E-01 0.3832
136.0 0.5188E-03
-0.7395E-01 -0.3446
-0.6891E-03 0.4049
137.0 0.5421E-03
-0.1952E-01 -0.3500
0.2893E-01 0.4107
138.0 0.4539E-03
0.3479E-01 -0.3366
0.6138E-01 0.4034
139.0 0.3008E-03
0.9045E-01 -0.2912
0.9655E-01 0.3736
140.0 0.1643E-03
0.1103 -0.1776
0.1074 0.2927
141.0 0.1184E-03
-0.5198E-01 -0.8095E-01
-0.1110E-01 0.2122
142.0 0.1907E-03
-0.1695 -0.2147
-0.9737E-01 0.2997
143.0 0.3471E-03
-0.1326 -0.3134
-0.7316E-01 0.3719
144.0 0.5089E-03
-0.7778E-01 -0.3523
-0.3570E-01 0.4017
145.0 0.5933E-03
-0.2677E-01 -0.3650
-0.6813E-03 0.4113
146.0 0.5574E-03
0.2307E-01 -0.3618
0.3392E-01 0.4068
147.0 0.4208E-03
0.7498E-01 -0.3389
0.7101E-01 0.3824
148.0 0.2576E-03
0.1170 -0.2754
0.1044 0.3143
149.0 0.1577E-03
0.5684E-01 -0.1599
0.7387E-01 0.1901
150.0 0.1810E-03
-0.1176 -0.1730
-0.4148E-01 0.2078
151.0 0.3245E-03
-0.1388 -0.2723
-0.6111E-01 0.3208
152.0 0.5230E-03
-0.9568E-01 -0.3230
-0.3394E-01 0.3806
153.0 0.6813E-03
-0.4952E-01 -0.3414
-0.1541E-02 0.4055
154.0 0.7235E-03
-0.6789E-02 -0.3417
0.3135E-01 0.4105
155.0 0.6325E-03
0.3299E-01 -0.3255
0.6579E-01 0.3952
156.0 0.4609E-03
0.6354E-01 -0.2846
0.9891E-01 0.3436
157.0 0.3049E-03
0.4874E-01 -0.2107
0.1031 0.2266
158.0 0.2561E-03
-0.6251E-01 -0.1714
0.1929E-01 0.1175
159.0 0.3536E-03
-0.1364 -0.2436
-0.6118E-01 0.1868
160.0 0.5635E-03
-0.1169 -0.3113
-0.6274E-01 0.2936
161.0 0.7951E-03
-0.7644E-01 -0.3422
-0.3635E-01 0.3587
162.0 0.9480E-03
-0.3906E-01 -0.3507
-0.4509E-02 0.3912
163.0 0.9646E-03
-0.9691E-02 -0.3441
0.2910E-01 0.3968
164.0 0.8625E-03
0.5181E-02 -0.3230
0.6283E-01 0.3652
165.0 0.7280E-03
-0.9488E-02 -0.2887
0.8708E-01 0.2725
166.0 0.6729E-03
-0.6208E-01 -0.2612
0.7921E-01 0.1257
167.0 0.7759E-03
-0.1100 -0.2705
0.3975E-01 0.2705E-01
168.0 0.1039E-02
-0.1122 -0.3017
0.8233E-02 0.2657E-01
169.0 0.1379E-02
-0.8595E-01 -0.3271
-0.1386E-02 0.6348E-01
170.0 0.1668E-02
-0.5263E-01 -0.3400
0.2510E-02 0.9368E-01
171.0 0.1794E-02
-0.2050E-01 -0.3420
0.1235E-01 0.1028
172.0 0.1718E-02
0.6609E-02 -0.3338
0.2341E-01 0.8334E-01
173.0 0.1502E-02
0.2227E-01 -0.3156
0.3035E-01 0.2562E-01
174.0 0.1282E-02
0.1396E-01 -0.2917
0.2440E-01 -0.7108E-01
175.0 0.1207E-02
-0.2403E-01 -0.2801
0.1879E-03 -0.1606
176.0 0.1367E-02
-0.6234E-01 -0.2962
-0.2602E-01 -0.1688
177.0 0.1743E-02
-0.7035E-01 -0.3249
-0.3466E-01 -0.1114
178.0 0.2212E-02
-0.5436E-01 -0.3474
-0.2820E-01 -0.5061E-01
179.0 0.2598E-02
-0.2857E-01 -0.3600
-0.1512E-01 -0.1249E-01
180.0 0.2746E-02
0.000 -0.3639
0.000 0.000
