0.000 0.5017E-03
0.000 -0.1568
0.000 0.000
1.000 0.4860E-03
-0.6866E-01 -0.1570
0.1884E-01 0.1927E-02
2.000 0.4416E-03
-0.1408 -0.1577
0.3971E-01 0.7564E-02
3.000 0.3764E-03
-0.2193 -0.1589
0.6501E-01 0.1627E-01
4.000 0.3019E-03
-0.3042 -0.1606
0.9778E-01 0.2608E-01
5.000 0.2301E-03
-0.3866 -0.1620
0.1412 0.3168E-01
6.000 0.1714E-03
-0.4355 -0.1600
0.1950 0.2099E-01
7.000 0.1326E-03
-0.3862 -0.1475
0.2455 -0.2419E-01
8.000 0.1159E-03
-0.1916 -0.1183
0.2605 -0.1067
9.000 0.1189E-03
0.6897E-01 -0.7957E-01
0.2243 -0.1898
10.00 0.1360E-03
0.2642 -0.4575E-01
0.1642 -0.2377
11.00 0.1598E-03
0.3608 -0.2195E-01
0.1090 -0.2524
12.00 0.1829E-03
0.3898 -0.6044E-02
0.6664E-01 -0.2501
13.00 0.1997E-03
0.3824 0.4542E-02
0.3440E-01 -0.2422
14.00 0.2067E-03
0.3566 0.1109E-01
0.8300E-02 -0.2345
15.00 0.2028E-03
0.3215 0.1400E-01
-0.1471E-01 -0.2300
16.00 0.1893E-03
0.2821 0.1349E-01
-0.3655E-01 -0.2302
17.00 0.1687E-03
0.2415 0.1022E-01
-0.5819E-01 -0.2364
18.00 0.1441E-03
0.2025 0.6093E-02
-0.7968E-01 -0.2495
19.00 0.1184E-03
0.1682 0.5187E-02
-0.9999E-01 -0.2695
20.00 0.9423E-04
0.1414 0.1478E-01
-0.1166 -0.2957
21.00 0.7318E-04
0.1245 0.4588E-01
-0.1252 -0.3254
22.00 0.5627E-04
0.1178 0.1114
-0.1192 -0.3527
23.00 0.4382E-04
0.1172 0.2178
-0.9218E-01 -0.3676
24.00 0.3566E-04
0.1145 0.3494
-0.4344E-01 -0.3583
25.00 0.3116E-04
0.1019 0.4597
0.1411E-01 -0.3209
26.00 0.2944E-04
0.8076E-01 0.4996
0.5856E-01 -0.2661
27.00 0.2946E-04
0.6147E-01 0.4597
0.7606E-01 -0.2113
28.00 0.3015E-04
0.5314E-01 0.3682
0.6831E-01 -0.1670
29.00 0.3061E-04
0.5838E-01 0.2588
0.4429E-01 -0.1336
30.00 0.3020E-04
0.7497E-01 0.1534
0.1209E-01 -0.1077
31.00 0.2864E-04
0.9876E-01 0.6235E-01
-0.2320E-01 -0.8588E-01
32.00 0.2599E-04
0.1249 -0.1016E-01
-0.5846E-01 -0.6641E-01
33.00 0.2257E-04
0.1481 -0.6183E-01
-0.9097E-01 -0.4948E-01
34.00 0.1885E-04
0.1625 -0.9023E-01
-0.1170 -0.3718E-01
35.00 0.1527E-04
0.1625 -0.9209E-01
-0.1311 -0.3314E-01
36.00 0.1215E-04
0.1446 -0.6445E-01
-0.1257 -0.4109E-01
37.00 0.9651E-05
0.1114 -0.7810E-02
-0.9425E-01 -0.6182E-01
38.00 0.7790E-05
0.7435E-01 0.6969E-01
-0.3617E-01 -0.8955E-01
39.00 0.6478E-05
0.4985E-01 0.1507
0.3860E-01 -0.1115
40.00 0.5602E-05
0.4739E-01 0.2127
0.1110 -0.1146
41.00 0.5069E-05
0.5932E-01 0.2361
0.1615 -0.9473E-01
42.00 0.4826E-05
0.6321E-01 0.2119
0.1793 -0.6199E-01
43.00 0.4840E-05
0.3840E-01 0.1475
0.1676 -0.3400E-01
44.00 0.5064E-05
-0.1740E-01 0.6452E-01
0.1402 -0.2293E-01
45.00 0.5413E-05
-0.8890E-01 -0.1355E-01
0.1116 -0.2802E-01
46.00 0.5759E-05
-0.1579 -0.7268E-01
0.8946E-01 -0.4018E-01
47.00 0.5957E-05
-0.2139 -0.1094
0.7464E-01 -0.5004E-01
48.00 0.5879E-05
-0.2539 -0.1259
0.6478E-01 -0.5170E-01
49.00 0.5462E-05
-0.2793 -0.1255
0.5672E-01 -0.4235E-01
50.00 0.4725E-05
-0.2918 -0.1110
0.4732E-01 -0.2079E-01
51.00 0.3771E-05
-0.2917 -0.8390E-01
0.3321E-01 0.1344E-01
52.00 0.2753E-05
-0.2755 -0.4590E-01
0.9756E-02 0.5985E-01
53.00 0.1835E-05
-0.2320 -0.2474E-02
-0.3017E-01 0.1135
54.00 0.1139E-05
-0.1388 0.2335E-01
-0.9504E-01 0.1515
55.00 0.7284E-06
0.1590E-01 -0.3440E-01
-0.1745 0.1072
56.00 0.5905E-06
0.1308 -0.2181
-0.1976 -0.6380E-01
57.00 0.6581E-06
0.8229E-01 -0.3723
-0.1357 -0.2065
58.00 0.8351E-06
-0.3408E-01 -0.4067
-0.7123E-01 -0.2284
59.00 0.1027E-05
-0.1325 -0.3831
-0.3794E-01 -0.1912
60.00 0.1165E-05
-0.2033 -0.3473
-0.2831E-01 -0.1419
61.00 0.1212E-05
-0.2534 -0.3158
-0.3273E-01 -0.9780E-01
62.00 0.1167E-05
-0.2872 -0.2940
-0.4491E-01 -0.6561E-01
63.00 0.1051E-05
-0.3058 -0.2838
-0.6029E-01 -0.4816E-01
64.00 0.8933E-06
-0.3084 -0.2844
-0.7476E-01 -0.4597E-01
65.00 0.7260E-06
-0.2942 -0.2920
-0.8433E-01 -0.5629E-01
66.00 0.5731E-06
-0.2655 -0.2981
-0.8574E-01 -0.7215E-01
67.00 0.4499E-06
-0.2308 -0.2906
-0.7826E-01 -0.8324E-01
68.00 0.3637E-06
-0.2056 -0.2610
-0.6621E-01 -0.8193E-01
69.00 0.3147E-06
-0.2042 -0.2180
-0.5858E-01 -0.7357E-01
70.00 0.2980E-06
-0.2233 -0.1889
-0.6165E-01 -0.7631E-01
71.00 0.3048E-06
-0.2427 -0.1937
-0.7197E-01 -0.1008
72.00 0.3243E-06
-0.2476 -0.2258
-0.8146E-01 -0.1377
73.00 0.3456E-06
-0.2379 -0.2651
-0.8570E-01 -0.1700
74.00 0.3596E-06
-0.2215 -0.2949
-0.8506E-01 -0.1855
75.00 0.3607E-06
-0.2065 -0.3067
-0.8199E-01 -0.1797
76.00 0.3474E-06
-0.1973 -0.2987
-0.7906E-01 -0.1545
77.00 0.3214E-06
-0.1947 -0.2737
-0.7795E-01 -0.1163
78.00 0.2865E-06
-0.1946 -0.2386
-0.7898E-01 -0.7483E-01
79.00 0.2470E-06
-0.1890 -0.2026
-0.8098E-01 -0.4123E-01
80.00 0.2068E-06
-0.1678 -0.1745
-0.8165E-01 -0.2435E-01
81.00 0.1687E-06
-0.1233 -0.1586
-0.7867E-01 -0.2653E-01
82.00 0.1352E-06
-0.5604E-01 -0.1507
-0.7139E-01 -0.4057E-01
83.00 0.1081E-06
0.1621E-01 -0.1365
-0.6290E-01 -0.5032E-01
84.00 0.8905E-07
0.5483E-01 -0.9881E-01
-0.6065E-01 -0.3929E-01
85.00 0.7878E-07
0.2078E-01 -0.3833E-01
-0.7144E-01 -0.9406E-02
86.00 0.7646E-07
-0.7565E-01 0.1282E-01
-0.9131E-01 0.1101E-01
87.00 0.7960E-07
-0.1717 0.2107E-01
-0.1068 -0.2547E-02
88.00 0.8449E-07
-0.2177 -0.1454E-01
-0.1090 -0.4455E-01
89.00 0.8741E-07
-0.2057 -0.7333E-01
-0.9841E-01 -0.9318E-01
90.00 0.8604E-07
-0.1497 -0.1330
-0.7999E-01 -0.1281
91.00 0.8036E-07
-0.7037E-01 -0.1737
-0.6025E-01 -0.1342
92.00 0.7257E-07
0.4696E-02 -0.1770
-0.4741E-01 -0.1034
93.00 0.6595E-07
0.3821E-01 -0.1320
-0.5016E-01 -0.4459E-01
94.00 0.6317E-07
0.3332E-02 -0.5620E-01
-0.6988E-01 0.6210E-02
95.00 0.6496E-07
-0.7952E-01 0.4414E-02
-0.9367E-01 0.9214E-02
96.00 0.6967E-07
-0.1565 0.1896E-01
-0.1054 -0.3672E-01
97.00 0.7406E-07
-0.1937 -0.5262E-02
-0.9989E-01 -0.1013
98.00 0.7492E-07
-0.1884 -0.4488E-01
-0.8058E-01 -0.1557
99.00 0.7073E-07
-0.1503 -0.7816E-01
-0.5269E-01 -0.1816
100.0 0.6245E-07
-0.9158E-01 -0.8529E-01
-0.2202E-01 -0.1660
101.0 0.5305E-07
-0.3070E-01 -0.4684E-01
0.2187E-02 -0.1027
102.0 0.4609E-07
0.1684E-02 0.4096E-01
0.5955E-02 -0.1196E-01
103.0 0.4398E-07
-0.1876E-01 0.1346
-0.1685E-01 0.4234E-01
104.0 0.4676E-07
-0.7036E-01 0.1701
-0.4823E-01 0.1321E-01
105.0 0.5219E-07
-0.1088 0.1408
-0.6579E-01 -0.6914E-01
106.0 0.5694E-07
-0.1171 0.8339E-01
-0.6490E-01 -0.1523
107.0 0.5826E-07
-0.1006 0.2892E-01
-0.5098E-01 -0.2075
108.0 0.5540E-07
-0.7017E-01 -0.4504E-02
-0.3050E-01 -0.2222
109.0 0.4988E-07
-0.3814E-01 -0.3692E-02
-0.1052E-01 -0.1896
110.0 0.4461E-07
-0.2008E-01 0.3725E-01
-0.5268E-03 -0.1167
111.0 0.4231E-07
-0.2687E-01 0.9909E-01
-0.8003E-02 -0.4340E-01
112.0 0.4400E-07
-0.4725E-01 0.1381
-0.2667E-01 -0.2337E-01
113.0 0.4850E-07
-0.5666E-01 0.1331
-0.4058E-01 -0.6192E-01
114.0 0.5302E-07
-0.4447E-01 0.1012
-0.4169E-01 -0.1220
115.0 0.5467E-07
-0.1470E-01 0.6608E-01
-0.3123E-01 -0.1712
116.0 0.5208E-07
0.2399E-01 0.4440E-01
-0.1305E-01 -0.1920
117.0 0.4614E-07
0.5927E-01 0.4854E-01
0.8091E-02 -0.1727
118.0 0.3960E-07
0.7053E-01 0.8678E-01
0.2376E-01 -0.1098
119.0 0.3566E-07
0.3596E-01 0.1467
0.2168E-01 -0.3030E-01
120.0 0.3628E-07
-0.3028E-01 0.1829
0.2083E-04 0.1838E-02
121.0 0.4113E-07
-0.7679E-01 0.1682
-0.2291E-01 -0.3681E-01
122.0 0.4766E-07
-0.8050E-01 0.1254
-0.3267E-01 -0.1037
123.0 0.5244E-07
-0.5307E-01 0.8324E-01
-0.2938E-01 -0.1588
124.0 0.5289E-07
-0.1056E-01 0.5633E-01
-0.1764E-01 -0.1848
125.0 0.4868E-07
0.3368E-01 0.5217E-01
-0.1680E-02 -0.1731
126.0 0.4191E-07
0.6218E-01 0.7668E-01
0.1330E-01 -0.1176
127.0 0.3614E-07
0.4887E-01 0.1261
0.1847E-01 -0.3133E-01
128.0 0.3452E-07
-0.1466E-01 0.1680
0.6743E-02 0.2621E-01
129.0 0.3815E-07
-0.8053E-01 0.1644
-0.1221E-01 -0.1242E-03
130.0 0.4552E-07
-0.1015 0.1276
-0.2231E-01 -0.7729E-01
131.0 0.5315E-07
-0.8176E-01 0.9010E-01
-0.2079E-01 -0.1489
132.0 0.5739E-07
-0.4181E-01 0.6810E-01
-0.1213E-01 -0.1910
133.0 0.5622E-07
0.3484E-02 0.6661E-01
-0.7120E-03 -0.1973
134.0 0.5033E-07
0.4099E-01 0.8778E-01
0.9290E-02 -0.1630
135.0 0.4279E-07
0.5119E-01 0.1289
0.1197E-01 -0.8785E-01
136.0 0.3755E-07
0.1235E-01 0.1691
0.1119E-02 -0.4843E-03
137.0 0.3743E-07
-0.6058E-01 0.1703
-0.1860E-01 0.2946E-01
138.0 0.4273E-07
-0.1083 0.1301
-0.3019E-01 -0.2268E-01
139.0 0.5110E-07
-0.1064 0.8663E-01
-0.2726E-01 -0.1011
140.0 0.5868E-07
-0.7386E-01 0.6470E-01
-0.1580E-01 -0.1588
141.0 0.6209E-07
-0.3162E-01 0.6903E-01
-0.2266E-02 -0.1819
142.0 0.6010E-07
0.5816E-02 0.9825E-01
0.8477E-02 -0.1678
143.0 0.5425E-07
0.2401E-01 0.1468
0.1116E-01 -0.1169
144.0 0.4800E-07
0.6521E-02 0.1955
0.1394E-03 -0.4230E-01
145.0 0.4499E-07
-0.4800E-01 0.2062
-0.2331E-01 0.1271E-01
146.0 0.4715E-07
-0.1025 0.1586
-0.4329E-01 0.1621E-02
147.0 0.5383E-07
-0.1166 0.8835E-01
-0.4518E-01 -0.6122E-01
148.0 0.6211E-07
-0.9131E-01 0.4054E-01
-0.3143E-01 -0.1260
149.0 0.6846E-07
-0.4771E-01 0.3154E-01
-0.1132E-01 -0.1633
150.0 0.7061E-07
-0.4324E-02 0.6139E-01
0.7448E-02 -0.1649
151.0 0.6873E-07
0.2322E-01 0.1245
0.1799E-01 -0.1312
152.0 0.6539E-07
0.1942E-01 0.2039
0.1290E-01 -0.7223E-01
153.0 0.6416E-07
-0.2164E-01 0.2626
-0.1083E-01 -0.1687E-01
154.0 0.6767E-07
-0.7895E-01 0.2632
-0.4281E-01 -0.1359E-02
155.0 0.7614E-07
-0.1172 0.2116
-0.6501E-01 -0.3101E-01
156.0 0.8719E-07
-0.1224 0.1484
-0.6963E-01 -0.7760E-01
157.0 0.9697E-07
-0.1041 0.1051
-0.6039E-01 -0.1136
158.0 0.1022E-06
-0.7756E-01 0.9384E-01
-0.4362E-01 -0.1257
159.0 0.1020E-06
-0.5626E-01 0.1154
-0.2458E-01 -0.1104
160.0 0.9841E-07
-0.5215E-01 0.1619
-0.8171E-02 -0.7162E-01
161.0 0.9536E-07
-0.7194E-01 0.2105
0.5661E-03 -0.2604E-01
162.0 0.9682E-07
-0.1074 0.2274
-0.6410E-03 -0.1323E-02
163.0 0.1045E-06
-0.1355 0.1943
-0.7480E-02 -0.1410E-01
164.0 0.1170E-06
-0.1393 0.1283
-0.1243E-01 -0.5187E-01
165.0 0.1301E-06
-0.1204 0.5856E-01
-0.1151E-01 -0.8946E-01
166.0 0.1390E-06
-0.8979E-01 0.2857E-02
-0.5168E-02 -0.1089
167.0 0.1411E-06
-0.5893E-01 -0.3313E-01
0.4081E-02 -0.1016
168.0 0.1369E-06
-0.3891E-01 -0.4981E-01
0.1252E-01 -0.6538E-01
169.0 0.1307E-06
-0.3994E-01 -0.5172E-01
0.1518E-01 -0.7681E-02
170.0 0.1280E-06
-0.6491E-01 -0.4898E-01
0.7683E-02 0.4749E-01
171.0 0.1330E-06
-0.9973E-01 -0.5425E-01
-0.8811E-02 0.6793E-01
172.0 0.1460E-06
-0.1209 -0.7230E-01
-0.2659E-01 0.4341E-01
173.0 0.1627E-06
-0.1171 -0.9708E-01
-0.3879E-01 -0.6232E-02
174.0 0.1760E-06
-0.9236E-01 -0.1206
-0.4402E-01 -0.5636E-01
175.0 0.1789E-06
-0.5529E-01 -0.1382
-0.4401E-01 -0.9287E-01
176.0 0.1678E-06
-0.1306E-01 -0.1481
-0.4071E-01 -0.1097
177.0 0.1450E-06
0.2728E-01 -0.1493
-0.3519E-01 -0.1035
178.0 0.1178E-06
0.5400E-01 -0.1413
-0.2732E-01 -0.7216E-01
179.0 0.9597E-07
0.4745E-01 -0.1274
-0.1574E-01 -0.2545E-01
180.0 0.8763E-07
0.000 -0.1196
0.000 0.000
