0.000 3.844
0.000 0.7070
0.000 0.000
1.000 3.802
-0.1196E-01 0.7055
0.3045E-01 0.3641E-02
2.000 3.681
-0.2366E-01 0.7007
0.6041E-01 0.1468E-01
3.000 3.492
-0.3481E-01 0.6921
0.8923E-01 0.3341E-01
4.000 3.249
-0.4498E-01 0.6785
0.1159 0.6007E-01
5.000 2.973
-0.5354E-01 0.6577
0.1390 0.9453E-01
6.000 2.685
-0.5956E-01 0.6265
0.1565 0.1357
7.000 2.404
-0.6165E-01 0.5808
0.1659 0.1807
8.000 2.147
-0.5814E-01 0.5165
0.1648 0.2249
9.000 1.923
-0.4739E-01 0.4319
0.1519 0.2613
10.00 1.736
-0.2850E-01 0.3296
0.1279 0.2829
11.00 1.585
-0.2055E-02 0.2180
0.9645E-01 0.2848
12.00 1.462
0.2955E-01 0.1096
0.6295E-01 0.2668
13.00 1.359
0.6246E-01 0.1839E-01
0.3352E-01 0.2338
14.00 1.268
0.9214E-01 -0.4442E-01
0.1307E-01 0.1946
15.00 1.183
0.1142 -0.7219E-01
0.4410E-02 0.1593
16.00 1.103
0.1248 -0.6372E-01
0.8061E-02 0.1377
17.00 1.025
0.1218 -0.2324E-01
0.2246E-01 0.1370
18.00 0.9506
0.1049 0.4001E-01
0.4431E-01 0.1609
19.00 0.8804
0.7657E-01 0.1131
0.6917E-01 0.2082
20.00 0.8136
0.4160E-01 0.1823
0.9239E-01 0.2730
21.00 0.7478
0.6391E-02 0.2364
0.1103 0.3464
22.00 0.6799
-0.2301E-01 0.2695
0.1208 0.4192
23.00 0.6072
-0.4214E-01 0.2816
0.1239 0.4842
24.00 0.5285
-0.4860E-01 0.2769
0.1208 0.5375
25.00 0.4453
-0.4161E-01 0.2617
0.1133 0.5779
26.00 0.3613
-0.2140E-01 0.2423
0.1032 0.6056
27.00 0.2820
0.1119E-01 0.2235
0.9216E-01 0.6207
28.00 0.2129
0.5413E-01 0.2073
0.8156E-01 0.6218
29.00 0.1582
0.1024 0.1905
0.7195E-01 0.6052
30.00 0.1194
0.1455 0.1624
0.6241E-01 0.5663
31.00 0.9558E-01
0.1699 0.1091
0.4986E-01 0.5069
32.00 0.8327E-01
0.1718 0.2950E-01
0.3054E-01 0.4410
33.00 0.7794E-01
0.1650 -0.5741E-01
0.3368E-02 0.3857
34.00 0.7521E-01
0.1669 -0.1303
-0.3013E-01 0.3459
35.00 0.7185E-01
0.1857 -0.1797
-0.6874E-01 0.3159
36.00 0.6631E-01
0.2211 -0.2050
-0.1126 0.2879
37.00 0.5865E-01
0.2690 -0.2072
-0.1623 0.2562
38.00 0.4995E-01
0.3213 -0.1868
-0.2170 0.2175
39.00 0.4160E-01
0.3654 -0.1453
-0.2721 0.1725
40.00 0.3466E-01
0.3842 -0.8777E-01
-0.3172 0.1266
41.00 0.2955E-01
0.3646 -0.2542E-01
-0.3400 0.8993E-01
42.00 0.2605E-01
0.3089 0.2987E-01
-0.3346 0.7060E-01
43.00 0.2356E-01
0.2361 0.7396E-01
-0.3079 0.6813E-01
44.00 0.2144E-01
0.1671 0.1121
-0.2737 0.7419E-01
45.00 0.1928E-01
0.1140 0.1525
-0.2437 0.7879E-01
46.00 0.1699E-01
0.8007E-01 0.1994
-0.2241 0.7422E-01
47.00 0.1471E-01
0.6490E-01 0.2501
-0.2166 0.5590E-01
48.00 0.1268E-01
0.6802E-01 0.2941
-0.2193 0.2298E-01
49.00 0.1107E-01
0.8911E-01 0.3190
-0.2263 -0.2041E-01
50.00 0.9906E-02
0.1260 0.3207
-0.2294 -0.6591E-01
51.00 0.9081E-02
0.1734 0.3106
-0.2205 -0.1054
52.00 0.8449E-02
0.2231 0.3084
-0.1949 -0.1353
53.00 0.7902E-02
0.2654 0.3284
-0.1508 -0.1554
54.00 0.7411E-02
0.2901 0.3699
-0.8878E-01 -0.1661
55.00 0.7014E-02
0.2880 0.4158
-0.1377E-01 -0.1664
56.00 0.6753E-02
0.2572 0.4412
0.6322E-01 -0.1554
57.00 0.6618E-02
0.2070 0.4295
0.1281 -0.1358
58.00 0.6527E-02
0.1544 0.3849
0.1716 -0.1142
59.00 0.6351E-02
0.1139 0.3268
0.1926 -0.9756E-01
60.00 0.5978E-02
0.9265E-01 0.2763
0.1958 -0.9051E-01
61.00 0.5371E-02
0.9208E-01 0.2476
0.1860 -0.9468E-01
62.00 0.4597E-02
0.1109 0.2459
0.1656 -0.1085
63.00 0.3802E-02
0.1462 0.2642
0.1342 -0.1250
64.00 0.3146E-02
0.1906 0.2756
0.9145E-01 -0.1290
65.00 0.2738E-02
0.2307 0.2378
0.4311E-01 -0.1012
66.00 0.2584E-02
0.2547 0.1332
0.2515E-02 -0.3968E-01
67.00 0.2594E-02
0.2666 -0.3542E-03
-0.2132E-01 0.3157E-01
68.00 0.2627E-02
0.2798 -0.1121
-0.3155E-01 0.8854E-01
69.00 0.2553E-02
0.3039 -0.1780
-0.3589E-01 0.1236
70.00 0.2315E-02
0.3414 -0.1936
-0.4003E-01 0.1381
71.00 0.1940E-02
0.3895 -0.1584
-0.4708E-01 0.1337
72.00 0.1522E-02
0.4348 -0.7379E-01
-0.5828E-01 0.1095
73.00 0.1169E-02
0.4455 0.3949E-01
-0.7201E-01 0.6614E-01
74.00 0.9503E-03
0.3800 0.1137
-0.8175E-01 0.1695E-01
75.00 0.8705E-03
0.2504 0.7765E-01
-0.8127E-01 -0.1141E-01
76.00 0.8740E-03
0.1347 -0.3557E-01
-0.7528E-01 -0.1179E-01
77.00 0.8813E-03
0.7794E-01 -0.1383
-0.7378E-01 -0.2740E-02
78.00 0.8319E-03
0.7161E-01 -0.1835
-0.8297E-01 -0.1198E-02
79.00 0.7127E-03
0.9447E-01 -0.1552
-0.1072 -0.1521E-01
80.00 0.5600E-03
0.1240 -0.4619E-01
-0.1503 -0.4623E-01
81.00 0.4350E-03
0.1249 0.1113
-0.2049 -0.7898E-01
82.00 0.3882E-03
0.6553E-01 0.1698
-0.2296 -0.6798E-01
83.00 0.4315E-03
-0.7576E-02 0.2824E-01
-0.1939 -0.3355E-04
84.00 0.5325E-03
-0.3074E-01 -0.1657
-0.1388 0.7074E-01
85.00 0.6323E-03
-0.1004E-01 -0.2932
-0.9793E-01 0.1176
86.00 0.6763E-03
0.3257E-01 -0.3409
-0.7374E-01 0.1462
87.00 0.6417E-03
0.8447E-01 -0.3136
-0.6093E-01 0.1665
88.00 0.5472E-03
0.1345 -0.2046
-0.5487E-01 0.1868
89.00 0.4407E-03
0.1596 -0.1421E-01
-0.5092E-01 0.2136
90.00 0.3728E-03
0.1234 0.1780
-0.4300E-01 0.2461
91.00 0.3703E-03
0.3430E-01 0.2024
-0.2923E-01 0.2669
92.00 0.4230E-03
-0.3197E-01 0.5162E-01
-0.1712E-01 0.2645
93.00 0.4909E-03
-0.4292E-01 -0.1232
-0.1189E-01 0.2491
94.00 0.5265E-03
-0.1614E-01 -0.2413
-0.1292E-01 0.2307
95.00 0.5005E-03
0.3020E-01 -0.2877
-0.1926E-01 0.2115
96.00 0.4170E-03
0.8456E-01 -0.2522
-0.3157E-01 0.1905
97.00 0.3104E-03
0.1278 -0.1089
-0.5108E-01 0.1668
98.00 0.2273E-03
0.1080 0.1346
-0.7237E-01 0.1473
99.00 0.2017E-03
-0.1759E-01 0.2648
-0.7157E-01 0.1533
100.0 0.2375E-03
-0.1328 0.9497E-01
-0.4310E-01 0.1803
101.0 0.3073E-03
-0.1515 -0.1500
-0.1623E-01 0.1991
102.0 0.3672E-03
-0.1157 -0.3212
-0.4062E-04 0.2050
103.0 0.3800E-03
-0.6014E-01 -0.4156
0.9816E-02 0.2029
104.0 0.3343E-03
0.3954E-02 -0.4449
0.1799E-01 0.1954
105.0 0.2500E-03
0.6965E-01 -0.3956
0.2927E-01 0.1826
106.0 0.1673E-03
0.1054 -0.2251
0.5066E-01 0.1663
107.0 0.1256E-03
0.2208E-01 0.8064E-02
0.8122E-01 0.1619
108.0 0.1429E-03
-0.1303 -0.2750E-01
0.8869E-01 0.1834
109.0 0.2073E-03
-0.1687 -0.2414
0.7460E-01 0.2004
110.0 0.2832E-03
-0.1335 -0.3998
0.6255E-01 0.2038
111.0 0.3305E-03
-0.7899E-01 -0.4867
0.5629E-01 0.1997
112.0 0.3246E-03
-0.1980E-01 -0.5196
0.5457E-01 0.1913
113.0 0.2695E-03
0.3945E-01 -0.4950
0.5675E-01 0.1793
114.0 0.1941E-03
0.8339E-01 -0.3795
0.6247E-01 0.1662
115.0 0.1375E-03
0.5580E-01 -0.1474
0.6709E-01 0.1655
116.0 0.1280E-03
-0.7804E-01 0.9444E-03
0.5779E-01 0.1964
117.0 0.1690E-03
-0.1606 -0.1276
0.4115E-01 0.2279
118.0 0.2375E-03
-0.1455 -0.3054
0.3213E-01 0.2363
119.0 0.2969E-03
-0.9554E-01 -0.4222
0.2964E-01 0.2323
120.0 0.3157E-03
-0.3776E-01 -0.4824
0.3094E-01 0.2226
121.0 0.2843E-03
0.2094E-01 -0.4918
0.3558E-01 0.2081
122.0 0.2191E-03
0.7156E-01 -0.4338
0.4489E-01 0.1866
123.0 0.1541E-03
0.7746E-01 -0.2727
0.6024E-01 0.1579
124.0 0.1225E-03
-0.2940E-01 -0.7029E-01
0.7291E-01 0.1411
125.0 0.1398E-03
-0.1656 -0.8820E-01
0.6527E-01 0.1615
126.0 0.1960E-03
-0.1883 -0.2621
0.5054E-01 0.1877
127.0 0.2610E-03
-0.1458 -0.4055
0.4211E-01 0.1994
128.0 0.3007E-03
-0.8743E-01 -0.4930
0.3969E-01 0.2003
129.0 0.2949E-03
-0.2660E-01 -0.5348
0.4191E-01 0.1938
130.0 0.2474E-03
0.3138E-01 -0.5270
0.4898E-01 0.1807
131.0 0.1843E-03
0.6842E-01 -0.4413
0.6178E-01 0.1616
132.0 0.1396E-03
0.3113E-01 -0.2595
0.7559E-01 0.1472
133.0 0.1381E-03
-0.9207E-01 -0.1329
0.7291E-01 0.1610
134.0 0.1818E-03
-0.1649 -0.2018
0.5619E-01 0.1882
135.0 0.2495E-03
-0.1562 -0.3277
0.4421E-01 0.2022
136.0 0.3075E-03
-0.1161 -0.4257
0.3995E-01 0.2031
137.0 0.3274E-03
-0.6844E-01 -0.4889
0.4155E-01 0.1951
138.0 0.3006E-03
-0.2099E-01 -0.5188
0.4863E-01 0.1791
139.0 0.2425E-03
0.1787E-01 -0.5044
0.6230E-01 0.1539
140.0 0.1845E-03
0.2395E-01 -0.4203
0.8162E-01 0.1240
141.0 0.1576E-03
-0.3508E-01 -0.2839
0.9312E-01 0.1147
142.0 0.1765E-03
-0.1129 -0.2268
0.8102E-01 0.1454
143.0 0.2320E-03
-0.1348 -0.2789
0.6159E-01 0.1814
144.0 0.2967E-03
-0.1154 -0.3557
0.5042E-01 0.1997
145.0 0.3393E-03
-0.8344E-01 -0.4195
0.4858E-01 0.2026
146.0 0.3410E-03
-0.5231E-01 -0.4653
0.5526E-01 0.1936
147.0 0.3057E-03
-0.3095E-01 -0.4911
0.7135E-01 0.1732
148.0 0.2570E-03
-0.3220E-01 -0.4887
0.9710E-01 0.1428
149.0 0.2256E-03
-0.6664E-01 -0.4489
0.1228 0.1164
150.0 0.2328E-03
-0.1109 -0.3932
0.1268 0.1187
151.0 0.2787E-03
-0.1232 -0.3616
0.1078 0.1464
152.0 0.3424E-03
-0.1042 -0.3559
0.8561E-01 0.1743
153.0 0.3936E-03
-0.7474E-01 -0.3587
0.7096E-01 0.1909
154.0 0.4092E-03
-0.4899E-01 -0.3606
0.6587E-01 0.1949
155.0 0.3870E-03
-0.3841E-01 -0.3615
0.7169E-01 0.1850
156.0 0.3476E-03
-0.5727E-01 -0.3702
0.9079E-01 0.1592
157.0 0.3244E-03
-0.1122 -0.4018
0.1207 0.1225
158.0 0.3453E-03
-0.1726 -0.4554
0.1460 0.9605E-01
159.0 0.4174E-03
-0.1937 -0.5016
0.1542 0.9370E-01
160.0 0.5208E-03
-0.1762 -0.5211
0.1521 0.1040
161.0 0.6181E-03
-0.1436 -0.5169
0.1505 0.1128
162.0 0.6728E-03
-0.1117 -0.4948
0.1548 0.1134
163.0 0.6685E-03
-0.8929E-01 -0.4569
0.1671 0.1025
164.0 0.6193E-03
-0.8415E-01 -0.4044
0.1871 0.7844E-01
165.0 0.5634E-03
-0.1032 -0.3466
0.2089 0.4438E-01
166.0 0.5444E-03
-0.1397 -0.3089
0.2176 0.1652E-01
167.0 0.5886E-03
-0.1650 -0.3111
0.2026 0.1468E-01
168.0 0.6890E-03
-0.1596 -0.3354
0.1744 0.3562E-01
169.0 0.8073E-03
-0.1318 -0.3505
0.1491 0.6068E-01
170.0 0.8914E-03
-0.9640E-01 -0.3406
0.1326 0.7767E-01
171.0 0.9024E-03
-0.6337E-01 -0.3001
0.1240 0.8139E-01
172.0 0.8375E-03
-0.4051E-01 -0.2272
0.1198 0.6736E-01
173.0 0.7358E-03
-0.3886E-01 -0.1329
0.1135 0.3028E-01
174.0 0.6641E-03
-0.6886E-01 -0.6980E-01
0.9482E-01 -0.2576E-01
175.0 0.6871E-03
-0.1147 -0.1209
0.6052E-01 -0.6921E-01
176.0 0.8351E-03
-0.1345 -0.2705
0.2696E-01 -0.7069E-01
177.0 0.1086E-02
-0.1177 -0.4151
0.7802E-02 -0.4629E-01
178.0 0.1369E-02
-0.8247E-01 -0.5088
0.5288E-03 -0.2124E-01
179.0 0.1592E-02
-0.4171E-01 -0.5572
-0.8314E-03 -0.5299E-02
180.0 0.1676E-02
0.000 -0.5718
0.000 0.000
