0.000 1.392
0.000 0.7001
0.000 0.000
1.000 1.385
-0.1003 0.6806
-0.5917E-01 0.1534E-01
2.000 1.360
-0.1876 0.6262
-0.1101 0.5834E-01
3.000 1.308
-0.2529 0.5477
-0.1471 0.1215
4.000 1.221
-0.2928 0.4576
-0.1677 0.1961
5.000 1.093
-0.3079 0.3666
-0.1720 0.2751
6.000 0.9268
-0.3007 0.2827
-0.1611 0.3546
7.000 0.7347
-0.2726 0.2118
-0.1355 0.4333
8.000 0.5375
-0.2223 0.1609
-0.9407E-01 0.5114
9.000 0.3591
-0.1436 0.1446
-0.3449E-01 0.5884
10.00 0.2206
-0.2617E-01 0.1969
0.4019E-01 0.6521
11.00 0.1348
0.1153 0.3723
0.8802E-01 0.6491
12.00 0.1034
0.1579 0.5984
-0.3071E-02 0.5043
13.00 0.1164
0.3817E-01 0.6087
-0.1860 0.3459
14.00 0.1559
-0.7168E-01 0.4708
-0.2891 0.3057
15.00 0.2009
-0.1155 0.3444
-0.3198 0.3265
16.00 0.2334
-0.1182 0.2589
-0.3218 0.3606
17.00 0.2420
-0.9871E-01 0.2071
-0.3145 0.3936
18.00 0.2246
-0.6500E-01 0.1825
-0.3045 0.4224
19.00 0.1865
-0.1942E-01 0.1844
-0.2932 0.4464
20.00 0.1383
0.3787E-01 0.2197
-0.2779 0.4643
21.00 0.9150E-01
0.1040 0.3057
-0.2503 0.4719
22.00 0.5522E-01
0.1558 0.4669
-0.1884 0.4568
23.00 0.3409E-01
0.1050 0.6651
-0.6203E-01 0.3998
24.00 0.2784E-01
-0.1237 0.6512
0.6803E-01 0.3311
25.00 0.3250E-01
-0.3124 0.3799
0.7237E-01 0.3286
26.00 0.4237E-01
-0.3478 0.1428
0.9558E-02 0.3644
27.00 0.5213E-01
-0.3133 0.3822E-02
-0.5239E-01 0.3982
28.00 0.5820E-01
-0.2578 -0.7460E-01
-0.1034 0.4222
29.00 0.5930E-01
-0.1946 -0.1184
-0.1473 0.4374
30.00 0.5607E-01
-0.1256 -0.1373
-0.1867 0.4451
31.00 0.5022E-01
-0.5096E-01 -0.1309
-0.2215 0.4464
32.00 0.4360E-01
0.2635E-01 -0.9450E-01
-0.2479 0.4423
33.00 0.3751E-01
0.9881E-01 -0.2469E-01
-0.2604 0.4351
34.00 0.3250E-01
0.1561 0.7419E-01
-0.2555 0.4278
35.00 0.2846E-01
0.1909 0.1889
-0.2356 0.4228
36.00 0.2495E-01
0.2032 0.3042
-0.2078 0.4205
37.00 0.2159E-01
0.1980 0.4097
-0.1792 0.4191
38.00 0.1820E-01
0.1821 0.5006
-0.1535 0.4149
39.00 0.1486E-01
0.1611 0.5736
-0.1295 0.4032
40.00 0.1179E-01
0.1421 0.6214
-0.1027 0.3774
41.00 0.9243E-02
0.1372 0.6310
-0.6642E-01 0.3290
42.00 0.7358E-02
0.1658 0.5860
-0.1770E-01 0.2506
43.00 0.6175E-02
0.2462 0.4790
0.3363E-01 0.1456
44.00 0.5647E-02
0.3714 0.3275
0.6293E-01 0.3719E-01
45.00 0.5690E-02
0.4989 0.1695
0.5063E-01 -0.4028E-01
46.00 0.6201E-02
0.5829 0.3617E-01
0.4048E-02 -0.6821E-01
47.00 0.7058E-02
0.6105 -0.6310E-01
-0.5145E-01 -0.5389E-01
48.00 0.8089E-02
0.5974 -0.1323
-0.9531E-01 -0.1644E-01
49.00 0.9068E-02
0.5663 -0.1776
-0.1201 0.2757E-01
50.00 0.9744E-02
0.5336 -0.2035
-0.1271 0.6836E-01
51.00 0.9901E-02
0.5083 -0.2124
-0.1204 0.1013
52.00 0.9428E-02
0.4938 -0.2047
-0.1041 0.1248
53.00 0.8368E-02
0.4904 -0.1789
-0.8083E-01 0.1384
54.00 0.6910E-02
0.4957 -0.1314
-0.5191E-01 0.1421
55.00 0.5328E-02
0.5029 -0.5642E-01
-0.1767E-01 0.1375
56.00 0.3894E-02
0.4976 0.5014E-01
0.2174E-01 0.1291
57.00 0.2790E-02
0.4550 0.1791
0.6452E-01 0.1291
58.00 0.2068E-02
0.3532 0.2906
0.1050 0.1560
59.00 0.1661E-02
0.2110 0.3300
0.1367 0.2167
60.00 0.1434E-02
0.8759E-01 0.2931
0.1614 0.2903
61.00 0.1258E-02
0.1954E-01 0.2325
0.1883 0.3509
62.00 0.1060E-02
0.6263E-03 0.1970
0.2236 0.3895
63.00 0.8399E-03
0.9772E-02 0.2085
0.2651 0.4087
64.00 0.6464E-03
0.2445E-01 0.2617
0.2940 0.4151
65.00 0.5324E-03
0.2201E-01 0.3009
0.2717 0.4198
66.00 0.5169E-03
0.7698E-03 0.2491
0.1914 0.4349
67.00 0.5708E-03
-0.1205E-01 0.1309
0.1154 0.4571
68.00 0.6326E-03
-0.3258E-02 0.2238E-01
0.8214E-01 0.4759
69.00 0.6419E-03
0.2164E-01 -0.5162E-01
0.8437E-01 0.4873
70.00 0.5714E-03
0.5532E-01 -0.9815E-01
0.1082 0.4894
71.00 0.4404E-03
0.8889E-01 -0.1325
0.1424 0.4757
72.00 0.3026E-03
0.9658E-01 -0.1822
0.1637 0.4290
73.00 0.2155E-03
0.1691E-01 -0.2925
0.1080 0.3362
74.00 0.2102E-03
-0.1296 -0.4270
-0.3540E-01 0.2726
75.00 0.2752E-03
-0.1813 -0.4684
-0.1141 0.3001
76.00 0.3635E-03
-0.1497 -0.4486
-0.1116 0.3491
77.00 0.4182E-03
-0.9467E-01 -0.4142
-0.8150E-01 0.3855
78.00 0.4023E-03
-0.3336E-01 -0.3714
-0.4536E-01 0.4079
79.00 0.3170E-03
0.3502E-01 -0.3050
-0.9208E-02 0.4175
80.00 0.2001E-03
0.1118 -0.1672
0.1865E-01 0.4071
81.00 0.1049E-03
0.1496 0.1626
-0.7016E-02 0.3473
82.00 0.7284E-04
-0.6839E-01 0.5174
-0.1681 0.2510
83.00 0.1123E-03
-0.2631 0.2222
-0.2035 0.2941
84.00 0.1961E-03
-0.2405 -0.5102E-01
-0.1290 0.3536
85.00 0.2766E-03
-0.1861 -0.1727
-0.6135E-01 0.3804
86.00 0.3107E-03
-0.1394 -0.2267
-0.3731E-02 0.3861
87.00 0.2817E-03
-0.1046 -0.2486
0.5225E-01 0.3729
88.00 0.2065E-03
-0.8981E-01 -0.2488
0.1123 0.3305
89.00 0.1246E-03
-0.1300 -0.2274
0.1648 0.2311
90.00 0.7705E-04
-0.2908 -0.2041
0.1129 0.9042E-01
91.00 0.8474E-04
-0.3764 -0.2520
-0.7017E-01 0.1571
92.00 0.1384E-03
-0.2703 -0.3046
-0.1158 0.3131
93.00 0.2046E-03
-0.1654 -0.3242
-0.8280E-01 0.3920
94.00 0.2446E-03
-0.8714E-01 -0.3277
-0.3725E-01 0.4251
95.00 0.2345E-03
-0.2087E-01 -0.3212
0.1078E-01 0.4348
96.00 0.1778E-03
0.4491E-01 -0.3007
0.6361E-01 0.4234
97.00 0.1025E-03
0.1128 -0.2438
0.1213 0.3689
98.00 0.4588E-04
0.1037 -0.7871E-01
0.1179 0.1887
99.00 0.3489E-04
-0.2368 0.2791E-01
-0.1657 0.6235E-01
100.0 0.7206E-04
-0.2826 -0.1658
-0.2082 0.2850
101.0 0.1350E-03
-0.1864 -0.2516
-0.1278 0.3929
102.0 0.1888E-03
-0.1075 -0.2763
-0.5988E-01 0.4348
103.0 0.2046E-03
-0.4174E-01 -0.2738
-0.1251E-02 0.4524
104.0 0.1745E-03
0.2201E-01 -0.2452
0.5852E-01 0.4562
105.0 0.1154E-03
0.9041E-01 -0.1647
0.1293 0.4418
106.0 0.5919E-04
0.1359 0.5529E-01
0.2012 0.3791
107.0 0.3595E-04
-0.4658E-01 0.3535
0.9714E-01 0.2595
108.0 0.5769E-04
-0.2301 0.8051E-01
-0.8894E-01 0.3171
109.0 0.1124E-03
-0.1817 -0.1472
-0.7712E-01 0.3908
110.0 0.1708E-03
-0.1132 -0.2335
-0.2713E-01 0.4211
111.0 0.2015E-03
-0.5273E-01 -0.2650
0.2639E-01 0.4298
112.0 0.1881E-03
0.5328E-02 -0.2681
0.8610E-01 0.4230
113.0 0.1372E-03
0.6845E-01 -0.2389
0.1625 0.3934
114.0 0.7493E-04
0.1361 -0.1283
0.2698 0.3062
115.0 0.3297E-04
0.9605E-01 0.2263
0.3216 0.7732E-01
116.0 0.3196E-04
-0.2429 0.3267
-0.6585E-01 0.1050
117.0 0.7086E-04
-0.2346 -0.1485E-01
-0.1687 0.3506
118.0 0.1278E-03
-0.1455 -0.1553
-0.1137 0.4359
119.0 0.1718E-03
-0.7326E-01 -0.2050
-0.5321E-01 0.4643
120.0 0.1792E-03
-0.9897E-02 -0.2158
0.4842E-02 0.4715
121.0 0.1462E-03
0.5514E-01 -0.1947
0.6790E-01 0.4623
122.0 0.9045E-04
0.1286 -0.1144
0.1454 0.4203
123.0 0.4173E-04
0.1667 0.1336
0.2119 0.2729
124.0 0.2611E-04
-0.1382 0.3952
-0.2661E-01 0.6514E-01
125.0 0.5207E-04
-0.2796 0.1739E-01
-0.2001 0.2687
126.0 0.1060E-03
-0.1901 -0.1699
-0.1438 0.3932
127.0 0.1595E-03
-0.1095 -0.2295
-0.7972E-01 0.4397
128.0 0.1841E-03
-0.4269E-01 -0.2446
-0.2299E-01 0.4574
129.0 0.1669E-03
0.2156E-01 -0.2329
0.3410E-01 0.4583
130.0 0.1169E-03
0.9283E-01 -0.1824
0.1015 0.4357
131.0 0.6092E-04
0.1639 -0.2974E-01
0.1833 0.3467
132.0 0.2931E-04
0.4430E-01 0.3079
0.1425 0.1020
133.0 0.3992E-04
-0.2716 0.1243
-0.1291 0.1617
134.0 0.8854E-04
-0.2286 -0.1407
-0.1313 0.3407
135.0 0.1508E-03
-0.1464 -0.2293
-0.7674E-01 0.4115
136.0 0.1948E-03
-0.7924E-01 -0.2571
-0.2491E-01 0.4396
137.0 0.1976E-03
-0.1886E-01 -0.2572
0.2551E-01 0.4481
138.0 0.1579E-03
0.4441E-01 -0.2296
0.8106E-01 0.4389
139.0 0.9635E-04
0.1172 -0.1423
0.1464 0.3943
140.0 0.4581E-04
0.1530 0.1125
0.1743 0.2492
141.0 0.3379E-04
-0.1036 0.3087
-0.7701E-01 0.1229
142.0 0.6814E-04
-0.2152 -0.1280E-01
-0.1795 0.3068
143.0 0.1325E-03
-0.1553 -0.1750
-0.1195 0.4057
144.0 0.1946E-03
-0.9325E-01 -0.2322
-0.5841E-01 0.4427
145.0 0.2227E-03
-0.3877E-01 -0.2495
-0.4413E-02 0.4547
146.0 0.2023E-03
0.1454E-01 -0.2417
0.4951E-01 0.4492
147.0 0.1443E-03
0.7239E-01 -0.1984
0.1099 0.4165
148.0 0.7980E-04
0.1234 -0.6689E-01
0.1671 0.3125
149.0 0.4428E-04
0.3063E-01 0.1950
0.7944E-01 0.9779E-01
150.0 0.5927E-04
-0.1803 0.9442E-01
-0.1462 0.1752
151.0 0.1208E-03
-0.1659 -0.1111
-0.1403 0.3462
152.0 0.2006E-03
-0.1089 -0.1947
-0.8423E-01 0.4194
153.0 0.2603E-03
-0.5845E-01 -0.2239
-0.3204E-01 0.4477
154.0 0.2712E-03
-0.1380E-01 -0.2261
0.1645E-01 0.4523
155.0 0.2288E-03
0.2783E-01 -0.2033
0.6517E-01 0.4315
156.0 0.1566E-03
0.6087E-01 -0.1388
0.1112 0.3596
157.0 0.9412E-04
0.3984E-01 -0.2438E-02
0.1095 0.1795
158.0 0.7723E-04
-0.1078 0.7870E-01
-0.4167E-01 0.1766E-01
159.0 0.1198E-03
-0.1732 -0.6011E-01
-0.1383 0.1639
160.0 0.2063E-03
-0.1335 -0.1669
-0.1123 0.3165
161.0 0.2989E-03
-0.8657E-01 -0.2094
-0.6615E-01 0.3955
162.0 0.3573E-03
-0.5008E-01 -0.2186
-0.2324E-01 0.4313
163.0 0.3595E-03
-0.2680E-01 -0.2055
0.1397E-01 0.4341
164.0 0.3139E-03
-0.2512E-01 -0.1702
0.4078E-01 0.3911
165.0 0.2561E-03
-0.6385E-01 -0.1154
0.4013E-01 0.2700
166.0 0.2309E-03
-0.1440 -0.7756E-01
-0.8989E-02 0.8216E-01
167.0 0.2691E-03
-0.1918 -0.1074
-0.6887E-01 -0.2503E-01
168.0 0.3703E-03
-0.1686 -0.1670
-0.8328E-01 0.2846E-03
169.0 0.5007E-03
-0.1180 -0.2083
-0.6455E-01 0.6154E-01
170.0 0.6088E-03
-0.6752E-01 -0.2265
-0.3523E-01 0.1059
171.0 0.6501E-03
-0.2278E-01 -0.2262
-0.4373E-02 0.1209
172.0 0.6106E-03
0.1486E-01 -0.2084
0.2397E-01 0.9872E-01
173.0 0.5162E-03
0.3930E-01 -0.1708
0.4290E-01 0.2488E-01
174.0 0.4221E-03
0.3301E-01 -0.1179
0.3602E-01 -0.1084
175.0 0.3883E-03
-0.1778E-01 -0.8645E-01
-0.9803E-02 -0.2366
176.0 0.4499E-03
-0.7171E-01 -0.1160
-0.5888E-01 -0.2393
177.0 0.5993E-03
-0.8289E-01 -0.1716
-0.7031E-01 -0.1502
178.0 0.7866E-03
-0.6338E-01 -0.2132
-0.5430E-01 -0.6577E-01
179.0 0.9407E-03
-0.3301E-01 -0.2355
-0.2839E-01 -0.1591E-01
180.0 0.1000E-02
0.000 -0.2423
0.000 0.000
