0.000 7.832
0.000 -0.4489
0.000 0.000
1.000 7.734
0.9051E-03 -0.4430
-0.4192E-01 0.7698E-03
2.000 7.469
0.7129E-02 -0.4240
-0.8405E-01 0.2833E-02
3.000 7.115
0.2362E-01 -0.3880
-0.1252 0.5409E-02
4.000 6.772
0.5370E-01 -0.3316
-0.1619 0.7173E-02
5.000 6.531
0.9679E-01 -0.2552
-0.1884 0.6557E-02
6.000 6.445
0.1471 -0.1666
-0.1991 0.2493E-02
7.000 6.512
0.1957 -0.7887E-01
-0.1924 -0.4866E-02
8.000 6.674
0.2355 -0.4027E-02
-0.1713 -0.1425E-01
9.000 6.837
0.2641 0.5239E-01
-0.1415 -0.2413E-01
10.00 6.895
0.2836 0.9095E-01
-0.1077 -0.3340E-01
11.00 6.763
0.2973 0.1153
-0.7288E-01 -0.4157E-01
12.00 6.398
0.3091 0.1295
-0.3792E-01 -0.4856E-01
13.00 5.807
0.3219 0.1368
-0.2625E-02 -0.5445E-01
14.00 5.046
0.3376 0.1393
0.3371E-01 -0.5931E-01
15.00 4.198
0.3573 0.1382
0.7172E-01 -0.6301E-01
16.00 3.350
0.3798 0.1336
0.1113 -0.6502E-01
17.00 2.578
0.4013 0.1250
0.1508 -0.6414E-01
18.00 1.930
0.4128 0.1108
0.1853 -0.5817E-01
19.00 1.424
0.3994 0.8944E-01
0.2056 -0.4382E-01
20.00 1.054
0.3426 0.5999E-01
0.1980 -0.1744E-01
21.00 0.7979
0.2308 0.2482E-01
0.1489 0.2252E-01
22.00 0.6323
0.7581E-01 -0.8496E-02
0.5370E-01 0.7139E-01
23.00 0.5361
-0.7575E-01 -0.2786E-01
-0.7198E-01 0.1156
24.00 0.4940
-0.1611 -0.2313E-01
-0.1927 0.1369
25.00 0.4955
-0.1478 0.4979E-02
-0.2729 0.1258
26.00 0.5300
-0.5993E-01 0.4451E-01
-0.3019 0.8922E-01
27.00 0.5840
0.5193E-01 0.8258E-01
-0.2939 0.4306E-01
28.00 0.6405
0.1513 0.1129
-0.2695 -0.7450E-03
29.00 0.6809
0.2254 0.1352
-0.2426 -0.3744E-01
30.00 0.6890
0.2752 0.1515
-0.2193 -0.6695E-01
31.00 0.6556
0.3057 0.1644
-0.2015 -0.9091E-01
32.00 0.5812
0.3220 0.1760
-0.1890 -0.1112
33.00 0.4755
0.3272 0.1883
-0.1814 -0.1295
34.00 0.3551
0.3214 0.2032
-0.1780 -0.1465
35.00 0.2387
0.3010 0.2226
-0.1784 -0.1609
36.00 0.1425
0.2533 0.2470
-0.1815 -0.1646
37.00 0.7658E-01
0.1499 0.2654
-0.1826 -0.1239
38.00 0.4391E-01
-0.1347E-01 0.2187
-0.1642 0.4037E-01
39.00 0.4074E-01
-0.3862E-01 0.7866E-01
-0.1249 0.2307
40.00 0.5897E-01
0.8736E-01 0.1097E-01
-0.1128 0.2241
41.00 0.8893E-01
0.1735 0.1216E-01
-0.1197 0.1532
42.00 0.1217
0.2087 0.2922E-01
-0.1295 0.9345E-01
43.00 0.1506
0.2144 0.4774E-01
-0.1386 0.4916E-01
44.00 0.1715
0.2024 0.6556E-01
-0.1465 0.1547E-01
45.00 0.1826
0.1791 0.8289E-01
-0.1534 -0.1117E-01
46.00 0.1839
0.1491 0.1003
-0.1594 -0.3276E-01
47.00 0.1762
0.1162 0.1181
-0.1647 -0.5044E-01
48.00 0.1612
0.8438E-01 0.1370
-0.1693 -0.6497E-01
49.00 0.1408
0.5761E-01 0.1574
-0.1732 -0.7714E-01
50.00 0.1173
0.4005E-01 0.1799
-0.1757 -0.8794E-01
51.00 0.9307E-01
0.3651E-01 0.2045
-0.1755 -0.9879E-01
52.00 0.7033E-01
0.5296E-01 0.2302
-0.1695 -0.1118
53.00 0.5075E-01
0.9674E-01 0.2528
-0.1516 -0.1300
54.00 0.3532E-01
0.1745 0.2605
-0.1119 -0.1571
55.00 0.2427E-01
0.2839 0.2289
-0.3705E-01 -0.1949
56.00 0.1721E-01
0.3949 0.1230
0.7867E-01 -0.2358
57.00 0.1338E-01
0.4402 -0.6805E-01
0.2092 -0.2550
58.00 0.1195E-01
0.3696 -0.2796
0.2939 -0.2254
59.00 0.1218E-01
0.2228 -0.4140
0.2981 -0.1531
60.00 0.1345E-01
0.8155E-01 -0.4415
0.2463 -0.7015E-01
61.00 0.1527E-01
-0.1390E-01 -0.3967
0.1786 -0.6317E-03
62.00 0.1717E-01
-0.6531E-01 -0.3221
0.1180 0.4899E-01
63.00 0.1867E-01
-0.8815E-01 -0.2445
0.7123E-01 0.8159E-01
64.00 0.1935E-01
-0.9635E-01 -0.1764
0.3790E-01 0.1025
65.00 0.1893E-01
-0.9892E-01 -0.1219
0.1548E-01 0.1165
66.00 0.1736E-01
-0.1008 -0.8135E-01
0.1819E-02 0.1270
67.00 0.1490E-01
-0.1043 -0.5401E-01
-0.4130E-02 0.1359
68.00 0.1199E-01
-0.1103 -0.3874E-01
-0.2070E-02 0.1434
69.00 0.9127E-02
-0.1181 -0.3388E-01
0.9359E-02 0.1471
70.00 0.6725E-02
-0.1252 -0.3532E-01
0.3096E-01 0.1415
71.00 0.4984E-02
-0.1271 -0.3349E-01
0.5861E-01 0.1188
72.00 0.3885E-02
-0.1189 -0.1472E-01
0.7870E-01 0.7634E-01
73.00 0.3261E-02
-0.1001 0.2717E-01
0.7421E-01 0.2385E-01
74.00 0.2917E-02
-0.7415E-01 0.8263E-01
0.3957E-01 -0.2471E-01
75.00 0.2726E-02
-0.4376E-01 0.1347
-0.1727E-01 -0.6522E-01
76.00 0.2666E-02
-0.1068E-01 0.1682
-0.8122E-01 -0.1020
77.00 0.2790E-02
0.1842E-01 0.1746
-0.1329 -0.1369
78.00 0.3144E-02
0.3346E-01 0.1588
-0.1586 -0.1656
79.00 0.3698E-02
0.3117E-01 0.1356
-0.1615 -0.1838
80.00 0.4324E-02
0.1661E-01 0.1159
-0.1549 -0.1929
81.00 0.4830E-02
-0.4034E-02 0.1018
-0.1487 -0.1973
82.00 0.5044E-02
-0.2709E-01 0.9104E-01
-0.1470 -0.2002
83.00 0.4885E-02
-0.5080E-01 0.8041E-01
-0.1507 -0.2036
84.00 0.4404E-02
-0.7372E-01 0.6671E-01
-0.1585 -0.2080
85.00 0.3756E-02
-0.9293E-01 0.4747E-01
-0.1675 -0.2122
86.00 0.3131E-02
-0.1028 0.2286E-01
-0.1712 -0.2123
87.00 0.2668E-02
-0.9663E-01 -0.1158E-02
-0.1618 -0.2030
88.00 0.2406E-02
-0.7403E-01 -0.1455E-01
-0.1371 -0.1823
89.00 0.2283E-02
-0.4399E-01 -0.1351E-01
-0.1062 -0.1558
90.00 0.2185E-02
-0.1500E-01 -0.5068E-02
-0.7993E-01 -0.1312
91.00 0.2017E-02
0.1310E-01 0.4277E-04
-0.6255E-01 -0.1120
92.00 0.1756E-02
0.4734E-01 -0.7922E-02
-0.5237E-01 -0.9859E-01
93.00 0.1457E-02
0.9659E-01 -0.3744E-01
-0.4540E-01 -0.9099E-01
94.00 0.1224E-02
0.1598 -0.8870E-01
-0.3709E-01 -0.9067E-01
95.00 0.1142E-02
0.2073 -0.1358
-0.2612E-01 -0.9732E-01
96.00 0.1232E-02
0.2044 -0.1433
-0.1805E-01 -0.1047
97.00 0.1434E-02
0.1631 -0.1164
-0.1773E-01 -0.1071
98.00 0.1634E-02
0.1136 -0.8192E-01
-0.2420E-01 -0.1049
99.00 0.1724E-02
0.6969E-01 -0.5503E-01
-0.3536E-01 -0.9994E-01
100.0 0.1649E-02
0.3349E-01 -0.4067E-01
-0.5030E-01 -0.9296E-01
101.0 0.1438E-02
0.4505E-02 -0.4128E-01
-0.6843E-01 -0.8384E-01
102.0 0.1182E-02
-0.1629E-01 -0.5780E-01
-0.8676E-01 -0.7241E-01
103.0 0.9901E-03
-0.2585E-01 -0.8179E-01
-0.9598E-01 -0.6066E-01
104.0 0.9297E-03
-0.2490E-01 -0.8857E-01
-0.8531E-01 -0.5403E-01
105.0 0.9988E-03
-0.2301E-01 -0.6427E-01
-0.6115E-01 -0.5506E-01
106.0 0.1130E-02
-0.2676E-01 -0.2668E-01
-0.4013E-01 -0.5968E-01
107.0 0.1231E-02
-0.3380E-01 0.4403E-02
-0.2789E-01 -0.6447E-01
108.0 0.1232E-02
-0.3857E-01 0.1969E-01
-0.2175E-01 -0.6965E-01
109.0 0.1122E-02
-0.3394E-01 0.1177E-01
-0.1723E-01 -0.7804E-01
110.0 0.9549E-03
-0.9951E-02 -0.3006E-01
-0.9189E-02 -0.9464E-01
111.0 0.8146E-03
0.4035E-01 -0.1094
0.7112E-02 -0.1238
112.0 0.7712E-03
0.9867E-01 -0.1909
0.2860E-01 -0.1583
113.0 0.8430E-03
0.1250 -0.2171
0.4190E-01 -0.1793
114.0 0.9871E-03
0.1122 -0.1879
0.4118E-01 -0.1820
115.0 0.1123E-02
0.8206E-01 -0.1403
0.3136E-01 -0.1763
116.0 0.1174E-02
0.4982E-01 -0.9676E-01
0.1678E-01 -0.1696
117.0 0.1110E-02
0.2141E-01 -0.6574E-01
-0.1644E-02 -0.1652
118.0 0.9585E-03
-0.1431E-03 -0.5258E-01
-0.2469E-01 -0.1641
119.0 0.7933E-03
-0.1076E-01 -0.6331E-01
-0.5137E-01 -0.1655
120.0 0.6934E-03
-0.7747E-02 -0.9400E-01
-0.7292E-01 -0.1650
121.0 0.7028E-03
0.1062E-03 -0.1152
-0.7643E-01 -0.1567
122.0 0.8087E-03
-0.1113E-02 -0.1040
-0.6571E-01 -0.1429
123.0 0.9497E-03
-0.1164E-01 -0.7236E-01
-0.5504E-01 -0.1300
124.0 0.1049E-02
-0.2416E-01 -0.3775E-01
-0.5079E-01 -0.1206
125.0 0.1053E-02
-0.3177E-01 -0.9112E-02
-0.5326E-01 -0.1156
126.0 0.9624E-03
-0.2664E-01 0.7070E-02
-0.6117E-01 -0.1165
127.0 0.8265E-03
0.1908E-02 0.1140E-02
-0.7160E-01 -0.1273
128.0 0.7182E-03
0.5941E-01 -0.3564E-01
-0.7734E-01 -0.1508
129.0 0.6951E-03
0.1223 -0.8840E-01
-0.6977E-01 -0.1792
130.0 0.7690E-03
0.1488 -0.1179
-0.5250E-01 -0.1958
131.0 0.9009E-03
0.1352 -0.1112
-0.3809E-01 -0.1965
132.0 0.1022E-02
0.1051 -0.8381E-01
-0.3207E-01 -0.1894
133.0 0.1070E-02
0.7479E-01 -0.5024E-01
-0.3396E-01 -0.1805
134.0 0.1022E-02
0.5178E-01 -0.1832E-01
-0.4255E-01 -0.1720
135.0 0.9061E-03
0.4063E-01 0.4536E-02
-0.5670E-01 -0.1643
136.0 0.7848E-03
0.4460E-01 0.6676E-02
-0.7277E-01 -0.1573
137.0 0.7232E-03
0.5847E-01 -0.2052E-01
-0.8166E-01 -0.1508
138.0 0.7541E-03
0.6419E-01 -0.6126E-01
-0.7611E-01 -0.1453
139.0 0.8622E-03
0.5115E-01 -0.8614E-01
-0.6254E-01 -0.1409
140.0 0.9936E-03
0.2676E-01 -0.8721E-01
-0.5144E-01 -0.1375
141.0 0.1085E-02
0.1249E-02 -0.7249E-01
-0.4694E-01 -0.1346
142.0 0.1098E-02
-0.1859E-01 -0.5025E-01
-0.4935E-01 -0.1324
143.0 0.1039E-02
-0.2670E-01 -0.2717E-01
-0.5809E-01 -0.1316
144.0 0.9536E-03
-0.1653E-01 -0.1185E-01
-0.7131E-01 -0.1335
145.0 0.9029E-03
0.1253E-01 -0.1479E-01
-0.8386E-01 -0.1388
146.0 0.9276E-03
0.4531E-01 -0.3771E-01
-0.8894E-01 -0.1459
147.0 0.1026E-02
0.6164E-01 -0.6672E-01
-0.8580E-01 -0.1513
148.0 0.1155E-02
0.5776E-01 -0.8771E-01
-0.8001E-01 -0.1535
149.0 0.1252E-02
0.4245E-01 -0.9702E-01
-0.7644E-01 -0.1530
150.0 0.1273E-02
0.2509E-01 -0.9604E-01
-0.7702E-01 -0.1504
151.0 0.1216E-02
0.1322E-01 -0.8549E-01
-0.8184E-01 -0.1456
152.0 0.1125E-02
0.1377E-01 -0.6456E-01
-0.8946E-01 -0.1382
153.0 0.1069E-02
0.2980E-01 -0.3435E-01
-0.9617E-01 -0.1285
154.0 0.1107E-02
0.5220E-01 -0.2915E-02
-0.9791E-01 -0.1194
155.0 0.1253E-02
0.6448E-01 0.1969E-01
-0.9573E-01 -0.1138
156.0 0.1471E-02
0.6129E-01 0.3216E-01
-0.9502E-01 -0.1115
157.0 0.1687E-02
0.4904E-01 0.3922E-01
-0.9982E-01 -0.1102
158.0 0.1832E-02
0.3561E-01 0.4436E-01
-0.1117 -0.1079
159.0 0.1875E-02
0.2711E-01 0.4762E-01
-0.1311 -0.1034
160.0 0.1842E-02
0.2844E-01 0.4569E-01
-0.1563 -0.9622E-01
161.0 0.1801E-02
0.4184E-01 0.3302E-01
-0.1818 -0.8693E-01
162.0 0.1831E-02
0.6251E-01 0.6515E-02
-0.1979 -0.7820E-01
163.0 0.1973E-02
0.7882E-01 -0.2865E-01
-0.1987 -0.7302E-01
164.0 0.2212E-02
0.8253E-01 -0.6267E-01
-0.1887 -0.7171E-01
165.0 0.2476E-02
0.7495E-01 -0.9058E-01
-0.1774 -0.7192E-01
166.0 0.2674E-02
0.6211E-01 -0.1138
-0.1710 -0.7098E-01
167.0 0.2744E-02
0.4986E-01 -0.1366
-0.1715 -0.6692E-01
168.0 0.2687E-02
0.4295E-01 -0.1628
-0.1775 -0.5837E-01
169.0 0.2570E-02
0.4483E-01 -0.1938
-0.1843 -0.4513E-01
170.0 0.2500E-02
0.5530E-01 -0.2259
-0.1838 -0.2972E-01
171.0 0.2563E-02
0.6742E-01 -0.2497
-0.1692 -0.1763E-01
172.0 0.2784E-02
0.7134E-01 -0.2587
-0.1430 -0.1306E-01
173.0 0.3103E-02
0.6330E-01 -0.2564
-0.1146 -0.1487E-01
174.0 0.3400E-02
0.4642E-01 -0.2508
-0.9086E-01 -0.1898E-01
175.0 0.3546E-02
0.2545E-01 -0.2484
-0.7336E-01 -0.2206E-01
176.0 0.3466E-02
0.4259E-02 -0.2529
-0.6068E-01 -0.2229E-01
177.0 0.3181E-02
-0.1347E-01 -0.2661
-0.5016E-01 -0.1882E-01
178.0 0.2801E-02
-0.2276E-01 -0.2876
-0.3841E-01 -0.1183E-01
179.0 0.2482E-02
-0.1801E-01 -0.3107
-0.2185E-01 -0.3794E-02
180.0 0.2358E-02
0.000 -0.3213
0.000 0.000
