0.000 32.69
0.000 -0.1662E-01
0.000 0.000
1.000 31.41
0.1414E-02 -0.1679E-01
-0.5297E-02 0.2694E-04
2.000 27.83
0.2631E-02 -0.1732E-01
-0.1097E-01 0.1064E-03
3.000 22.57
0.3374E-02 -0.1835E-01
-0.1750E-01 0.2312E-03
4.000 16.53
0.3134E-02 -0.2014E-01
-0.2560E-01 0.3750E-03
5.000 10.66
0.7492E-03 -0.2339E-01
-0.3657E-01 0.4410E-03
6.000 5.772
-0.7119E-02 -0.3008E-01
-0.5307E-01 0.3279E-04
7.000 2.359
-0.3384E-01 -0.4804E-01
-0.8121E-01 -0.2964E-02
8.000 0.5556
-0.1740 -0.1313
-0.1237 -0.2823E-01
9.000 0.1510
-0.5805 -0.3513
0.2698 -0.1606
10.00 0.6982
-0.8259E-01 -0.7288E-01
0.1729 -0.4445E-01
11.00 1.659
-0.1104E-01 -0.3702E-01
0.9840E-01 -0.2103E-01
12.00 2.550
0.6454E-02 -0.3072E-01
0.6626E-01 -0.1390E-01
13.00 3.046
0.1162E-01 -0.3129E-01
0.4776E-01 -0.1087E-01
14.00 3.025
0.1110E-01 -0.3538E-01
0.3464E-01 -0.9540E-02
15.00 2.553
0.5487E-02 -0.4304E-01
0.2343E-01 -0.9357E-02
16.00 1.818
-0.7653E-02 -0.5629E-01
0.1188E-01 -0.1054E-01
17.00 1.049
-0.3616E-01 -0.8093E-01
-0.2726E-02 -0.1444E-01
18.00 0.4396
-0.1079 -0.1361
-0.2547E-01 -0.2667E-01
19.00 0.9808E-01
-0.3772 -0.3104
-0.5369E-01 -0.8425E-01
20.00 0.3762E-01
-0.2173 -0.1756E-01
0.2720 -0.1072
21.00 0.1924
0.1626 0.1340
0.1532 0.7977E-02
22.00 0.4548
0.1543 0.1010
0.1034 0.1876E-01
23.00 0.7159
0.1365 0.8110E-01
0.8261E-01 0.2304E-01
24.00 0.8953
0.1193 0.6913E-01
0.7150E-01 0.2731E-01
25.00 0.9560
0.1005 0.6112E-01
0.6467E-01 0.3263E-01
26.00 0.9023
0.7729E-01 0.5508E-01
0.6002E-01 0.3945E-01
27.00 0.7665
0.4665E-01 0.4984E-01
0.5648E-01 0.4813E-01
28.00 0.5915
0.5405E-02 0.4452E-01
0.5325E-01 0.5896E-01
29.00 0.4166
-0.4956E-01 0.3836E-01
0.4949E-01 0.7182E-01
30.00 0.2684
-0.1196 0.3058E-01
0.4397E-01 0.8528E-01
31.00 0.1593
-0.1986 0.2033E-01
0.3459E-01 0.9375E-01
32.00 0.8959E-01
-0.2555 0.6977E-02
0.1832E-01 0.8038E-01
33.00 0.5306E-01
-0.2076 -0.8269E-02
-0.4300E-02 0.1278E-01
34.00 0.4084E-01
-0.1984E-01 -0.1938E-01
-0.1625E-01 -0.9787E-01
35.00 0.4431E-01
0.1071 -0.2368E-01
-0.4950E-02 -0.1483
36.00 0.5611E-01
0.8883E-01 -0.2658E-01
0.1151E-01 -0.1276
37.00 0.7019E-01
0.1789E-01 -0.2974E-01
0.2274E-01 -0.8750E-01
38.00 0.8176E-01
-0.4903E-01 -0.3214E-01
0.2949E-01 -0.4979E-01
39.00 0.8746E-01
-0.9577E-01 -0.3301E-01
0.3396E-01 -0.1762E-01
40.00 0.8575E-01
-0.1196 -0.3210E-01
0.3758E-01 0.1057E-01
41.00 0.7714E-01
-0.1201 -0.2951E-01
0.4113E-01 0.3706E-01
42.00 0.6387E-01
-0.9543E-01 -0.2572E-01
0.4483E-01 0.6365E-01
43.00 0.4912E-01
-0.4138E-01 -0.2212E-01
0.4805E-01 0.9076E-01
44.00 0.3580E-01
0.4515E-01 -0.2199E-01
0.4862E-01 0.1152
45.00 0.2569E-01
0.1543 -0.3133E-01
0.4219E-01 0.1272
46.00 0.1905E-01
0.2490 -0.5591E-01
0.2427E-01 0.1134
47.00 0.1490E-01
0.2827 -0.9386E-01
-0.4402E-02 0.7105E-01
48.00 0.1186E-01
0.2485 -0.1364
-0.3853E-01 0.1441E-01
49.00 0.8902E-02
0.1727 -0.1782
-0.7718E-01 -0.4423E-01
50.00 0.5874E-02
0.6882E-01 -0.2169
-0.1279 -0.1072
51.00 0.3398E-02
-0.8235E-01 -0.2226
-0.1949 -0.1827
52.00 0.2388E-02
-0.2294 -0.7808E-01
-0.1896 -0.2097
53.00 0.3412E-02
-0.1562 0.7752E-01
-0.4916E-01 -0.1199
54.00 0.6271E-02
-0.5831E-01 0.7387E-01
0.2224E-01 -0.7136E-01
55.00 0.9999E-02
-0.1166E-01 0.3549E-01
0.4157E-01 -0.6558E-01
56.00 0.1326E-01
0.1542E-01 -0.1899E-02
0.4651E-01 -0.7584E-01
57.00 0.1494E-01
0.4094E-01 -0.3804E-01
0.4789E-01 -0.9490E-01
58.00 0.1458E-01
0.7536E-01 -0.7745E-01
0.4824E-01 -0.1227
59.00 0.1254E-01
0.1289 -0.1250
0.4717E-01 -0.1616
60.00 0.9743E-02
0.2129 -0.1832
0.4164E-01 -0.2124
61.00 0.7235E-02
0.3288 -0.2409
0.2490E-01 -0.2641
62.00 0.5710E-02
0.4305 -0.2573
-0.8828E-02 -0.2780
63.00 0.5282E-02
0.4347 -0.1968
-0.4850E-01 -0.2215
64.00 0.5552E-02
0.3474 -0.9981E-01
-0.7496E-01 -0.1333
65.00 0.5900E-02
0.2430 -0.1878E-01
-0.8805E-01 -0.6279E-01
66.00 0.5840E-02
0.1545 0.3762E-01
-0.9674E-01 -0.1879E-01
67.00 0.5241E-02
0.7946E-01 0.7751E-01
-0.1066 0.5088E-02
68.00 0.4330E-02
0.7337E-02 0.1057
-0.1184 0.1223E-01
69.00 0.3509E-02
-0.6434E-01 0.1177
-0.1257 0.1143E-02
70.00 0.3089E-02
-0.1156 0.1049
-0.1158 -0.2503E-01
71.00 0.3116E-02
-0.1227 0.7594E-01
-0.8815E-01 -0.4902E-01
72.00 0.3357E-02
-0.9929E-01 0.5302E-01
-0.5976E-01 -0.5884E-01
73.00 0.3449E-02
-0.7122E-01 0.4404E-01
-0.4044E-01 -0.5904E-01
74.00 0.3119E-02
-0.4910E-01 0.4607E-01
-0.2936E-01 -0.5713E-01
75.00 0.2344E-02
-0.3462E-01 0.5599E-01
-0.2346E-01 -0.5852E-01
76.00 0.1370E-02
-0.3044E-01 0.7115E-01
-0.1989E-01 -0.7175E-01
77.00 0.5756E-03
-0.5429E-01 0.6668E-01
-0.1189E-01 -0.1286
78.00 0.2767E-03
-0.1211 -0.1275
0.2203E-01 -0.2475
79.00 0.5556E-03
-0.4811E-01 -0.1868
0.1850E-01 -0.1391
80.00 0.1223E-02
0.5300E-02 -0.1211
0.3715E-02 -0.7415E-01
81.00 0.1919E-02
0.3686E-01 -0.8229E-01
-0.5595E-02 -0.5126E-01
82.00 0.2300E-02
0.6729E-01 -0.5929E-01
-0.1429E-01 -0.4073E-01
83.00 0.2207E-02
0.1065 -0.4398E-01
-0.2585E-01 -0.3441E-01
84.00 0.1737E-02
0.1642 -0.3319E-01
-0.4479E-01 -0.2897E-01
85.00 0.1173E-02
0.2443 -0.2697E-01
-0.7724E-01 -0.2154E-01
86.00 0.8271E-03
0.2853 -0.2812E-01
-0.1130 -0.1095E-01
87.00 0.8743E-03
0.1673 -0.3119E-01
-0.1002 -0.7794E-02
88.00 0.1266E-02
0.3257E-01 -0.2637E-01
-0.6036E-01 -0.1494E-01
89.00 0.1765E-02
-0.3075E-01 -0.1847E-01
-0.3642E-01 -0.2346E-01
90.00 0.2080E-02
-0.5908E-01 -0.1065E-01
-0.2625E-01 -0.3264E-01
91.00 0.2020E-02
-0.7881E-01 -0.3183E-02
-0.2408E-01 -0.4549E-01
92.00 0.1596E-02
-0.1057 0.3879E-02
-0.2851E-01 -0.6822E-01
93.00 0.1007E-02
-0.1604 0.8676E-02
-0.4277E-01 -0.1162
94.00 0.5346E-03
-0.2755 0.7239E-04
-0.7370E-01 -0.2193
95.00 0.3907E-03
-0.3320 -0.3678E-01
-0.8664E-01 -0.2858
96.00 0.6124E-03
-0.1757 -0.4139E-01
-0.4491E-01 -0.1681
97.00 0.1048E-02
-0.7458E-01 -0.2436E-01
-0.2145E-01 -0.8908E-01
98.00 0.1444E-02
-0.2884E-01 -0.9740E-02
-0.1438E-01 -0.5867E-01
99.00 0.1579E-02
-0.2126E-02 0.1382E-02
-0.1454E-01 -0.4959E-01
100.0 0.1380E-02
0.1975E-01 0.8510E-02
-0.2016E-01 -0.5452E-01
101.0 0.9567E-03
0.4285E-01 0.4861E-02
-0.3419E-01 -0.7973E-01
102.0 0.5331E-03
0.6309E-01 -0.4080E-01
-0.6513E-01 -0.1523
103.0 0.3289E-03
0.2656E-01 -0.1834
-0.9754E-01 -0.2695
104.0 0.4415E-03
-0.5294E-01 -0.2190
-0.5662E-01 -0.2172
105.0 0.7973E-03
-0.6272E-01 -0.1449
-0.1954E-01 -0.1249
106.0 0.1195E-02
-0.5164E-01 -0.9056E-01
-0.5757E-02 -0.8106E-01
107.0 0.1415E-02
-0.3974E-01 -0.5446E-01
-0.1047E-02 -0.6104E-01
108.0 0.1337E-02
-0.2911E-01 -0.2601E-01
-0.2894E-03 -0.5175E-01
109.0 0.1002E-02
-0.1939E-01 0.1392E-02
-0.2664E-02 -0.4861E-01
110.0 0.5873E-03
-0.1120E-01 0.2998E-01
-0.1034E-01 -0.5025E-01
111.0 0.3130E-03
-0.1280E-01 0.3176E-01
-0.2632E-01 -0.5112E-01
112.0 0.3215E-03
-0.2756E-01 -0.4383E-01
-0.2469E-01 -0.3322E-01
113.0 0.6044E-03
-0.2329E-01 -0.6555E-01
-0.9340E-02 -0.2226E-01
114.0 0.1008E-02
-0.1275E-01 -0.5173E-01
-0.3226E-02 -0.2165E-01
115.0 0.1315E-02
-0.2146E-02 -0.3416E-01
-0.2275E-02 -0.2428E-01
116.0 0.1361E-02
0.9013E-02 -0.1650E-01
-0.4547E-02 -0.2948E-01
117.0 0.1120E-02
0.2178E-01 0.1866E-02
-0.1110E-01 -0.3946E-01
118.0 0.7175E-03
0.3552E-01 0.1933E-01
-0.2741E-01 -0.6120E-01
119.0 0.3621E-03
0.3253E-01 0.1215E-01
-0.6921E-01 -0.1121
120.0 0.2376E-03
-0.5828E-01 -0.9926E-01
-0.1112 -0.1531
121.0 0.4049E-03
-0.1063 -0.1411
-0.5740E-01 -0.8134E-01
122.0 0.7715E-03
-0.8519E-01 -0.1031
-0.2204E-01 -0.4028E-01
123.0 0.1142E-02
-0.6554E-01 -0.6908E-01
-0.9216E-02 -0.2682E-01
124.0 0.1319E-02
-0.5234E-01 -0.4142E-01
-0.5001E-02 -0.2347E-01
125.0 0.1213E-02
-0.4372E-01 -0.1527E-01
-0.5535E-02 -0.2614E-01
126.0 0.8814E-03
-0.3883E-01 0.1286E-01
-0.1173E-01 -0.3747E-01
127.0 0.5029E-03
-0.3766E-01 0.3834E-01
-0.3030E-01 -0.7079E-01
128.0 0.2806E-03
-0.3312E-01 0.1763E-02
-0.6646E-01 -0.1428
129.0 0.3349E-03
-0.8623E-02 -0.1078
-0.5577E-01 -0.1385
130.0 0.6399E-03
0.7593E-02 -0.1123
-0.2393E-01 -0.8368E-01
131.0 0.1037E-02
0.1647E-01 -0.8462E-01
-0.1008E-01 -0.5759E-01
132.0 0.1319E-02
0.2481E-01 -0.5625E-01
-0.5264E-02 -0.4776E-01
133.0 0.1337E-02
0.3467E-01 -0.2725E-01
-0.5285E-02 -0.4641E-01
134.0 0.1085E-02
0.4688E-01 0.6746E-02
-0.1043E-01 -0.5262E-01
135.0 0.6957E-03
0.5937E-01 0.5028E-01
-0.2582E-01 -0.7110E-01
136.0 0.3780E-03
0.4862E-01 0.8415E-01
-0.6295E-01 -0.1095
137.0 0.3039E-03
-0.3654E-01 -0.4575E-02
-0.8460E-01 -0.1149
138.0 0.5184E-03
-0.7101E-01 -0.9206E-01
-0.4302E-01 -0.6018E-01
139.0 0.9154E-03
-0.5415E-01 -0.8959E-01
-0.1621E-01 -0.3296E-01
140.0 0.1292E-02
-0.3539E-01 -0.6461E-01
-0.5304E-02 -0.2387E-01
141.0 0.1456E-02
-0.1993E-01 -0.3238E-01
-0.1824E-02 -0.2199E-01
142.0 0.1325E-02
-0.6586E-02 0.9201E-02
-0.3976E-02 -0.2493E-01
143.0 0.9736E-03
0.4917E-02 0.6736E-01
-0.1524E-01 -0.3512E-01
144.0 0.5939E-03
0.8732E-02 0.1405
-0.4757E-01 -0.6155E-01
145.0 0.3966E-03
-0.1713E-01 0.1273
-0.1017 -0.1040
146.0 0.4999E-03
-0.4777E-01 -0.5012E-01
-0.9217E-01 -0.9748E-01
147.0 0.8665E-03
-0.4169E-01 -0.1305
-0.4959E-01 -0.6716E-01
148.0 0.1321E-02
-0.2734E-01 -0.1320
-0.2454E-01 -0.5128E-01
149.0 0.1640E-02
-0.1394E-01 -0.1085
-0.1183E-01 -0.4570E-01
150.0 0.1670E-02
-0.1425E-02 -0.7037E-01
-0.6306E-02 -0.4667E-01
151.0 0.1407E-02
0.1095E-01 -0.1118E-01
-0.7901E-02 -0.5401E-01
152.0 0.1001E-02
0.2173E-01 0.8352E-01
-0.2264E-01 -0.6979E-01
153.0 0.6803E-03
0.2006E-01 0.1973
-0.6152E-01 -0.9037E-01
154.0 0.6307E-03
-0.7319E-02 0.1721
-0.9752E-01 -0.8409E-01
155.0 0.8988E-03
-0.2627E-01 0.1327E-01
-0.8179E-01 -0.5152E-01
156.0 0.1366E-02
-0.2466E-01 -0.8565E-01
-0.5294E-01 -0.3083E-01
157.0 0.1808E-02
-0.1650E-01 -0.1220
-0.3186E-01 -0.2231E-01
158.0 0.2018E-02
-0.7161E-02 -0.1219
-0.1753E-01 -0.2008E-01
159.0 0.1916E-02
0.2166E-02 -0.8786E-01
-0.8466E-02 -0.2208E-01
160.0 0.1598E-02
0.1005E-01 -0.1537E-02
-0.7374E-02 -0.2859E-01
161.0 0.1290E-02
0.1169E-01 0.1547
-0.2371E-01 -0.3949E-01
162.0 0.1232E-02
0.1773E-02 0.2978
-0.6058E-01 -0.4714E-01
163.0 0.1548E-02
-0.9651E-02 0.2815
-0.8923E-01 -0.4282E-01
164.0 0.2170E-02
-0.1190E-01 0.1715
-0.9620E-01 -0.3398E-01
165.0 0.2865E-02
-0.7988E-02 0.6450E-01
-0.9469E-01 -0.2725E-01
166.0 0.3347E-02
-0.1700E-02 -0.2408E-01
-0.9316E-01 -0.2304E-01
167.0 0.3429E-02
0.5365E-02 -0.1042
-0.9390E-01 -0.2044E-01
168.0 0.3125E-02
0.1207E-01 -0.1857
-0.9622E-01 -0.1851E-01
169.0 0.2659E-02
0.1587E-01 -0.2660
-0.9558E-01 -0.1622E-01
170.0 0.2363E-02
0.1221E-01 -0.3079
-0.8193E-01 -0.1243E-01
171.0 0.2508E-02
0.1492E-02 -0.2635
-0.5255E-01 -0.7830E-02
172.0 0.3155E-02
-0.6526E-02 -0.1725
-0.2517E-01 -0.4832E-02
173.0 0.4102E-02
-0.7589E-02 -0.1018
-0.1041E-01 -0.3765E-02
174.0 0.4956E-02
-0.4231E-02 -0.6293E-01
-0.4559E-02 -0.3592E-02
175.0 0.5313E-02
0.1276E-02 -0.4547E-01
-0.2948E-02 -0.3648E-02
176.0 0.4947E-02
0.8086E-02 -0.4179E-01
-0.3221E-02 -0.3654E-02
177.0 0.3932E-02
0.1600E-01 -0.5028E-01
-0.4404E-02 -0.3449E-02
178.0 0.2635E-02
0.2414E-01 -0.7668E-01
-0.5908E-02 -0.2797E-02
179.0 0.1563E-02
0.2543E-01 -0.1338
-0.5966E-02 -0.1327E-02
180.0 0.1149E-02
0.000 -0.1846
0.000 0.000
