# 361 angles,  1 tensor ranks for 0=projectile
@subtitle   "9Be(6Li,d)13C"                                                                 
@legend ON
@legend x1 0.2
@legend y1 0.8
@g0 type LOGY
@yaxis ticklabel format power
@legend string   0 "Lab energy =   32.0000"
#legend string   0 "Partition=  2 Excit=  7 near/far= 1"
#  Theta       sigma       iT11        T20         T21         T22         Kyy for projectile
   0.000      0.3878    
  0.5000      0.3871    
   1.000      0.3848    
   1.500      0.3809    
   2.000      0.3757    
   2.500      0.3690    
   3.000      0.3610    
   3.500      0.3517    
   4.000      0.3413    
   4.500      0.3298    
   5.000      0.3174    
   5.500      0.3042    
   6.000      0.2903    
   6.500      0.2758    
   7.000      0.2610    
   7.500      0.2459    
   8.000      0.2307    
   8.500      0.2156    
   9.000      0.2006    
   9.500      0.1859    
   10.00      0.1715    
   10.50      0.1578    
   11.00      0.1446    
   11.50      0.1322    
   12.00      0.1206    
   12.50      0.1099    
   13.00      0.1002    
   13.50      0.9142E-01
   14.00      0.8372E-01
   14.50      0.7709E-01
   15.00      0.7154E-01
   15.50      0.6707E-01
   16.00      0.6367E-01
   16.50      0.6133E-01
   17.00      0.6001E-01
   17.50      0.5967E-01
   18.00      0.6027E-01
   18.50      0.6174E-01
   19.00      0.6403E-01
   19.50      0.6705E-01
   20.00      0.7075E-01
   20.50      0.7503E-01
   21.00      0.7982E-01
   21.50      0.8503E-01
   22.00      0.9057E-01
   22.50      0.9636E-01
   23.00      0.1023    
   23.50      0.1084    
   24.00      0.1144    
   24.50      0.1204    
   25.00      0.1261    
   25.50      0.1317    
   26.00      0.1370    
   26.50      0.1419    
   27.00      0.1464    
   27.50      0.1505    
   28.00      0.1541    
   28.50      0.1571    
   29.00      0.1595    
   29.50      0.1614    
   30.00      0.1627    
   30.50      0.1633    
   31.00      0.1634    
   31.50      0.1628    
   32.00      0.1616    
   32.50      0.1599    
   33.00      0.1576    
   33.50      0.1548    
   34.00      0.1515    
   34.50      0.1477    
   35.00      0.1435    
   35.50      0.1389    
   36.00      0.1340    
   36.50      0.1288    
   37.00      0.1234    
   37.50      0.1177    
   38.00      0.1120    
   38.50      0.1061    
   39.00      0.1002    
   39.50      0.9437E-01
   40.00      0.8855E-01
   40.50      0.8283E-01
   41.00      0.7724E-01
   41.50      0.7184E-01
   42.00      0.6664E-01
   42.50      0.6169E-01
   43.00      0.5702E-01
   43.50      0.5265E-01
   44.00      0.4859E-01
   44.50      0.4487E-01
   45.00      0.4151E-01
   45.50      0.3850E-01
   46.00      0.3587E-01
   46.50      0.3360E-01
   47.00      0.3170E-01
   47.50      0.3017E-01
   48.00      0.2899E-01
   48.50      0.2816E-01
   49.00      0.2767E-01
   49.50      0.2749E-01
   50.00      0.2761E-01
   50.50      0.2802E-01
   51.00      0.2868E-01
   51.50      0.2958E-01
   52.00      0.3069E-01
   52.50      0.3198E-01
   53.00      0.3344E-01
   53.50      0.3503E-01
   54.00      0.3673E-01
   54.50      0.3850E-01
   55.00      0.4033E-01
   55.50      0.4219E-01
   56.00      0.4405E-01
   56.50      0.4590E-01
   57.00      0.4770E-01
   57.50      0.4943E-01
   58.00      0.5108E-01
   58.50      0.5263E-01
   59.00      0.5406E-01
   59.50      0.5535E-01
   60.00      0.5650E-01
   60.50      0.5748E-01
   61.00      0.5830E-01
   61.50      0.5895E-01
   62.00      0.5941E-01
   62.50      0.5969E-01
   63.00      0.5979E-01
   63.50      0.5971E-01
   64.00      0.5944E-01
   64.50      0.5899E-01
   65.00      0.5838E-01
   65.50      0.5760E-01
   66.00      0.5666E-01
   66.50      0.5558E-01
   67.00      0.5436E-01
   67.50      0.5302E-01
   68.00      0.5156E-01
   68.50      0.5001E-01
   69.00      0.4837E-01
   69.50      0.4666E-01
   70.00      0.4489E-01
   70.50      0.4307E-01
   71.00      0.4123E-01
   71.50      0.3936E-01
   72.00      0.3749E-01
   72.50      0.3562E-01
   73.00      0.3378E-01
   73.50      0.3195E-01
   74.00      0.3017E-01
   74.50      0.2843E-01
   75.00      0.2675E-01
   75.50      0.2513E-01
   76.00      0.2358E-01
   76.50      0.2210E-01
   77.00      0.2070E-01
   77.50      0.1938E-01
   78.00      0.1814E-01
   78.50      0.1700E-01
   79.00      0.1594E-01
   79.50      0.1497E-01
   80.00      0.1408E-01
   80.50      0.1328E-01
   81.00      0.1257E-01
   81.50      0.1194E-01
   82.00      0.1140E-01
   82.50      0.1093E-01
   83.00      0.1053E-01
   83.50      0.1021E-01
   84.00      0.9957E-02
   84.50      0.9767E-02
   85.00      0.9637E-02
   85.50      0.9563E-02
   86.00      0.9541E-02
   86.50      0.9566E-02
   87.00      0.9634E-02
   87.50      0.9742E-02
   88.00      0.9884E-02
   88.50      0.1006E-01
   89.00      0.1026E-01
   89.50      0.1048E-01
   90.00      0.1072E-01
   90.50      0.1097E-01
   91.00      0.1124E-01
   91.50      0.1151E-01
   92.00      0.1179E-01
   92.50      0.1207E-01
   93.00      0.1235E-01
   93.50      0.1263E-01
   94.00      0.1289E-01
   94.50      0.1315E-01
   95.00      0.1339E-01
   95.50      0.1362E-01
   96.00      0.1383E-01
   96.50      0.1403E-01
   97.00      0.1420E-01
   97.50      0.1436E-01
   98.00      0.1449E-01
   98.50      0.1459E-01
   99.00      0.1468E-01
   99.50      0.1473E-01
   100.0      0.1476E-01
   100.5      0.1477E-01
   101.0      0.1475E-01
   101.5      0.1470E-01
   102.0      0.1463E-01
   102.5      0.1454E-01
   103.0      0.1442E-01
   103.5      0.1427E-01
   104.0      0.1411E-01
   104.5      0.1392E-01
   105.0      0.1371E-01
   105.5      0.1349E-01
   106.0      0.1325E-01
   106.5      0.1299E-01
   107.0      0.1272E-01
   107.5      0.1243E-01
   108.0      0.1214E-01
   108.5      0.1184E-01
   109.0      0.1153E-01
   109.5      0.1122E-01
   110.0      0.1090E-01
   110.5      0.1058E-01
   111.0      0.1027E-01
   111.5      0.9954E-02
   112.0      0.9645E-02
   112.5      0.9342E-02
   113.0      0.9047E-02
   113.5      0.8761E-02
   114.0      0.8485E-02
   114.5      0.8222E-02
   115.0      0.7972E-02
   115.5      0.7737E-02
   116.0      0.7518E-02
   116.5      0.7315E-02
   117.0      0.7130E-02
   117.5      0.6963E-02
   118.0      0.6815E-02
   118.5      0.6686E-02
   119.0      0.6577E-02
   119.5      0.6488E-02
   120.0      0.6419E-02
   120.5      0.6371E-02
   121.0      0.6342E-02
   121.5      0.6334E-02
   122.0      0.6345E-02
   122.5      0.6374E-02
   123.0      0.6423E-02
   123.5      0.6488E-02
   124.0      0.6571E-02
   124.5      0.6670E-02
   125.0      0.6783E-02
   125.5      0.6910E-02
   126.0      0.7050E-02
   126.5      0.7201E-02
   127.0      0.7362E-02
   127.5      0.7531E-02
   128.0      0.7707E-02
   128.5      0.7889E-02
   129.0      0.8074E-02
   129.5      0.8261E-02
   130.0      0.8449E-02
   130.5      0.8635E-02
   131.0      0.8818E-02
   131.5      0.8997E-02
   132.0      0.9169E-02
   132.5      0.9334E-02
   133.0      0.9489E-02
   133.5      0.9633E-02
   134.0      0.9764E-02
   134.5      0.9882E-02
   135.0      0.9985E-02
   135.5      0.1007E-01
   136.0      0.1014E-01
   136.5      0.1019E-01
   137.0      0.1022E-01
   137.5      0.1024E-01
   138.0      0.1023E-01
   138.5      0.1020E-01
   139.0      0.1015E-01
   139.5      0.1008E-01
   140.0      0.9989E-02
   140.5      0.9878E-02
   141.0      0.9747E-02
   141.5      0.9596E-02
   142.0      0.9427E-02
   142.5      0.9240E-02
   143.0      0.9037E-02
   143.5      0.8818E-02
   144.0      0.8585E-02
   144.5      0.8340E-02
   145.0      0.8084E-02
   145.5      0.7819E-02
   146.0      0.7546E-02
   146.5      0.7268E-02
   147.0      0.6987E-02
   147.5      0.6705E-02
   148.0      0.6423E-02
   148.5      0.6144E-02
   149.0      0.5870E-02
   149.5      0.5603E-02
   150.0      0.5346E-02
   150.5      0.5100E-02
   151.0      0.4867E-02
   151.5      0.4651E-02
   152.0      0.4451E-02
   152.5      0.4271E-02
   153.0      0.4112E-02
   153.5      0.3976E-02
   154.0      0.3865E-02
   154.5      0.3779E-02
   155.0      0.3720E-02
   155.5      0.3689E-02
   156.0      0.3687E-02
   156.5      0.3715E-02
   157.0      0.3774E-02
   157.5      0.3863E-02
   158.0      0.3984E-02
   158.5      0.4136E-02
   159.0      0.4320E-02
   159.5      0.4534E-02
   160.0      0.4779E-02
   160.5      0.5054E-02
   161.0      0.5358E-02
   161.5      0.5690E-02
   162.0      0.6050E-02
   162.5      0.6435E-02
   163.0      0.6844E-02
   163.5      0.7277E-02
   164.0      0.7730E-02
   164.5      0.8203E-02
   165.0      0.8693E-02
   165.5      0.9199E-02
   166.0      0.9717E-02
   166.5      0.1025E-01
   167.0      0.1079E-01
   167.5      0.1133E-01
   168.0      0.1188E-01
   168.5      0.1243E-01
   169.0      0.1298E-01
   169.5      0.1352E-01
   170.0      0.1406E-01
   170.5      0.1460E-01
   171.0      0.1512E-01
   171.5      0.1563E-01
   172.0      0.1612E-01
   172.5      0.1659E-01
   173.0      0.1705E-01
   173.5      0.1749E-01
   174.0      0.1790E-01
   174.5      0.1828E-01
   175.0      0.1864E-01
   175.5      0.1897E-01
   176.0      0.1927E-01
   176.5      0.1953E-01
   177.0      0.1977E-01
   177.5      0.1997E-01
   178.0      0.2013E-01
   178.5      0.2026E-01
   179.0      0.2035E-01
   179.5      0.2041E-01
   180.0      0.2043E-01
 END
