# 361 angles,  1 tensor ranks for 0=projectile
@subtitle   "9Be(6Li,d)13C"                                                                 
@legend ON
@legend x1 0.2
@legend y1 0.8
@g0 type LOGY
@yaxis ticklabel format power
@legend string   0 "Lab energy =   32.0000"
#legend string   0 "Partition=  2 Excit=  1 near/far= 1"
#  Theta       sigma       iT11        T20         T21         T22         Kyy for projectile
   0.000      0.2559E-01
  0.5000      0.2562E-01
   1.000      0.2572E-01
   1.500      0.2587E-01
   2.000      0.2609E-01
   2.500      0.2637E-01
   3.000      0.2671E-01
   3.500      0.2710E-01
   4.000      0.2755E-01
   4.500      0.2804E-01
   5.000      0.2858E-01
   5.500      0.2916E-01
   6.000      0.2978E-01
   6.500      0.3044E-01
   7.000      0.3112E-01
   7.500      0.3183E-01
   8.000      0.3255E-01
   8.500      0.3329E-01
   9.000      0.3404E-01
   9.500      0.3479E-01
   10.00      0.3554E-01
   10.50      0.3628E-01
   11.00      0.3701E-01
   11.50      0.3773E-01
   12.00      0.3843E-01
   12.50      0.3910E-01
   13.00      0.3974E-01
   13.50      0.4035E-01
   14.00      0.4093E-01
   14.50      0.4146E-01
   15.00      0.4196E-01
   15.50      0.4242E-01
   16.00      0.4283E-01
   16.50      0.4320E-01
   17.00      0.4352E-01
   17.50      0.4380E-01
   18.00      0.4404E-01
   18.50      0.4423E-01
   19.00      0.4439E-01
   19.50      0.4450E-01
   20.00      0.4457E-01
   20.50      0.4461E-01
   21.00      0.4462E-01
   21.50      0.4460E-01
   22.00      0.4455E-01
   22.50      0.4447E-01
   23.00      0.4438E-01
   23.50      0.4427E-01
   24.00      0.4414E-01
   24.50      0.4400E-01
   25.00      0.4386E-01
   25.50      0.4371E-01
   26.00      0.4356E-01
   26.50      0.4340E-01
   27.00      0.4325E-01
   27.50      0.4311E-01
   28.00      0.4296E-01
   28.50      0.4283E-01
   29.00      0.4270E-01
   29.50      0.4258E-01
   30.00      0.4247E-01
   30.50      0.4237E-01
   31.00      0.4227E-01
   31.50      0.4219E-01
   32.00      0.4210E-01
   32.50      0.4203E-01
   33.00      0.4195E-01
   33.50      0.4188E-01
   34.00      0.4181E-01
   34.50      0.4173E-01
   35.00      0.4165E-01
   35.50      0.4157E-01
   36.00      0.4147E-01
   36.50      0.4137E-01
   37.00      0.4126E-01
   37.50      0.4113E-01
   38.00      0.4098E-01
   38.50      0.4082E-01
   39.00      0.4064E-01
   39.50      0.4043E-01
   40.00      0.4021E-01
   40.50      0.3996E-01
   41.00      0.3969E-01
   41.50      0.3939E-01
   42.00      0.3907E-01
   42.50      0.3873E-01
   43.00      0.3836E-01
   43.50      0.3796E-01
   44.00      0.3754E-01
   44.50      0.3709E-01
   45.00      0.3663E-01
   45.50      0.3614E-01
   46.00      0.3563E-01
   46.50      0.3510E-01
   47.00      0.3455E-01
   47.50      0.3398E-01
   48.00      0.3340E-01
   48.50      0.3280E-01
   49.00      0.3220E-01
   49.50      0.3158E-01
   50.00      0.3095E-01
   50.50      0.3032E-01
   51.00      0.2968E-01
   51.50      0.2903E-01
   52.00      0.2839E-01
   52.50      0.2774E-01
   53.00      0.2710E-01
   53.50      0.2645E-01
   54.00      0.2582E-01
   54.50      0.2518E-01
   55.00      0.2456E-01
   55.50      0.2394E-01
   56.00      0.2333E-01
   56.50      0.2273E-01
   57.00      0.2214E-01
   57.50      0.2157E-01
   58.00      0.2100E-01
   58.50      0.2045E-01
   59.00      0.1991E-01
   59.50      0.1939E-01
   60.00      0.1888E-01
   60.50      0.1838E-01
   61.00      0.1790E-01
   61.50      0.1743E-01
   62.00      0.1698E-01
   62.50      0.1655E-01
   63.00      0.1612E-01
   63.50      0.1572E-01
   64.00      0.1532E-01
   64.50      0.1494E-01
   65.00      0.1458E-01
   65.50      0.1423E-01
   66.00      0.1389E-01
   66.50      0.1356E-01
   67.00      0.1325E-01
   67.50      0.1295E-01
   68.00      0.1266E-01
   68.50      0.1238E-01
   69.00      0.1212E-01
   69.50      0.1186E-01
   70.00      0.1161E-01
   70.50      0.1138E-01
   71.00      0.1115E-01
   71.50      0.1093E-01
   72.00      0.1072E-01
   72.50      0.1051E-01
   73.00      0.1032E-01
   73.50      0.1013E-01
   74.00      0.9945E-02
   74.50      0.9768E-02
   75.00      0.9597E-02
   75.50      0.9431E-02
   76.00      0.9270E-02
   76.50      0.9114E-02
   77.00      0.8962E-02
   77.50      0.8814E-02
   78.00      0.8670E-02
   78.50      0.8530E-02
   79.00      0.8393E-02
   79.50      0.8258E-02
   80.00      0.8127E-02
   80.50      0.7999E-02
   81.00      0.7872E-02
   81.50      0.7748E-02
   82.00      0.7626E-02
   82.50      0.7506E-02
   83.00      0.7388E-02
   83.50      0.7271E-02
   84.00      0.7156E-02
   84.50      0.7041E-02
   85.00      0.6929E-02
   85.50      0.6817E-02
   86.00      0.6706E-02
   86.50      0.6596E-02
   87.00      0.6487E-02
   87.50      0.6379E-02
   88.00      0.6272E-02
   88.50      0.6165E-02
   89.00      0.6059E-02
   89.50      0.5953E-02
   90.00      0.5848E-02
   90.50      0.5744E-02
   91.00      0.5640E-02
   91.50      0.5537E-02
   92.00      0.5435E-02
   92.50      0.5333E-02
   93.00      0.5232E-02
   93.50      0.5132E-02
   94.00      0.5033E-02
   94.50      0.4934E-02
   95.00      0.4837E-02
   95.50      0.4740E-02
   96.00      0.4645E-02
   96.50      0.4551E-02
   97.00      0.4458E-02
   97.50      0.4366E-02
   98.00      0.4276E-02
   98.50      0.4188E-02
   99.00      0.4101E-02
   99.50      0.4016E-02
   100.0      0.3932E-02
   100.5      0.3851E-02
   101.0      0.3771E-02
   101.5      0.3693E-02
   102.0      0.3618E-02
   102.5      0.3545E-02
   103.0      0.3474E-02
   103.5      0.3405E-02
   104.0      0.3338E-02
   104.5      0.3274E-02
   105.0      0.3212E-02
   105.5      0.3152E-02
   106.0      0.3094E-02
   106.5      0.3039E-02
   107.0      0.2986E-02
   107.5      0.2935E-02
   108.0      0.2886E-02
   108.5      0.2840E-02
   109.0      0.2795E-02
   109.5      0.2753E-02
   110.0      0.2712E-02
   110.5      0.2673E-02
   111.0      0.2636E-02
   111.5      0.2601E-02
   112.0      0.2567E-02
   112.5      0.2534E-02
   113.0      0.2503E-02
   113.5      0.2473E-02
   114.0      0.2445E-02
   114.5      0.2417E-02
   115.0      0.2391E-02
   115.5      0.2365E-02
   116.0      0.2340E-02
   116.5      0.2316E-02
   117.0      0.2293E-02
   117.5      0.2270E-02
   118.0      0.2248E-02
   118.5      0.2226E-02
   119.0      0.2205E-02
   119.5      0.2183E-02
   120.0      0.2163E-02
   120.5      0.2142E-02
   121.0      0.2121E-02
   121.5      0.2101E-02
   122.0      0.2081E-02
   122.5      0.2060E-02
   123.0      0.2040E-02
   123.5      0.2020E-02
   124.0      0.1999E-02
   124.5      0.1979E-02
   125.0      0.1958E-02
   125.5      0.1938E-02
   126.0      0.1917E-02
   126.5      0.1896E-02
   127.0      0.1874E-02
   127.5      0.1853E-02
   128.0      0.1831E-02
   128.5      0.1810E-02
   129.0      0.1788E-02
   129.5      0.1765E-02
   130.0      0.1743E-02
   130.5      0.1720E-02
   131.0      0.1698E-02
   131.5      0.1675E-02
   132.0      0.1651E-02
   132.5      0.1628E-02
   133.0      0.1605E-02
   133.5      0.1581E-02
   134.0      0.1557E-02
   134.5      0.1533E-02
   135.0      0.1510E-02
   135.5      0.1486E-02
   136.0      0.1462E-02
   136.5      0.1439E-02
   137.0      0.1415E-02
   137.5      0.1392E-02
   138.0      0.1369E-02
   138.5      0.1346E-02
   139.0      0.1323E-02
   139.5      0.1302E-02
   140.0      0.1280E-02
   140.5      0.1259E-02
   141.0      0.1239E-02
   141.5      0.1219E-02
   142.0      0.1200E-02
   142.5      0.1183E-02
   143.0      0.1166E-02
   143.5      0.1149E-02
   144.0      0.1135E-02
   144.5      0.1121E-02
   145.0      0.1108E-02
   145.5      0.1097E-02
   146.0      0.1087E-02
   146.5      0.1078E-02
   147.0      0.1071E-02
   147.5      0.1065E-02
   148.0      0.1060E-02
   148.5      0.1057E-02
   149.0      0.1056E-02
   149.5      0.1056E-02
   150.0      0.1058E-02
   150.5      0.1061E-02
   151.0      0.1066E-02
   151.5      0.1072E-02
   152.0      0.1080E-02
   152.5      0.1089E-02
   153.0      0.1100E-02
   153.5      0.1112E-02
   154.0      0.1125E-02
   154.5      0.1139E-02
   155.0      0.1155E-02
   155.5      0.1171E-02
   156.0      0.1189E-02
   156.5      0.1207E-02
   157.0      0.1226E-02
   157.5      0.1246E-02
   158.0      0.1266E-02
   158.5      0.1287E-02
   159.0      0.1308E-02
   159.5      0.1329E-02
   160.0      0.1350E-02
   160.5      0.1371E-02
   161.0      0.1392E-02
   161.5      0.1413E-02
   162.0      0.1434E-02
   162.5      0.1454E-02
   163.0      0.1473E-02
   163.5      0.1492E-02
   164.0      0.1511E-02
   164.5      0.1528E-02
   165.0      0.1545E-02
   165.5      0.1561E-02
   166.0      0.1576E-02
   166.5      0.1590E-02
   167.0      0.1603E-02
   167.5      0.1616E-02
   168.0      0.1627E-02
   168.5      0.1638E-02
   169.0      0.1647E-02
   169.5      0.1656E-02
   170.0      0.1663E-02
   170.5      0.1670E-02
   171.0      0.1676E-02
   171.5      0.1682E-02
   172.0      0.1686E-02
   172.5      0.1690E-02
   173.0      0.1693E-02
   173.5      0.1696E-02
   174.0      0.1698E-02
   174.5      0.1700E-02
   175.0      0.1701E-02
   175.5      0.1702E-02
   176.0      0.1703E-02
   176.5      0.1704E-02
   177.0      0.1704E-02
   177.5      0.1704E-02
   178.0      0.1705E-02
   178.5      0.1705E-02
   179.0      0.1705E-02
   179.5      0.1705E-02
   180.0      0.1705E-02
 END
