# 361 angles,  1 tensor ranks for 0=projectile
@subtitle   "9Be(6Li,d)13C"                                                                 
@legend ON
@legend x1 0.2
@legend y1 0.8
@g0 type LOGY
@yaxis ticklabel format power
@legend string   0 "Lab energy =   32.0000"
#legend string   0 "Partition=  2 Excit=  2 near/far= 1"
#  Theta       sigma       iT11        T20         T21         T22         Kyy for projectile
   0.000      0.5606E-01
  0.5000      0.5611E-01
   1.000      0.5627E-01
   1.500      0.5654E-01
   2.000      0.5691E-01
   2.500      0.5736E-01
   3.000      0.5791E-01
   3.500      0.5852E-01
   4.000      0.5920E-01
   4.500      0.5993E-01
   5.000      0.6070E-01
   5.500      0.6149E-01
   6.000      0.6228E-01
   6.500      0.6308E-01
   7.000      0.6385E-01
   7.500      0.6458E-01
   8.000      0.6528E-01
   8.500      0.6591E-01
   9.000      0.6647E-01
   9.500      0.6695E-01
   10.00      0.6734E-01
   10.50      0.6764E-01
   11.00      0.6784E-01
   11.50      0.6794E-01
   12.00      0.6793E-01
   12.50      0.6782E-01
   13.00      0.6760E-01
   13.50      0.6728E-01
   14.00      0.6686E-01
   14.50      0.6636E-01
   15.00      0.6577E-01
   15.50      0.6510E-01
   16.00      0.6437E-01
   16.50      0.6357E-01
   17.00      0.6273E-01
   17.50      0.6184E-01
   18.00      0.6092E-01
   18.50      0.5998E-01
   19.00      0.5902E-01
   19.50      0.5806E-01
   20.00      0.5710E-01
   20.50      0.5614E-01
   21.00      0.5520E-01
   21.50      0.5427E-01
   22.00      0.5337E-01
   22.50      0.5249E-01
   23.00      0.5164E-01
   23.50      0.5082E-01
   24.00      0.5002E-01
   24.50      0.4925E-01
   25.00      0.4851E-01
   25.50      0.4779E-01
   26.00      0.4708E-01
   26.50      0.4640E-01
   27.00      0.4573E-01
   27.50      0.4506E-01
   28.00      0.4441E-01
   28.50      0.4375E-01
   29.00      0.4309E-01
   29.50      0.4242E-01
   30.00      0.4173E-01
   30.50      0.4103E-01
   31.00      0.4032E-01
   31.50      0.3958E-01
   32.00      0.3881E-01
   32.50      0.3802E-01
   33.00      0.3720E-01
   33.50      0.3635E-01
   34.00      0.3547E-01
   34.50      0.3457E-01
   35.00      0.3363E-01
   35.50      0.3267E-01
   36.00      0.3168E-01
   36.50      0.3067E-01
   37.00      0.2963E-01
   37.50      0.2858E-01
   38.00      0.2751E-01
   38.50      0.2643E-01
   39.00      0.2534E-01
   39.50      0.2424E-01
   40.00      0.2314E-01
   40.50      0.2205E-01
   41.00      0.2096E-01
   41.50      0.1988E-01
   42.00      0.1881E-01
   42.50      0.1775E-01
   43.00      0.1672E-01
   43.50      0.1571E-01
   44.00      0.1472E-01
   44.50      0.1376E-01
   45.00      0.1283E-01
   45.50      0.1192E-01
   46.00      0.1106E-01
   46.50      0.1022E-01
   47.00      0.9427E-02
   47.50      0.8666E-02
   48.00      0.7942E-02
   48.50      0.7255E-02
   49.00      0.6606E-02
   49.50      0.5995E-02
   50.00      0.5421E-02
   50.50      0.4883E-02
   51.00      0.4382E-02
   51.50      0.3916E-02
   52.00      0.3485E-02
   52.50      0.3086E-02
   53.00      0.2720E-02
   53.50      0.2385E-02
   54.00      0.2080E-02
   54.50      0.1802E-02
   55.00      0.1552E-02
   55.50      0.1327E-02
   56.00      0.1125E-02
   56.50      0.9463E-03
   57.00      0.7883E-03
   57.50      0.6498E-03
   58.00      0.5295E-03
   58.50      0.4259E-03
   59.00      0.3377E-03
   59.50      0.2637E-03
   60.00      0.2026E-03
   60.50      0.1532E-03
   61.00      0.1144E-03
   61.50      0.8516E-04
   62.00      0.6448E-04
   62.50      0.5141E-04
   63.00      0.4508E-04
   63.50      0.4468E-04
   64.00      0.4946E-04
   64.50      0.5871E-04
   65.00      0.7182E-04
   65.50      0.8819E-04
   66.00      0.1073E-03
   66.50      0.1287E-03
   67.00      0.1519E-03
   67.50      0.1765E-03
   68.00      0.2023E-03
   68.50      0.2289E-03
   69.00      0.2561E-03
   69.50      0.2836E-03
   70.00      0.3112E-03
   70.50      0.3388E-03
   71.00      0.3663E-03
   71.50      0.3934E-03
   72.00      0.4202E-03
   72.50      0.4465E-03
   73.00      0.4723E-03
   73.50      0.4976E-03
   74.00      0.5223E-03
   74.50      0.5464E-03
   75.00      0.5698E-03
   75.50      0.5927E-03
   76.00      0.6149E-03
   76.50      0.6365E-03
   77.00      0.6575E-03
   77.50      0.6779E-03
   78.00      0.6978E-03
   78.50      0.7170E-03
   79.00      0.7358E-03
   79.50      0.7540E-03
   80.00      0.7717E-03
   80.50      0.7889E-03
   81.00      0.8057E-03
   81.50      0.8219E-03
   82.00      0.8377E-03
   82.50      0.8531E-03
   83.00      0.8680E-03
   83.50      0.8824E-03
   84.00      0.8964E-03
   84.50      0.9099E-03
   85.00      0.9230E-03
   85.50      0.9357E-03
   86.00      0.9478E-03
   86.50      0.9595E-03
   87.00      0.9707E-03
   87.50      0.9813E-03
   88.00      0.9915E-03
   88.50      0.1001E-02
   89.00      0.1010E-02
   89.50      0.1018E-02
   90.00      0.1026E-02
   90.50      0.1033E-02
   91.00      0.1040E-02
   91.50      0.1045E-02
   92.00      0.1050E-02
   92.50      0.1054E-02
   93.00      0.1057E-02
   93.50      0.1060E-02
   94.00      0.1061E-02
   94.50      0.1062E-02
   95.00      0.1061E-02
   95.50      0.1059E-02
   96.00      0.1057E-02
   96.50      0.1053E-02
   97.00      0.1048E-02
   97.50      0.1042E-02
   98.00      0.1035E-02
   98.50      0.1026E-02
   99.00      0.1017E-02
   99.50      0.1006E-02
   100.0      0.9938E-03
   100.5      0.9804E-03
   101.0      0.9658E-03
   101.5      0.9500E-03
   102.0      0.9329E-03
   102.5      0.9147E-03
   103.0      0.8954E-03
   103.5      0.8749E-03
   104.0      0.8535E-03
   104.5      0.8310E-03
   105.0      0.8076E-03
   105.5      0.7833E-03
   106.0      0.7583E-03
   106.5      0.7326E-03
   107.0      0.7064E-03
   107.5      0.6796E-03
   108.0      0.6525E-03
   108.5      0.6252E-03
   109.0      0.5977E-03
   109.5      0.5703E-03
   110.0      0.5429E-03
   110.5      0.5159E-03
   111.0      0.4892E-03
   111.5      0.4631E-03
   112.0      0.4377E-03
   112.5      0.4131E-03
   113.0      0.3894E-03
   113.5      0.3669E-03
   114.0      0.3455E-03
   114.5      0.3256E-03
   115.0      0.3071E-03
   115.5      0.2903E-03
   116.0      0.2752E-03
   116.5      0.2619E-03
   117.0      0.2506E-03
   117.5      0.2412E-03
   118.0      0.2340E-03
   118.5      0.2290E-03
   119.0      0.2262E-03
   119.5      0.2257E-03
   120.0      0.2275E-03
   120.5      0.2316E-03
   121.0      0.2380E-03
   121.5      0.2468E-03
   122.0      0.2579E-03
   122.5      0.2712E-03
   123.0      0.2868E-03
   123.5      0.3045E-03
   124.0      0.3242E-03
   124.5      0.3458E-03
   125.0      0.3693E-03
   125.5      0.3945E-03
   126.0      0.4212E-03
   126.5      0.4493E-03
   127.0      0.4786E-03
   127.5      0.5089E-03
   128.0      0.5401E-03
   128.5      0.5718E-03
   129.0      0.6040E-03
   129.5      0.6363E-03
   130.0      0.6686E-03
   130.5      0.7006E-03
   131.0      0.7321E-03
   131.5      0.7628E-03
   132.0      0.7926E-03
   132.5      0.8213E-03
   133.0      0.8485E-03
   133.5      0.8741E-03
   134.0      0.8979E-03
   134.5      0.9198E-03
   135.0      0.9396E-03
   135.5      0.9570E-03
   136.0      0.9721E-03
   136.5      0.9847E-03
   137.0      0.9948E-03
   137.5      0.1002E-02
   138.0      0.1007E-02
   138.5      0.1009E-02
   139.0      0.1009E-02
   139.5      0.1006E-02
   140.0      0.1001E-02
   140.5      0.9929E-03
   141.0      0.9831E-03
   141.5      0.9713E-03
   142.0      0.9578E-03
   142.5      0.9427E-03
   143.0      0.9263E-03
   143.5      0.9089E-03
   144.0      0.8908E-03
   144.5      0.8723E-03
   145.0      0.8537E-03
   145.5      0.8353E-03
   146.0      0.8175E-03
   146.5      0.8005E-03
   147.0      0.7849E-03
   147.5      0.7707E-03
   148.0      0.7585E-03
   148.5      0.7484E-03
   149.0      0.7409E-03
   149.5      0.7360E-03
   150.0      0.7341E-03
   150.5      0.7355E-03
   151.0      0.7402E-03
   151.5      0.7484E-03
   152.0      0.7602E-03
   152.5      0.7758E-03
   153.0      0.7951E-03
   153.5      0.8182E-03
   154.0      0.8450E-03
   154.5      0.8754E-03
   155.0      0.9093E-03
   155.5      0.9466E-03
   156.0      0.9870E-03
   156.5      0.1030E-02
   157.0      0.1076E-02
   157.5      0.1125E-02
   158.0      0.1175E-02
   158.5      0.1227E-02
   159.0      0.1280E-02
   159.5      0.1335E-02
   160.0      0.1389E-02
   160.5      0.1444E-02
   161.0      0.1499E-02
   161.5      0.1553E-02
   162.0      0.1606E-02
   162.5      0.1658E-02
   163.0      0.1708E-02
   163.5      0.1756E-02
   164.0      0.1801E-02
   164.5      0.1844E-02
   165.0      0.1884E-02
   165.5      0.1920E-02
   166.0      0.1954E-02
   166.5      0.1984E-02
   167.0      0.2011E-02
   167.5      0.2034E-02
   168.0      0.2053E-02
   168.5      0.2069E-02
   169.0      0.2082E-02
   169.5      0.2091E-02
   170.0      0.2097E-02
   170.5      0.2100E-02
   171.0      0.2101E-02
   171.5      0.2098E-02
   172.0      0.2094E-02
   172.5      0.2088E-02
   173.0      0.2080E-02
   173.5      0.2071E-02
   174.0      0.2061E-02
   174.5      0.2050E-02
   175.0      0.2039E-02
   175.5      0.2027E-02
   176.0      0.2017E-02
   176.5      0.2006E-02
   177.0      0.1997E-02
   177.5      0.1988E-02
   178.0      0.1981E-02
   178.5      0.1975E-02
   179.0      0.1971E-02
   179.5      0.1968E-02
   180.0      0.1967E-02
 END
