# 181 angles,  3 tensor ranks for 0=projectile
@subtitle   "** 70 channel, 6Li + 58Si at 34.0 MeV"                                         
@legend ON
@legend x1 0.2
@legend y1 0.8
@g0 type LOGY
@yaxis ticklabel format power
@legend string   0 "Lab energy =   34.0000"
#legend string   0 "Partition=  1 Excit=  7 near/far= 1"
#  Theta       sigma       iT11        T20         T21         T22         Kyy for projectile
   0.000       4.774       0.000     -0.2095       0.000       0.000    
   1.000       4.522     -0.6467E-01 -0.2133      0.2442E-01 -0.1090E-02
   2.000       3.884     -0.1370     -0.2255      0.4379E-01 -0.4992E-02
   3.000       3.085     -0.2311     -0.2515      0.5350E-01 -0.1544E-01
   4.000       2.294     -0.3708     -0.3119      0.5052E-01 -0.3961E-01
   5.000       1.636     -0.5527     -0.4544      0.3687E-01 -0.7552E-01
   6.000       1.202     -0.6526     -0.6945      0.2367E-01 -0.8580E-01
   7.000      0.9897     -0.5113     -0.8738      0.1903E-01 -0.1782E-01
   8.000      0.8765     -0.2614     -0.8323      0.1144E-01  0.1073    
   9.000      0.7522     -0.1162     -0.6362      0.1246E-02  0.2384    
   10.00      0.6513     -0.1058     -0.3972      0.2230E-01  0.3550    
   11.00      0.7242     -0.1400     -0.2395      0.5312E-01  0.4025    
   12.00       1.148     -0.1447     -0.1971      0.2080E-02  0.3253    
   13.00       2.002     -0.1638     -0.1815     -0.6261E-01  0.2058    
   14.00       3.070     -0.2097     -0.1745     -0.8335E-01  0.1090    
   15.00       3.889     -0.2595     -0.1795     -0.6668E-01  0.4154E-01
   16.00       4.139     -0.2880     -0.1870     -0.2427E-01  0.7120E-03
   17.00       3.922     -0.2760     -0.1786      0.3447E-01 -0.8723E-02
   18.00       3.631     -0.2265     -0.1422      0.9091E-01  0.2086E-01
   19.00       3.654     -0.1806     -0.9883E-01  0.1179      0.7618E-01
   20.00       4.140     -0.1766     -0.8683E-01  0.1140      0.1187    
   21.00       4.950     -0.2003     -0.1054      0.1054      0.1307    
   22.00       5.788     -0.2239     -0.1288      0.1065      0.1219    
   23.00       6.347     -0.2370     -0.1419      0.1157      0.1044    
   24.00       6.404     -0.2407     -0.1425      0.1282      0.8569E-01
   25.00       5.923     -0.2376     -0.1348      0.1413      0.7216E-01
   26.00       5.134     -0.2264     -0.1238      0.1544      0.7076E-01
   27.00       4.423     -0.2019     -0.1134      0.1670      0.8728E-01
   28.00       4.070     -0.1667     -0.1062      0.1777      0.1165    
   29.00       4.084     -0.1382     -0.1027      0.1847      0.1405    
   30.00       4.273     -0.1284     -0.1014      0.1874      0.1484    
   31.00       4.412     -0.1318     -0.1007      0.1866      0.1432    
   32.00       4.342     -0.1360     -0.9972E-01  0.1839      0.1330    
   33.00       4.012     -0.1318     -0.9782E-01  0.1817      0.1252    
   34.00       3.489     -0.1144     -0.9412E-01  0.1814      0.1257    
   35.00       2.909     -0.8348E-01 -0.8712E-01  0.1843      0.1378    
   36.00       2.403     -0.4675E-01 -0.7585E-01  0.1918      0.1605    
   37.00       2.040     -0.2093E-01 -0.6284E-01  0.2043      0.1863    
   38.00       1.838     -0.1938E-01 -0.5515E-01  0.2183      0.2019    
   39.00       1.774     -0.3365E-01 -0.5813E-01  0.2279      0.1977    
   40.00       1.778     -0.4146E-01 -0.6923E-01  0.2316      0.1783    
   41.00       1.751     -0.3161E-01 -0.8245E-01  0.2327      0.1554    
   42.00       1.624     -0.6721E-02 -0.9418E-01  0.2340      0.1371    
   43.00       1.388      0.2681E-01 -0.1030      0.2362      0.1264    
   44.00       1.090      0.6210E-01 -0.1074      0.2398      0.1244    
   45.00      0.8026      0.8761E-01 -0.1062      0.2452      0.1341    
   46.00      0.5947      0.8303E-01 -0.9995E-01  0.2506      0.1587    
   47.00      0.5007      0.4151E-01 -0.9421E-01  0.2503      0.1878    
   48.00      0.5030      0.3409E-02 -0.9457E-01  0.2440      0.1978    
   49.00      0.5462     -0.8332E-03 -0.9830E-01  0.2391      0.1873    
   50.00      0.5730      0.1713E-01 -0.1014      0.2377      0.1699    
   51.00      0.5512      0.4247E-01 -0.1024      0.2383      0.1528    
   52.00      0.4781      0.6944E-01 -0.1007      0.2400      0.1382    
   53.00      0.3723      0.9537E-01 -0.9622E-01  0.2435      0.1290    
   54.00      0.2634      0.1140     -0.9109E-01  0.2501      0.1328    
   55.00      0.1796      0.1127     -0.9155E-01  0.2585      0.1629    
   56.00      0.1350      0.8558E-01 -0.1044      0.2624      0.2172    
   57.00      0.1263      0.5943E-01 -0.1206      0.2573      0.2502    
   58.00      0.1389      0.5691E-01 -0.1246      0.2490      0.2366    
   59.00      0.1559      0.6928E-01 -0.1173      0.2415      0.2019    
   60.00      0.1635      0.8848E-01 -0.1046      0.2355      0.1657    
   61.00      0.1540      0.1118     -0.8932E-01  0.2315      0.1340    
   62.00      0.1281      0.1347     -0.7224E-01  0.2308      0.1087    
   63.00      0.9352E-01  0.1499     -0.5368E-01  0.2348      0.9351E-01
   64.00      0.6072E-01  0.1496     -0.3368E-01  0.2457      0.9678E-01
   65.00      0.3748E-01  0.1241     -0.1207E-01  0.2667      0.1361    
   66.00      0.2684E-01  0.6757E-01  0.5609E-02  0.2885      0.2151    
   67.00      0.2754E-01  0.2290E-01  0.7119E-02  0.2803      0.2600    
   68.00      0.3517E-01  0.2787E-01  0.9722E-03  0.2514      0.2407    
   69.00      0.4384E-01  0.5526E-01 -0.8660E-03  0.2274      0.2053    
   70.00      0.4848E-01  0.7949E-01  0.1728E-02  0.2132      0.1747    
   71.00      0.4680E-01  0.9148E-01  0.4855E-02  0.2071      0.1510    
   72.00      0.3961E-01  0.9477E-01  0.4908E-02  0.2063      0.1323    
   73.00      0.2945E-01  0.1001      0.3353E-03  0.2088      0.1168    
   74.00      0.1913E-01  0.1147     -0.9483E-02  0.2154      0.1045    
   75.00      0.1090E-01  0.1290     -0.2933E-01  0.2299      0.1003    
   76.00      0.6065E-02  0.1076     -0.6703E-01  0.2489      0.1169    
   77.00      0.4714E-02  0.4325E-01 -0.8156E-01  0.2392      0.1408    
   78.00      0.5849E-02  0.1550E-01 -0.3266E-01  0.2124      0.1234    
   79.00      0.8024E-02  0.1181E-01  0.1630E-01  0.2069      0.9410E-01
   80.00      0.1005E-01  0.1223E-01  0.4709E-01  0.2117      0.7727E-01
   81.00      0.1123E-01  0.2289E-01  0.6730E-01  0.2154      0.7362E-01
   82.00      0.1120E-01  0.4146E-01  0.8241E-01  0.2170      0.7732E-01
   83.00      0.9936E-02  0.5478E-01  0.9196E-01  0.2211      0.8274E-01
   84.00      0.7766E-02  0.5348E-01  0.9002E-01  0.2305      0.8887E-01
   85.00      0.5307E-02  0.4132E-01  0.6634E-01  0.2424      0.1001    
   86.00      0.3161E-02  0.3099E-01  0.4948E-02  0.2488      0.1232    
   87.00      0.1675E-02  0.2367E-01 -0.1160      0.2364      0.1565    
   88.00      0.9629E-03 -0.1745E-01 -0.2488      0.1854      0.1655    
   89.00      0.9906E-03 -0.5237E-01 -0.1416      0.1331      0.1197    
   90.00      0.1572E-02 -0.9449E-02  0.3700E-01  0.1359      0.8764E-01
   91.00      0.2343E-02  0.3562E-01  0.1226      0.1565      0.6879E-01
   92.00      0.2935E-02  0.6458E-01  0.1614      0.1781      0.5572E-01
   93.00      0.3176E-02  0.8226E-01  0.1812      0.1947      0.5891E-01
   94.00      0.3085E-02  0.9325E-01  0.1904      0.2026      0.8255E-01
   95.00      0.2731E-02  0.9964E-01  0.1900      0.2037      0.1111    
   96.00      0.2174E-02  0.9985E-01  0.1752      0.2064      0.1227    
   97.00      0.1519E-02  0.8916E-01  0.1321      0.2172      0.1120    
   98.00      0.9254E-03  0.5997E-01  0.3235E-01  0.2307      0.9236E-01
   99.00      0.5091E-03  0.1686E-01 -0.1668      0.2169      0.7042E-01
   100.0      0.2889E-03 -0.9646E-02 -0.4361      0.1247     -0.8279E-02
   101.0      0.2325E-03 -0.5371E-01 -0.4312      0.1879E-01 -0.1207    
   102.0      0.3143E-03 -0.1366     -0.7996E-01  0.4517E-01 -0.4764E-01
   103.0      0.5002E-03 -0.1496      0.1521      0.1035      0.6250E-01
   104.0      0.7055E-03 -0.1042      0.2478      0.1429      0.1079    
   105.0      0.8490E-03 -0.4582E-01  0.2942      0.1725      0.1287    
   106.0      0.9100E-03 -0.8173E-02  0.3186      0.1946      0.1625    
   107.0      0.9083E-03  0.4896E-02  0.3195      0.2042      0.2040    
   108.0      0.8557E-03  0.2008E-01  0.2935      0.2010      0.2142    
   109.0      0.7439E-03  0.6131E-01  0.2414      0.1900      0.1740    
   110.0      0.5873E-03  0.1211      0.1579      0.1713      0.1012    
   111.0      0.4223E-03  0.1599      0.3502E-01  0.1419      0.3046E-01
   112.0      0.2792E-03  0.1498     -0.1352      0.9603E-01 -0.2281E-01
   113.0      0.1794E-03  0.9221E-01 -0.3538      0.3790E-01 -0.8403E-01
   114.0      0.1273E-03 -0.2753E-01 -0.5508      0.4591E-01 -0.1438    
   115.0      0.1161E-03 -0.2048     -0.5118      0.1996     -0.9251E-01
   116.0      0.1346E-03 -0.2904     -0.2293      0.3421      0.5445E-01
   117.0      0.1717E-03 -0.1957      0.4071E-01  0.3383      0.1693    
   118.0      0.2206E-03 -0.4651E-01  0.1973      0.2580      0.2090    
   119.0      0.2653E-03  0.1925E-01  0.2717      0.1949      0.1913    
   120.0      0.2932E-03  0.3928E-02  0.3008      0.1521      0.1361    
   121.0      0.3010E-03 -0.1835E-01  0.2935      0.1032      0.7383E-01
   122.0      0.2833E-03  0.1536E-01  0.2661      0.4128E-01  0.3931E-01
   123.0      0.2409E-03  0.9180E-01  0.2451     -0.2130E-01  0.2745E-01
   124.0      0.1810E-03  0.1355      0.2356     -0.7360E-01  0.1100E-02
   125.0      0.1200E-03  0.9150E-01  0.2027     -0.1230     -0.6259E-01
   126.0      0.7491E-04 -0.2725E-01  0.1044     -0.1468     -0.1271    
   127.0      0.4854E-04 -0.1132     -0.2914E-01 -0.4707E-01 -0.1519    
   128.0      0.4046E-04 -0.1319     -0.5832E-01  0.1983     -0.1920    
   129.0      0.4473E-04 -0.2062      0.4139E-01  0.3356     -0.1355    
   130.0      0.5642E-04 -0.2369      0.1677      0.2904      0.7930E-01
   131.0      0.7636E-04 -0.1808      0.2381      0.2019      0.1807    
   132.0      0.9677E-04 -0.1116      0.2229      0.1500      0.8574E-01
   133.0      0.1079E-03 -0.5510E-01  0.1753      0.1138     -0.5055E-01
   134.0      0.1026E-03 -0.2472E-01  0.1589      0.8256E-01 -0.8085E-01
   135.0      0.8578E-04  0.2151E-02  0.1953      0.4568E-01  0.1891E-01
   136.0      0.7266E-04  0.4885E-01  0.2321      0.1726E-02  0.1013    
   137.0      0.6356E-04  0.1251      0.1915     -0.3908E-01  0.2278E-01
   138.0      0.5403E-04  0.2167      0.1163     -0.6959E-01 -0.1179    
   139.0      0.4372E-04  0.2437      0.1249     -0.5716E-01 -0.1258    
   140.0      0.3707E-04  0.2271      0.2731     -0.1654E-01  0.8326E-01
   141.0      0.4040E-04  0.2393      0.4081      0.4604E-02  0.2397    
   142.0      0.4720E-04  0.2575      0.4132      0.3106E-01  0.1512    
   143.0      0.5282E-04  0.2035      0.3568      0.9718E-01 -0.4564E-01
   144.0      0.5580E-04  0.6125E-01  0.3076      0.1912     -0.1464    
   145.0      0.5283E-04 -0.3290E-01  0.2867      0.2570     -0.7239E-01
   146.0      0.4808E-04 -0.1730E-01  0.2670      0.2609      0.4058E-01
   147.0      0.4302E-04 -0.3474E-01  0.1977      0.2537     -0.2213E-01
   148.0      0.4025E-04 -0.2142      0.5044E-01  0.2579     -0.2284    
   149.0      0.3870E-04 -0.4588     -0.1196      0.2662     -0.2999    
   150.0      0.3212E-04 -0.5421     -0.3095      0.2513     -0.1786    
   151.0      0.2594E-04 -0.3069     -0.4318      0.1563      0.4332E-02
   152.0      0.2256E-04 -0.1017     -0.3984      0.6876E-01  0.1047    
   153.0      0.2264E-04 -0.1629     -0.2412      0.3025E-01  0.1814    
   154.0      0.2714E-04 -0.2365     -0.6252E-01 -0.1214E-01  0.2018    
   155.0      0.3091E-04 -0.1279      0.1000E-01 -0.1193      0.1214    
   156.0      0.3486E-04  0.3507E-01  0.4063E-01 -0.2205      0.5366E-03
   157.0      0.3447E-04  0.6148E-01  0.7590E-01 -0.2621     -0.1469E-02
   158.0      0.3015E-04  0.2950E-01  0.1412     -0.3306      0.8939E-01
   159.0      0.3006E-04 -0.4887E-01  0.2165     -0.3863      0.5175E-01
   160.0      0.3058E-04 -0.1233      0.2383     -0.4094     -0.9202E-01
   161.0      0.3253E-04 -0.9606E-01  0.2573     -0.3850     -0.1709    
   162.0      0.3407E-04 -0.2891E-01  0.3048     -0.4016     -0.1947    
   163.0      0.3363E-04  0.4281E-01  0.3185     -0.4988     -0.2806    
   164.0      0.3447E-04 -0.3737E-01  0.3063     -0.4165     -0.3502    
   165.0      0.2925E-04 -0.2188      0.3718     -0.1487     -0.3139    
   166.0      0.2449E-04 -0.1871      0.5091      0.1697     -0.1974    
   167.0      0.2369E-04 -0.4419E-02  0.5565      0.2918     -0.1603    
   168.0      0.2199E-04  0.7051E-01  0.4576      0.3671     -0.7413E-01
   169.0      0.2749E-04 -0.4991E-01  0.2283      0.4535      0.1298    
   170.0      0.3594E-04 -0.2465E-01 -0.1618E-01  0.3485      0.1518    
   171.0      0.4759E-04  0.2167     -0.2413      0.1723E-01 -0.2315E-01
   172.0      0.5565E-04  0.2992     -0.3404     -0.1810     -0.1086    
   173.0      0.4791E-04  0.2425     -0.4350     -0.2196      0.5152E-01
   174.0      0.4811E-04  0.4516E-01 -0.3853     -0.1696      0.2895    
   175.0      0.5889E-04 -0.2337E-01 -0.3886     -0.3093      0.1926    
   176.0      0.7213E-04  0.1371     -0.5414     -0.5164     -0.1095    
   177.0      0.8476E-04  0.1595     -0.4789     -0.4177     -0.3311    
   178.0      0.6594E-04  0.5848E-01 -0.2923     -0.2337     -0.4138    
   179.0      0.3447E-04  0.4799E-01 -0.1485     -0.1347     -0.2829    
   180.0      0.2484E-04   0.000     -0.1684       0.000       0.000    
 END
