# Fusion cross sections for ELAB=  34.000, ECM=  30.802
     0.0   1.300       1.304      0.4456E-02
     1.0   11.71       11.74      0.2937E-01
     2.0   19.50       19.56      0.5599E-01
     3.0   27.30       27.38      0.8557E-01
     4.0   35.09       35.21      0.1183    
     5.0   42.87       43.03      0.1585    
     6.0   50.65       50.85      0.2011    
     7.0   58.43       58.68      0.2426    
     8.0   66.21       66.50      0.2869    
     9.0   73.97       74.32      0.3538    
    10.0   81.70       82.13      0.4386    
    11.0   89.37       89.93      0.5583    
    12.0   96.89       97.67      0.7818    
    13.0   104.0       105.2       1.236    
    14.0   110.2       112.3       2.052    
    15.0   114.8       118.0       3.231    
    16.0   116.2       120.9       4.662    
    17.0   111.9       118.2       6.264    
    18.0   100.4       107.8       7.412    
    19.0   82.95       90.29       7.339    
    20.0   63.27       69.64       6.368    
    21.0   45.87       51.09       5.221    
    22.0   32.59       36.84       4.242    
    23.0   23.17       26.57       3.397    
    24.0   16.43       19.08       2.646    
    25.0   11.58       13.72       2.143    
    26.0   8.127       9.944       1.817    
    27.0   5.703       7.234       1.531    
    28.0   4.009       5.278       1.269    
    29.0   2.807       3.867       1.060    
    30.0   1.959       2.876      0.9171    
    31.0   1.378       2.189      0.8105    
    32.0  0.9789       1.693      0.7139    
    33.0  0.6986       1.324      0.6254    
    34.0  0.4997       1.049      0.5496    
    35.0  0.3587      0.8435      0.4848    
    36.0  0.2581      0.6883      0.4302    
    37.0  0.1858      0.5703      0.3845    
    38.0  0.1335      0.4777      0.3442    
    39.0  0.9589E-01  0.4046      0.3087    
    40.0  0.6949E-01  0.3479      0.2784    
    41.0  0.5136E-01  0.3037      0.2523    
    42.0  0.3879E-01  0.2681      0.2293    
    43.0  0.2975E-01  0.2384      0.2086    
    44.0  0.2321E-01  0.2134      0.1901    
    45.0  0.1838E-01  0.1916      0.1733    
    46.0  0.1476E-01  0.1726      0.1579    
    47.0  0.1214E-01  0.1561      0.1440    
    48.0  0.1027E-01  0.1419      0.1316    
    49.0  0.8905E-02  0.1294      0.1205    
    50.0  0.7850E-02  0.1184      0.1105    
    51.0  0.6962E-02  0.1084      0.1014    
    52.0  0.6151E-02  0.9927E-01  0.9312E-01
    53.0  0.5367E-02  0.9081E-01  0.8545E-01
    54.0  0.4599E-02  0.8298E-01  0.7838E-01
    55.0  0.3864E-02  0.7569E-01  0.7182E-01
    56.0  0.3191E-02  0.6897E-01  0.6578E-01
    57.0  0.2603E-02  0.6282E-01  0.6021E-01
    58.0  0.2112E-02  0.5721E-01  0.5510E-01
    59.0  0.1718E-02  0.5217E-01  0.5045E-01
    60.0  0.1410E-02  0.4762E-01  0.4621E-01
    61.0  0.1171E-02  0.4354E-01  0.4237E-01
    62.0  0.9851E-03  0.3986E-01  0.3887E-01
    63.0  0.8383E-03  0.3653E-01  0.3569E-01
    64.0  0.7208E-03  0.3351E-01  0.3279E-01
    65.0  0.6250E-03  0.3075E-01  0.3012E-01
    66.0  0.5466E-03  0.2824E-01  0.2770E-01
    67.0  0.4819E-03  0.2594E-01  0.2546E-01
    68.0  0.4285E-03  0.2384E-01  0.2341E-01
    69.0  0.3842E-03  0.2193E-01  0.2155E-01
    70.0  0.3466E-03  0.2018E-01  0.1983E-01
 &
