# Fusion cross sections for ELAB=  34.000, ECM=  30.802
     0.0   1.300     -1
     1.0   7.804      1
     1.0   11.71     -1
     2.0   6.502      1
     2.0   19.50     -1
     3.0   18.20      1
     3.0   27.30     -1
     4.0   11.70      1
     4.0   35.09     -1
     5.0   28.58      1
     5.0   42.87     -1
     6.0   16.88      1
     6.0   50.65     -1
     7.0   38.97      1
     7.0   58.43     -1
     8.0   22.06      1
     8.0   66.21     -1
     9.0   49.32      1
     9.0   73.97     -1
    10.0   27.23      1
    10.0   81.70     -1
    11.0   59.59      1
    11.0   89.37     -1
    12.0   32.29      1
    12.0   96.89     -1
    13.0   69.34      1
    13.0   104.0     -1
    14.0   36.82      1
    14.0   110.2     -1
    15.0   76.29      1
    15.0   114.8     -1
    16.0   39.04      1
    16.0   116.2     -1
    17.0   74.16      1
    17.0   111.9     -1
    18.0   33.77      1
    18.0   100.4     -1
    19.0   55.74      1
    19.0   82.95     -1
    20.0   20.33      1
    20.0   63.27     -1
    21.0   31.17      1
    21.0   45.87     -1
    22.0   10.54      1
    22.0   32.59     -1
    23.0   15.72      1
    23.0   23.17     -1
    24.0   5.202      1
    24.0   16.43     -1
    25.0   7.923      1
    25.0   11.58     -1
    26.0   2.586      1
    26.0   8.127     -1
    27.0   3.872      1
    27.0   5.703     -1
    28.0   1.284      1
    28.0   4.009     -1
    29.0   1.906      1
    29.0   2.807     -1
    30.0  0.6383      1
    30.0   1.959     -1
    31.0  0.9252      1
    31.0   1.378     -1
    32.0  0.3213      1
    32.0  0.9789     -1
    33.0  0.4685      1
    33.0  0.6986     -1
    34.0  0.1672      1
    34.0  0.4997     -1
    35.0  0.2378      1
    35.0  0.3587     -1
    36.0  0.8748E-01  1
    36.0  0.2581     -1
    37.0  0.1231      1
    37.0  0.1858     -1
    38.0  0.4449E-01  1
    38.0  0.1335     -1
    39.0  0.6422E-01  1
    39.0  0.9589E-01 -1
    40.0  0.2283E-01  1
    40.0  0.6949E-01 -1
    41.0  0.3478E-01  1
    41.0  0.5136E-01 -1
    42.0  0.1214E-01  1
    42.0  0.3879E-01 -1
    43.0  0.2075E-01  1
    43.0  0.2975E-01 -1
    44.0  0.6794E-02  1
    44.0  0.2321E-01 -1
    45.0  0.1310E-01  1
    45.0  0.1838E-01 -1
    46.0  0.4250E-02  1
    46.0  0.1476E-01 -1
    47.0  0.8592E-02  1
    47.0  0.1214E-01 -1
    48.0  0.3029E-02  1
    48.0  0.1027E-01 -1
    49.0  0.6272E-02  1
    49.0  0.8905E-02 -1
    50.0  0.2311E-02  1
    50.0  0.7850E-02 -1
    51.0  0.4933E-02  1
    51.0  0.6962E-02 -1
    52.0  0.1764E-02  1
    52.0  0.6151E-02 -1
    53.0  0.3860E-02  1
    53.0  0.5367E-02 -1
    54.0  0.1261E-02  1
    54.0  0.4599E-02 -1
    55.0  0.2831E-02  1
    55.0  0.3864E-02 -1
    56.0  0.8346E-03  1
    56.0  0.3191E-02 -1
    57.0  0.1935E-02  1
    57.0  0.2603E-02 -1
    58.0  0.5352E-03  1
    58.0  0.2112E-02 -1
    59.0  0.1287E-02  1
    59.0  0.1718E-02 -1
    60.0  0.3517E-03  1
    60.0  0.1410E-02 -1
    61.0  0.8805E-03  1
    61.0  0.1171E-02 -1
    62.0  0.2425E-03  1
    62.0  0.9851E-03 -1
    63.0  0.6336E-03  1
    63.0  0.8383E-03 -1
    64.0  0.1744E-03  1
    64.0  0.7208E-03 -1
    65.0  0.4749E-03  1
    65.0  0.6250E-03 -1
    66.0  0.1304E-03  1
    66.0  0.5466E-03 -1
    67.0  0.3675E-03  1
    67.0  0.4819E-03 -1
    68.0  0.1014E-03  1
    68.0  0.4285E-03 -1
    69.0  0.2935E-03  1
    69.0  0.3842E-03 -1
    70.0  0.8175E-04  1
    70.0  0.3466E-03 -1
 &
