# 181 angles,  3 tensor ranks for 0=projectile
@subtitle   "** 70 channel, 6Li + 58Si at 34.0 MeV"                                         
@legend ON
@legend x1 0.2
@legend y1 0.8
@g0 type LOGY
@yaxis ticklabel format power
@legend string   0 "Lab energy =   34.0000"
#legend string   0 "Partition=  1 Excit=  3 near/far= 1"
#  Theta       sigma       iT11        T20         T21         T22         Kyy for projectile
   0.000      0.4392       0.000      0.7071       0.000       0.000    
   1.000      0.4654      0.8637E-01  0.6448      0.1824      0.9247E-02
   2.000      0.5566      0.1294      0.4679      0.3315      0.3091E-01
   3.000      0.7077      0.8955E-01  0.2533      0.4230      0.6218E-01
   4.000      0.8584     -0.1153E-01  0.8535E-01  0.4600      0.1050    
   5.000      0.9386     -0.1424      0.1062E-02  0.4538      0.1250    
   6.000      0.9477     -0.2744     -0.2821E-02  0.4404      0.4048E-01
   7.000       1.013     -0.3165     -0.1008E-01  0.4637     -0.1543    
   8.000       1.345     -0.1925     -0.1195      0.4671     -0.2137    
   9.000       2.052     -0.3627E-01 -0.2453      0.3793     -0.5387E-01
   10.00       2.953      0.5639E-01 -0.3037      0.2504      0.1377    
   11.00       3.622      0.1018     -0.3060      0.1326      0.2756    
   12.00       3.730      0.1237     -0.2795      0.4599E-01  0.3615    
   13.00       3.315      0.1292     -0.2441     -0.5475E-02  0.4122    
   14.00       2.666      0.1139     -0.2060     -0.3422E-01  0.4396    
   15.00       2.026      0.7197E-01 -0.1476     -0.6976E-01  0.4487    
   16.00       1.502      0.6057E-02 -0.3521E-01 -0.1373      0.4394    
   17.00       1.147     -0.6242E-01  0.1338     -0.2126      0.4043    
   18.00       1.007     -0.7470E-01  0.2501     -0.1977      0.3336    
   19.00       1.080      0.7653E-02  0.1923     -0.5186E-01  0.2416    
   20.00       1.305      0.1243      0.4576E-01  0.1249      0.1577    
   21.00       1.609      0.2096     -0.6723E-01  0.2627      0.1013    
   22.00       1.928      0.2478     -0.1200      0.3509      0.8390E-01
   23.00       2.182      0.2543     -0.1346      0.3954      0.1019    
   24.00       2.289      0.2500     -0.1362      0.4081      0.1384    
   25.00       2.237      0.2489     -0.1394      0.4015      0.1762    
   26.00       2.115      0.2575     -0.1489      0.3857      0.2022    
   27.00       2.046      0.2749     -0.1620      0.3724      0.2080    
   28.00       2.097      0.2896     -0.1738      0.3740      0.1953    
   29.00       2.266      0.2876     -0.1850      0.3902      0.1790    
   30.00       2.490      0.2678     -0.1988      0.4062      0.1753    
   31.00       2.677      0.2412     -0.2146      0.4096      0.1882    
   32.00       2.748      0.2188     -0.2288      0.3993      0.2111    
   33.00       2.689      0.2050     -0.2381      0.3804      0.2362    
   34.00       2.550      0.1997     -0.2392      0.3591      0.2586    
   35.00       2.384      0.2013     -0.2304      0.3415      0.2748    
   36.00       2.212      0.2065     -0.2134      0.3343      0.2811    
   37.00       2.041      0.2093     -0.1931      0.3408      0.2765    
   38.00       1.881      0.2035     -0.1747      0.3573      0.2671    
   39.00       1.743      0.1874     -0.1609      0.3739      0.2621    
   40.00       1.631      0.1651     -0.1518      0.3829      0.2663    
   41.00       1.550      0.1419     -0.1474      0.3825      0.2783    
   42.00       1.500      0.1217     -0.1472      0.3737      0.2953    
   43.00       1.465      0.1084     -0.1491      0.3582      0.3147    
   44.00       1.414      0.1048     -0.1496      0.3400      0.3327    
   45.00       1.326      0.1105     -0.1470      0.3241      0.3451    
   46.00       1.205      0.1228     -0.1407      0.3140      0.3498    
   47.00       1.069      0.1386     -0.1295      0.3121      0.3459    
   48.00      0.9344      0.1542     -0.1125      0.3217      0.3319    
   49.00      0.8204      0.1630     -0.9278E-01  0.3453      0.3070    
   50.00      0.7414      0.1570     -0.7695E-01  0.3778      0.2778    
   51.00      0.7001      0.1363     -0.6995E-01  0.4045      0.2585    
   52.00      0.6827      0.1118     -0.7096E-01  0.4153      0.2567    
   53.00      0.6695      0.9350E-01 -0.7669E-01  0.4124      0.2666    
   54.00      0.6464      0.8429E-01 -0.8393E-01  0.4028      0.2797    
   55.00      0.6067      0.8423E-01 -0.8853E-01  0.3917      0.2909    
   56.00      0.5487      0.9325E-01 -0.8595E-01  0.3828      0.2963    
   57.00      0.4779      0.1091     -0.7344E-01  0.3805      0.2914    
   58.00      0.4072      0.1250     -0.5072E-01  0.3874      0.2744    
   59.00      0.3491      0.1319     -0.2006E-01  0.4017      0.2507    
   60.00      0.3085      0.1249      0.1218E-01  0.4184      0.2297    
   61.00      0.2835      0.1063      0.3561E-01  0.4343      0.2155    
   62.00      0.2696      0.8246E-01  0.4219E-01  0.4472      0.2080    
   63.00      0.2615      0.6215E-01  0.3428E-01  0.4532      0.2088    
   64.00      0.2529      0.5329E-01  0.2309E-01  0.4500      0.2183    
   65.00      0.2382      0.5732E-01  0.1853E-01  0.4403      0.2322    
   66.00      0.2158      0.6898E-01  0.2463E-01  0.4282      0.2446    
   67.00      0.1882      0.8161E-01  0.4220E-01  0.4164      0.2528    
   68.00      0.1592      0.9187E-01  0.7103E-01  0.4068      0.2553    
   69.00      0.1322      0.9864E-01  0.1077      0.4037      0.2476    
   70.00      0.1103      0.9816E-01  0.1425      0.4119      0.2238    
   71.00      0.9567E-01  0.8590E-01  0.1624      0.4305      0.1894    
   72.00      0.8810E-01  0.6611E-01  0.1637      0.4489      0.1644    
   73.00      0.8477E-01  0.4920E-01  0.1556      0.4585      0.1593    
   74.00      0.8225E-01  0.3859E-01  0.1464      0.4610      0.1641    
   75.00      0.7861E-01  0.3194E-01  0.1384      0.4607      0.1684    
   76.00      0.7340E-01  0.2981E-01  0.1330      0.4577      0.1725    
   77.00      0.6664E-01  0.3509E-01  0.1331      0.4505      0.1805    
   78.00      0.5855E-01  0.4645E-01  0.1406      0.4392      0.1909    
   79.00      0.5000E-01  0.5743E-01  0.1558      0.4254      0.1995    
   80.00      0.4223E-01  0.6343E-01  0.1794      0.4106      0.2070    
   81.00      0.3592E-01  0.6672E-01  0.2120      0.3967      0.2150    
   82.00      0.3108E-01  0.7028E-01  0.2489      0.3890      0.2144    
   83.00      0.2766E-01  0.6980E-01  0.2779      0.3940      0.1917    
   84.00      0.2566E-01  0.5957E-01  0.2881      0.4112      0.1539    
   85.00      0.2465E-01  0.4279E-01  0.2811      0.4304      0.1259    
   86.00      0.2367E-01  0.2623E-01  0.2670      0.4440      0.1160    
   87.00      0.2203E-01  0.1168E-01  0.2516      0.4533      0.1109    
   88.00      0.1985E-01  0.4754E-03  0.2346      0.4611      0.1037    
   89.00      0.1762E-01 -0.3108E-03  0.2178      0.4642      0.1067    
   90.00      0.1557E-01  0.1654E-01  0.2095      0.4547      0.1326    
   91.00      0.1366E-01  0.4704E-01  0.2198      0.4308      0.1714    
   92.00      0.1192E-01  0.7655E-01  0.2524      0.4015      0.1998    
   93.00      0.1049E-01  0.9284E-01  0.3007      0.3788      0.2064    
   94.00      0.9379E-02  0.9621E-01  0.3529      0.3660      0.1943    
   95.00      0.8518E-02  0.9121E-01  0.3997      0.3609      0.1631    
   96.00      0.7853E-02  0.7304E-01  0.4316      0.3666      0.1117    
   97.00      0.7392E-02  0.3640E-01  0.4367      0.3855      0.6296E-01
   98.00      0.7056E-02 -0.7212E-02  0.4153      0.4055      0.4981E-01
   99.00      0.6636E-02 -0.3899E-01  0.3855      0.4140      0.7075E-01
   100.0      0.5993E-02 -0.5217E-01  0.3598      0.4165      0.9317E-01
   101.0      0.5224E-02 -0.4858E-01  0.3336      0.4267      0.9679E-01
   102.0      0.4548E-02 -0.2576E-01  0.3024      0.4411      0.1009    
   103.0      0.4064E-02  0.1874E-01  0.2856      0.4343      0.1376    
   104.0      0.3676E-02  0.7135E-01  0.3111      0.3969      0.1936    
   105.0      0.3282E-02  0.1080      0.3762      0.3505      0.2218    
   106.0      0.2916E-02  0.1147      0.4515      0.3171      0.2000    
   107.0      0.2667E-02  0.9827E-01  0.5104      0.2980      0.1546    
   108.0      0.2544E-02  0.7310E-01  0.5462      0.2853      0.1207    
   109.0      0.2460E-02  0.3669E-01  0.5597      0.2845      0.9328E-01
   110.0      0.2345E-02 -0.1895E-01  0.5428      0.3062      0.5754E-01
   111.0      0.2199E-02 -0.7908E-01  0.4962      0.3428      0.2666E-01
   112.0      0.2036E-02 -0.1109      0.4429      0.3761      0.1950E-01
   113.0      0.1854E-02 -0.1004      0.4009      0.4010      0.2574E-01
   114.0      0.1654E-02 -0.6593E-01  0.3650      0.4274      0.2447E-01
   115.0      0.1480E-02 -0.2997E-01  0.3279      0.4503      0.3510E-01
   116.0      0.1370E-02  0.6412E-02  0.3114      0.4379      0.1017    
   117.0      0.1283E-02  0.5260E-01  0.3417      0.3826      0.2054    
   118.0      0.1151E-02  0.1054      0.4069      0.3155      0.2715    
   119.0      0.9832E-03  0.1493      0.4810      0.2635      0.2505    
   120.0      0.8690E-03  0.1620      0.5437      0.2321      0.1748    
   121.0      0.8459E-03  0.1345      0.5892      0.2087      0.1391    
   122.0      0.8435E-03  0.7886E-01  0.6257      0.1894      0.1380    
   123.0      0.7962E-03 -0.2905E-02  0.6438      0.1838      0.8618E-01
   124.0      0.7300E-03 -0.1007      0.6229      0.2079     -0.4352E-01
   125.0      0.7033E-03 -0.1669      0.5623      0.2683     -0.1550    
   126.0      0.7121E-03 -0.1759      0.4952      0.3352     -0.1519    
   127.0      0.7025E-03 -0.1643      0.4459      0.3791     -0.8126E-01
   128.0      0.6531E-03 -0.1600      0.4118      0.3976     -0.2187E-01
   129.0      0.5828E-03 -0.1491      0.3914      0.4069      0.2225E-02
   130.0      0.5112E-03 -0.9494E-01  0.3831      0.4205      0.2795E-01
   131.0      0.4462E-03  0.1300E-01  0.3865      0.4072      0.1004    
   132.0      0.3922E-03  0.1278      0.4305      0.3261      0.1976    
   133.0      0.3546E-03  0.1779      0.5260      0.2079      0.2514    
   134.0      0.3279E-03  0.1509      0.6234      0.1220      0.2390    
   135.0      0.3030E-03  0.1004      0.6746      0.6900E-01  0.1857    
   136.0      0.2835E-03  0.6112E-01  0.6871      0.9042E-02  0.8978E-01
   137.0      0.2756E-03  0.1042E-01  0.7002     -0.1911E-01 -0.5945E-01
   138.0      0.2788E-03 -0.7562E-01  0.6902      0.4885E-01 -0.1897    
   139.0      0.2852E-03 -0.1636      0.6372      0.1559     -0.2080    
   140.0      0.2876E-03 -0.2015      0.5948      0.2110     -0.1286    
   141.0      0.2825E-03 -0.1775      0.5924      0.2204     -0.6100E-01
   142.0      0.2666E-03 -0.1312      0.5862      0.2643     -0.8390E-01
   143.0      0.2494E-03 -0.1028      0.5128      0.3611     -0.1197    
   144.0      0.2478E-03 -0.8333E-01  0.4254      0.4026     -0.1387E-01
   145.0      0.2597E-03 -0.3770E-01  0.4371      0.3403      0.1992    
   146.0      0.2594E-03  0.3132E-01  0.5052      0.2593      0.3451    
   147.0      0.2261E-03  0.9947E-01  0.5466      0.2180      0.3347    
   148.0      0.1827E-03  0.1396      0.5401      0.2097      0.1882    
   149.0      0.1687E-03  0.1250      0.5524      0.1863      0.1046    
   150.0      0.1819E-03  0.8441E-01  0.6241      0.1424      0.2011    
   151.0      0.1850E-03  0.3871E-01  0.6670      0.8855E-01  0.2697    
   152.0      0.1585E-03 -0.3614E-01  0.6722      0.1309E-01  0.1234    
   153.0      0.1324E-03 -0.1425      0.6733     -0.1090E-01 -0.2488    
   154.0      0.1387E-03 -0.1898      0.6569      0.1014     -0.3971    
   155.0      0.1604E-03 -0.1879      0.6153      0.2013     -0.2301    
   156.0      0.1636E-03 -0.2219      0.5573      0.1979     -0.1103    
   157.0      0.1439E-03 -0.2940      0.5383      0.1355     -0.2151    
   158.0      0.1285E-03 -0.3013      0.5867      0.1567     -0.4345    
   159.0      0.1348E-03 -0.1833      0.5998      0.2695     -0.3903    
   160.0      0.1489E-03 -0.7824E-01  0.5836      0.2894     -0.1146    
   161.0      0.1568E-03 -0.5617E-01  0.6002      0.1911      0.1283    
   162.0      0.1505E-03 -0.7451E-01  0.6535      0.9646E-01  0.1830    
   163.0      0.1309E-03 -0.5510E-01  0.6689      0.1290      0.7651E-01
   164.0      0.1131E-03  0.4170E-01  0.5617      0.2325      0.2406E-01
   165.0      0.1127E-03  0.1231      0.5190      0.1968      0.2449    
   166.0      0.1346E-03  0.8990E-01  0.6248      0.6543E-01  0.5414    
   167.0      0.1503E-03  0.2633E-01  0.6724     -0.1887E-02  0.6331    
   168.0      0.1339E-03  0.6622E-02  0.5780     -0.1338E-02  0.5353    
   169.0      0.1110E-03  0.6855E-01  0.3606     -0.4797E-02  0.3675    
   170.0      0.1146E-03  0.1344      0.3907     -0.7368E-01  0.4052    
   171.0      0.1426E-03  0.8774E-01  0.6018     -0.9375E-01  0.5763    
   172.0      0.1518E-03  0.4750E-02  0.6486     -0.9937E-01  0.6345    
   173.0      0.1216E-03 -0.3914E-01  0.5617     -0.1575      0.5150    
   174.0      0.1051E-03  0.6075E-01  0.4172     -0.1915      0.2523    
   175.0      0.1260E-03  0.1841      0.4733     -0.1355      0.2072    
   176.0      0.1530E-03  0.1517      0.6235     -0.6098E-01  0.3216    
   177.0      0.1640E-03  0.1257E-01  0.6045      0.2943E-02  0.4063    
   178.0      0.1340E-03 -0.1438      0.4800      0.2248E-01  0.3869    
   179.0      0.7251E-04 -0.2714      0.4891      0.7905E-02  0.2337    
   180.0      0.4060E-04   0.000      0.7071       0.000       0.000    
 END
