 Mean Elastic Optical Potential generated            1
         572  0.21000000000000002        0.00000000    
  0.0000E+00  0.0000E+00 -1.4779E+01  8.3936E+00 -1.5998E+01  8.0459E+00
 -1.6719E+01  6.7410E+00 -1.7025E+01  4.4014E+00 -1.7158E+01  1.3644E+00
 -1.5895E+01 -3.6452E+00 -1.1353E+01 -9.3212E+00 -3.8958E+00 -1.3120E+01
  3.7332E+00 -1.3274E+01  9.4151E+00 -9.8181E+00  1.2104E+01 -5.5338E+00
  1.3087E+01 -1.5095E+00  1.2963E+01  9.7285E-01  1.2456E+01  3.3366E+00
  1.1362E+01  4.8514E+00  9.6831E+00  5.7384E+00  7.9739E+00  6.5741E+00
  6.6337E+00  7.9432E+00  4.8510E+00  9.7198E+00  1.5649E+00  1.1986E+01
 -4.4758E+00  1.3425E+01 -1.3806E+01  1.0283E+01 -2.2152E+01 -2.5710E+00
 -1.8728E+01 -2.2276E+01 -3.0952E+00 -3.5183E+01  1.0930E+01 -3.7050E+01
  1.7248E+01 -3.3481E+01  1.7889E+01 -2.8275E+01  1.5821E+01 -2.2722E+01
  1.3081E+01 -1.7338E+01  1.0609E+01 -1.2567E+01  8.6472E+00 -8.6545E+00
  7.1483E+00 -5.6984E+00  5.9354E+00 -3.6363E+00  4.8770E+00 -2.2757E+00
  3.9201E+00 -1.4074E+00  3.0681E+00 -8.4707E-01  2.3493E+00 -4.7842E-01
  1.7736E+00 -2.3523E-01  1.3332E+00 -7.9260E-02  1.0030E+00  1.0718E-02
  7.5889E-01  5.8342E-02  5.7661E-01  7.5729E-02  4.4002E-01  7.8602E-02
  3.3618E-01  7.1706E-02  2.5696E-01  6.2280E-02  1.9624E-01  5.1498E-02
  1.4979E-01  4.1575E-02  1.1448E-01  3.2437E-02  8.7579E-02  2.5059E-02
  6.7048E-02  1.8573E-02  5.1388E-02  1.3575E-02  3.9297E-02  9.6311E-03
  2.9948E-02  6.6071E-03  2.2632E-02  4.6585E-03  1.7245E-02  3.6076E-03
  1.3260E-02  2.7760E-03  1.0504E-02  2.0320E-03  7.8060E-03  1.2309E-03
  5.1398E-03  5.1647E-04  3.0050E-03  7.9139E-04  1.7266E-03  1.5932E-03
  1.6837E-03  1.5241E-03  8.6802E-04  7.4921E-04  2.7768E-05  1.6862E-04
 -7.3577E-04  3.3804E-04 -4.8010E-04  4.3955E-05 -8.5948E-05 -3.3942E-04
 -9.7515E-05 -1.0661E-03 -2.3301E-04 -1.4231E-03 -1.0750E-03 -1.4638E-03
 -8.8626E-04 -6.8815E-04 -6.9458E-04 -2.1643E-05  4.5020E-04  4.3992E-04
  9.6396E-04 -1.5168E-04  8.3245E-04 -8.8003E-04  2.1448E-04 -1.1735E-03
 -3.9801E-04 -6.6846E-04 -3.7144E-04 -3.9931E-04 -3.0725E-04  2.2255E-04
  9.1155E-05 -6.2630E-05 -3.3816E-04 -8.8221E-04 -1.1371E-03 -1.2788E-03
 -1.3536E-03 -1.7202E-03 -1.3474E-03 -1.9401E-03 -1.8466E-03 -1.6319E-03
 -2.3006E-03 -9.6508E-04 -2.3828E-03 -2.3603E-04 -1.7938E-03  2.8838E-04
 -8.9468E-04  7.9646E-04 -1.7340E-04  1.0635E-03  1.0388E-04  1.0719E-03
  2.3381E-04  9.4414E-04  2.9768E-04  7.0597E-04  2.2622E-04  4.5717E-04
  1.8041E-04  2.7806E-04  1.4457E-05  7.6679E-05 -3.1830E-05 -3.4228E-05
 -1.1413E-04 -1.2207E-04 -1.1495E-04 -1.4355E-04 -1.2117E-04 -1.5587E-04
 -1.1529E-04 -1.3485E-04 -1.1433E-04 -1.2309E-04 -1.1148E-04 -9.8639E-05
 -1.1075E-04 -8.5750E-05 -1.0857E-04 -6.9436E-05 -1.0605E-04 -5.9034E-05
 -1.0406E-04 -4.8690E-05 -1.0194E-04 -4.1834E-05 -9.9578E-05 -3.5555E-05
 -9.6453E-05 -3.1675E-05 -9.2865E-05 -2.7735E-05 -8.9151E-05 -2.4647E-05
 -8.5726E-05 -2.1776E-05 -8.2429E-05 -1.9601E-05 -7.9189E-05 -1.8053E-05
 -7.5717E-05 -1.6865E-05 -7.2217E-05 -1.5718E-05 -6.8911E-05 -1.4615E-05
 -6.5955E-05 -1.3642E-05 -6.3182E-05 -1.2974E-05 -6.0490E-05 -1.2556E-05
 -5.7776E-05 -1.2206E-05 -5.5243E-05 -1.1783E-05 -5.2996E-05 -1.1362E-05
 -5.1024E-05 -1.1079E-05 -4.9147E-05 -1.0992E-05 -4.7263E-05 -1.0958E-05
 -4.5426E-05 -1.0815E-05 -4.3829E-05 -1.0546E-05 -4.2537E-05 -1.0301E-05
 -4.1426E-05 -1.0227E-05 -4.0287E-05 -1.0281E-05 -3.9052E-05 -1.0276E-05
 -3.7875E-05 -1.0055E-05 -3.6953E-05 -9.6833E-06 -3.6310E-05 -9.3748E-06
 -3.5755E-05 -9.2562E-06 -3.5075E-05 -9.2316E-06 -3.4240E-05 -9.0738E-06
 -3.3452E-05 -8.6664E-06 -3.2924E-05 -8.1182E-06 -3.2627E-05 -7.6733E-06
 -3.2335E-05 -7.4355E-06 -3.1843E-05 -7.2648E-06 -3.1178E-05 -6.9216E-06
 -3.0576E-05 -6.3234E-06 -3.0219E-05 -5.6341E-06 -3.0047E-05 -5.0991E-06
 -2.9803E-05 -4.7745E-06 -2.9321E-05 -4.4883E-06 -2.8683E-05 -4.0136E-06
 -2.8130E-05 -3.3075E-06 -2.7822E-05 -2.5748E-06 -2.7638E-05 -2.0407E-06
 -2.7335E-05 -1.7056E-06 -2.6781E-05 -1.3773E-06 -2.6106E-05 -8.4188E-07
 -2.5566E-05 -1.1994E-07 -2.5252E-05  5.6647E-07 -2.5016E-05  1.0267E-06
 -2.4614E-05  1.3034E-06 -2.3979E-05  1.6150E-06 -2.3277E-05  2.1328E-06
 -2.2739E-05  2.7939E-06 -2.2416E-05  3.3695E-06 -2.2123E-05  3.7009E-06
 -2.1634E-05  3.8890E-06 -2.0943E-05  4.1497E-06 -2.0247E-05  4.6107E-06
 -1.9747E-05  5.1614E-06 -1.9427E-05  5.5792E-06 -1.9086E-05  5.7709E-06
 -1.8549E-05  5.8602E-06 -1.7858E-05  6.0609E-06 -1.7215E-05  6.4428E-06
 -1.6777E-05  6.8626E-06 -1.6480E-05  7.1221E-06 -1.6120E-05  7.1779E-06
 -1.5575E-05  7.1890E-06 -1.4927E-05  7.3395E-06 -1.4383E-05  7.6431E-06
 -1.4031E-05  7.9340E-06 -1.3778E-05  8.0505E-06 -1.3419E-05  8.0101E-06
 -1.2900E-05  7.9784E-06 -1.2334E-05  8.1047E-06 -1.1911E-05  8.3477E-06
 -1.1654E-05  8.5288E-06 -1.1437E-05  8.5417E-06 -1.1097E-05  8.4478E-06
 -1.0622E-05  8.4237E-06 -1.0158E-05  8.5555E-06 -9.8474E-06  8.7530E-06
 -9.6736E-06  8.8646E-06 -9.4816E-06  8.8196E-06 -9.1544E-06  8.7189E-06
 -8.7254E-06  8.7280E-06 -8.3507E-06  8.8793E-06 -8.1326E-06  9.0537E-06
 -8.0006E-06  9.1130E-06 -7.8065E-06  9.0442E-06 -7.4793E-06  8.9776E-06
 -7.0857E-06  9.0319E-06 -6.7786E-06  9.2027E-06 -6.6127E-06  9.3551E-06
 -6.4837E-06  9.3797E-06 -6.2637E-06  9.3062E-06 -5.9146E-06  9.2783E-06
 -5.5537E-06  9.3734E-06 -5.2914E-06  9.5434E-06 -5.1350E-06  9.6599E-06
 -4.9764E-06  9.6432E-06 -4.7042E-06  9.5792E-06 -4.3436E-06  9.5858E-06
 -3.9981E-06  9.6979E-06 -3.7618E-06  9.8350E-06 -3.5925E-06  9.8927E-06
 -3.3785E-06  9.8431E-06 -3.0589E-06  9.7791E-06 -2.6875E-06  9.7957E-06
 -2.3651E-06  9.8999E-06 -2.1418E-06  9.9810E-06 -1.9446E-06  9.9655E-06
 -1.6792E-06  9.8647E-06 -1.3256E-06  9.7989E-06 -9.5558E-07  9.8161E-06
 -6.6587E-07  9.8734E-06 -4.4725E-07  9.8748E-06 -2.2276E-07  9.7776E-06
  8.1444E-08  9.6415E-06  4.4856E-07  9.5573E-06  7.8958E-07  9.5425E-06
  1.0456E-06  9.5325E-06  1.2520E-06  9.4450E-06  1.4987E-06  9.2759E-06
  1.8223E-06  9.0991E-06  2.1659E-06  8.9904E-06  2.4559E-06  8.9305E-06
  2.6679E-06  8.8396E-06  2.8612E-06  8.6655E-06  3.1076E-06  8.4343E-06
  3.4127E-06  8.2324E-06  3.7069E-06  8.0957E-06  3.9305E-06  7.9821E-06
  4.0890E-06  7.8065E-06  4.2563E-06  7.5614E-06  4.4846E-06  7.2949E-06
  4.7437E-06  7.0816E-06  4.9625E-06  6.9212E-06  5.1054E-06  6.7538E-06
  5.2086E-06  6.5155E-06  5.3480E-06  6.2271E-06  5.5348E-06  5.9515E-06
  5.7332E-06  5.7416E-06  5.8593E-06  5.5641E-06  5.9225E-06  5.3546E-06
  5.9768E-06  5.0793E-06  6.0805E-06  4.7802E-06  6.2264E-06  4.5204E-06
  6.3434E-06  4.3283E-06  6.3851E-06  4.1421E-06  6.3796E-06  3.9100E-06
  6.3957E-06  3.6178E-06  6.4669E-06  3.3368E-06  6.5611E-06  3.1155E-06
  6.6016E-06  2.9430E-06  6.5685E-06  2.7567E-06  6.5180E-06  2.5143E-06
  6.5120E-06  2.2305E-06  6.5582E-06  1.9849E-06  6.5935E-06  1.8067E-06
  6.5646E-06  1.6598E-06  6.4802E-06  1.4751E-06  6.4043E-06  1.2364E-06
  6.3851E-06  9.8169E-07  6.4041E-06  7.8582E-07  6.3892E-06  6.4305E-07
  6.3069E-06  5.1217E-07  6.1961E-06  3.3524E-07  6.1111E-06  1.0950E-07
  6.0843E-06 -1.0294E-07  6.0709E-06 -2.5263E-07  6.0159E-06 -3.5784E-07
  5.8956E-06 -4.8040E-07  5.7726E-06 -6.5640E-07  5.6972E-06 -8.5365E-07
  5.6621E-06 -1.0221E-06  5.6221E-06 -1.1267E-06  5.5276E-06 -1.2132E-06
  5.3930E-06 -1.3335E-06  5.2735E-06 -1.4950E-06  5.2019E-06 -1.6651E-06
  5.1622E-06 -1.7907E-06  5.0943E-06 -1.8636E-06  4.9698E-06 -1.9437E-06
  4.8282E-06 -2.0650E-06  4.7192E-06 -2.2165E-06  4.6534E-06 -2.3555E-06
  4.5946E-06 -2.4431E-06  4.4990E-06 -2.4959E-06  4.3567E-06 -2.5732E-06
  4.2208E-06 -2.6957E-06  4.1138E-06 -2.8281E-06  4.0455E-06 -2.9328E-06
  3.9687E-06 -2.9918E-06  3.8422E-06 -3.0416E-06  3.6893E-06 -3.1190E-06
  3.5533E-06 -3.2299E-06  3.4532E-06 -3.3372E-06  3.3689E-06 -3.4105E-06
  3.2589E-06 -3.4486E-06  3.1139E-06 -3.4872E-06  2.9555E-06 -3.5579E-06
  2.8285E-06 -3.6502E-06  2.7205E-06 -3.7253E-06  2.6174E-06 -3.7634E-06
  2.4857E-06 -3.7824E-06  2.3235E-06 -3.8134E-06  2.1712E-06 -3.8737E-06
  2.0408E-06 -3.9340E-06  1.9258E-06 -3.9674E-06  1.8038E-06 -3.9704E-06
  1.6503E-06 -3.9693E-06  1.4897E-06 -3.9885E-06  1.3442E-06 -4.0255E-06
  1.2223E-06 -4.0423E-06  1.1019E-06 -4.0339E-06  9.6091E-07 -4.0099E-06
  8.0477E-07 -3.9955E-06  6.5267E-07 -3.9932E-06  5.2254E-07 -3.9935E-06
  4.0532E-07 -3.9703E-06  2.7861E-07 -3.9213E-06  1.3765E-07 -3.8688E-06
 -1.3275E-08 -3.8334E-06 -1.4056E-07 -3.8073E-06 -2.5217E-07 -3.7677E-06
 -3.5953E-07 -3.7056E-06 -4.8108E-07 -3.6246E-06 -6.1282E-07 -3.5573E-06
 -7.3951E-07 -3.5011E-06 -8.3881E-07 -3.4437E-06 -9.2690E-07 -3.3646E-06
 -1.0227E-06 -3.2673E-06 -1.1291E-06 -3.1685E-06 -1.2315E-06 -3.0881E-06
 -1.3212E-06 -3.0160E-06 -1.3885E-06 -2.9262E-06 -1.4514E-06 -2.8171E-06
 -1.5280E-06 -2.7008E-06 -1.6072E-06 -2.5985E-06 -1.6760E-06 -2.5105E-06
 -1.7242E-06 -2.4232E-06 -1.7506E-06 -2.3123E-06 -1.7875E-06 -2.1902E-06
 -1.8403E-06 -2.0712E-06 -1.8909E-06 -1.9719E-06 -1.9155E-06 -1.8886E-06
 -1.9184E-06 -1.7902E-06 -1.9157E-06 -1.6715E-06 -1.9280E-06 -1.5493E-06
 -1.9593E-06 -1.4437E-06 -1.9710E-06 -1.3607E-06 -1.9544E-06 -1.2853E-06
 -1.9220E-06 -1.1893E-06 -1.8988E-06 -1.0721E-06 -1.8973E-06 -9.6618E-07
 -1.8988E-06 -8.8547E-07 -1.8739E-06 -8.2270E-07 -1.8264E-06 -7.6032E-07
 -1.7710E-06 -6.6876E-07 -1.7393E-06 -5.6891E-07 -1.7196E-06 -4.9263E-07
 -1.6963E-06 -4.4181E-07 -1.6503E-06 -4.0432E-07 -1.5768E-06 -3.4934E-07
 -1.5171E-06 -2.7943E-07 -1.4798E-06 -2.0963E-07 -1.4549E-06 -1.6082E-07
 -1.4144E-06 -1.4183E-07 -1.3467E-06 -1.2056E-07 -1.2724E-06 -8.3275E-08
 -1.2110E-06 -3.2819E-08 -1.1814E-06  1.0149E-08 -1.1542E-06  1.9794E-08
 -1.1033E-06  1.3827E-08 -1.0300E-06  2.0556E-08 -9.6185E-07  4.4328E-08
 -9.2228E-07  7.2561E-08 -8.9460E-07  8.5844E-08 -8.7163E-07  6.9903E-08
 -8.1687E-07  4.7124E-08 -7.5269E-07  4.1724E-08 -7.0544E-07  5.7017E-08
 -6.8453E-07  6.6579E-08 -6.6928E-07  5.1406E-08 -6.4895E-07  1.3763E-08
 -6.0348E-07 -1.3256E-08 -5.5332E-07 -2.0840E-08 -5.3226E-07 -1.1850E-08
 -5.3149E-07 -1.8237E-08 -5.3032E-07 -4.9121E-08 -5.1125E-07 -9.1522E-08
 -4.7495E-07 -1.1728E-07 -4.4689E-07 -1.2129E-07 -4.4294E-07 -1.2065E-07
 -4.6163E-07 -1.3386E-07 -4.6672E-07 -1.6782E-07 -4.5545E-07 -2.0684E-07
 -4.3539E-07 -2.2586E-07 -4.2969E-07 -2.2053E-07 -4.4446E-07 -2.2270E-07
 -4.6946E-07 -2.4061E-07 -4.8376E-07 -2.7826E-07 -4.7461E-07 -2.9625E-07
 -4.6650E-07 -3.0310E-07 -4.8299E-07 -2.9775E-07 -5.0611E-07 -2.9827E-07
 -5.3640E-07 -3.1702E-07 -5.4374E-07 -3.3858E-07 -5.4470E-07 -3.4567E-07
 -5.4782E-07 -3.3778E-07 -5.7507E-07 -3.2560E-07 -6.0829E-07 -3.2591E-07
 -6.3029E-07 -3.3896E-07 -6.3866E-07 -3.5076E-07 -6.3935E-07 -3.3960E-07
 -6.5557E-07 -3.1978E-07 -6.8496E-07 -3.0275E-07 -7.1357E-07 -2.9991E-07
 -7.2927E-07 -3.0662E-07 -7.3228E-07 -3.0082E-07 -7.3993E-07 -2.8095E-07
 -7.5584E-07 -2.5122E-07 -7.8179E-07 -2.3550E-07 -8.0263E-07 -2.3164E-07
 -8.1049E-07 -2.2718E-07 -8.1058E-07 -2.0859E-07 -8.1462E-07 -1.8242E-07
 -8.3298E-07 -1.5394E-07 -8.5287E-07 -1.3637E-07 -8.6262E-07 -1.2930E-07
 -8.6144E-07 -1.1836E-07 -8.5847E-07 -8.8941E-08 -8.6529E-07 -6.1259E-08
 -8.7598E-07 -3.5307E-08 -8.9103E-07 -2.0361E-08 -8.9190E-07 -1.0301E-08
 -8.8712E-07  9.5848E-09 -8.8359E-07  3.5803E-08 -8.8509E-07  6.4455E-08
 -8.9368E-07  8.5933E-08 -8.9687E-07  9.8090E-08 -8.9009E-07  1.1486E-07
 -8.8229E-07  1.3611E-07 -8.7718E-07  1.6025E-07 -8.7973E-07  1.8504E-07
 -8.8172E-07  2.0426E-07 -8.7538E-07  2.2100E-07 -8.7320E-07  2.3440E-07
 -8.5884E-07  2.5775E-07 -8.5512E-07  2.8267E-07 -8.5367E-07  3.0549E-07
 -8.5086E-07  3.1895E-07 -8.4286E-07  3.3195E-07 -8.2852E-07  3.5086E-07
 -8.1879E-07  3.7484E-07 -8.1283E-07  3.9649E-07 -8.1342E-07  4.1508E-07
 -8.0609E-07  4.2809E-07 -7.8971E-07  4.4302E-07 -7.7556E-07  4.6100E-07
 -7.6679E-07  4.8332E-07 -7.6226E-07  5.0214E-07 -7.5571E-07  5.1650E-07
 -7.4485E-07  5.3129E-07 -7.2473E-07  5.4644E-07 -7.1542E-07  5.6428E-07
 -7.0146E-07  5.8645E-07 -6.9433E-07  6.0223E-07 -6.8278E-07  6.1756E-07
 -6.6854E-07  6.3179E-07 -6.5338E-07  6.5081E-07 -6.3583E-07  6.6932E-07
 -6.2408E-07  6.8844E-07 -6.1076E-07  7.0424E-07 -5.9470E-07  7.1717E-07
 -5.7611E-07  7.3307E-07 -5.6055E-07  7.4694E-07 -5.4237E-07  7.6937E-07
 -5.2533E-07  7.8301E-07 -5.0924E-07  7.9783E-07 -4.8829E-07  8.1080E-07
 -4.6411E-07  8.2507E-07 -4.4609E-07  8.4158E-07 -4.2143E-07  8.5604E-07
 -4.0233E-07  8.6949E-07 -3.8392E-07  8.7997E-07 -3.5418E-07  8.8867E-07
 -3.2983E-07  9.0061E-07 -3.0304E-07  9.1314E-07 -2.7801E-07  9.2396E-07
 -2.5281E-07  9.3495E-07 -2.3150E-07  9.3905E-07 -2.0067E-07  9.4589E-07
 -1.6904E-07  9.5191E-07 -1.4049E-07  9.6199E-07 -1.1485E-07  9.6676E-07
 -9.1221E-08  9.7000E-07 -6.0106E-08  9.6842E-07 -2.8029E-08  9.6715E-07
  3.3084E-09  9.6697E-07  3.2201E-08  9.7164E-07  5.8580E-08  9.7022E-07
  8.3983E-08  9.6660E-07  1.1532E-07  9.5747E-07  1.4764E-07  9.4858E-07
  1.8189E-07  9.4648E-07  2.1012E-07  9.4385E-07  2.3673E-07  9.3190E-07
  2.6007E-07  9.1991E-07  2.9062E-07  9.0812E-07  3.2098E-07  8.9508E-07
  3.5450E-07  8.8434E-07  3.7643E-07  8.7281E-07  4.0054E-07  8.5611E-07
  4.2193E-07  8.3754E-07  4.4774E-07  8.1772E-07  4.7778E-07  7.9863E-07
  4.9842E-07  7.8581E-07  5.1727E-07  7.6429E-07  5.3453E-07  7.4321E-07
  5.5660E-07  7.1805E-07  5.7972E-07  6.9324E-07  6.0075E-07  6.7312E-07
  6.1469E-07  6.5782E-07  6.2358E-07  6.3292E-07  6.3452E-07  6.0762E-07
  6.5648E-07  5.7799E-07  6.7104E-07  5.5224E-07  6.8287E-07  5.3184E-07
  6.9157E-07  5.0951E-07  6.9565E-07  4.8721E-07  7.0141E-07  4.4990E-07
  7.1417E-07  4.2637E-07  7.2177E-07  4.0562E-07  7.2414E-07  3.8567E-07
  7.2604E-07  3.6368E-07  7.2402E-07  3.3576E-07  7.2636E-07  3.0521E-07
  7.3419E-07  2.8057E-07  7.3904E-07  2.6118E-07  7.3621E-07  2.4334E-07
  7.2850E-07  2.2347E-07  7.2442E-07  1.9479E-07  7.2280E-07  1.7001E-07
  7.2842E-07  1.5039E-07  7.2560E-07  1.3492E-07  7.1361E-07  1.1553E-07
  7.0557E-07  9.6432E-08  6.9923E-07  7.1870E-08  6.9949E-07  5.2620E-08
  6.9667E-07  3.7454E-08  6.9024E-07  2.6595E-08  6.7707E-07  6.9361E-09
  6.6854E-07 -1.2640E-08  6.6180E-07 -3.2307E-08  6.5797E-07 -4.5243E-08
  6.5225E-07 -5.4676E-08  6.4059E-07 -6.4338E-08
