# 181 angles,  3 tensor ranks for 0=projectile
@subtitle   "** 70 channel, 6Li + 58Si at 34.0 MeV"                                         
@legend ON
@legend x1 0.2
@legend y1 0.8
@g0 type LOGY
@yaxis ticklabel format power
@legend string   0 "Lab energy =   34.0000"
#legend string   0 "Partition=  1 Excit=  4 near/far= 1"
#  Theta       sigma       iT11        T20         T21         T22         Kyy for projectile
   0.000       1.884       0.000     -0.5511       0.000       0.000    
   1.000       1.836     -0.9736E-02 -0.5397     -0.1351      0.2408E-01
   2.000       1.732      0.8163E-02 -0.4849     -0.2647      0.9177E-01
   3.000       1.671      0.7703E-01 -0.3402     -0.3590      0.1769    
   4.000       1.742      0.1828     -0.9833E-01 -0.3748      0.2243    
   5.000       1.965      0.2676      0.1623     -0.3125      0.1998    
   6.000       2.273      0.2938      0.3615     -0.2200      0.1245    
   7.000       2.543      0.2684      0.4822     -0.1357      0.3423E-01
   8.000       2.646      0.2114      0.5420     -0.7074E-01 -0.5128E-01
   9.000       2.496      0.1347      0.5619     -0.2135E-01 -0.1242    
   10.00       2.088      0.3947E-01  0.5555      0.2200E-01 -0.1799    
   11.00       1.528     -0.7629E-01  0.5207      0.7189E-01 -0.2087    
   12.00      0.9887     -0.1953      0.4293      0.1435     -0.1821    
   13.00      0.6135     -0.2279      0.2385      0.2420     -0.4304E-01
   14.00      0.4427     -0.4763E-01  0.3721E-01  0.3146      0.1946    
   15.00      0.4209      0.1743      0.7197E-01  0.2924      0.3186    
   16.00      0.4644      0.1989      0.2887      0.2261      0.2632    
   17.00      0.5130      0.8900E-01  0.4948      0.1684      0.1414    
   18.00      0.5372     -0.4403E-01  0.6133      0.1235      0.2805E-01
   19.00      0.5248     -0.1478      0.6427      0.8341E-01 -0.4311E-01
   20.00      0.4777     -0.2087      0.6104      0.4186E-01 -0.5630E-01
   21.00      0.4126     -0.2199      0.5511      0.4958E-03 -0.7641E-02
   22.00      0.3544     -0.1643      0.5025     -0.2486E-01  0.8447E-01
   23.00      0.3244     -0.3551E-01  0.4942     -0.1042E-01  0.1609    
   24.00      0.3303      0.1167      0.5179      0.4138E-01  0.1570    
   25.00      0.3631      0.2200      0.5337      0.9333E-01  0.7947E-01
   26.00      0.4035      0.2545      0.5211      0.1183     -0.1861E-01
   27.00      0.4310      0.2417      0.4855      0.1149     -0.1030    
   28.00      0.4351      0.2078      0.4380      0.9168E-01 -0.1632    
   29.00      0.4180      0.1746      0.3883      0.5918E-01 -0.1959    
   30.00      0.3913      0.1613      0.3460      0.2999E-01 -0.1970    
   31.00      0.3671      0.1812      0.3207      0.1736E-01 -0.1655    
   32.00      0.3528      0.2301      0.3165      0.2784E-01 -0.1107    
   33.00      0.3481      0.2843      0.3276      0.5552E-01 -0.5341E-01
   34.00      0.3468      0.3183      0.3420      0.8742E-01 -0.1330E-01
   35.00      0.3407      0.3220      0.3497      0.1136      0.3497E-03
   36.00      0.3241      0.2998      0.3449      0.1301     -0.1256E-01
   37.00      0.2967      0.2631      0.3246      0.1362     -0.4764E-01
   38.00      0.2635      0.2260      0.2881      0.1315     -0.9641E-01
   39.00      0.2316      0.2050      0.2396      0.1156     -0.1433    
   40.00      0.2069      0.2129      0.1915      0.9025E-01 -0.1660    
   41.00      0.1922      0.2467      0.1627      0.6140E-01 -0.1480    
   42.00      0.1861      0.2854      0.1653      0.3846E-01 -0.9413E-01
   43.00      0.1846      0.3078      0.1950      0.2788E-01 -0.2854E-01
   44.00      0.1824      0.3063      0.2374      0.2983E-01  0.2526E-01
   45.00      0.1759      0.2847      0.2788      0.4039E-01  0.5469E-01
   46.00      0.1641      0.2502      0.3084      0.5433E-01  0.5614E-01
   47.00      0.1480      0.2119      0.3181      0.6609E-01  0.3151E-01
   48.00      0.1303      0.1807      0.3021      0.6968E-01 -0.1240E-01
   49.00      0.1140      0.1669      0.2600      0.5965E-01 -0.6238E-01
   50.00      0.1015      0.1765      0.2026      0.3450E-01 -0.9947E-01
   51.00      0.9353E-01  0.2051      0.1521      0.4474E-03 -0.1071    
   52.00      0.8957E-01  0.2390      0.1303     -0.3064E-01 -0.8323E-01
   53.00      0.8796E-01  0.2630      0.1437     -0.4930E-01 -0.4250E-01
   54.00      0.8677E-01  0.2686      0.1826     -0.5324E-01 -0.4305E-02
   55.00      0.8434E-01  0.2558      0.2313     -0.4539E-01  0.1738E-01
   56.00      0.7971E-01  0.2309      0.2758     -0.3047E-01  0.1615E-01
   57.00      0.7283E-01  0.2021      0.3053     -0.1321E-01 -0.9121E-02
   58.00      0.6454E-01  0.1772      0.3108      0.1565E-02 -0.5570E-01
   59.00      0.5609E-01  0.1634      0.2859      0.8439E-02 -0.1155    
   60.00      0.4867E-01  0.1668      0.2306      0.1764E-02 -0.1721    
   61.00      0.4302E-01  0.1876      0.1571     -0.2159E-01 -0.2030    
   62.00      0.3938E-01  0.2152      0.9055E-01 -0.5811E-01 -0.1909    
   63.00      0.3743E-01  0.2332      0.5610E-01 -0.9735E-01 -0.1389    
   64.00      0.3649E-01  0.2320      0.6335E-01 -0.1283     -0.6945E-01
   65.00      0.3575E-01  0.2128      0.1043     -0.1455     -0.7837E-02
   66.00      0.3458E-01  0.1820      0.1631     -0.1493      0.2923E-01
   67.00      0.3267E-01  0.1459      0.2239     -0.1423      0.3468E-01
   68.00      0.3001E-01  0.1112      0.2729     -0.1280      0.8446E-02
   69.00      0.2678E-01  0.8539E-01  0.2988     -0.1102     -0.4433E-01
   70.00      0.2335E-01  0.7496E-01  0.2917     -0.9321E-01 -0.1140    
   71.00      0.2013E-01  0.8376E-01  0.2450     -0.8282E-01 -0.1854    
   72.00      0.1747E-01  0.1113      0.1613     -0.8590E-01 -0.2382    
   73.00      0.1553E-01  0.1503      0.5911E-01 -0.1077     -0.2528    
   74.00      0.1431E-01  0.1862     -0.3041E-01 -0.1470     -0.2229    
   75.00      0.1368E-01  0.2021     -0.7946E-01 -0.1942     -0.1625    
   76.00      0.1340E-01  0.1912     -0.7926E-01 -0.2370     -0.9711E-01
   77.00      0.1316E-01  0.1593     -0.3963E-01 -0.2679     -0.4691E-01
   78.00      0.1272E-01  0.1174      0.2305E-01 -0.2847     -0.1975E-01
   79.00      0.1193E-01  0.7381E-01  0.9405E-01 -0.2880     -0.1555E-01
   80.00      0.1084E-01  0.3461E-01  0.1609     -0.2783     -0.3152E-01
   81.00      0.9563E-02  0.7051E-02  0.2113     -0.2565     -0.6366E-01
   82.00      0.8255E-02 -0.5742E-03  0.2312     -0.2241     -0.1062    
   83.00      0.7078E-02  0.1681E-01  0.2053     -0.1851     -0.1504    
   84.00      0.6150E-02  0.5596E-01  0.1247     -0.1486     -0.1843    
   85.00      0.5509E-02  0.1044      0.2679E-03 -0.1293     -0.1964    
   86.00      0.5112E-02  0.1459     -0.1348     -0.1395     -0.1825    
   87.00      0.4885E-02  0.1675     -0.2428     -0.1806     -0.1495    
   88.00      0.4753E-02  0.1639     -0.3010     -0.2427     -0.1110    
   89.00      0.4646E-02  0.1384     -0.3058     -0.3115     -0.7940E-01
   90.00      0.4494E-02  0.1011     -0.2674     -0.3744     -0.6173E-01
   91.00      0.4251E-02  0.6144E-01 -0.2007     -0.4217     -0.5933E-01
   92.00      0.3915E-02  0.2569E-01 -0.1200     -0.4458     -0.7072E-01
   93.00      0.3519E-02 -0.1314E-02 -0.3891E-01 -0.4410     -0.9302E-01
   94.00      0.3099E-02 -0.1305E-01  0.3029E-01 -0.4052     -0.1218    
   95.00      0.2689E-02 -0.2958E-02  0.7532E-01 -0.3408     -0.1506    
   96.00      0.2322E-02  0.2993E-01  0.8264E-01 -0.2558     -0.1712    
   97.00      0.2024E-02  0.7684E-01  0.4108E-01 -0.1670     -0.1753    
   98.00      0.1806E-02  0.1228     -0.4711E-01 -0.1005     -0.1591    
   99.00      0.1659E-02  0.1555     -0.1615     -0.7809E-01 -0.1270    
   100.0      0.1565E-02  0.1687     -0.2743     -0.1046     -0.8917E-01
   101.0      0.1504E-02  0.1598     -0.3634     -0.1690     -0.5697E-01
   102.0      0.1455E-02  0.1312     -0.4167     -0.2534     -0.3821E-01
   103.0      0.1396E-02  0.9155E-01 -0.4338     -0.3413     -0.3536E-01
   104.0      0.1314E-02  0.5205E-01 -0.4220     -0.4198     -0.4677E-01
   105.0      0.1211E-02  0.2142E-01 -0.3899     -0.4789     -0.6957E-01
   106.0      0.1105E-02  0.5806E-02 -0.3434     -0.5104     -0.1007    
   107.0      0.1005E-02  0.1095E-01 -0.2870     -0.5092     -0.1353    
   108.0      0.9146E-03  0.4056E-01 -0.2276     -0.4751     -0.1659    
   109.0      0.8317E-03  0.9018E-01 -0.1762     -0.4129     -0.1826    
   110.0      0.7560E-03  0.1451     -0.1426     -0.3325     -0.1783    
   111.0      0.6879E-03  0.1884     -0.1303     -0.2478     -0.1522    
   112.0      0.6259E-03  0.2113     -0.1375     -0.1733     -0.1107    
   113.0      0.5675E-03  0.2117     -0.1628     -0.1205     -0.6315E-01
   114.0      0.5127E-03  0.1857     -0.2075     -0.9924E-01 -0.1961E-01
   115.0      0.4652E-03  0.1295     -0.2701     -0.1185      0.7808E-02
   116.0      0.4290E-03  0.5477E-01 -0.3431     -0.1801      0.8071E-02
   117.0      0.4047E-03 -0.9460E-02 -0.4170     -0.2725     -0.1944E-01
   118.0      0.3907E-03 -0.3806E-01 -0.4845     -0.3739     -0.6293E-01
   119.0      0.3850E-03 -0.2758E-01 -0.5370     -0.4619     -0.1071    
   120.0      0.3844E-03  0.8932E-02 -0.5652     -0.5203     -0.1405    
   121.0      0.3827E-03  0.5804E-01 -0.5683     -0.5435     -0.1570    
   122.0      0.3736E-03  0.1130     -0.5539     -0.5339     -0.1549    
   123.0      0.3562E-03  0.1681     -0.5267     -0.4951     -0.1368    
   124.0      0.3339E-03  0.2128     -0.4839     -0.4321     -0.1098    
   125.0      0.3089E-03  0.2357     -0.4232     -0.3553     -0.8214E-01
   126.0      0.2800E-03  0.2329     -0.3508     -0.2782     -0.5828E-01
   127.0      0.2470E-03  0.2054     -0.2784     -0.2111     -0.3949E-01
   128.0      0.2140E-03  0.1523     -0.2180     -0.1629     -0.2940E-01
   129.0      0.1862E-03  0.7490E-01 -0.1839     -0.1438     -0.3432E-01
   130.0      0.1656E-03 -0.9712E-02 -0.1931     -0.1601     -0.5502E-01
   131.0      0.1504E-03 -0.7293E-01 -0.2591     -0.2057     -0.8271E-01
   132.0      0.1397E-03 -0.9518E-01 -0.3817     -0.2634     -0.1063    
   133.0      0.1341E-03 -0.7637E-01 -0.5362     -0.3112     -0.1181    
   134.0      0.1338E-03 -0.2681E-01 -0.6792     -0.3323     -0.1151    
   135.0      0.1379E-03  0.4559E-01 -0.7782     -0.3257     -0.9864E-01
   136.0      0.1442E-03  0.1297     -0.8270     -0.3029     -0.7349E-01
   137.0      0.1504E-03  0.2026     -0.8342     -0.2765     -0.4487E-01
   138.0      0.1540E-03  0.2439     -0.8134     -0.2540     -0.1682E-01
   139.0      0.1529E-03  0.2545     -0.7772     -0.2379      0.7813E-02
   140.0      0.1470E-03  0.2518     -0.7340     -0.2299      0.2649E-01
   141.0      0.1371E-03  0.2483     -0.6874     -0.2322      0.3734E-01
   142.0      0.1239E-03  0.2371     -0.6377     -0.2447      0.4023E-01
   143.0      0.1080E-03  0.2014     -0.5851     -0.2633      0.3608E-01
   144.0      0.9087E-04  0.1358     -0.5302     -0.2842      0.2410E-01
   145.0      0.7456E-04  0.5540E-01 -0.4740     -0.3075      0.8957E-03
   146.0      0.6111E-04 -0.1734E-01 -0.4190     -0.3327     -0.3692E-01
   147.0      0.5211E-04 -0.7538E-01 -0.3787     -0.3469     -0.8783E-01
   148.0      0.4863E-04 -0.1195     -0.3821     -0.3346     -0.1382    
   149.0      0.5043E-04 -0.1348     -0.4433     -0.3047     -0.1660    
   150.0      0.5588E-04 -0.1075     -0.5384     -0.2768     -0.1621    
   151.0      0.6367E-04 -0.4953E-01 -0.6358     -0.2492     -0.1335    
   152.0      0.7386E-04  0.9921E-02 -0.7145     -0.2163     -0.9380E-01
   153.0      0.8592E-04  0.4730E-01 -0.7657     -0.1884     -0.5493E-01
   154.0      0.9676E-04  0.6246E-01 -0.7967     -0.1726     -0.2014E-01
   155.0      0.1030E-03  0.6975E-01 -0.8196     -0.1599      0.1304E-01
   156.0      0.1040E-03  0.8020E-01 -0.8379     -0.1379      0.4433E-01
   157.0      0.1018E-03  0.9256E-01 -0.8457     -0.1088      0.6805E-01
   158.0      0.9663E-04  0.9803E-01 -0.8390     -0.8862E-01  0.8066E-01
   159.0      0.8693E-04  0.9328E-01 -0.8244     -0.8431E-01  0.8584E-01
   160.0      0.7316E-04  0.8423E-01 -0.8117     -0.8723E-01  0.8745E-01
   161.0      0.5860E-04  0.7813E-01 -0.8001     -0.9066E-01  0.8113E-01
   162.0      0.4600E-04  0.6881E-01 -0.7708     -0.1058      0.5513E-01
   163.0      0.3538E-04  0.3448E-01 -0.6974     -0.1479      0.1539E-03
   164.0      0.2602E-04 -0.3785E-01 -0.5637     -0.2005     -0.8947E-01
   165.0      0.1873E-04 -0.1280     -0.3701     -0.2093     -0.2191    
   166.0      0.1486E-04 -0.1718     -0.1542     -0.1236     -0.3664    
   167.0      0.1494E-04 -0.1174     -0.1845E-01  0.3077E-01 -0.4666    
   168.0      0.1912E-04 -0.5212E-02 -0.5322E-01  0.1640     -0.4813    
   169.0      0.2706E-04  0.9980E-01 -0.2168      0.2221     -0.4351    
   170.0      0.3721E-04  0.1718     -0.4167      0.2136     -0.3665    
   171.0      0.4830E-04  0.2060     -0.6006      0.1739     -0.2963    
   172.0      0.6218E-04  0.2041     -0.7409      0.1345     -0.2336    
   173.0      0.8213E-04  0.1816     -0.8261      0.1013     -0.1822    
   174.0      0.1070E-03  0.1586     -0.8773      0.6530E-01 -0.1395    
   175.0      0.1304E-03  0.1391     -0.9220      0.2832E-01 -0.9976E-01
   176.0      0.1485E-03  0.1153     -0.9642      0.5126E-02 -0.6075E-01
   177.0      0.1654E-03  0.8180E-01 -0.9870      0.6743E-02 -0.2760E-01
   178.0      0.1867E-03  0.4573E-01 -0.9787      0.1904E-01 -0.8114E-02
   179.0      0.2085E-03  0.1840E-01 -0.9559      0.1747E-01 -0.1236E-02
   180.0      0.2181E-03   0.000     -0.9448       0.000       0.000    
 END
