# 572  0.2100   34.0000 = NLN,RINTP,ELAB
   0.000    0.000000    0.000000
   0.210  -14.779295    8.393580
   0.420  -15.998145    8.045863
   0.630  -16.718545    6.740966
   0.840  -17.025118    4.401368
   1.050  -17.158298    1.364359
   1.260  -15.895140   -3.645206
   1.470  -11.352611   -9.321152
   1.680   -3.895822  -13.120221
   1.890    3.733195  -13.273994
   2.100    9.415117   -9.818139
   2.310   12.103812   -5.533816
   2.520   13.086909   -1.509503
   2.730   12.963030    0.972847
   2.940   12.456138    3.336557
   3.150   11.362338    4.851401
   3.360    9.683148    5.738385
   3.570    7.973892    6.574091
   3.780    6.633731    7.943166
   3.990    4.850978    9.719802
   4.200    1.564900   11.985514
   4.410   -4.475797   13.425017
   4.620  -13.806166   10.283049
   4.830  -22.152188   -2.571005
   5.040  -18.728278  -22.275746
   5.250   -3.095155  -35.183441
   5.460   10.930295  -37.050052
   5.670   17.248255  -33.481223
   5.880   17.889240  -28.275305
   6.090   15.821234  -22.721807
   6.300   13.080986  -17.337623
   6.510   10.608970  -12.567063
   6.720    8.647225   -8.654547
   6.930    7.148291   -5.698422
   7.140    5.935361   -3.636272
   7.350    4.877041   -2.275699
   7.560    3.920108   -1.407422
   7.770    3.068082   -0.847073
   7.980    2.349323   -0.478420
   8.190    1.773597   -0.235229
   8.400    1.333222   -0.079260
   8.610    1.002972    0.010718
   8.820    0.758890    0.058342
   9.030    0.576612    0.075729
   9.240    0.440017    0.078602
   9.450    0.336176    0.071706
   9.660    0.256964    0.062280
   9.870    0.196239    0.051498
  10.080    0.149786    0.041575
  10.290    0.114479    0.032437
  10.500    0.087579    0.025059
  10.710    0.067048    0.018573
  10.920    0.051388    0.013575
  11.130    0.039297    0.009631
  11.340    0.029948    0.006607
  11.550    0.022632    0.004659
  11.760    0.017245    0.003608
  11.970    0.013260    0.002776
  12.180    0.010504    0.002032
  12.390    0.007806    0.001231
  12.600    0.005140    0.000516
  12.810    0.003005    0.000791
  13.020    0.001727    0.001593
  13.230    0.001684    0.001524
  13.440    0.000868    0.000749
  13.650    0.000028    0.000169
  13.860   -0.000736    0.000338
  14.070   -0.000480    0.000044
  14.280   -0.000086   -0.000339
  14.490   -0.000098   -0.001066
  14.700   -0.000233   -0.001423
  14.910   -0.001075   -0.001464
  15.120   -0.000886   -0.000688
  15.330   -0.000695   -0.000022
  15.540    0.000450    0.000440
  15.750    0.000964   -0.000152
  15.960    0.000832   -0.000880
  16.170    0.000214   -0.001173
  16.380   -0.000398   -0.000668
  16.590   -0.000371   -0.000399
  16.800   -0.000307    0.000223
  17.010    0.000091   -0.000063
  17.220   -0.000338   -0.000882
  17.430   -0.001137   -0.001279
  17.640   -0.001354   -0.001720
  17.850   -0.001347   -0.001940
  18.060   -0.001847   -0.001632
  18.270   -0.002301   -0.000965
  18.480   -0.002383   -0.000236
  18.690   -0.001794    0.000288
  18.900   -0.000895    0.000796
  19.110   -0.000173    0.001063
  19.320    0.000104    0.001072
  19.530    0.000234    0.000944
  19.740    0.000298    0.000706
  19.950    0.000226    0.000457
  20.160    0.000180    0.000278
  20.370    0.000014    0.000077
  20.580   -0.000032   -0.000034
  20.790   -0.000114   -0.000122
  21.000   -0.000115   -0.000144
  21.210   -0.000121   -0.000156
  21.420   -0.000115   -0.000135
  21.630   -0.000114   -0.000123
  21.840   -0.000111   -0.000099
  22.050   -0.000111   -0.000086
  22.260   -0.000109   -0.000069
  22.470   -0.000106   -0.000059
  22.680   -0.000104   -0.000049
  22.890   -0.000102   -0.000042
  23.100   -0.000100   -0.000036
  23.310   -0.000096   -0.000032
  23.520   -0.000093   -0.000028
  23.730   -0.000089   -0.000025
  23.940   -0.000086   -0.000022
  24.150   -0.000082   -0.000020
  24.360   -0.000079   -0.000018
  24.570   -0.000076   -0.000017
  24.780   -0.000072   -0.000016
  24.990   -0.000069   -0.000015
  25.200   -0.000066   -0.000014
  25.410   -0.000063   -0.000013
  25.620   -0.000060   -0.000013
  25.830   -0.000058   -0.000012
  26.040   -0.000055   -0.000012
  26.250   -0.000053   -0.000011
  26.460   -0.000051   -0.000011
  26.670   -0.000049   -0.000011
  26.880   -0.000047   -0.000011
  27.090   -0.000045   -0.000011
  27.300   -0.000044   -0.000011
  27.510   -0.000043   -0.000010
  27.720   -0.000041   -0.000010
  27.930   -0.000040   -0.000010
  28.140   -0.000039   -0.000010
  28.350   -0.000038   -0.000010
  28.560   -0.000037   -0.000010
  28.770   -0.000036   -0.000009
  28.980   -0.000036   -0.000009
  29.190   -0.000035   -0.000009
  29.400   -0.000034   -0.000009
  29.610   -0.000033   -0.000009
  29.820   -0.000033   -0.000008
  30.030   -0.000033   -0.000008
  30.240   -0.000032   -0.000007
  30.450   -0.000032   -0.000007
  30.660   -0.000031   -0.000007
  30.870   -0.000031   -0.000006
  31.080   -0.000030   -0.000006
  31.290   -0.000030   -0.000005
  31.500   -0.000030   -0.000005
  31.710   -0.000029   -0.000004
  31.920   -0.000029   -0.000004
  32.130   -0.000028   -0.000003
  32.340   -0.000028   -0.000003
  32.550   -0.000028   -0.000002
  32.760   -0.000027   -0.000002
  32.970   -0.000027   -0.000001
  33.180   -0.000026   -0.000001
  33.390   -0.000026   -0.000000
  33.600   -0.000025    0.000001
  33.810   -0.000025    0.000001
  34.020   -0.000025    0.000001
  34.230   -0.000024    0.000002
  34.440   -0.000023    0.000002
  34.650   -0.000023    0.000003
  34.860   -0.000022    0.000003
  35.070   -0.000022    0.000004
  35.280   -0.000022    0.000004
  35.490   -0.000021    0.000004
  35.700   -0.000020    0.000005
  35.910   -0.000020    0.000005
  36.120   -0.000019    0.000006
  36.330   -0.000019    0.000006
  36.540   -0.000019    0.000006
  36.750   -0.000018    0.000006
  36.960   -0.000017    0.000006
  37.170   -0.000017    0.000007
  37.380   -0.000016    0.000007
  37.590   -0.000016    0.000007
  37.800   -0.000016    0.000007
  38.010   -0.000015    0.000007
  38.220   -0.000014    0.000008
  38.430   -0.000014    0.000008
  38.640   -0.000014    0.000008
  38.850   -0.000013    0.000008
  39.060   -0.000013    0.000008
  39.270   -0.000012    0.000008
  39.480   -0.000012    0.000008
  39.690   -0.000012    0.000009
  39.900   -0.000011    0.000009
  40.110   -0.000011    0.000008
  40.320   -0.000011    0.000008
  40.530   -0.000010    0.000009
  40.740   -0.000010    0.000009
  40.950   -0.000010    0.000009
  41.160   -0.000009    0.000009
  41.370   -0.000009    0.000009
  41.580   -0.000009    0.000009
  41.790   -0.000008    0.000009
  42.000   -0.000008    0.000009
  42.210   -0.000008    0.000009
  42.420   -0.000008    0.000009
  42.630   -0.000007    0.000009
  42.840   -0.000007    0.000009
  43.050   -0.000007    0.000009
  43.260   -0.000007    0.000009
  43.470   -0.000006    0.000009
  43.680   -0.000006    0.000009
  43.890   -0.000006    0.000009
  44.100   -0.000006    0.000009
  44.310   -0.000005    0.000010
  44.520   -0.000005    0.000010
  44.730   -0.000005    0.000010
  44.940   -0.000005    0.000010
  45.150   -0.000004    0.000010
  45.360   -0.000004    0.000010
  45.570   -0.000004    0.000010
  45.780   -0.000004    0.000010
  45.990   -0.000003    0.000010
  46.200   -0.000003    0.000010
  46.410   -0.000003    0.000010
  46.620   -0.000002    0.000010
  46.830   -0.000002    0.000010
  47.040   -0.000002    0.000010
  47.250   -0.000002    0.000010
  47.460   -0.000001    0.000010
  47.670   -0.000001    0.000010
  47.880   -0.000001    0.000010
  48.090   -0.000000    0.000010
  48.300   -0.000000    0.000010
  48.510    0.000000    0.000010
  48.720    0.000000    0.000010
  48.930    0.000001    0.000010
  49.140    0.000001    0.000010
  49.350    0.000001    0.000009
  49.560    0.000001    0.000009
  49.770    0.000002    0.000009
  49.980    0.000002    0.000009
  50.190    0.000002    0.000009
  50.400    0.000003    0.000009
  50.610    0.000003    0.000009
  50.820    0.000003    0.000008
  51.030    0.000003    0.000008
  51.240    0.000004    0.000008
  51.450    0.000004    0.000008
  51.660    0.000004    0.000008
  51.870    0.000004    0.000008
  52.080    0.000004    0.000007
  52.290    0.000005    0.000007
  52.500    0.000005    0.000007
  52.710    0.000005    0.000007
  52.920    0.000005    0.000007
  53.130    0.000005    0.000006
  53.340    0.000006    0.000006
  53.550    0.000006    0.000006
  53.760    0.000006    0.000006
  53.970    0.000006    0.000005
  54.180    0.000006    0.000005
  54.390    0.000006    0.000005
  54.600    0.000006    0.000005
  54.810    0.000006    0.000004
  55.020    0.000006    0.000004
  55.230    0.000006    0.000004
  55.440    0.000006    0.000004
  55.650    0.000006    0.000003
  55.860    0.000007    0.000003
  56.070    0.000007    0.000003
  56.280    0.000007    0.000003
  56.490    0.000007    0.000003
  56.700    0.000007    0.000002
  56.910    0.000007    0.000002
  57.120    0.000007    0.000002
  57.330    0.000007    0.000002
  57.540    0.000006    0.000001
  57.750    0.000006    0.000001
  57.960    0.000006    0.000001
  58.170    0.000006    0.000001
  58.380    0.000006    0.000001
  58.590    0.000006    0.000001
  58.800    0.000006    0.000000
  59.010    0.000006    0.000000
  59.220    0.000006   -0.000000
  59.430    0.000006   -0.000000
  59.640    0.000006   -0.000000
  59.850    0.000006   -0.000000
  60.060    0.000006   -0.000001
  60.270    0.000006   -0.000001
  60.480    0.000006   -0.000001
  60.690    0.000006   -0.000001
  60.900    0.000006   -0.000001
  61.110    0.000005   -0.000001
  61.320    0.000005   -0.000001
  61.530    0.000005   -0.000002
  61.740    0.000005   -0.000002
  61.950    0.000005   -0.000002
  62.160    0.000005   -0.000002
  62.370    0.000005   -0.000002
  62.580    0.000005   -0.000002
  62.790    0.000005   -0.000002
  63.000    0.000005   -0.000002
  63.210    0.000004   -0.000002
  63.420    0.000004   -0.000003
  63.630    0.000004   -0.000003
  63.840    0.000004   -0.000003
  64.050    0.000004   -0.000003
  64.260    0.000004   -0.000003
  64.470    0.000004   -0.000003
  64.680    0.000004   -0.000003
  64.890    0.000004   -0.000003
  65.100    0.000003   -0.000003
  65.310    0.000003   -0.000003
  65.520    0.000003   -0.000003
  65.730    0.000003   -0.000003
  65.940    0.000003   -0.000004
  66.150    0.000003   -0.000004
  66.360    0.000003   -0.000004
  66.570    0.000003   -0.000004
  66.780    0.000002   -0.000004
  66.990    0.000002   -0.000004
  67.200    0.000002   -0.000004
  67.410    0.000002   -0.000004
  67.620    0.000002   -0.000004
  67.830    0.000002   -0.000004
  68.040    0.000002   -0.000004
  68.250    0.000001   -0.000004
  68.460    0.000001   -0.000004
  68.670    0.000001   -0.000004
  68.880    0.000001   -0.000004
  69.090    0.000001   -0.000004
  69.300    0.000001   -0.000004
  69.510    0.000001   -0.000004
  69.720    0.000001   -0.000004
  69.930    0.000000   -0.000004
  70.140    0.000000   -0.000004
  70.350    0.000000   -0.000004
  70.560   -0.000000   -0.000004
  70.770   -0.000000   -0.000004
  70.980   -0.000000   -0.000004
  71.190   -0.000000   -0.000004
  71.400   -0.000000   -0.000004
  71.610   -0.000001   -0.000004
  71.820   -0.000001   -0.000004
  72.030   -0.000001   -0.000003
  72.240   -0.000001   -0.000003
  72.450   -0.000001   -0.000003
  72.660   -0.000001   -0.000003
  72.870   -0.000001   -0.000003
  73.080   -0.000001   -0.000003
  73.290   -0.000001   -0.000003
  73.500   -0.000001   -0.000003
  73.710   -0.000002   -0.000003
  73.920   -0.000002   -0.000003
  74.130   -0.000002   -0.000003
  74.340   -0.000002   -0.000002
  74.550   -0.000002   -0.000002
  74.760   -0.000002   -0.000002
  74.970   -0.000002   -0.000002
  75.180   -0.000002   -0.000002
  75.390   -0.000002   -0.000002
  75.600   -0.000002   -0.000002
  75.810   -0.000002   -0.000002
  76.020   -0.000002   -0.000002
  76.230   -0.000002   -0.000001
  76.440   -0.000002   -0.000001
  76.650   -0.000002   -0.000001
  76.860   -0.000002   -0.000001
  77.070   -0.000002   -0.000001
  77.280   -0.000002   -0.000001
  77.490   -0.000002   -0.000001
  77.700   -0.000002   -0.000001
  77.910   -0.000002   -0.000001
  78.120   -0.000002   -0.000001
  78.330   -0.000002   -0.000001
  78.540   -0.000002   -0.000000
  78.750   -0.000002   -0.000000
  78.960   -0.000002   -0.000000
  79.170   -0.000002   -0.000000
  79.380   -0.000002   -0.000000
  79.590   -0.000001   -0.000000
  79.800   -0.000001   -0.000000
  80.010   -0.000001   -0.000000
  80.220   -0.000001   -0.000000
  80.430   -0.000001   -0.000000
  80.640   -0.000001   -0.000000
  80.850   -0.000001    0.000000
  81.060   -0.000001    0.000000
  81.270   -0.000001    0.000000
  81.480   -0.000001    0.000000
  81.690   -0.000001    0.000000
  81.900   -0.000001    0.000000
  82.110   -0.000001    0.000000
  82.320   -0.000001    0.000000
  82.530   -0.000001    0.000000
  82.740   -0.000001    0.000000
  82.950   -0.000001    0.000000
  83.160   -0.000001    0.000000
  83.370   -0.000001    0.000000
  83.580   -0.000001    0.000000
  83.790   -0.000001   -0.000000
  84.000   -0.000001   -0.000000
  84.210   -0.000001   -0.000000
  84.420   -0.000001   -0.000000
  84.630   -0.000001   -0.000000
  84.840   -0.000001   -0.000000
  85.050   -0.000000   -0.000000
  85.260   -0.000000   -0.000000
  85.470   -0.000000   -0.000000
  85.680   -0.000000   -0.000000
  85.890   -0.000000   -0.000000
  86.100   -0.000000   -0.000000
  86.310   -0.000000   -0.000000
  86.520   -0.000000   -0.000000
  86.730   -0.000000   -0.000000
  86.940   -0.000000   -0.000000
  87.150   -0.000000   -0.000000
  87.360   -0.000000   -0.000000
  87.570   -0.000000   -0.000000
  87.780   -0.000000   -0.000000
  87.990   -0.000001   -0.000000
  88.200   -0.000001   -0.000000
  88.410   -0.000001   -0.000000
  88.620   -0.000001   -0.000000
  88.830   -0.000001   -0.000000
  89.040   -0.000001   -0.000000
  89.250   -0.000001   -0.000000
  89.460   -0.000001   -0.000000
  89.670   -0.000001   -0.000000
  89.880   -0.000001   -0.000000
  90.090   -0.000001   -0.000000
  90.300   -0.000001   -0.000000
  90.510   -0.000001   -0.000000
  90.720   -0.000001   -0.000000
  90.930   -0.000001   -0.000000
  91.140   -0.000001   -0.000000
  91.350   -0.000001   -0.000000
  91.560   -0.000001   -0.000000
  91.770   -0.000001   -0.000000
  91.980   -0.000001   -0.000000
  92.190   -0.000001   -0.000000
  92.400   -0.000001   -0.000000
  92.610   -0.000001   -0.000000
  92.820   -0.000001   -0.000000
  93.030   -0.000001   -0.000000
  93.240   -0.000001   -0.000000
  93.450   -0.000001   -0.000000
  93.660   -0.000001   -0.000000
  93.870   -0.000001   -0.000000
  94.080   -0.000001   -0.000000
  94.290   -0.000001   -0.000000
  94.500   -0.000001    0.000000
  94.710   -0.000001    0.000000
  94.920   -0.000001    0.000000
  95.130   -0.000001    0.000000
  95.340   -0.000001    0.000000
  95.550   -0.000001    0.000000
  95.760   -0.000001    0.000000
  95.970   -0.000001    0.000000
  96.180   -0.000001    0.000000
  96.390   -0.000001    0.000000
  96.600   -0.000001    0.000000
  96.810   -0.000001    0.000000
  97.020   -0.000001    0.000000
  97.230   -0.000001    0.000000
  97.440   -0.000001    0.000000
  97.650   -0.000001    0.000000
  97.860   -0.000001    0.000000
  98.070   -0.000001    0.000000
  98.280   -0.000001    0.000000
  98.490   -0.000001    0.000000
  98.700   -0.000001    0.000000
  98.910   -0.000001    0.000000
  99.120   -0.000001    0.000000
  99.330   -0.000001    0.000000
  99.540   -0.000001    0.000000
  99.750   -0.000001    0.000001
  99.960   -0.000001    0.000001
 100.170   -0.000001    0.000001
 100.380   -0.000001    0.000001
 100.590   -0.000001    0.000001
 100.800   -0.000001    0.000001
 101.010   -0.000001    0.000001
 101.220   -0.000001    0.000001
 101.430   -0.000001    0.000001
 101.640   -0.000001    0.000001
 101.850   -0.000001    0.000001
 102.060   -0.000001    0.000001
 102.270   -0.000001    0.000001
 102.480   -0.000001    0.000001
 102.690   -0.000001    0.000001
 102.900   -0.000001    0.000001
 103.110   -0.000001    0.000001
 103.320   -0.000001    0.000001
 103.530   -0.000001    0.000001
 103.740   -0.000000    0.000001
 103.950   -0.000000    0.000001
 104.160   -0.000000    0.000001
 104.370   -0.000000    0.000001
 104.580   -0.000000    0.000001
 104.790   -0.000000    0.000001
 105.000   -0.000000    0.000001
 105.210   -0.000000    0.000001
 105.420   -0.000000    0.000001
 105.630   -0.000000    0.000001
 105.840   -0.000000    0.000001
 106.050   -0.000000    0.000001
 106.260   -0.000000    0.000001
 106.470   -0.000000    0.000001
 106.680   -0.000000    0.000001
 106.890   -0.000000    0.000001
 107.100   -0.000000    0.000001
 107.310   -0.000000    0.000001
 107.520   -0.000000    0.000001
 107.730    0.000000    0.000001
 107.940    0.000000    0.000001
 108.150    0.000000    0.000001
 108.360    0.000000    0.000001
 108.570    0.000000    0.000001
 108.780    0.000000    0.000001
 108.990    0.000000    0.000001
 109.200    0.000000    0.000001
 109.410    0.000000    0.000001
 109.620    0.000000    0.000001
 109.830    0.000000    0.000001
 110.040    0.000000    0.000001
 110.250    0.000000    0.000001
 110.460    0.000000    0.000001
 110.670    0.000000    0.000001
 110.880    0.000000    0.000001
 111.090    0.000000    0.000001
 111.300    0.000000    0.000001
 111.510    0.000000    0.000001
 111.720    0.000001    0.000001
 111.930    0.000001    0.000001
 112.140    0.000001    0.000001
 112.350    0.000001    0.000001
 112.560    0.000001    0.000001
 112.770    0.000001    0.000001
 112.980    0.000001    0.000001
 113.190    0.000001    0.000001
 113.400    0.000001    0.000001
 113.610    0.000001    0.000001
 113.820    0.000001    0.000001
 114.030    0.000001    0.000001
 114.240    0.000001    0.000000
 114.450    0.000001    0.000000
 114.660    0.000001    0.000000
 114.870    0.000001    0.000000
 115.080    0.000001    0.000000
 115.290    0.000001    0.000000
 115.500    0.000001    0.000000
 115.710    0.000001    0.000000
 115.920    0.000001    0.000000
 116.130    0.000001    0.000000
 116.340    0.000001    0.000000
 116.550    0.000001    0.000000
 116.760    0.000001    0.000000
 116.970    0.000001    0.000000
 117.180    0.000001    0.000000
 117.390    0.000001    0.000000
 117.600    0.000001    0.000000
 117.810    0.000001    0.000000
 118.020    0.000001    0.000000
 118.230    0.000001    0.000000
 118.440    0.000001    0.000000
 118.650    0.000001    0.000000
 118.860    0.000001    0.000000
 119.070    0.000001   -0.000000
 119.280    0.000001   -0.000000
 119.490    0.000001   -0.000000
 119.700    0.000001   -0.000000
 119.910    0.000001   -0.000000
 END
