# 181 angles,  3 tensor ranks for 0=projectile
@subtitle   "** 70 channel, 6Li + 58Si at 34.0 MeV"                                         
@legend ON
@legend x1 0.2
@legend y1 0.8
@g0 type LOGY
@yaxis ticklabel format power
@legend string   0 "Lab energy =   34.0000"
#legend string   0 "Partition=  1 Excit= 10 near/far= 1"
#  Theta       sigma       iT11        T20         T21         T22         Kyy for projectile
   0.000       9.615       0.000      0.4011       0.000       0.000    
   1.000       8.922      0.1539E-01  0.4019      0.1543E-01  0.1004E-01
   2.000       7.090      0.3053E-01  0.4053      0.3618E-01  0.4179E-01
   3.000       4.745      0.4221E-01  0.4145      0.6797E-01  0.9920E-01
   4.000       2.603      0.3502E-01  0.4379      0.1145      0.1806    
   5.000       1.171     -0.5393E-01  0.4909      0.1485      0.2175    
   6.000      0.5732     -0.3321      0.5324     -0.2352E-01 -0.1545    
   7.000      0.5982     -0.3934      0.4215     -0.3276     -0.6868    
   8.000      0.8859     -0.2194      0.3370     -0.3492     -0.6768    
   9.000       1.127     -0.1018      0.3137     -0.2886     -0.5562    
   10.00       1.163     -0.5150E-01  0.3201     -0.2254     -0.4589    
   11.00      0.9931     -0.6537E-01  0.3448     -0.1738     -0.3906    
   12.00      0.7183     -0.1596      0.3674     -0.1521     -0.3454    
   13.00      0.4640     -0.3457      0.3143     -0.2043     -0.3154    
   14.00      0.3045     -0.5253      0.4145E-01 -0.3777     -0.2845    
   15.00      0.2342     -0.4486     -0.4166     -0.5826     -0.2360    
   16.00      0.2024     -0.9963E-01 -0.7435     -0.6578     -0.1872    
   17.00      0.1730      0.3256     -0.7980     -0.5954     -0.1772    
   18.00      0.1533      0.5928     -0.5758     -0.4392     -0.2522    
   19.00      0.1714      0.4023     -0.2899     -0.3189     -0.3784    
   20.00      0.2382      0.2661E-02 -0.2541     -0.3396     -0.4282    
   21.00      0.3313     -0.2602     -0.3764     -0.4158     -0.4069    
   22.00      0.4087     -0.3931     -0.5203     -0.4817     -0.3622    
   23.00      0.4369     -0.4614     -0.6498     -0.5194     -0.3095    
   24.00      0.4080     -0.4959     -0.7634     -0.5166     -0.2485    
   25.00      0.3403     -0.5005     -0.8615     -0.4537     -0.1779    
   26.00      0.2639     -0.4641     -0.9340     -0.3110     -0.1068    
   27.00      0.2054     -0.3829     -0.9556     -0.1170     -0.6898E-01
   28.00      0.1781     -0.3002     -0.9097     -0.1189E-01 -0.1045    
   29.00      0.1802     -0.2816     -0.8341     -0.1140     -0.1879    
   30.00      0.2001     -0.3179     -0.7785     -0.3296     -0.2485    
   31.00      0.2228     -0.3573     -0.7483     -0.5161     -0.2638    
   32.00      0.2348     -0.3731     -0.7310     -0.6184     -0.2481    
   33.00      0.2284     -0.3626     -0.7188     -0.6327     -0.2178    
   34.00      0.2037     -0.3303     -0.7100     -0.5662     -0.1828    
   35.00      0.1679     -0.2797     -0.7067     -0.4275     -0.1485    
   36.00      0.1321     -0.2125     -0.7141     -0.2435     -0.1204    
   37.00      0.1058     -0.1362     -0.7361     -0.9926E-01 -0.1081    
   38.00      0.9424E-01 -0.7608E-01 -0.7586     -0.1252     -0.1226    
   39.00      0.9688E-01 -0.5766E-01 -0.7515     -0.3274     -0.1599    
   40.00      0.1086     -0.7391E-01 -0.7069     -0.5515     -0.2026    
   41.00      0.1224     -0.1040     -0.6396     -0.6931     -0.2414    
   42.00      0.1318     -0.1368     -0.5622     -0.7437     -0.2772    
   43.00      0.1330     -0.1682     -0.4805     -0.7232     -0.3122    
   44.00      0.1256     -0.1943     -0.3993     -0.6480     -0.3470    
   45.00      0.1120     -0.2071     -0.3279     -0.5301     -0.3788    
   46.00      0.9624E-01 -0.1919     -0.2852     -0.3880     -0.4010    
   47.00      0.8249E-01 -0.1314     -0.2983     -0.2616     -0.4038    
   48.00      0.7367E-01 -0.2488E-01 -0.3835     -0.2123     -0.3810    
   49.00      0.7042E-01  0.9047E-01 -0.5120     -0.2755     -0.3411    
   50.00      0.7122E-01  0.1639     -0.6209     -0.4150     -0.3048    
   51.00      0.7331E-01  0.1759     -0.6666     -0.5620     -0.2870    
   52.00      0.7404E-01  0.1386     -0.6417     -0.6712     -0.2907    
   53.00      0.7186E-01  0.7279E-01 -0.5567     -0.7271     -0.3120    
   54.00      0.6676E-01 -0.1774E-02 -0.4260     -0.7271     -0.3455    
   55.00      0.5999E-01 -0.6428E-01 -0.2704     -0.6730     -0.3827    
   56.00      0.5328E-01 -0.9083E-01 -0.1262     -0.5741     -0.4110    
   57.00      0.4786E-01 -0.6315E-01 -0.4209E-01 -0.4554     -0.4155    
   58.00      0.4404E-01  0.1568E-01 -0.5227E-01 -0.3548     -0.3881    
   59.00      0.4140E-01  0.1191     -0.1493     -0.3023     -0.3350    
   60.00      0.3925E-01  0.2140     -0.2907     -0.3048     -0.2720    
   61.00      0.3698E-01  0.2772     -0.4280     -0.3501     -0.2155    
   62.00      0.3428E-01  0.2982     -0.5265     -0.4189     -0.1773    
   63.00      0.3113E-01  0.2783     -0.5691     -0.4921     -0.1641    
   64.00      0.2779E-01  0.2278     -0.5544     -0.5525     -0.1784    
   65.00      0.2461E-01  0.1652     -0.4959     -0.5850     -0.2170    
   66.00      0.2189E-01  0.1126     -0.4221     -0.5793     -0.2682    
   67.00      0.1983E-01  0.8835E-01 -0.3684     -0.5357     -0.3117    
   68.00      0.1847E-01  0.9801E-01 -0.3600     -0.4672     -0.3279    
   69.00      0.1766E-01  0.1311     -0.3971     -0.3955     -0.3096    
   70.00      0.1704E-01  0.1688     -0.4581     -0.3388     -0.2654    
   71.00      0.1620E-01  0.1972     -0.5190     -0.3041     -0.2098    
   72.00      0.1488E-01  0.2118     -0.5650     -0.2909     -0.1547    
   73.00      0.1306E-01  0.2146     -0.5907     -0.2974     -0.1076    
   74.00      0.1098E-01  0.2086     -0.5962     -0.3237     -0.7418E-01
   75.00      0.8991E-02  0.1970     -0.5846     -0.3704     -0.6152E-01
   76.00      0.7432E-02  0.1846     -0.5617     -0.4323     -0.7858E-01
   77.00      0.6482E-02  0.1804     -0.5362     -0.4906     -0.1275    
   78.00      0.6109E-02  0.1897     -0.5169     -0.5205     -0.1913    
   79.00      0.6096E-02  0.2077     -0.5055     -0.5150     -0.2438    
   80.00      0.6163E-02  0.2252     -0.4974     -0.4864     -0.2720    
   81.00      0.6089E-02  0.2375     -0.4872     -0.4491     -0.2775    
   82.00      0.5763E-02  0.2436     -0.4726     -0.4100     -0.2656    
   83.00      0.5179E-02  0.2440     -0.4541     -0.3706     -0.2401    
   84.00      0.4406E-02  0.2410     -0.4338     -0.3302     -0.2027    
   85.00      0.3557E-02  0.2395     -0.4154     -0.2891     -0.1547    
   86.00      0.2751E-02  0.2477     -0.4052     -0.2522     -0.9985E-01
   87.00      0.2087E-02  0.2747     -0.4160     -0.2326     -0.4758E-01
   88.00      0.1622E-02  0.3227     -0.4647     -0.2523     -0.1728E-01
   89.00      0.1372E-02  0.3746     -0.5530     -0.3258     -0.3209E-01
   90.00      0.1318E-02  0.3977     -0.6448     -0.4273     -0.9076E-01
   91.00      0.1403E-02  0.3785     -0.6987     -0.5048     -0.1578    
   92.00      0.1542E-02  0.3327     -0.7118     -0.5382     -0.2041    
   93.00      0.1646E-02  0.2776     -0.7012     -0.5396     -0.2260    
   94.00      0.1658E-02  0.2211     -0.6782     -0.5234     -0.2294    
   95.00      0.1568E-02  0.1667     -0.6459     -0.4953     -0.2189    
   96.00      0.1402E-02  0.1193     -0.6028     -0.4540     -0.1949    
   97.00      0.1203E-02  0.8809E-01 -0.5464     -0.3966     -0.1553    
   98.00      0.1016E-02  0.8633E-01 -0.4772     -0.3234     -0.9938E-01
   99.00      0.8714E-03  0.1237     -0.4059     -0.2447     -0.3416E-01
   100.0      0.7753E-03  0.1932     -0.3553     -0.1810      0.2409E-01
   101.0      0.7113E-03  0.2705     -0.3448     -0.1502      0.6086E-01
   102.0      0.6558E-03  0.3350     -0.3777     -0.1581      0.7196E-01
   103.0      0.5965E-03  0.3804     -0.4488     -0.2030      0.5804E-01
   104.0      0.5361E-03  0.4084     -0.5518     -0.2784      0.1920E-01
   105.0      0.4852E-03  0.4180     -0.6758     -0.3672     -0.4058E-01
   106.0      0.4529E-03  0.4013     -0.7987     -0.4395     -0.1062    
   107.0      0.4426E-03  0.3501     -0.8916     -0.4673     -0.1550    
   108.0      0.4512E-03  0.2666     -0.9363     -0.4437     -0.1729    
   109.0      0.4674E-03  0.1647     -0.9361     -0.3870     -0.1636    
   110.0      0.4754E-03  0.5604E-01 -0.9069     -0.3228     -0.1393    
   111.0      0.4626E-03 -0.5619E-01 -0.8596     -0.2683     -0.1091    
   112.0      0.4269E-03 -0.1699     -0.7941     -0.2309     -0.7893E-01
   113.0      0.3758E-03 -0.2729     -0.7032     -0.2131     -0.5407E-01
   114.0      0.3189E-03 -0.3384     -0.5794     -0.2154     -0.3934E-01
   115.0      0.2646E-03 -0.3298     -0.4203     -0.2341     -0.3782E-01
   116.0      0.2200E-03 -0.2115     -0.2373     -0.2550     -0.5211E-01
   117.0      0.1903E-03  0.2374E-01 -0.7251E-01 -0.2500     -0.8382E-01
   118.0      0.1767E-03  0.3154      0.7674E-02 -0.1952     -0.1263    
   119.0      0.1753E-03  0.5595     -0.3031E-01 -0.9439E-01 -0.1640    
   120.0      0.1810E-03  0.6873     -0.1637      0.2669E-01 -0.1847    
   121.0      0.1901E-03  0.6901     -0.3499      0.1404     -0.1858    
   122.0      0.1998E-03  0.5972     -0.5530      0.2252     -0.1712    
   123.0      0.2078E-03  0.4481     -0.7486      0.2691     -0.1468    
   124.0      0.2118E-03  0.2694     -0.9209      0.2688     -0.1184    
   125.0      0.2115E-03  0.7427E-01  -1.057      0.2238     -0.9065E-01
   126.0      0.2081E-03 -0.1199      -1.143      0.1330     -0.6735E-01
   127.0      0.2035E-03 -0.2846      -1.160      0.4324E-03 -0.5280E-01
   128.0      0.1997E-03 -0.3920      -1.095     -0.1552     -0.5156E-01
   129.0      0.1982E-03 -0.4310     -0.9453     -0.2988     -0.6508E-01
   130.0      0.1986E-03 -0.4088     -0.7379     -0.3940     -0.8844E-01
   131.0      0.1981E-03 -0.3408     -0.5111     -0.4244     -0.1139    
   132.0      0.1932E-03 -0.2431     -0.2926     -0.3934     -0.1372    
   133.0      0.1811E-03 -0.1333     -0.9437E-01 -0.3096     -0.1577    
   134.0      0.1610E-03 -0.2722E-01  0.7598E-01 -0.1769     -0.1752    
   135.0      0.1344E-03  0.7006E-01  0.2046      0.6021E-02 -0.1885    
   136.0      0.1058E-03  0.1654      0.2580      0.2383     -0.1958    
   137.0      0.8132E-04  0.2538      0.1588      0.4881     -0.1928    
   138.0      0.6652E-04  0.2767     -0.1873      0.6370     -0.1689    
   139.0      0.6391E-04  0.1621     -0.6922      0.5396     -0.1207    
   140.0      0.7271E-04 -0.3732E-01  -1.057      0.2626     -0.7357E-01
   141.0      0.9018E-04 -0.2162      -1.167      0.3836E-02 -0.5230E-01
   142.0      0.1122E-03 -0.3451      -1.124     -0.1517     -0.5536E-01
   143.0      0.1333E-03 -0.4371      -1.032     -0.2177     -0.6970E-01
   144.0      0.1479E-03 -0.5048     -0.9379     -0.2307     -0.8552E-01
   145.0      0.1533E-03 -0.5549     -0.8506     -0.2167     -0.9932E-01
   146.0      0.1502E-03 -0.5897     -0.7706     -0.1873     -0.1106    
   147.0      0.1406E-03 -0.6091     -0.7022     -0.1468     -0.1178    
   148.0      0.1260E-03 -0.6105     -0.6500     -0.1013     -0.1167    
   149.0      0.1077E-03 -0.5920     -0.6115     -0.6102E-01 -0.1036    
   150.0      0.8874E-04 -0.5546     -0.5767     -0.3684E-01 -0.7946E-01
   151.0      0.7235E-04 -0.5020     -0.5342     -0.3462E-01 -0.5309E-01
   152.0      0.5968E-04 -0.4344     -0.4733     -0.5120E-01 -0.3783E-01
   153.0      0.4991E-04 -0.3421     -0.3769     -0.7306E-01 -0.4379E-01
   154.0      0.4262E-04 -0.2110     -0.2310     -0.7010E-01 -0.7767E-01
   155.0      0.3881E-04 -0.3741E-01 -0.7110E-01  0.6458E-02 -0.1407    
   156.0      0.3967E-04  0.1566     -0.9349E-03  0.1721     -0.2133    
   157.0      0.4564E-04  0.3185     -0.7986E-01  0.3612     -0.2638    
   158.0      0.5656E-04  0.3894     -0.2571      0.4988     -0.2804    
   159.0      0.7177E-04  0.3552     -0.4597      0.5646     -0.2686    
   160.0      0.8944E-04  0.2579     -0.6516      0.5712     -0.2381    
   161.0      0.1070E-03  0.1468     -0.8224      0.5325     -0.1985    
   162.0      0.1222E-03  0.4183E-01 -0.9650      0.4564     -0.1584    
   163.0      0.1337E-03 -0.6084E-01  -1.073      0.3492     -0.1234    
   164.0      0.1407E-03 -0.1645      -1.142      0.2162     -0.9576E-01
   165.0      0.1423E-03 -0.2589      -1.169      0.5909E-01 -0.7797E-01
   166.0      0.1390E-03 -0.3318      -1.132     -0.1187     -0.7823E-01
   167.0      0.1328E-03 -0.3849      -1.002     -0.2960     -0.1091    
   168.0      0.1258E-03 -0.4301     -0.7658     -0.4288     -0.1773    
   169.0      0.1191E-03 -0.4635     -0.4483     -0.4690     -0.2753    
   170.0      0.1135E-03 -0.4596     -0.1051     -0.3840     -0.3861    
   171.0      0.1110E-03 -0.4069      0.1802     -0.1646     -0.4850    
   172.0      0.1142E-03 -0.3377      0.3013      0.1483     -0.5381    
   173.0      0.1231E-03 -0.2877      0.2053      0.4594     -0.5230    
   174.0      0.1360E-03 -0.2503     -0.5937E-01  0.6810     -0.4481    
   175.0      0.1510E-03 -0.2081     -0.3983      0.7758     -0.3411    
   176.0      0.1673E-03 -0.1687     -0.7291      0.7500     -0.2302    
   177.0      0.1838E-03 -0.1440      -1.003      0.6332     -0.1344    
   178.0      0.1985E-03 -0.1206      -1.204      0.4558     -0.6172E-01
   179.0      0.2086E-03 -0.7351E-01  -1.328      0.2387     -0.1583E-01
   180.0      0.2122E-03   0.000      -1.370       0.000       0.000    
 END
