 Integrated cross sections for all states
  1  1  3  3.4000E+01  1.4737
   1  59
  1.0  1  0.0000  0.0  1  0.0000  1.6897E+03  2.8827E+03  1.1930E+03
  3.0  1  2.1860  0.0  1  0.0000  2.1429E+01
  2.0  1  4.3100  0.0  1  0.0000  4.9008E+00
  1.0  1  5.7000  0.0  1  0.0000  1.0418E+00
  1.0  1  1.5571  0.0  1  0.0000  1.1065E-01
  1.0  1  1.8657  0.0  1  0.0000  1.5215E+00
  1.0  1  2.4930  0.0  1  0.0000  6.3106E+00
  1.0  1  3.4338  0.0  1  0.0000  3.4356E+00
  1.0  1  4.6883  0.0  1  0.0000  1.7728E+00
  1.0  1  6.2563  0.0  1  0.0000  6.7437E-01
  1.0  1  8.1380  0.0  1  0.0000  8.2334E-01
  0.0 -1  1.5571  0.0  1  0.0000  5.5126E-02
  1.0 -1  1.5571  0.0  1  0.0000  1.1125E-01
  2.0 -1  1.5571  0.0  1  0.0000  3.9883E-01
  0.0 -1  1.8657  0.0  1  0.0000  2.7532E-01
  1.0 -1  1.8657  0.0  1  0.0000  4.5051E-01
  2.0 -1  1.8657  0.0  1  0.0000  1.3211E+00
  0.0 -1  2.4930  0.0  1  0.0000  2.4915E-01
  1.0 -1  2.4930  0.0  1  0.0000  6.8485E-01
  2.0 -1  2.4930  0.0  1  0.0000  8.4000E-01
  0.0 -1  3.4338  0.0  1  0.0000  2.9985E-01
  1.0 -1  3.4338  0.0  1  0.0000  1.0634E+00
  2.0 -1  3.4338  0.0  1  0.0000  1.0488E+00
  0.0 -1  4.6883  0.0  1  0.0000  3.6237E-01
  1.0 -1  4.6883  0.0  1  0.0000  8.6232E-01
  2.0 -1  4.6883  0.0  1  0.0000  8.6672E-01
  0.0 -1  6.2563  0.0  1  0.0000  2.9017E-01
  1.0 -1  6.2563  0.0  1  0.0000  7.8872E-01
  2.0 -1  6.2563  0.0  1  0.0000  7.7744E-01
  0.0 -1  8.1380  0.0  1  0.0000  2.5273E-01
  1.0 -1  8.1380  0.0  1  0.0000  5.5764E-01
  2.0 -1  8.1380  0.0  1  0.0000  1.4780E+00
  3.0  1  3.2182  0.0  1  0.0000  2.7717E+00
  3.0  1  4.6883  0.0  1  0.0000  1.6596E+00
  2.0  1  6.2563  0.0  1  0.0000  1.4968E+00
  3.0  1  6.2563  0.0  1  0.0000  1.0259E+00
  2.0  1  8.1380  0.0  1  0.0000  1.1744E+00
  3.0  1  8.1380  0.0  1  0.0000  1.1469E+00
  2.0 -1  1.5571  0.0  1  0.0000  4.1118E-02
  3.0 -1  1.5571  0.0  1  0.0000  7.5134E-02
  4.0 -1  1.5571  0.0  1  0.0000  1.5754E-01
  2.0 -1  1.8657  0.0  1  0.0000  2.2571E-01
  3.0 -1  1.8657  0.0  1  0.0000  3.1896E-01
  4.0 -1  1.8657  0.0  1  0.0000  5.1335E-01
  2.0 -1  2.4930  0.0  1  0.0000  1.6712E-01
  3.0 -1  2.4930  0.0  1  0.0000  2.2916E-01
  4.0 -1  2.4930  0.0  1  0.0000  4.9602E-01
  2.0 -1  3.4338  0.0  1  0.0000  3.1463E-01
  3.0 -1  3.4338  0.0  1  0.0000  4.2047E-01
  4.0 -1  3.4338  0.0  1  0.0000  5.8996E-01
  2.0 -1  4.6883  0.0  1  0.0000  8.2378E-01
  3.0 -1  4.6883  0.0  1  0.0000  9.2730E-01
  4.0 -1  4.6883  0.0  1  0.0000  8.8546E-01
  2.0 -1  6.2563  0.0  1  0.0000  5.6446E-01
  3.0 -1  6.2563  0.0  1  0.0000  6.5831E-01
  4.0 -1  6.2563  0.0  1  0.0000  5.3281E-01
  2.0 -1  8.1380  0.0  1  0.0000  3.5942E-01
  3.0 -1  8.1380  0.0  1  0.0000  5.0119E-01
  4.0 -1  8.1380  0.0  1  0.0000  5.3125E-01
   2   1
  0.0  1  0.0000  0.5  1  0.0000  0.0000E+00
   3   4
  1.0  1  0.0000  0.0  1  0.0000  1.5734E-02
  1.0  1  0.0000  2.0  1  0.9538  1.4859E-02
  1.0  1  0.0000  4.0  1  2.1861  2.7954E-04
  1.0  1  0.0000  6.0  1  3.7076  2.4240E-05
