       1   2   2 -8.1991
       1   3   2 -5.7942
       1   4   2 -2.0657
       1  12   1 -0.0001
       1  13   1 -0.0001
       1  14   1 -0.0001
       1  15   1 -0.0008
       1  16   1 -0.0014
       1  17   1 -0.0013
       1  18   1 -0.0016
       1  19   1 -0.0032
       1  20   1 -0.0027
       1  21   1 -0.0020
       1  22   1 -0.0041
       1  23   1 -0.0031
       1  24   1 -0.0019
       1  25   1 -0.0038
       1  26   1 -0.0029
       1  27   1 -0.0017
       1  28   1 -0.0025
       1  29   1 -0.0025
       1  30   1 -0.0014
       1  31   1 -0.0010
       1  32   1 -0.0022
       1  33   2 -4.5257
       1  34   2 -3.9983
       1  35   2 -0.9719
       1  36   2 -3.3330
       1  37   2 -1.5069
       1  38   2 -2.6436
       1  39   3  0.1444
       1  40   3  0.1709
       1  41   3  0.1938
       1  42   3  4.0738
       1  43   3  4.8202
       1  44   3  5.4656
       1  45   3 12.1884
       1  46   3 14.4215
       1  47   3 16.3525
       1  48   3 15.7507
       1  49   3 18.6365
       1  50   3 21.1318
       1  51   3 14.0159
       1  52   3 16.5839
       1  53   3 18.8043
       1  54   3 10.7948
       1  55   3 12.7726
       1  56   3 14.4828
       1  57   3  7.8382
       1  58   3  9.2743
       1  59   3 10.5161
       2   1   2 -8.1991
       2   2   2   -53.7
       2   3   2 -1.3148
       2   4   2 -0.5971
       2   5   2 12.4365
       2   6   2 -6.6218
       2   7   2 -3.7045
       2   8   2 11.5273
       2   9   2  5.5020
       2  10   2 -3.6142
       2  11   2 -2.0575
       2  12   3  -310.7
       2  13   3  -439.4
       2  14   1 -0.0004
       2  14   3  -340.2
       2  15   3  -497.5
       2  16   3  -704.4
       2  17   1  0.0038
       2  17   3  -542.4
       2  18   3   900.5
       2  19   3  1275.9
       2  20   1 -0.0072
       2  20   3   970.6
       2  21   3  -328.3
       2  22   3  -449.0
       2  23   1 -0.0037
       2  23   3  -372.2
       2  24   3   -81.6
       2  25   3   -88.0
       2  26   1 -0.0027
       2  26   3  -102.2
       2  27   3   -46.5
       2  28   3   -37.6
       2  29   1 -0.0022
       2  29   3   -56.8
       2  30   3   -28.0
       2  31   3   -27.3
       2  32   1 -0.0018
       2  32   3   -27.7
       2  33   2   -80.9
       2  34   2 -3.2947
       2  35   2  0.2259
       2  36   2 -1.9493
       2  37   2  0.0569
       2  38   2 -0.9069
       2  39   1 -0.0000
       2  39   3   -11.3
       2  40   1 -0.0000
       2  40   3   -23.7
       2  41   1 -0.0000
       2  41   3   -29.7
       2  42   1 -0.0000
       2  42   3  -261.9
       2  43   1 -0.0002
       2  43   3  -547.8
       2  44   1 -0.0006
       2  44   3  -686.7
       2  45   1 -0.0003
       2  45   3   493.9
       2  46   1 -0.0020
       2  46   3  1033.2
       2  47   1 -0.0067
       2  47   3  1295.1
       2  48   1  0.0004
       2  48   3  -176.6
       2  49   1  0.0023
       2  49   3  -369.4
       2  50   1  0.0078
       2  50   3  -463.1
       2  51   1  0.0003
       2  51   3   -37.6
       2  52   1  0.0017
       2  52   3   -78.6
       2  53   1  0.0058
       2  53   3   -98.5
       2  54   1  0.0003
       2  54   3   -21.3
       2  55   1  0.0016
       2  55   3   -44.6
       2  56   1  0.0054
       2  56   3   -55.9
       2  57   1  0.0003
       2  57   3   -13.5
       2  58   1  0.0016
       2  58   3   -28.2
       2  59   1  0.0055
       2  59   3   -35.3
       3   1   2  5.7942
       3   2   2  1.3148
       3   3   2   -60.8
       3   4   2  0.1211
       3   5   2 11.3531
       3   6   2  5.4905
       3   7   2  3.1482
       3   8   2  3.4377
       3   9   2   -44.8
       3  10   2   -32.5
       3  11   2  6.5425
       3  13   1  0.0004
       3  13   3  -235.7
       3  14   1 -0.0002
       3  14   3  -333.0
       3  16   1  0.0003
       3  16   3   -60.1
       3  17   1 -0.0004
       3  17   3   -70.3
       3  19   1  0.0004
       3  19   3 12.0253
       3  20   1 -0.0009
       3  20   3 79.8298
       3  22   1 -0.0013
       3  22   3 52.9642
       3  23   1 -0.0013
       3  23   3   297.7
       3  25   1 -0.0206
       3  25   3  1772.6
       3  26   1  0.0049
       3  26   3   311.8
       3  28   1  0.0085
       3  28   3 -1919.0
       3  29   1  0.0027
       3  29   3 -1023.5
       3  31   1 -0.0004
       3  31   3 27.2008
       3  32   1  0.0006
       3  32   3   333.6
       3  33   2  0.1967
       3  34   2   -83.3
       3  35   2   -73.4
       3  36   2 84.2146
       3  37   2  0.5739
       3  38   2  1.0712
       3  39   1 -0.0000
       3  39   3   -34.4
       3  40   1 -0.0001
       3  40   3   -18.6
       3  41   3 35.1477
       3  42   1  0.0000
       3  42   3 87.6784
       3  43   1  0.0001
       3  43   3 47.3517
       3  44   3   -89.5
       3  45   1 -0.0001
       3  45   3   -30.5
       3  46   1 -0.0003
       3  46   3   -16.5
       3  47   3 31.1127
       3  48   1 -0.0005
       3  48   3  -122.6
       3  49   1 -0.0014
       3  49   3   -66.2
       3  50   3   125.2
       3  51   1 -0.0068
       3  51   3 -2054.6
       3  52   1 -0.0191
       3  52   3 -1109.6
       3  53   3  2096.9
       3  54   1  0.0081
       3  54   3  2378.0
       3  55   1  0.0229
       3  55   3  1284.3
       3  56   3 -2427.1
       3  57   1  0.0026
       3  57   3  -149.5
       3  58   1  0.0074
       3  58   3   -80.8
       3  59   3   152.6
       4   1   2 -2.0657
       4   2   2 -0.5971
       4   3   2 -0.1211
       4   4   2   -28.4
       4   5   2 -1.1459
       4   6   2 -0.9266
       4   7   2 -1.3509
       4   8   2 -1.8263
       4   9   2 -1.9004
       4  10   2  1.7038
       4  11   2  1.7075
       4  12   1  0.0000
       4  13   1 -0.0000
       4  14   1  0.0000
       4  14   3 51.1348
       4  15   1  0.0001
       4  16   1 -0.0001
       4  17   1  0.0001
       4  17   3 26.3558
       4  18   1  0.0003
       4  19   1 -0.0001
       4  20   1  0.0001
       4  20   3 10.8451
       4  21   1  0.0004
       4  22   1  0.0000
       4  23   1  0.0002
       4  23   3  4.5299
       4  24   1  0.0003
       4  25   1  0.0008
       4  26   1  0.0003
       4  26   3   -16.5
       4  27   1 -0.0003
       4  28   1  0.0020
       4  29   1  0.0003
       4  29   3   -60.8
       4  30   1 -0.0017
       4  31   1  0.0034
       4  32   1  0.0003
       4  32   3  -182.9
       4  33   2  0.2567
       4  34   2  0.2366
       4  35   2 -1.0439
       4  36   2  0.2633
       4  37   2 -1.3229
       4  38   2  0.3103
       4  39   1 -0.0000
       4  39   3 -1.3646
       4  40   3  2.0183
       4  41   3 -0.7628
       4  42   1  0.0000
       4  42   3 11.4183
       4  43   3   -16.9
       4  44   3  6.3830
       4  45   1 -0.0000
       4  45   3  5.9947
       4  46   3 -8.8663
       4  47   3  3.3512
       4  48   1 -0.0002
       4  48   3  7.6295
       4  49   3   -11.3
       4  50   3  4.2650
       4  51   1 -0.0005
       4  51   3  6.6266
       4  52   3 -9.8008
       4  53   3  3.7044
       4  54   1 -0.0009
       4  54   3  2.5855
       4  55   3 -3.8240
       4  56   3  1.4454
       4  57   1 -0.0014
       4  57   3 -1.8872
       4  58   3  2.7912
       4  59   3 -1.0550
       5   2   2 12.4365
       5   3   2   -11.4
       5   4   2 -1.1459
       5  12   1  0.0437
       5  13   1  0.0758
       5  14   1  0.0978
       5  15   1 -0.0002
       5  16   1 -0.0003
       5  17   1 -0.0004
       5  18   1  0.0000
       5  19   1  0.0001
       5  20   1  0.0001
       5  21   1  0.0000
       5  22   1  0.0000
       5  23   1  0.0002
       5  24   1  0.0001
       5  25   1  0.0000
       5  26   1  0.0003
       5  27   1  0.0001
       5  28   1  0.0000
       5  29   1  0.0003
       5  30   1  0.0001
       5  31   1  0.0001
       5  32   1  0.0002
       5  33   2 17.3230
       5  34   2  8.5386
       5  35   2 -1.1990
       5  36   2  3.4214
       5  37   2 -3.0445
       5  38   2 -1.3069
       5  39   3-15355.6
       5  40   3-18169.0
       5  41   3-20601.7
       5  42   3 -5018.5
       5  43   3 -5937.9
       5  44   3 -6733.0
       5  45   3  -166.7
       5  46   3  -197.2
       5  47   3  -223.6
       5  48   3  3.9697
       5  49   3  4.6970
       5  50   3  5.3259
       5  51   3   108.2
       5  52   3   128.0
       5  53   3   145.2
       5  54   3   164.1
       5  55   3   194.1
       5  56   3   220.1
       5  57   3   158.3
       5  58   3   187.3
       5  59   3   212.3
       6   2   2 -6.6218
       6   3   2 -5.4905
       6   4   2 -0.9266
       6  12   1 -0.0047
       6  13   1 -0.0081
       6  14   1 -0.0104
       6  15   1  0.0226
       6  16   1  0.0392
       6  17   1  0.0503
       6  18   1 -0.0033
       6  19   1 -0.0063
       6  20   1 -0.0060
       6  21   1 -0.0008
       6  22   1 -0.0015
       6  23   1 -0.0014
       6  24   1 -0.0004
       6  25   1 -0.0007
       6  26   1 -0.0006
       6  27   1 -0.0002
       6  28   1 -0.0003
       6  29   1 -0.0003
       6  30   1 -0.0002
       6  31   1 -0.0001
       6  32   1 -0.0002
       6  33   2  3.9160
       6  34   2  1.7924
       6  35   2 -0.8954
       6  36   2  0.4459
       6  37   2 -1.2250
       6  38   2 -0.7819
       6  39   3 -2266.7
       6  40   3 -2682.0
       6  41   3 -3041.1
       6  42   3  6092.2
       6  43   3  7208.4
       6  44   3  8173.5
       6  45   3 -4865.8
       6  46   3 -5757.3
       6  47   3 -6528.2
       6  48   3 81.5459
       6  49   3 96.4864
       6  50   3   109.4
       6  51   3 61.2738
       6  52   3 72.5001
       6  53   3 82.2074
       6  54   3 62.2062
       6  55   3 73.6034
       6  56   3 83.4584
       6  57   3 53.5450
       6  58   3 63.3553
       6  59   3 71.8382
       7   2   2 -3.7045
       7   3   2 -3.1482
       7   4   2 -1.3509
       7  12   1 -0.0002
       7  13   1 -0.0004
       7  14   1 -0.0005
       7  15   1 -0.0083
       7  16   1 -0.0142
       7  17   1 -0.0188
       7  18   1  0.0214
       7  19   1  0.0369
       7  20   1  0.0474
       7  21   1 -0.0067
       7  22   1 -0.0133
       7  23   1 -0.0118
       7  24   1 -0.0012
       7  25   1 -0.0022
       7  26   1 -0.0022
       7  27   1 -0.0006
       7  28   1 -0.0008
       7  29   1 -0.0011
       7  30   1 -0.0004
       7  31   1 -0.0002
       7  32   1 -0.0007
       7  33   2 38.9336
       7  34   2 -2.4235
       7  35   2 -0.6617
       7  36   2 -0.8011
       7  37   2 -0.0651
       7  38   2 -0.1510
       7  39   3 -8.2564
       7  40   3 -9.7691
       7  41   3   -11.1
       7  42   3 -4055.8
       7  43   3 -4798.9
       7  44   3 -5441.4
       7  45   3  6699.1
       7  46   3  7926.5
       7  47   3  8987.8
       7  48   3 -3496.7
       7  49   3 -4137.4
       7  50   3 -4691.3
       7  51   3   -11.8
       7  52   3   -14.0
       7  53   3   -15.9
       7  54   3   -10.9
       7  55   3   -12.9
       7  56   3   -14.6
       7  57   3 -6.3408
       7  58   3 -7.5026
       7  59   3 -8.5071
       8   2   2 11.5273
       8   3   2 -3.4377
       8   4   2 -1.8263
       8  12   1 -0.0000
       8  13   1 -0.0000
       8  14   1 -0.0000
       8  15   1 -0.0003
       8  16   1 -0.0005
       8  17   1 -0.0008
       8  18   1 -0.0074
       8  19   1 -0.0120
       8  20   1 -0.0177
       8  21   1  0.0223
       8  22   1  0.0358
       8  23   1  0.0498
       8  24   1 -0.0090
       8  25   1 -0.0174
       8  26   1 -0.0154
       8  27   1 -0.0014
       8  28   1 -0.0017
       8  29   1 -0.0026
       8  30   1 -0.0007
       8  31   1 -0.0004
       8  32   1 -0.0013
       8  33   2 40.2904
       8  34   2   -15.8
       8  35   2 -1.3663
       8  36   2 -2.1301
       8  37   2  0.2566
       8  38   2 -0.0435
       8  39   3 -4.1041
       8  40   3 -4.8561
       8  41   3 -5.5063
       8  42   3 20.1540
       8  43   3 23.8465
       8  44   3 27.0394
       8  45   3 -3354.3
       8  46   3 -3968.9
       8  47   3 -4500.3
       8  48   3  6429.8
       8  49   3  7607.8
       8  50   3  8626.5
       8  51   3 -2964.6
       8  52   3 -3507.8
       8  53   3 -3977.5
       8  54   3   -96.9
       8  55   3  -114.6
       8  56   3  -130.0
       8  57   3   -42.3
       8  58   3   -50.0
       8  59   3   -56.7
       9   2   2  5.5020
       9   3   2 44.7720
       9   4   2 -1.9004
       9  12   1  0.0001
       9  13   1  0.0002
       9  14   1  0.0003
       9  15   1 -0.0000
       9  16   1 -0.0000
       9  17   1 -0.0001
       9  18   1 -0.0004
       9  19   1 -0.0006
       9  20   1 -0.0011
       9  21   1 -0.0067
       9  22   1 -0.0081
       9  23   1 -0.0179
       9  24   1  0.0215
       9  25   1  0.0258
       9  26   1  0.0508
       9  27   1 -0.0101
       9  28   1 -0.0155
       9  29   1 -0.0178
       9  30   1 -0.0013
       9  31   1 -0.0006
       9  32   1 -0.0028
       9  33   2   -35.0
       9  34   2   113.7
       9  35   2 58.4817
       9  36   2   -55.4
       9  37   2 -0.4877
       9  38   2 -1.3970
       9  39   3   -23.7
       9  40   3   -28.0
       9  41   3   -31.8
       9  42   3 95.3089
       9  43   3   112.8
       9  44   3   127.9
       9  45   3 37.2315
       9  46   3 44.0529
       9  47   3 49.9513
       9  48   3 -3310.5
       9  49   3 -3917.1
       9  50   3 -4441.5
       9  51   3  5521.4
       9  52   3  6533.0
       9  53   3  7407.8
       9  54   3 -2155.6
       9  55   3 -2550.5
       9  56   3 -2892.0
       9  57   3  -149.3
       9  58   3  -176.7
       9  59   3  -200.3
      10   2   2 -3.6142
      10   3   2 32.4614
      10   4   2  1.7038
      10  12   1 -0.0001
      10  13   1 -0.0003
      10  14   1 -0.0003
      10  15   1 -0.0000
      10  16   1 -0.0001
      10  17   1 -0.0000
      10  18   1  0.0001
      10  19   1  0.0001
      10  20   1  0.0004
      10  21   1  0.0005
      10  22   1  0.0005
      10  23   1  0.0014
      10  24   1  0.0053
      10  25   1  0.0002
      10  26   1  0.0173
      10  27   1 -0.0192
      10  28   1 -0.0078
      10  29   1 -0.0507
      10  30   1  0.0104
      10  31   1  0.0087
      10  32   1  0.0194
      10  33   2  4.3579
      10  34   2 71.6531
      10  35   2 20.3734
      10  36   2  -175.7
      10  37   2  5.1788
      10  38   2 87.4509
      10  39   3 29.2615
      10  40   3 34.6227
      10  41   3 39.2584
      10  42   3  -103.8
      10  43   3  -122.9
      10  44   3  -139.3
      10  45   3   -18.2
      10  46   3   -21.6
      10  47   3   -24.4
      10  48   3   -81.6
      10  49   3   -96.6
      10  50   3  -109.5
      10  51   3  2942.7
      10  52   3  3481.9
      10  53   3  3948.1
      10  54   3 -4093.7
      10  55   3 -4843.7
      10  56   3 -5492.3
      10  57   3  1097.3
      10  58   3  1298.3
      10  59   3  1472.1
      11   2   2 -2.0575
      11   3   2 -6.5425
      11   4   2  1.7075
      11  12   1 -0.0001
      11  13   1 -0.0002
      11  14   1 -0.0002
      11  15   1 -0.0000
      11  16   1 -0.0001
      11  17   1 -0.0000
      11  18   1  0.0000
      11  19   1  0.0000
      11  20   1  0.0002
      11  21   1  0.0001
      11  22   1  0.0000
      11  23   1  0.0005
      11  24   1  0.0005
      11  25   1  0.0001
      11  26   1  0.0015
      11  27   1  0.0034
      11  28   1 -0.0082
      11  29   1  0.0163
      11  30   1 -0.0154
      11  31   1  0.0100
      11  32   1 -0.0499
      11  33   2  1.8323
      11  34   2  3.3316
      11  35   2 20.3878
      11  36   2 98.2670
      11  37   2   -73.3
      11  38   2  -225.3
      11  39   3 19.3715
      11  40   3 22.9207
      11  41   3 25.9896
      11  42   3   -72.8
      11  43   3   -86.1
      11  44   3   -97.6
      11  45   3   -16.0
      11  46   3   -19.0
      11  47   3   -21.5
      11  48   3   -34.0
      11  49   3   -40.2
      11  50   3   -45.6
      11  51   3  -136.5
      11  52   3  -161.6
      11  53   3  -183.2
      11  54   3  2254.8
      11  55   3  2667.9
      11  56   3  3025.1
      11  57   3 -2099.4
      11  58   3 -2484.1
      11  59   3 -2816.7
      12   1   1 -0.0001
      12   2   3  -310.7
      12   4   1  0.0000
      12   5   1  0.0437
      12   6   1 -0.0047
      12   7   1 -0.0002
      12   8   1 -0.0000
      12   9   1  0.0001
      12  10   1 -0.0001
      12  11   1 -0.0001
      12  14   2   711.4
      12  17   2   -83.6
      12  20   2  1.9365
      12  23   2  2.4871
      12  26   2  3.7955
      12  29   2  3.9203
      12  32   2  2.8383
      12  33   3  -384.3
      12  34   3  -188.7
      12  36   3   -85.3
      12  38   3 11.0891
      12  39   2  -810.6
      12  42   2  -144.7
      12  45   2 -5.3397
      12  48   2 -0.8871
      12  51   2  1.1576
      12  54   2  2.2026
      12  57   2  2.2465
      13   1   1  0.0001
      13   2   3   439.4
      13   3   1  0.0004
      13   3   3  -235.7
      13   4   1  0.0000
      13   5   1 -0.0758
      13   6   1  0.0081
      13   7   1  0.0004
      13   8   1  0.0000
      13   9   1 -0.0002
      13  10   1  0.0003
      13  11   1  0.0002
      13  13   2  -615.9
      13  14   2 -1067.0
      13  16   2 71.0643
      13  17   2   125.4
      13  19   2 -2.3166
      13  20   2 -2.9141
      13  22   2 -1.4257
      13  23   2 -3.7354
      13  25   2 -1.1814
      13  26   2 -5.6965
      13  28   2 -0.8049
      13  29   2 -5.8829
      13  31   2 -0.7499
      13  32   2 -4.2590
      13  33   3   543.6
      13  34   3   266.8
      13  35   1  0.0000
      13  35   3   -14.5
      13  36   3   120.7
      13  37   1  0.0001
      13  37   3   -58.2
      13  38   3   -15.7
      13  39   2  -810.6
      13  40   2 -1146.3
      13  42   2  -144.8
      13  43   2  -204.7
      13  45   2 -5.3491
      13  46   2 -7.5648
      13  48   2 -0.8924
      13  49   2 -1.2620
      13  51   2  1.1544
      13  52   2  1.6326
      13  54   2  2.2005
      13  55   2  3.1120
      13  57   2  2.2449
      13  58   2  3.1748
      14   1   1 -0.0001
      14   2   1 -0.0004
      14   2   3  -340.2
      14   3   1  0.0002
      14   3   3   333.0
      14   4   1  0.0000
      14   4   3 51.1348
      14   5   1  0.0978
      14   6   1 -0.0104
      14   7   1 -0.0005
      14   8   1 -0.0000
      14   9   1  0.0003
      14  10   1 -0.0003
      14  11   1 -0.0002
      14  12   2   711.4
      14  13   2  1067.0
      14  14   2   941.2
      14  15   2   -82.7
      14  16   2  -123.2
      14  17   2  -110.7
      14  18   2  2.1382
      14  19   2  3.9741
      14  20   2  2.5374
      14  21   2  1.5949
      14  22   2  2.4519
      14  23   2  3.2781
      14  24   2  2.3366
      14  25   2  2.0368
      14  26   2  5.0126
      14  27   2  2.6983
      14  28   2  1.3895
      14  29   2  5.1800
      14  30   2  2.3069
      14  31   2  1.2966
      14  32   2  3.7507
      14  33   1 -0.0007
      14  33   3  -420.8
      14  34   1 -0.0004
      14  34   3  -206.6
      14  35   1  0.0000
      14  35   3 20.4082
      14  36   1 -0.0002
      14  36   3   -93.5
      14  37   1  0.0001
      14  37   3 82.2039
      14  38   1  0.0000
      14  38   3 12.1157
      14  39   2  -306.5
      14  40   2  -810.9
      14  41   2 -1592.5
      14  42   2   -54.6
      14  43   2  -144.5
      14  44   2  -283.9
      14  45   2 -2.0077
      14  46   2 -5.3119
      14  47   2   -10.4
      14  48   2 -0.3294
      14  49   2 -0.8716
      14  50   2 -1.7118
      14  51   2  0.4411
      14  52   2  1.1672
      14  53   2  2.2923
      14  54   2  0.8349
      14  55   2  2.2089
      14  56   2  4.3382
      14  57   2  0.8509
      14  58   2  2.2514
      14  59   2  4.4216
      15   1   1 -0.0008
      15   2   3  -497.5
      15   4   1  0.0001
      15   5   1 -0.0002
      15   6   1  0.0226
      15   7   1 -0.0083
      15   8   1 -0.0003
      15   9   1 -0.0000
      15  10   1 -0.0000
      15  11   1 -0.0000
      15  14   2   -82.7
      15  17   2   240.3
      15  20   2  -114.6
      15  23   2  0.9517
      15  26   2  1.2973
      15  29   2  1.3766
      15  32   2  1.0679
      15  33   3  -622.2
      15  34   3  -108.6
      15  36   3   -50.7
      15  38   3   -11.1
      15  39   2 12.8330
      15  42   2 34.3712
      15  45   2  -166.1
      15  48   2 -0.9772
      15  51   2  0.1419
      15  54   2  0.6308
      15  57   2  0.7312
      16   1   1  0.0014
      16   2   3   704.4
      16   3   1  0.0003
      16   3   3   -60.1
      16   4   1  0.0001
      16   5   1  0.0003
      16   6   1 -0.0392
      16   7   1  0.0142
      16   8   1  0.0005
      16   9   1  0.0000
      16  10   1  0.0001
      16  11   1  0.0001
      16  13   2 71.0643
      16  14   2   123.2
      16  16   2  -204.1
      16  17   2  -358.4
      16  19   2 96.4305
      16  20   2   170.3
      16  22   2 -0.8501
      16  23   2 -1.6334
      16  25   2 -0.5285
      16  26   2 -2.0625
      16  28   2 -0.2939
      16  29   2 -2.1414
      16  31   2 -0.1897
      16  32   2 -1.6442
      16  33   3   883.7
      16  34   3   154.5
      16  35   1 -0.0001
      16  35   3  5.1137
      16  36   3 71.5443
      16  37   1 -0.0000
      16  37   3 -8.7813
      16  38   3 14.6541
      16  39   2 12.8628
      16  40   2 18.1907
      16  42   2 36.2530
      16  43   2 51.2695
      16  45   2  -167.3
      16  46   2  -236.6
      16  48   2 -1.0554
      16  49   2 -1.4926
      16  51   2  0.1001
      16  52   2  0.1416
      16  54   2  0.6085
      16  55   2  0.8605
      16  57   2  0.7150
      16  58   2  1.0111
      17   1   1 -0.0013
      17   2   1  0.0038
      17   2   3  -542.4
      17   3   1  0.0004
      17   3   3 70.3451
      17   4   1  0.0001
      17   4   3 26.3558
      17   5   1 -0.0004
      17   6   1  0.0503
      17   7   1 -0.0188
      17   8   1 -0.0008
      17   9   1 -0.0001
      17  10   1 -0.0000
      17  11   1 -0.0000
      17  12   2   -83.6
      17  13   2  -125.4
      17  14   2  -110.7
      17  15   2   240.3
      17  16   2   358.4
      17  17   2   321.1
      17  18   2  -115.3
      17  19   2  -170.9
      17  20   2  -154.2
      17  21   2  0.3403
      17  22   2  0.9025
      17  23   2  0.8704
      17  24   2  0.5827
      17  25   2  0.6726
      17  26   2  1.4930
      17  27   2  0.7717
      17  28   2  0.3884
      17  29   2  1.6725
      17  30   2  0.7113
      17  31   2  0.2501
      17  32   2  1.3287
      17  33   1 -0.0005
      17  33   3  -673.9
      17  34   1 -0.0001
      17  34   3  -117.0
      17  35   1 -0.0001
      17  35   3   -10.9
      17  36   1 -0.0000
      17  36   3   -55.7
      17  37   1 -0.0000
      17  37   3  7.6266
      17  38   1  0.0000
      17  38   3   -13.9
      17  39   2  4.8424
      17  40   2 12.8117
      17  41   2 25.1616
      17  42   2 11.2525
      17  43   2 29.7713
      17  44   2 58.4697
      17  45   2   -61.6
      17  46   2  -162.9
      17  47   2  -319.9
      17  48   2 -0.2921
      17  49   2 -0.7729
      17  50   2 -1.5180
      17  51   2  0.0940
      17  52   2  0.2487
      17  53   2  0.4885
      17  54   2  0.2609
      17  55   2  0.6902
      17  56   2  1.3556
      17  57   2  0.2936
      17  58   2  0.7767
      17  59   2  1.5254
      18   1   1 -0.0016
      18   2   3   900.5
      18   4   1  0.0003
      18   5   1  0.0000
      18   6   1 -0.0033
      18   7   1  0.0214
      18   8   1 -0.0074
      18   9   1 -0.0004
      18  10   1  0.0001
      18  11   1  0.0000
      18  14   2  2.1382
      18  17   2  -115.3
      18  20   2   210.1
      18  23   2   -99.4
      18  26   2  0.1798
      18  29   2  0.1376
      18  32   2  0.1653
      18  33   3  1358.0
      18  34   3  -144.8
      18  36   3   -41.6
      18  38   3   -20.9
      18  39   2  1.7738
      18  42   2   -65.8
      18  45   2   155.7
      18  48   2  -130.5
      18  51   2  0.3281
      18  54   2  0.1427
      18  57   2  0.1471
      19   1   1  0.0032
      19   2   3 -1275.9
      19   3   1  0.0004
      19   3   3 12.0253
      19   4   1  0.0001
      19   5   1 -0.0001
      19   6   1  0.0063
      19   7   1 -0.0369
      19   8   1  0.0120
      19   9   1  0.0006
      19  10   1 -0.0001
      19  11   1 -0.0000
      19  13   2 -2.3166
      19  14   2 -3.9741
      19  16   2 96.4305
      19  17   2   170.9
      19  19   2  -170.8
      19  20   2  -305.2
      19  22   2 80.8632
      19  23   2   141.8
      19  25   2 -0.7941
      19  26   2 -0.9762
      19  28   2 -0.2345
      19  29   2 -0.5833
      19  31   2 -0.0294
      19  32   2 -0.4361
      19  33   3 -1908.7
      19  34   3   205.9
      19  35   1 -0.0005
      19  35   3 13.3948
      19  36   3 55.7786
      19  37   1 -0.0002
      19  37   3  9.3008
      19  38   3 23.0718
      19  39   2  1.7576
      19  40   2  2.4856
      19  42   2   -66.9
      19  43   2   -94.6
      19  45   2   161.8
      19  46   2   228.8
      19  48   2  -135.1
      19  49   2  -191.0
      19  51   2  0.1443
      19  52   2  0.2041
      19  54   2  0.0645
      19  55   2  0.0913
      19  57   2  0.0961
      19  58   2  0.1360
      20   1   1 -0.0027
      20   2   1 -0.0072
      20   2   3   970.6
      20   3   1  0.0009
      20   3   3   -79.8
      20   4   1  0.0001
      20   4   3 10.8451
      20   5   1  0.0001
      20   6   1 -0.0060
      20   7   1  0.0474
      20   8   1 -0.0177
      20   9   1 -0.0011
      20  10   1  0.0004
      20  11   1  0.0002
      20  12   2  1.9365
      20  13   2  2.9141
      20  14   2  2.5374
      20  15   2  -114.6
      20  16   2  -170.3
      20  17   2  -154.2
      20  18   2   210.1
      20  19   2   305.2
      20  20   2   286.5
      20  21   2  -101.1
      20  22   2  -143.3
      20  23   2  -137.3
      20  24   2 -0.4315
      20  25   2  0.1187
      20  26   2 -0.5981
      20  27   2 -0.2856
      20  28   2 -0.1144
      20  29   2 -0.2844
      20  30   2 -0.1549
      20  31   2 -0.2596
      20  32   2 -0.0309
      20  33   1 -0.0307
      20  33   3  1474.1
      20  34   1  0.0002
      20  34   3  -151.6
      20  35   1 -0.0002
      20  35   3   -39.7
      20  36   1  0.0001
      20  36   3   -46.2
      20  37   1 -0.0001
      20  37   3   -32.5
      20  38   1  0.0001
      20  38   3   -28.1
      20  39   2  0.6840
      20  40   2  1.8097
      20  41   2  3.5541
      20  42   2   -23.6
      20  43   2   -62.4
      20  44   2  -122.5
      20  45   2 53.7014
      20  46   2   142.1
      20  47   2   279.0
      20  48   2   -45.6
      20  49   2  -120.6
      20  50   2  -236.8
      20  51   2  0.2904
      20  52   2  0.7683
      20  53   2  1.5088
      20  54   2  0.1287
      20  55   2  0.3404
      20  56   2  0.6685
      20  57   2  0.1044
      20  58   2  0.2762
      20  59   2  0.5425
      21   1   1 -0.0020
      21   2   3  -328.3
      21   4   1  0.0004
      21   5   1  0.0000
      21   6   1 -0.0008
      21   7   1 -0.0067
      21   8   1  0.0223
      21   9   1 -0.0067
      21  10   1  0.0005
      21  11   1  0.0001
      21  14   2  1.5949
      21  17   2  0.3403
      21  20   2  -101.1
      21  23   2   210.0
      21  26   2   -99.9
      21  29   2 -0.1528
      21  32   2  0.0019
      21  33   3  -930.1
      21  34   3   764.4
      21  36   3  -149.1
      21  38   3   -50.2
      21  39   2  0.0721
      21  42   2  3.0652
      21  45   2   -83.8
      21  48   2   197.4
      21  51   2  -129.8
      21  54   2  0.4395
      21  57   2  0.2137
      22   1   1  0.0041
      22   2   3   449.0
      22   3   1 -0.0013
      22   3   3 52.9642
      22   4   1 -0.0000
      22   5   1 -0.0000
      22   6   1  0.0015
      22   7   1  0.0133
      22   8   1 -0.0358
      22   9   1  0.0081
      22  10   1 -0.0005
      22  11   1 -0.0000
      22  13   2 -1.4257
      22  14   2 -2.4519
      22  16   2 -0.8501
      22  17   2 -0.9025
      22  19   2 80.8632
      22  20   2   143.3
      22  22   2  -162.7
      22  23   2  -275.8
      22  25   2 79.2637
      22  26   2   121.4
      22  28   2 -0.9554
      22  29   2 -1.1753
      22  31   2 -0.1655
      22  32   2 -0.6038
      22  33   3   374.8
      22  34   3   137.3
      22  35   1 -0.0019
      22  35   3 44.2819
      22  36   3   184.0
      22  37   1 -0.0008
      22  37   3 18.2206
      22  38   3 46.2886
      22  39   2  0.1108
      22  40   2  0.1567
      22  42   2  3.0206
      22  43   2  4.2718
      22  45   2   -87.8
      22  46   2  -124.2
      22  48   2   212.0
      22  49   2   299.9
      22  51   2  -138.3
      22  52   2  -195.6
      22  54   2  0.1735
      22  55   2  0.2453
      22  57   2  0.1009
      22  58   2  0.1427
      23   1   1 -0.0031
      23   2   1 -0.0037
      23   2   3  -372.2
      23   3   1  0.0013
      23   3   3  -297.7
      23   4   1  0.0002
      23   4   3  4.5299
      23   5   1  0.0002
      23   6   1 -0.0014
      23   7   1 -0.0118
      23   8   1  0.0498
      23   9   1 -0.0179
      23  10   1  0.0014
      23  11   1  0.0005
      23  12   2  2.4871
      23  13   2  3.7354
      23  14   2  3.2781
      23  15   2  0.9517
      23  16   2  1.6334
      23  17   2  0.8704
      23  18   2   -99.4
      23  19   2  -141.8
      23  20   2  -137.3
      23  21   2   210.0
      23  22   2   275.8
      23  23   2   293.6
      23  24   2  -103.0
      23  25   2  -123.5
      23  26   2  -143.4
      23  27   2 -0.8704
      23  28   2 -0.4240
      23  29   2 -1.2714
      23  30   2 -0.4998
      23  31   2 -0.6134
      23  32   2 -0.5191
      23  33   1 -0.0130
      23  33   3 -1673.4
      23  34   1 -0.0075
      23  34   3  1641.3
      23  35   1 -0.0006
      23  35   3  -184.0
      23  36   1  0.0005
      23  36   3  -158.6
      23  37   1 -0.0001
      23  37   3   -81.3
      23  38   1  0.0003
      23  38   3   -61.3
      23  39   2 -0.0030
      23  40   2 -0.0080
      23  41   2 -0.0158
      23  42   2  1.4025
      23  43   2  3.7106
      23  44   2  7.2874
      23  45   2   -28.2
      23  46   2   -74.6
      23  47   2  -146.6
      23  48   2 62.4141
      23  49   2   165.1
      23  50   2   324.3
      23  51   2   -41.3
      23  52   2  -109.2
      23  53   2  -214.5
      23  54   2  0.3922
      23  55   2  1.0377
      23  56   2  2.0380
      23  57   2  0.1807
      23  58   2  0.4780
      23  59   2  0.9388
      24   1   1 -0.0019
      24   2   3   -81.6
      24   4   1  0.0003
      24   5   1  0.0001
      24   6   1 -0.0004
      24   7   1 -0.0012
      24   8   1 -0.0090
      24   9   1  0.0215
      24  10   1  0.0053
      24  11   1  0.0005
      24  14   2  2.3366
      24  17   2  0.5827
      24  20   2 -0.4315
      24  23   2  -103.0
      24  26   2   203.7
      24  29   2   -96.1
      24  32   2 -0.0852
      24  33   3  -167.3
      24  34   3  -198.0
      24  36   3   524.8
      24  38   3  -159.6
      24  39   2 -0.2416
      24  42   2  1.5594
      24  45   2  1.1548
      24  48   2   -94.3
      24  51   2   209.2
      24  54   2  -126.0
      24  57   2  0.8946
      25   1   1  0.0038
      25   2   3 87.9538
      25   3   1 -0.0206
      25   3   3  1772.6
      25   4   1 -0.0008
      25   5   1 -0.0000
      25   6   1  0.0007
      25   7   1  0.0022
      25   8   1  0.0174
      25   9   1 -0.0258
      25  10   1 -0.0002
      25  11   1 -0.0001
      25  13   2 -1.1814
      25  14   2 -2.0368
      25  16   2 -0.5285
      25  17   2 -0.6726
      25  19   2 -0.7941
      25  20   2 -0.1187
      25  22   2 79.2637
      25  23   2   123.5
      25  25   2  -153.9
      25  26   2  -194.9
      25  28   2 77.5949
      25  29   2 67.8606
      25  31   2 -0.9774
      25  32   2 -1.2527
      25  33   3  1147.3
      25  34   3 -3029.0
      25  35   1 -0.0207
      25  35   3  2076.8
      25  36   3  1644.0
      25  37   1 -0.0025
      25  37   3 24.1549
      25  38   3   116.9
      25  39   2 -0.0737
      25  40   2 -0.1043
      25  42   2  1.1443
      25  43   2  1.6182
      25  45   2  1.0804
      25  46   2  1.5280
      25  48   2  -102.0
      25  49   2  -144.3
      25  51   2   228.4
      25  52   2   323.0
      25  54   2  -132.8
      25  55   2  -187.8
      25  57   2  0.2516
      25  58   2  0.3558
      26   1   1 -0.0029
      26   2   1 -0.0027
      26   2   3  -102.2
      26   3   1 -0.0049
      26   3   3  -311.8
      26   4   1  0.0003
      26   4   3   -16.5
      26   5   1  0.0003
      26   6   1 -0.0006
      26   7   1 -0.0022
      26   8   1 -0.0154
      26   9   1  0.0508
      26  10   1  0.0173
      26  11   1  0.0015
      26  12   2  3.7955
      26  13   2  5.6965
      26  14   2  5.0126
      26  15   2  1.2973
      26  16   2  2.0625
      26  17   2  1.4930
      26  18   2  0.1798
      26  19   2  0.9762
      26  20   2 -0.5981
      26  21   2   -99.9
      26  22   2  -121.4
      26  23   2  -143.4
      26  24   2   203.7
      26  25   2   194.9
      26  26   2   296.3
      26  27   2   -99.8
      26  28   2   -70.0
      26  29   2  -145.4
      26  30   2 -0.7615
      26  31   2 -0.9707
      26  32   2 -1.1251
      26  33   1  0.0164
      26  33   3   513.5
      26  34   1 -0.0317
      26  34   3 -2255.2
      26  35   1 -0.0087
      26  35   3   -49.8
      26  36   1 -0.0058
      26  36   3  1768.4
      26  37   1 -0.0003
      26  37   3  -236.0
      26  38   1  0.0007
      26  38   3  -171.6
      26  39   2 -0.1513
      26  40   2 -0.4003
      26  41   2 -0.7861
      26  42   2  0.8499
      26  43   2  2.2485
      26  44   2  4.4160
      26  45   2  0.5874
      26  46   2  1.5542
      26  47   2  3.0524
      26  48   2   -28.5
      26  49   2   -75.5
      26  50   2  -148.2
      26  51   2 57.8648
      26  52   2   153.1
      26  53   2   300.7
      26  54   2   -34.7
      26  55   2   -91.8
      26  56   2  -180.3
      26  57   2  0.5988
      26  58   2  1.5842
      26  59   2  3.1114
      27   1   1 -0.0017
      27   2   3   -46.5
      27   4   1 -0.0003
      27   5   1  0.0001
      27   6   1 -0.0002
      27   7   1 -0.0006
      27   8   1 -0.0014
      27   9   1 -0.0101
      27  10   1 -0.0192
      27  11   1  0.0034
      27  14   2  2.6983
      27  17   2  0.7717
      27  20   2 -0.2856
      27  23   2 -0.8704
      27  26   2   -99.8
      27  29   2   190.4
      27  32   2   -88.2
      27  33   3   148.5
      27  34   3  -577.6
      27  36   3   330.1
      27  38   3   221.5
      27  39   2 -0.3360
      27  42   2  1.2858
      27  45   2  0.2694
      27  48   2  0.9226
      27  51   2   -98.1
      27  54   2   208.8
      27  57   2  -118.9
      28   1   1  0.0025
      28   2   3 37.6192
      28   3   1  0.0085
      28   3   3 -1919.0
      28   4   1 -0.0020
      28   5   1 -0.0000
      28   6   1  0.0003
      28   7   1  0.0008
      28   8   1  0.0017
      28   9   1  0.0155
      28  10   1  0.0078
      28  11   1  0.0082
      28  13   2 -0.8049
      28  14   2 -1.3895
      28  16   2 -0.2939
      28  17   2 -0.3884
      28  19   2 -0.2345
      28  20   2  0.1144
      28  22   2 -0.9554
      28  23   2  0.4240
      28  25   2 77.5949
      28  26   2 70.0190
      28  28   2  -153.7
      28  29   2   -68.5
      28  31   2 80.6234
      28  32   2 -1.1144
      28  33   3  -176.8
      28  34   3  2771.0
      28  35   1  0.0383
      28  35   3 -4561.4
      28  36   3 -5397.2
      28  37   1 -0.0198
      28  37   3  2451.8
      28  38   3  2908.9
      28  39   2 -0.0953
      28  40   2 -0.1348
      28  42   2  0.5612
      28  43   2  0.7937
      28  45   2  0.1632
      28  46   2  0.2307
      28  48   2  0.3391
      28  49   2  0.4795
      28  51   2  -104.8
      28  52   2  -148.2
      28  54   2   221.5
      28  55   2   313.3
      28  57   2  -118.5
      28  58   2  -167.6
      29   1   1 -0.0025
      29   2   1 -0.0022
      29   2   3   -56.8
      29   3   1 -0.0027
      29   3   3  1023.5
      29   4   1  0.0003
      29   4   3   -60.8
      29   5   1  0.0003
      29   6   1 -0.0003
      29   7   1 -0.0011
      29   8   1 -0.0026
      29   9   1 -0.0178
      29  10   1 -0.0507
      29  11   1  0.0163
      29  12   2  3.9203
      29  13   2  5.8829
      29  14   2  5.1800
      29  15   2  1.3766
      29  16   2  2.1414
      29  17   2  1.6725
      29  18   2  0.1376
      29  19   2  0.5833
      29  20   2 -0.2844
      29  21   2 -0.1528
      29  22   2  1.1753
      29  23   2 -1.2714
      29  24   2   -96.1
      29  25   2   -67.9
      29  26   2  -145.4
      29  27   2   190.4
      29  28   2 68.4779
      29  29   2   296.1
      29  30   2   -91.8
      29  31   2 -2.0485
      29  32   2  -145.4
      29  33   1  0.0014
      29  33   3   159.4
      29  34   1  0.0206
      29  34   3   628.6
      29  35   1 -0.0012
      29  35   3   518.5
      29  36   1 -0.0324
      29  36   3 -2501.7
      29  37   1 -0.0064
      29  37   3   991.0
      29  38   1 -0.0044
      29  38   3  1868.2
      29  39   2 -0.1756
      29  40   2 -0.4645
      29  41   2 -0.9122
      29  42   2  0.6827
      29  43   2  1.8062
      29  44   2  3.5472
      29  45   2  0.1756
      29  46   2  0.4646
      29  47   2  0.9124
      29  48   2  0.5558
      29  49   2  1.4705
      29  50   2  2.8879
      29  51   2   -25.3
      29  52   2   -66.9
      29  53   2  -131.5
      29  54   2 46.7896
      29  55   2   123.8
      29  56   2   243.1
      29  57   2   -25.4
      29  58   2   -67.3
      29  59   2  -132.2
      30   1   1 -0.0014
      30   2   3   -28.0
      30   4   1 -0.0017
      30   5   1  0.0001
      30   6   1 -0.0002
      30   7   1 -0.0004
      30   8   1 -0.0007
      30   9   1 -0.0013
      30  10   1  0.0104
      30  11   1 -0.0154
      30  14   2  2.3069
      30  17   2  0.7113
      30  20   2 -0.1549
      30  23   2 -0.4998
      30  26   2 -0.7615
      30  29   2   -91.8
      30  32   2   167.9
      30  33   3 46.2263
      30  34   3   148.3
      30  36   3  -881.0
      30  38   3  1030.8
      30  39   2 -0.2915
      30  42   2  0.9871
      30  45   2  0.1143
      30  48   2  0.2231
      30  51   2  0.9378
      30  54   2   -98.0
      30  57   2   199.4
      31   1   1  0.0010
      31   2   3 27.2892
      31   3   1 -0.0004
      31   3   3 27.2008
      31   4   1 -0.0034
      31   5   1 -0.0001
      31   6   1  0.0001
      31   7   1  0.0002
      31   8   1  0.0004
      31   9   1  0.0006
      31  10   1 -0.0087
      31  11   1 -0.0100
      31  13   2 -0.7499
      31  14   2 -1.2966
      31  16   2 -0.1897
      31  17   2 -0.2501
      31  19   2 -0.0294
      31  20   2  0.2596
      31  22   2 -0.1655
      31  23   2  0.6134
      31  25   2 -0.9774
      31  26   2  0.9707
      31  28   2 80.6234
      31  29   2  2.0485
      31  31   2  -163.7
      31  32   2 52.8500
      31  33   3   -46.6
      31  34   3  -113.9
      31  35   1 -0.0134
      31  35   3  2447.3
      31  36   3  3564.5
      31  37   1  0.0424
      31  37   3 -4978.8
      31  38   3 -6849.5
      31  39   2 -0.1359
      31  40   2 -0.1922
      31  42   2  0.3758
      31  43   2  0.5315
      31  45   2 -0.0945
      31  46   2 -0.1336
      31  48   2 -0.2730
      31  49   2 -0.3861
      31  51   2 -0.5912
      31  52   2 -0.8361
      31  54   2   -97.7
      31  55   2  -138.2
      31  57   2   208.2
      31  58   2   294.4
      32   1   1 -0.0022
      32   2   1 -0.0018
      32   2   3   -27.7
      32   3   1 -0.0006
      32   3   3  -333.6
      32   4   1  0.0003
      32   4   3  -182.9
      32   5   1  0.0002
      32   6   1 -0.0002
      32   7   1 -0.0007
      32   8   1 -0.0013
      32   9   1 -0.0028
      32  10   1  0.0194
      32  11   1 -0.0499
      32  12   2  2.8383
      32  13   2  4.2590
      32  14   2  3.7507
      32  15   2  1.0679
      32  16   2  1.6442
      32  17   2  1.3287
      32  18   2  0.1653
      32  19   2  0.4361
      32  20   2 -0.0309
      32  21   2  0.0019
      32  22   2  0.6038
      32  23   2 -0.5191
      32  24   2 -0.0852
      32  25   2  1.2527
      32  26   2 -1.1251
      32  27   2   -88.2
      32  28   2  1.1144
      32  29   2  -145.4
      32  30   2   167.9
      32  31   2   -52.9
      32  32   2   294.6
      32  33   1  0.0008
      32  33   3 48.3484
      32  34   1  0.0013
      32  34   3   157.2
      32  35   1  0.0064
      32  35   3  -566.6
      32  36   1  0.0215
      32  36   3   733.6
      32  37   1 -0.0051
      32  37   3  -804.7
      32  38   1 -0.0331
      32  38   3 -2680.4
      32  39   2 -0.1222
      32  40   2 -0.3232
      32  41   2 -0.6348
      32  42   2  0.4623
      32  43   2  1.2230
      32  44   2  2.4020
      32  45   2  0.1058
      32  46   2  0.2798
      32  47   2  0.5495
      32  48   2  0.2063
      32  49   2  0.5458
      32  50   2  1.0720
      32  51   2  0.6102
      32  52   2  1.6145
      32  53   2  3.1708
      32  54   2   -19.3
      32  55   2   -51.2
      32  56   2  -100.5
      32  57   2 29.0051
      32  58   2 76.7402
      32  59   2   150.7
      33   1   2 -4.5257
      33   2   2   -80.9
      33   3   2 -0.1967
      33   4   2  0.2567
      33   5   2 17.3230
      33   6   2  3.9160
      33   7   2 38.9336
      33   8   2 40.2904
      33   9   2   -35.0
      33  10   2  4.3579
      33  11   2  1.8323
      33  12   3  -384.3
      33  13   3  -543.6
      33  14   1 -0.0007
      33  14   3  -420.8
      33  15   3  -622.2
      33  16   3  -883.7
      33  17   1 -0.0005
      33  17   3  -673.9
      33  18   3  1358.0
      33  19   3  1908.7
      33  20   1 -0.0307
      33  20   3  1474.1
      33  21   3  -930.1
      33  22   3  -374.8
      33  23   1 -0.0130
      33  23   3 -1673.4
      33  24   3  -167.3
      33  25   3 -1147.3
      33  26   1  0.0164
      33  26   3   513.5
      33  27   3   148.5
      33  28   3   176.8
      33  29   1  0.0014
      33  29   3   159.4
      33  30   3 46.2263
      33  31   3 46.5650
      33  32   1  0.0008
      33  32   3 48.3484
      33  33   2  -287.4
      33  34   2   159.6
      33  35   2 -1.0887
      33  36   2  0.5391
      33  37   2 -0.3962
      33  38   2  0.0479
      33  39   1 -0.0000
      33  39   3 -9.6860
      33  40   1 -0.0000
      33  40   3   -20.3
      33  41   1 -0.0000
      33  41   3   -25.4
      33  42   1 -0.0001
      33  42   3  -348.3
      33  43   1 -0.0004
      33  43   3  -728.6
      33  44   1 -0.0012
      33  44   3  -913.3
      33  45   1 -0.0001
      33  45   3   815.2
      33  46   1 -0.0009
      33  46   3  1705.2
      33  47   1 -0.0030
      33  47   3  2137.6
      33  48   1  0.0022
      33  48   3   147.3
      33  49   1  0.0133
      33  49   3   308.0
      33  50   1  0.0453
      33  50   3   386.2
      33  51   1  0.0002
      33  51   3  -713.4
      33  52   1  0.0012
      33  52   3 -1492.1
      33  53   1  0.0040
      33  53   3 -1870.5
      33  54   1 -0.0001
      33  54   3 83.3915
      33  55   1 -0.0007
      33  55   3   174.4
      33  56   1 -0.0025
      33  56   3   218.7
      33  57   1 -0.0001
      33  57   3 26.1616
      33  58   1 -0.0006
      33  58   3 54.7209
      33  59   1 -0.0021
      33  59   3 68.5963
      34   1   2 -3.9983
      34   2   2 -3.2947
      34   3   2 83.2697
      34   4   2  0.2366
      34   5   2  8.5386
      34   6   2  1.7924
      34   7   2 -2.4235
      34   8   2   -15.8
      34   9   2   113.7
      34  10   2 71.6531
      34  11   2  3.3316
      34  12   3  -188.7
      34  13   3  -266.8
      34  14   1 -0.0004
      34  14   3  -206.6
      34  15   3  -108.6
      34  16   3  -154.5
      34  17   1 -0.0001
      34  17   3  -117.0
      34  18   3  -144.8
      34  19   3  -205.9
      34  20   1  0.0002
      34  20   3  -151.6
      34  21   3   764.4
      34  22   3  -137.3
      34  23   1 -0.0075
      34  23   3  1641.3
      34  24   3  -198.0
      34  25   3  3029.0
      34  26   1 -0.0317
      34  26   3 -2255.2
      34  27   3  -577.6
      34  28   3 -2771.0
      34  29   1  0.0206
      34  29   3   628.6
      34  30   3   148.3
      34  31   3   113.9
      34  32   1  0.0013
      34  32   3   157.2
      34  33   2   159.6
      34  34   2  -413.2
      34  35   2 95.4246
      34  36   2   198.4
      34  37   2 -0.1762
      34  38   2  0.7920
      34  39   1  0.0000
      34  39   3  5.9108
      34  40   1  0.0000
      34  40   3 12.3634
      34  41   1  0.0000
      34  41   3 15.4984
      34  42   1 -0.0000
      34  42   3   -53.8
      34  43   1 -0.0001
      34  43   3  -112.6
      34  44   1 -0.0002
      34  44   3  -141.2
      34  45   1 -0.0000
      34  45   3   -79.0
      34  46   1 -0.0001
      34  46   3  -165.3
      34  47   1 -0.0004
      34  47   3  -207.2
      34  48   1 -0.0010
      34  48   3  -330.1
      34  49   1 -0.0060
      34  49   3  -690.5
      34  50   1 -0.0203
      34  50   3  -865.6
      34  51   1  0.0023
      34  51   3  1420.6
      34  52   1  0.0134
      34  52   3  2971.4
      34  53   1  0.0456
      34  53   3  3724.9
      34  54   1  0.0001
      34  54   3 -1064.9
      34  55   1  0.0005
      34  55   3 -2227.3
      34  56   1  0.0017
      34  56   3 -2792.1
      34  57   1 -0.0001
      34  57   3 80.1002
      34  58   1 -0.0009
      34  58   3   167.5
      34  59   1 -0.0029
      34  59   3   210.0
      35   1   2  0.9719
      35   2   2 -0.2259
      35   3   2   -73.4
      35   4   2  1.0439
      35   5   2  1.1990
      35   6   2  0.8954
      35   7   2  0.6617
      35   8   2  1.3663
      35   9   2   -58.5
      35  10   2   -20.4
      35  11   2   -20.4
      35  13   1  0.0000
      35  13   3   -14.5
      35  14   1 -0.0000
      35  14   3   -20.4
      35  16   1 -0.0001
      35  16   3  5.1137
      35  17   1  0.0001
      35  17   3 10.8609
      35  19   1 -0.0005
      35  19   3 13.3948
      35  20   1  0.0002
      35  20   3 39.6568
      35  22   1 -0.0019
      35  22   3 44.2819
      35  23   1  0.0006
      35  23   3   184.0
      35  25   1 -0.0207
      35  25   3  2076.8
      35  26   1  0.0087
      35  26   3 49.7768
      35  28   1  0.0383
      35  28   3 -4561.4
      35  29   1  0.0012
      35  29   3  -518.5
      35  31   1 -0.0134
      35  31   3  2447.3
      35  32   1 -0.0064
      35  32   3   566.6
      35  33   2  1.0887
      35  34   2   -95.4
      35  35   2  -185.3
      35  36   2   218.9
      35  37   2 97.4269
      35  38   2  -117.9
      35  39   1 -0.0000
      35  39   3 -3.7419
      35  40   1 -0.0000
      35  40   3 -2.0209
      35  41   3  3.8191
      35  42   1  0.0000
      35  42   3  7.6494
      35  43   1  0.0000
      35  43   3  4.1312
      35  44   3 -7.8072
      35  45   1 -0.0000
      35  45   3   -13.5
      35  46   1 -0.0001
      35  46   3 -7.3004
      35  47   3 13.7964
      35  48   1 -0.0002
      35  48   3   -70.6
      35  49   1 -0.0006
      35  49   3   -38.1
      35  50   3 72.0234
      35  51   1 -0.0070
      35  51   3 -2249.8
      35  52   1 -0.0199
      35  52   3 -1215.1
      35  53   3  2296.2
      35  54   1  0.0187
      35  54   3  5048.0
      35  55   1  0.0530
      35  55   3  2726.2
      35  56   3 -5152.1
      35  57   1 -0.0061
      35  57   3 -2884.3
      35  58   1 -0.0172
      35  58   3 -1557.7
      35  59   3  2943.8
      36   1   2 -3.3330
      36   2   2 -1.9493
      36   3   2   -84.2
      36   4   2  0.2633
      36   5   2  3.4214
      36   6   2  0.4459
      36   7   2 -0.8011
      36   8   2 -2.1301
      36   9   2   -55.4
      36  10   2  -175.7
      36  11   2 98.2670
      36  12   3   -85.3
      36  13   3  -120.7
      36  14   1 -0.0002
      36  14   3   -93.5
      36  15   3   -50.7
      36  16   3   -71.5
      36  17   1 -0.0000
      36  17   3   -55.7
      36  18   3   -41.6
      36  19   3   -55.8
      36  20   1  0.0001
      36  20   3   -46.2
      36  21   3  -149.1
      36  22   3  -184.0
      36  23   1  0.0005
      36  23   3  -158.6
      36  24   3   524.8
      36  25   3 -1644.0
      36  26   1 -0.0058
      36  26   3  1768.4
      36  27   3   330.1
      36  28   3  5397.2
      36  29   1 -0.0324
      36  29   3 -2501.7
      36  30   3  -881.0
      36  31   3 -3564.5
      36  32   1  0.0215
      36  32   3   733.6
      36  33   2  0.5391
      36  34   2   198.4
      36  35   2  -218.9
      36  36   2  -411.7
      36  37   2   115.7
      36  38   2   200.1
      36  39   1  0.0000
      36  39   3  2.2321
      36  40   1  0.0000
      36  40   3  4.6687
      36  41   1  0.0000
      36  41   3  5.8526
      36  42   1 -0.0000
      36  42   3   -21.3
      36  43   1 -0.0000
      36  43   3   -44.5
      36  44   1 -0.0001
      36  44   3   -55.8
      36  45   1 -0.0000
      36  45   3   -21.3
      36  46   1 -0.0000
      36  46   3   -44.5
      36  47   1 -0.0001
      36  47   3   -55.7
      36  48   1 -0.0000
      36  48   3   -82.5
      36  49   1 -0.0002
      36  49   3  -172.6
      36  50   1 -0.0006
      36  50   3  -216.4
      36  51   1 -0.0011
      36  51   3  -465.0
      36  52   1 -0.0066
      36  52   3  -972.7
      36  53   1 -0.0225
      36  53   3 -1219.3
      36  54   1  0.0024
      36  54   3  1700.6
      36  55   1  0.0143
      36  55   3  3557.0
      36  56   1  0.0487
      36  56   3  4458.9
      36  57   1 -0.0002
      36  57   3 -1220.7
      36  58   1 -0.0013
      36  58   3 -2553.3
      36  59   1 -0.0043
      36  59   3 -3200.7
      37   1   2  1.5069
      37   2   2 -0.0569
      37   3   2  0.5739
      37   4   2  1.3229
      37   5   2  3.0445
      37   6   2  1.2250
      37   7   2  0.0651
      37   8   2 -0.2566
      37   9   2  0.4877
      37  10   2 -5.1788
      37  11   2 73.2589
      37  13   1  0.0001
      37  13   3   -58.2
      37  14   1 -0.0001
      37  14   3   -82.2
      37  16   1 -0.0000
      37  16   3 -8.7813
      37  17   1  0.0000
      37  17   3 -7.6266
      37  19   1 -0.0002
      37  19   3  9.3008
      37  20   1  0.0001
      37  20   3 32.5008
      37  22   1 -0.0008
      37  22   3 18.2206
      37  23   1  0.0001
      37  23   3 81.3027
      37  25   1 -0.0025
      37  25   3 24.1549
      37  26   1  0.0003
      37  26   3   236.0
      37  28   1 -0.0198
      37  28   3  2451.8
      37  29   1  0.0064
      37  29   3  -991.0
      37  31   1  0.0424
      37  31   3 -4978.8
      37  32   1  0.0051
      37  32   3   804.7
      37  33   2  0.3962
      37  34   2  0.1762
      37  35   2 97.4269
      37  36   2  -115.7
      37  37   2  -202.0
      37  38   2   243.5
      37  39   1 -0.0000
      37  39   3   -10.6
      37  40   1 -0.0000
      37  40   3 -5.7249
      37  41   3 10.8191
      37  42   1  0.0000
      37  42   3 19.6035
      37  43   1  0.0000
      37  43   3 10.5871
      37  44   3   -20.0
      37  45   1 -0.0000
      37  45   3   -15.3
      37  46   1 -0.0000
      37  46   3 -8.2655
      37  47   3 15.6203
      37  48   1 -0.0001
      37  48   3   -38.5
      37  49   1 -0.0002
      37  49   3   -20.8
      37  50   3 39.2439
      37  51   1 -0.0003
      37  51   3  -117.8
      37  52   1 -0.0008
      37  52   3   -63.6
      37  53   3   120.2
      37  54   1 -0.0076
      37  54   3 -2203.5
      37  55   1 -0.0215
      37  55   3 -1190.0
      37  56   3  2248.9
      37  57   1  0.0192
      37  57   3  5251.2
      37  58   1  0.0543
      37  58   3  2836.0
      37  59   3 -5359.5
      38   1   2 -2.6436
      38   2   2 -0.9069
      38   3   2 -1.0712
      38   4   2  0.3103
      38   5   2 -1.3069
      38   6   2 -0.7819
      38   7   2 -0.1510
      38   8   2 -0.0435
      38   9   2 -1.3970
      38  10   2 87.4509
      38  11   2  -225.3
      38  12   3 11.0891
      38  13   3 15.6965
      38  14   1  0.0000
      38  14   3 12.1157
      38  15   3   -11.1
      38  16   3   -14.7
      38  17   1  0.0000
      38  17   3   -13.9
      38  18   3   -20.9
      38  19   3   -23.1
      38  20   1  0.0001
      38  20   3   -28.1
      38  21   3   -50.2
      38  22   3   -46.3
      38  23   1  0.0003
      38  23   3   -61.3
      38  24   3  -159.6
      38  25   3  -116.9
      38  26   1  0.0007
      38  26   3  -171.6
      38  27   3   221.5
      38  28   3 -2908.9
      38  29   1 -0.0044
      38  29   3  1868.2
      38  30   3  1030.8
      38  31   3  6849.5
      38  32   1 -0.0331
      38  32   3 -2680.4
      38  33   2  0.0479
      38  34   2  0.7920
      38  35   2   117.9
      38  36   2   200.1
      38  37   2  -243.5
      38  38   2  -408.8
      38  39   1 -0.0000
      38  39   3 -3.0376
      38  40   1 -0.0000
      38  40   3 -6.3536
      38  41   1 -0.0000
      38  41   3 -7.9647
      38  42   1  0.0000
      38  42   3 -0.1936
      38  43   1  0.0000
      38  43   3 -0.4048
      38  44   1  0.0000
      38  44   3 -0.5075
      38  45   1 -0.0000
      38  45   3   -11.1
      38  46   1 -0.0000
      38  46   3   -23.1
      38  47   1 -0.0001
      38  47   3   -29.0
      38  48   1 -0.0000
      38  48   3   -26.6
      38  49   1 -0.0000
      38  49   3   -55.6
      38  50   1 -0.0002
      38  50   3   -69.7
      38  51   1 -0.0000
      38  51   3   -84.7
      38  52   1 -0.0002
      38  52   3  -177.1
      38  53   1 -0.0008
      38  53   3  -222.0
      38  54   1 -0.0012
      38  54   3  -662.3
      38  55   1 -0.0072
      38  55   3 -1385.2
      38  56   1 -0.0245
      38  56   3 -1736.5
      38  57   1  0.0027
      38  57   3  2080.2
      38  58   1  0.0160
      38  58   3  4351.0
      38  59   1  0.0544
      38  59   3  5454.3
      39   1   3  0.1444
      39   2   1 -0.0000
      39   2   3   -11.3
      39   3   1  0.0000
      39   3   3 34.4375
      39   4   1 -0.0000
      39   4   3 -1.3646
      39   5   3-15355.6
      39   6   3 -2266.7
      39   7   3 -8.2564
      39   8   3 -4.1041
      39   9   3   -23.7
      39  10   3 29.2615
      39  11   3 19.3715
      39  12   2  -810.6
      39  13   2   810.6
      39  14   2  -306.5
      39  15   2 12.8330
      39  16   2   -12.9
      39  17   2  4.8424
      39  18   2  1.7738
      39  19   2 -1.7576
      39  20   2  0.6840
      39  21   2  0.0721
      39  22   2 -0.1108
      39  23   2 -0.0030
      39  24   2 -0.2416
      39  25   2  0.0737
      39  26   2 -0.1513
      39  27   2 -0.3360
      39  28   2  0.0953
      39  29   2 -0.1756
      39  30   2 -0.2915
      39  31   2  0.1359
      39  32   2 -0.1222
      39  33   1 -0.0000
      39  33   3 -9.6860
      39  34   1  0.0000
      39  34   3  5.9108
      39  35   1  0.0000
      39  35   3  3.7419
      39  36   1  0.0000
      39  36   3  2.2321
      39  37   1  0.0000
      39  37   3 10.6005
      39  38   1 -0.0000
      39  38   3 -3.0376
      39  39   2  1942.5
      39  40   2 -1284.9
      39  41   2   280.4
      39  42   2  -124.6
      39  43   2 82.3980
      39  44   2   -18.0
      39  45   2  0.6216
      39  46   2 -0.4112
      39  47   2  0.0897
      39  48   2  0.0743
      39  49   2 -0.0491
      39  50   2  0.0107
      39  51   2 -0.1788
      39  52   2  0.1183
      39  53   2 -0.0258
      39  54   2 -0.3133
      39  55   2  0.2072
      39  56   2 -0.0452
      39  57   2 -0.3070
      39  58   2  0.2031
      39  59   2 -0.0443
      40   1   3 -0.1709
      40   2   1  0.0000
      40   2   3 23.7117
      40   3   1 -0.0001
      40   3   3   -18.6
      40   4   3 -2.0183
      40   5   3 18169.0
      40   6   3  2682.0
      40   7   3  9.7691
      40   8   3  4.8561
      40   9   3 28.0468
      40  10   3   -34.6
      40  11   3   -22.9
      40  13   2 -1146.3
      40  14   2   810.9
      40  16   2 18.1907
      40  17   2   -12.8
      40  19   2  2.4856
      40  20   2 -1.8097
      40  22   2  0.1567
      40  23   2  0.0080
      40  25   2 -0.1043
      40  26   2  0.4003
      40  28   2 -0.1348
      40  29   2  0.4645
      40  31   2 -0.1922
      40  32   2  0.3232
      40  33   1  0.0000
      40  33   3 20.2597
      40  34   1 -0.0000
      40  34   3   -12.4
      40  35   1 -0.0000
      40  35   3 -2.0209
      40  36   1 -0.0000
      40  36   3 -4.6687
      40  37   1 -0.0000
      40  37   3 -5.7249
      40  38   1  0.0000
      40  38   3  6.3536
      40  39   2  1284.9
      40  40   2  2081.7
      40  41   2 -1311.4
      40  42   2   -82.4
      40  43   2  -133.5
      40  44   2 84.0971
      40  45   2  0.4112
      40  46   2  0.6662
      40  47   2 -0.4196
      40  48   2  0.0491
      40  49   2  0.0796
      40  50   2 -0.0501
      40  51   2 -0.1183
      40  52   2 -0.1916
      40  53   2  0.1207
      40  54   2 -0.2072
      40  55   2 -0.3358
      40  56   2  0.2115
      40  57   2 -0.2031
      40  58   2 -0.3290
      40  59   2  0.2073
      41   1   3  0.1938
      41   2   1 -0.0000
      41   2   3   -29.7
      41   3   3   -35.1
      41   4   3 -0.7628
      41   5   3-20601.7
      41   6   3 -3041.1
      41   7   3   -11.1
      41   8   3 -5.5063
      41   9   3   -31.8
      41  10   3 39.2584
      41  11   3 25.9896
      41  14   2 -1592.5
      41  17   2 25.1616
      41  20   2  3.5541
      41  23   2 -0.0158
      41  26   2 -0.7861
      41  29   2 -0.9122
      41  32   2 -0.6348
      41  33   1 -0.0000
      41  33   3   -25.4
      41  34   1  0.0000
      41  34   3 15.4984
      41  35   3 -3.8191
      41  36   1  0.0000
      41  36   3  5.8526
      41  37   3   -10.8
      41  38   1 -0.0000
      41  38   3 -7.9647
      41  39   2   280.4
      41  40   2  1311.4
      41  41   2  2847.3
      41  42   2   -18.0
      41  43   2   -84.1
      41  44   2  -182.6
      41  45   2  0.0897
      41  46   2  0.4196
      41  47   2  0.9111
      41  48   2  0.0107
      41  49   2  0.0501
      41  50   2  0.1088
      41  51   2 -0.0258
      41  52   2 -0.1207
      41  53   2 -0.2621
      41  54   2 -0.0452
      41  55   2 -0.2115
      41  56   2 -0.4593
      41  57   2 -0.0443
      41  58   2 -0.2073
      41  59   2 -0.4500
      42   1   3  4.0738
      42   2   1 -0.0000
      42   2   3  -261.9
      42   3   1 -0.0000
      42   3   3   -87.7
      42   4   1  0.0000
      42   4   3 11.4183
      42   5   3 -5018.5
      42   6   3  6092.2
      42   7   3 -4055.8
      42   8   3 20.1540
      42   9   3 95.3089
      42  10   3  -103.8
      42  11   3   -72.8
      42  12   2  -144.7
      42  13   2   144.8
      42  14   2   -54.6
      42  15   2 34.3712
      42  16   2   -36.3
      42  17   2 11.2525
      42  18   2   -65.8
      42  19   2 66.8778
      42  20   2   -23.6
      42  21   2  3.0652
      42  22   2 -3.0206
      42  23   2  1.4025
      42  24   2  1.5594
      42  25   2 -1.1443
      42  26   2  0.8499
      42  27   2  1.2858
      42  28   2 -0.5612
      42  29   2  0.6827
      42  30   2  0.9871
      42  31   2 -0.3758
      42  32   2  0.4623
      42  33   1 -0.0001
      42  33   3  -348.3
      42  34   1 -0.0000
      42  34   3   -53.8
      42  35   1 -0.0000
      42  35   3 -7.6494
      42  36   1 -0.0000
      42  36   3   -21.3
      42  37   1 -0.0000
      42  37   3   -19.6
      42  38   1  0.0000
      42  38   3 -0.1936
      42  39   2  -124.6
      42  40   2 82.3980
      42  41   2   -18.0
      42  42   2   583.3
      42  43   2  -385.8
      42  44   2 84.1975
      42  45   2  -175.3
      42  46   2   115.9
      42  47   2   -25.3
      42  48   2  0.9088
      42  49   2 -0.6011
      42  50   2  0.1312
      42  51   2  0.9284
      42  52   2 -0.6141
      42  53   2  0.1340
      42  54   2  1.0662
      42  55   2 -0.7052
      42  56   2  0.1539
      42  57   2  0.9664
      42  58   2 -0.6392
      42  59   2  0.1395
      43   1   3 -4.8202
      43   2   1  0.0002
      43   2   3   547.8
      43   3   1  0.0001
      43   3   3 47.3517
      43   4   3 16.8879
      43   5   3  5937.9
      43   6   3 -7208.4
      43   7   3  4798.9
      43   8   3   -23.8
      43   9   3  -112.8
      43  10   3   122.9
      43  11   3 86.0874
      43  13   2  -204.7
      43  14   2   144.5
      43  16   2 51.2695
      43  17   2   -29.8
      43  19   2   -94.6
      43  20   2 62.3844
      43  22   2  4.2718
      43  23   2 -3.7106
      43  25   2  1.6182
      43  26   2 -2.2485
      43  28   2  0.7937
      43  29   2 -1.8062
      43  31   2  0.5315
      43  32   2 -1.2230
      43  33   1  0.0004
      43  33   3   728.6
      43  34   1  0.0001
      43  34   3   112.6
      43  35   1  0.0000
      43  35   3  4.1312
      43  36   1  0.0000
      43  36   3 44.5378
      43  37   1  0.0000
      43  37   3 10.5871
      43  38   1 -0.0000
      43  38   3  0.4048
      43  39   2   -82.4
      43  40   2  -133.5
      43  41   2 84.0971
      43  42   2   385.8
      43  43   2   625.1
      43  44   2  -393.8
      43  45   2  -115.9
      43  46   2  -187.8
      43  47   2   118.3
      43  48   2  0.6011
      43  49   2  0.9740
      43  50   2 -0.6135
      43  51   2  0.6141
      43  52   2  0.9949
      43  53   2 -0.6268
      43  54   2  0.7052
      43  55   2  1.1426
      43  56   2 -0.7198
      43  57   2  0.6392
      43  58   2  1.0356
      43  59   2 -0.6524
      44   1   3  5.4656
      44   2   1 -0.0006
      44   2   3  -686.7
      44   3   3 89.4864
      44   4   3  6.3830
      44   5   3 -6733.0
      44   6   3  8173.5
      44   7   3 -5441.4
      44   8   3 27.0394
      44   9   3   127.9
      44  10   3  -139.3
      44  11   3   -97.6
      44  14   2  -283.9
      44  17   2 58.4697
      44  20   2  -122.5
      44  23   2  7.2874
      44  26   2  4.4160
      44  29   2  3.5472
      44  32   2  2.4020
      44  33   1 -0.0012
      44  33   3  -913.3
      44  34   1 -0.0002
      44  34   3  -141.2
      44  35   3  7.8072
      44  36   1 -0.0001
      44  36   3   -55.8
      44  37   3 20.0077
      44  38   1  0.0000
      44  38   3 -0.5075
      44  39   2   -18.0
      44  40   2   -84.1
      44  41   2  -182.6
      44  42   2 84.1975
      44  43   2   393.8
      44  44   2   855.0
      44  45   2   -25.3
      44  46   2  -118.3
      44  47   2  -256.9
      44  48   2  0.1312
      44  49   2  0.6135
      44  50   2  1.3321
      44  51   2  0.1340
      44  52   2  0.6268
      44  53   2  1.3608
      44  54   2  0.1539
      44  55   2  0.7198
      44  56   2  1.5628
      44  57   2  0.1395
      44  58   2  0.6524
      44  59   2  1.4165
      45   1   3 12.1884
      45   2   1 -0.0003
      45   2   3   493.9
      45   3   1  0.0001
      45   3   3 30.4841
      45   4   1 -0.0000
      45   4   3  5.9947
      45   5   3  -166.7
      45   6   3 -4865.8
      45   7   3  6699.1
      45   8   3 -3354.3
      45   9   3 37.2315
      45  10   3   -18.2
      45  11   3   -16.0
      45  12   2 -5.3397
      45  13   2  5.3491
      45  14   2 -2.0077
      45  15   2  -166.1
      45  16   2   167.3
      45  17   2   -61.6
      45  18   2   155.7
      45  19   2  -161.8
      45  20   2 53.7014
      45  21   2   -83.8
      45  22   2 87.7934
      45  23   2   -28.2
      45  24   2  1.1548
      45  25   2 -1.0804
      45  26   2  0.5874
      45  27   2  0.2694
      45  28   2 -0.1632
      45  29   2  0.1756
      45  30   2  0.1143
      45  31   2  0.0945
      45  32   2  0.1058
      45  33   1 -0.0001
      45  33   3   815.2
      45  34   1 -0.0000
      45  34   3   -79.0
      45  35   1  0.0000
      45  35   3 13.5177
      45  36   1 -0.0000
      45  36   3   -21.3
      45  37   1  0.0000
      45  37   3 15.3047
      45  38   1 -0.0000
      45  38   3   -11.1
      45  39   2  0.6216
      45  40   2 -0.4112
      45  41   2  0.0897
      45  42   2  -175.3
      45  43   2   115.9
      45  44   2   -25.3
      45  45   2   391.3
      45  46   2  -258.8
      45  47   2 56.4826
      45  48   2  -149.9
      45  49   2    99.2
      45  50   2   -21.6
      45  51   2  0.2595
      45  52   2 -0.1716
      45  53   2  0.0375
      45  54   2  0.0255
      45  55   2 -0.0168
      45  56   2  0.0037
      45  57   2  0.0149
      45  58   2 -0.0099
      45  59   2  0.0022
      46   1   3   -14.4
      46   2   1  0.0020
      46   2   3 -1033.2
      46   3   1 -0.0003
      46   3   3   -16.5
      46   4   3  8.8663
      46   5   3   197.2
      46   6   3  5757.3
      46   7   3 -7926.5
      46   8   3  3968.9
      46   9   3   -44.1
      46  10   3 21.5566
      46  11   3 18.9825
      46  13   2 -7.5648
      46  14   2  5.3119
      46  16   2  -236.6
      46  17   2   162.9
      46  19   2   228.8
      46  20   2  -142.1
      46  22   2  -124.2
      46  23   2 74.6486
      46  25   2  1.5280
      46  26   2 -1.5542
      46  28   2  0.2307
      46  29   2 -0.4646
      46  31   2 -0.1336
      46  32   2 -0.2798
      46  33   1  0.0009
      46  33   3 -1705.2
      46  34   1  0.0001
      46  34   3   165.3
      46  35   1 -0.0001
      46  35   3 -7.3004
      46  36   1  0.0000
      46  36   3 44.4598
      46  37   1 -0.0000
      46  37   3 -8.2655
      46  38   1  0.0000
      46  38   3 23.1360
      46  39   2  0.4112
      46  40   2  0.6662
      46  41   2 -0.4196
      46  42   2  -115.9
      46  43   2  -187.8
      46  44   2   118.3
      46  45   2   258.8
      46  46   2   419.4
      46  47   2  -264.2
      46  48   2   -99.2
      46  49   2  -160.7
      46  50   2   101.2
      46  51   2  0.1716
      46  52   2  0.2781
      46  53   2 -0.1752
      46  54   2  0.0168
      46  55   2  0.0273
      46  56   2 -0.0172
      46  57   2  0.0099
      46  58   2  0.0160
      46  59   2 -0.0101
      47   1   3 16.3525
      47   2   1 -0.0067
      47   2   3  1295.1
      47   3   3   -31.1
      47   4   3  3.3512
      47   5   3  -223.6
      47   6   3 -6528.2
      47   7   3  8987.8
      47   8   3 -4500.3
      47   9   3 49.9513
      47  10   3   -24.4
      47  11   3   -21.5
      47  14   2   -10.4
      47  17   2  -319.9
      47  20   2   279.0
      47  23   2  -146.6
      47  26   2  3.0524
      47  29   2  0.9124
      47  32   2  0.5495
      47  33   1 -0.0030
      47  33   3  2137.6
      47  34   1 -0.0004
      47  34   3  -207.2
      47  35   3   -13.8
      47  36   1 -0.0001
      47  36   3   -55.7
      47  37   3   -15.6
      47  38   1 -0.0001
      47  38   3   -29.0
      47  39   2  0.0897
      47  40   2  0.4196
      47  41   2  0.9111
      47  42   2   -25.3
      47  43   2  -118.3
      47  44   2  -256.9
      47  45   2 56.4826
      47  46   2   264.2
      47  47   2   573.6
      47  48   2   -21.6
      47  49   2  -101.2
      47  50   2  -219.8
      47  51   2  0.0375
      47  52   2  0.1752
      47  53   2  0.3803
      47  54   2  0.0037
      47  55   2  0.0172
      47  56   2  0.0373
      47  57   2  0.0022
      47  58   2  0.0101
      47  59   2  0.0219
      48   1   3 15.7507
      48   2   1  0.0004
      48   2   3  -176.6
      48   3   1  0.0005
      48   3   3   122.6
      48   4   1 -0.0002
      48   4   3  7.6295
      48   5   3  3.9697
      48   6   3 81.5459
      48   7   3 -3496.7
      48   8   3  6429.8
      48   9   3 -3310.5
      48  10   3   -81.6
      48  11   3   -34.0
      48  12   2 -0.8871
      48  13   2  0.8924
      48  14   2 -0.3294
      48  15   2 -0.9772
      48  16   2  1.0554
      48  17   2 -0.2921
      48  18   2  -130.5
      48  19   2   135.1
      48  20   2   -45.6
      48  21   2   197.4
      48  22   2  -212.0
      48  23   2 62.4141
      48  24   2   -94.3
      48  25   2   102.0
      48  26   2   -28.5
      48  27   2  0.9226
      48  28   2 -0.3391
      48  29   2  0.5558
      48  30   2  0.2231
      48  31   2  0.2730
      48  32   2  0.2063
      48  33   1  0.0022
      48  33   3   147.3
      48  34   1 -0.0010
      48  34   3  -330.1
      48  35   1  0.0002
      48  35   3 70.5683
      48  36   1 -0.0000
      48  36   3   -82.5
      48  37   1  0.0001
      48  37   3 38.4511
      48  38   1 -0.0000
      48  38   3   -26.6
      48  39   2  0.0743
      48  40   2 -0.0491
      48  41   2  0.0107
      48  42   2  0.9088
      48  43   2 -0.6011
      48  44   2  0.1312
      48  45   2  -149.9
      48  46   2    99.2
      48  47   2   -21.6
      48  48   2   348.6
      48  49   2  -230.6
      48  50   2 50.3161
      48  51   2  -153.3
      48  52   2   101.4
      48  53   2   -22.1
      48  54   2  0.1416
      48  55   2 -0.0937
      48  56   2  0.0204
      48  57   2 -0.0021
      48  58   2  0.0014
      48  59   2 -0.0003
      49   1   3   -18.6
      49   2   1 -0.0023
      49   2   3   369.4
      49   3   1 -0.0014
      49   3   3   -66.2
      49   4   3 11.2841
      49   5   3 -4.6970
      49   6   3   -96.5
      49   7   3  4137.4
      49   8   3 -7607.8
      49   9   3  3917.1
      49  10   3 96.5681
      49  11   3 40.1782
      49  13   2 -1.2620
      49  14   2  0.8716
      49  16   2 -1.4926
      49  17   2  0.7729
      49  19   2  -191.0
      49  20   2   120.6
      49  22   2   299.9
      49  23   2  -165.1
      49  25   2  -144.3
      49  26   2 75.4850
      49  28   2  0.4795
      49  29   2 -1.4705
      49  31   2 -0.3861
      49  32   2 -0.5458
      49  33   1 -0.0133
      49  33   3  -308.0
      49  34   1  0.0060
      49  34   3   690.5
      49  35   1 -0.0006
      49  35   3   -38.1
      49  36   1  0.0002
      49  36   3   172.6
      49  37   1 -0.0002
      49  37   3   -20.8
      49  38   1  0.0000
      49  38   3 55.5746
      49  39   2  0.0491
      49  40   2  0.0796
      49  41   2 -0.0501
      49  42   2  0.6011
      49  43   2  0.9740
      49  44   2 -0.6135
      49  45   2   -99.2
      49  46   2  -160.7
      49  47   2   101.2
      49  48   2   230.6
      49  49   2   373.6
      49  50   2  -235.3
      49  51   2  -101.4
      49  52   2  -164.2
      49  53   2   103.5
      49  54   2  0.0937
      49  55   2  0.1518
      49  56   2 -0.0956
      49  57   2 -0.0014
      49  58   2 -0.0023
      49  59   2  0.0014
      50   1   3 21.1318
      50   2   1  0.0078
      50   2   3  -463.1
      50   3   3  -125.2
      50   4   3  4.2650
      50   5   3  5.3259
      50   6   3   109.4
      50   7   3 -4691.3
      50   8   3  8626.5
      50   9   3 -4441.5
      50  10   3  -109.5
      50  11   3   -45.6
      50  14   2 -1.7118
      50  17   2 -1.5180
      50  20   2  -236.8
      50  23   2   324.3
      50  26   2  -148.2
      50  29   2  2.8879
      50  32   2  1.0720
      50  33   1  0.0453
      50  33   3   386.2
      50  34   1 -0.0203
      50  34   3  -865.6
      50  35   3   -72.0
      50  36   1 -0.0006
      50  36   3  -216.4
      50  37   3   -39.2
      50  38   1 -0.0002
      50  38   3   -69.7
      50  39   2  0.0107
      50  40   2  0.0501
      50  41   2  0.1088
      50  42   2  0.1312
      50  43   2  0.6135
      50  44   2  1.3321
      50  45   2   -21.6
      50  46   2  -101.2
      50  47   2  -219.8
      50  48   2 50.3161
      50  49   2   235.3
      50  50   2   511.0
      50  51   2   -22.1
      50  52   2  -103.5
      50  53   2  -224.6
      50  54   2  0.0204
      50  55   2  0.0956
      50  56   2  0.2076
      50  57   2 -0.0003
      50  58   2 -0.0014
      50  59   2 -0.0031
      51   1   3 14.0159
      51   2   1  0.0003
      51   2   3   -37.6
      51   3   1  0.0068
      51   3   3  2054.6
      51   4   1 -0.0005
      51   4   3  6.6266
      51   5   3   108.2
      51   6   3 61.2738
      51   7   3   -11.8
      51   8   3 -2964.6
      51   9   3  5521.4
      51  10   3  2942.7
      51  11   3  -136.5
      51  12   2  1.1576
      51  13   2 -1.1544
      51  14   2  0.4411
      51  15   2  0.1419
      51  16   2 -0.1001
      51  17   2  0.0940
      51  18   2  0.3281
      51  19   2 -0.1443
      51  20   2  0.2904
      51  21   2  -129.8
      51  22   2   138.3
      51  23   2   -41.3
      51  24   2   209.2
      51  25   2  -228.4
      51  26   2 57.8648
      51  27   2   -98.1
      51  28   2   104.8
      51  29   2   -25.3
      51  30   2  0.9378
      51  31   2  0.5912
      51  32   2  0.6102
      51  33   1  0.0002
      51  33   3  -713.4
      51  34   1  0.0023
      51  34   3  1420.6
      51  35   1  0.0070
      51  35   3  2249.8
      51  36   1 -0.0011
      51  36   3  -465.0
      51  37   1  0.0003
      51  37   3   117.8
      51  38   1 -0.0000
      51  38   3   -84.7
      51  39   2 -0.1788
      51  40   2  0.1183
      51  41   2 -0.0258
      51  42   2  0.9284
      51  43   2 -0.6141
      51  44   2  0.1340
      51  45   2  0.2595
      51  46   2 -0.1716
      51  47   2  0.0375
      51  48   2  -153.3
      51  49   2   101.4
      51  50   2   -22.1
      51  51   2   332.0
      51  52   2  -219.6
      51  53   2 47.9133
      51  54   2  -154.1
      51  55   2   101.9
      51  56   2   -22.2
      51  57   2  0.3657
      51  58   2 -0.2419
      51  59   2  0.0528
      52   1   3   -16.6
      52   2   1 -0.0017
      52   2   3 78.6068
      52   3   1 -0.0191
      52   3   3 -1109.6
      52   4   3  9.8008
      52   5   3  -128.0
      52   6   3   -72.5
      52   7   3 14.0153
      52   8   3  3507.8
      52   9   3 -6533.0
      52  10   3 -3481.9
      52  11   3   161.6
      52  13   2  1.6326
      52  14   2 -1.1672
      52  16   2  0.1416
      52  17   2 -0.2487
      52  19   2  0.2041
      52  20   2 -0.7683
      52  22   2  -195.6
      52  23   2   109.2
      52  25   2   323.0
      52  26   2  -153.1
      52  28   2  -148.2
      52  29   2 66.9385
      52  31   2 -0.8361
      52  32   2 -1.6145
      52  33   1 -0.0012
      52  33   3  1492.1
      52  34   1 -0.0134
      52  34   3 -2971.4
      52  35   1 -0.0199
      52  35   3 -1215.1
      52  36   1  0.0066
      52  36   3   972.7
      52  37   1 -0.0008
      52  37   3   -63.6
      52  38   1  0.0002
      52  38   3   177.1
      52  39   2 -0.1183
      52  40   2 -0.1916
      52  41   2  0.1207
      52  42   2  0.6141
      52  43   2  0.9949
      52  44   2 -0.6268
      52  45   2  0.1716
      52  46   2  0.2781
      52  47   2 -0.1752
      52  48   2  -101.4
      52  49   2  -164.2
      52  50   2   103.5
      52  51   2   219.6
      52  52   2   355.7
      52  53   2  -224.1
      52  54   2  -101.9
      52  55   2  -165.1
      52  56   2   104.0
      52  57   2  0.2419
      52  58   2  0.3920
      52  59   2 -0.2469
      53   1   3 18.8043
      53   2   1  0.0058
      53   2   3   -98.5
      53   3   3 -2096.9
      53   4   3  3.7044
      53   5   3   145.2
      53   6   3 82.2074
      53   7   3   -15.9
      53   8   3 -3977.5
      53   9   3  7407.8
      53  10   3  3948.1
      53  11   3  -183.2
      53  14   2  2.2923
      53  17   2  0.4885
      53  20   2  1.5088
      53  23   2  -214.5
      53  26   2   300.7
      53  29   2  -131.5
      53  32   2  3.1708
      53  33   1  0.0040
      53  33   3 -1870.5
      53  34   1  0.0456
      53  34   3  3724.9
      53  35   3 -2296.2
      53  36   1 -0.0225
      53  36   3 -1219.3
      53  37   3  -120.2
      53  38   1 -0.0008
      53  38   3  -222.0
      53  39   2 -0.0258
      53  40   2 -0.1207
      53  41   2 -0.2621
      53  42   2  0.1340
      53  43   2  0.6268
      53  44   2  1.3608
      53  45   2  0.0375
      53  46   2  0.1752
      53  47   2  0.3803
      53  48   2   -22.1
      53  49   2  -103.5
      53  50   2  -224.6
      53  51   2 47.9133
      53  52   2   224.1
      53  53   2   486.6
      53  54   2   -22.2
      53  55   2  -104.0
      53  56   2  -225.8
      53  57   2  0.0528
      53  58   2  0.2469
      53  59   2  0.5361
      54   1   3 10.7948
      54   2   1  0.0003
      54   2   3   -21.3
      54   3   1 -0.0081
      54   3   3 -2378.0
      54   4   1 -0.0009
      54   4   3  2.5855
      54   5   3   164.1
      54   6   3 62.2062
      54   7   3   -10.9
      54   8   3   -96.9
      54   9   3 -2155.6
      54  10   3 -4093.7
      54  11   3  2254.8
      54  12   2  2.2026
      54  13   2 -2.2005
      54  14   2  0.8349
      54  15   2  0.6308
      54  16   2 -0.6085
      54  17   2  0.2609
      54  18   2  0.1427
      54  19   2 -0.0645
      54  20   2  0.1287
      54  21   2  0.4395
      54  22   2 -0.1735
      54  23   2  0.3922
      54  24   2  -126.0
      54  25   2   132.8
      54  26   2   -34.7
      54  27   2   208.8
      54  28   2  -221.5
      54  29   2 46.7896
      54  30   2   -98.0
      54  31   2 97.7038
      54  32   2   -19.3
      54  33   1 -0.0001
      54  33   3 83.3915
      54  34   1  0.0001
      54  34   3 -1064.9
      54  35   1 -0.0187
      54  35   3 -5048.0
      54  36   1  0.0024
      54  36   3  1700.6
      54  37   1  0.0076
      54  37   3  2203.5
      54  38   1 -0.0012
      54  38   3  -662.3
      54  39   2 -0.3133
      54  40   2  0.2072
      54  41   2 -0.0452
      54  42   2  1.0662
      54  43   2 -0.7052
      54  44   2  0.1539
      54  45   2  0.0255
      54  46   2 -0.0168
      54  47   2  0.0037
      54  48   2  0.1416
      54  49   2 -0.0937
      54  50   2  0.0204
      54  51   2  -154.1
      54  52   2   101.9
      54  53   2   -22.2
      54  54   2   320.2
      54  55   2  -211.8
      54  56   2 46.2176
      54  57   2  -151.9
      54  58   2   100.5
      54  59   2   -21.9
      55   1   3   -12.8
      55   2   1 -0.0016
      55   2   3 44.5944
      55   3   1  0.0229
      55   3   3  1284.3
      55   4   3  3.8240
      55   5   3  -194.1
      55   6   3   -73.6
      55   7   3 12.9178
      55   8   3   114.6
      55   9   3  2550.5
      55  10   3  4843.7
      55  11   3 -2667.9
      55  13   2  3.1120
      55  14   2 -2.2089
      55  16   2  0.8605
      55  17   2 -0.6902
      55  19   2  0.0913
      55  20   2 -0.3404
      55  22   2  0.2453
      55  23   2 -1.0377
      55  25   2  -187.8
      55  26   2 91.7804
      55  28   2   313.3
      55  29   2  -123.8
      55  31   2  -138.2
      55  32   2 51.1790
      55  33   1  0.0007
      55  33   3  -174.4
      55  34   1 -0.0005
      55  34   3  2227.3
      55  35   1  0.0530
      55  35   3  2726.2
      55  36   1 -0.0143
      55  36   3 -3557.0
      55  37   1 -0.0215
      55  37   3 -1190.0
      55  38   1  0.0072
      55  38   3  1385.2
      55  39   2 -0.2072
      55  40   2 -0.3358
      55  41   2  0.2115
      55  42   2  0.7052
      55  43   2  1.1426
      55  44   2 -0.7198
      55  45   2  0.0168
      55  46   2  0.0273
      55  47   2 -0.0172
      55  48   2  0.0937
      55  49   2  0.1518
      55  50   2 -0.0956
      55  51   2  -101.9
      55  52   2  -165.1
      55  53   2   104.0
      55  54   2   211.8
      55  55   2   343.1
      55  56   2  -216.2
      55  57   2  -100.5
      55  58   2  -162.8
      55  59   2   102.6
      56   1   3 14.4828
      56   2   1  0.0054
      56   2   3   -55.9
      56   3   3  2427.1
      56   4   3  1.4454
      56   5   3   220.1
      56   6   3 83.4584
      56   7   3   -14.6
      56   8   3  -130.0
      56   9   3 -2892.0
      56  10   3 -5492.3
      56  11   3  3025.1
      56  14   2  4.3382
      56  17   2  1.3556
      56  20   2  0.6685
      56  23   2  2.0380
      56  26   2  -180.3
      56  29   2   243.1
      56  32   2  -100.5
      56  33   1 -0.0025
      56  33   3   218.7
      56  34   1  0.0017
      56  34   3 -2792.1
      56  35   3  5152.1
      56  36   1  0.0487
      56  36   3  4458.9
      56  37   3 -2248.9
      56  38   1 -0.0245
      56  38   3 -1736.5
      56  39   2 -0.0452
      56  40   2 -0.2115
      56  41   2 -0.4593
      56  42   2  0.1539
      56  43   2  0.7198
      56  44   2  1.5628
      56  45   2  0.0037
      56  46   2  0.0172
      56  47   2  0.0373
      56  48   2  0.0204
      56  49   2  0.0956
      56  50   2  0.2076
      56  51   2   -22.2
      56  52   2  -104.0
      56  53   2  -225.8
      56  54   2 46.2176
      56  55   2   216.2
      56  56   2   469.3
      56  57   2   -21.9
      56  58   2  -102.6
      56  59   2  -222.7
      57   1   3  7.8382
      57   2   1  0.0003
      57   2   3   -13.5
      57   3   1 -0.0026
      57   3   3   149.5
      57   4   1 -0.0014
      57   4   3 -1.8872
      57   5   3   158.3
      57   6   3 53.5450
      57   7   3 -6.3408
      57   8   3   -42.3
      57   9   3  -149.3
      57  10   3  1097.3
      57  11   3 -2099.4
      57  12   2  2.2465
      57  13   2 -2.2449
      57  14   2  0.8509
      57  15   2  0.7312
      57  16   2 -0.7150
      57  17   2  0.2936
      57  18   2  0.1471
      57  19   2 -0.0961
      57  20   2  0.1044
      57  21   2  0.2137
      57  22   2 -0.1009
      57  23   2  0.1807
      57  24   2  0.8946
      57  25   2 -0.2516
      57  26   2  0.5988
      57  27   2  -118.9
      57  28   2   118.5
      57  29   2   -25.4
      57  30   2   199.4
      57  31   2  -208.2
      57  32   2 29.0051
      57  33   1 -0.0001
      57  33   3 26.1616
      57  34   1 -0.0001
      57  34   3 80.1002
      57  35   1  0.0061
      57  35   3  2884.3
      57  36   1 -0.0002
      57  36   3 -1220.7
      57  37   1 -0.0192
      57  37   3 -5251.2
      57  38   1  0.0027
      57  38   3  2080.2
      57  39   2 -0.3070
      57  40   2  0.2031
      57  41   2 -0.0443
      57  42   2  0.9664
      57  43   2 -0.6392
      57  44   2  0.1395
      57  45   2  0.0149
      57  46   2 -0.0099
      57  47   2  0.0022
      57  48   2 -0.0021
      57  49   2  0.0014
      57  50   2 -0.0003
      57  51   2  0.3657
      57  52   2 -0.2419
      57  53   2  0.0528
      57  54   2  -151.9
      57  55   2   100.5
      57  56   2   -21.9
      57  57   2   305.1
      57  58   2  -201.8
      57  59   2 44.0392
      58   1   3 -9.2743
      58   2   1 -0.0016
      58   2   3 28.1518
      58   3   1  0.0074
      58   3   3   -80.8
      58   4   3 -2.7912
      58   5   3  -187.3
      58   6   3   -63.4
      58   7   3  7.5026
      58   8   3 50.0399
      58   9   3   176.7
      58  10   3 -1298.3
      58  11   3  2484.1
      58  13   2  3.1748
      58  14   2 -2.2514
      58  16   2  1.0111
      58  17   2 -0.7767
      58  19   2  0.1360
      58  20   2 -0.2762
      58  22   2  0.1427
      58  23   2 -0.4780
      58  25   2  0.3558
      58  26   2 -1.5842
      58  28   2  -167.6
      58  29   2 67.3093
      58  31   2   294.4
      58  32   2   -76.7
      58  33   1  0.0006
      58  33   3   -54.7
      58  34   1  0.0009
      58  34   3  -167.5
      58  35   1 -0.0172
      58  35   3 -1557.7
      58  36   1  0.0013
      58  36   3  2553.3
      58  37   1  0.0543
      58  37   3  2836.0
      58  38   1 -0.0160
      58  38   3 -4351.0
      58  39   2 -0.2031
      58  40   2 -0.3290
      58  41   2  0.2073
      58  42   2  0.6392
      58  43   2  1.0356
      58  44   2 -0.6524
      58  45   2  0.0099
      58  46   2  0.0160
      58  47   2 -0.0101
      58  48   2 -0.0014
      58  49   2 -0.0023
      58  50   2  0.0014
      58  51   2  0.2419
      58  52   2  0.3920
      58  53   2 -0.2469
      58  54   2  -100.5
      58  55   2  -162.8
      58  56   2   102.6
      58  57   2   201.8
      58  58   2   327.0
      58  59   2  -206.0
      59   1   3 10.5161
      59   2   1  0.0055
      59   2   3   -35.3
      59   3   3  -152.6
      59   4   3 -1.0550
      59   5   3   212.3
      59   6   3 71.8382
      59   7   3 -8.5071
      59   8   3   -56.7
      59   9   3  -200.3
      59  10   3  1472.1
      59  11   3 -2816.7
      59  14   2  4.4216
      59  17   2  1.5254
      59  20   2  0.5425
      59  23   2  0.9388
      59  26   2  3.1114
      59  29   2  -132.2
      59  32   2   150.7
      59  33   1 -0.0021
      59  33   3 68.5963
      59  34   1 -0.0029
      59  34   3   210.0
      59  35   3 -2943.8
      59  36   1 -0.0043
      59  36   3 -3200.7
      59  37   3  5359.5
      59  38   1  0.0544
      59  38   3  5454.3
      59  39   2 -0.0443
      59  40   2 -0.2073
      59  41   2 -0.4500
      59  42   2  0.1395
      59  43   2  0.6524
      59  44   2  1.4165
      59  45   2  0.0022
      59  46   2  0.0101
      59  47   2  0.0219
      59  48   2 -0.0003
      59  49   2 -0.0014
      59  50   2 -0.0031
      59  51   2  0.0528
      59  52   2  0.2469
      59  53   2  0.5361
      59  54   2   -21.9
      59  55   2  -102.6
      59  56   2  -222.7
      59  57   2 44.0392
      59  58   2   206.0
      59  59   2   447.2
