0.000 0.5481E-01
0.000 -1.414
0.000 0.000
1.000 0.5387E-01
-0.6715E-01 -1.404
0.9747E-01 -0.4062E-02
2.000 0.5106E-01
-0.1297 -1.377
0.1864 -0.1514E-01
3.000 0.4649E-01
-0.1840 -1.340
0.2597 -0.3030E-01
4.000 0.4041E-01
-0.2279 -1.303
0.3126 -0.4560E-01
5.000 0.3327E-01
-0.2605 -1.274
0.3418 -0.5707E-01
6.000 0.2572E-01
-0.2809 -1.264
0.3442 -0.6134E-01
7.000 0.1849E-01
-0.2877 -1.277
0.3147 -0.5612E-01
8.000 0.1222E-01
-0.2761 -1.314
0.2430 -0.4100E-01
9.000 0.7336E-02
-0.2347 -1.365
0.1104 -0.1988E-01
10.00 0.3953E-02
-0.1365 -1.392
-0.1125 -0.9141E-02
11.00 0.1930E-02
0.7822E-01 -1.262
-0.4393 -0.6196E-01
12.00 0.9569E-03
0.4709 -0.6972
-0.6699 -0.2927
13.00 0.6767E-03
0.7693 0.6105E-01
-0.2066 -0.6022
14.00 0.7805E-03
0.6684 -0.1224E-01
0.4745 -0.5723
15.00 0.1046E-02
0.5410 -0.4631
0.6702 -0.3883
16.00 0.1333E-02
0.5209 -0.8005
0.5877 -0.2505
17.00 0.1554E-02
0.5663 -0.9726
0.4169 -0.1803
18.00 0.1658E-02
0.6373 -1.013
0.2322 -0.1638
19.00 0.1619E-02
0.7108 -0.9547
0.6055E-01 -0.1876
20.00 0.1441E-02
0.7735 -0.8171
-0.9111E-01 -0.2437
21.00 0.1159E-02
0.8116 -0.6016
-0.2237 -0.3317
22.00 0.8352E-03
0.7968 -0.2886
-0.3342 -0.4595
23.00 0.5391E-03
0.6551 0.1499
-0.3885 -0.6385
24.00 0.3318E-03
0.2346 0.6217
-0.2443 -0.8310
25.00 0.2491E-03
-0.3896 0.5229
0.2919 -0.7906
26.00 0.2969E-03
-0.4482 -0.3471
0.7406 -0.4355
27.00 0.4545E-03
-0.5244E-01 -0.9213
0.7294 -0.2011
28.00 0.6847E-03
0.3008 -1.073
0.5607 -0.1393
29.00 0.9445E-03
0.5383 -1.039
0.3834 -0.1532
30.00 0.1196E-02
0.6907 -0.9322
0.2224 -0.1967
31.00 0.1410E-02
0.7834 -0.7950
0.7903E-01 -0.2528
32.00 0.1574E-02
0.8318 -0.6434
-0.4503E-01 -0.3147
33.00 0.1684E-02
0.8468 -0.4862
-0.1449 -0.3788
34.00 0.1747E-02
0.8388 -0.3313
-0.2142 -0.4421
35.00 0.1775E-02
0.8184 -0.1878
-0.2481 -0.5007
36.00 0.1779E-02
0.7966 -0.6648E-01
-0.2456 -0.5502
37.00 0.1769E-02
0.7817 0.2196E-01
-0.2114 -0.5863
38.00 0.1750E-02
0.7786 0.6978E-01
-0.1555 -0.6058
39.00 0.1722E-02
0.7872 0.7443E-01
-0.8974E-01 -0.6077
40.00 0.1683E-02
0.8040 0.3904E-01
-0.2553E-01 -0.5933
41.00 0.1629E-02
0.8239 -0.2914E-01
0.2911E-01 -0.5654
42.00 0.1554E-02
0.8420 -0.1211
0.6986E-01 -0.5279
43.00 0.1457E-02
0.8546 -0.2285
0.9550E-01 -0.4840
44.00 0.1339E-02
0.8593 -0.3443
0.1067 -0.4368
45.00 0.1203E-02
0.8548 -0.4636
0.1051 -0.3880
46.00 0.1057E-02
0.8403 -0.5829
0.9255E-01 -0.3393
47.00 0.9095E-03
0.8153 -0.6997
0.7066E-01 -0.2916
48.00 0.7673E-03
0.7796 -0.8120
0.4083E-01 -0.2458
49.00 0.6372E-03
0.7328 -0.9181
0.4114E-02 -0.2025
50.00 0.5236E-03
0.6744 -1.017
-0.3863E-01 -0.1622
51.00 0.4284E-03
0.6031 -1.107
-0.8615E-01 -0.1255
52.00 0.3520E-03
0.5170 -1.187
-0.1357 -0.9267E-01
53.00 0.2932E-03
0.4140 -1.257
-0.1813 -0.6407E-01
54.00 0.2499E-03
0.2948 -1.315
-0.2136 -0.4052E-01
55.00 0.2197E-03
0.1661 -1.358
-0.2210 -0.2301E-01
56.00 0.1999E-03
0.4205E-01 -1.384
-0.1959 -0.1205E-01
57.00 0.1877E-03
-0.5949E-01 -1.397
-0.1388 -0.6947E-02
58.00 0.1807E-03
-0.1241 -1.400
-0.5933E-01 -0.5863E-02
59.00 0.1768E-03
-0.1451 -1.397
0.2783E-01 -0.6760E-02
60.00 0.1747E-03
-0.1241 -1.394
0.1082 -0.8315E-02
61.00 0.1735E-03
-0.6799E-01 -1.389
0.1707 -0.1028E-01
62.00 0.1727E-03
0.1319E-01 -1.381
0.2085 -0.1326E-01
63.00 0.1722E-03
0.1087 -1.369
0.2190 -0.1817E-01
64.00 0.1718E-03
0.2083 -1.351
0.2034 -0.2582E-01
65.00 0.1714E-03
0.3036 -1.324
0.1653 -0.3657E-01
66.00 0.1707E-03
0.3882 -1.291
0.1093 -0.5030E-01
67.00 0.1694E-03
0.4578 -1.251
0.4080E-01 -0.6638E-01
68.00 0.1672E-03
0.5098 -1.209
-0.3535E-01 -0.8376E-01
69.00 0.1636E-03
0.5434 -1.166
-0.1146 -0.1011
70.00 0.1582E-03
0.5592 -1.127
-0.1929 -0.1172
71.00 0.1509E-03
0.5587 -1.094
-0.2669 -0.1307
72.00 0.1416E-03
0.5444 -1.068
-0.3342 -0.1412
73.00 0.1304E-03
0.5193 -1.051
-0.3932 -0.1482
74.00 0.1178E-03
0.4864 -1.041
-0.4431 -0.1523
75.00 0.1044E-03
0.4485 -1.037
-0.4846 -0.1538
76.00 0.9085E-04
0.4075 -1.037
-0.5191 -0.1538
77.00 0.7767E-04
0.3641 -1.039
-0.5489 -0.1530
78.00 0.6543E-04
0.3176 -1.040
-0.5763 -0.1525
79.00 0.5449E-04
0.2662 -1.038
-0.6034 -0.1533
80.00 0.4505E-04
0.2072 -1.031
-0.6312 -0.1562
81.00 0.3712E-04
0.1379 -1.016
-0.6594 -0.1621
82.00 0.3063E-04
0.5602E-01 -0.9919
-0.6863 -0.1719
83.00 0.2543E-04
-0.3932E-01 -0.9547
-0.7090 -0.1870
84.00 0.2133E-04
-0.1471 -0.9003
-0.7234 -0.2091
85.00 0.1818E-04
-0.2633 -0.8244
-0.7247 -0.2400
86.00 0.1582E-04
-0.3805 -0.7247
-0.7087 -0.2806
87.00 0.1409E-04
-0.4887 -0.6033
-0.6739 -0.3300
88.00 0.1288E-04
-0.5780 -0.4671
-0.6230 -0.3855
89.00 0.1205E-04
-0.6411 -0.3264
-0.5629 -0.4429
90.00 0.1151E-04
-0.6761 -0.1924
-0.5027 -0.4975
91.00 0.1115E-04
-0.6865 -0.7526E-01
-0.4508 -0.5453
92.00 0.1088E-04
-0.6799 0.1783E-01
-0.4127 -0.5833
93.00 0.1063E-04
-0.6658 0.8287E-01
-0.3907 -0.6098
94.00 0.1035E-04
-0.6522 0.1190
-0.3837 -0.6245
95.00 0.1003E-04
-0.6447 0.1279
-0.3886 -0.6280
96.00 0.9712E-05
-0.6450 0.1127
-0.4010 -0.6218
97.00 0.9421E-05
-0.6522 0.7825E-01
-0.4164 -0.6076
98.00 0.9204E-05
-0.6634 0.3114E-01
-0.4309 -0.5884
99.00 0.9093E-05
-0.6756 -0.2030E-01
-0.4418 -0.5673
100.0 0.9111E-05
-0.6869 -0.6655E-01
-0.4473 -0.5485
101.0 0.9263E-05
-0.6972 -0.9871E-01
-0.4457 -0.5354
102.0 0.9545E-05
-0.7072 -0.1108
-0.4354 -0.5305
103.0 0.9945E-05
-0.7177 -0.1011
-0.4149 -0.5346
104.0 0.1045E-04
-0.7284 -0.7131E-01
-0.3833 -0.5468
105.0 0.1103E-04
-0.7379 -0.2490E-01
-0.3408 -0.5659
106.0 0.1170E-04
-0.7431 0.3453E-01
-0.2886 -0.5903
107.0 0.1243E-04
-0.7402 0.1037
-0.2287 -0.6186
108.0 0.1320E-04
-0.7256 0.1794
-0.1640 -0.6496
109.0 0.1396E-04
-0.6972 0.2578
-0.9765E-01 -0.6817
110.0 0.1462E-04
-0.6547 0.3351
-0.3290E-01 -0.7134
111.0 0.1513E-04
-0.5995 0.4074
0.2790E-01 -0.7430
112.0 0.1540E-04
-0.5347 0.4711
0.8328E-01 -0.7690
113.0 0.1542E-04
-0.4642 0.5235
0.1327 -0.7904
114.0 0.1517E-04
-0.3929 0.5631
0.1760 -0.8066
115.0 0.1472E-04
-0.3264 0.5897
0.2132 -0.8175
116.0 0.1416E-04
-0.2694 0.6055
0.2432 -0.8239
117.0 0.1359E-04
-0.2256 0.6142
0.2633 -0.8275
118.0 0.1313E-04
-0.1950 0.6212
0.2699 -0.8303
119.0 0.1283E-04
-0.1733 0.6314
0.2596 -0.8344
120.0 0.1270E-04
-0.1532 0.6469
0.2314 -0.8407
121.0 0.1269E-04
-0.1265 0.6662
0.1875 -0.8486
122.0 0.1271E-04
-0.8702E-01 0.6853
0.1327 -0.8565
123.0 0.1269E-04
-0.3170E-01 0.6990
0.7309E-01 -0.8620
124.0 0.1260E-04
0.3985E-01 0.7023
0.1560E-01 -0.8634
125.0 0.1240E-04
0.1254 0.6918
-0.3237E-01 -0.8591
126.0 0.1211E-04
0.2203 0.6659
-0.6371E-01 -0.8484
127.0 0.1173E-04
0.3174 0.6259
-0.7299E-01 -0.8320
128.0 0.1124E-04
0.4084 0.5757
-0.5760E-01 -0.8114
129.0 0.1064E-04
0.4848 0.5216
-0.1823E-01 -0.7891
130.0 0.9935E-05
0.5388 0.4713
0.4136E-01 -0.7684
131.0 0.9143E-05
0.5646 0.4332
0.1144 -0.7526
132.0 0.8299E-05
0.5587 0.4152
0.1907 -0.7450
133.0 0.7450E-05
0.5212 0.4237
0.2558 -0.7481
134.0 0.6643E-05
0.4577 0.4609
0.2916 -0.7629
135.0 0.5918E-05
0.3812 0.5213
0.2786 -0.7871
136.0 0.5299E-05
0.3118 0.5885
0.2030 -0.8139
137.0 0.4795E-05
0.2729 0.6342
0.6405E-01 -0.8319
138.0 0.4409E-05
0.2835 0.6235
-0.1203 -0.8268
139.0 0.4149E-05
0.3497 0.5248
-0.3132 -0.7858
140.0 0.4036E-05
0.4583 0.3277
-0.4654 -0.7047
141.0 0.4095E-05
0.5790 0.5911E-01
-0.5330 -0.5949
142.0 0.4339E-05
0.6792 -0.2215
-0.5022 -0.4806
143.0 0.4744E-05
0.7423 -0.4554
-0.3977 -0.3857
144.0 0.5251E-05
0.7722 -0.6158
-0.2620 -0.3209
145.0 0.5766E-05
0.7822 -0.7067
-0.1288 -0.2845
146.0 0.6188E-05
0.7839 -0.7442
-0.1521E-01 -0.2696
147.0 0.6430E-05
0.7841 -0.7432
0.7477E-01 -0.2702
148.0 0.6434E-05
0.7858 -0.7134
0.1431 -0.2824
149.0 0.6179E-05
0.7897 -0.6594
0.1931 -0.3043
150.0 0.5683E-05
0.7957 -0.5821
0.2265 -0.3355
151.0 0.5007E-05
0.8025 -0.4791
0.2404 -0.3768
152.0 0.4245E-05
0.8069 -0.3473
0.2238 -0.4295
153.0 0.3514E-05
0.8026 -0.1917
0.1553 -0.4914
154.0 0.2933E-05
0.7810 -0.4742E-01
0.8513E-02 -0.5482
155.0 0.2608E-05
0.7366 -0.6034E-03
-0.2133 -0.5654
156.0 0.2621E-05
0.6811 -0.1365
-0.4284 -0.5088
157.0 0.3027E-05
0.6407 -0.4097
-0.5242 -0.3975
158.0 0.3845E-05
0.6289 -0.6745
-0.4828 -0.2906
159.0 0.5050E-05
0.6403 -0.8444
-0.3670 -0.2226
160.0 0.6558E-05
0.6654 -0.9169
-0.2334 -0.1943
161.0 0.8223E-05
0.6981 -0.9168
-0.1082 -0.1954
162.0 0.9856E-05
0.7344 -0.8644
0.6499E-03 -0.2176
163.0 0.1126E-04
0.7707 -0.7688
0.9182E-01 -0.2570
164.0 0.1228E-04
0.8020 -0.6304
0.1639 -0.3137
165.0 0.1283E-04
0.8204 -0.4447
0.2120 -0.3895
166.0 0.1296E-04
0.8129 -0.2094
0.2242 -0.4856
167.0 0.1282E-04
0.7599 0.6531E-01
0.1798 -0.5977
168.0 0.1272E-04
0.6379 0.3377
0.5424E-01 -0.7089
169.0 0.1305E-04
0.4372 0.5229
-0.1600 -0.7845
170.0 0.1424E-04
0.1881 0.5257
-0.4227 -0.7857
171.0 0.1668E-04
-0.4208E-01 0.3235
-0.6522 -0.7032
172.0 0.2062E-04
-0.1987 -0.5821E-02
-0.7853 -0.5691
173.0 0.2609E-04
-0.2734 -0.3583
-0.8152 -0.4257
174.0 0.3287E-04
-0.2871 -0.6700
-0.7688 -0.2990
175.0 0.4052E-04
-0.2644 -0.9201
-0.6758 -0.1973
176.0 0.4838E-04
-0.2224 -1.109
-0.5571 -0.1203
177.0 0.5569E-04
-0.1710 -1.245
-0.4248 -0.6496E-01
178.0 0.6164E-04
-0.1153 -1.335
-0.2858 -0.2799E-01
179.0 0.6554E-04
-0.5797E-01 -1.387
-0.1435 -0.6862E-02
180.0 0.6690E-04
0.000 -1.404
0.000 0.000
