0.000 10.96
0.000 -0.4949E-01
0.000 0.000
1.000 11.44
0.3937E-01 -0.3673E-01
-0.4755E-01 -0.4227E-02
2.000 12.70
0.6446E-01 -0.6216E-02
-0.7945E-01 -0.1422E-01
3.000 14.30
0.7272E-01 0.2859E-01
-0.9303E-01 -0.2531E-01
4.000 15.67
0.6899E-01 0.6019E-01
-0.9386E-01 -0.3488E-01
5.000 16.27
0.5808E-01 0.8724E-01
-0.8752E-01 -0.4238E-01
6.000 15.80
0.4251E-01 0.1111
-0.7714E-01 -0.4817E-01
7.000 14.21
0.2279E-01 0.1338
-0.6372E-01 -0.5279E-01
8.000 11.75
-0.2165E-02 0.1576
-0.4672E-01 -0.5676E-01
9.000 8.855
-0.3509E-01 0.1850
-0.2414E-01 -0.6054E-01
10.00 6.013
-0.8113E-01 0.2190
0.8065E-02 -0.6452E-01
11.00 3.628
-0.1492 0.2627
0.5711E-01 -0.6875E-01
12.00 1.937
-0.2502 0.3128
0.1320 -0.7130E-01
13.00 0.9821
-0.3576 0.3230
0.2116 -0.6127E-01
14.00 0.6495
-0.2851 0.1695
0.1425 -0.1963E-01
15.00 0.7331
-0.3838E-01 -0.1754E-01
-0.7548E-01 0.1690E-01
16.00 1.011
0.8883E-01 -0.6223E-01
-0.2010 0.2404E-01
17.00 1.303
0.1184 -0.4538E-01
-0.2503 0.2290E-01
18.00 1.501
0.1109 -0.1484E-01
-0.2730 0.2161E-01
19.00 1.565
0.8817E-01 0.1896E-01
-0.2873 0.2085E-01
20.00 1.510
0.5683E-01 0.5536E-01
-0.2980 0.1959E-01
21.00 1.375
0.1928E-01 0.9566E-01
-0.3048 0.1633E-01
22.00 1.206
-0.2258E-01 0.1410
-0.3052 0.9552E-02
23.00 1.036
-0.6581E-01 0.1916
-0.2956 -0.1686E-02
24.00 0.8858
-0.1063 0.2457
-0.2730 -0.1699E-01
25.00 0.7604
-0.1402 0.3003
-0.2364 -0.3413E-01
26.00 0.6588
-0.1653 0.3514
-0.1871 -0.4933E-01
27.00 0.5761
-0.1821 0.3947
-0.1279 -0.5828E-01
28.00 0.5081
-0.1934 0.4257
-0.6203E-01 -0.5719E-01
29.00 0.4522
-0.2024 0.4388
0.7188E-02 -0.4337E-01
30.00 0.4075
-0.2116 0.4282
0.7561E-01 -0.1582E-01
31.00 0.3739
-0.2215 0.3896
0.1374 0.2396E-01
32.00 0.3509
-0.2305 0.3238
0.1859 0.7150E-01
33.00 0.3374
-0.2358 0.2384
0.2155 0.1203
34.00 0.3312
-0.2348 0.1456
0.2248 0.1639
35.00 0.3295
-0.2266 0.5775E-01
0.2162 0.1983
36.00 0.3293
-0.2122 -0.1660E-01
0.1945 0.2225
37.00 0.3278
-0.1936 -0.7365E-01
0.1649 0.2374
38.00 0.3230
-0.1738 -0.1129
0.1316 0.2450
39.00 0.3138
-0.1556 -0.1354
0.9738E-01 0.2470
40.00 0.2999
-0.1419 -0.1428
0.6454E-01 0.2453
41.00 0.2820
-0.1353 -0.1365
0.3473E-01 0.2408
42.00 0.2614
-0.1383 -0.1179
0.9596E-02 0.2345
43.00 0.2397
-0.1523 -0.8836E-01
-0.9085E-02 0.2269
44.00 0.2188
-0.1776 -0.5001E-01
-0.1940E-01 0.2183
45.00 0.2005
-0.2122 -0.6379E-02
-0.1970E-01 0.2090
46.00 0.1859
-0.2509 0.3722E-01
-0.9421E-02 0.1992
47.00 0.1759
-0.2861 0.7439E-01
0.1008E-01 0.1893
48.00 0.1705
-0.3099 0.9953E-01
0.3531E-01 0.1796
49.00 0.1691
-0.3167 0.1100
0.6158E-01 0.1705
50.00 0.1708
-0.3060 0.1067
0.8480E-01 0.1619
51.00 0.1743
-0.2806 0.9326E-01
0.1026 0.1537
52.00 0.1782
-0.2454 0.7378E-01
0.1143 0.1458
53.00 0.1812
-0.2050 0.5176E-01
0.1206 0.1380
54.00 0.1822
-0.1631 0.2955E-01
0.1226 0.1300
55.00 0.1804
-0.1224 0.8462E-02
0.1215 0.1219
56.00 0.1756
-0.8434E-01 -0.1089E-01
0.1181 0.1136
57.00 0.1678
-0.5000E-01 -0.2834E-01
0.1135 0.1052
58.00 0.1574
-0.1989E-01 -0.4390E-01
0.1082 0.9675E-01
59.00 0.1449
0.5742E-02 -0.5768E-01
0.1029 0.8848E-01
60.00 0.1311
0.2683E-01 -0.6966E-01
0.9817E-01 0.8056E-01
61.00 0.1169
0.4338E-01 -0.7968E-01
0.9447E-01 0.7329E-01
62.00 0.1031
0.5549E-01 -0.8735E-01
0.9237E-01 0.6711E-01
63.00 0.9035E-01
0.6332E-01 -0.9199E-01
0.9238E-01 0.6268E-01
64.00 0.7906E-01
0.6730E-01 -0.9278E-01
0.9492E-01 0.6077E-01
65.00 0.6954E-01
0.6822E-01 -0.8890E-01
0.1002 0.6222E-01
66.00 0.6186E-01
0.6745E-01 -0.7993E-01
0.1078 0.6770E-01
67.00 0.5593E-01
0.6678E-01 -0.6617E-01
0.1172 0.7736E-01
68.00 0.5156E-01
0.6805E-01 -0.4881E-01
0.1270 0.9067E-01
69.00 0.4850E-01
0.7251E-01 -0.2968E-01
0.1358 0.1064
70.00 0.4645E-01
0.8041E-01 -0.1076E-01
0.1425 0.1229
71.00 0.4515E-01
0.9083E-01 0.6334E-02
0.1464 0.1387
72.00 0.4434E-01
0.1021 0.2067E-01
0.1471 0.1524
73.00 0.4380E-01
0.1123 0.3196E-01
0.1451 0.1633
74.00 0.4337E-01
0.1196 0.4043E-01
0.1409 0.1711
75.00 0.4294E-01
0.1223 0.4655E-01
0.1351 0.1759
76.00 0.4244E-01
0.1194 0.5087E-01
0.1284 0.1777
77.00 0.4186E-01
0.1100 0.5391E-01
0.1214 0.1771
78.00 0.4121E-01
0.9399E-01 0.5613E-01
0.1147 0.1744
79.00 0.4052E-01
0.7134E-01 0.5784E-01
0.1086 0.1703
80.00 0.3981E-01
0.4281E-01 0.5928E-01
0.1035 0.1652
81.00 0.3913E-01
0.9705E-02 0.6059E-01
0.9982E-01 0.1599
82.00 0.3846E-01
-0.2621E-01 0.6188E-01
0.9771E-01 0.1549
83.00 0.3782E-01
-0.6289E-01 0.6325E-01
0.9729E-01 0.1506
84.00 0.3717E-01
-0.9833E-01 0.6474E-01
0.9853E-01 0.1476
85.00 0.3651E-01
-0.1308 0.6638E-01
0.1013 0.1460
86.00 0.3580E-01
-0.1592 0.6814E-01
0.1052 0.1457
87.00 0.3501E-01
-0.1829 0.6994E-01
0.1100 0.1465
88.00 0.3413E-01
-0.2019 0.7163E-01
0.1153 0.1481
89.00 0.3312E-01
-0.2165 0.7306E-01
0.1206 0.1498
90.00 0.3197E-01
-0.2275 0.7411E-01
0.1256 0.1513
91.00 0.3067E-01
-0.2357 0.7469E-01
0.1302 0.1521
92.00 0.2922E-01
-0.2422 0.7480E-01
0.1341 0.1519
93.00 0.2764E-01
-0.2480 0.7450E-01
0.1374 0.1503
94.00 0.2598E-01
-0.2539 0.7387E-01
0.1398 0.1470
95.00 0.2428E-01
-0.2606 0.7305E-01
0.1415 0.1418
96.00 0.2261E-01
-0.2688 0.7221E-01
0.1424 0.1347
97.00 0.2102E-01
-0.2787 0.7159E-01
0.1424 0.1257
98.00 0.1954E-01
-0.2899 0.7151E-01
0.1418 0.1153
99.00 0.1820E-01
-0.3016 0.7236E-01
0.1407 0.1041
100.0 0.1700E-01
-0.3126 0.7461E-01
0.1395 0.9328E-01
101.0 0.1596E-01
-0.3215 0.7862E-01
0.1386 0.8401E-01
102.0 0.1505E-01
-0.3272 0.8456E-01
0.1381 0.7732E-01
103.0 0.1427E-01
-0.3288 0.9228E-01
0.1383 0.7385E-01
104.0 0.1359E-01
-0.3263 0.1012
0.1394 0.7366E-01
105.0 0.1301E-01
-0.3201 0.1104
0.1413 0.7618E-01
106.0 0.1250E-01
-0.3111 0.1190
0.1439 0.8038E-01
107.0 0.1204E-01
-0.2999 0.1260
0.1472 0.8505E-01
108.0 0.1160E-01
-0.2872 0.1307
0.1509 0.8898E-01
109.0 0.1117E-01
-0.2735 0.1329
0.1551 0.9125E-01
110.0 0.1073E-01
-0.2589 0.1327
0.1595 0.9125E-01
111.0 0.1027E-01
-0.2434 0.1305
0.1643 0.8873E-01
112.0 0.9787E-02
-0.2270 0.1270
0.1694 0.8374E-01
113.0 0.9283E-02
-0.2098 0.1231
0.1748 0.7661E-01
114.0 0.8761E-02
-0.1920 0.1199
0.1806 0.6790E-01
115.0 0.8229E-02
-0.1737 0.1189
0.1869 0.5835E-01
116.0 0.7697E-02
-0.1551 0.1214
0.1936 0.4880E-01
117.0 0.7175E-02
-0.1362 0.1288
0.2004 0.4017E-01
118.0 0.6676E-02
-0.1171 0.1423
0.2070 0.3331E-01
119.0 0.6212E-02
-0.9767E-01 0.1623
0.2126 0.2890E-01
120.0 0.5792E-02
-0.7824E-01 0.1884
0.2164 0.2728E-01
121.0 0.5421E-02
-0.5899E-01 0.2191
0.2174 0.2830E-01
122.0 0.5100E-02
-0.4015E-01 0.2519
0.2150 0.3131E-01
123.0 0.4823E-02
-0.2174E-01 0.2840
0.2090 0.3517E-01
124.0 0.4578E-02
-0.3477E-02 0.3125
0.1998 0.3862E-01
125.0 0.4354E-02
0.1521E-01 0.3355
0.1879 0.4054E-01
126.0 0.4135E-02
0.3507E-01 0.3523
0.1742 0.4025E-01
127.0 0.3911E-02
0.5674E-01 0.3629
0.1593 0.3770E-01
128.0 0.3672E-02
0.8061E-01 0.3683
0.1435 0.3346E-01
129.0 0.3417E-02
0.1066 0.3694
0.1269 0.2864E-01
130.0 0.3149E-02
0.1339 0.3674
0.1093 0.2475E-01
131.0 0.2874E-02
0.1612 0.3630
0.9031E-01 0.2362E-01
132.0 0.2604E-02
0.1864 0.3568
0.6938E-01 0.2719E-01
133.0 0.2349E-02
0.2073 0.3495
0.4623E-01 0.3720E-01
134.0 0.2117E-02
0.2213 0.3413
0.2091E-01 0.5474E-01
135.0 0.1916E-02
0.2267 0.3329
-0.6060E-02 0.7959E-01
136.0 0.1747E-02
0.2232 0.3251
-0.3358E-01 0.1097
137.0 0.1607E-02
0.2123 0.3188
-0.6021E-01 0.1413
138.0 0.1493E-02
0.1974 0.3147
-0.8458E-01 0.1692
139.0 0.1397E-02
0.1828 0.3132
-0.1058 0.1880
140.0 0.1315E-02
0.1732 0.3137
-0.1236 0.1927
141.0 0.1242E-02
0.1721 0.3147
-0.1381 0.1800
142.0 0.1178E-02
0.1818 0.3133
-0.1495 0.1482
143.0 0.1125E-02
0.2025 0.3057
-0.1572 0.9831E-01
144.0 0.1086E-02
0.2319 0.2875
-0.1602 0.3487E-01
145.0 0.1067E-02
0.2654 0.2554
-0.1564 -0.3346E-01
146.0 0.1070E-02
0.2967 0.2095
-0.1444 -0.9531E-01
147.0 0.1096E-02
0.3201 0.1542
-0.1239 -0.1400
148.0 0.1143E-02
0.3326 0.9693E-01
-0.9696E-01 -0.1611
149.0 0.1206E-02
0.3340 0.4551E-01
-0.6713E-01 -0.1582
150.0 0.1277E-02
0.3269 0.5708E-02
-0.3877E-01 -0.1350
151.0 0.1347E-02
0.3140 -0.1964E-01
-0.1603E-01 -0.9715E-01
152.0 0.1407E-02
0.2973 -0.3013E-01
-0.2548E-02 -0.4981E-01
153.0 0.1452E-02
0.2778 -0.2705E-01
-0.1402E-02 0.2675E-02
154.0 0.1481E-02
0.2550 -0.1283E-01
-0.1511E-01 0.5674E-01
155.0 0.1497E-02
0.2281 0.9060E-02
-0.4529E-01 0.1089
156.0 0.1505E-02
0.1963 0.3394E-01
-0.9185E-01 0.1551
157.0 0.1518E-02
0.1606 0.5597E-01
-0.1517 0.1902
158.0 0.1547E-02
0.1241 0.6877E-01
-0.2179 0.2089
159.0 0.1605E-02
0.9278E-01 0.6696E-01
-0.2798 0.2066
160.0 0.1706E-02
0.7364E-01 0.4826E-01
-0.3257 0.1824
161.0 0.1858E-02
0.7196E-01 0.1468E-01
-0.3473 0.1398
162.0 0.2067E-02
0.8894E-01 -0.2829E-01
-0.3426 0.8594E-01
163.0 0.2331E-02
0.1215 -0.7415E-01
-0.3159 0.2891E-01
164.0 0.2644E-02
0.1641 -0.1176
-0.2742 -0.2482E-01
165.0 0.2990E-02
0.2109 -0.1554
-0.2249 -0.7136E-01
166.0 0.3348E-02
0.2573 -0.1863
-0.1734 -0.1092
167.0 0.3690E-02
0.3004 -0.2102
-0.1229 -0.1382
168.0 0.3984E-02
0.3387 -0.2272
-0.7513E-01 -0.1592
169.0 0.4202E-02
0.3718 -0.2377
-0.3041E-01 -0.1730
170.0 0.4318E-02
0.4001 -0.2416
0.1143E-01 -0.1806
171.0 0.4314E-02
0.4241 -0.2384
0.5080E-01 -0.1825
172.0 0.4186E-02
0.4440 -0.2273
0.8802E-01 -0.1792
173.0 0.3940E-02
0.4598 -0.2069
0.1230 -0.1706
174.0 0.3601E-02
0.4700 -0.1750
0.1548 -0.1563
175.0 0.3202E-02
0.4710 -0.1293
0.1810 -0.1359
176.0 0.2786E-02
0.4556 -0.6797E-01
0.1966 -0.1088
177.0 0.2401E-02
0.4116 0.8001E-02
0.1935 -0.7578E-01
178.0 0.2089E-02
0.3235 0.9012E-01
0.1614 -0.4050E-01
179.0 0.1886E-02
0.1818 0.1581
0.9391E-01 -0.1152E-01
180.0 0.1816E-02
0.000 0.1853
0.000 0.000
