0.000 1.946
0.000 -0.2106
0.000 0.000
1.000 1.938
0.2390E-01 -0.2052
-0.2149E-01 0.8662E-03
2.000 1.916
0.4548E-01 -0.1883
-0.4450E-01 0.3140E-02
3.000 1.892
0.6297E-01 -0.1589
-0.6990E-01 0.5798E-02
4.000 1.881
0.7559E-01 -0.1160
-0.9717E-01 0.7096E-02
5.000 1.902
0.8358E-01 -0.6133E-01
-0.1240 0.4926E-02
6.000 1.973
0.8791E-01 -0.4149E-03
-0.1466 -0.2224E-02
7.000 2.104
0.8980E-01 0.5852E-01
-0.1621 -0.1422E-01
8.000 2.293
0.9029E-01 0.1082
-0.1697 -0.2917E-01
9.000 2.528
0.9011E-01 0.1454
-0.1708 -0.4447E-01
10.00 2.791
0.8986E-01 0.1712
-0.1681 -0.5800E-01
11.00 3.060
0.9016E-01 0.1886
-0.1639 -0.6852E-01
12.00 3.317
0.9164E-01 0.2014
-0.1593 -0.7562E-01
13.00 3.547
0.9488E-01 0.2124
-0.1549 -0.7947E-01
14.00 3.735
0.1003 0.2236
-0.1503 -0.8059E-01
15.00 3.868
0.1079 0.2360
-0.1452 -0.7972E-01
16.00 3.929
0.1180 0.2500
-0.1389 -0.7767E-01
17.00 3.906
0.1304 0.2651
-0.1309 -0.7521E-01
18.00 3.795
0.1451 0.2806
-0.1206 -0.7299E-01
19.00 3.598
0.1625 0.2956
-0.1076 -0.7150E-01
20.00 3.334
0.1827 0.3088
-0.9131E-01 -0.7102E-01
21.00 3.025
0.2059 0.3191
-0.7138E-01 -0.7151E-01
22.00 2.698
0.2321 0.3251
-0.4765E-01 -0.7252E-01
23.00 2.377
0.2609 0.3262
-0.2037E-01 -0.7307E-01
24.00 2.078
0.2915 0.3226
0.9707E-02 -0.7161E-01
25.00 1.809
0.3221 0.3155
0.4136E-01 -0.6627E-01
26.00 1.573
0.3504 0.3070
0.7313E-01 -0.5518E-01
27.00 1.371
0.3733 0.2996
0.1035 -0.3708E-01
28.00 1.198
0.3868 0.2953
0.1310 -0.1172E-01
29.00 1.054
0.3865 0.2950
0.1542 0.1979E-01
30.00 0.9361
0.3687 0.2982
0.1719 0.5496E-01
31.00 0.8420
0.3317 0.3032
0.1833 0.9029E-01
32.00 0.7685
0.2776 0.3080
0.1881 0.1223
33.00 0.7120
0.2122 0.3109
0.1871 0.1484
34.00 0.6683
0.1437 0.3115
0.1819 0.1678
35.00 0.6338
0.8018E-01 0.3098
0.1743 0.1815
36.00 0.6054
0.2791E-01 0.3070
0.1657 0.1914
37.00 0.5808
-0.9459E-02 0.3041
0.1571 0.1996
38.00 0.5585
-0.3073E-01 0.3021
0.1491 0.2079
39.00 0.5377
-0.3647E-01 0.3019
0.1417 0.2178
40.00 0.5176
-0.2839E-01 0.3042
0.1347 0.2298
41.00 0.4982
-0.8922E-02 0.3095
0.1279 0.2440
42.00 0.4793
0.1898E-01 0.3181
0.1210 0.2600
43.00 0.4611
0.5184E-01 0.3296
0.1138 0.2765
44.00 0.4441
0.8572E-01 0.3431
0.1061 0.2922
45.00 0.4284
0.1166 0.3571
0.9816E-01 0.3053
46.00 0.4139
0.1409 0.3698
0.9025E-01 0.3146
47.00 0.4002
0.1565 0.3797
0.8298E-01 0.3194
48.00 0.3865
0.1630 0.3860
0.7699E-01 0.3201
49.00 0.3720
0.1614 0.3887
0.7285E-01 0.3176
50.00 0.3560
0.1540 0.3883
0.7089E-01 0.3134
51.00 0.3381
0.1431 0.3856
0.7122E-01 0.3088
52.00 0.3185
0.1308 0.3813
0.7371E-01 0.3049
53.00 0.2976
0.1186 0.3759
0.7808E-01 0.3026
54.00 0.2762
0.1075 0.3693
0.8398E-01 0.3020
55.00 0.2548
0.9806E-01 0.3612
0.9100E-01 0.3034
56.00 0.2341
0.9080E-01 0.3514
0.9875E-01 0.3066
57.00 0.2144
0.8601E-01 0.3394
0.1068 0.3114
58.00 0.1961
0.8395E-01 0.3247
0.1148 0.3178
59.00 0.1793
0.8456E-01 0.3070
0.1223 0.3254
60.00 0.1642
0.8737E-01 0.2860
0.1287 0.3334
61.00 0.1510
0.9136E-01 0.2617
0.1337 0.3411
62.00 0.1396
0.9521E-01 0.2344
0.1372 0.3473
63.00 0.1299
0.9769E-01 0.2050
0.1392 0.3510
64.00 0.1216
0.9813E-01 0.1745
0.1403 0.3519
65.00 0.1143
0.9662E-01 0.1445
0.1409 0.3501
66.00 0.1077
0.9382E-01 0.1162
0.1416 0.3463
67.00 0.1015
0.9062E-01 0.9024E-01
0.1427 0.3416
68.00 0.9548E-01
0.8773E-01 0.6725E-01
0.1444 0.3367
69.00 0.8959E-01
0.8550E-01 0.4728E-01
0.1465 0.3322
70.00 0.8377E-01
0.8398E-01 0.3019E-01
0.1491 0.3285
71.00 0.7802E-01
0.8310E-01 0.1572E-01
0.1522 0.3254
72.00 0.7234E-01
0.8290E-01 0.3587E-02
0.1559 0.3228
73.00 0.6676E-01
0.8363E-01 -0.6526E-02
0.1602 0.3206
74.00 0.6130E-01
0.8568E-01 -0.1494E-01
0.1651 0.3186
75.00 0.5604E-01
0.8938E-01 -0.2206E-01
0.1704 0.3167
76.00 0.5104E-01
0.9476E-01 -0.2838E-01
0.1755 0.3149
77.00 0.4638E-01
0.1014 -0.3444E-01
0.1800 0.3130
78.00 0.4212E-01
0.1084 -0.4081E-01
0.1835 0.3109
79.00 0.3826E-01
0.1147 -0.4788E-01
0.1858 0.3085
80.00 0.3479E-01
0.1195 -0.5579E-01
0.1870 0.3057
81.00 0.3166E-01
0.1224 -0.6440E-01
0.1877 0.3027
82.00 0.2881E-01
0.1236 -0.7333E-01
0.1881 0.2999
83.00 0.2619E-01
0.1236 -0.8211E-01
0.1885 0.2975
84.00 0.2376E-01
0.1229 -0.9037E-01
0.1887 0.2961
85.00 0.2152E-01
0.1218 -0.9798E-01
0.1884 0.2958
86.00 0.1945E-01
0.1199 -0.1051
0.1869 0.2966
87.00 0.1755E-01
0.1169 -0.1124
0.1838 0.2980
88.00 0.1581E-01
0.1120 -0.1206
0.1790 0.2994
89.00 0.1421E-01
0.1050 -0.1304
0.1725 0.2997
90.00 0.1276E-01
0.9533E-01 -0.1425
0.1650 0.2977
91.00 0.1144E-01
0.8324E-01 -0.1571
0.1569 0.2925
92.00 0.1025E-01
0.6896E-01 -0.1740
0.1491 0.2831
93.00 0.9189E-02
0.5290E-01 -0.1926
0.1420 0.2691
94.00 0.8253E-02
0.3551E-01 -0.2116
0.1365 0.2508
95.00 0.7435E-02
0.1726E-01 -0.2297
0.1329 0.2288
96.00 0.6724E-02
-0.1416E-02 -0.2449
0.1316 0.2045
97.00 0.6105E-02
-0.2004E-01 -0.2555
0.1330 0.1795
98.00 0.5557E-02
-0.3819E-01 -0.2601
0.1370 0.1555
99.00 0.5063E-02
-0.5547E-01 -0.2582
0.1433 0.1339
100.0 0.4606E-02
-0.7163E-01 -0.2497
0.1514 0.1155
101.0 0.4179E-02
-0.8657E-01 -0.2349
0.1601 0.1002
102.0 0.3782E-02
-0.1003 -0.2145
0.1679 0.8747E-01
103.0 0.3417E-02
-0.1131 -0.1895
0.1731 0.7626E-01
104.0 0.3088E-02
-0.1249 -0.1613
0.1742 0.6550E-01
105.0 0.2799E-02
-0.1359 -0.1313
0.1698 0.5433E-01
106.0 0.2549E-02
-0.1453 -0.1006
0.1598 0.4245E-01
107.0 0.2338E-02
-0.1522 -0.6896E-01
0.1449 0.3026E-01
108.0 0.2163E-02
-0.1552 -0.3506E-01
0.1265 0.1896E-01
109.0 0.2018E-02
-0.1530 0.3325E-02
0.1065 0.1035E-01
110.0 0.1897E-02
-0.1456 0.4818E-01
0.8640E-01 0.6255E-02
111.0 0.1795E-02
-0.1338 0.1001
0.6705E-01 0.7960E-02
112.0 0.1711E-02
-0.1198 0.1576
0.4887E-01 0.1573E-01
113.0 0.1641E-02
-0.1063 0.2166
0.3218E-01 0.2867E-01
114.0 0.1586E-02
-0.9538E-01 0.2715
0.1765E-01 0.4491E-01
115.0 0.1542E-02
-0.8781E-01 0.3165
0.6435E-02 0.6212E-01
116.0 0.1505E-02
-0.8216E-01 0.3477
-0.9544E-04 0.7803E-01
117.0 0.1474E-02
-0.7517E-01 0.3629
-0.7504E-03 0.9068E-01
118.0 0.1448E-02
-0.6279E-01 0.3626
0.4999E-02 0.9850E-01
119.0 0.1430E-02
-0.4163E-01 0.3490
0.1660E-01 0.1005
120.0 0.1424E-02
-0.1036E-01 0.3259
0.3223E-01 0.9667E-01
121.0 0.1434E-02
0.2938E-01 0.2985
0.4909E-01 0.8840E-01
122.0 0.1460E-02
0.7335E-01 0.2720
0.6419E-01 0.7836E-01
123.0 0.1502E-02
0.1159 0.2506
0.7530E-01 0.6977E-01
124.0 0.1557E-02
0.1516 0.2368
0.8136E-01 0.6537E-01
125.0 0.1619E-02
0.1762 0.2311
0.8247E-01 0.6674E-01
126.0 0.1683E-02
0.1871 0.2326
0.7949E-01 0.7404E-01
127.0 0.1742E-02
0.1838 0.2392
0.7361E-01 0.8610E-01
128.0 0.1788E-02
0.1670 0.2483
0.6612E-01 0.1007
129.0 0.1816E-02
0.1389 0.2575
0.5830E-01 0.1152
130.0 0.1821E-02
0.1025 0.2650
0.5150E-01 0.1266
131.0 0.1801E-02
0.6197E-01 0.2700
0.4717E-01 0.1324
132.0 0.1755E-02
0.2219E-01 0.2729
0.4692E-01 0.1309
133.0 0.1685E-02
-0.1150E-01 0.2750
0.5245E-01 0.1210
134.0 0.1599E-02
-0.3354E-01 0.2781
0.6534E-01 0.1026
135.0 0.1508E-02
-0.3866E-01 0.2842
0.8639E-01 0.7609E-01
136.0 0.1429E-02
-0.2305E-01 0.2947
0.1146 0.4352E-01
137.0 0.1378E-02
0.1332E-01 0.3098
0.1460 0.9015E-02
138.0 0.1367E-02
0.6464E-01 0.3273
0.1739 -0.2142E-01
139.0 0.1401E-02
0.1203 0.3438
0.1916 -0.4217E-01
140.0 0.1476E-02
0.1695 0.3561
0.1956 -0.5071E-01
141.0 0.1582E-02
0.2058 0.3625
0.1871 -0.4828E-01
142.0 0.1704E-02
0.2280 0.3632
0.1698 -0.3823E-01
143.0 0.1823E-02
0.2378 0.3597
0.1476 -0.2409E-01
144.0 0.1920E-02
0.2379 0.3536
0.1233 -0.8712E-02
145.0 0.1979E-02
0.2309 0.3461
0.9859E-01 0.5781E-02
146.0 0.1991E-02
0.2184 0.3383
0.7396E-01 0.1754E-01
147.0 0.1952E-02
0.2019 0.3306
0.4935E-01 0.2463E-01
148.0 0.1868E-02
0.1826 0.3240
0.2455E-01 0.2478E-01
149.0 0.1749E-02
0.1617 0.3196
-0.3616E-03 0.1537E-01
150.0 0.1613E-02
0.1412 0.3195
-0.2465E-01 -0.6321E-02
151.0 0.1478E-02
0.1239 0.3263
-0.4643E-01 -0.4240E-01
152.0 0.1363E-02
0.1133 0.3420
-0.6242E-01 -0.9273E-01
153.0 0.1289E-02
0.1133 0.3667
-0.6864E-01 -0.1526
154.0 0.1267E-02
0.1263 0.3964
-0.6265E-01 -0.2116
155.0 0.1306E-02
0.1514 0.4240
-0.4606E-01 -0.2577
156.0 0.1403E-02
0.1847 0.4428
-0.2428E-01 -0.2837
157.0 0.1547E-02
0.2210 0.4496
-0.3110E-02 -0.2906
158.0 0.1725E-02
0.2566 0.4450
0.1394E-01 -0.2839
159.0 0.1917E-02
0.2888 0.4314
0.2599E-01 -0.2696
160.0 0.2105E-02
0.3160 0.4115
0.3368E-01 -0.2518
161.0 0.2269E-02
0.3373 0.3875
0.3815E-01 -0.2329
162.0 0.2395E-02
0.3517 0.3610
0.4050E-01 -0.2137
163.0 0.2471E-02
0.3581 0.3329
0.4160E-01 -0.1944
164.0 0.2496E-02
0.3550 0.3034
0.4204E-01 -0.1746
165.0 0.2473E-02
0.3405 0.2724
0.4228E-01 -0.1538
166.0 0.2411E-02
0.3124 0.2401
0.4270E-01 -0.1318
167.0 0.2322E-02
0.2689 0.2069
0.4375E-01 -0.1084
168.0 0.2218E-02
0.2089 0.1740
0.4590E-01 -0.8394E-01
169.0 0.2111E-02
0.1329 0.1434
0.4963E-01 -0.5933E-01
170.0 0.2012E-02
0.4405E-01 0.1178
0.5514E-01 -0.3603E-01
171.0 0.1927E-02
-0.5131E-01 0.1007
0.6221E-01 -0.1586E-01
172.0 0.1860E-02
-0.1440 0.9554E-01
0.6991E-01 -0.4219E-03
173.0 0.1809E-02
-0.2236 0.1043
0.7678E-01 0.9507E-02
174.0 0.1770E-02
-0.2808 0.1270
0.8103E-01 0.1419E-01
175.0 0.1739E-02
-0.3086 0.1610
0.8094E-01 0.1463E-01
176.0 0.1714E-02
-0.3031 0.2014
0.7526E-01 0.1219E-01
177.0 0.1694E-02
-0.2639 0.2420
0.6345E-01 0.8249E-02
178.0 0.1681E-02
-0.1947 0.2764
0.4595E-01 0.4158E-02
179.0 0.1674E-02
-0.1032 0.2992
0.2413E-01 0.1119E-02
180.0 0.1672E-02
0.000 0.3072
0.000 0.000
