0.000 1.486
0.000 -0.3285E-01
0.000 0.000
1.000 1.474
-0.8246E-01 -0.3039E-01
-0.2437E-01 -0.1221E-02
2.000 1.440
-0.1608 -0.2267E-01
-0.4995E-01 -0.5013E-02
3.000 1.396
-0.2294 -0.8865E-02
-0.7739E-01 -0.1168E-01
4.000 1.354
-0.2807 0.1191E-01
-0.1062 -0.2139E-01
5.000 1.328
-0.3066 0.3969E-01
-0.1344 -0.3377E-01
6.000 1.329
-0.3028 0.7288E-01
-0.1591 -0.4759E-01
7.000 1.363
-0.2721 0.1082
-0.1775 -0.6096E-01
8.000 1.430
-0.2248 0.1420
-0.1888 -0.7209E-01
9.000 1.525
-0.1731 0.1715
-0.1938 -0.8009E-01
10.00 1.637
-0.1269 0.1958
-0.1946 -0.8502E-01
11.00 1.756
-0.9114E-01 0.2151
-0.1929 -0.8758E-01
12.00 1.871
-0.6640E-01 0.2304
-0.1899 -0.8866E-01
13.00 1.970
-0.5087E-01 0.2429
-0.1860 -0.8902E-01
14.00 2.042
-0.4165E-01 0.2536
-0.1811 -0.8923E-01
15.00 2.077
-0.3574E-01 0.2634
-0.1750 -0.8962E-01
16.00 2.066
-0.3053E-01 0.2730
-0.1674 -0.9032E-01
17.00 2.006
-0.2395E-01 0.2831
-0.1580 -0.9136E-01
18.00 1.896
-0.1443E-01 0.2941
-0.1465 -0.9267E-01
19.00 1.743
-0.7794E-03 0.3062
-0.1327 -0.9413E-01
20.00 1.560
0.1786E-01 0.3196
-0.1161 -0.9549E-01
21.00 1.361
0.4204E-01 0.3343
-0.9641E-01 -0.9637E-01
22.00 1.161
0.7191E-01 0.3499
-0.7322E-01 -0.9612E-01
23.00 0.9707
0.1070 0.3658
-0.4645E-01 -0.9372E-01
24.00 0.7997
0.1461 0.3809
-0.1643E-01 -0.8772E-01
25.00 0.6526
0.1868 0.3935
0.1587E-01 -0.7622E-01
26.00 0.5310
0.2252 0.4013
0.4845E-01 -0.5703E-01
27.00 0.4342
0.2560 0.4011
0.7805E-01 -0.2824E-01
28.00 0.3603
0.2727 0.3898
0.1001 0.1078E-01
29.00 0.3065
0.2696 0.3653
0.1097 0.5798E-01
30.00 0.2698
0.2445 0.3285
0.1034 0.1079
31.00 0.2471
0.2018 0.2844
0.8146E-01 0.1527
32.00 0.2351
0.1522 0.2407
0.4883E-01 0.1855
33.00 0.2306
0.1076 0.2049
0.1273E-01 0.2033
34.00 0.2301
0.7666E-01 0.1809
-0.2061E-01 0.2077
35.00 0.2309
0.6244E-01 0.1691
-0.4774E-01 0.2024
36.00 0.2306
0.6384E-01 0.1674
-0.6781E-01 0.1913
37.00 0.2279
0.7761E-01 0.1727
-0.8141E-01 0.1771
38.00 0.2223
0.9978E-01 0.1817
-0.8960E-01 0.1615
39.00 0.2143
0.1264 0.1911
-0.9339E-01 0.1451
40.00 0.2043
0.1539 0.1985
-0.9353E-01 0.1288
41.00 0.1932
0.1794 0.2016
-0.9058E-01 0.1131
42.00 0.1814
0.2011 0.1995
-0.8499E-01 0.9900E-01
43.00 0.1694
0.2182 0.1919
-0.7717E-01 0.8742E-01
44.00 0.1571
0.2306 0.1792
-0.6761E-01 0.7921E-01
45.00 0.1449
0.2389 0.1621
-0.5684E-01 0.7492E-01
46.00 0.1328
0.2435 0.1412
-0.4545E-01 0.7466E-01
47.00 0.1211
0.2448 0.1171
-0.3407E-01 0.7816E-01
48.00 0.1101
0.2426 0.9028E-01
-0.2327E-01 0.8481E-01
49.00 0.9988E-01
0.2371 0.6166E-01
-0.1353E-01 0.9376E-01
50.00 0.9064E-01
0.2285 0.3245E-01
-0.5145E-02 0.1041
51.00 0.8237E-01
0.2175 0.4124E-02
0.1822E-02 0.1150
52.00 0.7501E-01
0.2051 -0.2199E-01
0.7518E-02 0.1256
53.00 0.6848E-01
0.1920 -0.4506E-01
0.1223E-01 0.1354
54.00 0.6269E-01
0.1791 -0.6490E-01
0.1628E-01 0.1438
55.00 0.5756E-01
0.1668 -0.8189E-01
0.1998E-01 0.1505
56.00 0.5302E-01
0.1553 -0.9664E-01
0.2357E-01 0.1553
57.00 0.4898E-01
0.1453 -0.1096
0.2726E-01 0.1585
58.00 0.4535E-01
0.1375 -0.1211
0.3124E-01 0.1607
59.00 0.4200E-01
0.1330 -0.1307
0.3571E-01 0.1626
60.00 0.3884E-01
0.1330 -0.1383
0.4082E-01 0.1651
61.00 0.3581E-01
0.1380 -0.1435
0.4668E-01 0.1688
62.00 0.3290E-01
0.1481 -0.1461
0.5331E-01 0.1737
63.00 0.3012E-01
0.1628 -0.1461
0.6062E-01 0.1794
64.00 0.2749E-01
0.1808 -0.1439
0.6838E-01 0.1855
65.00 0.2505E-01
0.2004 -0.1399
0.7628E-01 0.1910
66.00 0.2282E-01
0.2199 -0.1344
0.8391E-01 0.1953
67.00 0.2080E-01
0.2375 -0.1276
0.9089E-01 0.1981
68.00 0.1898E-01
0.2522 -0.1198
0.9695E-01 0.1990
69.00 0.1733E-01
0.2629 -0.1111
0.1020 0.1985
70.00 0.1583E-01
0.2696 -0.1022
0.1061 0.1967
71.00 0.1444E-01
0.2723 -0.9332E-01
0.1096 0.1939
72.00 0.1315E-01
0.2715 -0.8502E-01
0.1126 0.1904
73.00 0.1196E-01
0.2674 -0.7751E-01
0.1150 0.1861
74.00 0.1086E-01
0.2603 -0.7080E-01
0.1169 0.1811
75.00 0.9867E-02
0.2505 -0.6471E-01
0.1177 0.1756
76.00 0.8960E-02
0.2385 -0.5890E-01
0.1175 0.1700
77.00 0.8135E-02
0.2248 -0.5292E-01
0.1161 0.1647
78.00 0.7378E-02
0.2102 -0.4623E-01
0.1139 0.1602
79.00 0.6679E-02
0.1954 -0.3821E-01
0.1110 0.1569
80.00 0.6026E-02
0.1808 -0.2824E-01
0.1079 0.1551
81.00 0.5414E-02
0.1667 -0.1568E-01
0.1048 0.1547
82.00 0.4840E-02
0.1524 0.5882E-04
0.1016 0.1556
83.00 0.4306E-02
0.1365 0.1948E-01
0.9776E-01 0.1574
84.00 0.3817E-02
0.1172 0.4292E-01
0.9267E-01 0.1590
85.00 0.3377E-02
0.9214E-01 0.7034E-01
0.8566E-01 0.1592
86.00 0.2989E-02
0.5931E-01 0.1012
0.7628E-01 0.1564
87.00 0.2653E-02
0.1777E-01 0.1342
0.6454E-01 0.1488
88.00 0.2368E-02
-0.3192E-01 0.1679
0.5095E-01 0.1348
89.00 0.2134E-02
-0.8743E-01 0.2002
0.3644E-01 0.1134
90.00 0.1950E-02
-0.1448 0.2291
0.2214E-01 0.8470E-01
91.00 0.1812E-02
-0.1990 0.2530
0.9171E-02 0.5036E-01
92.00 0.1718E-02
-0.2456 0.2711
-0.1677E-02 0.1365E-01
93.00 0.1657E-02
-0.2816 0.2835
-0.1007E-01 -0.2150E-01
94.00 0.1621E-02
-0.3064 0.2912
-0.1613E-01 -0.5188E-01
95.00 0.1600E-02
-0.3209 0.2953
-0.2030E-01 -0.7581E-01
96.00 0.1585E-02
-0.3272 0.2969
-0.2308E-01 -0.9308E-01
97.00 0.1567E-02
-0.3274 0.2969
-0.2492E-01 -0.1045
98.00 0.1540E-02
-0.3232 0.2954
-0.2609E-01 -0.1114
99.00 0.1499E-02
-0.3158 0.2923
-0.2667E-01 -0.1150
100.0 0.1443E-02
-0.3058 0.2871
-0.2651E-01 -0.1167
101.0 0.1376E-02
-0.2929 0.2791
-0.2532E-01 -0.1176
102.0 0.1302E-02
-0.2768 0.2676
-0.2278E-01 -0.1187
103.0 0.1228E-02
-0.2566 0.2525
-0.1868E-01 -0.1210
104.0 0.1157E-02
-0.2317 0.2343
-0.1296E-01 -0.1247
105.0 0.1092E-02
-0.2011 0.2142
-0.5771E-02 -0.1294
106.0 0.1035E-02
-0.1645 0.1941
0.2506E-02 -0.1337
107.0 0.9879E-03
-0.1227 0.1764
0.1123E-01 -0.1355
108.0 0.9521E-03
-0.7831E-01 0.1639
0.1953E-01 -0.1326
109.0 0.9272E-03
-0.3580E-01 0.1584
0.2642E-01 -0.1236
110.0 0.9115E-03
-0.7122E-04 0.1606
0.3118E-01 -0.1089
111.0 0.9023E-03
0.2537E-01 0.1693
0.3351E-01 -0.9025E-01
112.0 0.8965E-03
0.3937E-01 0.1822
0.3370E-01 -0.7031E-01
113.0 0.8912E-03
0.4322E-01 0.1967
0.3243E-01 -0.5173E-01
114.0 0.8838E-03
0.3991E-01 0.2102
0.3068E-01 -0.3635E-01
115.0 0.8717E-03
0.3326E-01 0.2209
0.2946E-01 -0.2492E-01
116.0 0.8530E-03
0.2708E-01 0.2279
0.2964E-01 -0.1738E-01
117.0 0.8278E-03
0.2456E-01 0.2307
0.3172E-01 -0.1333E-01
118.0 0.7982E-03
0.2800E-01 0.2290
0.3573E-01 -0.1251E-01
119.0 0.7673E-03
0.3861E-01 0.2230
0.4116E-01 -0.1490E-01
120.0 0.7379E-03
0.5640E-01 0.2131
0.4711E-01 -0.2049E-01
121.0 0.7115E-03
0.8031E-01 0.1997
0.5263E-01 -0.2896E-01
122.0 0.6878E-03
0.1085 0.1838
0.5708E-01 -0.3944E-01
123.0 0.6654E-03
0.1386 0.1668
0.6023E-01 -0.5061E-01
124.0 0.6430E-03
0.1679 0.1508
0.6202E-01 -0.6081E-01
125.0 0.6195E-03
0.1933 0.1386
0.6222E-01 -0.6819E-01
126.0 0.5936E-03
0.2122 0.1331
0.6039E-01 -0.7094E-01
127.0 0.5644E-03
0.2229 0.1363
0.5592E-01 -0.6762E-01
128.0 0.5320E-03
0.2245 0.1484
0.4838E-01 -0.5760E-01
129.0 0.4975E-03
0.2168 0.1678
0.3790E-01 -0.4146E-01
130.0 0.4636E-03
0.1998 0.1907
0.2540E-01 -0.2136E-01
131.0 0.4328E-03
0.1738 0.2118
0.1277E-01 -0.1183E-02
132.0 0.4069E-03
0.1406 0.2260
0.2448E-02 0.1425E-01
133.0 0.3860E-03
0.1035 0.2297
-0.3420E-02 0.2061E-01
134.0 0.3694E-03
0.6748E-01 0.2219
-0.3721E-02 0.1536E-01
135.0 0.3558E-03
0.3765E-01 0.2043
0.1419E-02 -0.1816E-02
136.0 0.3444E-03
0.1860E-01 0.1799
0.1098E-01 -0.2931E-01
137.0 0.3347E-03
0.1382E-01 0.1526
0.2354E-01 -0.6418E-01
138.0 0.3261E-03
0.2546E-01 0.1258
0.3767E-01 -0.1028
139.0 0.3178E-03
0.5428E-01 0.1020
0.5207E-01 -0.1414
140.0 0.3097E-03
0.9943E-01 0.8241E-01
0.6541E-01 -0.1765
141.0 0.3024E-03
0.1576 0.6775E-01
0.7596E-01 -0.2042
142.0 0.2965E-03
0.2224 0.5873E-01
0.8161E-01 -0.2203
143.0 0.2927E-03
0.2849 0.5573E-01
0.8041E-01 -0.2207
144.0 0.2905E-03
0.3361 0.5802E-01
0.7155E-01 -0.2036
145.0 0.2894E-03
0.3693 0.6314E-01
0.5582E-01 -0.1699
146.0 0.2888E-03
0.3803 0.6721E-01
0.3538E-01 -0.1242
147.0 0.2893E-03
0.3669 0.6596E-01
0.1321E-01 -0.7367E-01
148.0 0.2917E-03
0.3289 0.5622E-01
-0.7606E-02 -0.2800E-01
149.0 0.2972E-03
0.2698 0.3698E-01
-0.2476E-01 0.3407E-02
150.0 0.3063E-03
0.1970 0.9476E-02
-0.3744E-01 0.1411E-01
151.0 0.3195E-03
0.1207 -0.2372E-01
-0.4636E-01 0.2441E-02
152.0 0.3373E-03
0.5174E-01 -0.5967E-01
-0.5299E-01 -0.2853E-01
153.0 0.3604E-03
-0.3936E-03 -0.9557E-01
-0.5863E-01 -0.7225E-01
154.0 0.3893E-03
-0.2921E-01 -0.1290
-0.6390E-01 -0.1205
155.0 0.4233E-03
-0.3202E-01 -0.1585
-0.6873E-01 -0.1660
156.0 0.4607E-03
-0.9741E-02 -0.1835
-0.7266E-01 -0.2037
157.0 0.4988E-03
0.3425E-01 -0.2037
-0.7515E-01 -0.2315
158.0 0.5352E-03
0.9507E-01 -0.2192
-0.7582E-01 -0.2496
159.0 0.5674E-03
0.1668 -0.2291
-0.7460E-01 -0.2587
160.0 0.5934E-03
0.2432 -0.2327
-0.7183E-01 -0.2601
161.0 0.6111E-03
0.3180 -0.2294
-0.6822E-01 -0.2549
162.0 0.6199E-03
0.3855 -0.2186
-0.6466E-01 -0.2441
163.0 0.6204E-03
0.4396 -0.2002
-0.6215E-01 -0.2283
164.0 0.6159E-03
0.4728 -0.1746
-0.6160E-01 -0.2079
165.0 0.6111E-03
0.4767 -0.1433
-0.6372E-01 -0.1838
166.0 0.6109E-03
0.4444 -0.1096
-0.6880E-01 -0.1574
167.0 0.6189E-03
0.3750 -0.7841E-01
-0.7636E-01 -0.1308
168.0 0.6363E-03
0.2752 -0.5500E-01
-0.8515E-01 -0.1065
169.0 0.6626E-03
0.1577 -0.4268E-01
-0.9338E-01 -0.8606E-01
170.0 0.6950E-03
0.3687E-01 -0.4187E-01
-0.9937E-01 -0.7025E-01
171.0 0.7293E-03
-0.7536E-01 -0.5034E-01
-0.1021 -0.5870E-01
172.0 0.7597E-03
-0.1713 -0.6462E-01
-0.1013 -0.5028E-01
173.0 0.7801E-03
-0.2471 -0.8141E-01
-0.9739E-01 -0.4351E-01
174.0 0.7861E-03
-0.3003 -0.9845E-01
-0.9089E-01 -0.3703E-01
175.0 0.7765E-03
-0.3285 -0.1145
-0.8206E-01 -0.2997E-01
176.0 0.7547E-03
-0.3273 -0.1291
-0.7083E-01 -0.2213E-01
177.0 0.7271E-03
-0.2924 -0.1418
-0.5689E-01 -0.1405E-01
178.0 0.7012E-03
-0.2218 -0.1520
-0.4010E-01 -0.6833E-02
179.0 0.6831E-03
-0.1201 -0.1586
-0.2079E-01 -0.1805E-02
180.0 0.6767E-03
0.000 -0.1610
0.000 0.000
