0.000 2.846
0.000 -0.8910E-01
0.000 0.000
1.000 2.827
-0.3857E-01 -0.9053E-01
-0.3228E-02 0.1382E-02
2.000 2.771
-0.7376E-01 -0.9484E-01
-0.5438E-02 0.5199E-02
3.000 2.681
-0.1026 -0.1021
-0.5728E-02 0.1044E-01
4.000 2.567
-0.1228 -0.1124
-0.3410E-02 0.1539E-01
5.000 2.438
-0.1325 -0.1255
0.1897E-02 0.1766E-01
6.000 2.311
-0.1302 -0.1412
0.1011E-01 0.1461E-01
7.000 2.197
-0.1145 -0.1590
0.2046E-01 0.4151E-02
8.000 2.105
-0.8510E-01 -0.1786
0.3133E-01 -0.1412E-01
9.000 2.037
-0.4301E-01 -0.1994
0.4035E-01 -0.3833E-01
10.00 1.988
0.8677E-02 -0.2209
0.4485E-01 -0.6483E-01
11.00 1.948
0.6536E-01 -0.2424
0.4246E-01 -0.8963E-01
12.00 1.904
0.1217 -0.2628
0.3151E-01 -0.1098
13.00 1.848
0.1723 -0.2808
0.1122E-01 -0.1240
14.00 1.774
0.2121 -0.2953
-0.1827E-01 -0.1323
15.00 1.677
0.2370 -0.3058
-0.5586E-01 -0.1360
16.00 1.561
0.2437 -0.3127
-0.9956E-01 -0.1365
17.00 1.428
0.2301 -0.3177
-0.1466 -0.1355
18.00 1.284
0.1955 -0.3232
-0.1936 -0.1346
19.00 1.137
0.1405 -0.3323
-0.2367 -0.1348
20.00 0.9932
0.6732E-01 -0.3476
-0.2715 -0.1372
21.00 0.8600
-0.1967E-01 -0.3710
-0.2936 -0.1423
22.00 0.7423
-0.1135 -0.4026
-0.2985 -0.1499
23.00 0.6430
-0.2044 -0.4403
-0.2830 -0.1594
24.00 0.5630
-0.2802 -0.4799
-0.2464 -0.1697
25.00 0.5011
-0.3293 -0.5167
-0.1913 -0.1794
26.00 0.4554
-0.3440 -0.5461
-0.1244 -0.1873
27.00 0.4232
-0.3233 -0.5660
-0.5478E-01 -0.1932
28.00 0.4016
-0.2743 -0.5766
0.8474E-02 -0.1968
29.00 0.3875
-0.2090 -0.5804
0.5850E-01 -0.1986
30.00 0.3778
-0.1412 -0.5810
0.9207E-01 -0.1983
31.00 0.3698
-0.8223E-01 -0.5819
0.1093 -0.1960
32.00 0.3612
-0.3951E-01 -0.5858
0.1123 -0.1912
33.00 0.3503
-0.1664E-01 -0.5942
0.1040 -0.1840
34.00 0.3366
-0.1427E-01 -0.6081
0.8706E-01 -0.1744
35.00 0.3198
-0.3112E-01 -0.6275
0.6347E-01 -0.1628
36.00 0.3007
-0.6458E-01 -0.6520
0.3472E-01 -0.1497
37.00 0.2800
-0.1111 -0.6805
0.1801E-02 -0.1359
38.00 0.2585
-0.1666 -0.7116
-0.3471E-01 -0.1222
39.00 0.2372
-0.2263 -0.7434
-0.7441E-01 -0.1094
40.00 0.2169
-0.2853 -0.7730
-0.1169 -0.9879E-01
41.00 0.1984
-0.3384 -0.7970
-0.1614 -0.9184E-01
42.00 0.1824
-0.3809 -0.8113
-0.2065 -0.9030E-01
43.00 0.1694
-0.4093 -0.8124
-0.2496 -0.9567E-01
44.00 0.1594
-0.4225 -0.7984
-0.2878 -0.1084
45.00 0.1521
-0.4225 -0.7708
-0.3182 -0.1275
46.00 0.1470
-0.4137 -0.7339
-0.3389 -0.1504
47.00 0.1432
-0.4017 -0.6939
-0.3498 -0.1742
48.00 0.1398
-0.3911 -0.6563
-0.3521 -0.1961
49.00 0.1361
-0.3847 -0.6251
-0.3474 -0.2145
50.00 0.1317
-0.3832 -0.6022
-0.3374 -0.2286
51.00 0.1264
-0.3857 -0.5884
-0.3234 -0.2385
52.00 0.1204
-0.3905 -0.5831
-0.3063 -0.2446
53.00 0.1139
-0.3954 -0.5856
-0.2869 -0.2475
54.00 0.1072
-0.3979 -0.5948
-0.2656 -0.2477
55.00 0.1006
-0.3961 -0.6096
-0.2430 -0.2459
56.00 0.9425E-01
-0.3883 -0.6290
-0.2198 -0.2427
57.00 0.8841E-01
-0.3743 -0.6518
-0.1969 -0.2385
58.00 0.8311E-01
-0.3547 -0.6769
-0.1753 -0.2336
59.00 0.7837E-01
-0.3315 -0.7033
-0.1558 -0.2284
60.00 0.7415E-01
-0.3075 -0.7299
-0.1389 -0.2229
61.00 0.7040E-01
-0.2857 -0.7560
-0.1246 -0.2171
62.00 0.6700E-01
-0.2682 -0.7810
-0.1121 -0.2109
63.00 0.6388E-01
-0.2562 -0.8048
-0.1005 -0.2040
64.00 0.6095E-01
-0.2496 -0.8273
-0.8846E-01 -0.1964
65.00 0.5818E-01
-0.2472 -0.8486
-0.7515E-01 -0.1882
66.00 0.5553E-01
-0.2473 -0.8684
-0.6001E-01 -0.1795
67.00 0.5298E-01
-0.2484 -0.8865
-0.4289E-01 -0.1704
68.00 0.5049E-01
-0.2497 -0.9027
-0.2392E-01 -0.1611
69.00 0.4806E-01
-0.2508 -0.9165
-0.3300E-02 -0.1518
70.00 0.4565E-01
-0.2517 -0.9275
0.1885E-01 -0.1427
71.00 0.4325E-01
-0.2524 -0.9356
0.4245E-01 -0.1339
72.00 0.4086E-01
-0.2528 -0.9403
0.6732E-01 -0.1257
73.00 0.3849E-01
-0.2522 -0.9414
0.9308E-01 -0.1182
74.00 0.3617E-01
-0.2504 -0.9388
0.1190 -0.1114
75.00 0.3391E-01
-0.2471 -0.9329
0.1442 -0.1055
76.00 0.3171E-01
-0.2426 -0.9245
0.1679 -0.1002
77.00 0.2960E-01
-0.2376 -0.9147
0.1895 -0.9543E-01
78.00 0.2756E-01
-0.2329 -0.9045
0.2092 -0.9115E-01
79.00 0.2563E-01
-0.2288 -0.8951
0.2272 -0.8743E-01
80.00 0.2382E-01
-0.2252 -0.8870
0.2444 -0.8450E-01
81.00 0.2215E-01
-0.2210 -0.8807
0.2612 -0.8269E-01
82.00 0.2063E-01
-0.2147 -0.8759
0.2778 -0.8228E-01
83.00 0.1925E-01
-0.2051 -0.8723
0.2939 -0.8335E-01
84.00 0.1801E-01
-0.1914 -0.8692
0.3089 -0.8576E-01
85.00 0.1688E-01
-0.1739 -0.8660
0.3221 -0.8911E-01
86.00 0.1582E-01
-0.1535 -0.8622
0.3328 -0.9284E-01
87.00 0.1480E-01
-0.1316 -0.8574
0.3411 -0.9639E-01
88.00 0.1378E-01
-0.1094 -0.8514
0.3469 -0.9922E-01
89.00 0.1276E-01
-0.8804E-01 -0.8442
0.3506 -0.1009
90.00 0.1173E-01
-0.6811E-01 -0.8358
0.3523 -0.1008
91.00 0.1070E-01
-0.5005E-01 -0.8262
0.3523 -0.9871E-01
92.00 0.9691E-02
-0.3419E-01 -0.8159
0.3506 -0.9394E-01
93.00 0.8714E-02
-0.2095E-01 -0.8054
0.3475 -0.8605E-01
94.00 0.7789E-02
-0.1074E-01 -0.7954
0.3436 -0.7472E-01
95.00 0.6935E-02
-0.3832E-02 -0.7870
0.3398 -0.6006E-01
96.00 0.6166E-02
0.6040E-04 -0.7809
0.3371 -0.4276E-01
97.00 0.5494E-02
0.2074E-02 -0.7778
0.3370 -0.2424E-01
98.00 0.4924E-02
0.4306E-02 -0.7784
0.3403 -0.6529E-02
99.00 0.4454E-02
0.9426E-02 -0.7826
0.3472 0.8127E-02
100.0 0.4077E-02
0.1981E-01 -0.7901
0.3565 0.1794E-01
101.0 0.3777E-02
0.3649E-01 -0.7993
0.3657 0.2221E-01
102.0 0.3537E-02
0.5849E-01 -0.8085
0.3716 0.2167E-01
103.0 0.3335E-02
0.8291E-01 -0.8156
0.3713 0.1817E-01
104.0 0.3153E-02
0.1057 -0.8188
0.3628 0.1405E-01
105.0 0.2974E-02
0.1227 -0.8161
0.3451 0.1132E-01
106.0 0.2789E-02
0.1303 -0.8048
0.3182 0.1122E-01
107.0 0.2595E-02
0.1259 -0.7817
0.2827 0.1396E-01
108.0 0.2396E-02
0.1081 -0.7428
0.2395 0.1868E-01
109.0 0.2203E-02
0.7679E-01 -0.6840
0.1901 0.2356E-01
110.0 0.2027E-02
0.3332E-01 -0.6025
0.1369 0.2584E-01
111.0 0.1883E-02
-0.1914E-01 -0.4992
0.8411E-01 0.2226E-01
112.0 0.1781E-02
-0.7522E-01 -0.3807
0.3730E-01 0.9854E-02
113.0 0.1730E-02
-0.1280 -0.2604
0.2463E-02 -0.1267E-01
114.0 0.1732E-02
-0.1711 -0.1548
-0.1658E-01 -0.4388E-01
115.0 0.1781E-02
-0.2014 -0.7639E-01
-0.2029E-01 -0.8001E-01
116.0 0.1866E-02
-0.2197 -0.2933E-01
-0.1318E-01 -0.1167
117.0 0.1972E-02
-0.2302 -0.9775E-02
-0.1623E-02 -0.1507
118.0 0.2083E-02
-0.2378 -0.9990E-02
0.8394E-02 -0.1805
119.0 0.2184E-02
-0.2476 -0.2206E-01
0.1241E-01 -0.2056
120.0 0.2262E-02
-0.2636 -0.3977E-01
0.7681E-02 -0.2264
121.0 0.2310E-02
-0.2894 -0.5889E-01
-0.6924E-02 -0.2439
122.0 0.2327E-02
-0.3274 -0.7690E-01
-0.3107E-01 -0.2593
123.0 0.2320E-02
-0.3786 -0.9240E-01
-0.6285E-01 -0.2741
124.0 0.2299E-02
-0.4418 -0.1048
-0.9858E-01 -0.2899
125.0 0.2282E-02
-0.5125 -0.1144
-0.1329 -0.3081
126.0 0.2281E-02
-0.5833 -0.1218
-0.1594 -0.3295
127.0 0.2309E-02
-0.6454 -0.1282
-0.1726 -0.3534
128.0 0.2371E-02
-0.6913 -0.1345
-0.1698 -0.3782
129.0 0.2463E-02
-0.7169 -0.1412
-0.1520 -0.4017
130.0 0.2578E-02
-0.7225 -0.1480
-0.1229 -0.4220
131.0 0.2701E-02
-0.7114 -0.1545
-0.8751E-01 -0.4381
132.0 0.2813E-02
-0.6880 -0.1602
-0.5046E-01 -0.4499
133.0 0.2898E-02
-0.6564 -0.1649
-0.1508E-01 -0.4580
134.0 0.2942E-02
-0.6199 -0.1685
0.1640E-01 -0.4630
135.0 0.2938E-02
-0.5808 -0.1707
0.4252E-01 -0.4656
136.0 0.2888E-02
-0.5410 -0.1714
0.6220E-01 -0.4663
137.0 0.2798E-02
-0.5026 -0.1698
0.7455E-01 -0.4657
138.0 0.2678E-02
-0.4678 -0.1653
0.7892E-01 -0.4645
139.0 0.2542E-02
-0.4394 -0.1568
0.7501E-01 -0.4634
140.0 0.2405E-02
-0.4201 -0.1430
0.6325E-01 -0.4631
141.0 0.2278E-02
-0.4119 -0.1228
0.4497E-01 -0.4645
142.0 0.2171E-02
-0.4150 -0.9581E-01
0.2256E-01 -0.4677
143.0 0.2090E-02
-0.4275 -0.6267E-01
-0.8751E-03 -0.4724
144.0 0.2035E-02
-0.4454 -0.2558E-01
-0.2209E-01 -0.4775
145.0 0.2007E-02
-0.4635 0.1245E-01
-0.3850E-01 -0.4814
146.0 0.2002E-02
-0.4768 0.4832E-01
-0.4857E-01 -0.4826
147.0 0.2017E-02
-0.4815 0.7949E-01
-0.5184E-01 -0.4797
148.0 0.2051E-02
-0.4754 0.1043
-0.4861E-01 -0.4722
149.0 0.2100E-02
-0.4590 0.1218
-0.3958E-01 -0.4600
150.0 0.2165E-02
-0.4345 0.1316
-0.2567E-01 -0.4440
151.0 0.2247E-02
-0.4062 0.1339
-0.7969E-02 -0.4250
152.0 0.2348E-02
-0.3790 0.1291
0.1221E-01 -0.4043
153.0 0.2469E-02
-0.3576 0.1180
0.3331E-01 -0.3833
154.0 0.2612E-02
-0.3460 0.1011
0.5360E-01 -0.3630
155.0 0.2779E-02
-0.3464 0.7890E-01
0.7154E-01 -0.3442
156.0 0.2966E-02
-0.3587 0.5160E-01
0.8599E-01 -0.3273
157.0 0.3169E-02
-0.3810 0.1939E-01
0.9641E-01 -0.3121
158.0 0.3386E-02
-0.4096 -0.1744E-01
0.1028 -0.2982
159.0 0.3609E-02
-0.4399 -0.5841E-01
0.1056 -0.2848
160.0 0.3832E-02
-0.4674 -0.1028
0.1055 -0.2712
161.0 0.4048E-02
-0.4885 -0.1495
0.1030 -0.2570
162.0 0.4251E-02
-0.5007 -0.1974
0.9870E-01 -0.2417
163.0 0.4434E-02
-0.5030 -0.2450
0.9283E-01 -0.2253
164.0 0.4595E-02
-0.4954 -0.2905
0.8540E-01 -0.2079
165.0 0.4732E-02
-0.4789 -0.3320
0.7624E-01 -0.1898
166.0 0.4847E-02
-0.4552 -0.3680
0.6518E-01 -0.1711
167.0 0.4942E-02
-0.4263 -0.3968
0.5213E-01 -0.1524
168.0 0.5020E-02
-0.3943 -0.4177
0.3726E-01 -0.1339
169.0 0.5085E-02
-0.3612 -0.4301
0.2103E-01 -0.1159
170.0 0.5140E-02
-0.3283 -0.4338
0.4208E-02 -0.9860E-01
171.0 0.5187E-02
-0.2964 -0.4296
-0.1214E-01 -0.8220E-01
172.0 0.5228E-02
-0.2656 -0.4185
-0.2681E-01 -0.6687E-01
173.0 0.5261E-02
-0.2357 -0.4024
-0.3860E-01 -0.5272E-01
174.0 0.5285E-02
-0.2061 -0.3832
-0.4648E-01 -0.3983E-01
175.0 0.5300E-02
-0.1759 -0.3630
-0.4969E-01 -0.2836E-01
176.0 0.5308E-02
-0.1444 -0.3436
-0.4787E-01 -0.1852E-01
177.0 0.5311E-02
-0.1110 -0.3265
-0.4113E-01 -0.1057E-01
178.0 0.5311E-02
-0.7556E-01 -0.3130
-0.3010E-01 -0.4736E-02
179.0 0.5311E-02
-0.3830E-01 -0.3044
-0.1589E-01 -0.1189E-02
180.0 0.5311E-02
0.000 -0.3014
0.000 0.000
