0.000 0.6099E-02
0.000 -0.5170
0.000 0.000
1.000 0.6203E-02
-0.5710E-01 -0.5197
-0.3209E-01 -0.8596E-03
2.000 0.6488E-02
-0.9337E-01 -0.5260
-0.5592E-01 -0.3320E-02
3.000 0.6887E-02
-0.9973E-01 -0.5322
-0.6769E-01 -0.7088E-02
4.000 0.7304E-02
-0.7995E-01 -0.5348
-0.6858E-01 -0.1181E-01
5.000 0.7642E-02
-0.4436E-01 -0.5321
-0.6233E-01 -0.1710E-01
6.000 0.7821E-02
-0.3749E-02 -0.5237
-0.5310E-01 -0.2256E-01
7.000 0.7793E-02
0.3344E-01 -0.5103
-0.4439E-01 -0.2769E-01
8.000 0.7546E-02
0.6163E-01 -0.4931
-0.3883E-01 -0.3187E-01
9.000 0.7100E-02
0.7773E-01 -0.4738
-0.3834E-01 -0.3437E-01
10.00 0.6498E-02
0.8052E-01 -0.4540
-0.4411E-01 -0.3443E-01
11.00 0.5795E-02
0.7020E-01 -0.4357
-0.5670E-01 -0.3146E-01
12.00 0.5046E-02
0.4787E-01 -0.4207
-0.7580E-01 -0.2536E-01
13.00 0.4308E-02
0.1539E-01 -0.4110
-0.1001 -0.1710E-01
14.00 0.3624E-02
-0.2456E-01 -0.4083
-0.1268 -0.9312E-02
15.00 0.3029E-02
-0.6810E-01 -0.4139
-0.1516 -0.6794E-02
16.00 0.2545E-02
-0.1099 -0.4283
-0.1685 -0.1601E-01
17.00 0.2178E-02
-0.1436 -0.4503
-0.1719 -0.4270E-01
18.00 0.1922E-02
-0.1645 -0.4765
-0.1591 -0.8775E-01
19.00 0.1761E-02
-0.1719 -0.5024
-0.1332 -0.1444
20.00 0.1670E-02
-0.1700 -0.5244
-0.1020 -0.2009
21.00 0.1623E-02
-0.1653 -0.5406
-0.7357E-01 -0.2466
22.00 0.1597E-02
-0.1635 -0.5514
-0.5286E-01 -0.2765
23.00 0.1574E-02
-0.1674 -0.5579
-0.4094E-01 -0.2910
24.00 0.1539E-02
-0.1786 -0.5612
-0.3647E-01 -0.2933
25.00 0.1486E-02
-0.1975 -0.5625
-0.3718E-01 -0.2871
26.00 0.1412E-02
-0.2243 -0.5627
-0.4087E-01 -0.2757
27.00 0.1318E-02
-0.2591 -0.5628
-0.4581E-01 -0.2615
28.00 0.1209E-02
-0.3010 -0.5639
-0.5095E-01 -0.2462
29.00 0.1088E-02
-0.3484 -0.5664
-0.5593E-01 -0.2314
30.00 0.9638E-03
-0.3981 -0.5708
-0.6095E-01 -0.2183
31.00 0.8413E-03
-0.4463 -0.5768
-0.6655E-01 -0.2079
32.00 0.7264E-03
-0.4881 -0.5837
-0.7332E-01 -0.2011
33.00 0.6233E-03
-0.5188 -0.5903
-0.8163E-01 -0.1981
34.00 0.5346E-03
-0.5354 -0.5951
-0.9148E-01 -0.1987
35.00 0.4610E-03
-0.5377 -0.5976
-0.1027 -0.2020
36.00 0.4015E-03
-0.5296 -0.5982
-0.1154 -0.2065
37.00 0.3540E-03
-0.5177 -0.5993
-0.1299 -0.2110
38.00 0.3160E-03
-0.5084 -0.6039
-0.1470 -0.2147
39.00 0.2856E-03
-0.5043 -0.6142
-0.1668 -0.2183
40.00 0.2616E-03
-0.5020 -0.6302
-0.1877 -0.2233
41.00 0.2437E-03
-0.4934 -0.6481
-0.2065 -0.2314
42.00 0.2316E-03
-0.4701 -0.6619
-0.2186 -0.2430
43.00 0.2247E-03
-0.4280 -0.6661
-0.2209 -0.2566
44.00 0.2219E-03
-0.3704 -0.6582
-0.2124 -0.2692
45.00 0.2211E-03
-0.3051 -0.6403
-0.1952 -0.2778
46.00 0.2207E-03
-0.2402 -0.6162
-0.1726 -0.2808
47.00 0.2190E-03
-0.1807 -0.5902
-0.1474 -0.2781
48.00 0.2155E-03
-0.1281 -0.5650
-0.1219 -0.2708
49.00 0.2103E-03
-0.8251E-01 -0.5423
-0.9784E-01 -0.2604
50.00 0.2039E-03
-0.4314E-01 -0.5231
-0.7648E-01 -0.2486
51.00 0.1971E-03
-0.9799E-02 -0.5085
-0.5891E-01 -0.2367
52.00 0.1903E-03
0.1719E-01 -0.4995
-0.4577E-01 -0.2252
53.00 0.1836E-03
0.3729E-01 -0.4971
-0.3694E-01 -0.2141
54.00 0.1767E-03
0.5026E-01 -0.5018
-0.3156E-01 -0.2031
55.00 0.1692E-03
0.5633E-01 -0.5132
-0.2819E-01 -0.1914
56.00 0.1607E-03
0.5594E-01 -0.5300
-0.2523E-01 -0.1788
57.00 0.1511E-03
0.4940E-01 -0.5505
-0.2121E-01 -0.1653
58.00 0.1404E-03
0.3657E-01 -0.5729
-0.1488E-01 -0.1510
59.00 0.1290E-03
0.1685E-01 -0.5954
-0.5265E-02 -0.1363
60.00 0.1174E-03
-0.1049E-01 -0.6168
0.8467E-02 -0.1218
61.00 0.1059E-03
-0.4576E-01 -0.6364
0.2708E-01 -0.1081
62.00 0.9507E-04
-0.8807E-01 -0.6536
0.5120E-01 -0.9609E-01
63.00 0.8522E-04
-0.1348 -0.6680
0.8113E-01 -0.8694E-01
64.00 0.7656E-04
-0.1816 -0.6790
0.1164 -0.8224E-01
65.00 0.6920E-04
-0.2233 -0.6857
0.1554 -0.8355E-01
66.00 0.6307E-04
-0.2551 -0.6873
0.1956 -0.9176E-01
67.00 0.5801E-04
-0.2748 -0.6841
0.2337 -0.1065
68.00 0.5378E-04
-0.2834 -0.6769
0.2671 -0.1261
69.00 0.5011E-04
-0.2842 -0.6676
0.2943 -0.1481
70.00 0.4674E-04
-0.2816 -0.6579
0.3152 -0.1700
71.00 0.4351E-04
-0.2796 -0.6493
0.3307 -0.1901
72.00 0.4031E-04
-0.2809 -0.6422
0.3423 -0.2074
73.00 0.3714E-04
-0.2870 -0.6366
0.3514 -0.2218
74.00 0.3402E-04
-0.2985 -0.6318
0.3590 -0.2338
75.00 0.3103E-04
-0.3152 -0.6272
0.3659 -0.2440
76.00 0.2821E-04
-0.3370 -0.6218
0.3728 -0.2534
77.00 0.2561E-04
-0.3633 -0.6148
0.3801 -0.2626
78.00 0.2326E-04
-0.3931 -0.6055
0.3881 -0.2722
79.00 0.2116E-04
-0.4246 -0.5931
0.3970 -0.2824
80.00 0.1927E-04
-0.4558 -0.5771
0.4066 -0.2934
81.00 0.1755E-04
-0.4841 -0.5571
0.4163 -0.3053
82.00 0.1597E-04
-0.5072 -0.5333
0.4252 -0.3179
83.00 0.1448E-04
-0.5235 -0.5066
0.4320 -0.3306
84.00 0.1305E-04
-0.5320 -0.4782
0.4356 -0.3427
85.00 0.1168E-04
-0.5323 -0.4495
0.4351 -0.3532
86.00 0.1037E-04
-0.5244 -0.4222
0.4299 -0.3614
87.00 0.9155E-05
-0.5082 -0.3972
0.4197 -0.3670
88.00 0.8050E-05
-0.4837 -0.3754
0.4045 -0.3700
89.00 0.7069E-05
-0.4517 -0.3564
0.3850 -0.3712
90.00 0.6210E-05
-0.4134 -0.3397
0.3621 -0.3713
91.00 0.5460E-05
-0.3711 -0.3240
0.3370 -0.3711
92.00 0.4797E-05
-0.3270 -0.3089
0.3107 -0.3713
93.00 0.4202E-05
-0.2830 -0.2941
0.2835 -0.3719
94.00 0.3662E-05
-0.2401 -0.2809
0.2547 -0.3723
95.00 0.3171E-05
-0.1987 -0.2711
0.2226 -0.3711
96.00 0.2731E-05
-0.1592 -0.2673
0.1854 -0.3661
97.00 0.2348E-05
-0.1220 -0.2722
0.1411 -0.3552
98.00 0.2028E-05
-0.8781E-01 -0.2868
0.8839E-01 -0.3374
99.00 0.1778E-05
-0.5779E-01 -0.3096
0.2644E-01 -0.3129
100.0 0.1600E-05
-0.3414E-01 -0.3346
-0.4395E-01 -0.2842
101.0 0.1492E-05
-0.2047E-01 -0.3525
-0.1197 -0.2550
102.0 0.1451E-05
-0.2079E-01 -0.3537
-0.1954 -0.2294
103.0 0.1469E-05
-0.3696E-01 -0.3329
-0.2642 -0.2105
104.0 0.1536E-05
-0.6648E-01 -0.2911
-0.3210 -0.1999
105.0 0.1642E-05
-0.1030 -0.2333
-0.3636 -0.1971
106.0 0.1772E-05
-0.1390 -0.1655
-0.3925 -0.2002
107.0 0.1914E-05
-0.1682 -0.9315E-01
-0.4095 -0.2077
108.0 0.2061E-05
-0.1870 -0.2055E-01
-0.4160 -0.2184
109.0 0.2207E-05
-0.1949 0.4850E-01
-0.4132 -0.2321
110.0 0.2351E-05
-0.1942 0.1106
-0.4024 -0.2484
111.0 0.2490E-05
-0.1893 0.1631
-0.3857 -0.2666
112.0 0.2619E-05
-0.1858 0.2047
-0.3658 -0.2850
113.0 0.2730E-05
-0.1888 0.2353
-0.3456 -0.3017
114.0 0.2813E-05
-0.2025 0.2556
-0.3276 -0.3153
115.0 0.2861E-05
-0.2294 0.2660
-0.3135 -0.3251
116.0 0.2877E-05
-0.2705 0.2664
-0.3035 -0.3310
117.0 0.2871E-05
-0.3247 0.2557
-0.2972 -0.3335
118.0 0.2860E-05
-0.3877 0.2325
-0.2926 -0.3331
119.0 0.2865E-05
-0.4514 0.1966
-0.2868 -0.3310
120.0 0.2900E-05
-0.5047 0.1507
-0.2772 -0.3289
121.0 0.2973E-05
-0.5372 0.1003
-0.2620 -0.3291
122.0 0.3076E-05
-0.5430 0.5251E-01
-0.2415 -0.3332
123.0 0.3190E-05
-0.5231 0.1370E-01
-0.2176 -0.3421
124.0 0.3288E-05
-0.4837 -0.1221E-01
-0.1927 -0.3558
125.0 0.3344E-05
-0.4341 -0.2390E-01
-0.1688 -0.3736
126.0 0.3338E-05
-0.3843 -0.2193E-01
-0.1474 -0.3952
127.0 0.3264E-05
-0.3439 -0.8122E-02
-0.1291 -0.4198
128.0 0.3126E-05
-0.3225 0.1472E-01
-0.1144 -0.4468
129.0 0.2942E-05
-0.3286 0.4273E-01
-0.1035 -0.4745
130.0 0.2738E-05
-0.3679 0.7079E-01
-0.9623E-01 -0.5006
131.0 0.2542E-05
-0.4407 0.9259E-01
-0.9232E-01 -0.5221
132.0 0.2380E-05
-0.5372 0.1018
-0.9136E-01 -0.5360
133.0 0.2275E-05
-0.6365 0.9429E-01
-0.9319E-01 -0.5408
134.0 0.2237E-05
-0.7119 0.7125E-01
-0.9804E-01 -0.5372
135.0 0.2264E-05
-0.7434 0.3925E-01
-0.1063 -0.5278
136.0 0.2341E-05
-0.7277 0.7037E-02
-0.1180 -0.5163
137.0 0.2440E-05
-0.6757 -0.1876E-01
-0.1328 -0.5054
138.0 0.2530E-05
-0.6033 -0.3545E-01
-0.1501 -0.4965
139.0 0.2577E-05
-0.5235 -0.4333E-01
-0.1691 -0.4894
140.0 0.2559E-05
-0.4433 -0.4399E-01
-0.1891 -0.4833
141.0 0.2466E-05
-0.3644 -0.3914E-01
-0.2088 -0.4766
142.0 0.2308E-05
-0.2847 -0.3012E-01
-0.2261 -0.4681
143.0 0.2110E-05
-0.2006 -0.1796E-01
-0.2373 -0.4573
144.0 0.1911E-05
-0.1102 -0.3837E-02
-0.2376 -0.4456
145.0 0.1749E-05
-0.1880E-01 0.1025E-01
-0.2233 -0.4367
146.0 0.1658E-05
0.5721E-01 0.2117E-01
-0.1963 -0.4351
147.0 0.1651E-05
0.9547E-01 0.2558E-01
-0.1668 -0.4431
148.0 0.1729E-05
0.8292E-01 0.2184E-01
-0.1487 -0.4580
149.0 0.1873E-05
0.2450E-01 0.1066E-01
-0.1504 -0.4741
150.0 0.2056E-05
-0.6398E-01 -0.6126E-02
-0.1719 -0.4862
151.0 0.2251E-05
-0.1667 -0.2689E-01
-0.2080 -0.4914
152.0 0.2431E-05
-0.2719 -0.5066E-01
-0.2523 -0.4881
153.0 0.2581E-05
-0.3711 -0.7699E-01
-0.2981 -0.4754
154.0 0.2696E-05
-0.4564 -0.1057
-0.3386 -0.4532
155.0 0.2782E-05
-0.5185 -0.1365
-0.3664 -0.4224
156.0 0.2857E-05
-0.5470 -0.1687
-0.3744 -0.3856
157.0 0.2940E-05
-0.5326 -0.2010
-0.3572 -0.3467
158.0 0.3053E-05
-0.4712 -0.2310
-0.3133 -0.3111
159.0 0.3213E-05
-0.3685 -0.2563
-0.2476 -0.2840
160.0 0.3428E-05
-0.2406 -0.2753
-0.1699 -0.2692
161.0 0.3696E-05
-0.1096 -0.2882
-0.9224E-01 -0.2680
162.0 0.4006E-05
0.2496E-02 -0.2968
-0.2496E-01 -0.2786
163.0 0.4340E-05
0.7886E-01 -0.3044
0.2551E-01 -0.2972
164.0 0.4679E-05
0.1087 -0.3145
0.5674E-01 -0.3186
165.0 0.5015E-05
0.8700E-01 -0.3305
0.6927E-01 -0.3373
166.0 0.5352E-05
0.1398E-01 -0.3544
0.6546E-01 -0.3482
167.0 0.5716E-05
-0.1032 -0.3866
0.4889E-01 -0.3472
168.0 0.6150E-05
-0.2490 -0.4248
0.2423E-01 -0.3314
169.0 0.6704E-05
-0.3997 -0.4644
-0.3077E-02 -0.3008
170.0 0.7425E-05
-0.5292 -0.4996
-0.2771E-01 -0.2585
171.0 0.8346E-05
-0.6173 -0.5258
-0.4582E-01 -0.2102
172.0 0.9474E-05
-0.6554 -0.5411
-0.5588E-01 -0.1619
173.0 0.1078E-04
-0.6463 -0.5466
-0.5848E-01 -0.1184
174.0 0.1222E-04
-0.5993 -0.5448
-0.5541E-01 -0.8233E-01
175.0 0.1369E-04
-0.5254 -0.5387
-0.4869E-01 -0.5408E-01
176.0 0.1510E-04
-0.4340 -0.5308
-0.3995E-01 -0.3297E-01
177.0 0.1634E-04
-0.3319 -0.5230
-0.3028E-01 -0.1787E-01
178.0 0.1730E-04
-0.2239 -0.5168
-0.2025E-01 -0.7746E-02
179.0 0.1792E-04
-0.1126 -0.5127
-0.1013E-01 -0.1910E-02
180.0 0.1813E-04
0.000 -0.5113
0.000 0.000
