0.000 3.913
0.000 0.7071
0.000 0.000
1.000 3.969
-0.1350 0.6778
0.4231E-01 0.1644E-01
2.000 4.096
-0.2414 0.6046
0.7637E-01 0.5801E-01
3.000 4.191
-0.3087 0.5175
0.9966E-01 0.1089
4.000 4.137
-0.3431 0.4400
0.1149 0.1567
5.000 3.858
-0.3553 0.3831
0.1268 0.1957
6.000 3.353
-0.3538 0.3490
0.1401 0.2245
7.000 2.692
-0.3425 0.3355
0.1598 0.2435
8.000 1.992
-0.3208 0.3366
0.1918 0.2528
9.000 1.367
-0.2833 0.3381
0.2434 0.2523
10.00 0.8896
-0.2199 0.3071
0.3196 0.2418
11.00 0.5803
-0.1249 0.1872
0.4076 0.2256
12.00 0.4108
-0.2085E-01 -0.5321E-01
0.4582 0.2166
13.00 0.3291
0.4410E-01 -0.3314
0.4247 0.2269
14.00 0.2840
0.5660E-01 -0.5288
0.3287 0.2512
15.00 0.2418
0.4444E-01 -0.6243
0.2168 0.2773
16.00 0.1902
0.3295E-01 -0.6513
0.1070 0.3000
17.00 0.1332
0.3341E-01 -0.6318
-0.7618E-02 0.3182
18.00 0.8123E-01
0.4586E-01 -0.5554
-0.1456 0.3278
19.00 0.4361E-01
0.4208E-01 -0.3597
-0.3231 0.3081
20.00 0.2411E-01
-0.1012 0.2600E-01
-0.4502 0.2035
21.00 0.2102E-01
-0.4175 0.2214
-0.2499 0.6816E-01
22.00 0.2918E-01
-0.5387 -0.7284E-02
0.7855E-02 0.7569E-01
23.00 0.4259E-01
-0.5046 -0.2299
0.9537E-01 0.1382
24.00 0.5628E-01
-0.4394 -0.3618
0.1005 0.1965
25.00 0.6706E-01
-0.3698 -0.4366
0.7614E-01 0.2462
26.00 0.7359E-01
-0.2970 -0.4767
0.3981E-01 0.2896
27.00 0.7590E-01
-0.2188 -0.4917
-0.2195E-02 0.3275
28.00 0.7489E-01
-0.1334 -0.4850
-0.4579E-01 0.3586
29.00 0.7191E-01
-0.4038E-01 -0.4584
-0.8576E-01 0.3805
30.00 0.6844E-01
0.5836E-01 -0.4157
-0.1146 0.3894
31.00 0.6590E-01
0.1576 -0.3660
-0.1241 0.3817
32.00 0.6543E-01
0.2489 -0.3249
-0.1099 0.3565
33.00 0.6775E-01
0.3250 -0.3074
-0.7681E-01 0.3169
34.00 0.7305E-01
0.3838 -0.3188
-0.3785E-01 0.2693
35.00 0.8105E-01
0.4299 -0.3520
-0.6448E-02 0.2195
36.00 0.9112E-01
0.4699 -0.3939
0.1004E-01 0.1704
37.00 0.1025
0.5084 -0.4324
0.1065E-01 0.1225
38.00 0.1145
0.5469 -0.4597
-0.1962E-02 0.7547E-01
39.00 0.1267
0.5843 -0.4719
-0.2398E-01 0.2918E-01
40.00 0.1384
0.6187 -0.4679
-0.5156E-01 -0.1566E-01
41.00 0.1495
0.6479 -0.4488
-0.8137E-01 -0.5792E-01
42.00 0.1595
0.6705 -0.4166
-0.1108 -0.9635E-01
43.00 0.1677
0.6857 -0.3739
-0.1383 -0.1300
44.00 0.1738
0.6936 -0.3231
-0.1631 -0.1584
45.00 0.1773
0.6944 -0.2666
-0.1854 -0.1815
46.00 0.1776
0.6885 -0.2064
-0.2061 -0.1997
47.00 0.1749
0.6762 -0.1444
-0.2265 -0.2134
48.00 0.1692
0.6579 -0.8308E-01
-0.2478 -0.2230
49.00 0.1611
0.6337 -0.2477E-01
-0.2712 -0.2284
50.00 0.1510
0.6043 0.2785E-01
-0.2971 -0.2292
51.00 0.1397
0.5703 0.7225E-01
-0.3252 -0.2251
52.00 0.1277
0.5329 0.1064
-0.3548 -0.2154
53.00 0.1156
0.4936 0.1288
-0.3846 -0.2000
54.00 0.1037
0.4538 0.1388
-0.4135 -0.1791
55.00 0.9230E-01
0.4152 0.1357
-0.4404 -0.1532
56.00 0.8182E-01
0.3794 0.1187
-0.4645 -0.1237
57.00 0.7247E-01
0.3483 0.8668E-01
-0.4849 -0.9182E-01
58.00 0.6445E-01
0.3241 0.3914E-01
-0.5003 -0.5932E-01
59.00 0.5785E-01
0.3091 -0.2272E-01
-0.5089 -0.2785E-01
60.00 0.5264E-01
0.3046 -0.9490E-01
-0.5084 0.1113E-02
61.00 0.4870E-01
0.3107 -0.1708
-0.4977 0.2646E-01
62.00 0.4579E-01
0.3254 -0.2430
-0.4769 0.4750E-01
63.00 0.4362E-01
0.3459 -0.3059
-0.4484 0.6388E-01
64.00 0.4194E-01
0.3692 -0.3575
-0.4150 0.7560E-01
65.00 0.4052E-01
0.3928 -0.3984
-0.3800 0.8300E-01
66.00 0.3920E-01
0.4152 -0.4311
-0.3453 0.8678E-01
67.00 0.3787E-01
0.4356 -0.4580
-0.3119 0.8794E-01
68.00 0.3645E-01
0.4535 -0.4806
-0.2798 0.8755E-01
69.00 0.3489E-01
0.4690 -0.5000
-0.2487 0.8652E-01
70.00 0.3314E-01
0.4821 -0.5163
-0.2183 0.8533E-01
71.00 0.3118E-01
0.4933 -0.5300
-0.1885 0.8401E-01
72.00 0.2902E-01
0.5029 -0.5420
-0.1596 0.8227E-01
73.00 0.2673E-01
0.5114 -0.5533
-0.1315 0.7971E-01
74.00 0.2438E-01
0.5189 -0.5651
-0.1042 0.7609E-01
75.00 0.2208E-01
0.5255 -0.5782
-0.7731E-01 0.7148E-01
76.00 0.1990E-01
0.5310 -0.5923
-0.4998E-01 0.6631E-01
77.00 0.1789E-01
0.5352 -0.6057
-0.2123E-01 0.6122E-01
78.00 0.1608E-01
0.5377 -0.6161
0.9660E-02 0.5680E-01
79.00 0.1446E-01
0.5387 -0.6205
0.4282E-01 0.5326E-01
80.00 0.1299E-01
0.5383 -0.6166
0.7752E-01 0.5035E-01
81.00 0.1167E-01
0.5376 -0.6027
0.1122 0.4749E-01
82.00 0.1046E-01
0.5373 -0.5787
0.1448 0.4415E-01
83.00 0.9366E-02
0.5380 -0.5449
0.1728 0.4038E-01
84.00 0.8390E-02
0.5396 -0.5024
0.1938 0.3705E-01
85.00 0.7539E-02
0.5415 -0.4529
0.2058 0.3572E-01
86.00 0.6811E-02
0.5423 -0.3985
0.2079 0.3822E-01
87.00 0.6200E-02
0.5412 -0.3419
0.2001 0.4595E-01
88.00 0.5692E-02
0.5373 -0.2860
0.1835 0.5947E-01
89.00 0.5275E-02
0.5303 -0.2337
0.1601 0.7835E-01
90.00 0.4939E-02
0.5204 -0.1875
0.1322 0.1014
91.00 0.4672E-02
0.5080 -0.1496
0.1020 0.1270
92.00 0.4467E-02
0.4940 -0.1210
0.7166E-01 0.1531
93.00 0.4310E-02
0.4792 -0.1012
0.4271E-01 0.1784
94.00 0.4189E-02
0.4644 -0.8887E-01
0.1611E-01 0.2017
95.00 0.4089E-02
0.4499 -0.8194E-01
-0.7909E-02 0.2228
96.00 0.3996E-02
0.4357 -0.7827E-01
-0.2970E-01 0.2419
97.00 0.3895E-02
0.4213 -0.7619E-01
-0.4993E-01 0.2592
98.00 0.3777E-02
0.4065 -0.7475E-01
-0.6939E-01 0.2750
99.00 0.3636E-02
0.3908 -0.7376E-01
-0.8875E-01 0.2898
100.0 0.3476E-02
0.3738 -0.7361E-01
-0.1083 0.3040
101.0 0.3308E-02
0.3547 -0.7484E-01
-0.1276 0.3181
102.0 0.3146E-02
0.3327 -0.7758E-01
-0.1457 0.3331
103.0 0.3002E-02
0.3076 -0.8104E-01
-0.1612 0.3496
104.0 0.2884E-02
0.2795 -0.8355E-01
-0.1727 0.3683
105.0 0.2795E-02
0.2495 -0.8331E-01
-0.1793 0.3893
106.0 0.2735E-02
0.2189 -0.7950E-01
-0.1807 0.4121
107.0 0.2700E-02
0.1888 -0.7308E-01
-0.1777 0.4352
108.0 0.2686E-02
0.1605 -0.6657E-01
-0.1712 0.4570
109.0 0.2684E-02
0.1346 -0.6302E-01
-0.1623 0.4754
110.0 0.2687E-02
0.1116 -0.6462E-01
-0.1520 0.4894
111.0 0.2684E-02
0.9123E-01 -0.7185E-01
-0.1412 0.4987
112.0 0.2666E-02
0.7307E-01 -0.8337E-01
-0.1302 0.5039
113.0 0.2626E-02
0.5622E-01 -0.9659E-01
-0.1196 0.5065
114.0 0.2557E-02
0.3957E-01 -0.1088
-0.1097 0.5076
115.0 0.2457E-02
0.2187E-01 -0.1181
-0.1011 0.5081
116.0 0.2326E-02
0.1788E-02 -0.1243
-0.9383E-01 0.5083
117.0 0.2174E-02
-0.2214E-01 -0.1292
-0.8760E-01 0.5070
118.0 0.2017E-02
-0.5138E-01 -0.1359
-0.8107E-01 0.5025
119.0 0.1869E-02
-0.8699E-01 -0.1473
-0.7187E-01 0.4926
120.0 0.1746E-02
-0.1289 -0.1639
-0.5707E-01 0.4757
121.0 0.1653E-02
-0.1752 -0.1822
-0.3438E-01 0.4518
122.0 0.1590E-02
-0.2223 -0.1956
-0.3404E-02 0.4226
123.0 0.1549E-02
-0.2661 -0.1975
0.3400E-01 0.3911
124.0 0.1521E-02
-0.3030 -0.1846
0.7443E-01 0.3599
125.0 0.1494E-02
-0.3310 -0.1578
0.1143 0.3305
126.0 0.1456E-02
-0.3504 -0.1208
0.1506 0.3034
127.0 0.1400E-02
-0.3624 -0.7812E-01
0.1818 0.2785
128.0 0.1321E-02
-0.3692 -0.3336E-01
0.2069 0.2554
129.0 0.1220E-02
-0.3724 0.1135E-01
0.2253 0.2341
130.0 0.1105E-02
-0.3734 0.5507E-01
0.2369 0.2146
131.0 0.9838E-03
-0.3731 0.9755E-01
0.2417 0.1969
132.0 0.8658E-03
-0.3724 0.1385
0.2412 0.1792
133.0 0.7592E-03
-0.3727 0.1770
0.2383 0.1580
134.0 0.6704E-03
-0.3760 0.2099
0.2374 0.1282
135.0 0.6039E-03
-0.3846 0.2323
0.2418 0.8547E-01
136.0 0.5613E-03
-0.4006 0.2392
0.2516 0.2973E-01
137.0 0.5400E-03
-0.4255 0.2296
0.2624 -0.3308E-01
138.0 0.5339E-03
-0.4586 0.2077
0.2676 -0.9426E-01
139.0 0.5346E-03
-0.4975 0.1789
0.2623 -0.1465
140.0 0.5350E-03
-0.5377 0.1462
0.2451 -0.1848
141.0 0.5305E-03
-0.5735 0.1095
0.2181 -0.2054
142.0 0.5190E-03
-0.5994 0.6824E-01
0.1859 -0.2051
143.0 0.4998E-03
-0.6113 0.2384E-01
0.1545 -0.1826
144.0 0.4725E-03
-0.6073 -0.1950E-01
0.1292 -0.1386
145.0 0.4379E-03
-0.5866 -0.5565E-01
0.1127 -0.7484E-01
146.0 0.3990E-03
-0.5476 -0.7797E-01
0.1036 0.7856E-02
147.0 0.3610E-03
-0.4892 -0.8046E-01
0.9610E-01 0.1082
148.0 0.3291E-03
-0.4148 -0.5939E-01
0.8195E-01 0.2199
149.0 0.3073E-03
-0.3373 -0.1593E-01
0.5471E-01 0.3280
150.0 0.2965E-03
-0.2770 0.4201E-01
0.1563E-01 0.4109
151.0 0.2965E-03
-0.2507 0.1012
-0.2453E-01 0.4500
152.0 0.3063E-03
-0.2626 0.1468
-0.5035E-01 0.4374
153.0 0.3249E-03
-0.3041 0.1677
-0.4961E-01 0.3777
154.0 0.3501E-03
-0.3610 0.1606
-0.1874E-01 0.2831
155.0 0.3784E-03
-0.4217 0.1305
0.3766E-01 0.1673
156.0 0.4057E-03
-0.4790 0.8619E-01
0.1112 0.4197E-01
157.0 0.4294E-03
-0.5281 0.3685E-01
0.1927 -0.8212E-01
158.0 0.4499E-03
-0.5636 -0.9318E-02
0.2721 -0.1907
159.0 0.4699E-03
-0.5795 -0.4436E-01
0.3383 -0.2655
160.0 0.4921E-03
-0.5728 -0.6125E-01
0.3812 -0.2906
161.0 0.5171E-03
-0.5458 -0.5594E-01
0.3955 -0.2596
162.0 0.5444E-03
-0.5042 -0.2850E-01
0.3806 -0.1770
163.0 0.5740E-03
-0.4538 0.1767E-01
0.3388 -0.5398E-01
164.0 0.6088E-03
-0.3991 0.7743E-01
0.2737 0.9435E-01
165.0 0.6535E-03
-0.3437 0.1454
0.1910 0.2483
166.0 0.7132E-03
-0.2903 0.2177
0.9989E-01 0.3851
167.0 0.7920E-03
-0.2405 0.2921
0.1117E-01 0.4853
168.0 0.8930E-03
-0.1934 0.3668
-0.6581E-01 0.5385
169.0 0.1020E-02
-0.1475 0.4380
-0.1247 0.5444
170.0 0.1176E-02
-0.1022 0.5009
-0.1627 0.5112
171.0 0.1364E-02
-0.5926E-01 0.5517
-0.1801 0.4514
172.0 0.1578E-02
-0.2130E-01 0.5901
-0.1804 0.3783
173.0 0.1809E-02
0.9282E-02 0.6191
-0.1684 0.3020
174.0 0.2043E-02
0.3121E-01 0.6417
-0.1488 0.2289
175.0 0.2267E-02
0.4412E-01 0.6600
-0.1251 0.1625
176.0 0.2470E-02
0.4824E-01 0.6743
-0.9955E-01 0.1054
177.0 0.2643E-02
0.4428E-01 0.6840
-0.7373E-01 0.5959E-01
178.0 0.2778E-02
0.3358E-01 0.6896
-0.4845E-01 0.2647E-01
179.0 0.2864E-02
0.1805E-01 0.6920
-0.2396E-01 0.6597E-02
180.0 0.2894E-02
0.000 0.6926
0.000 0.000
