0.000 1.139
0.000 0.7070
0.000 0.000
1.000 1.110
0.2393E-01 0.7060
0.7722E-02 0.9759E-03
2.000 1.031
0.4745E-01 0.7014
0.1712E-01 0.4764E-02
3.000 0.9199
0.6893E-01 0.6870
0.3157E-01 0.1430E-01
4.000 0.8051
0.8412E-01 0.6491
0.5774E-01 0.3517E-01
5.000 0.7177
0.8549E-01 0.5661
0.1046 0.7381E-01
6.000 0.6854
0.6717E-01 0.4262
0.1744 0.1293
7.000 0.7244
0.3540E-01 0.2557
0.2513 0.1854
8.000 0.8331
0.6443E-02 0.1055
0.3125 0.2225
9.000 0.9910
-0.9509E-02 0.1404E-02
0.3501 0.2359
10.00 1.162
-0.1260E-01 -0.6210E-01
0.3701 0.2320
11.00 1.303
-0.6560E-02 -0.9905E-01
0.3809 0.2176
12.00 1.379
0.5691E-02 -0.1196
0.3877 0.1964
13.00 1.366
0.2282E-01 -0.1288
0.3936 0.1698
14.00 1.266
0.4480E-01 -0.1276
0.3994 0.1383
15.00 1.100
0.7251E-01 -0.1139
0.4050 0.1025
16.00 0.9020
0.1072 -0.8288E-01
0.4080 0.6491E-01
17.00 0.7077
0.1492 -0.2830E-01
0.4029 0.3246E-01
18.00 0.5459
0.1947 0.5238E-01
0.3806 0.1966E-01
19.00 0.4309
0.2327 0.1468
0.3313 0.4533E-01
20.00 0.3622
0.2471 0.2217
0.2565 0.1146
21.00 0.3280
0.2323 0.2455
0.1747 0.2021
22.00 0.3123
0.1988 0.2194
0.1055 0.2706
23.00 0.3007
0.1607 0.1694
0.5393E-01 0.3007
24.00 0.2846
0.1248 0.1213
0.1410E-01 0.2920
25.00 0.2621
0.9124E-01 0.9373E-01
-0.2202E-01 0.2506
26.00 0.2362
0.5811E-01 0.1013
-0.6014E-01 0.1849
27.00 0.2122
0.2459E-01 0.1551
-0.1018 0.1077
28.00 0.1946
-0.6258E-02 0.2545
-0.1430 0.3807E-01
29.00 0.1859
-0.2773E-01 0.3792
-0.1752 -0.3960E-02
30.00 0.1860
-0.3376E-01 0.4951
-0.1911 -0.1052E-01
31.00 0.1926
-0.2346E-01 0.5753
-0.1894 0.9359E-02
32.00 0.2029
-0.6324E-03 0.6124
-0.1738 0.3918E-01
33.00 0.2138
0.2959E-01 0.6128
-0.1495 0.6581E-01
34.00 0.2232
0.6294E-01 0.5869
-0.1203 0.8264E-01
35.00 0.2298
0.9630E-01 0.5435
-0.8862E-01 0.8794E-01
36.00 0.2333
0.1273 0.4889
-0.5604E-01 0.8269E-01
37.00 0.2338
0.1538 0.4279
-0.2416E-01 0.6905E-01
38.00 0.2319
0.1741 0.3641
0.5296E-02 0.4966E-01
39.00 0.2282
0.1867 0.3007
0.3045E-01 0.2718E-01
40.00 0.2230
0.1909 0.2401
0.4944E-01 0.3966E-02
41.00 0.2168
0.1866 0.1846
0.6076E-01 -0.1818E-01
42.00 0.2098
0.1743 0.1357
0.6344E-01 -0.3815E-01
43.00 0.2021
0.1553 0.9384E-01
0.5724E-01 -0.5559E-01
44.00 0.1940
0.1310 0.5902E-01
0.4267E-01 -0.7079E-01
45.00 0.1854
0.1034 0.3039E-01
0.2087E-01 -0.8446E-01
46.00 0.1766
0.7408E-01 0.6780E-02
-0.6532E-02 -0.9749E-01
47.00 0.1678
0.4463E-01 -0.1304E-01
-0.3758E-01 -0.1107
48.00 0.1591
0.1643E-01 -0.3003E-01
-0.7020E-01 -0.1244
49.00 0.1507
-0.9409E-02 -0.4464E-01
-0.1023 -0.1388
50.00 0.1428
-0.3200E-01 -0.5676E-01
-0.1321 -0.1533
51.00 0.1354
-0.5070E-01 -0.6580E-01
-0.1578 -0.1672
52.00 0.1288
-0.6506E-01 -0.7102E-01
-0.1782 -0.1795
53.00 0.1229
-0.7489E-01 -0.7180E-01
-0.1924 -0.1892
54.00 0.1178
-0.8020E-01 -0.6798E-01
-0.1999 -0.1954
55.00 0.1134
-0.8126E-01 -0.5996E-01
-0.2008 -0.1976
56.00 0.1096
-0.7854E-01 -0.4863E-01
-0.1958 -0.1954
57.00 0.1065
-0.7273E-01 -0.3513E-01
-0.1858 -0.1889
58.00 0.1039
-0.6459E-01 -0.2065E-01
-0.1721 -0.1783
59.00 0.1015
-0.5492E-01 -0.6160E-02
-0.1562 -0.1642
60.00 0.9936E-01
-0.4443E-01 0.7644E-02
-0.1393 -0.1473
61.00 0.9721E-01
-0.3365E-01 0.2035E-01
-0.1226 -0.1281
62.00 0.9498E-01
-0.2292E-01 0.3178E-01
-0.1066 -0.1075
63.00 0.9258E-01
-0.1235E-01 0.4189E-01
-0.9202E-01 -0.8590E-01
64.00 0.9000E-01
-0.1914E-02 0.5081E-01
-0.7889E-01 -0.6360E-01
65.00 0.8724E-01
0.8489E-02 0.5878E-01
-0.6724E-01 -0.4080E-01
66.00 0.8433E-01
0.1899E-01 0.6620E-01
-0.5701E-01 -0.1762E-01
67.00 0.8132E-01
0.2965E-01 0.7367E-01
-0.4805E-01 0.5849E-02
68.00 0.7825E-01
0.4044E-01 0.8192E-01
-0.4022E-01 0.2948E-01
69.00 0.7514E-01
0.5121E-01 0.9174E-01
-0.3339E-01 0.5304E-01
70.00 0.7203E-01
0.6171E-01 0.1039
-0.2745E-01 0.7624E-01
71.00 0.6893E-01
0.7164E-01 0.1188
-0.2235E-01 0.9874E-01
72.00 0.6585E-01
0.8072E-01 0.1369
-0.1805E-01 0.1202
73.00 0.6281E-01
0.8872E-01 0.1580
-0.1457E-01 0.1403
74.00 0.5986E-01
0.9551E-01 0.1817
-0.1196E-01 0.1588
75.00 0.5700E-01
0.1011 0.2076
-0.1023E-01 0.1756
76.00 0.5428E-01
0.1055 0.2350
-0.9402E-02 0.1905
77.00 0.5171E-01
0.1088 0.2633
-0.9429E-02 0.2035
78.00 0.4930E-01
0.1113 0.2916
-0.1024E-01 0.2145
79.00 0.4705E-01
0.1130 0.3196
-0.1176E-01 0.2236
80.00 0.4494E-01
0.1141 0.3467
-0.1392E-01 0.2308
81.00 0.4296E-01
0.1149 0.3723
-0.1665E-01 0.2359
82.00 0.4109E-01
0.1155 0.3962
-0.1988E-01 0.2391
83.00 0.3931E-01
0.1162 0.4180
-0.2353E-01 0.2404
84.00 0.3758E-01
0.1173 0.4376
-0.2742E-01 0.2400
85.00 0.3590E-01
0.1191 0.4551
-0.3136E-01 0.2381
86.00 0.3424E-01
0.1214 0.4707
-0.3514E-01 0.2350
87.00 0.3259E-01
0.1243 0.4848
-0.3855E-01 0.2311
88.00 0.3092E-01
0.1276 0.4979
-0.4148E-01 0.2269
89.00 0.2924E-01
0.1308 0.5104
-0.4389E-01 0.2230
90.00 0.2755E-01
0.1338 0.5224
-0.4586E-01 0.2199
91.00 0.2585E-01
0.1363 0.5342
-0.4752E-01 0.2184
92.00 0.2415E-01
0.1380 0.5456
-0.4901E-01 0.2191
93.00 0.2250E-01
0.1389 0.5565
-0.5047E-01 0.2227
94.00 0.2090E-01
0.1391 0.5666
-0.5202E-01 0.2297
95.00 0.1937E-01
0.1388 0.5756
-0.5374E-01 0.2403
96.00 0.1794E-01
0.1382 0.5832
-0.5574E-01 0.2543
97.00 0.1662E-01
0.1375 0.5890
-0.5811E-01 0.2712
98.00 0.1539E-01
0.1372 0.5927
-0.6101E-01 0.2900
99.00 0.1426E-01
0.1375 0.5941
-0.6452E-01 0.3098
100.0 0.1323E-01
0.1384 0.5931
-0.6868E-01 0.3294
101.0 0.1228E-01
0.1398 0.5898
-0.7341E-01 0.3482
102.0 0.1140E-01
0.1415 0.5841
-0.7852E-01 0.3655
103.0 0.1058E-01
0.1427 0.5763
-0.8370E-01 0.3813
104.0 0.9831E-02
0.1427 0.5666
-0.8850E-01 0.3959
105.0 0.9135E-02
0.1408 0.5554
-0.9241E-01 0.4099
106.0 0.8496E-02
0.1359 0.5428
-0.9488E-01 0.4242
107.0 0.7912E-02
0.1276 0.5291
-0.9542E-01 0.4395
108.0 0.7380E-02
0.1155 0.5143
-0.9369E-01 0.4568
109.0 0.6895E-02
0.9982E-01 0.4986
-0.8962E-01 0.4764
110.0 0.6449E-02
0.8132E-01 0.4819
-0.8342E-01 0.4984
111.0 0.6034E-02
0.6111E-01 0.4644
-0.7559E-01 0.5223
112.0 0.5643E-02
0.4066E-01 0.4458
-0.6682E-01 0.5471
113.0 0.5268E-02
0.2156E-01 0.4262
-0.5792E-01 0.5713
114.0 0.4905E-02
0.5350E-02 0.4055
-0.4967E-01 0.5932
115.0 0.4553E-02
-0.6735E-02 0.3837
-0.4273E-01 0.6111
116.0 0.4210E-02
-0.1400E-01 0.3609
-0.3750E-01 0.6236
117.0 0.3878E-02
-0.1649E-01 0.3372
-0.3405E-01 0.6293
118.0 0.3560E-02
-0.1508E-01 0.3124
-0.3209E-01 0.6276
119.0 0.3259E-02
-0.1150E-01 0.2864
-0.3099E-01 0.6180
120.0 0.2982E-02
-0.8244E-02 0.2588
-0.2968E-01 0.6007
121.0 0.2738E-02
-0.8240E-02 0.2291
-0.2678E-01 0.5766
122.0 0.2534E-02
-0.1436E-01 0.1976
-0.2068E-01 0.5473
123.0 0.2378E-02
-0.2859E-01 0.1652
-0.1000E-01 0.5155
124.0 0.2273E-02
-0.5114E-01 0.1337
0.5751E-02 0.4847
125.0 0.2219E-02
-0.8001E-01 0.1050
0.2568E-01 0.4585
126.0 0.2209E-02
-0.1115 0.8112E-01
0.4759E-01 0.4389
127.0 0.2231E-02
-0.1416 0.6269E-01
0.6879E-01 0.4264
128.0 0.2274E-02
-0.1670 0.4953E-01
0.8695E-01 0.4195
129.0 0.2321E-02
-0.1859 0.4078E-01
0.1006 0.4161
130.0 0.2363E-02
-0.1978 0.3549E-01
0.1091 0.4141
131.0 0.2388E-02
-0.2031 0.3287E-01
0.1126 0.4116
132.0 0.2392E-02
-0.2032 0.3243E-01
0.1116 0.4072
133.0 0.2370E-02
-0.1998 0.3379E-01
0.1070 0.3999
134.0 0.2322E-02
-0.1953 0.3664E-01
0.1001 0.3888
135.0 0.2249E-02
-0.1920 0.4058E-01
0.9223E-01 0.3731
136.0 0.2156E-02
-0.1926 0.4532E-01
0.8491E-01 0.3519
137.0 0.2050E-02
-0.1991 0.5081E-01
0.7969E-01 0.3247
138.0 0.1941E-02
-0.2130 0.5746E-01
0.7804E-01 0.2917
139.0 0.1838E-02
-0.2340 0.6618E-01
0.8111E-01 0.2544
140.0 0.1753E-02
-0.2601 0.7800E-01
0.8931E-01 0.2160
141.0 0.1693E-02
-0.2870 0.9337E-01
0.1018 0.1818
142.0 0.1664E-02
-0.3094 0.1114
0.1164 0.1572
143.0 0.1664E-02
-0.3224 0.1299
0.1298 0.1461
144.0 0.1689E-02
-0.3233 0.1456
0.1390 0.1492
145.0 0.1728E-02
-0.3123 0.1557
0.1420 0.1646
146.0 0.1771E-02
-0.2912 0.1584
0.1377 0.1885
147.0 0.1808E-02
-0.2628 0.1532
0.1263 0.2171
148.0 0.1828E-02
-0.2296 0.1407
0.1081 0.2473
149.0 0.1827E-02
-0.1938 0.1223
0.8344E-01 0.2765
150.0 0.1801E-02
-0.1571 0.1001
0.5253E-01 0.3029
151.0 0.1754E-02
-0.1209 0.7703E-01
0.1541E-01 0.3247
152.0 0.1694E-02
-0.8642E-01 0.5724E-01
-0.2772E-01 0.3400
153.0 0.1630E-02
-0.5487E-01 0.4616E-01
-0.7605E-01 0.3468
154.0 0.1576E-02
-0.2739E-01 0.5052E-01
-0.1274 0.3439
155.0 0.1547E-02
-0.4910E-02 0.7674E-01
-0.1775 0.3309
156.0 0.1557E-02
0.1225E-01 0.1278
-0.2205 0.3100
157.0 0.1614E-02
0.2476E-01 0.1999
-0.2505 0.2854
158.0 0.1723E-02
0.3416E-01 0.2826
-0.2643 0.2618
159.0 0.1881E-02
0.4232E-01 0.3631
-0.2630 0.2422
160.0 0.2078E-02
0.5076E-01 0.4313
-0.2502 0.2272
161.0 0.2297E-02
0.6039E-01 0.4822
-0.2305 0.2152
162.0 0.2517E-02
0.7162E-01 0.5150
-0.2071 0.2038
163.0 0.2715E-02
0.8460E-01 0.5313
-0.1818 0.1909
164.0 0.2870E-02
0.9934E-01 0.5331
-0.1554 0.1747
165.0 0.2967E-02
0.1158 0.5229
-0.1276 0.1542
166.0 0.2996E-02
0.1340 0.5028
-0.9787E-01 0.1288
167.0 0.2955E-02
0.1536 0.4749
-0.6531E-01 0.9810E-01
168.0 0.2851E-02
0.1744 0.4415
-0.2903E-01 0.6249E-01
169.0 0.2694E-02
0.1956 0.4055
0.1171E-01 0.2284E-01
170.0 0.2502E-02
0.2162 0.3705
0.5712E-01 -0.1905E-01
171.0 0.2293E-02
0.2344 0.3416
0.1063 -0.6021E-01
172.0 0.2086E-02
0.2478 0.3248
0.1567 -0.9633E-01
173.0 0.1896E-02
0.2535 0.3264
0.2033 -0.1222
174.0 0.1734E-02
0.2485 0.3514
0.2393 -0.1327
175.0 0.1607E-02
0.2308 0.4000
0.2568 -0.1252
176.0 0.1514E-02
0.2001 0.4660
0.2497 -0.1014
177.0 0.1454E-02
0.1585 0.5376
0.2160 -0.6770E-01
178.0 0.1419E-02
0.1091 0.6008
0.1584 -0.3377E-01
179.0 0.1401E-02
0.5548E-01 0.6437
0.8363E-01 -0.9019E-02
180.0 0.1396E-02
0.000 0.6588
0.000 0.000
