0.000 0.7039E-02
0.000 -0.2770
0.000 0.000
1.000 0.7017E-02
0.1138 -0.2699
-0.6442E-02 0.3315E-02
2.000 0.6951E-02
0.2058 -0.2484
-0.1745E-01 0.1254E-01
3.000 0.6851E-02
0.2593 -0.2125
-0.3645E-01 0.2560E-01
4.000 0.6734E-02
0.2653 -0.1627
-0.6478E-01 0.3924E-01
5.000 0.6626E-02
0.2244 -0.1012
-0.1009 0.4943E-01
6.000 0.6562E-02
0.1467 -0.3231E-01
-0.1405 0.5201E-01
7.000 0.6576E-02
0.4925E-01 0.3654E-01
-0.1767 0.4386E-01
8.000 0.6692E-02
-0.4777E-01 0.9686E-01
-0.2030 0.2426E-01
9.000 0.6910E-02
-0.1271 0.1418
-0.2152 -0.4471E-02
10.00 0.7207E-02
-0.1788 0.1689
-0.2130 -0.3790E-01
11.00 0.7531E-02
-0.2006 0.1801
-0.1996 -0.7124E-01
12.00 0.7821E-02
-0.1951 0.1802
-0.1791 -0.1009
13.00 0.8017E-02
-0.1664 0.1743
-0.1551 -0.1247
14.00 0.8079E-02
-0.1180 0.1668
-0.1298 -0.1419
15.00 0.7992E-02
-0.5306E-01 0.1605
-0.1045 -0.1523
16.00 0.7772E-02
0.2525E-01 0.1568
-0.7995E-01 -0.1562
17.00 0.7454E-02
0.1125 0.1560
-0.5649E-01 -0.1540
18.00 0.7083E-02
0.2020 0.1572
-0.3476E-01 -0.1466
19.00 0.6703E-02
0.2845 0.1585
-0.1558E-01 -0.1351
20.00 0.6348E-02
0.3497 0.1576
0.1619E-03 -0.1211
21.00 0.6034E-02
0.3886 0.1525
0.1190E-01 -0.1064
22.00 0.5757E-02
0.3970 0.1423
0.1965E-01 -0.9266E-01
23.00 0.5496E-02
0.3770 0.1279
0.2409E-01 -0.8083E-01
24.00 0.5219E-02
0.3362 0.1113
0.2632E-01 -0.7100E-01
25.00 0.4891E-02
0.2846 0.9555E-01
0.2747E-01 -0.6247E-01
26.00 0.4490E-02
0.2320 0.8330E-01
0.2837E-01 -0.5413E-01
27.00 0.4010E-02
0.1856 0.7708E-01
0.2942E-01 -0.4483E-01
28.00 0.3471E-02
0.1505 0.7915E-01
0.3056E-01 -0.3357E-01
29.00 0.2907E-02
0.1298 0.9177E-01
0.3134E-01 -0.1967E-01
30.00 0.2359E-02
0.1253 0.1172
0.3105E-01 -0.2805E-02
31.00 0.1867E-02
0.1374 0.1572
0.2884E-01 0.1682E-01
32.00 0.1455E-02
0.1646 0.2117
0.2422E-01 0.3843E-01
33.00 0.1134E-02
0.2018 0.2763
0.1769E-01 0.6066E-01
34.00 0.8985E-03
0.2392 0.3401
0.1141E-01 0.8196E-01
35.00 0.7355E-03
0.2641 0.3876
0.8921E-02 0.1012
36.00 0.6280E-03
0.2661 0.4054
0.1332E-01 0.1182
37.00 0.5595E-03
0.2435 0.3902
0.2521E-01 0.1332
38.00 0.5161E-03
0.2040 0.3509
0.4241E-01 0.1463
39.00 0.4874E-03
0.1597 0.3024
0.6156E-01 0.1572
40.00 0.4655E-03
0.1222 0.2593
0.7979E-01 0.1658
41.00 0.4453E-03
0.9854E-01 0.2313
0.9525E-01 0.1721
42.00 0.4239E-03
0.9147E-01 0.2232
0.1067 0.1768
43.00 0.4000E-03
0.1000 0.2351
0.1130 0.1804
44.00 0.3742E-03
0.1207 0.2637
0.1129 0.1836
45.00 0.3475E-03
0.1487 0.3030
0.1055 0.1869
46.00 0.3213E-03
0.1791 0.3448
0.9078E-01 0.1907
47.00 0.2968E-03
0.2075 0.3810
0.7009E-01 0.1954
48.00 0.2748E-03
0.2307 0.4051
0.4618E-01 0.2014
49.00 0.2555E-03
0.2467 0.4137
0.2251E-01 0.2086
50.00 0.2394E-03
0.2544 0.4070
0.2282E-02 0.2165
51.00 0.2262E-03
0.2529 0.3880
-0.1251E-01 0.2240
52.00 0.2157E-03
0.2423 0.3611
-0.2151E-01 0.2298
53.00 0.2073E-03
0.2235 0.3304
-0.2569E-01 0.2331
54.00 0.2003E-03
0.1989 0.2991
-0.2670E-01 0.2340
55.00 0.1939E-03
0.1716 0.2693
-0.2608E-01 0.2331
56.00 0.1876E-03
0.1445 0.2423
-0.2486E-01 0.2315
57.00 0.1808E-03
0.1199 0.2188
-0.2353E-01 0.2301
58.00 0.1733E-03
0.9868E-01 0.1992
-0.2221E-01 0.2295
59.00 0.1651E-03
0.8107E-01 0.1837
-0.2093E-01 0.2300
60.00 0.1560E-03
0.6694E-01 0.1721
-0.1973E-01 0.2319
61.00 0.1460E-03
0.5634E-01 0.1637
-0.1875E-01 0.2356
62.00 0.1352E-03
0.4955E-01 0.1578
-0.1814E-01 0.2413
63.00 0.1239E-03
0.4665E-01 0.1535
-0.1816E-01 0.2491
64.00 0.1125E-03
0.4683E-01 0.1498
-0.1913E-01 0.2582
65.00 0.1018E-03
0.4778E-01 0.1458
-0.2143E-01 0.2667
66.00 0.9214E-04
0.4568E-01 0.1405
-0.2545E-01 0.2718
67.00 0.8402E-04
0.3640E-01 0.1328
-0.3134E-01 0.2704
68.00 0.7746E-04
0.1747E-01 0.1219
-0.3881E-01 0.2609
69.00 0.7221E-04
-0.1026E-01 0.1079
-0.4715E-01 0.2438
70.00 0.6783E-04
-0.4291E-01 0.9152E-01
-0.5546E-01 0.2221
71.00 0.6386E-04
-0.7537E-01 0.7426E-01
-0.6304E-01 0.1993
72.00 0.5996E-04
-0.1034 0.5772E-01
-0.6965E-01 0.1784
73.00 0.5598E-04
-0.1248 0.4336E-01
-0.7541E-01 0.1610
74.00 0.5195E-04
-0.1393 0.3225E-01
-0.8069E-01 0.1472
75.00 0.4797E-04
-0.1478 0.2502E-01
-0.8590E-01 0.1363
76.00 0.4412E-04
-0.1522 0.2184E-01
-0.9134E-01 0.1272
77.00 0.4040E-04
-0.1536 0.2258E-01
-0.9727E-01 0.1197
78.00 0.3677E-04
-0.1527 0.2700E-01
-0.1038 0.1137
79.00 0.3318E-04
-0.1494 0.3493E-01
-0.1113 0.1097
80.00 0.2967E-04
-0.1442 0.4630E-01
-0.1197 0.1074
81.00 0.2632E-04
-0.1383 0.6090E-01
-0.1293 0.1058
82.00 0.2327E-04
-0.1349 0.7811E-01
-0.1398 0.1025
83.00 0.2063E-04
-0.1381 0.9673E-01
-0.1509 0.9468E-01
84.00 0.1845E-04
-0.1506 0.1153
-0.1615 0.8041E-01
85.00 0.1668E-04
-0.1723 0.1327
-0.1708 0.6007E-01
86.00 0.1521E-04
-0.1992 0.1490
-0.1781 0.3646E-01
87.00 0.1394E-04
-0.2260 0.1652
-0.1832 0.1360E-01
88.00 0.1276E-04
-0.2478 0.1827
-0.1864 -0.4983E-02
89.00 0.1162E-04
-0.2622 0.2028
-0.1880 -0.1736E-01
90.00 0.1051E-04
-0.2691 0.2253
-0.1886 -0.2354E-01
91.00 0.9423E-05
-0.2700 0.2492
-0.1884 -0.2519E-01
92.00 0.8395E-05
-0.2665 0.2723
-0.1876 -0.2508E-01
93.00 0.7438E-05
-0.2602 0.2920
-0.1863 -0.2616E-01
94.00 0.6559E-05
-0.2517 0.3065
-0.1842 -0.3073E-01
95.00 0.5758E-05
-0.2398 0.3149
-0.1809 -0.3995E-01
96.00 0.5040E-05
-0.2218 0.3172
-0.1760 -0.5393E-01
97.00 0.4416E-05
-0.1939 0.3138
-0.1686 -0.7219E-01
98.00 0.3904E-05
-0.1528 0.3050
-0.1580 -0.9365E-01
99.00 0.3513E-05
-0.9827E-01 0.2916
-0.1444 -0.1163
100.0 0.3237E-05
-0.3446E-01 0.2760
-0.1298 -0.1371
101.0 0.3056E-05
0.3193E-01 0.2616
-0.1171 -0.1527
102.0 0.2941E-05
0.9522E-01 0.2509
-0.1089 -0.1609
103.0 0.2867E-05
0.1524 0.2442
-0.1063 -0.1621
104.0 0.2814E-05
0.2025 0.2390
-0.1088 -0.1590
105.0 0.2769E-05
0.2451 0.2313
-0.1151 -0.1551
106.0 0.2720E-05
0.2811 0.2169
-0.1232 -0.1539
107.0 0.2662E-05
0.3121 0.1926
-0.1315 -0.1577
108.0 0.2591E-05
0.3406 0.1566
-0.1382 -0.1675
109.0 0.2515E-05
0.3681 0.1086
-0.1415 -0.1826
110.0 0.2445E-05
0.3946 0.5080E-01
-0.1396 -0.2010
111.0 0.2392E-05
0.4185 -0.1217E-01
-0.1315 -0.2193
112.0 0.2363E-05
0.4380 -0.7399E-01
-0.1171 -0.2338
113.0 0.2357E-05
0.4520 -0.1287
-0.9762E-01 -0.2412
114.0 0.2369E-05
0.4597 -0.1720
-0.7492E-01 -0.2404
115.0 0.2393E-05
0.4596 -0.2011
-0.5100E-01 -0.2320
116.0 0.2419E-05
0.4499 -0.2151
-0.2786E-01 -0.2179
117.0 0.2435E-05
0.4302 -0.2138
-0.7394E-02 -0.2004
118.0 0.2424E-05
0.4025 -0.1985
0.8735E-02 -0.1810
119.0 0.2379E-05
0.3705 -0.1714
0.1916E-01 -0.1603
120.0 0.2301E-05
0.3387 -0.1356
0.2295E-01 -0.1383
121.0 0.2204E-05
0.3105 -0.9647E-01
0.1994E-01 -0.1153
122.0 0.2107E-05
0.2871 -0.6104E-01
0.1148E-01 -0.9246E-01
123.0 0.2029E-05
0.2675 -0.3716E-01
0.8827E-03 -0.7179E-01
124.0 0.1980E-05
0.2499 -0.3032E-01
-0.7084E-02 -0.5570E-01
125.0 0.1964E-05
0.2324 -0.4111E-01
-0.7927E-02 -0.4642E-01
126.0 0.1980E-05
0.2140 -0.6504E-01
0.7466E-03 -0.4549E-01
127.0 0.2025E-05
0.1944 -0.9494E-01
0.1846E-01 -0.5346E-01
128.0 0.2094E-05
0.1734 -0.1240
0.4251E-01 -0.6961E-01
129.0 0.2176E-05
0.1514 -0.1477
0.6939E-01 -0.9209E-01
130.0 0.2260E-05
0.1291 -0.1640
0.9609E-01 -0.1186
131.0 0.2334E-05
0.1083 -0.1719
0.1204 -0.1471
132.0 0.2390E-05
0.9038E-01 -0.1705
0.1405 -0.1753
133.0 0.2418E-05
0.7698E-01 -0.1586
0.1551 -0.2009
134.0 0.2411E-05
0.6955E-01 -0.1359
0.1631 -0.2213
135.0 0.2357E-05
0.6985E-01 -0.1029
0.1643 -0.2338
136.0 0.2253E-05
0.8009E-01 -0.6160E-01
0.1589 -0.2361
137.0 0.2106E-05
0.1023 -0.1608E-01
0.1481 -0.2268
138.0 0.1937E-05
0.1360 0.2739E-01
0.1340 -0.2058
139.0 0.1776E-05
0.1759 0.5995E-01
0.1200 -0.1762
140.0 0.1652E-05
0.2097 0.7249E-01
0.1111 -0.1453
141.0 0.1583E-05
0.2224 0.6077E-01
0.1117 -0.1238
142.0 0.1576E-05
0.2062 0.2980E-01
0.1221 -0.1206
143.0 0.1630E-05
0.1660 -0.8181E-02
0.1382 -0.1384
144.0 0.1743E-05
0.1165 -0.4070E-01
0.1528 -0.1722
145.0 0.1905E-05
0.7317E-01 -0.6073E-01
0.1604 -0.2133
146.0 0.2101E-05
0.4553E-01 -0.6757E-01
0.1590 -0.2539
147.0 0.2312E-05
0.3703E-01 -0.6433E-01
0.1493 -0.2889
148.0 0.2515E-05
0.4707E-01 -0.5514E-01
0.1329 -0.3166
149.0 0.2691E-05
0.7314E-01 -0.4356E-01
0.1112 -0.3368
150.0 0.2820E-05
0.1119 -0.3218E-01
0.8531E-01 -0.3499
151.0 0.2890E-05
0.1598 -0.2264E-01
0.5593E-01 -0.3566
152.0 0.2885E-05
0.2142 -0.1582E-01
0.2378E-01 -0.3571
153.0 0.2798E-05
0.2741 -0.1214E-01
-0.1054E-01 -0.3513
154.0 0.2633E-05
0.3395 -0.1173E-01
-0.4642E-01 -0.3389
155.0 0.2411E-05
0.4088 -0.1430E-01
-0.8303E-01 -0.3192
156.0 0.2168E-05
0.4754 -0.1874E-01
-0.1187 -0.2918
157.0 0.1949E-05
0.5229 -0.2255E-01
-0.1508 -0.2579
158.0 0.1798E-05
0.5270 -0.2263E-01
-0.1755 -0.2225
159.0 0.1751E-05
0.4693 -0.1845E-01
-0.1899 -0.1946
160.0 0.1840E-05
0.3597 -0.1520E-01
-0.1932 -0.1829
161.0 0.2085E-05
0.2388 -0.2079E-01
-0.1879 -0.1886
162.0 0.2494E-05
0.1468 -0.3840E-01
-0.1774 -0.2051
163.0 0.3053E-05
0.9943E-01 -0.6473E-01
-0.1641 -0.2237
164.0 0.3731E-05
0.9191E-01 -0.9430E-01
-0.1492 -0.2395
165.0 0.4481E-05
0.1135 -0.1229
-0.1331 -0.2509
166.0 0.5253E-05
0.1545 -0.1480
-0.1159 -0.2579
167.0 0.5998E-05
0.2075 -0.1686
-0.9773E-01 -0.2611
168.0 0.6674E-05
0.2668 -0.1838
-0.7887E-01 -0.2610
169.0 0.7237E-05
0.3283 -0.1932
-0.5962E-01 -0.2578
170.0 0.7648E-05
0.3895 -0.1961
-0.4026E-01 -0.2510
171.0 0.7876E-05
0.4491 -0.1914
-0.2102E-01 -0.2402
172.0 0.7910E-05
0.5052 -0.1779
-0.2183E-02 -0.2247
173.0 0.7765E-05
0.5545 -0.1538
0.1571E-01 -0.2039
174.0 0.7473E-05
0.5905 -0.1179
0.3166E-01 -0.1773
175.0 0.7080E-05
0.6038 -0.6969E-01
0.4413E-01 -0.1454
176.0 0.6636E-05
0.5825 -0.1078E-01
0.5118E-01 -0.1091
177.0 0.6194E-05
0.5143 0.5426E-01
0.5079E-01 -0.7094E-01
178.0 0.5814E-05
0.3904 0.1165
0.4148E-01 -0.3556E-01
179.0 0.5555E-05
0.2125 0.1628
0.2352E-01 -0.9638E-02
180.0 0.5463E-05
0.000 0.1802
0.000 0.000
