# 361 angles,  1 tensor ranks for 0=projectile
@subtitle   "9Be(6Li,d)13C"                                                                 
@legend ON
@legend x1 0.2
@legend y1 0.8
@g0 type LOGY
@yaxis ticklabel format power
@legend string   0 "Lab energy =   32.0000"
#legend string   0 "Partition=  2 Excit=  8 near/far= 1"
#  Theta       sigma       iT11        T20         T21         T22         Kyy for projectile
   0.000       2.649    
  0.5000       2.649    
   1.000       2.648    
   1.500       2.647    
   2.000       2.646    
   2.500       2.644    
   3.000       2.641    
   3.500       2.637    
   4.000       2.633    
   4.500       2.627    
   5.000       2.620    
   5.500       2.612    
   6.000       2.602    
   6.500       2.591    
   7.000       2.577    
   7.500       2.562    
   8.000       2.545    
   8.500       2.525    
   9.000       2.503    
   9.500       2.478    
   10.00       2.451    
   10.50       2.421    
   11.00       2.389    
   11.50       2.353    
   12.00       2.316    
   12.50       2.275    
   13.00       2.232    
   13.50       2.187    
   14.00       2.139    
   14.50       2.090    
   15.00       2.038    
   15.50       1.985    
   16.00       1.930    
   16.50       1.874    
   17.00       1.817    
   17.50       1.759    
   18.00       1.700    
   18.50       1.641    
   19.00       1.583    
   19.50       1.524    
   20.00       1.466    
   20.50       1.409    
   21.00       1.353    
   21.50       1.298    
   22.00       1.244    
   22.50       1.193    
   23.00       1.142    
   23.50       1.094    
   24.00       1.048    
   24.50       1.004    
   25.00      0.9627    
   25.50      0.9235    
   26.00      0.8866    
   26.50      0.8522    
   27.00      0.8202    
   27.50      0.7906    
   28.00      0.7634    
   28.50      0.7385    
   29.00      0.7160    
   29.50      0.6957    
   30.00      0.6775    
   30.50      0.6613    
   31.00      0.6471    
   31.50      0.6348    
   32.00      0.6241    
   32.50      0.6151    
   33.00      0.6075    
   33.50      0.6013    
   34.00      0.5963    
   34.50      0.5924    
   35.00      0.5895    
   35.50      0.5875    
   36.00      0.5862    
   36.50      0.5855    
   37.00      0.5853    
   37.50      0.5855    
   38.00      0.5859    
   38.50      0.5866    
   39.00      0.5873    
   39.50      0.5881    
   40.00      0.5887    
   40.50      0.5892    
   41.00      0.5894    
   41.50      0.5894    
   42.00      0.5889    
   42.50      0.5881    
   43.00      0.5867    
   43.50      0.5849    
   44.00      0.5825    
   44.50      0.5795    
   45.00      0.5760    
   45.50      0.5719    
   46.00      0.5671    
   46.50      0.5617    
   47.00      0.5558    
   47.50      0.5493    
   48.00      0.5422    
   48.50      0.5345    
   49.00      0.5264    
   49.50      0.5178    
   50.00      0.5088    
   50.50      0.4994    
   51.00      0.4896    
   51.50      0.4796    
   52.00      0.4693    
   52.50      0.4589    
   53.00      0.4483    
   53.50      0.4376    
   54.00      0.4269    
   54.50      0.4161    
   55.00      0.4055    
   55.50      0.3949    
   56.00      0.3845    
   56.50      0.3742    
   57.00      0.3642    
   57.50      0.3544    
   58.00      0.3449    
   58.50      0.3356    
   59.00      0.3267    
   59.50      0.3180    
   60.00      0.3098    
   60.50      0.3018    
   61.00      0.2942    
   61.50      0.2870    
   62.00      0.2801    
   62.50      0.2735    
   63.00      0.2673    
   63.50      0.2614    
   64.00      0.2558    
   64.50      0.2506    
   65.00      0.2456    
   65.50      0.2409    
   66.00      0.2365    
   66.50      0.2324    
   67.00      0.2285    
   67.50      0.2248    
   68.00      0.2214    
   68.50      0.2182    
   69.00      0.2151    
   69.50      0.2123    
   70.00      0.2096    
   70.50      0.2071    
   71.00      0.2047    
   71.50      0.2024    
   72.00      0.2003    
   72.50      0.1983    
   73.00      0.1964    
   73.50      0.1946    
   74.00      0.1929    
   74.50      0.1912    
   75.00      0.1896    
   75.50      0.1881    
   76.00      0.1866    
   76.50      0.1851    
   77.00      0.1837    
   77.50      0.1823    
   78.00      0.1809    
   78.50      0.1795    
   79.00      0.1782    
   79.50      0.1768    
   80.00      0.1753    
   80.50      0.1739    
   81.00      0.1724    
   81.50      0.1709    
   82.00      0.1694    
   82.50      0.1678    
   83.00      0.1662    
   83.50      0.1645    
   84.00      0.1628    
   84.50      0.1610    
   85.00      0.1591    
   85.50      0.1572    
   86.00      0.1553    
   86.50      0.1533    
   87.00      0.1512    
   87.50      0.1491    
   88.00      0.1470    
   88.50      0.1448    
   89.00      0.1426    
   89.50      0.1403    
   90.00      0.1381    
   90.50      0.1358    
   91.00      0.1336    
   91.50      0.1313    
   92.00      0.1291    
   92.50      0.1269    
   93.00      0.1247    
   93.50      0.1225    
   94.00      0.1204    
   94.50      0.1184    
   95.00      0.1164    
   95.50      0.1145    
   96.00      0.1127    
   96.50      0.1109    
   97.00      0.1092    
   97.50      0.1077    
   98.00      0.1062    
   98.50      0.1048    
   99.00      0.1035    
   99.50      0.1023    
   100.0      0.1012    
   100.5      0.1002    
   101.0      0.9934E-01
   101.5      0.9853E-01
   102.0      0.9781E-01
   102.5      0.9717E-01
   103.0      0.9660E-01
   103.5      0.9611E-01
   104.0      0.9569E-01
   104.5      0.9533E-01
   105.0      0.9503E-01
   105.5      0.9477E-01
   106.0      0.9456E-01
   106.5      0.9439E-01
   107.0      0.9424E-01
   107.5      0.9411E-01
   108.0      0.9400E-01
   108.5      0.9390E-01
   109.0      0.9380E-01
   109.5      0.9370E-01
   110.0      0.9359E-01
   110.5      0.9347E-01
   111.0      0.9333E-01
   111.5      0.9317E-01
   112.0      0.9298E-01
   112.5      0.9276E-01
   113.0      0.9251E-01
   113.5      0.9222E-01
   114.0      0.9190E-01
   114.5      0.9154E-01
   115.0      0.9113E-01
   115.5      0.9069E-01
   116.0      0.9021E-01
   116.5      0.8968E-01
   117.0      0.8912E-01
   117.5      0.8851E-01
   118.0      0.8787E-01
   118.5      0.8719E-01
   119.0      0.8648E-01
   119.5      0.8573E-01
   120.0      0.8496E-01
   120.5      0.8415E-01
   121.0      0.8332E-01
   121.5      0.8247E-01
   122.0      0.8159E-01
   122.5      0.8069E-01
   123.0      0.7978E-01
   123.5      0.7885E-01
   124.0      0.7791E-01
   124.5      0.7696E-01
   125.0      0.7600E-01
   125.5      0.7504E-01
   126.0      0.7408E-01
   126.5      0.7311E-01
   127.0      0.7215E-01
   127.5      0.7120E-01
   128.0      0.7025E-01
   128.5      0.6932E-01
   129.0      0.6839E-01
   129.5      0.6748E-01
   130.0      0.6659E-01
   130.5      0.6572E-01
   131.0      0.6487E-01
   131.5      0.6405E-01
   132.0      0.6326E-01
   132.5      0.6249E-01
   133.0      0.6175E-01
   133.5      0.6105E-01
   134.0      0.6039E-01
   134.5      0.5976E-01
   135.0      0.5917E-01
   135.5      0.5862E-01
   136.0      0.5811E-01
   136.5      0.5765E-01
   137.0      0.5723E-01
   137.5      0.5686E-01
   138.0      0.5653E-01
   138.5      0.5625E-01
   139.0      0.5602E-01
   139.5      0.5585E-01
   140.0      0.5572E-01
   140.5      0.5565E-01
   141.0      0.5562E-01
   141.5      0.5566E-01
   142.0      0.5574E-01
   142.5      0.5588E-01
   143.0      0.5608E-01
   143.5      0.5632E-01
   144.0      0.5663E-01
   144.5      0.5699E-01
   145.0      0.5740E-01
   145.5      0.5787E-01
   146.0      0.5840E-01
   146.5      0.5897E-01
   147.0      0.5960E-01
   147.5      0.6028E-01
   148.0      0.6102E-01
   148.5      0.6180E-01
   149.0      0.6263E-01
   149.5      0.6351E-01
   150.0      0.6443E-01
   150.5      0.6540E-01
   151.0      0.6641E-01
   151.5      0.6746E-01
   152.0      0.6855E-01
   152.5      0.6967E-01
   153.0      0.7083E-01
   153.5      0.7202E-01
   154.0      0.7324E-01
   154.5      0.7448E-01
   155.0      0.7575E-01
   155.5      0.7704E-01
   156.0      0.7835E-01
   156.5      0.7967E-01
   157.0      0.8100E-01
   157.5      0.8235E-01
   158.0      0.8370E-01
   158.5      0.8505E-01
   159.0      0.8641E-01
   159.5      0.8776E-01
   160.0      0.8911E-01
   160.5      0.9044E-01
   161.0      0.9177E-01
   161.5      0.9308E-01
   162.0      0.9438E-01
   162.5      0.9565E-01
   163.0      0.9691E-01
   163.5      0.9813E-01
   164.0      0.9933E-01
   164.5      0.1005    
   165.0      0.1016    
   165.5      0.1027    
   166.0      0.1038    
   166.5      0.1048    
   167.0      0.1058    
   167.5      0.1068    
   168.0      0.1077    
   168.5      0.1086    
   169.0      0.1094    
   169.5      0.1102    
   170.0      0.1110    
   170.5      0.1117    
   171.0      0.1124    
   171.5      0.1130    
   172.0      0.1136    
   172.5      0.1141    
   173.0      0.1146    
   173.5      0.1151    
   174.0      0.1156    
   174.5      0.1160    
   175.0      0.1163    
   175.5      0.1167    
   176.0      0.1169    
   176.5      0.1172    
   177.0      0.1174    
   177.5      0.1176    
   178.0      0.1178    
   178.5      0.1179    
   179.0      0.1180    
   179.5      0.1180    
   180.0      0.1180    
 END
