# 361 angles,  1 tensor ranks for 0=projectile
@subtitle   "9Be(6Li,d)13C"                                                                 
@legend ON
@legend x1 0.2
@legend y1 0.8
@g0 type LOGY
@yaxis ticklabel format power
@legend string   0 "Lab energy =   32.0000"
#legend string   0 "Partition=  1 Excit=  1 near/far= 1"
#  Theta       sigma       iT11        T20         T21         T22         Kyy for projectile
  0.1000E-01   1.000    
  0.5000       1.004    
   1.000       1.013    
   1.500       1.005    
   2.000      0.9758    
   2.500      0.9297    
   3.000      0.8727    
   3.500      0.8115    
   4.000      0.7520    
   4.500      0.6991    
   5.000      0.6565    
   5.500      0.6268    
   6.000      0.6111    
   6.500      0.6097    
   7.000      0.6218    
   7.500      0.6460    
   8.000      0.6799    
   8.500      0.7209    
   9.000      0.7661    
   9.500      0.8123    
   10.00      0.8566    
   10.50      0.8959    
   11.00      0.9276    
   11.50      0.9496    
   12.00      0.9601    
   12.50      0.9580    
   13.00      0.9428    
   13.50      0.9146    
   14.00      0.8740    
   14.50      0.8223    
   15.00      0.7613    
   15.50      0.6930    
   16.00      0.6199    
   16.50      0.5448    
   17.00      0.4702    
   17.50      0.3989    
   18.00      0.3335    
   18.50      0.2762    
   19.00      0.2289    
   19.50      0.1931    
   20.00      0.1698    
   20.50      0.1596    
   21.00      0.1623    
   21.50      0.1774    
   22.00      0.2038    
   22.50      0.2401    
   23.00      0.2844    
   23.50      0.3345    
   24.00      0.3881    
   24.50      0.4427    
   25.00      0.4960    
   25.50      0.5457    
   26.00      0.5894    
   26.50      0.6255    
   27.00      0.6524    
   27.50      0.6690    
   28.00      0.6746    
   28.50      0.6690    
   29.00      0.6523    
   29.50      0.6252    
   30.00      0.5888    
   30.50      0.5445    
   31.00      0.4939    
   31.50      0.4389    
   32.00      0.3817    
   32.50      0.3242    
   33.00      0.2687    
   33.50      0.2170    
   34.00      0.1711    
   34.50      0.1325    
   35.00      0.1026    
   35.50      0.8242E-01
   36.00      0.7257E-01
   36.50      0.7337E-01
   37.00      0.8475E-01
   37.50      0.1063    
   38.00      0.1372    
   38.50      0.1764    
   39.00      0.2227    
   39.50      0.2744    
   40.00      0.3300    
   40.50      0.3877    
   41.00      0.4456    
   41.50      0.5020    
   42.00      0.5552    
   42.50      0.6037    
   43.00      0.6460    
   43.50      0.6811    
   44.00      0.7079    
   44.50      0.7259    
   45.00      0.7346    
   45.50      0.7339    
   46.00      0.7240    
   46.50      0.7053    
   47.00      0.6784    
   47.50      0.6442    
   48.00      0.6037    
   48.50      0.5581    
   49.00      0.5086    
   49.50      0.4565    
   50.00      0.4031    
   50.50      0.3498    
   51.00      0.2978    
   51.50      0.2482    
   52.00      0.2022    
   52.50      0.1606    
   53.00      0.1242    
   53.50      0.9352E-01
   54.00      0.6905E-01
   54.50      0.5101E-01
   55.00      0.3944E-01
   55.50      0.3427E-01
   56.00      0.3523E-01
   56.50      0.4195E-01
   57.00      0.5390E-01
   57.50      0.7049E-01
   58.00      0.9104E-01
   58.50      0.1148    
   59.00      0.1410    
   59.50      0.1690    
   60.00      0.1978    
   60.50      0.2268    
   61.00      0.2553    
   61.50      0.2827    
   62.00      0.3083    
   62.50      0.3318    
   63.00      0.3527    
   63.50      0.3707    
   64.00      0.3856    
   64.50      0.3972    
   65.00      0.4055    
   65.50      0.4105    
   66.00      0.4124    
   66.50      0.4112    
   67.00      0.4071    
   67.50      0.4004    
   68.00      0.3915    
   68.50      0.3804    
   69.00      0.3676    
   69.50      0.3534    
   70.00      0.3381    
   70.50      0.3220    
   71.00      0.3052    
   71.50      0.2882    
   72.00      0.2711    
   72.50      0.2542    
   73.00      0.2375    
   73.50      0.2213    
   74.00      0.2057    
   74.50      0.1908    
   75.00      0.1765    
   75.50      0.1631    
   76.00      0.1505    
   76.50      0.1388    
   77.00      0.1279    
   77.50      0.1179    
   78.00      0.1087    
   78.50      0.1004    
   79.00      0.9300E-01
   79.50      0.8639E-01
   80.00      0.8064E-01
   80.50      0.7573E-01
   81.00      0.7167E-01
   81.50      0.6846E-01
   82.00      0.6613E-01
   82.50      0.6467E-01
   83.00      0.6411E-01
   83.50      0.6445E-01
   84.00      0.6570E-01
   84.50      0.6788E-01
   85.00      0.7098E-01
   85.50      0.7499E-01
   86.00      0.7992E-01
   86.50      0.8573E-01
   87.00      0.9241E-01
   87.50      0.9992E-01
   88.00      0.1082    
   88.50      0.1173    
   89.00      0.1270    
   89.50      0.1373    
   90.00      0.1483    
   90.50      0.1597    
   91.00      0.1715    
   91.50      0.1837    
   92.00      0.1962    
   92.50      0.2090    
   93.00      0.2219    
   93.50      0.2349    
   94.00      0.2481    
   94.50      0.2613    
   95.00      0.2745    
   95.50      0.2877    
   96.00      0.3010    
   96.50      0.3142    
   97.00      0.3274    
   97.50      0.3406    
   98.00      0.3537    
   98.50      0.3669    
   99.00      0.3800    
   99.50      0.3931    
   100.0      0.4062    
   100.5      0.4192    
   101.0      0.4321    
   101.5      0.4449    
   102.0      0.4574    
   102.5      0.4697    
   103.0      0.4817    
   103.5      0.4932    
   104.0      0.5041    
   104.5      0.5144    
   105.0      0.5238    
   105.5      0.5323    
   106.0      0.5397    
   106.5      0.5459    
   107.0      0.5508    
   107.5      0.5542    
   108.0      0.5560    
   108.5      0.5562    
   109.0      0.5546    
   109.5      0.5513    
   110.0      0.5463    
   110.5      0.5396    
   111.0      0.5312    
   111.5      0.5213    
   112.0      0.5100    
   112.5      0.4975    
   113.0      0.4840    
   113.5      0.4699    
   114.0      0.4553    
   114.5      0.4407    
   115.0      0.4264    
   115.5      0.4127    
   116.0      0.4001    
   116.5      0.3889    
   117.0      0.3796    
   117.5      0.3725    
   118.0      0.3680    
   118.5      0.3663    
   119.0      0.3679    
   119.5      0.3729    
   120.0      0.3815    
   120.5      0.3939    
   121.0      0.4100    
   121.5      0.4300    
   122.0      0.4536    
   122.5      0.4807    
   123.0      0.5111    
   123.5      0.5445    
   124.0      0.5803    
   124.5      0.6181    
   125.0      0.6575    
   125.5      0.6978    
   126.0      0.7383    
   126.5      0.7783    
   127.0      0.8173    
   127.5      0.8543    
   128.0      0.8889    
   128.5      0.9201    
   129.0      0.9475    
   129.5      0.9704    
   130.0      0.9882    
   130.5       1.000    
   131.0       1.007    
   131.5       1.007    
   132.0       1.001    
   132.5      0.9887    
   133.0      0.9700    
   133.5      0.9453    
   134.0      0.9148    
   134.5      0.8791    
   135.0      0.8387    
   135.5      0.7943    
   136.0      0.7468    
   136.5      0.6970    
   137.0      0.6460    
   137.5      0.5946    
   138.0      0.5441    
   138.5      0.4955    
   139.0      0.4499    
   139.5      0.4083    
   140.0      0.3719    
   140.5      0.3415    
   141.0      0.3181    
   141.5      0.3023    
   142.0      0.2949    
   142.5      0.2962    
   143.0      0.3067    
   143.5      0.3264    
   144.0      0.3554    
   144.5      0.3933    
   145.0      0.4399    
   145.5      0.4945    
   146.0      0.5563    
   146.5      0.6244    
   147.0      0.6976    
   147.5      0.7747    
   148.0      0.8544    
   148.5      0.9351    
   149.0       1.015    
   149.5       1.094    
   150.0       1.168    
   150.5       1.237    
   151.0       1.300    
   151.5       1.354    
   152.0       1.399    
   152.5       1.433    
   153.0       1.456    
   153.5       1.466    
   154.0       1.464    
   154.5       1.448    
   155.0       1.418    
   155.5       1.376    
   156.0       1.322    
   156.5       1.255    
   157.0       1.179    
   157.5       1.093    
   158.0       1.001    
   158.5      0.9024    
   159.0      0.8010    
   159.5      0.6988    
   160.0      0.5982    
   160.5      0.5020    
   161.0      0.4128    
   161.5      0.3335    
   162.0      0.2666    
   162.5      0.2151    
   163.0      0.1813    
   163.5      0.1678    
   164.0      0.1768    
   164.5      0.2103    
   165.0      0.2700    
   165.5      0.3573    
   166.0      0.4732    
   166.5      0.6184    
   167.0      0.7931    
   167.5      0.9970    
   168.0       1.230    
   168.5       1.490    
   169.0       1.776    
   169.5       2.087    
   170.0       2.419    
   170.5       2.771    
   171.0       3.139    
   171.5       3.519    
   172.0       3.908    
   172.5       4.302    
   173.0       4.698    
   173.5       5.090    
   174.0       5.475    
   174.5       5.848    
   175.0       6.205    
   175.5       6.543    
   176.0       6.856    
   176.5       7.142    
   177.0       7.397    
   177.5       7.619    
   178.0       7.804    
   178.5       7.950    
   179.0       8.056    
   179.5       8.120    
   180.0       8.141    
 END
