# 361 angles,  1 tensor ranks for 0=projectile
@subtitle   "9Be(6Li,d)13C"                                                                 
@legend ON
@legend x1 0.2
@legend y1 0.8
@g0 type LOGY
@yaxis ticklabel format power
@xaxis label "Scattering angle (degrees)"
@yaxis label "Cross section (mb/sr)"
@legend string   0 "Partition=  1 Excit=  1 near/far= 1"
#legend string   0 "Lab energy =   32.0000"
@s0 linestyle   1
#  Theta       sigma       iT11        T20         T21         T22         Kyy for projectile
  0.1000E-01   1.000    
  0.5000       1.004    
   1.000       1.013    
   1.500       1.005    
   2.000      0.9758    
   2.500      0.9297    
   3.000      0.8727    
   3.500      0.8115    
   4.000      0.7520    
   4.500      0.6991    
   5.000      0.6565    
   5.500      0.6268    
   6.000      0.6111    
   6.500      0.6097    
   7.000      0.6218    
   7.500      0.6460    
   8.000      0.6799    
   8.500      0.7209    
   9.000      0.7661    
   9.500      0.8123    
   10.00      0.8566    
   10.50      0.8959    
   11.00      0.9276    
   11.50      0.9496    
   12.00      0.9601    
   12.50      0.9580    
   13.00      0.9428    
   13.50      0.9146    
   14.00      0.8740    
   14.50      0.8223    
   15.00      0.7613    
   15.50      0.6930    
   16.00      0.6199    
   16.50      0.5448    
   17.00      0.4702    
   17.50      0.3989    
   18.00      0.3335    
   18.50      0.2762    
   19.00      0.2289    
   19.50      0.1931    
   20.00      0.1698    
   20.50      0.1596    
   21.00      0.1623    
   21.50      0.1774    
   22.00      0.2038    
   22.50      0.2401    
   23.00      0.2844    
   23.50      0.3345    
   24.00      0.3881    
   24.50      0.4427    
   25.00      0.4960    
   25.50      0.5457    
   26.00      0.5894    
   26.50      0.6255    
   27.00      0.6524    
   27.50      0.6690    
   28.00      0.6746    
   28.50      0.6690    
   29.00      0.6523    
   29.50      0.6252    
   30.00      0.5888    
   30.50      0.5445    
   31.00      0.4939    
   31.50      0.4389    
   32.00      0.3817    
   32.50      0.3242    
   33.00      0.2687    
   33.50      0.2170    
   34.00      0.1711    
   34.50      0.1325    
   35.00      0.1026    
   35.50      0.8242E-01
   36.00      0.7257E-01
   36.50      0.7337E-01
   37.00      0.8475E-01
   37.50      0.1063    
   38.00      0.1372    
   38.50      0.1764    
   39.00      0.2227    
   39.50      0.2744    
   40.00      0.3300    
   40.50      0.3877    
   41.00      0.4456    
   41.50      0.5020    
   42.00      0.5552    
   42.50      0.6037    
   43.00      0.6460    
   43.50      0.6811    
   44.00      0.7079    
   44.50      0.7259    
   45.00      0.7346    
   45.50      0.7339    
   46.00      0.7240    
   46.50      0.7053    
   47.00      0.6784    
   47.50      0.6442    
   48.00      0.6037    
   48.50      0.5581    
   49.00      0.5086    
   49.50      0.4565    
   50.00      0.4031    
   50.50      0.3498    
   51.00      0.2978    
   51.50      0.2482    
   52.00      0.2022    
   52.50      0.1606    
   53.00      0.1242    
   53.50      0.9352E-01
   54.00      0.6905E-01
   54.50      0.5101E-01
   55.00      0.3944E-01
   55.50      0.3427E-01
   56.00      0.3523E-01
   56.50      0.4195E-01
   57.00      0.5390E-01
   57.50      0.7049E-01
   58.00      0.9104E-01
   58.50      0.1148    
   59.00      0.1410    
   59.50      0.1690    
   60.00      0.1978    
   60.50      0.2268    
   61.00      0.2553    
   61.50      0.2827    
   62.00      0.3083    
   62.50      0.3318    
   63.00      0.3527    
   63.50      0.3707    
   64.00      0.3856    
   64.50      0.3972    
   65.00      0.4055    
   65.50      0.4105    
   66.00      0.4124    
   66.50      0.4112    
   67.00      0.4071    
   67.50      0.4004    
   68.00      0.3915    
   68.50      0.3804    
   69.00      0.3676    
   69.50      0.3534    
   70.00      0.3381    
   70.50      0.3220    
   71.00      0.3052    
   71.50      0.2882    
   72.00      0.2711    
   72.50      0.2542    
   73.00      0.2375    
   73.50      0.2213    
   74.00      0.2057    
   74.50      0.1908    
   75.00      0.1765    
   75.50      0.1631    
   76.00      0.1505    
   76.50      0.1388    
   77.00      0.1279    
   77.50      0.1179    
   78.00      0.1087    
   78.50      0.1004    
   79.00      0.9300E-01
   79.50      0.8639E-01
   80.00      0.8064E-01
   80.50      0.7573E-01
   81.00      0.7167E-01
   81.50      0.6846E-01
   82.00      0.6613E-01
   82.50      0.6467E-01
   83.00      0.6411E-01
   83.50      0.6445E-01
   84.00      0.6570E-01
   84.50      0.6788E-01
   85.00      0.7098E-01
   85.50      0.7499E-01
   86.00      0.7992E-01
   86.50      0.8573E-01
   87.00      0.9241E-01
   87.50      0.9992E-01
   88.00      0.1082    
   88.50      0.1173    
   89.00      0.1270    
   89.50      0.1373    
   90.00      0.1483    
   90.50      0.1597    
   91.00      0.1715    
   91.50      0.1837    
   92.00      0.1962    
   92.50      0.2090    
   93.00      0.2219    
   93.50      0.2349    
   94.00      0.2481    
   94.50      0.2613    
   95.00      0.2745    
   95.50      0.2877    
   96.00      0.3010    
   96.50      0.3142    
   97.00      0.3274    
   97.50      0.3406    
   98.00      0.3537    
   98.50      0.3669    
   99.00      0.3800    
   99.50      0.3931    
   100.0      0.4062    
   100.5      0.4192    
   101.0      0.4321    
   101.5      0.4449    
   102.0      0.4574    
   102.5      0.4697    
   103.0      0.4817    
   103.5      0.4932    
   104.0      0.5041    
   104.5      0.5144    
   105.0      0.5238    
   105.5      0.5323    
   106.0      0.5397    
   106.5      0.5459    
   107.0      0.5508    
   107.5      0.5542    
   108.0      0.5560    
   108.5      0.5562    
   109.0      0.5546    
   109.5      0.5513    
   110.0      0.5463    
   110.5      0.5396    
   111.0      0.5312    
   111.5      0.5213    
   112.0      0.5100    
   112.5      0.4975    
   113.0      0.4840    
   113.5      0.4699    
   114.0      0.4553    
   114.5      0.4407    
   115.0      0.4264    
   115.5      0.4127    
   116.0      0.4001    
   116.5      0.3889    
   117.0      0.3796    
   117.5      0.3725    
   118.0      0.3680    
   118.5      0.3663    
   119.0      0.3679    
   119.5      0.3729    
   120.0      0.3815    
   120.5      0.3939    
   121.0      0.4100    
   121.5      0.4300    
   122.0      0.4536    
   122.5      0.4807    
   123.0      0.5111    
   123.5      0.5445    
   124.0      0.5803    
   124.5      0.6181    
   125.0      0.6575    
   125.5      0.6978    
   126.0      0.7383    
   126.5      0.7783    
   127.0      0.8173    
   127.5      0.8543    
   128.0      0.8889    
   128.5      0.9201    
   129.0      0.9475    
   129.5      0.9704    
   130.0      0.9882    
   130.5       1.000    
   131.0       1.007    
   131.5       1.007    
   132.0       1.001    
   132.5      0.9887    
   133.0      0.9700    
   133.5      0.9453    
   134.0      0.9148    
   134.5      0.8791    
   135.0      0.8387    
   135.5      0.7943    
   136.0      0.7468    
   136.5      0.6970    
   137.0      0.6460    
   137.5      0.5946    
   138.0      0.5441    
   138.5      0.4955    
   139.0      0.4499    
   139.5      0.4083    
   140.0      0.3719    
   140.5      0.3415    
   141.0      0.3181    
   141.5      0.3023    
   142.0      0.2949    
   142.5      0.2962    
   143.0      0.3067    
   143.5      0.3264    
   144.0      0.3554    
   144.5      0.3933    
   145.0      0.4399    
   145.5      0.4945    
   146.0      0.5563    
   146.5      0.6244    
   147.0      0.6976    
   147.5      0.7747    
   148.0      0.8544    
   148.5      0.9351    
   149.0       1.015    
   149.5       1.094    
   150.0       1.168    
   150.5       1.237    
   151.0       1.300    
   151.5       1.354    
   152.0       1.399    
   152.5       1.433    
   153.0       1.456    
   153.5       1.466    
   154.0       1.464    
   154.5       1.448    
   155.0       1.418    
   155.5       1.376    
   156.0       1.322    
   156.5       1.255    
   157.0       1.179    
   157.5       1.093    
   158.0       1.001    
   158.5      0.9024    
   159.0      0.8010    
   159.5      0.6988    
   160.0      0.5982    
   160.5      0.5020    
   161.0      0.4128    
   161.5      0.3335    
   162.0      0.2666    
   162.5      0.2151    
   163.0      0.1813    
   163.5      0.1678    
   164.0      0.1768    
   164.5      0.2103    
   165.0      0.2700    
   165.5      0.3573    
   166.0      0.4732    
   166.5      0.6184    
   167.0      0.7931    
   167.5      0.9970    
   168.0       1.230    
   168.5       1.490    
   169.0       1.776    
   169.5       2.087    
   170.0       2.419    
   170.5       2.771    
   171.0       3.139    
   171.5       3.519    
   172.0       3.908    
   172.5       4.302    
   173.0       4.698    
   173.5       5.090    
   174.0       5.475    
   174.5       5.848    
   175.0       6.205    
   175.5       6.543    
   176.0       6.856    
   176.5       7.142    
   177.0       7.397    
   177.5       7.619    
   178.0       7.804    
   178.5       7.950    
   179.0       8.056    
   179.5       8.120    
   180.0       8.141    
 END
@legend string   1 "Partition=  2 Excit=  1 near/far= 1"
#legend string   0 "Lab energy =   32.0000"
@s1 linestyle   2
#  Theta       sigma       iT11        T20         T21         T22         Kyy for projectile
   0.000      0.2559E-01
  0.5000      0.2562E-01
   1.000      0.2572E-01
   1.500      0.2587E-01
   2.000      0.2609E-01
   2.500      0.2637E-01
   3.000      0.2671E-01
   3.500      0.2710E-01
   4.000      0.2755E-01
   4.500      0.2804E-01
   5.000      0.2858E-01
   5.500      0.2916E-01
   6.000      0.2978E-01
   6.500      0.3044E-01
   7.000      0.3112E-01
   7.500      0.3183E-01
   8.000      0.3255E-01
   8.500      0.3329E-01
   9.000      0.3404E-01
   9.500      0.3479E-01
   10.00      0.3554E-01
   10.50      0.3628E-01
   11.00      0.3701E-01
   11.50      0.3773E-01
   12.00      0.3843E-01
   12.50      0.3910E-01
   13.00      0.3974E-01
   13.50      0.4035E-01
   14.00      0.4093E-01
   14.50      0.4146E-01
   15.00      0.4196E-01
   15.50      0.4242E-01
   16.00      0.4283E-01
   16.50      0.4320E-01
   17.00      0.4352E-01
   17.50      0.4380E-01
   18.00      0.4404E-01
   18.50      0.4423E-01
   19.00      0.4439E-01
   19.50      0.4450E-01
   20.00      0.4457E-01
   20.50      0.4461E-01
   21.00      0.4462E-01
   21.50      0.4460E-01
   22.00      0.4455E-01
   22.50      0.4447E-01
   23.00      0.4438E-01
   23.50      0.4427E-01
   24.00      0.4414E-01
   24.50      0.4400E-01
   25.00      0.4386E-01
   25.50      0.4371E-01
   26.00      0.4356E-01
   26.50      0.4340E-01
   27.00      0.4325E-01
   27.50      0.4311E-01
   28.00      0.4296E-01
   28.50      0.4283E-01
   29.00      0.4270E-01
   29.50      0.4258E-01
   30.00      0.4247E-01
   30.50      0.4237E-01
   31.00      0.4227E-01
   31.50      0.4219E-01
   32.00      0.4210E-01
   32.50      0.4203E-01
   33.00      0.4195E-01
   33.50      0.4188E-01
   34.00      0.4181E-01
   34.50      0.4173E-01
   35.00      0.4165E-01
   35.50      0.4157E-01
   36.00      0.4147E-01
   36.50      0.4137E-01
   37.00      0.4126E-01
   37.50      0.4113E-01
   38.00      0.4098E-01
   38.50      0.4082E-01
   39.00      0.4064E-01
   39.50      0.4043E-01
   40.00      0.4021E-01
   40.50      0.3996E-01
   41.00      0.3969E-01
   41.50      0.3939E-01
   42.00      0.3907E-01
   42.50      0.3873E-01
   43.00      0.3836E-01
   43.50      0.3796E-01
   44.00      0.3754E-01
   44.50      0.3709E-01
   45.00      0.3663E-01
   45.50      0.3614E-01
   46.00      0.3563E-01
   46.50      0.3510E-01
   47.00      0.3455E-01
   47.50      0.3398E-01
   48.00      0.3340E-01
   48.50      0.3280E-01
   49.00      0.3220E-01
   49.50      0.3158E-01
   50.00      0.3095E-01
   50.50      0.3032E-01
   51.00      0.2968E-01
   51.50      0.2903E-01
   52.00      0.2839E-01
   52.50      0.2774E-01
   53.00      0.2710E-01
   53.50      0.2645E-01
   54.00      0.2582E-01
   54.50      0.2518E-01
   55.00      0.2456E-01
   55.50      0.2394E-01
   56.00      0.2333E-01
   56.50      0.2273E-01
   57.00      0.2214E-01
   57.50      0.2157E-01
   58.00      0.2100E-01
   58.50      0.2045E-01
   59.00      0.1991E-01
   59.50      0.1939E-01
   60.00      0.1888E-01
   60.50      0.1838E-01
   61.00      0.1790E-01
   61.50      0.1743E-01
   62.00      0.1698E-01
   62.50      0.1655E-01
   63.00      0.1612E-01
   63.50      0.1572E-01
   64.00      0.1532E-01
   64.50      0.1494E-01
   65.00      0.1458E-01
   65.50      0.1423E-01
   66.00      0.1389E-01
   66.50      0.1356E-01
   67.00      0.1325E-01
   67.50      0.1295E-01
   68.00      0.1266E-01
   68.50      0.1238E-01
   69.00      0.1212E-01
   69.50      0.1186E-01
   70.00      0.1161E-01
   70.50      0.1138E-01
   71.00      0.1115E-01
   71.50      0.1093E-01
   72.00      0.1072E-01
   72.50      0.1051E-01
   73.00      0.1032E-01
   73.50      0.1013E-01
   74.00      0.9945E-02
   74.50      0.9768E-02
   75.00      0.9597E-02
   75.50      0.9431E-02
   76.00      0.9270E-02
   76.50      0.9114E-02
   77.00      0.8962E-02
   77.50      0.8814E-02
   78.00      0.8670E-02
   78.50      0.8530E-02
   79.00      0.8393E-02
   79.50      0.8258E-02
   80.00      0.8127E-02
   80.50      0.7999E-02
   81.00      0.7872E-02
   81.50      0.7748E-02
   82.00      0.7626E-02
   82.50      0.7506E-02
   83.00      0.7388E-02
   83.50      0.7271E-02
   84.00      0.7156E-02
   84.50      0.7041E-02
   85.00      0.6929E-02
   85.50      0.6817E-02
   86.00      0.6706E-02
   86.50      0.6596E-02
   87.00      0.6487E-02
   87.50      0.6379E-02
   88.00      0.6272E-02
   88.50      0.6165E-02
   89.00      0.6059E-02
   89.50      0.5953E-02
   90.00      0.5848E-02
   90.50      0.5744E-02
   91.00      0.5640E-02
   91.50      0.5537E-02
   92.00      0.5435E-02
   92.50      0.5333E-02
   93.00      0.5232E-02
   93.50      0.5132E-02
   94.00      0.5033E-02
   94.50      0.4934E-02
   95.00      0.4837E-02
   95.50      0.4740E-02
   96.00      0.4645E-02
   96.50      0.4551E-02
   97.00      0.4458E-02
   97.50      0.4366E-02
   98.00      0.4276E-02
   98.50      0.4188E-02
   99.00      0.4101E-02
   99.50      0.4016E-02
   100.0      0.3932E-02
   100.5      0.3851E-02
   101.0      0.3771E-02
   101.5      0.3693E-02
   102.0      0.3618E-02
   102.5      0.3545E-02
   103.0      0.3474E-02
   103.5      0.3405E-02
   104.0      0.3338E-02
   104.5      0.3274E-02
   105.0      0.3212E-02
   105.5      0.3152E-02
   106.0      0.3094E-02
   106.5      0.3039E-02
   107.0      0.2986E-02
   107.5      0.2935E-02
   108.0      0.2886E-02
   108.5      0.2840E-02
   109.0      0.2795E-02
   109.5      0.2753E-02
   110.0      0.2712E-02
   110.5      0.2673E-02
   111.0      0.2636E-02
   111.5      0.2601E-02
   112.0      0.2567E-02
   112.5      0.2534E-02
   113.0      0.2503E-02
   113.5      0.2473E-02
   114.0      0.2445E-02
   114.5      0.2417E-02
   115.0      0.2391E-02
   115.5      0.2365E-02
   116.0      0.2340E-02
   116.5      0.2316E-02
   117.0      0.2293E-02
   117.5      0.2270E-02
   118.0      0.2248E-02
   118.5      0.2226E-02
   119.0      0.2205E-02
   119.5      0.2183E-02
   120.0      0.2163E-02
   120.5      0.2142E-02
   121.0      0.2121E-02
   121.5      0.2101E-02
   122.0      0.2081E-02
   122.5      0.2060E-02
   123.0      0.2040E-02
   123.5      0.2020E-02
   124.0      0.1999E-02
   124.5      0.1979E-02
   125.0      0.1958E-02
   125.5      0.1938E-02
   126.0      0.1917E-02
   126.5      0.1896E-02
   127.0      0.1874E-02
   127.5      0.1853E-02
   128.0      0.1831E-02
   128.5      0.1810E-02
   129.0      0.1788E-02
   129.5      0.1765E-02
   130.0      0.1743E-02
   130.5      0.1720E-02
   131.0      0.1698E-02
   131.5      0.1675E-02
   132.0      0.1651E-02
   132.5      0.1628E-02
   133.0      0.1605E-02
   133.5      0.1581E-02
   134.0      0.1557E-02
   134.5      0.1533E-02
   135.0      0.1510E-02
   135.5      0.1486E-02
   136.0      0.1462E-02
   136.5      0.1439E-02
   137.0      0.1415E-02
   137.5      0.1392E-02
   138.0      0.1369E-02
   138.5      0.1346E-02
   139.0      0.1323E-02
   139.5      0.1302E-02
   140.0      0.1280E-02
   140.5      0.1259E-02
   141.0      0.1239E-02
   141.5      0.1219E-02
   142.0      0.1200E-02
   142.5      0.1183E-02
   143.0      0.1166E-02
   143.5      0.1149E-02
   144.0      0.1135E-02
   144.5      0.1121E-02
   145.0      0.1108E-02
   145.5      0.1097E-02
   146.0      0.1087E-02
   146.5      0.1078E-02
   147.0      0.1071E-02
   147.5      0.1065E-02
   148.0      0.1060E-02
   148.5      0.1057E-02
   149.0      0.1056E-02
   149.5      0.1056E-02
   150.0      0.1058E-02
   150.5      0.1061E-02
   151.0      0.1066E-02
   151.5      0.1072E-02
   152.0      0.1080E-02
   152.5      0.1089E-02
   153.0      0.1100E-02
   153.5      0.1112E-02
   154.0      0.1125E-02
   154.5      0.1139E-02
   155.0      0.1155E-02
   155.5      0.1171E-02
   156.0      0.1189E-02
   156.5      0.1207E-02
   157.0      0.1226E-02
   157.5      0.1246E-02
   158.0      0.1266E-02
   158.5      0.1287E-02
   159.0      0.1308E-02
   159.5      0.1329E-02
   160.0      0.1350E-02
   160.5      0.1371E-02
   161.0      0.1392E-02
   161.5      0.1413E-02
   162.0      0.1434E-02
   162.5      0.1454E-02
   163.0      0.1473E-02
   163.5      0.1492E-02
   164.0      0.1511E-02
   164.5      0.1528E-02
   165.0      0.1545E-02
   165.5      0.1561E-02
   166.0      0.1576E-02
   166.5      0.1590E-02
   167.0      0.1603E-02
   167.5      0.1616E-02
   168.0      0.1627E-02
   168.5      0.1638E-02
   169.0      0.1647E-02
   169.5      0.1656E-02
   170.0      0.1663E-02
   170.5      0.1670E-02
   171.0      0.1676E-02
   171.5      0.1682E-02
   172.0      0.1686E-02
   172.5      0.1690E-02
   173.0      0.1693E-02
   173.5      0.1696E-02
   174.0      0.1698E-02
   174.5      0.1700E-02
   175.0      0.1701E-02
   175.5      0.1702E-02
   176.0      0.1703E-02
   176.5      0.1704E-02
   177.0      0.1704E-02
   177.5      0.1704E-02
   178.0      0.1705E-02
   178.5      0.1705E-02
   179.0      0.1705E-02
   179.5      0.1705E-02
   180.0      0.1705E-02
 END
@legend string   2 "Partition=  2 Excit=  2 near/far= 1"
#legend string   0 "Lab energy =   32.0000"
@s2 linestyle   3
#  Theta       sigma       iT11        T20         T21         T22         Kyy for projectile
   0.000      0.5606E-01
  0.5000      0.5611E-01
   1.000      0.5627E-01
   1.500      0.5654E-01
   2.000      0.5691E-01
   2.500      0.5736E-01
   3.000      0.5791E-01
   3.500      0.5852E-01
   4.000      0.5920E-01
   4.500      0.5993E-01
   5.000      0.6070E-01
   5.500      0.6149E-01
   6.000      0.6228E-01
   6.500      0.6308E-01
   7.000      0.6385E-01
   7.500      0.6458E-01
   8.000      0.6528E-01
   8.500      0.6591E-01
   9.000      0.6647E-01
   9.500      0.6695E-01
   10.00      0.6734E-01
   10.50      0.6764E-01
   11.00      0.6784E-01
   11.50      0.6794E-01
   12.00      0.6793E-01
   12.50      0.6782E-01
   13.00      0.6760E-01
   13.50      0.6728E-01
   14.00      0.6686E-01
   14.50      0.6636E-01
   15.00      0.6577E-01
   15.50      0.6510E-01
   16.00      0.6437E-01
   16.50      0.6357E-01
   17.00      0.6273E-01
   17.50      0.6184E-01
   18.00      0.6092E-01
   18.50      0.5998E-01
   19.00      0.5902E-01
   19.50      0.5806E-01
   20.00      0.5710E-01
   20.50      0.5614E-01
   21.00      0.5520E-01
   21.50      0.5427E-01
   22.00      0.5337E-01
   22.50      0.5249E-01
   23.00      0.5164E-01
   23.50      0.5082E-01
   24.00      0.5002E-01
   24.50      0.4925E-01
   25.00      0.4851E-01
   25.50      0.4779E-01
   26.00      0.4708E-01
   26.50      0.4640E-01
   27.00      0.4573E-01
   27.50      0.4506E-01
   28.00      0.4441E-01
   28.50      0.4375E-01
   29.00      0.4309E-01
   29.50      0.4242E-01
   30.00      0.4173E-01
   30.50      0.4103E-01
   31.00      0.4032E-01
   31.50      0.3958E-01
   32.00      0.3881E-01
   32.50      0.3802E-01
   33.00      0.3720E-01
   33.50      0.3635E-01
   34.00      0.3547E-01
   34.50      0.3457E-01
   35.00      0.3363E-01
   35.50      0.3267E-01
   36.00      0.3168E-01
   36.50      0.3067E-01
   37.00      0.2963E-01
   37.50      0.2858E-01
   38.00      0.2751E-01
   38.50      0.2643E-01
   39.00      0.2534E-01
   39.50      0.2424E-01
   40.00      0.2314E-01
   40.50      0.2205E-01
   41.00      0.2096E-01
   41.50      0.1988E-01
   42.00      0.1881E-01
   42.50      0.1775E-01
   43.00      0.1672E-01
   43.50      0.1571E-01
   44.00      0.1472E-01
   44.50      0.1376E-01
   45.00      0.1283E-01
   45.50      0.1192E-01
   46.00      0.1106E-01
   46.50      0.1022E-01
   47.00      0.9427E-02
   47.50      0.8666E-02
   48.00      0.7942E-02
   48.50      0.7255E-02
   49.00      0.6606E-02
   49.50      0.5995E-02
   50.00      0.5421E-02
   50.50      0.4883E-02
   51.00      0.4382E-02
   51.50      0.3916E-02
   52.00      0.3485E-02
   52.50      0.3086E-02
   53.00      0.2720E-02
   53.50      0.2385E-02
   54.00      0.2080E-02
   54.50      0.1802E-02
   55.00      0.1552E-02
   55.50      0.1327E-02
   56.00      0.1125E-02
   56.50      0.9463E-03
   57.00      0.7883E-03
   57.50      0.6498E-03
   58.00      0.5295E-03
   58.50      0.4259E-03
   59.00      0.3377E-03
   59.50      0.2637E-03
   60.00      0.2026E-03
   60.50      0.1532E-03
   61.00      0.1144E-03
   61.50      0.8516E-04
   62.00      0.6448E-04
   62.50      0.5141E-04
   63.00      0.4508E-04
   63.50      0.4468E-04
   64.00      0.4946E-04
   64.50      0.5871E-04
   65.00      0.7182E-04
   65.50      0.8819E-04
   66.00      0.1073E-03
   66.50      0.1287E-03
   67.00      0.1519E-03
   67.50      0.1765E-03
   68.00      0.2023E-03
   68.50      0.2289E-03
   69.00      0.2561E-03
   69.50      0.2836E-03
   70.00      0.3112E-03
   70.50      0.3388E-03
   71.00      0.3663E-03
   71.50      0.3934E-03
   72.00      0.4202E-03
   72.50      0.4465E-03
   73.00      0.4723E-03
   73.50      0.4976E-03
   74.00      0.5223E-03
   74.50      0.5464E-03
   75.00      0.5698E-03
   75.50      0.5927E-03
   76.00      0.6149E-03
   76.50      0.6365E-03
   77.00      0.6575E-03
   77.50      0.6779E-03
   78.00      0.6978E-03
   78.50      0.7170E-03
   79.00      0.7358E-03
   79.50      0.7540E-03
   80.00      0.7717E-03
   80.50      0.7889E-03
   81.00      0.8057E-03
   81.50      0.8219E-03
   82.00      0.8377E-03
   82.50      0.8531E-03
   83.00      0.8680E-03
   83.50      0.8824E-03
   84.00      0.8964E-03
   84.50      0.9099E-03
   85.00      0.9230E-03
   85.50      0.9357E-03
   86.00      0.9478E-03
   86.50      0.9595E-03
   87.00      0.9707E-03
   87.50      0.9813E-03
   88.00      0.9915E-03
   88.50      0.1001E-02
   89.00      0.1010E-02
   89.50      0.1018E-02
   90.00      0.1026E-02
   90.50      0.1033E-02
   91.00      0.1040E-02
   91.50      0.1045E-02
   92.00      0.1050E-02
   92.50      0.1054E-02
   93.00      0.1057E-02
   93.50      0.1060E-02
   94.00      0.1061E-02
   94.50      0.1062E-02
   95.00      0.1061E-02
   95.50      0.1059E-02
   96.00      0.1057E-02
   96.50      0.1053E-02
   97.00      0.1048E-02
   97.50      0.1042E-02
   98.00      0.1035E-02
   98.50      0.1026E-02
   99.00      0.1017E-02
   99.50      0.1006E-02
   100.0      0.9938E-03
   100.5      0.9804E-03
   101.0      0.9658E-03
   101.5      0.9500E-03
   102.0      0.9329E-03
   102.5      0.9147E-03
   103.0      0.8954E-03
   103.5      0.8749E-03
   104.0      0.8535E-03
   104.5      0.8310E-03
   105.0      0.8076E-03
   105.5      0.7833E-03
   106.0      0.7583E-03
   106.5      0.7326E-03
   107.0      0.7064E-03
   107.5      0.6796E-03
   108.0      0.6525E-03
   108.5      0.6252E-03
   109.0      0.5977E-03
   109.5      0.5703E-03
   110.0      0.5429E-03
   110.5      0.5159E-03
   111.0      0.4892E-03
   111.5      0.4631E-03
   112.0      0.4377E-03
   112.5      0.4131E-03
   113.0      0.3894E-03
   113.5      0.3669E-03
   114.0      0.3455E-03
   114.5      0.3256E-03
   115.0      0.3071E-03
   115.5      0.2903E-03
   116.0      0.2752E-03
   116.5      0.2619E-03
   117.0      0.2506E-03
   117.5      0.2412E-03
   118.0      0.2340E-03
   118.5      0.2290E-03
   119.0      0.2262E-03
   119.5      0.2257E-03
   120.0      0.2275E-03
   120.5      0.2316E-03
   121.0      0.2380E-03
   121.5      0.2468E-03
   122.0      0.2579E-03
   122.5      0.2712E-03
   123.0      0.2868E-03
   123.5      0.3045E-03
   124.0      0.3242E-03
   124.5      0.3458E-03
   125.0      0.3693E-03
   125.5      0.3945E-03
   126.0      0.4212E-03
   126.5      0.4493E-03
   127.0      0.4786E-03
   127.5      0.5089E-03
   128.0      0.5401E-03
   128.5      0.5718E-03
   129.0      0.6040E-03
   129.5      0.6363E-03
   130.0      0.6686E-03
   130.5      0.7006E-03
   131.0      0.7321E-03
   131.5      0.7628E-03
   132.0      0.7926E-03
   132.5      0.8213E-03
   133.0      0.8485E-03
   133.5      0.8741E-03
   134.0      0.8979E-03
   134.5      0.9198E-03
   135.0      0.9396E-03
   135.5      0.9570E-03
   136.0      0.9721E-03
   136.5      0.9847E-03
   137.0      0.9948E-03
   137.5      0.1002E-02
   138.0      0.1007E-02
   138.5      0.1009E-02
   139.0      0.1009E-02
   139.5      0.1006E-02
   140.0      0.1001E-02
   140.5      0.9929E-03
   141.0      0.9831E-03
   141.5      0.9713E-03
   142.0      0.9578E-03
   142.5      0.9427E-03
   143.0      0.9263E-03
   143.5      0.9089E-03
   144.0      0.8908E-03
   144.5      0.8723E-03
   145.0      0.8537E-03
   145.5      0.8353E-03
   146.0      0.8175E-03
   146.5      0.8005E-03
   147.0      0.7849E-03
   147.5      0.7707E-03
   148.0      0.7585E-03
   148.5      0.7484E-03
   149.0      0.7409E-03
   149.5      0.7360E-03
   150.0      0.7341E-03
   150.5      0.7355E-03
   151.0      0.7402E-03
   151.5      0.7484E-03
   152.0      0.7602E-03
   152.5      0.7758E-03
   153.0      0.7951E-03
   153.5      0.8182E-03
   154.0      0.8450E-03
   154.5      0.8754E-03
   155.0      0.9093E-03
   155.5      0.9466E-03
   156.0      0.9870E-03
   156.5      0.1030E-02
   157.0      0.1076E-02
   157.5      0.1125E-02
   158.0      0.1175E-02
   158.5      0.1227E-02
   159.0      0.1280E-02
   159.5      0.1335E-02
   160.0      0.1389E-02
   160.5      0.1444E-02
   161.0      0.1499E-02
   161.5      0.1553E-02
   162.0      0.1606E-02
   162.5      0.1658E-02
   163.0      0.1708E-02
   163.5      0.1756E-02
   164.0      0.1801E-02
   164.5      0.1844E-02
   165.0      0.1884E-02
   165.5      0.1920E-02
   166.0      0.1954E-02
   166.5      0.1984E-02
   167.0      0.2011E-02
   167.5      0.2034E-02
   168.0      0.2053E-02
   168.5      0.2069E-02
   169.0      0.2082E-02
   169.5      0.2091E-02
   170.0      0.2097E-02
   170.5      0.2100E-02
   171.0      0.2101E-02
   171.5      0.2098E-02
   172.0      0.2094E-02
   172.5      0.2088E-02
   173.0      0.2080E-02
   173.5      0.2071E-02
   174.0      0.2061E-02
   174.5      0.2050E-02
   175.0      0.2039E-02
   175.5      0.2027E-02
   176.0      0.2017E-02
   176.5      0.2006E-02
   177.0      0.1997E-02
   177.5      0.1988E-02
   178.0      0.1981E-02
   178.5      0.1975E-02
   179.0      0.1971E-02
   179.5      0.1968E-02
   180.0      0.1967E-02
 END
@legend string   3 "Partition=  2 Excit=  3 near/far= 1"
#legend string   0 "Lab energy =   32.0000"
@s3 linestyle   4
#  Theta       sigma       iT11        T20         T21         T22         Kyy for projectile
   0.000      0.1212    
  0.5000      0.1210    
   1.000      0.1204    
   1.500      0.1194    
   2.000      0.1180    
   2.500      0.1163    
   3.000      0.1143    
   3.500      0.1120    
   4.000      0.1095    
   4.500      0.1068    
   5.000      0.1039    
   5.500      0.1009    
   6.000      0.9797E-01
   6.500      0.9502E-01
   7.000      0.9214E-01
   7.500      0.8940E-01
   8.000      0.8685E-01
   8.500      0.8454E-01
   9.000      0.8250E-01
   9.500      0.8080E-01
   10.00      0.7945E-01
   10.50      0.7850E-01
   11.00      0.7796E-01
   11.50      0.7787E-01
   12.00      0.7823E-01
   12.50      0.7904E-01
   13.00      0.8032E-01
   13.50      0.8205E-01
   14.00      0.8422E-01
   14.50      0.8681E-01
   15.00      0.8980E-01
   15.50      0.9315E-01
   16.00      0.9684E-01
   16.50      0.1008    
   17.00      0.1051    
   17.50      0.1095    
   18.00      0.1141    
   18.50      0.1189    
   19.00      0.1237    
   19.50      0.1285    
   20.00      0.1333    
   20.50      0.1380    
   21.00      0.1426    
   21.50      0.1470    
   22.00      0.1513    
   22.50      0.1552    
   23.00      0.1589    
   23.50      0.1623    
   24.00      0.1654    
   24.50      0.1681    
   25.00      0.1704    
   25.50      0.1724    
   26.00      0.1739    
   26.50      0.1750    
   27.00      0.1757    
   27.50      0.1760    
   28.00      0.1759    
   28.50      0.1754    
   29.00      0.1744    
   29.50      0.1731    
   30.00      0.1715    
   30.50      0.1695    
   31.00      0.1671    
   31.50      0.1645    
   32.00      0.1616    
   32.50      0.1584    
   33.00      0.1550    
   33.50      0.1514    
   34.00      0.1476    
   34.50      0.1437    
   35.00      0.1396    
   35.50      0.1355    
   36.00      0.1312    
   36.50      0.1269    
   37.00      0.1226    
   37.50      0.1182    
   38.00      0.1139    
   38.50      0.1096    
   39.00      0.1054    
   39.50      0.1012    
   40.00      0.9709E-01
   40.50      0.9311E-01
   41.00      0.8923E-01
   41.50      0.8548E-01
   42.00      0.8187E-01
   42.50      0.7840E-01
   43.00      0.7508E-01
   43.50      0.7192E-01
   44.00      0.6893E-01
   44.50      0.6609E-01
   45.00      0.6343E-01
   45.50      0.6094E-01
   46.00      0.5861E-01
   46.50      0.5645E-01
   47.00      0.5445E-01
   47.50      0.5262E-01
   48.00      0.5094E-01
   48.50      0.4942E-01
   49.00      0.4804E-01
   49.50      0.4681E-01
   50.00      0.4570E-01
   50.50      0.4473E-01
   51.00      0.4387E-01
   51.50      0.4312E-01
   52.00      0.4247E-01
   52.50      0.4192E-01
   53.00      0.4145E-01
   53.50      0.4106E-01
   54.00      0.4073E-01
   54.50      0.4046E-01
   55.00      0.4025E-01
   55.50      0.4007E-01
   56.00      0.3993E-01
   56.50      0.3981E-01
   57.00      0.3972E-01
   57.50      0.3963E-01
   58.00      0.3955E-01
   58.50      0.3947E-01
   59.00      0.3938E-01
   59.50      0.3927E-01
   60.00      0.3915E-01
   60.50      0.3901E-01
   61.00      0.3884E-01
   61.50      0.3864E-01
   62.00      0.3841E-01
   62.50      0.3814E-01
   63.00      0.3784E-01
   63.50      0.3750E-01
   64.00      0.3712E-01
   64.50      0.3671E-01
   65.00      0.3625E-01
   65.50      0.3576E-01
   66.00      0.3522E-01
   66.50      0.3465E-01
   67.00      0.3404E-01
   67.50      0.3340E-01
   68.00      0.3273E-01
   68.50      0.3202E-01
   69.00      0.3129E-01
   69.50      0.3053E-01
   70.00      0.2975E-01
   70.50      0.2895E-01
   71.00      0.2813E-01
   71.50      0.2730E-01
   72.00      0.2646E-01
   72.50      0.2560E-01
   73.00      0.2474E-01
   73.50      0.2388E-01
   74.00      0.2302E-01
   74.50      0.2216E-01
   75.00      0.2130E-01
   75.50      0.2045E-01
   76.00      0.1961E-01
   76.50      0.1878E-01
   77.00      0.1797E-01
   77.50      0.1717E-01
   78.00      0.1639E-01
   78.50      0.1563E-01
   79.00      0.1489E-01
   79.50      0.1418E-01
   80.00      0.1348E-01
   80.50      0.1281E-01
   81.00      0.1217E-01
   81.50      0.1155E-01
   82.00      0.1096E-01
   82.50      0.1039E-01
   83.00      0.9851E-02
   83.50      0.9339E-02
   84.00      0.8853E-02
   84.50      0.8395E-02
   85.00      0.7963E-02
   85.50      0.7558E-02
   86.00      0.7178E-02
   86.50      0.6824E-02
   87.00      0.6495E-02
   87.50      0.6190E-02
   88.00      0.5908E-02
   88.50      0.5649E-02
   89.00      0.5412E-02
   89.50      0.5196E-02
   90.00      0.5000E-02
   90.50      0.4823E-02
   91.00      0.4665E-02
   91.50      0.4524E-02
   92.00      0.4399E-02
   92.50      0.4290E-02
   93.00      0.4195E-02
   93.50      0.4113E-02
   94.00      0.4044E-02
   94.50      0.3986E-02
   95.00      0.3939E-02
   95.50      0.3901E-02
   96.00      0.3872E-02
   96.50      0.3851E-02
   97.00      0.3836E-02
   97.50      0.3828E-02
   98.00      0.3824E-02
   98.50      0.3825E-02
   99.00      0.3830E-02
   99.50      0.3837E-02
   100.0      0.3847E-02
   100.5      0.3857E-02
   101.0      0.3869E-02
   101.5      0.3880E-02
   102.0      0.3891E-02
   102.5      0.3901E-02
   103.0      0.3909E-02
   103.5      0.3916E-02
   104.0      0.3919E-02
   104.5      0.3920E-02
   105.0      0.3918E-02
   105.5      0.3912E-02
   106.0      0.3902E-02
   106.5      0.3888E-02
   107.0      0.3870E-02
   107.5      0.3847E-02
   108.0      0.3820E-02
   108.5      0.3789E-02
   109.0      0.3752E-02
   109.5      0.3712E-02
   110.0      0.3667E-02
   110.5      0.3618E-02
   111.0      0.3565E-02
   111.5      0.3507E-02
   112.0      0.3447E-02
   112.5      0.3383E-02
   113.0      0.3316E-02
   113.5      0.3246E-02
   114.0      0.3174E-02
   114.5      0.3100E-02
   115.0      0.3025E-02
   115.5      0.2948E-02
   116.0      0.2871E-02
   116.5      0.2794E-02
   117.0      0.2718E-02
   117.5      0.2642E-02
   118.0      0.2567E-02
   118.5      0.2495E-02
   119.0      0.2424E-02
   119.5      0.2356E-02
   120.0      0.2292E-02
   120.5      0.2230E-02
   121.0      0.2173E-02
   121.5      0.2120E-02
   122.0      0.2071E-02
   122.5      0.2026E-02
   123.0      0.1987E-02
   123.5      0.1952E-02
   124.0      0.1923E-02
   124.5      0.1899E-02
   125.0      0.1880E-02
   125.5      0.1866E-02
   126.0      0.1856E-02
   126.5      0.1852E-02
   127.0      0.1853E-02
   127.5      0.1858E-02
   128.0      0.1867E-02
   128.5      0.1879E-02
   129.0      0.1895E-02
   129.5      0.1914E-02
   130.0      0.1936E-02
   130.5      0.1960E-02
   131.0      0.1985E-02
   131.5      0.2011E-02
   132.0      0.2038E-02
   132.5      0.2064E-02
   133.0      0.2090E-02
   133.5      0.2115E-02
   134.0      0.2138E-02
   134.5      0.2159E-02
   135.0      0.2177E-02
   135.5      0.2191E-02
   136.0      0.2202E-02
   136.5      0.2209E-02
   137.0      0.2212E-02
   137.5      0.2210E-02
   138.0      0.2202E-02
   138.5      0.2190E-02
   139.0      0.2171E-02
   139.5      0.2147E-02
   140.0      0.2118E-02
   140.5      0.2082E-02
   141.0      0.2041E-02
   141.5      0.1994E-02
   142.0      0.1942E-02
   142.5      0.1885E-02
   143.0      0.1822E-02
   143.5      0.1755E-02
   144.0      0.1683E-02
   144.5      0.1608E-02
   145.0      0.1529E-02
   145.5      0.1447E-02
   146.0      0.1363E-02
   146.5      0.1277E-02
   147.0      0.1190E-02
   147.5      0.1102E-02
   148.0      0.1014E-02
   148.5      0.9264E-03
   149.0      0.8403E-03
   149.5      0.7561E-03
   150.0      0.6745E-03
   150.5      0.5961E-03
   151.0      0.5215E-03
   151.5      0.4513E-03
   152.0      0.3860E-03
   152.5      0.3264E-03
   153.0      0.2728E-03
   153.5      0.2257E-03
   154.0      0.1856E-03
   154.5      0.1529E-03
   155.0      0.1280E-03
   155.5      0.1111E-03
   156.0      0.1026E-03
   156.5      0.1027E-03
   157.0      0.1115E-03
   157.5      0.1291E-03
   158.0      0.1557E-03
   158.5      0.1912E-03
   159.0      0.2356E-03
   159.5      0.2888E-03
   160.0      0.3507E-03
   160.5      0.4211E-03
   161.0      0.4997E-03
   161.5      0.5863E-03
   162.0      0.6806E-03
   162.5      0.7821E-03
   163.0      0.8905E-03
   163.5      0.1005E-02
   164.0      0.1126E-02
   164.5      0.1252E-02
   165.0      0.1384E-02
   165.5      0.1519E-02
   166.0      0.1658E-02
   166.5      0.1800E-02
   167.0      0.1945E-02
   167.5      0.2092E-02
   168.0      0.2240E-02
   168.5      0.2388E-02
   169.0      0.2536E-02
   169.5      0.2684E-02
   170.0      0.2830E-02
   170.5      0.2973E-02
   171.0      0.3114E-02
   171.5      0.3252E-02
   172.0      0.3385E-02
   172.5      0.3514E-02
   173.0      0.3637E-02
   173.5      0.3755E-02
   174.0      0.3866E-02
   174.5      0.3971E-02
   175.0      0.4068E-02
   175.5      0.4157E-02
   176.0      0.4238E-02
   176.5      0.4310E-02
   177.0      0.4373E-02
   177.5      0.4427E-02
   178.0      0.4472E-02
   178.5      0.4507E-02
   179.0      0.4532E-02
   179.5      0.4547E-02
   180.0      0.4552E-02
 END
@legend string   4 "Partition=  2 Excit=  4 near/far= 1"
#legend string   0 "Lab energy =   32.0000"
@s4 linestyle   5
#  Theta       sigma       iT11        T20         T21         T22         Kyy for projectile
   0.000      0.1277    
  0.5000      0.1278    
   1.000      0.1280    
   1.500      0.1285    
   2.000      0.1290    
   2.500      0.1297    
   3.000      0.1306    
   3.500      0.1315    
   4.000      0.1326    
   4.500      0.1337    
   5.000      0.1349    
   5.500      0.1361    
   6.000      0.1373    
   6.500      0.1386    
   7.000      0.1397    
   7.500      0.1409    
   8.000      0.1419    
   8.500      0.1429    
   9.000      0.1437    
   9.500      0.1444    
   10.00      0.1450    
   10.50      0.1454    
   11.00      0.1457    
   11.50      0.1458    
   12.00      0.1457    
   12.50      0.1455    
   13.00      0.1451    
   13.50      0.1446    
   14.00      0.1439    
   14.50      0.1431    
   15.00      0.1422    
   15.50      0.1411    
   16.00      0.1399    
   16.50      0.1387    
   17.00      0.1373    
   17.50      0.1360    
   18.00      0.1345    
   18.50      0.1330    
   19.00      0.1315    
   19.50      0.1300    
   20.00      0.1285    
   20.50      0.1270    
   21.00      0.1255    
   21.50      0.1240    
   22.00      0.1226    
   22.50      0.1212    
   23.00      0.1198    
   23.50      0.1184    
   24.00      0.1171    
   24.50      0.1157    
   25.00      0.1144    
   25.50      0.1131    
   26.00      0.1118    
   26.50      0.1105    
   27.00      0.1092    
   27.50      0.1079    
   28.00      0.1066    
   28.50      0.1052    
   29.00      0.1038    
   29.50      0.1023    
   30.00      0.1008    
   30.50      0.9924E-01
   31.00      0.9761E-01
   31.50      0.9592E-01
   32.00      0.9415E-01
   32.50      0.9232E-01
   33.00      0.9041E-01
   33.50      0.8844E-01
   34.00      0.8639E-01
   34.50      0.8427E-01
   35.00      0.8210E-01
   35.50      0.7985E-01
   36.00      0.7756E-01
   36.50      0.7521E-01
   37.00      0.7281E-01
   37.50      0.7038E-01
   38.00      0.6792E-01
   38.50      0.6543E-01
   39.00      0.6292E-01
   39.50      0.6041E-01
   40.00      0.5789E-01
   40.50      0.5538E-01
   41.00      0.5288E-01
   41.50      0.5040E-01
   42.00      0.4795E-01
   42.50      0.4553E-01
   43.00      0.4316E-01
   43.50      0.4083E-01
   44.00      0.3855E-01
   44.50      0.3634E-01
   45.00      0.3418E-01
   45.50      0.3209E-01
   46.00      0.3006E-01
   46.50      0.2811E-01
   47.00      0.2623E-01
   47.50      0.2443E-01
   48.00      0.2271E-01
   48.50      0.2107E-01
   49.00      0.1950E-01
   49.50      0.1802E-01
   50.00      0.1661E-01
   50.50      0.1528E-01
   51.00      0.1403E-01
   51.50      0.1285E-01
   52.00      0.1175E-01
   52.50      0.1072E-01
   53.00      0.9758E-02
   53.50      0.8865E-02
   54.00      0.8039E-02
   54.50      0.7275E-02
   55.00      0.6572E-02
   55.50      0.5927E-02
   56.00      0.5337E-02
   56.50      0.4799E-02
   57.00      0.4310E-02
   57.50      0.3869E-02
   58.00      0.3471E-02
   58.50      0.3115E-02
   59.00      0.2798E-02
   59.50      0.2517E-02
   60.00      0.2270E-02
   60.50      0.2053E-02
   61.00      0.1866E-02
   61.50      0.1705E-02
   62.00      0.1569E-02
   62.50      0.1455E-02
   63.00      0.1362E-02
   63.50      0.1287E-02
   64.00      0.1229E-02
   64.50      0.1186E-02
   65.00      0.1157E-02
   65.50      0.1140E-02
   66.00      0.1133E-02
   66.50      0.1136E-02
   67.00      0.1147E-02
   67.50      0.1165E-02
   68.00      0.1189E-02
   68.50      0.1219E-02
   69.00      0.1252E-02
   69.50      0.1290E-02
   70.00      0.1329E-02
   70.50      0.1371E-02
   71.00      0.1415E-02
   71.50      0.1460E-02
   72.00      0.1505E-02
   72.50      0.1550E-02
   73.00      0.1595E-02
   73.50      0.1639E-02
   74.00      0.1683E-02
   74.50      0.1725E-02
   75.00      0.1767E-02
   75.50      0.1806E-02
   76.00      0.1844E-02
   76.50      0.1881E-02
   77.00      0.1915E-02
   77.50      0.1948E-02
   78.00      0.1979E-02
   78.50      0.2007E-02
   79.00      0.2034E-02
   79.50      0.2059E-02
   80.00      0.2081E-02
   80.50      0.2102E-02
   81.00      0.2121E-02
   81.50      0.2137E-02
   82.00      0.2152E-02
   82.50      0.2165E-02
   83.00      0.2176E-02
   83.50      0.2185E-02
   84.00      0.2193E-02
   84.50      0.2198E-02
   85.00      0.2203E-02
   85.50      0.2205E-02
   86.00      0.2206E-02
   86.50      0.2206E-02
   87.00      0.2204E-02
   87.50      0.2200E-02
   88.00      0.2195E-02
   88.50      0.2189E-02
   89.00      0.2181E-02
   89.50      0.2172E-02
   90.00      0.2162E-02
   90.50      0.2150E-02
   91.00      0.2137E-02
   91.50      0.2122E-02
   92.00      0.2107E-02
   92.50      0.2090E-02
   93.00      0.2071E-02
   93.50      0.2052E-02
   94.00      0.2031E-02
   94.50      0.2008E-02
   95.00      0.1984E-02
   95.50      0.1959E-02
   96.00      0.1933E-02
   96.50      0.1905E-02
   97.00      0.1875E-02
   97.50      0.1845E-02
   98.00      0.1812E-02
   98.50      0.1779E-02
   99.00      0.1744E-02
   99.50      0.1707E-02
   100.0      0.1670E-02
   100.5      0.1631E-02
   101.0      0.1590E-02
   101.5      0.1549E-02
   102.0      0.1506E-02
   102.5      0.1463E-02
   103.0      0.1418E-02
   103.5      0.1372E-02
   104.0      0.1326E-02
   104.5      0.1279E-02
   105.0      0.1231E-02
   105.5      0.1183E-02
   106.0      0.1134E-02
   106.5      0.1086E-02
   107.0      0.1037E-02
   107.5      0.9886E-03
   108.0      0.9406E-03
   108.5      0.8931E-03
   109.0      0.8463E-03
   109.5      0.8004E-03
   110.0      0.7556E-03
   110.5      0.7121E-03
   111.0      0.6701E-03
   111.5      0.6298E-03
   112.0      0.5913E-03
   112.5      0.5549E-03
   113.0      0.5208E-03
   113.5      0.4891E-03
   114.0      0.4600E-03
   114.5      0.4336E-03
   115.0      0.4102E-03
   115.5      0.3899E-03
   116.0      0.3727E-03
   116.5      0.3589E-03
   117.0      0.3485E-03
   117.5      0.3416E-03
   118.0      0.3383E-03
   118.5      0.3386E-03
   119.0      0.3426E-03
   119.5      0.3504E-03
   120.0      0.3619E-03
   120.5      0.3770E-03
   121.0      0.3958E-03
   121.5      0.4182E-03
   122.0      0.4442E-03
   122.5      0.4735E-03
   123.0      0.5061E-03
   123.5      0.5418E-03
   124.0      0.5805E-03
   124.5      0.6220E-03
   125.0      0.6660E-03
   125.5      0.7123E-03
   126.0      0.7608E-03
   126.5      0.8109E-03
   127.0      0.8627E-03
   127.5      0.9156E-03
   128.0      0.9693E-03
   128.5      0.1024E-02
   129.0      0.1078E-02
   129.5      0.1133E-02
   130.0      0.1187E-02
   130.5      0.1240E-02
   131.0      0.1291E-02
   131.5      0.1342E-02
   132.0      0.1390E-02
   132.5      0.1436E-02
   133.0      0.1480E-02
   133.5      0.1521E-02
   134.0      0.1558E-02
   134.5      0.1592E-02
   135.0      0.1623E-02
   135.5      0.1650E-02
   136.0      0.1672E-02
   136.5      0.1691E-02
   137.0      0.1705E-02
   137.5      0.1715E-02
   138.0      0.1721E-02
   138.5      0.1723E-02
   139.0      0.1720E-02
   139.5      0.1713E-02
   140.0      0.1702E-02
   140.5      0.1688E-02
   141.0      0.1670E-02
   141.5      0.1648E-02
   142.0      0.1624E-02
   142.5      0.1598E-02
   143.0      0.1569E-02
   143.5      0.1539E-02
   144.0      0.1508E-02
   144.5      0.1476E-02
   145.0      0.1444E-02
   145.5      0.1412E-02
   146.0      0.1381E-02
   146.5      0.1352E-02
   147.0      0.1324E-02
   147.5      0.1299E-02
   148.0      0.1277E-02
   148.5      0.1258E-02
   149.0      0.1244E-02
   149.5      0.1233E-02
   150.0      0.1227E-02
   150.5      0.1227E-02
   151.0      0.1231E-02
   151.5      0.1241E-02
   152.0      0.1257E-02
   152.5      0.1279E-02
   153.0      0.1307E-02
   153.5      0.1340E-02
   154.0      0.1380E-02
   154.5      0.1425E-02
   155.0      0.1475E-02
   155.5      0.1531E-02
   156.0      0.1592E-02
   156.5      0.1657E-02
   157.0      0.1727E-02
   157.5      0.1800E-02
   158.0      0.1877E-02
   158.5      0.1956E-02
   159.0      0.2037E-02
   159.5      0.2120E-02
   160.0      0.2203E-02
   160.5      0.2287E-02
   161.0      0.2370E-02
   161.5      0.2453E-02
   162.0      0.2534E-02
   162.5      0.2613E-02
   163.0      0.2689E-02
   163.5      0.2762E-02
   164.0      0.2831E-02
   164.5      0.2896E-02
   165.0      0.2957E-02
   165.5      0.3012E-02
   166.0      0.3063E-02
   166.5      0.3108E-02
   167.0      0.3149E-02
   167.5      0.3183E-02
   168.0      0.3212E-02
   168.5      0.3236E-02
   169.0      0.3254E-02
   169.5      0.3267E-02
   170.0      0.3276E-02
   170.5      0.3280E-02
   171.0      0.3279E-02
   171.5      0.3275E-02
   172.0      0.3267E-02
   172.5      0.3257E-02
   173.0      0.3244E-02
   173.5      0.3229E-02
   174.0      0.3212E-02
   174.5      0.3195E-02
   175.0      0.3177E-02
   175.5      0.3159E-02
   176.0      0.3141E-02
   176.5      0.3125E-02
   177.0      0.3110E-02
   177.5      0.3096E-02
   178.0      0.3085E-02
   178.5      0.3075E-02
   179.0      0.3069E-02
   179.5      0.3065E-02
   180.0      0.3063E-02
 END
@legend string   5 "Partition=  2 Excit=  5 near/far= 1"
#legend string   0 "Lab energy =   32.0000"
@s5 linestyle   1
#  Theta       sigma       iT11        T20         T21         T22         Kyy for projectile
   0.000      0.5668E-01
  0.5000      0.5667E-01
   1.000      0.5663E-01
   1.500      0.5657E-01
   2.000      0.5648E-01
   2.500      0.5637E-01
   3.000      0.5624E-01
   3.500      0.5609E-01
   4.000      0.5592E-01
   4.500      0.5574E-01
   5.000      0.5553E-01
   5.500      0.5532E-01
   6.000      0.5509E-01
   6.500      0.5485E-01
   7.000      0.5461E-01
   7.500      0.5436E-01
   8.000      0.5411E-01
   8.500      0.5387E-01
   9.000      0.5362E-01
   9.500      0.5338E-01
   10.00      0.5315E-01
   10.50      0.5292E-01
   11.00      0.5271E-01
   11.50      0.5251E-01
   12.00      0.5232E-01
   12.50      0.5215E-01
   13.00      0.5199E-01
   13.50      0.5185E-01
   14.00      0.5173E-01
   14.50      0.5163E-01
   15.00      0.5154E-01
   15.50      0.5146E-01
   16.00      0.5141E-01
   16.50      0.5136E-01
   17.00      0.5133E-01
   17.50      0.5131E-01
   18.00      0.5130E-01
   18.50      0.5130E-01
   19.00      0.5130E-01
   19.50      0.5130E-01
   20.00      0.5130E-01
   20.50      0.5130E-01
   21.00      0.5129E-01
   21.50      0.5127E-01
   22.00      0.5125E-01
   22.50      0.5120E-01
   23.00      0.5115E-01
   23.50      0.5107E-01
   24.00      0.5097E-01
   24.50      0.5085E-01
   25.00      0.5071E-01
   25.50      0.5054E-01
   26.00      0.5034E-01
   26.50      0.5012E-01
   27.00      0.4987E-01
   27.50      0.4959E-01
   28.00      0.4928E-01
   28.50      0.4894E-01
   29.00      0.4857E-01
   29.50      0.4818E-01
   30.00      0.4776E-01
   30.50      0.4731E-01
   31.00      0.4684E-01
   31.50      0.4634E-01
   32.00      0.4583E-01
   32.50      0.4529E-01
   33.00      0.4473E-01
   33.50      0.4416E-01
   34.00      0.4358E-01
   34.50      0.4298E-01
   35.00      0.4237E-01
   35.50      0.4175E-01
   36.00      0.4112E-01
   36.50      0.4048E-01
   37.00      0.3984E-01
   37.50      0.3920E-01
   38.00      0.3856E-01
   38.50      0.3791E-01
   39.00      0.3727E-01
   39.50      0.3662E-01
   40.00      0.3598E-01
   40.50      0.3534E-01
   41.00      0.3471E-01
   41.50      0.3408E-01
   42.00      0.3345E-01
   42.50      0.3282E-01
   43.00      0.3220E-01
   43.50      0.3159E-01
   44.00      0.3098E-01
   44.50      0.3037E-01
   45.00      0.2977E-01
   45.50      0.2918E-01
   46.00      0.2858E-01
   46.50      0.2799E-01
   47.00      0.2741E-01
   47.50      0.2683E-01
   48.00      0.2625E-01
   48.50      0.2568E-01
   49.00      0.2511E-01
   49.50      0.2454E-01
   50.00      0.2398E-01
   50.50      0.2342E-01
   51.00      0.2286E-01
   51.50      0.2231E-01
   52.00      0.2176E-01
   52.50      0.2122E-01
   53.00      0.2068E-01
   53.50      0.2014E-01
   54.00      0.1961E-01
   54.50      0.1908E-01
   55.00      0.1856E-01
   55.50      0.1805E-01
   56.00      0.1754E-01
   56.50      0.1704E-01
   57.00      0.1654E-01
   57.50      0.1606E-01
   58.00      0.1558E-01
   58.50      0.1511E-01
   59.00      0.1464E-01
   59.50      0.1419E-01
   60.00      0.1374E-01
   60.50      0.1331E-01
   61.00      0.1288E-01
   61.50      0.1247E-01
   62.00      0.1206E-01
   62.50      0.1167E-01
   63.00      0.1128E-01
   63.50      0.1091E-01
   64.00      0.1054E-01
   64.50      0.1019E-01
   65.00      0.9850E-02
   65.50      0.9519E-02
   66.00      0.9199E-02
   66.50      0.8889E-02
   67.00      0.8590E-02
   67.50      0.8301E-02
   68.00      0.8022E-02
   68.50      0.7753E-02
   69.00      0.7494E-02
   69.50      0.7244E-02
   70.00      0.7003E-02
   70.50      0.6771E-02
   71.00      0.6548E-02
   71.50      0.6334E-02
   72.00      0.6127E-02
   72.50      0.5928E-02
   73.00      0.5737E-02
   73.50      0.5552E-02
   74.00      0.5375E-02
   74.50      0.5204E-02
   75.00      0.5039E-02
   75.50      0.4881E-02
   76.00      0.4728E-02
   76.50      0.4580E-02
   77.00      0.4438E-02
   77.50      0.4300E-02
   78.00      0.4167E-02
   78.50      0.4039E-02
   79.00      0.3915E-02
   79.50      0.3795E-02
   80.00      0.3678E-02
   80.50      0.3566E-02
   81.00      0.3456E-02
   81.50      0.3350E-02
   82.00      0.3248E-02
   82.50      0.3148E-02
   83.00      0.3051E-02
   83.50      0.2957E-02
   84.00      0.2866E-02
   84.50      0.2777E-02
   85.00      0.2691E-02
   85.50      0.2607E-02
   86.00      0.2525E-02
   86.50      0.2446E-02
   87.00      0.2369E-02
   87.50      0.2295E-02
   88.00      0.2222E-02
   88.50      0.2152E-02
   89.00      0.2083E-02
   89.50      0.2017E-02
   90.00      0.1952E-02
   90.50      0.1890E-02
   91.00      0.1829E-02
   91.50      0.1771E-02
   92.00      0.1714E-02
   92.50      0.1660E-02
   93.00      0.1607E-02
   93.50      0.1556E-02
   94.00      0.1507E-02
   94.50      0.1459E-02
   95.00      0.1414E-02
   95.50      0.1370E-02
   96.00      0.1328E-02
   96.50      0.1287E-02
   97.00      0.1249E-02
   97.50      0.1212E-02
   98.00      0.1177E-02
   98.50      0.1143E-02
   99.00      0.1111E-02
   99.50      0.1081E-02
   100.0      0.1052E-02
   100.5      0.1025E-02
   101.0      0.9997E-03
   101.5      0.9756E-03
   102.0      0.9529E-03
   102.5      0.9317E-03
   103.0      0.9119E-03
   103.5      0.8934E-03
   104.0      0.8763E-03
   104.5      0.8604E-03
   105.0      0.8458E-03
   105.5      0.8324E-03
   106.0      0.8201E-03
   106.5      0.8089E-03
   107.0      0.7988E-03
   107.5      0.7896E-03
   108.0      0.7814E-03
   108.5      0.7741E-03
   109.0      0.7676E-03
   109.5      0.7619E-03
   110.0      0.7569E-03
   110.5      0.7526E-03
   111.0      0.7488E-03
   111.5      0.7456E-03
   112.0      0.7429E-03
   112.5      0.7406E-03
   113.0      0.7387E-03
   113.5      0.7371E-03
   114.0      0.7357E-03
   114.5      0.7346E-03
   115.0      0.7335E-03
   115.5      0.7327E-03
   116.0      0.7318E-03
   116.5      0.7310E-03
   117.0      0.7301E-03
   117.5      0.7292E-03
   118.0      0.7282E-03
   118.5      0.7271E-03
   119.0      0.7259E-03
   119.5      0.7244E-03
   120.0      0.7228E-03
   120.5      0.7210E-03
   121.0      0.7190E-03
   121.5      0.7168E-03
   122.0      0.7144E-03
   122.5      0.7118E-03
   123.0      0.7090E-03
   123.5      0.7060E-03
   124.0      0.7029E-03
   124.5      0.6996E-03
   125.0      0.6961E-03
   125.5      0.6926E-03
   126.0      0.6890E-03
   126.5      0.6853E-03
   127.0      0.6816E-03
   127.5      0.6779E-03
   128.0      0.6742E-03
   128.5      0.6706E-03
   129.0      0.6670E-03
   129.5      0.6636E-03
   130.0      0.6603E-03
   130.5      0.6572E-03
   131.0      0.6543E-03
   131.5      0.6516E-03
   132.0      0.6491E-03
   132.5      0.6469E-03
   133.0      0.6449E-03
   133.5      0.6433E-03
   134.0      0.6420E-03
   134.5      0.6409E-03
   135.0      0.6403E-03
   135.5      0.6399E-03
   136.0      0.6399E-03
   136.5      0.6403E-03
   137.0      0.6411E-03
   137.5      0.6422E-03
   138.0      0.6436E-03
   138.5      0.6455E-03
   139.0      0.6477E-03
   139.5      0.6504E-03
   140.0      0.6534E-03
   140.5      0.6568E-03
   141.0      0.6605E-03
   141.5      0.6647E-03
   142.0      0.6693E-03
   142.5      0.6743E-03
   143.0      0.6796E-03
   143.5      0.6854E-03
   144.0      0.6916E-03
   144.5      0.6983E-03
   145.0      0.7053E-03
   145.5      0.7128E-03
   146.0      0.7208E-03
   146.5      0.7292E-03
   147.0      0.7380E-03
   147.5      0.7473E-03
   148.0      0.7571E-03
   148.5      0.7674E-03
   149.0      0.7781E-03
   149.5      0.7893E-03
   150.0      0.8010E-03
   150.5      0.8131E-03
   151.0      0.8257E-03
   151.5      0.8388E-03
   152.0      0.8523E-03
   152.5      0.8662E-03
   153.0      0.8805E-03
   153.5      0.8952E-03
   154.0      0.9103E-03
   154.5      0.9256E-03
   155.0      0.9413E-03
   155.5      0.9572E-03
   156.0      0.9733E-03
   156.5      0.9896E-03
   157.0      0.1006E-02
   157.5      0.1022E-02
   158.0      0.1039E-02
   158.5      0.1055E-02
   159.0      0.1072E-02
   159.5      0.1088E-02
   160.0      0.1104E-02
   160.5      0.1120E-02
   161.0      0.1135E-02
   161.5      0.1150E-02
   162.0      0.1165E-02
   162.5      0.1179E-02
   163.0      0.1193E-02
   163.5      0.1207E-02
   164.0      0.1219E-02
   164.5      0.1231E-02
   165.0      0.1243E-02
   165.5      0.1254E-02
   166.0      0.1264E-02
   166.5      0.1273E-02
   167.0      0.1282E-02
   167.5      0.1290E-02
   168.0      0.1297E-02
   168.5      0.1304E-02
   169.0      0.1310E-02
   169.5      0.1316E-02
   170.0      0.1320E-02
   170.5      0.1324E-02
   171.0      0.1328E-02
   171.5      0.1331E-02
   172.0      0.1334E-02
   172.5      0.1336E-02
   173.0      0.1338E-02
   173.5      0.1339E-02
   174.0      0.1340E-02
   174.5      0.1341E-02
   175.0      0.1341E-02
   175.5      0.1342E-02
   176.0      0.1342E-02
   176.5      0.1342E-02
   177.0      0.1342E-02
   177.5      0.1342E-02
   178.0      0.1342E-02
   178.5      0.1342E-02
   179.0      0.1341E-02
   179.5      0.1341E-02
   180.0      0.1341E-02
 END
@legend string   6 "Partition=  2 Excit=  6 near/far= 1"
#legend string   0 "Lab energy =   32.0000"
@s6 linestyle   2
#  Theta       sigma       iT11        T20         T21         T22         Kyy for projectile
   0.000      0.1719    
  0.5000      0.1718    
   1.000      0.1715    
   1.500      0.1710    
   2.000      0.1704    
   2.500      0.1695    
   3.000      0.1685    
   3.500      0.1673    
   4.000      0.1660    
   4.500      0.1645    
   5.000      0.1628    
   5.500      0.1610    
   6.000      0.1591    
   6.500      0.1571    
   7.000      0.1549    
   7.500      0.1526    
   8.000      0.1503    
   8.500      0.1478    
   9.000      0.1453    
   9.500      0.1427    
   10.00      0.1401    
   10.50      0.1374    
   11.00      0.1347    
   11.50      0.1319    
   12.00      0.1291    
   12.50      0.1263    
   13.00      0.1235    
   13.50      0.1208    
   14.00      0.1180    
   14.50      0.1152    
   15.00      0.1125    
   15.50      0.1098    
   16.00      0.1071    
   16.50      0.1045    
   17.00      0.1019    
   17.50      0.9941E-01
   18.00      0.9696E-01
   18.50      0.9457E-01
   19.00      0.9226E-01
   19.50      0.9002E-01
   20.00      0.8785E-01
   20.50      0.8577E-01
   21.00      0.8377E-01
   21.50      0.8185E-01
   22.00      0.8002E-01
   22.50      0.7828E-01
   23.00      0.7663E-01
   23.50      0.7508E-01
   24.00      0.7361E-01
   24.50      0.7224E-01
   25.00      0.7097E-01
   25.50      0.6979E-01
   26.00      0.6870E-01
   26.50      0.6771E-01
   27.00      0.6682E-01
   27.50      0.6602E-01
   28.00      0.6531E-01
   28.50      0.6470E-01
   29.00      0.6418E-01
   29.50      0.6375E-01
   30.00      0.6341E-01
   30.50      0.6315E-01
   31.00      0.6298E-01
   31.50      0.6288E-01
   32.00      0.6286E-01
   32.50      0.6291E-01
   33.00      0.6303E-01
   33.50      0.6320E-01
   34.00      0.6344E-01
   34.50      0.6372E-01
   35.00      0.6405E-01
   35.50      0.6441E-01
   36.00      0.6481E-01
   36.50      0.6523E-01
   37.00      0.6568E-01
   37.50      0.6614E-01
   38.00      0.6660E-01
   38.50      0.6707E-01
   39.00      0.6753E-01
   39.50      0.6798E-01
   40.00      0.6841E-01
   40.50      0.6882E-01
   41.00      0.6921E-01
   41.50      0.6957E-01
   42.00      0.6989E-01
   42.50      0.7017E-01
   43.00      0.7041E-01
   43.50      0.7060E-01
   44.00      0.7074E-01
   44.50      0.7082E-01
   45.00      0.7085E-01
   45.50      0.7083E-01
   46.00      0.7074E-01
   46.50      0.7059E-01
   47.00      0.7038E-01
   47.50      0.7011E-01
   48.00      0.6977E-01
   48.50      0.6938E-01
   49.00      0.6891E-01
   49.50      0.6839E-01
   50.00      0.6781E-01
   50.50      0.6717E-01
   51.00      0.6647E-01
   51.50      0.6571E-01
   52.00      0.6491E-01
   52.50      0.6405E-01
   53.00      0.6315E-01
   53.50      0.6220E-01
   54.00      0.6121E-01
   54.50      0.6019E-01
   55.00      0.5913E-01
   55.50      0.5804E-01
   56.00      0.5693E-01
   56.50      0.5579E-01
   57.00      0.5464E-01
   57.50      0.5347E-01
   58.00      0.5228E-01
   58.50      0.5109E-01
   59.00      0.4989E-01
   59.50      0.4869E-01
   60.00      0.4749E-01
   60.50      0.4630E-01
   61.00      0.4510E-01
   61.50      0.4392E-01
   62.00      0.4274E-01
   62.50      0.4158E-01
   63.00      0.4043E-01
   63.50      0.3930E-01
   64.00      0.3819E-01
   64.50      0.3709E-01
   65.00      0.3602E-01
   65.50      0.3496E-01
   66.00      0.3394E-01
   66.50      0.3293E-01
   67.00      0.3195E-01
   67.50      0.3099E-01
   68.00      0.3006E-01
   68.50      0.2916E-01
   69.00      0.2828E-01
   69.50      0.2743E-01
   70.00      0.2661E-01
   70.50      0.2582E-01
   71.00      0.2505E-01
   71.50      0.2431E-01
   72.00      0.2359E-01
   72.50      0.2290E-01
   73.00      0.2223E-01
   73.50      0.2159E-01
   74.00      0.2098E-01
   74.50      0.2039E-01
   75.00      0.1982E-01
   75.50      0.1927E-01
   76.00      0.1874E-01
   76.50      0.1823E-01
   77.00      0.1775E-01
   77.50      0.1728E-01
   78.00      0.1683E-01
   78.50      0.1640E-01
   79.00      0.1599E-01
   79.50      0.1559E-01
   80.00      0.1520E-01
   80.50      0.1484E-01
   81.00      0.1448E-01
   81.50      0.1414E-01
   82.00      0.1382E-01
   82.50      0.1351E-01
   83.00      0.1320E-01
   83.50      0.1291E-01
   84.00      0.1264E-01
   84.50      0.1237E-01
   85.00      0.1211E-01
   85.50      0.1186E-01
   86.00      0.1163E-01
   86.50      0.1140E-01
   87.00      0.1117E-01
   87.50      0.1096E-01
   88.00      0.1075E-01
   88.50      0.1056E-01
   89.00      0.1036E-01
   89.50      0.1018E-01
   90.00      0.9995E-02
   90.50      0.9820E-02
   91.00      0.9650E-02
   91.50      0.9485E-02
   92.00      0.9324E-02
   92.50      0.9168E-02
   93.00      0.9015E-02
   93.50      0.8867E-02
   94.00      0.8722E-02
   94.50      0.8580E-02
   95.00      0.8442E-02
   95.50      0.8307E-02
   96.00      0.8175E-02
   96.50      0.8045E-02
   97.00      0.7919E-02
   97.50      0.7796E-02
   98.00      0.7675E-02
   98.50      0.7557E-02
   99.00      0.7441E-02
   99.50      0.7328E-02
   100.0      0.7217E-02
   100.5      0.7108E-02
   101.0      0.7002E-02
   101.5      0.6897E-02
   102.0      0.6795E-02
   102.5      0.6694E-02
   103.0      0.6596E-02
   103.5      0.6499E-02
   104.0      0.6404E-02
   104.5      0.6311E-02
   105.0      0.6220E-02
   105.5      0.6130E-02
   106.0      0.6041E-02
   106.5      0.5955E-02
   107.0      0.5869E-02
   107.5      0.5786E-02
   108.0      0.5703E-02
   108.5      0.5622E-02
   109.0      0.5543E-02
   109.5      0.5465E-02
   110.0      0.5389E-02
   110.5      0.5314E-02
   111.0      0.5241E-02
   111.5      0.5169E-02
   112.0      0.5098E-02
   112.5      0.5029E-02
   113.0      0.4961E-02
   113.5      0.4895E-02
   114.0      0.4829E-02
   114.5      0.4765E-02
   115.0      0.4703E-02
   115.5      0.4641E-02
   116.0      0.4580E-02
   116.5      0.4520E-02
   117.0      0.4461E-02
   117.5      0.4403E-02
   118.0      0.4346E-02
   118.5      0.4289E-02
   119.0      0.4233E-02
   119.5      0.4178E-02
   120.0      0.4123E-02
   120.5      0.4069E-02
   121.0      0.4015E-02
   121.5      0.3962E-02
   122.0      0.3910E-02
   122.5      0.3859E-02
   123.0      0.3808E-02
   123.5      0.3758E-02
   124.0      0.3709E-02
   124.5      0.3661E-02
   125.0      0.3614E-02
   125.5      0.3567E-02
   126.0      0.3522E-02
   126.5      0.3478E-02
   127.0      0.3436E-02
   127.5      0.3394E-02
   128.0      0.3354E-02
   128.5      0.3315E-02
   129.0      0.3278E-02
   129.5      0.3242E-02
   130.0      0.3208E-02
   130.5      0.3174E-02
   131.0      0.3143E-02
   131.5      0.3113E-02
   132.0      0.3085E-02
   132.5      0.3058E-02
   133.0      0.3033E-02
   133.5      0.3010E-02
   134.0      0.2988E-02
   134.5      0.2968E-02
   135.0      0.2951E-02
   135.5      0.2935E-02
   136.0      0.2921E-02
   136.5      0.2910E-02
   137.0      0.2900E-02
   137.5      0.2893E-02
   138.0      0.2888E-02
   138.5      0.2886E-02
   139.0      0.2886E-02
   139.5      0.2888E-02
   140.0      0.2892E-02
   140.5      0.2899E-02
   141.0      0.2908E-02
   141.5      0.2919E-02
   142.0      0.2933E-02
   142.5      0.2949E-02
   143.0      0.2966E-02
   143.5      0.2986E-02
   144.0      0.3008E-02
   144.5      0.3032E-02
   145.0      0.3057E-02
   145.5      0.3084E-02
   146.0      0.3113E-02
   146.5      0.3143E-02
   147.0      0.3175E-02
   147.5      0.3208E-02
   148.0      0.3242E-02
   148.5      0.3277E-02
   149.0      0.3314E-02
   149.5      0.3352E-02
   150.0      0.3390E-02
   150.5      0.3429E-02
   151.0      0.3469E-02
   151.5      0.3510E-02
   152.0      0.3551E-02
   152.5      0.3593E-02
   153.0      0.3635E-02
   153.5      0.3677E-02
   154.0      0.3719E-02
   154.5      0.3761E-02
   155.0      0.3802E-02
   155.5      0.3843E-02
   156.0      0.3884E-02
   156.5      0.3923E-02
   157.0      0.3961E-02
   157.5      0.3999E-02
   158.0      0.4034E-02
   158.5      0.4069E-02
   159.0      0.4102E-02
   159.5      0.4133E-02
   160.0      0.4162E-02
   160.5      0.4189E-02
   161.0      0.4215E-02
   161.5      0.4239E-02
   162.0      0.4260E-02
   162.5      0.4280E-02
   163.0      0.4297E-02
   163.5      0.4313E-02
   164.0      0.4326E-02
   164.5      0.4338E-02
   165.0      0.4348E-02
   165.5      0.4356E-02
   166.0      0.4362E-02
   166.5      0.4367E-02
   167.0      0.4370E-02
   167.5      0.4371E-02
   168.0      0.4371E-02
   168.5      0.4370E-02
   169.0      0.4367E-02
   169.5      0.4363E-02
   170.0      0.4358E-02
   170.5      0.4351E-02
   171.0      0.4344E-02
   171.5      0.4336E-02
   172.0      0.4327E-02
   172.5      0.4318E-02
   173.0      0.4308E-02
   173.5      0.4298E-02
   174.0      0.4288E-02
   174.5      0.4277E-02
   175.0      0.4267E-02
   175.5      0.4258E-02
   176.0      0.4248E-02
   176.5      0.4240E-02
   177.0      0.4232E-02
   177.5      0.4225E-02
   178.0      0.4220E-02
   178.5      0.4215E-02
   179.0      0.4212E-02
   179.5      0.4210E-02
   180.0      0.4209E-02
 END
@legend string   7 "Partition=  2 Excit=  7 near/far= 1"
#legend string   0 "Lab energy =   32.0000"
@s7 linestyle   3
#  Theta       sigma       iT11        T20         T21         T22         Kyy for projectile
   0.000      0.3878    
  0.5000      0.3871    
   1.000      0.3848    
   1.500      0.3809    
   2.000      0.3757    
   2.500      0.3690    
   3.000      0.3610    
   3.500      0.3517    
   4.000      0.3413    
   4.500      0.3298    
   5.000      0.3174    
   5.500      0.3042    
   6.000      0.2903    
   6.500      0.2758    
   7.000      0.2610    
   7.500      0.2459    
   8.000      0.2307    
   8.500      0.2156    
   9.000      0.2006    
   9.500      0.1859    
   10.00      0.1715    
   10.50      0.1578    
   11.00      0.1446    
   11.50      0.1322    
   12.00      0.1206    
   12.50      0.1099    
   13.00      0.1002    
   13.50      0.9142E-01
   14.00      0.8372E-01
   14.50      0.7709E-01
   15.00      0.7154E-01
   15.50      0.6707E-01
   16.00      0.6367E-01
   16.50      0.6133E-01
   17.00      0.6001E-01
   17.50      0.5967E-01
   18.00      0.6027E-01
   18.50      0.6174E-01
   19.00      0.6403E-01
   19.50      0.6705E-01
   20.00      0.7075E-01
   20.50      0.7503E-01
   21.00      0.7982E-01
   21.50      0.8503E-01
   22.00      0.9057E-01
   22.50      0.9636E-01
   23.00      0.1023    
   23.50      0.1084    
   24.00      0.1144    
   24.50      0.1204    
   25.00      0.1261    
   25.50      0.1317    
   26.00      0.1370    
   26.50      0.1419    
   27.00      0.1464    
   27.50      0.1505    
   28.00      0.1541    
   28.50      0.1571    
   29.00      0.1595    
   29.50      0.1614    
   30.00      0.1627    
   30.50      0.1633    
   31.00      0.1634    
   31.50      0.1628    
   32.00      0.1616    
   32.50      0.1599    
   33.00      0.1576    
   33.50      0.1548    
   34.00      0.1515    
   34.50      0.1477    
   35.00      0.1435    
   35.50      0.1389    
   36.00      0.1340    
   36.50      0.1288    
   37.00      0.1234    
   37.50      0.1177    
   38.00      0.1120    
   38.50      0.1061    
   39.00      0.1002    
   39.50      0.9437E-01
   40.00      0.8855E-01
   40.50      0.8283E-01
   41.00      0.7724E-01
   41.50      0.7184E-01
   42.00      0.6664E-01
   42.50      0.6169E-01
   43.00      0.5702E-01
   43.50      0.5265E-01
   44.00      0.4859E-01
   44.50      0.4487E-01
   45.00      0.4151E-01
   45.50      0.3850E-01
   46.00      0.3587E-01
   46.50      0.3360E-01
   47.00      0.3170E-01
   47.50      0.3017E-01
   48.00      0.2899E-01
   48.50      0.2816E-01
   49.00      0.2767E-01
   49.50      0.2749E-01
   50.00      0.2761E-01
   50.50      0.2802E-01
   51.00      0.2868E-01
   51.50      0.2958E-01
   52.00      0.3069E-01
   52.50      0.3198E-01
   53.00      0.3344E-01
   53.50      0.3503E-01
   54.00      0.3673E-01
   54.50      0.3850E-01
   55.00      0.4033E-01
   55.50      0.4219E-01
   56.00      0.4405E-01
   56.50      0.4590E-01
   57.00      0.4770E-01
   57.50      0.4943E-01
   58.00      0.5108E-01
   58.50      0.5263E-01
   59.00      0.5406E-01
   59.50      0.5535E-01
   60.00      0.5650E-01
   60.50      0.5748E-01
   61.00      0.5830E-01
   61.50      0.5895E-01
   62.00      0.5941E-01
   62.50      0.5969E-01
   63.00      0.5979E-01
   63.50      0.5971E-01
   64.00      0.5944E-01
   64.50      0.5899E-01
   65.00      0.5838E-01
   65.50      0.5760E-01
   66.00      0.5666E-01
   66.50      0.5558E-01
   67.00      0.5436E-01
   67.50      0.5302E-01
   68.00      0.5156E-01
   68.50      0.5001E-01
   69.00      0.4837E-01
   69.50      0.4666E-01
   70.00      0.4489E-01
   70.50      0.4307E-01
   71.00      0.4123E-01
   71.50      0.3936E-01
   72.00      0.3749E-01
   72.50      0.3562E-01
   73.00      0.3378E-01
   73.50      0.3195E-01
   74.00      0.3017E-01
   74.50      0.2843E-01
   75.00      0.2675E-01
   75.50      0.2513E-01
   76.00      0.2358E-01
   76.50      0.2210E-01
   77.00      0.2070E-01
   77.50      0.1938E-01
   78.00      0.1814E-01
   78.50      0.1700E-01
   79.00      0.1594E-01
   79.50      0.1497E-01
   80.00      0.1408E-01
   80.50      0.1328E-01
   81.00      0.1257E-01
   81.50      0.1194E-01
   82.00      0.1140E-01
   82.50      0.1093E-01
   83.00      0.1053E-01
   83.50      0.1021E-01
   84.00      0.9957E-02
   84.50      0.9767E-02
   85.00      0.9637E-02
   85.50      0.9563E-02
   86.00      0.9541E-02
   86.50      0.9566E-02
   87.00      0.9634E-02
   87.50      0.9742E-02
   88.00      0.9884E-02
   88.50      0.1006E-01
   89.00      0.1026E-01
   89.50      0.1048E-01
   90.00      0.1072E-01
   90.50      0.1097E-01
   91.00      0.1124E-01
   91.50      0.1151E-01
   92.00      0.1179E-01
   92.50      0.1207E-01
   93.00      0.1235E-01
   93.50      0.1263E-01
   94.00      0.1289E-01
   94.50      0.1315E-01
   95.00      0.1339E-01
   95.50      0.1362E-01
   96.00      0.1383E-01
   96.50      0.1403E-01
   97.00      0.1420E-01
   97.50      0.1436E-01
   98.00      0.1449E-01
   98.50      0.1459E-01
   99.00      0.1468E-01
   99.50      0.1473E-01
   100.0      0.1476E-01
   100.5      0.1477E-01
   101.0      0.1475E-01
   101.5      0.1470E-01
   102.0      0.1463E-01
   102.5      0.1454E-01
   103.0      0.1442E-01
   103.5      0.1427E-01
   104.0      0.1411E-01
   104.5      0.1392E-01
   105.0      0.1371E-01
   105.5      0.1349E-01
   106.0      0.1325E-01
   106.5      0.1299E-01
   107.0      0.1272E-01
   107.5      0.1243E-01
   108.0      0.1214E-01
   108.5      0.1184E-01
   109.0      0.1153E-01
   109.5      0.1122E-01
   110.0      0.1090E-01
   110.5      0.1058E-01
   111.0      0.1027E-01
   111.5      0.9954E-02
   112.0      0.9645E-02
   112.5      0.9342E-02
   113.0      0.9047E-02
   113.5      0.8761E-02
   114.0      0.8485E-02
   114.5      0.8222E-02
   115.0      0.7972E-02
   115.5      0.7737E-02
   116.0      0.7518E-02
   116.5      0.7315E-02
   117.0      0.7130E-02
   117.5      0.6963E-02
   118.0      0.6815E-02
   118.5      0.6686E-02
   119.0      0.6577E-02
   119.5      0.6488E-02
   120.0      0.6419E-02
   120.5      0.6371E-02
   121.0      0.6342E-02
   121.5      0.6334E-02
   122.0      0.6345E-02
   122.5      0.6374E-02
   123.0      0.6423E-02
   123.5      0.6488E-02
   124.0      0.6571E-02
   124.5      0.6670E-02
   125.0      0.6783E-02
   125.5      0.6910E-02
   126.0      0.7050E-02
   126.5      0.7201E-02
   127.0      0.7362E-02
   127.5      0.7531E-02
   128.0      0.7707E-02
   128.5      0.7889E-02
   129.0      0.8074E-02
   129.5      0.8261E-02
   130.0      0.8449E-02
   130.5      0.8635E-02
   131.0      0.8818E-02
   131.5      0.8997E-02
   132.0      0.9169E-02
   132.5      0.9334E-02
   133.0      0.9489E-02
   133.5      0.9633E-02
   134.0      0.9764E-02
   134.5      0.9882E-02
   135.0      0.9985E-02
   135.5      0.1007E-01
   136.0      0.1014E-01
   136.5      0.1019E-01
   137.0      0.1022E-01
   137.5      0.1024E-01
   138.0      0.1023E-01
   138.5      0.1020E-01
   139.0      0.1015E-01
   139.5      0.1008E-01
   140.0      0.9989E-02
   140.5      0.9878E-02
   141.0      0.9747E-02
   141.5      0.9596E-02
   142.0      0.9427E-02
   142.5      0.9240E-02
   143.0      0.9037E-02
   143.5      0.8818E-02
   144.0      0.8585E-02
   144.5      0.8340E-02
   145.0      0.8084E-02
   145.5      0.7819E-02
   146.0      0.7546E-02
   146.5      0.7268E-02
   147.0      0.6987E-02
   147.5      0.6705E-02
   148.0      0.6423E-02
   148.5      0.6144E-02
   149.0      0.5870E-02
   149.5      0.5603E-02
   150.0      0.5346E-02
   150.5      0.5100E-02
   151.0      0.4867E-02
   151.5      0.4651E-02
   152.0      0.4451E-02
   152.5      0.4271E-02
   153.0      0.4112E-02
   153.5      0.3976E-02
   154.0      0.3865E-02
   154.5      0.3779E-02
   155.0      0.3720E-02
   155.5      0.3689E-02
   156.0      0.3687E-02
   156.5      0.3715E-02
   157.0      0.3774E-02
   157.5      0.3863E-02
   158.0      0.3984E-02
   158.5      0.4136E-02
   159.0      0.4320E-02
   159.5      0.4534E-02
   160.0      0.4779E-02
   160.5      0.5054E-02
   161.0      0.5358E-02
   161.5      0.5690E-02
   162.0      0.6050E-02
   162.5      0.6435E-02
   163.0      0.6844E-02
   163.5      0.7277E-02
   164.0      0.7730E-02
   164.5      0.8203E-02
   165.0      0.8693E-02
   165.5      0.9199E-02
   166.0      0.9717E-02
   166.5      0.1025E-01
   167.0      0.1079E-01
   167.5      0.1133E-01
   168.0      0.1188E-01
   168.5      0.1243E-01
   169.0      0.1298E-01
   169.5      0.1352E-01
   170.0      0.1406E-01
   170.5      0.1460E-01
   171.0      0.1512E-01
   171.5      0.1563E-01
   172.0      0.1612E-01
   172.5      0.1659E-01
   173.0      0.1705E-01
   173.5      0.1749E-01
   174.0      0.1790E-01
   174.5      0.1828E-01
   175.0      0.1864E-01
   175.5      0.1897E-01
   176.0      0.1927E-01
   176.5      0.1953E-01
   177.0      0.1977E-01
   177.5      0.1997E-01
   178.0      0.2013E-01
   178.5      0.2026E-01
   179.0      0.2035E-01
   179.5      0.2041E-01
   180.0      0.2043E-01
 END
@legend string   8 "Partition=  2 Excit=  8 near/far= 1"
#legend string   0 "Lab energy =   32.0000"
@s8 linestyle   4
#  Theta       sigma       iT11        T20         T21         T22         Kyy for projectile
   0.000       2.649    
  0.5000       2.649    
   1.000       2.648    
   1.500       2.647    
   2.000       2.646    
   2.500       2.644    
   3.000       2.641    
   3.500       2.637    
   4.000       2.633    
   4.500       2.627    
   5.000       2.620    
   5.500       2.612    
   6.000       2.602    
   6.500       2.591    
   7.000       2.577    
   7.500       2.562    
   8.000       2.545    
   8.500       2.525    
   9.000       2.503    
   9.500       2.478    
   10.00       2.451    
   10.50       2.421    
   11.00       2.389    
   11.50       2.353    
   12.00       2.316    
   12.50       2.275    
   13.00       2.232    
   13.50       2.187    
   14.00       2.139    
   14.50       2.090    
   15.00       2.038    
   15.50       1.985    
   16.00       1.930    
   16.50       1.874    
   17.00       1.817    
   17.50       1.759    
   18.00       1.700    
   18.50       1.641    
   19.00       1.583    
   19.50       1.524    
   20.00       1.466    
   20.50       1.409    
   21.00       1.353    
   21.50       1.298    
   22.00       1.244    
   22.50       1.193    
   23.00       1.142    
   23.50       1.094    
   24.00       1.048    
   24.50       1.004    
   25.00      0.9627    
   25.50      0.9235    
   26.00      0.8866    
   26.50      0.8522    
   27.00      0.8202    
   27.50      0.7906    
   28.00      0.7634    
   28.50      0.7385    
   29.00      0.7160    
   29.50      0.6957    
   30.00      0.6775    
   30.50      0.6613    
   31.00      0.6471    
   31.50      0.6348    
   32.00      0.6241    
   32.50      0.6151    
   33.00      0.6075    
   33.50      0.6013    
   34.00      0.5963    
   34.50      0.5924    
   35.00      0.5895    
   35.50      0.5875    
   36.00      0.5862    
   36.50      0.5855    
   37.00      0.5853    
   37.50      0.5855    
   38.00      0.5859    
   38.50      0.5866    
   39.00      0.5873    
   39.50      0.5881    
   40.00      0.5887    
   40.50      0.5892    
   41.00      0.5894    
   41.50      0.5894    
   42.00      0.5889    
   42.50      0.5881    
   43.00      0.5867    
   43.50      0.5849    
   44.00      0.5825    
   44.50      0.5795    
   45.00      0.5760    
   45.50      0.5719    
   46.00      0.5671    
   46.50      0.5617    
   47.00      0.5558    
   47.50      0.5493    
   48.00      0.5422    
   48.50      0.5345    
   49.00      0.5264    
   49.50      0.5178    
   50.00      0.5088    
   50.50      0.4994    
   51.00      0.4896    
   51.50      0.4796    
   52.00      0.4693    
   52.50      0.4589    
   53.00      0.4483    
   53.50      0.4376    
   54.00      0.4269    
   54.50      0.4161    
   55.00      0.4055    
   55.50      0.3949    
   56.00      0.3845    
   56.50      0.3742    
   57.00      0.3642    
   57.50      0.3544    
   58.00      0.3449    
   58.50      0.3356    
   59.00      0.3267    
   59.50      0.3180    
   60.00      0.3098    
   60.50      0.3018    
   61.00      0.2942    
   61.50      0.2870    
   62.00      0.2801    
   62.50      0.2735    
   63.00      0.2673    
   63.50      0.2614    
   64.00      0.2558    
   64.50      0.2506    
   65.00      0.2456    
   65.50      0.2409    
   66.00      0.2365    
   66.50      0.2324    
   67.00      0.2285    
   67.50      0.2248    
   68.00      0.2214    
   68.50      0.2182    
   69.00      0.2151    
   69.50      0.2123    
   70.00      0.2096    
   70.50      0.2071    
   71.00      0.2047    
   71.50      0.2024    
   72.00      0.2003    
   72.50      0.1983    
   73.00      0.1964    
   73.50      0.1946    
   74.00      0.1929    
   74.50      0.1912    
   75.00      0.1896    
   75.50      0.1881    
   76.00      0.1866    
   76.50      0.1851    
   77.00      0.1837    
   77.50      0.1823    
   78.00      0.1809    
   78.50      0.1795    
   79.00      0.1782    
   79.50      0.1768    
   80.00      0.1753    
   80.50      0.1739    
   81.00      0.1724    
   81.50      0.1709    
   82.00      0.1694    
   82.50      0.1678    
   83.00      0.1662    
   83.50      0.1645    
   84.00      0.1628    
   84.50      0.1610    
   85.00      0.1591    
   85.50      0.1572    
   86.00      0.1553    
   86.50      0.1533    
   87.00      0.1512    
   87.50      0.1491    
   88.00      0.1470    
   88.50      0.1448    
   89.00      0.1426    
   89.50      0.1403    
   90.00      0.1381    
   90.50      0.1358    
   91.00      0.1336    
   91.50      0.1313    
   92.00      0.1291    
   92.50      0.1269    
   93.00      0.1247    
   93.50      0.1225    
   94.00      0.1204    
   94.50      0.1184    
   95.00      0.1164    
   95.50      0.1145    
   96.00      0.1127    
   96.50      0.1109    
   97.00      0.1092    
   97.50      0.1077    
   98.00      0.1062    
   98.50      0.1048    
   99.00      0.1035    
   99.50      0.1023    
   100.0      0.1012    
   100.5      0.1002    
   101.0      0.9934E-01
   101.5      0.9853E-01
   102.0      0.9781E-01
   102.5      0.9717E-01
   103.0      0.9660E-01
   103.5      0.9611E-01
   104.0      0.9569E-01
   104.5      0.9533E-01
   105.0      0.9503E-01
   105.5      0.9477E-01
   106.0      0.9456E-01
   106.5      0.9439E-01
   107.0      0.9424E-01
   107.5      0.9411E-01
   108.0      0.9400E-01
   108.5      0.9390E-01
   109.0      0.9380E-01
   109.5      0.9370E-01
   110.0      0.9359E-01
   110.5      0.9347E-01
   111.0      0.9333E-01
   111.5      0.9317E-01
   112.0      0.9298E-01
   112.5      0.9276E-01
   113.0      0.9251E-01
   113.5      0.9222E-01
   114.0      0.9190E-01
   114.5      0.9154E-01
   115.0      0.9113E-01
   115.5      0.9069E-01
   116.0      0.9021E-01
   116.5      0.8968E-01
   117.0      0.8912E-01
   117.5      0.8851E-01
   118.0      0.8787E-01
   118.5      0.8719E-01
   119.0      0.8648E-01
   119.5      0.8573E-01
   120.0      0.8496E-01
   120.5      0.8415E-01
   121.0      0.8332E-01
   121.5      0.8247E-01
   122.0      0.8159E-01
   122.5      0.8069E-01
   123.0      0.7978E-01
   123.5      0.7885E-01
   124.0      0.7791E-01
   124.5      0.7696E-01
   125.0      0.7600E-01
   125.5      0.7504E-01
   126.0      0.7408E-01
   126.5      0.7311E-01
   127.0      0.7215E-01
   127.5      0.7120E-01
   128.0      0.7025E-01
   128.5      0.6932E-01
   129.0      0.6839E-01
   129.5      0.6748E-01
   130.0      0.6659E-01
   130.5      0.6572E-01
   131.0      0.6487E-01
   131.5      0.6405E-01
   132.0      0.6326E-01
   132.5      0.6249E-01
   133.0      0.6175E-01
   133.5      0.6105E-01
   134.0      0.6039E-01
   134.5      0.5976E-01
   135.0      0.5917E-01
   135.5      0.5862E-01
   136.0      0.5811E-01
   136.5      0.5765E-01
   137.0      0.5723E-01
   137.5      0.5686E-01
   138.0      0.5653E-01
   138.5      0.5625E-01
   139.0      0.5602E-01
   139.5      0.5585E-01
   140.0      0.5572E-01
   140.5      0.5565E-01
   141.0      0.5562E-01
   141.5      0.5566E-01
   142.0      0.5574E-01
   142.5      0.5588E-01
   143.0      0.5608E-01
   143.5      0.5632E-01
   144.0      0.5663E-01
   144.5      0.5699E-01
   145.0      0.5740E-01
   145.5      0.5787E-01
   146.0      0.5840E-01
   146.5      0.5897E-01
   147.0      0.5960E-01
   147.5      0.6028E-01
   148.0      0.6102E-01
   148.5      0.6180E-01
   149.0      0.6263E-01
   149.5      0.6351E-01
   150.0      0.6443E-01
   150.5      0.6540E-01
   151.0      0.6641E-01
   151.5      0.6746E-01
   152.0      0.6855E-01
   152.5      0.6967E-01
   153.0      0.7083E-01
   153.5      0.7202E-01
   154.0      0.7324E-01
   154.5      0.7448E-01
   155.0      0.7575E-01
   155.5      0.7704E-01
   156.0      0.7835E-01
   156.5      0.7967E-01
   157.0      0.8100E-01
   157.5      0.8235E-01
   158.0      0.8370E-01
   158.5      0.8505E-01
   159.0      0.8641E-01
   159.5      0.8776E-01
   160.0      0.8911E-01
   160.5      0.9044E-01
   161.0      0.9177E-01
   161.5      0.9308E-01
   162.0      0.9438E-01
   162.5      0.9565E-01
   163.0      0.9691E-01
   163.5      0.9813E-01
   164.0      0.9933E-01
   164.5      0.1005    
   165.0      0.1016    
   165.5      0.1027    
   166.0      0.1038    
   166.5      0.1048    
   167.0      0.1058    
   167.5      0.1068    
   168.0      0.1077    
   168.5      0.1086    
   169.0      0.1094    
   169.5      0.1102    
   170.0      0.1110    
   170.5      0.1117    
   171.0      0.1124    
   171.5      0.1130    
   172.0      0.1136    
   172.5      0.1141    
   173.0      0.1146    
   173.5      0.1151    
   174.0      0.1156    
   174.5      0.1160    
   175.0      0.1163    
   175.5      0.1167    
   176.0      0.1169    
   176.5      0.1172    
   177.0      0.1174    
   177.5      0.1176    
   178.0      0.1178    
   178.5      0.1179    
   179.0      0.1180    
   179.5      0.1180    
   180.0      0.1180    
 END
