   17.840   -2.54091      -0.497997E-02   0.195992E-02  -0.322571       0   0.202388E-02
   17.840   -148.356      -0.950394E-08   0.640618E-10   -1.22923       0   0.572393E-10
   17.840    190.636       0.226811E-06   0.118976E-08   -1.04377       0   0.116881E-08
   17.840    180.032       0.379699E-06   0.210906E-08   -1.00270       0   0.219419E-08
   17.840    167.550       0.449395E-06   0.268215E-08  -0.994404       0   0.264099E-08
   17.840    97.4577       0.975521E-05   0.100097E-06  -0.767950       0   0.100967E-06
   17.840   -21.7038      -0.313177E-05   0.144296E-06  -0.786895       0   0.100967E-06
   17.840   -11.2044      -0.902209E-04   0.805231E-05  -0.516992       0   0.554774E-05
   17.840    147.824       0.856437E-03   0.579362E-05  -0.423531       0   0.104162E-04
   17.840   -37.9503      -0.336490E-03   0.886659E-05  -0.443142       0   0.104162E-04
   17.840   -15409.2      -0.122248E-02   0.793346E-07  -0.329268       0   0.110879E-04
