# 361 angles,  1 tensor ranks for 0=projectile
@subtitle   "9Be(6Li,d)13C"                                                                 
@legend ON
@legend x1 0.2
@legend y1 0.8
@g0 type LOGY
@yaxis ticklabel format power
@legend string   0 "Lab energy =   32.0000"
#legend string   0 "Partition=  1 Excit=  1 near/far= 1"
#  Theta       sigma       iT11        T20         T21         T22         Kyy for projectile
  0.1000E-01   1.000    
  0.5000       1.004    
   1.000       1.013    
   1.500       1.005    
   2.000      0.9759    
   2.500      0.9302    
   3.000      0.8736    
   3.500      0.8128    
   4.000      0.7538    
   4.500      0.7013    
   5.000      0.6590    
   5.500      0.6293    
   6.000      0.6136    
   6.500      0.6119    
   7.000      0.6235    
   7.500      0.6467    
   8.000      0.6796    
   8.500      0.7193    
   9.000      0.7629    
   9.500      0.8073    
   10.00      0.8495    
   10.50      0.8866    
   11.00      0.9161    
   11.50      0.9357    
   12.00      0.9438    
   12.50      0.9394    
   13.00      0.9220    
   13.50      0.8917    
   14.00      0.8494    
   14.50      0.7963    
   15.00      0.7343    
   15.50      0.6656    
   16.00      0.5926    
   16.50      0.5182    
   17.00      0.4452    
   17.50      0.3761    
   18.00      0.3137    
   18.50      0.2603    
   19.00      0.2177    
   19.50      0.1875    
   20.00      0.1707    
   20.50      0.1676    
   21.00      0.1784    
   21.50      0.2022    
   22.00      0.2380    
   22.50      0.2842    
   23.00      0.3387    
   23.50      0.3994    
   24.00      0.4638    
   24.50      0.5291    
   25.00      0.5930    
   25.50      0.6528    
   26.00      0.7062    
   26.50      0.7512    
   27.00      0.7861    
   27.50      0.8096    
   28.00      0.8208    
   28.50      0.8194    
   29.00      0.8054    
   29.50      0.7793    
   30.00      0.7421    
   30.50      0.6951    
   31.00      0.6399    
   31.50      0.5784    
   32.00      0.5125    
   32.50      0.4446    
   33.00      0.3766    
   33.50      0.3108    
   34.00      0.2490    
   34.50      0.1931    
   35.00      0.1445    
   35.50      0.1045    
   36.00      0.7388E-01
   36.50      0.5328E-01
   37.00      0.4285E-01
   37.50      0.4245E-01
   38.00      0.5160E-01
   38.50      0.6952E-01
   39.00      0.9518E-01
   39.50      0.1273    
   40.00      0.1646    
   40.50      0.2054    
   41.00      0.2482    
   41.50      0.2914    
   42.00      0.3335    
   42.50      0.3731    
   43.00      0.4089    
   43.50      0.4399    
   44.00      0.4650    
   44.50      0.4837    
   45.00      0.4954    
   45.50      0.5001    
   46.00      0.4976    
   46.50      0.4883    
   47.00      0.4726    
   47.50      0.4510    
   48.00      0.4244    
   48.50      0.3936    
   49.00      0.3596    
   49.50      0.3233    
   50.00      0.2857    
   50.50      0.2479    
   51.00      0.2107    
   51.50      0.1749    
   52.00      0.1415    
   52.50      0.1109    
   53.00      0.8367E-01
   53.50      0.6019E-01
   54.00      0.4067E-01
   54.50      0.2521E-01
   55.00      0.1374E-01
   55.50      0.6117E-02
   56.00      0.2052E-02
   56.50      0.1186E-02
   57.00      0.3079E-02
   57.50      0.7242E-02
   58.00      0.1315E-01
   58.50      0.2026E-01
   59.00      0.2805E-01
   59.50      0.3602E-01
   60.00      0.4368E-01
   60.50      0.5064E-01
   61.00      0.5653E-01
   61.50      0.6110E-01
   62.00      0.6413E-01
   62.50      0.6553E-01
   63.00      0.6525E-01
   63.50      0.6333E-01
   64.00      0.5990E-01
   64.50      0.5515E-01
   65.00      0.4930E-01
   65.50      0.4265E-01
   66.00      0.3551E-01
   66.50      0.2823E-01
   67.00      0.2115E-01
   67.50      0.1464E-01
   68.00      0.9011E-02
   68.50      0.4590E-02
   69.00      0.1649E-02
   69.50      0.4266E-03
   70.00      0.1109E-02
   70.50      0.3833E-02
   71.00      0.8679E-02
   71.50      0.1567E-01
   72.00      0.2477E-01
   72.50      0.3589E-01
   73.00      0.4891E-01
   73.50      0.6362E-01
   74.00      0.7982E-01
   74.50      0.9723E-01
   75.00      0.1156    
   75.50      0.1346    
   76.00      0.1539    
   76.50      0.1733    
   77.00      0.1924    
   77.50      0.2109    
   78.00      0.2285    
   78.50      0.2451    
   79.00      0.2603    
   79.50      0.2741    
   80.00      0.2862    
   80.50      0.2965    
   81.00      0.3050    
   81.50      0.3116    
   82.00      0.3164    
   82.50      0.3194    
   83.00      0.3206    
   83.50      0.3201    
   84.00      0.3181    
   84.50      0.3147    
   85.00      0.3101    
   85.50      0.3043    
   86.00      0.2977    
   86.50      0.2904    
   87.00      0.2825    
   87.50      0.2743    
   88.00      0.2659    
   88.50      0.2574    
   89.00      0.2491    
   89.50      0.2410    
   90.00      0.2333    
   90.50      0.2261    
   91.00      0.2194    
   91.50      0.2135    
   92.00      0.2083    
   92.50      0.2039    
   93.00      0.2004    
   93.50      0.1978    
   94.00      0.1962    
   94.50      0.1956    
   95.00      0.1961    
   95.50      0.1978    
   96.00      0.2006    
   96.50      0.2046    
   97.00      0.2099    
   97.50      0.2165    
   98.00      0.2245    
   98.50      0.2339    
   99.00      0.2448    
   99.50      0.2573    
   100.0      0.2713    
   100.5      0.2871    
   101.0      0.3045    
   101.5      0.3237    
   102.0      0.3446    
   102.5      0.3674    
   103.0      0.3919    
   103.5      0.4183    
   104.0      0.4466    
   104.5      0.4766    
   105.0      0.5084    
   105.5      0.5420    
   106.0      0.5773    
   106.5      0.6143    
   107.0      0.6530    
   107.5      0.6933    
   108.0      0.7352    
   108.5      0.7787    
   109.0      0.8238    
   109.5      0.8706    
   110.0      0.9189    
   110.5      0.9690    
   111.0       1.021    
   111.5       1.075    
   112.0       1.131    
   112.5       1.189    
   113.0       1.249    
   113.5       1.313    
   114.0       1.379    
   114.5       1.448    
   115.0       1.521    
   115.5       1.598    
   116.0       1.678    
   116.5       1.763    
   117.0       1.853    
   117.5       1.947    
   118.0       2.047    
   118.5       2.151    
   119.0       2.261    
   119.5       2.376    
   120.0       2.496    
   120.5       2.622    
   121.0       2.752    
   121.5       2.886    
   122.0       3.024    
   122.5       3.166    
   123.0       3.311    
   123.5       3.458    
   124.0       3.605    
   124.5       3.753    
   125.0       3.900    
   125.5       4.045    
   126.0       4.187    
   126.5       4.324    
   127.0       4.456    
   127.5       4.581    
   128.0       4.698    
   128.5       4.806    
   129.0       4.904    
   129.5       4.991    
   130.0       5.066    
   130.5       5.128    
   131.0       5.177    
   131.5       5.212    
   132.0       5.234    
   132.5       5.242    
   133.0       5.237    
   133.5       5.219    
   134.0       5.189    
   134.5       5.148    
   135.0       5.097    
   135.5       5.038    
   136.0       4.971    
   136.5       4.900    
   137.0       4.825    
   137.5       4.750    
   138.0       4.675    
   138.5       4.603    
   139.0       4.536    
   139.5       4.476    
   140.0       4.425    
   140.5       4.385    
   141.0       4.357    
   141.5       4.343    
   142.0       4.344    
   142.5       4.361    
   143.0       4.394    
   143.5       4.444    
   144.0       4.510    
   144.5       4.592    
   145.0       4.688    
   145.5       4.798    
   146.0       4.920    
   146.5       5.051    
   147.0       5.190    
   147.5       5.333    
   148.0       5.477    
   148.5       5.620    
   149.0       5.758    
   149.5       5.887    
   150.0       6.005    
   150.5       6.107    
   151.0       6.192    
   151.5       6.254    
   152.0       6.293    
   152.5       6.305    
   153.0       6.289    
   153.5       6.242    
   154.0       6.165    
   154.5       6.055    
   155.0       5.914    
   155.5       5.743    
   156.0       5.542    
   156.5       5.315    
   157.0       5.063    
   157.5       4.790    
   158.0       4.501    
   158.5       4.200    
   159.0       3.892    
   159.5       3.583    
   160.0       3.279    
   160.5       2.987    
   161.0       2.712    
   161.5       2.462    
   162.0       2.243    
   162.5       2.061    
   163.0       1.924    
   163.5       1.836    
   164.0       1.803    
   164.5       1.831    
   165.0       1.923    
   165.5       2.082    
   166.0       2.312    
   166.5       2.614    
   167.0       2.989    
   167.5       3.436    
   168.0       3.954    
   168.5       4.540    
   169.0       5.192    
   169.5       5.904    
   170.0       6.670    
   170.5       7.485    
   171.0       8.341    
   171.5       9.230    
   172.0       10.14    
   172.5       11.07    
   173.0       12.00    
   173.5       12.93    
   174.0       13.84    
   174.5       14.72    
   175.0       15.57    
   175.5       16.37    
   176.0       17.12    
   176.5       17.80    
   177.0       18.41    
   177.5       18.93    
   178.0       19.37    
   178.5       19.72    
   179.0       19.97    
   179.5       20.13    
   180.0       20.18    
 END
