# 181 angles,  3 tensor ranks for 0=projectile
@subtitle   "9Be(6Li,d)13C CDCC+CRC, adapted from 58Ni(6Li,d) 31-channel card"              
@legend ON
@legend x1 0.2
@legend y1 0.8
@g0 type LOGY
@yaxis ticklabel format power
@legend string   0 "Lab energy =   32.0000"
#legend string   0 "Partition=  1 Excit=  2 near/far= 1"
#  Theta       sigma       iT11        T20         T21         T22         Kyy for projectile
   0.000       15.85       0.000     -0.2792       0.000       0.000    
   1.000       15.85     -0.1041     -0.2757     -0.1589E-01  0.3020E-02
   2.000       15.81     -0.1899     -0.2648     -0.3225E-01  0.1206E-01
   3.000       15.73     -0.2429     -0.2458     -0.4964E-01  0.2687E-01
   4.000       15.63     -0.2537     -0.2162     -0.6849E-01  0.4638E-01
   5.000       15.68     -0.2177     -0.1725     -0.8829E-01  0.6739E-01
   6.000       16.19     -0.1397     -0.1131     -0.1066      0.8352E-01
   7.000       17.55     -0.3945E-01 -0.4354E-01 -0.1191      0.8694E-01
   8.000       20.12      0.5298E-01  0.2285E-01 -0.1224      0.7415E-01
   9.000       24.05      0.1156      0.7364E-01 -0.1170      0.4930E-01
   10.00       29.12      0.1456      0.1051     -0.1061      0.2013E-01
   11.00       34.78      0.1523      0.1208     -0.9344E-01 -0.7627E-02
   12.00       40.17      0.1457      0.1257     -0.8090E-01 -0.3168E-01
   13.00       44.34      0.1328      0.1241     -0.6937E-01 -0.5185E-01
   14.00       46.49      0.1170      0.1183     -0.5901E-01 -0.6885E-01
   15.00       46.14      0.9966E-01  0.1098     -0.4969E-01 -0.8353E-01
   16.00       43.27      0.8078E-01  0.9900E-01 -0.4119E-01 -0.9671E-01
   17.00       38.30      0.5966E-01  0.8612E-01 -0.3323E-01 -0.1091    
   18.00       31.94      0.3492E-01  0.7079E-01 -0.2545E-01 -0.1214    
   19.00       25.03      0.4261E-02  0.5223E-01 -0.1738E-01 -0.1342    
   20.00       18.35     -0.3612E-01  0.2901E-01 -0.8379E-02 -0.1481    
   21.00       12.52     -0.9292E-01 -0.1280E-02  0.2368E-02 -0.1637    
   22.00       7.938     -0.1779     -0.4204E-01  0.1547E-01 -0.1799    
   23.00       4.735     -0.3068     -0.9436E-01  0.2910E-01 -0.1899    
   24.00       2.868     -0.4700     -0.1387      0.3096E-01 -0.1695    
   25.00       2.149     -0.5380     -0.1086     -0.3794E-02 -0.8742E-01
   26.00       2.312     -0.4010      0.2811E-03 -0.5844E-01  0.3779E-02
   27.00       3.060     -0.2278      0.8603E-01 -0.8905E-01  0.4051E-01
   28.00       4.095     -0.1192      0.1265     -0.9765E-01  0.4385E-01
   29.00       5.146     -0.6054E-01  0.1427     -0.9686E-01  0.3798E-01
   30.00       5.992     -0.2881E-01  0.1483     -0.9246E-01  0.3149E-01
   31.00       6.477     -0.1105E-01  0.1492     -0.8634E-01  0.2664E-01
   32.00       6.523     -0.9263E-03  0.1479     -0.7899E-01  0.2402E-01
   33.00       6.136      0.4648E-02  0.1456     -0.7024E-01  0.2388E-01
   34.00       5.393      0.7046E-02  0.1428     -0.5953E-01  0.2657E-01
   35.00       4.422      0.6551E-02  0.1397     -0.4570E-01  0.3270E-01
   36.00       3.373      0.2345E-02  0.1364     -0.2665E-01  0.4315E-01
   37.00       2.388     -0.8150E-02  0.1318      0.1458E-02  0.5878E-01
   38.00       1.577     -0.3079E-01  0.1231      0.4486E-01  0.7891E-01
   39.00       1.003     -0.7563E-01  0.1023      0.1092      0.9513E-01
   40.00      0.6830     -0.1444      0.5824E-01  0.1777      0.7904E-01
   41.00      0.5972     -0.1926      0.4079E-02  0.1854      0.6423E-02
   42.00      0.6976     -0.1771     -0.2002E-01  0.1199     -0.7134E-01
   43.00      0.9239     -0.1337     -0.1514E-01  0.5035E-01 -0.1095    
   44.00       1.214     -0.9487E-01 -0.1667E-02  0.4764E-02 -0.1199    
   45.00       1.511     -0.6584E-01  0.1166E-01 -0.2176E-01 -0.1190    
   46.00       1.768     -0.4425E-01  0.2290E-01 -0.3665E-01 -0.1147    
   47.00       1.951     -0.2749E-01  0.3190E-01 -0.4443E-01 -0.1102    
   48.00       2.039     -0.1368E-01  0.3876E-01 -0.4755E-01 -0.1067    
   49.00       2.023     -0.1504E-02  0.4356E-01 -0.4733E-01 -0.1048    
   50.00       1.910      0.1008E-01  0.4640E-01 -0.4446E-01 -0.1046    
   51.00       1.715      0.2202E-01  0.4735E-01 -0.3929E-01 -0.1060    
   52.00       1.465      0.3530E-01  0.4651E-01 -0.3183E-01 -0.1088    
   53.00       1.190      0.5108E-01  0.4396E-01 -0.2180E-01 -0.1123    
   54.00      0.9197      0.7089E-01  0.3957E-01 -0.8623E-02 -0.1156    
   55.00      0.6794      0.9659E-01  0.3282E-01  0.8449E-02 -0.1164    
   56.00      0.4870      0.1298      0.2248E-01  0.2938E-01 -0.1103    
   57.00      0.3516      0.1686      0.7021E-02  0.5051E-01 -0.9022E-01
   58.00      0.2746      0.2015     -0.1266E-01  0.6057E-01 -0.5111E-01
   59.00      0.2504      0.2094     -0.2926E-01  0.4713E-01 -0.4046E-02
   60.00      0.2691      0.1909     -0.3507E-01  0.1621E-01  0.2806E-01
   61.00      0.3184      0.1639     -0.3160E-01 -0.1410E-01  0.3849E-01
   62.00      0.3855      0.1410     -0.2450E-01 -0.3509E-01  0.3589E-01
   63.00      0.4587      0.1241     -0.1735E-01 -0.4707E-01  0.2832E-01
   64.00      0.5282      0.1113     -0.1171E-01 -0.5246E-01  0.1945E-01
   65.00      0.5868      0.1003     -0.8258E-02 -0.5319E-01  0.1044E-01
   66.00      0.6296      0.8954E-01 -0.7411E-02 -0.5053E-01  0.1453E-02
   67.00      0.6541      0.7790E-01 -0.9382E-02 -0.4530E-01 -0.7582E-02
   68.00      0.6602      0.6466E-01 -0.1418E-01 -0.3809E-01 -0.1670E-01
   69.00      0.6494      0.4934E-01 -0.2155E-01 -0.2936E-01 -0.2578E-01
   70.00      0.6247      0.3167E-01 -0.3102E-01 -0.1942E-01 -0.3452E-01
   71.00      0.5895      0.1159E-01 -0.4196E-01 -0.8561E-02 -0.4246E-01
   72.00      0.5479     -0.1073E-01 -0.5364E-01  0.2952E-02 -0.4893E-01
   73.00      0.5035     -0.3483E-01 -0.6535E-01  0.1477E-01 -0.5319E-01
   74.00      0.4597     -0.5984E-01 -0.7638E-01  0.2638E-01 -0.5443E-01
   75.00      0.4192     -0.8442E-01 -0.8607E-01  0.3702E-01 -0.5196E-01
   76.00      0.3838     -0.1068     -0.9372E-01  0.4572E-01 -0.4537E-01
   77.00      0.3547     -0.1251     -0.9874E-01  0.5150E-01 -0.3471E-01
   78.00      0.3320     -0.1377     -0.1007      0.5361E-01 -0.2067E-01
   79.00      0.3151     -0.1438     -0.9959E-01  0.5189E-01 -0.4497E-02
   80.00      0.3032     -0.1434     -0.9564E-01  0.4688E-01  0.1226E-01
   81.00      0.2951     -0.1376     -0.8952E-01  0.3970E-01  0.2808E-01
   82.00      0.2895     -0.1281     -0.8210E-01  0.3173E-01  0.4171E-01
   83.00      0.2853     -0.1164     -0.7434E-01  0.2431E-01  0.5233E-01
   84.00      0.2819     -0.1041     -0.6708E-01  0.1846E-01  0.5944E-01
   85.00      0.2787     -0.9240E-01 -0.6092E-01  0.1481E-01  0.6283E-01
   86.00      0.2755     -0.8238E-01 -0.5615E-01  0.1367E-01  0.6246E-01
   87.00      0.2725     -0.7466E-01 -0.5273E-01  0.1506E-01  0.5847E-01
   88.00      0.2698     -0.6956E-01 -0.5041E-01  0.1883E-01  0.5119E-01
   89.00      0.2675     -0.6710E-01 -0.4889E-01  0.2465E-01  0.4119E-01
   90.00      0.2659     -0.6701E-01 -0.4786E-01  0.3208E-01  0.2922E-01
   91.00      0.2649     -0.6882E-01 -0.4706E-01  0.4057E-01  0.1615E-01
   92.00      0.2646     -0.7201E-01 -0.4627E-01  0.4952E-01  0.2845E-02
   93.00      0.2647     -0.7602E-01 -0.4536E-01  0.5836E-01 -0.9876E-02
   94.00      0.2652     -0.8039E-01 -0.4429E-01  0.6659E-01 -0.2136E-01
   95.00      0.2657     -0.8475E-01 -0.4316E-01  0.7386E-01 -0.3114E-01
   96.00      0.2656     -0.8881E-01 -0.4220E-01  0.7996E-01 -0.3894E-01
   97.00      0.2646     -0.9237E-01 -0.4166E-01  0.8478E-01 -0.4470E-01
   98.00      0.2624     -0.9524E-01 -0.4177E-01  0.8831E-01 -0.4846E-01
   99.00      0.2585     -0.9733E-01 -0.4275E-01  0.9060E-01 -0.5037E-01
   100.0      0.2531     -0.9861E-01 -0.4478E-01  0.9173E-01 -0.5066E-01
   101.0      0.2459     -0.9918E-01 -0.4801E-01  0.9179E-01 -0.4961E-01
   102.0      0.2373     -0.9923E-01 -0.5250E-01  0.9087E-01 -0.4757E-01
   103.0      0.2275     -0.9888E-01 -0.5814E-01  0.8911E-01 -0.4494E-01
   104.0      0.2168     -0.9812E-01 -0.6461E-01  0.8674E-01 -0.4210E-01
   105.0      0.2058     -0.9669E-01 -0.7131E-01  0.8412E-01 -0.3943E-01
   106.0      0.1949     -0.9407E-01 -0.7738E-01  0.8174E-01 -0.3717E-01
   107.0      0.1847     -0.8961E-01 -0.8171E-01  0.8015E-01 -0.3542E-01
   108.0      0.1758     -0.8283E-01 -0.8305E-01  0.7979E-01 -0.3418E-01
   109.0      0.1688     -0.7379E-01 -0.8019E-01  0.8088E-01 -0.3339E-01
   110.0      0.1642     -0.6333E-01 -0.7237E-01  0.8337E-01 -0.3305E-01
   111.0      0.1624     -0.5301E-01 -0.5970E-01  0.8687E-01 -0.3325E-01
   112.0      0.1633     -0.4457E-01 -0.4338E-01  0.9085E-01 -0.3415E-01
   113.0      0.1667     -0.3924E-01 -0.2541E-01  0.9483E-01 -0.3588E-01
   114.0      0.1719     -0.3723E-01 -0.7911E-02  0.9849E-01 -0.3839E-01
   115.0      0.1780     -0.3778E-01  0.7427E-02  0.1018     -0.4146E-01
   116.0      0.1840     -0.3967E-01  0.1956E-01  0.1048     -0.4472E-01
   117.0      0.1891     -0.4169E-01  0.2793E-01  0.1078     -0.4777E-01
   118.0      0.1922     -0.4306E-01  0.3228E-01  0.1108     -0.5031E-01
   119.0      0.1930     -0.4349E-01  0.3242E-01  0.1139     -0.5218E-01
   120.0      0.1911     -0.4313E-01  0.2820E-01  0.1170     -0.5347E-01
   121.0      0.1864     -0.4235E-01  0.1951E-01  0.1201     -0.5447E-01
   122.0      0.1792     -0.4146E-01  0.6315E-02  0.1231     -0.5562E-01
   123.0      0.1698     -0.4050E-01 -0.1122E-01  0.1262     -0.5739E-01
   124.0      0.1588     -0.3908E-01 -0.3264E-01  0.1294     -0.6015E-01
   125.0      0.1470     -0.3639E-01 -0.5691E-01  0.1331     -0.6403E-01
   126.0      0.1353     -0.3150E-01 -0.8211E-01  0.1371     -0.6882E-01
   127.0      0.1246     -0.2391E-01 -0.1050      0.1410     -0.7391E-01
   128.0      0.1162     -0.1430E-01 -0.1211      0.1439     -0.7839E-01
   129.0      0.1108     -0.5068E-02 -0.1255      0.1443     -0.8141E-01
   130.0      0.1091      0.1439E-03 -0.1154      0.1410     -0.8258E-01
   131.0      0.1113     -0.1658E-02 -0.9207E-01  0.1338     -0.8229E-01
   132.0      0.1171     -0.1094E-01 -0.6035E-01  0.1237     -0.8145E-01
   133.0      0.1258     -0.2551E-01 -0.2647E-01  0.1127     -0.8079E-01
   134.0      0.1363     -0.4196E-01  0.4783E-02  0.1026     -0.8054E-01
   135.0      0.1472     -0.5739E-01  0.3085E-01  0.9451E-01 -0.8045E-01
   136.0      0.1572     -0.7005E-01  0.5093E-01  0.8907E-01 -0.8010E-01
   137.0      0.1650     -0.7938E-01  0.6517E-01  0.8627E-01 -0.7909E-01
   138.0      0.1696     -0.8559E-01  0.7395E-01  0.8598E-01 -0.7725E-01
   139.0      0.1703     -0.8928E-01  0.7759E-01  0.8803E-01 -0.7460E-01
   140.0      0.1669     -0.9107E-01  0.7613E-01  0.9241E-01 -0.7134E-01
   141.0      0.1594     -0.9133E-01  0.6932E-01  0.9936E-01 -0.6784E-01
   142.0      0.1483     -0.8995E-01  0.5650E-01  0.1094     -0.6451E-01
   143.0      0.1344     -0.8614E-01  0.3663E-01  0.1233     -0.6180E-01
   144.0      0.1188     -0.7829E-01  0.8319E-02  0.1423     -0.6019E-01
   145.0      0.1030     -0.6418E-01 -0.2977E-01  0.1672     -0.6029E-01
   146.0      0.8846E-01 -0.4183E-01 -0.7765E-01  0.1977     -0.6288E-01
   147.0      0.7693E-01 -0.1196E-01 -0.1311      0.2302     -0.6903E-01
   148.0      0.6987E-01  0.1820E-01 -0.1780      0.2546     -0.7955E-01
   149.0      0.6849E-01  0.3456E-01 -0.2006      0.2580     -0.9374E-01
   150.0      0.7356E-01  0.2599E-01 -0.1888      0.2349     -0.1087    
   151.0      0.8527E-01 -0.4629E-02 -0.1510      0.1944     -0.1211    
   152.0      0.1032     -0.4488E-01 -0.1043      0.1510     -0.1296    
   153.0      0.1263     -0.8426E-01 -0.6085E-01  0.1137     -0.1344    
   154.0      0.1531     -0.1181     -0.2510E-01  0.8463E-01 -0.1366    
   155.0      0.1815     -0.1457      0.3010E-02  0.6313E-01 -0.1367    
   156.0      0.2097     -0.1679      0.2495E-01  0.4745E-01 -0.1354    
   157.0      0.2354     -0.1862      0.4228E-01  0.3606E-01 -0.1328    
   158.0      0.2569     -0.2017      0.5624E-01  0.2778E-01 -0.1292    
   159.0      0.2726     -0.2153      0.6773E-01  0.2178E-01 -0.1245    
   160.0      0.2815     -0.2275      0.7736E-01  0.1753E-01 -0.1187    
   161.0      0.2832     -0.2384      0.8553E-01  0.1478E-01 -0.1118    
   162.0      0.2777     -0.2472      0.9241E-01  0.1346E-01 -0.1034    
   163.0      0.2659     -0.2530      0.9794E-01  0.1372E-01 -0.9311E-01
   164.0      0.2492     -0.2538      0.1017      0.1585E-01 -0.8036E-01
   165.0      0.2293     -0.2469      0.1030      0.2025E-01 -0.6449E-01
   166.0      0.2085     -0.2287      0.1003      0.2728E-01 -0.4496E-01
   167.0      0.1889     -0.1958      0.9183E-01  0.3703E-01 -0.2178E-01
   168.0      0.1728     -0.1459      0.7564E-01  0.4892E-01  0.3783E-02
   169.0      0.1618     -0.8103E-01  0.5081E-01  0.6131E-01  0.2869E-01
   170.0      0.1572     -0.9368E-02  0.1887E-01  0.7156E-01  0.4855E-01
   171.0      0.1595      0.5623E-01 -0.1588E-01  0.7708E-01  0.5959E-01
   172.0      0.1686      0.1044     -0.4809E-01  0.7672E-01  0.6080E-01
   173.0      0.1834      0.1305     -0.7399E-01  0.7123E-01  0.5425E-01
   174.0      0.2026      0.1365     -0.9249E-01  0.6239E-01  0.4345E-01
   175.0      0.2242      0.1277     -0.1045      0.5197E-01  0.3152E-01
   176.0      0.2460      0.1094     -0.1117      0.4113E-01  0.2055E-01
   177.0      0.2658      0.8539E-01 -0.1158      0.3045E-01  0.1162E-01
   178.0      0.2816      0.5824E-01 -0.1179      0.2008E-01  0.5157E-02
   179.0      0.2917      0.2947E-01 -0.1189      0.9972E-02  0.1286E-02
   180.0      0.2952       0.000     -0.1191       0.000       0.000    
 END
