# 361 angles,  1 tensor ranks for 0=projectile
@subtitle   "9Be(6Li,d)13C"                                                                 
@legend ON
@legend x1 0.2
@legend y1 0.8
@g0 type LOGY
@yaxis ticklabel format power
@legend string   0 "Lab energy =   32.0000"
#legend string   0 "Partition=  1 Excit=  1 near/far= 1"
#  Theta       sigma       iT11        T20         T21         T22         Kyy for projectile
  0.1000E-01   1.000    
  0.5000       1.004    
   1.000       1.013    
   1.500       1.005    
   2.000      0.9758    
   2.500      0.9298    
   3.000      0.8728    
   3.500      0.8116    
   4.000      0.7521    
   4.500      0.6993    
   5.000      0.6567    
   5.500      0.6270    
   6.000      0.6112    
   6.500      0.6098    
   7.000      0.6218    
   7.500      0.6459    
   8.000      0.6796    
   8.500      0.7206    
   9.000      0.7656    
   9.500      0.8117    
   10.00      0.8558    
   10.50      0.8949    
   11.00      0.9265    
   11.50      0.9484    
   12.00      0.9587    
   12.50      0.9566    
   13.00      0.9413    
   13.50      0.9130    
   14.00      0.8723    
   14.50      0.8206    
   15.00      0.7596    
   15.50      0.6913    
   16.00      0.6183    
   16.50      0.5433    
   17.00      0.4688    
   17.50      0.3977    
   18.00      0.3325    
   18.50      0.2753    
   19.00      0.2282    
   19.50      0.1927    
   20.00      0.1697    
   20.50      0.1596    
   21.00      0.1626    
   21.50      0.1779    
   22.00      0.2046    
   22.50      0.2411    
   23.00      0.2855    
   23.50      0.3358    
   24.00      0.3895    
   24.50      0.4442    
   25.00      0.4976    
   25.50      0.5472    
   26.00      0.5909    
   26.50      0.6269    
   27.00      0.6537    
   27.50      0.6701    
   28.00      0.6754    
   28.50      0.6695    
   29.00      0.6526    
   29.50      0.6252    
   30.00      0.5885    
   30.50      0.5439    
   31.00      0.4930    
   31.50      0.4377    
   32.00      0.3801    
   32.50      0.3224    
   33.00      0.2666    
   33.50      0.2147    
   34.00      0.1686    
   34.50      0.1299    
   35.00      0.9986E-01
   35.50      0.7961E-01
   36.00      0.6977E-01
   36.50      0.7064E-01
   37.00      0.8215E-01
   37.50      0.1039    
   38.00      0.1350    
   38.50      0.1746    
   39.00      0.2212    
   39.50      0.2734    
   40.00      0.3294    
   40.50      0.3876    
   41.00      0.4460    
   41.50      0.5030    
   42.00      0.5568    
   42.50      0.6058    
   43.00      0.6487    
   43.50      0.6843    
   44.00      0.7117    
   44.50      0.7302    
   45.00      0.7393    
   45.50      0.7391    
   46.00      0.7295    
   46.50      0.7111    
   47.00      0.6845    
   47.50      0.6505    
   48.00      0.6101    
   48.50      0.5644    
   49.00      0.5148    
   49.50      0.4626    
   50.00      0.4090    
   50.50      0.3554    
   51.00      0.3030    
   51.50      0.2530    
   52.00      0.2064    
   52.50      0.1643    
   53.00      0.1272    
   53.50      0.9591E-01
   54.00      0.7075E-01
   54.50      0.5198E-01
   55.00      0.3969E-01
   55.50      0.3379E-01
   56.00      0.3404E-01
   56.50      0.4005E-01
   57.00      0.5133E-01
   57.50      0.6730E-01
   58.00      0.8728E-01
   58.50      0.1105    
   59.00      0.1363    
   59.50      0.1639    
   60.00      0.1924    
   60.50      0.2212    
   61.00      0.2496    
   61.50      0.2770    
   62.00      0.3028    
   62.50      0.3264    
   63.00      0.3476    
   63.50      0.3660    
   64.00      0.3813    
   64.50      0.3935    
   65.00      0.4025    
   65.50      0.4083    
   66.00      0.4109    
   66.50      0.4105    
   67.00      0.4074    
   67.50      0.4016    
   68.00      0.3936    
   68.50      0.3836    
   69.00      0.3718    
   69.50      0.3586    
   70.00      0.3442    
   70.50      0.3290    
   71.00      0.3132    
   71.50      0.2970    
   72.00      0.2807    
   72.50      0.2645    
   73.00      0.2485    
   73.50      0.2329    
   74.00      0.2178    
   74.50      0.2033    
   75.00      0.1894    
   75.50      0.1762    
   76.00      0.1637    
   76.50      0.1520    
   77.00      0.1411    
   77.50      0.1309    
   78.00      0.1216    
   78.50      0.1130    
   79.00      0.1051    
   79.50      0.9811E-01
   80.00      0.9187E-01
   80.50      0.8644E-01
   81.00      0.8182E-01
   81.50      0.7803E-01
   82.00      0.7511E-01
   82.50      0.7306E-01
   83.00      0.7191E-01
   83.50      0.7169E-01
   84.00      0.7242E-01
   84.50      0.7411E-01
   85.00      0.7677E-01
   85.50      0.8042E-01
   86.00      0.8504E-01
   86.50      0.9063E-01
   87.00      0.9717E-01
   87.50      0.1046    
   88.00      0.1130    
   88.50      0.1222    
   89.00      0.1321    
   89.50      0.1428    
   90.00      0.1542    
   90.50      0.1661    
   91.00      0.1786    
   91.50      0.1915    
   92.00      0.2048    
   92.50      0.2185    
   93.00      0.2323    
   93.50      0.2464    
   94.00      0.2607    
   94.50      0.2750    
   95.00      0.2894    
   95.50      0.3038    
   96.00      0.3183    
   96.50      0.3327    
   97.00      0.3471    
   97.50      0.3615    
   98.00      0.3759    
   98.50      0.3902    
   99.00      0.4044    
   99.50      0.4186    
   100.0      0.4327    
   100.5      0.4466    
   101.0      0.4604    
   101.5      0.4740    
   102.0      0.4873    
   102.5      0.5002    
   103.0      0.5127    
   103.5      0.5247    
   104.0      0.5359    
   104.5      0.5464    
   105.0      0.5560    
   105.5      0.5646    
   106.0      0.5720    
   106.5      0.5781    
   107.0      0.5827    
   107.5      0.5858    
   108.0      0.5873    
   108.5      0.5870    
   109.0      0.5850    
   109.5      0.5812    
   110.0      0.5755    
   110.5      0.5681    
   111.0      0.5590    
   111.5      0.5484    
   112.0      0.5363    
   112.5      0.5231    
   113.0      0.5088    
   113.5      0.4939    
   114.0      0.4785    
   114.5      0.4631    
   115.0      0.4480    
   115.5      0.4336    
   116.0      0.4203    
   116.5      0.4085    
   117.0      0.3985    
   117.5      0.3909    
   118.0      0.3858    
   118.5      0.3837    
   119.0      0.3849    
   119.5      0.3895    
   120.0      0.3979    
   120.5      0.4100    
   121.0      0.4261    
   121.5      0.4459    
   122.0      0.4695    
   122.5      0.4967    
   123.0      0.5272    
   123.5      0.5607    
   124.0      0.5967    
   124.5      0.6348    
   125.0      0.6745    
   125.5      0.7150    
   126.0      0.7559    
   126.5      0.7962    
   127.0      0.8355    
   127.5      0.8729    
   128.0      0.9077    
   128.5      0.9392    
   129.0      0.9668    
   129.5      0.9898    
   130.0       1.008    
   130.5       1.020    
   131.0       1.026    
   131.5       1.026    
   132.0       1.020    
   132.5       1.007    
   133.0      0.9880    
   133.5      0.9626    
   134.0      0.9314    
   134.5      0.8948    
   135.0      0.8534    
   135.5      0.8079    
   136.0      0.7592    
   136.5      0.7081    
   137.0      0.6556    
   137.5      0.6028    
   138.0      0.5507    
   138.5      0.5005    
   139.0      0.4533    
   139.5      0.4101    
   140.0      0.3721    
   140.5      0.3402    
   141.0      0.3152    
   141.5      0.2981    
   142.0      0.2894    
   142.5      0.2896    
   143.0      0.2991    
   143.5      0.3181    
   144.0      0.3465    
   144.5      0.3841    
   145.0      0.4307    
   145.5      0.4854    
   146.0      0.5477    
   146.5      0.6166    
   147.0      0.6908    
   147.5      0.7693    
   148.0      0.8506    
   148.5      0.9332    
   149.0       1.016    
   149.5       1.096    
   150.0       1.173    
   150.5       1.245    
   151.0       1.311    
   151.5       1.368    
   152.0       1.416    
   152.5       1.453    
   153.0       1.479    
   153.5       1.492    
   154.0       1.492    
   154.5       1.479    
   155.0       1.452    
   155.5       1.412    
   156.0       1.359    
   156.5       1.294    
   157.0       1.218    
   157.5       1.132    
   158.0       1.039    
   158.5      0.9394    
   159.0      0.8361    
   159.5      0.7312    
   160.0      0.6271    
   160.5      0.5266    
   161.0      0.4322    
   161.5      0.3468    
   162.0      0.2731    
   162.5      0.2137    
   163.0      0.1712    
   163.5      0.1482    
   164.0      0.1469    
   164.5      0.1692    
   165.0      0.2169    
   165.5      0.2916    
   166.0      0.3941    
   166.5      0.5253    
   167.0      0.6855    
   167.5      0.8745    
   168.0       1.092    
   168.5       1.336    
   169.0       1.607    
   169.5       1.901    
   170.0       2.217    
   170.5       2.553    
   171.0       2.904    
   171.5       3.269    
   172.0       3.642    
   172.5       4.021    
   173.0       4.402    
   173.5       4.780    
   174.0       5.151    
   174.5       5.512    
   175.0       5.857    
   175.5       6.184    
   176.0       6.487    
   176.5       6.764    
   177.0       7.012    
   177.5       7.226    
   178.0       7.405    
   178.5       7.547    
   179.0       7.650    
   179.5       7.712    
   180.0       7.732    
 END
