0.1000E-01 1.000
0.4128E-14 0.6028E-12
-0.6444E-16 -0.1631E-17
0.5000 1.004
0.6730E-09 0.1408E-08
-0.7568E-11 -0.9601E-11
1.000 1.013
0.1086E-07 -0.1508E-09
0.1643E-11 0.3560E-11
1.500 1.005
0.2703E-07 -0.8102E-08
0.1368E-09 0.5253E-09
2.000 0.9766
0.3201E-07 -0.1947E-07
0.4579E-09 0.2384E-08
2.500 0.9311
0.6795E-08 -0.3060E-07
0.9570E-09 0.6353E-08
3.000 0.8746
-0.6436E-07 -0.3838E-07
0.1567E-08 0.1279E-07
3.500 0.8138
-0.1902E-06 -0.4050E-07
0.2168E-08 0.2128E-07
4.000 0.7545
-0.3683E-06 -0.3598E-07
0.2599E-08 0.3025E-07
4.500 0.7015
-0.5809E-06 -0.2563E-07
0.2683E-08 0.3677E-07
5.000 0.6587
-0.7942E-06 -0.1254E-07
0.2281E-08 0.3678E-07
5.500 0.6283
-0.9623E-06 -0.1804E-08
0.1359E-08 0.2601E-07
6.000 0.6116
-0.1041E-05 0.7043E-09
0.4081E-10 0.1638E-08
6.500 0.6090
-0.1003E-05 -0.9597E-08
-0.1392E-08 -0.3619E-07
7.000 0.6195
-0.8500E-06 -0.3413E-07
-0.2580E-08 -0.8382E-07
7.500 0.6418
-0.6121E-06 -0.7061E-07
-0.3196E-08 -0.1350E-06
8.000 0.6736
-0.3340E-06 -0.1140E-06
-0.3039E-08 -0.1829E-06
8.500 0.7124
-0.6143E-07 -0.1581E-06
-0.2053E-08 -0.2211E-06
9.000 0.7552
0.1694E-06 -0.1972E-06
-0.3058E-09 -0.2454E-06
9.500 0.7989
0.3356E-06 -0.2267E-06
0.2054E-08 -0.2531E-06
10.00 0.8405
0.4268E-06 -0.2431E-06
0.4843E-08 -0.2429E-06
10.50 0.8773
0.4428E-06 -0.2445E-06
0.7864E-08 -0.2146E-06
11.00 0.9065
0.3908E-06 -0.2297E-06
0.1092E-07 -0.1689E-06
11.50 0.9261
0.2828E-06 -0.1983E-06
0.1384E-07 -0.1068E-06
12.00 0.9345
0.1347E-06 -0.1506E-06
0.1644E-07 -0.2986E-07
12.50 0.9305
-0.3518E-07 -0.8763E-07
0.1854E-07 0.5995E-07
13.00 0.9137
-0.2060E-06 -0.1061E-07
0.2000E-07 0.1603E-06
13.50 0.8842
-0.3547E-06 0.7850E-07
0.2066E-07 0.2682E-06
14.00 0.8428
-0.4557E-06 0.1772E-06
0.2037E-07 0.3803E-06
14.50 0.7907
-0.4806E-06 0.2821E-06
0.1900E-07 0.4924E-06
15.00 0.7298
-0.3970E-06 0.3892E-06
0.1642E-07 0.5993E-06
15.50 0.6621
-0.1675E-06 0.4934E-06
0.1256E-07 0.6948E-06
16.00 0.5901
0.2511E-06 0.5879E-06
0.7367E-08 0.7713E-06
16.50 0.5166
0.9087E-06 0.6644E-06
0.8865E-09 0.8197E-06
17.00 0.4442
0.1861E-05 0.7124E-06
-0.6676E-08 0.8288E-06
17.50 0.3757
0.3163E-05 0.7193E-06
-0.1483E-07 0.7868E-06
18.00 0.3135
0.4849E-05 0.6711E-06
-0.2262E-07 0.6827E-06
18.50 0.2600
0.6886E-05 0.5570E-06
-0.2832E-07 0.5130E-06
19.00 0.2169
0.9080E-05 0.3794E-06
-0.2932E-07 0.2944E-06
19.50 0.1858
0.1097E-04 0.1719E-06
-0.2270E-07 0.8231E-07
20.00 0.1677
0.1186E-04 0.1144E-07
-0.7220E-08 -0.2568E-07
20.50 0.1629
0.1118E-04 -0.8803E-08
0.1389E-07 0.6352E-07
21.00 0.1713
0.9022E-05 0.1491E-06
0.3332E-07 0.3562E-06
21.50 0.1924
0.6174E-05 0.4322E-06
0.4467E-07 0.7561E-06
22.00 0.2250
0.3454E-05 0.7474E-06
0.4621E-07 0.1144E-05
22.50 0.2675
0.1301E-05 0.1023E-05
0.3986E-07 0.1446E-05
23.00 0.3180
-0.2011E-06 0.1226E-05
0.2853E-07 0.1636E-05
23.50 0.3743
-0.1137E-05 0.1349E-05
0.1460E-07 0.1719E-05
24.00 0.4339
-0.1636E-05 0.1394E-05
-0.2655E-09 0.1706E-05
24.50 0.4943
-0.1819E-05 0.1370E-05
-0.1500E-07 0.1612E-05
25.00 0.5531
-0.1781E-05 0.1284E-05
-0.2889E-07 0.1449E-05
25.50 0.6077
-0.1598E-05 0.1144E-05
-0.4146E-07 0.1228E-05
26.00 0.6560
-0.1327E-05 0.9570E-06
-0.5233E-07 0.9574E-06
26.50 0.6961
-0.1014E-05 0.7284E-06
-0.6118E-07 0.6467E-06
27.00 0.7262
-0.6965E-06 0.4653E-06
-0.6777E-07 0.3039E-06
27.50 0.7453
-0.4043E-06 0.1744E-06
-0.7183E-07 -0.6242E-07
28.00 0.7526
-0.1640E-06 -0.1374E-06
-0.7317E-07 -0.4435E-06
28.50 0.7477
0.1255E-08 -0.4624E-06
-0.7158E-07 -0.8300E-06
29.00 0.7308
0.7029E-07 -0.7922E-06
-0.6690E-07 -0.1212E-05
29.50 0.7026
0.2343E-07 -0.1118E-05
-0.5897E-07 -0.1577E-05
30.00 0.6640
-0.1585E-06 -0.1429E-05
-0.4767E-07 -0.1915E-05
30.50 0.6164
-0.4948E-06 -0.1715E-05
-0.3291E-07 -0.2212E-05
31.00 0.5615
-0.1006E-05 -0.1963E-05
-0.1462E-07 -0.2452E-05
31.50 0.5012
-0.1716E-05 -0.2159E-05
0.7217E-08 -0.2620E-05
32.00 0.4375
-0.2653E-05 -0.2287E-05
0.3260E-07 -0.2696E-05
32.50 0.3726
-0.3851E-05 -0.2327E-05
0.6147E-07 -0.2657E-05
33.00 0.3088
-0.5357E-05 -0.2256E-05
0.9361E-07 -0.2474E-05
33.50 0.2479
-0.7229E-05 -0.2043E-05
0.1286E-06 -0.2114E-05
34.00 0.1921
-0.9535E-05 -0.1653E-05
0.1655E-06 -0.1534E-05
34.50 0.1429
-0.1233E-04 -0.1040E-05
0.2017E-06 -0.6871E-06
35.00 0.1019
-0.1556E-04 -0.1758E-06
0.2312E-06 0.4450E-06
35.50 0.7017E-01
-0.1865E-04 0.8711E-06
0.2388E-06 0.1736E-05
36.00 0.4857E-01
-0.1961E-04 0.1653E-05
0.1936E-06 0.2558E-05
36.50 0.3754E-01
-0.1440E-04 0.1012E-05
0.6737E-07 0.1421E-05
37.00 0.3717E-01
-0.2746E-05 -0.1632E-05
-0.7632E-07 -0.2202E-05
37.50 0.4721E-01
0.7045E-05 -0.4318E-05
-0.1229E-06 -0.5609E-05
38.00 0.6707E-01
0.1094E-04 -0.5580E-05
-0.8493E-07 -0.7051E-05
38.50 0.9585E-01
0.1123E-04 -0.5742E-05
-0.2245E-07 -0.7088E-05
39.00 0.1324
0.1011E-04 -0.5352E-05
0.3661E-07 -0.6465E-05
39.50 0.1754
0.8614E-05 -0.4710E-05
0.8523E-07 -0.5562E-05
40.00 0.2233
0.7106E-05 -0.3950E-05
0.1229E-06 -0.4544E-05
40.50 0.2744
0.5720E-05 -0.3134E-05
0.1507E-06 -0.3485E-05
41.00 0.3271
0.4497E-05 -0.2295E-05
0.1694E-06 -0.2421E-05
41.50 0.3797
0.3443E-05 -0.1455E-05
0.1800E-06 -0.1375E-05
42.00 0.4305
0.2554E-05 -0.6305E-06
0.1830E-06 -0.3658E-06
42.50 0.4782
0.1821E-05 0.1627E-06
0.1789E-06 0.5897E-06
43.00 0.5212
0.1234E-05 0.9094E-06
0.1683E-06 0.1475E-05
43.50 0.5584
0.7826E-06 0.1595E-05
0.1517E-06 0.2273E-05
44.00 0.5889
0.4573E-06 0.2203E-05
0.1296E-06 0.2967E-05
44.50 0.6119
0.2469E-06 0.2720E-05
0.1025E-06 0.3540E-05
45.00 0.6270
0.1395E-06 0.3131E-05
0.7121E-07 0.3977E-05
45.50 0.6339
0.1226E-06 0.3422E-05
0.3646E-07 0.4262E-05
46.00 0.6325
0.1820E-06 0.3581E-05
-0.8600E-09 0.4384E-05
46.50 0.6233
0.3022E-06 0.3597E-05
-0.3977E-07 0.4330E-05
47.00 0.6066
0.4655E-06 0.3461E-05
-0.7916E-07 0.4091E-05
47.50 0.5830
0.6520E-06 0.3167E-05
-0.1179E-06 0.3663E-05
48.00 0.5533
0.8389E-06 0.2711E-05
-0.1546E-06 0.3043E-05
48.50 0.5186
0.9997E-06 0.2093E-05
-0.1879E-06 0.2231E-05
49.00 0.4797
0.1104E-05 0.1314E-05
-0.2163E-06 0.1233E-05
49.50 0.4378
0.1114E-05 0.3803E-06
-0.2383E-06 0.5876E-07
50.00 0.3939
0.9862E-06 -0.6964E-06
-0.2522E-06 -0.1276E-05
50.50 0.3492
0.6658E-06 -0.1901E-05
-0.2562E-06 -0.2751E-05
51.00 0.3046
0.8370E-07 -0.3214E-05
-0.2484E-06 -0.4339E-05
51.50 0.2612
-0.8495E-06 -0.4608E-05
-0.2269E-06 -0.6004E-05
52.00 0.2198
-0.2252E-05 -0.6047E-05
-0.1895E-06 -0.7702E-05
52.50 0.1811
-0.4286E-05 -0.7488E-05
-0.1337E-06 -0.9376E-05
53.00 0.1457
-0.7177E-05 -0.8870E-05
-0.5700E-07 -0.1095E-04
53.50 0.1142
-0.1125E-04 -0.1011E-04
0.4359E-07 -0.1232E-04
54.00 0.8684E-01
-0.1699E-04 -0.1110E-04
0.1708E-06 -0.1334E-04
54.50 0.6383E-01
-0.2511E-04 -0.1165E-04
0.3263E-06 -0.1380E-04
55.00 0.4520E-01
-0.3659E-04 -0.1150E-04
0.5066E-06 -0.1337E-04
55.50 0.3088E-01
-0.5260E-04 -0.1023E-04
0.6925E-06 -0.1158E-04
56.00 0.2066E-01
-0.7323E-04 -0.7401E-05
0.8197E-06 -0.7959E-05
56.50 0.1423E-01
-0.9316E-04 -0.3169E-05
0.7351E-06 -0.2909E-05
57.00 0.1120E-01
-0.9589E-04 -0.7052E-07
0.2701E-06 0.2640E-06
57.50 0.1109E-01
-0.6965E-04 -0.1896E-05
-0.3848E-06 -0.2813E-05
58.00 0.1341E-01
-0.3301E-04 -0.7448E-05
-0.7733E-06 -0.1009E-04
58.50 0.1761E-01
-0.6043E-05 -0.1278E-04
-0.8177E-06 -0.1666E-04
59.00 0.2317E-01
0.9175E-05 -0.1640E-04
-0.6793E-06 -0.2091E-04
59.50 0.2953E-01
0.1666E-04 -0.1843E-04
-0.4756E-06 -0.2314E-04
60.00 0.3622E-01
0.1968E-04 -0.1926E-04
-0.2579E-06 -0.2389E-04
60.50 0.4278E-01
0.2012E-04 -0.1918E-04
-0.4579E-07 -0.2354E-04
61.00 0.4881E-01
0.1900E-04 -0.1836E-04
0.1534E-06 -0.2231E-04
61.50 0.5399E-01
0.1689E-04 -0.1691E-04
0.3363E-06 -0.2035E-04
62.00 0.5808E-01
0.1414E-04 -0.1491E-04
0.5007E-06 -0.1773E-04
62.50 0.6091E-01
0.1102E-04 -0.1241E-04
0.6444E-06 -0.1453E-04
63.00 0.6240E-01
0.7727E-05 -0.9446E-05
0.7647E-06 -0.1079E-04
63.50 0.6256E-01
0.4514E-05 -0.6066E-05
0.8585E-06 -0.6573E-05
64.00 0.6148E-01
0.1665E-05 -0.2324E-05
0.9220E-06 -0.1947E-05
64.50 0.5931E-01
-0.4494E-06 0.1700E-05
0.9506E-06 0.2989E-05
65.00 0.5630E-01
-0.1338E-05 0.5892E-05
0.9391E-06 0.8092E-05
65.50 0.5272E-01
-0.3708E-06 0.1007E-04
0.8820E-06 0.1314E-04
66.00 0.4891E-01
0.3206E-05 0.1397E-04
0.7750E-06 0.1780E-04
66.50 0.4525E-01
0.1015E-04 0.1719E-04
0.6173E-06 0.2159E-04
67.00 0.4213E-01
0.2093E-04 0.1922E-04
0.4164E-06 0.2390E-04
67.50 0.3997E-01
0.3514E-04 0.1954E-04
0.1933E-06 0.2409E-04
68.00 0.3916E-01
0.5092E-04 0.1782E-04
-0.1553E-07 0.2181E-04
68.50 0.4011E-01
0.6501E-04 0.1432E-04
-0.1671E-06 0.1740E-04
69.00 0.4319E-01
0.7388E-04 0.9890E-05
-0.2328E-06 0.1193E-04
69.50 0.4872E-01
0.7561E-04 0.5661E-05
-0.2142E-06 0.6773E-05
70.00 0.5700E-01
0.7062E-04 0.2463E-05
-0.1396E-06 0.2915E-05
70.50 0.6827E-01
0.6091E-04 0.5778E-06
-0.4449E-07 0.6760E-06
71.00 0.8271E-01
0.4875E-04 -0.1445E-06
0.4386E-07 -0.1468E-06
71.50 0.1004
0.3594E-04 -0.3676E-07
0.1108E-06 0.2906E-07
72.00 0.1215
0.2364E-04 0.5611E-06
0.1515E-06 0.7856E-06
72.50 0.1459
0.1249E-04 0.1377E-05
0.1673E-06 0.1792E-05
73.00 0.1735
0.2773E-05 0.2218E-05
0.1621E-06 0.2816E-05
73.50 0.2042
-0.5390E-05 0.2961E-05
0.1406E-06 0.3710E-05
74.00 0.2377
-0.1200E-04 0.3533E-05
0.1077E-06 0.4389E-05
74.50 0.2739
-0.1711E-04 0.3898E-05
0.6781E-07 0.4811E-05
75.00 0.3123
-0.2080E-04 0.4044E-05
0.2474E-07 0.4966E-05
75.50 0.3526
-0.2316E-04 0.3979E-05
-0.1829E-07 0.4864E-05
76.00 0.3943
-0.2430E-04 0.3722E-05
-0.5864E-07 0.4530E-05
76.50 0.4372
-0.2433E-04 0.3302E-05
-0.9426E-07 0.3999E-05
77.00 0.4806
-0.2337E-04 0.2751E-05
-0.1236E-06 0.3312E-05
77.50 0.5241
-0.2154E-04 0.2104E-05
-0.1456E-06 0.2513E-05
78.00 0.5671
-0.1897E-04 0.1401E-05
-0.1597E-06 0.1647E-05
78.50 0.6094
-0.1581E-04 0.6758E-06
-0.1657E-06 0.7603E-06
79.00 0.6502
-0.1219E-04 -0.3471E-07
-0.1639E-06 -0.1063E-06
79.50 0.6893
-0.8259E-05 -0.6992E-06
-0.1548E-06 -0.9137E-06
80.00 0.7261
-0.4167E-05 -0.1290E-05
-0.1393E-06 -0.1629E-05
80.50 0.7603
-0.5848E-07 -0.1783E-05
-0.1184E-06 -0.2223E-05
81.00 0.7916
0.3923E-05 -0.2162E-05
-0.9352E-07 -0.2678E-05
81.50 0.8195
0.7642E-05 -0.2416E-05
-0.6605E-07 -0.2979E-05
82.00 0.8440
0.1097E-04 -0.2539E-05
-0.3749E-07 -0.3120E-05
82.50 0.8646
0.1379E-04 -0.2534E-05
-0.9312E-08 -0.3106E-05
83.00 0.8814
0.1600E-04 -0.2409E-05
0.1705E-07 -0.2946E-05
83.50 0.8941
0.1753E-04 -0.2178E-05
0.4032E-07 -0.2658E-05
84.00 0.9029
0.1831E-04 -0.1860E-05
0.5940E-07 -0.2266E-05
84.50 0.9076
0.1831E-04 -0.1481E-05
0.7345E-07 -0.1799E-05
85.00 0.9084
0.1750E-04 -0.1067E-05
0.8195E-07 -0.1292E-05
85.50 0.9053
0.1593E-04 -0.6483E-06
0.8471E-07 -0.7807E-06
86.00 0.8987
0.1361E-04 -0.2555E-06
0.8193E-07 -0.3015E-06
86.50 0.8887
0.1064E-04 0.8249E-07
0.7418E-07 0.1101E-06
87.00 0.8755
0.7120E-05 0.3395E-06
0.6244E-07 0.4223E-06
87.50 0.8596
0.3170E-05 0.4945E-06
0.4804E-07 0.6098E-06
88.00 0.8413
-0.1049E-05 0.5333E-06
0.3263E-07 0.6554E-06
88.50 0.8210
-0.5363E-05 0.4507E-06
0.1808E-07 0.5528E-06
89.00 0.7990
-0.9577E-05 0.2520E-06
0.6409E-08 0.3088E-06
89.50 0.7759
-0.1349E-04 -0.4549E-07
-0.3880E-09 -0.5577E-07
90.00 0.7520
-0.1691E-04 -0.4120E-06
-0.4839E-09 -0.5047E-06
90.50 0.7279
-0.1963E-04 -0.8054E-06
0.7573E-08 -0.9865E-06
91.00 0.7041
-0.2148E-04 -0.1172E-05
0.2465E-07 -0.1437E-05
91.50 0.6809
-0.2234E-04 -0.1451E-05
0.5079E-07 -0.1780E-05
92.00 0.6588
-0.2211E-04 -0.1577E-05
0.8507E-07 -0.1938E-05
92.50 0.6383
-0.2078E-04 -0.1488E-05
0.1254E-06 -0.1833E-05
93.00 0.6198
-0.1841E-04 -0.1131E-05
0.1686E-06 -0.1403E-05
93.50 0.6037
-0.1512E-04 -0.4735E-06
0.2102E-06 -0.6057E-06
94.00 0.5903
-0.1114E-04 0.4884E-06
0.2453E-06 0.5638E-06
94.50 0.5800
-0.6755E-05 0.1725E-05
0.2686E-06 0.2070E-05
95.00 0.5730
-0.2282E-05 0.3167E-05
0.2750E-06 0.3831E-05
95.50 0.5697
0.1935E-05 0.4713E-05
0.2609E-06 0.5721E-05
96.00 0.5702
0.5585E-05 0.6231E-05
0.2241E-06 0.7584E-05
96.50 0.5746
0.8422E-05 0.7579E-05
0.1649E-06 0.9244E-05
97.00 0.5831
0.1029E-04 0.8619E-05
0.8605E-07 0.1053E-04
97.50 0.5957
0.1115E-04 0.9236E-05
-0.7566E-08 0.1131E-04
98.00 0.6124
0.1107E-04 0.9352E-05
-0.1093E-06 0.1148E-04
98.50 0.6332
0.1019E-04 0.8934E-05
-0.2118E-06 0.1101E-04
99.00 0.6579
0.8726E-05 0.7999E-05
-0.3075E-06 0.9894E-05
99.50 0.6864
0.6927E-05 0.6604E-05
-0.3896E-06 0.8218E-05
100.0 0.7185
0.5027E-05 0.4842E-05
-0.4526E-06 0.6089E-05
100.5 0.7539
0.3238E-05 0.2828E-05
-0.4929E-06 0.3646E-05
101.0 0.7923
0.1726E-05 0.6891E-06
-0.5084E-06 0.1042E-05
101.5 0.8335
0.6051E-06 -0.1449E-05
-0.4990E-06 -0.1572E-05
102.0 0.8769
-0.6479E-07 -0.3470E-05
-0.4660E-06 -0.4052E-05
102.5 0.9222
-0.2734E-06 -0.5271E-05
-0.4121E-06 -0.6273E-05
103.0 0.9690
-0.5310E-07 -0.6769E-05
-0.3408E-06 -0.8133E-05
103.5 1.017
0.5304E-06 -0.7904E-05
-0.2564E-06 -0.9557E-05
104.0 1.065
0.1388E-05 -0.8637E-05
-0.1635E-06 -0.1050E-04
104.5 1.113
0.2415E-05 -0.8951E-05
-0.6684E-07 -0.1093E-04
105.0 1.161
0.3502E-05 -0.8850E-05
0.2895E-07 -0.1085E-04
105.5 1.208
0.4540E-05 -0.8357E-05
0.1196E-06 -0.1030E-04
106.0 1.254
0.5431E-05 -0.7510E-05
0.2012E-06 -0.9314E-05
106.5 1.297
0.6084E-05 -0.6362E-05
0.2707E-06 -0.7953E-05
107.0 1.338
0.6431E-05 -0.4976E-05
0.3253E-06 -0.6293E-05
107.5 1.377
0.6419E-05 -0.3422E-05
0.3633E-06 -0.4420E-05
108.0 1.413
0.6019E-05 -0.1774E-05
0.3837E-06 -0.2422E-05
108.5 1.445
0.5223E-05 -0.1087E-06
0.3862E-06 -0.3917E-06
109.0 1.473
0.4045E-05 0.1499E-05
0.3713E-06 0.1580E-05
109.5 1.497
0.2522E-05 0.2979E-05
0.3403E-06 0.3408E-05
110.0 1.518
0.7096E-06 0.4270E-05
0.2952E-06 0.5015E-05
110.5 1.534
-0.1317E-05 0.5318E-05
0.2385E-06 0.6335E-05
111.0 1.546
-0.3468E-05 0.6083E-05
0.1731E-06 0.7317E-05
111.5 1.554
-0.5642E-05 0.6537E-05
0.1025E-06 0.7925E-05
112.0 1.557
-0.7729E-05 0.6670E-05
0.3026E-07 0.8144E-05
112.5 1.557
-0.9615E-05 0.6485E-05
-0.4005E-07 0.7975E-05
113.0 1.553
-0.1119E-04 0.6003E-05
-0.1049E-06 0.7441E-05
113.5 1.546
-0.1235E-04 0.5261E-05
-0.1612E-06 0.6583E-05
114.0 1.535
-0.1299E-04 0.4308E-05
-0.2062E-06 0.5460E-05
114.5 1.522
-0.1305E-04 0.3208E-05
-0.2378E-06 0.4146E-05
115.0 1.506
-0.1247E-04 0.2032E-05
-0.2549E-06 0.2726E-05
115.5 1.489
-0.1124E-04 0.8568E-06
-0.2571E-06 0.1295E-05
116.0 1.470
-0.9358E-05 -0.2402E-06
-0.2451E-06 -0.5520E-07
116.5 1.451
-0.6879E-05 -0.1187E-05
-0.2206E-06 -0.1234E-05
117.0 1.432
-0.3891E-05 -0.1923E-05
-0.1864E-06 -0.2166E-05
117.5 1.413
-0.5208E-06 -0.2404E-05
-0.1459E-06 -0.2792E-05
118.0 1.396
0.3071E-05 -0.2605E-05
-0.1031E-06 -0.3081E-05
118.5 1.380
0.6696E-05 -0.2530E-05
-0.6249E-07 -0.3031E-05
119.0 1.366
0.1015E-04 -0.2207E-05
-0.2814E-07 -0.2672E-05
119.5 1.355
0.1322E-04 -0.1692E-05
-0.3723E-08 -0.2068E-05
120.0 1.348
0.1572E-04 -0.1061E-05
0.8119E-08 -0.1309E-05
120.5 1.343
0.1748E-04 -0.4066E-06
0.6068E-08 -0.5051E-06
121.0 1.343
0.1838E-04 0.1729E-06
-0.9621E-08 0.2233E-06
121.5 1.347
0.1836E-04 0.5845E-06
-0.3707E-07 0.7612E-06
122.0 1.355
0.1743E-04 0.7514E-06
-0.7292E-07 0.1011E-05
122.5 1.367
0.1564E-04 0.6223E-06
-0.1126E-06 0.9056E-06
123.0 1.383
0.1314E-04 0.1785E-06
-0.1511E-06 0.4147E-06
123.5 1.404
0.1009E-04 -0.5638E-06
-0.1829E-06 -0.4485E-06
124.0 1.428
0.6697E-05 -0.1555E-05
-0.2033E-06 -0.1630E-05
124.5 1.456
0.3184E-05 -0.2716E-05
-0.2085E-06 -0.3040E-05
125.0 1.487
-0.2418E-06 -0.3949E-05
-0.1960E-06 -0.4562E-05
125.5 1.521
-0.3392E-05 -0.5145E-05
-0.1649E-06 -0.6066E-05
126.0 1.556
-0.6113E-05 -0.6195E-05
-0.1160E-06 -0.7419E-05
126.5 1.592
-0.8291E-05 -0.7000E-05
-0.5143E-07 -0.8497E-05
127.0 1.629
-0.9858E-05 -0.7477E-05
0.2521E-07 -0.9195E-05
127.5 1.665
-0.1079E-04 -0.7565E-05
0.1095E-06 -0.9433E-05
128.0 1.700
-0.1110E-04 -0.7231E-05
0.1964E-06 -0.9163E-05
128.5 1.733
-0.1083E-04 -0.6468E-05
0.2805E-06 -0.8368E-05
129.0 1.762
-0.1007E-04 -0.5294E-05
0.3568E-06 -0.7062E-05
129.5 1.788
-0.8899E-05 -0.3754E-05
0.4202E-06 -0.5291E-05
130.0 1.808
-0.7435E-05 -0.1913E-05
0.4667E-06 -0.3127E-05
130.5 1.823
-0.5789E-05 0.1467E-06
0.4929E-06 -0.6624E-06
131.0 1.832
-0.4074E-05 0.2330E-05
0.4963E-06 0.1991E-05
131.5 1.834
-0.2396E-05 0.4533E-05
0.4756E-06 0.4711E-05
132.0 1.828
-0.8527E-06 0.6648E-05
0.4305E-06 0.7367E-05
132.5 1.815
0.4714E-06 0.8567E-05
0.3620E-06 0.9829E-05
133.0 1.794
0.1510E-05 0.1019E-04
0.2720E-06 0.1197E-04
133.5 1.765
0.2213E-05 0.1142E-04
0.1635E-06 0.1367E-04
134.0 1.728
0.2556E-05 0.1217E-04
0.4050E-07 0.1483E-04
134.5 1.684
0.2532E-05 0.1239E-04
-0.9213E-07 0.1536E-04
135.0 1.633
0.2162E-05 0.1202E-04
-0.2288E-06 0.1518E-04
135.5 1.576
0.1488E-05 0.1105E-04
-0.3633E-06 0.1427E-04
136.0 1.514
0.5793E-06 0.9477E-05
-0.4889E-06 0.1262E-04
136.5 1.448
-0.4692E-06 0.7336E-05
-0.5988E-06 0.1025E-04
137.0 1.378
-0.1538E-05 0.4694E-05
-0.6861E-06 0.7220E-05
137.5 1.308
-0.2486E-05 0.1655E-05
-0.7443E-06 0.3651E-05
138.0 1.236
-0.3152E-05 -0.1639E-05
-0.7679E-06 -0.3019E-06
138.5 1.167
-0.3364E-05 -0.5006E-05
-0.7526E-06 -0.4430E-05
139.0 1.100
-0.2955E-05 -0.8229E-05
-0.6965E-06 -0.8477E-05
139.5 1.038
-0.1779E-05 -0.1106E-04
-0.6006E-06 -0.1215E-04
140.0 0.9818
0.2542E-06 -0.1326E-04
-0.4699E-06 -0.1512E-04
140.5 0.9337
0.3146E-05 -0.1459E-04
-0.3141E-06 -0.1711E-04
141.0 0.8950
0.6774E-05 -0.1488E-04
-0.1474E-06 -0.1787E-04
141.5 0.8670
0.1087E-04 -0.1410E-04
0.1234E-07 -0.1730E-04
142.0 0.8511
0.1502E-04 -0.1234E-04
0.1466E-06 -0.1548E-04
142.5 0.8482
0.1872E-04 -0.9857E-05
0.2394E-06 -0.1270E-04
143.0 0.8593
0.2150E-04 -0.7048E-05
0.2813E-06 -0.9380E-05
143.5 0.8849
0.2297E-04 -0.4341E-05
0.2722E-06 -0.6053E-05
144.0 0.9254
0.2296E-04 -0.2114E-05
0.2205E-06 -0.3197E-05
144.5 0.9809
0.2149E-04 -0.6214E-06
0.1411E-06 -0.1157E-05
145.0 1.051
0.1881E-04 0.4564E-07
0.5130E-07 -0.9122E-07
145.5 1.136
0.1523E-04 -0.6009E-07
-0.3292E-07 0.2168E-07
146.0 1.233
0.1115E-04 -0.7821E-06
-0.9942E-07 -0.6635E-06
146.5 1.343
0.6888E-05 -0.1911E-05
-0.1407E-06 -0.1916E-05
147.0 1.463
0.2753E-05 -0.3229E-05
-0.1538E-06 -0.3481E-05
147.5 1.592
-0.1039E-05 -0.4537E-05
-0.1394E-06 -0.5119E-05
148.0 1.728
-0.4338E-05 -0.5671E-05
-0.1006E-06 -0.6624E-05
148.5 1.868
-0.7052E-05 -0.6510E-05
-0.4228E-07 -0.7835E-05
149.0 2.009
-0.9139E-05 -0.6973E-05
0.2979E-07 -0.8639E-05
149.5 2.150
-0.1059E-04 -0.7017E-05
0.1097E-06 -0.8966E-05
150.0 2.288
-0.1144E-04 -0.6630E-05
0.1915E-06 -0.8783E-05
150.5 2.419
-0.1171E-04 -0.5828E-05
0.2698E-06 -0.8092E-05
151.0 2.541
-0.1147E-04 -0.4649E-05
0.3397E-06 -0.6920E-05
151.5 2.650
-0.1079E-04 -0.3147E-05
0.3970E-06 -0.5317E-05
152.0 2.746
-0.9728E-05 -0.1389E-05
0.4384E-06 -0.3351E-05
152.5 2.824
-0.8365E-05 0.5474E-06
0.4611E-06 -0.1101E-05
153.0 2.883
-0.6775E-05 0.2580E-05
0.4633E-06 0.1341E-05
153.5 2.921
-0.5034E-05 0.4622E-05
0.4438E-06 0.3880E-05
154.0 2.937
-0.3215E-05 0.6586E-05
0.4024E-06 0.6416E-05
154.5 2.929
-0.1388E-05 0.8385E-05
0.3395E-06 0.8846E-05
155.0 2.897
0.3782E-06 0.9935E-05
0.2560E-06 0.1107E-04
155.5 2.840
0.2022E-05 0.1116E-04
0.1538E-06 0.1299E-04
156.0 2.760
0.3485E-05 0.1197E-04
0.3505E-07 0.1450E-04
156.5 2.657
0.4714E-05 0.1231E-04
-0.9721E-07 0.1553E-04
157.0 2.532
0.5662E-05 0.1212E-04
-0.2396E-06 0.1597E-04
157.5 2.389
0.6289E-05 0.1134E-04
-0.3880E-06 0.1576E-04
158.0 2.229
0.6561E-05 0.9912E-05
-0.5379E-06 0.1480E-04
158.5 2.056
0.6454E-05 0.7806E-05
-0.6840E-06 0.1303E-04
159.0 1.873
0.5958E-05 0.4987E-05
-0.8202E-06 0.1038E-04
159.5 1.684
0.5078E-05 0.1435E-05
-0.9392E-06 0.6780E-05
160.0 1.495
0.3851E-05 -0.2849E-05
-0.1033E-05 0.2182E-05
160.5 1.310
0.2355E-05 -0.7828E-05
-0.1089E-05 -0.3438E-05
161.0 1.134
0.7486E-06 -0.1339E-04
-0.1096E-05 -0.1003E-04
161.5 0.9726
-0.6880E-06 -0.1928E-04
-0.1038E-05 -0.1742E-04
162.0 0.8309
-0.1491E-05 -0.2501E-04
-0.8975E-06 -0.2511E-04
162.5 0.7145
-0.9837E-06 -0.2969E-04
-0.6650E-06 -0.3215E-04
163.0 0.6286
0.1611E-05 -0.3204E-04
-0.3510E-06 -0.3694E-04
163.5 0.5784
0.6714E-05 -0.3072E-04
-0.6634E-08 -0.3758E-04
164.0 0.5686
0.1370E-04 -0.2538E-04
0.2764E-06 -0.3302E-04
164.5 0.6035
0.2072E-04 -0.1749E-04
0.4130E-06 -0.2441E-04
165.0 0.6871
0.2580E-04 -0.9649E-05
0.3865E-06 -0.1471E-04
165.5 0.8226
0.2807E-04 -0.3826E-05
0.2508E-06 -0.6633E-05
166.0 1.013
0.2780E-04 -0.5802E-06
0.7815E-07 -0.1346E-05
166.5 1.259
0.2579E-04 0.5086E-06
-0.8031E-07 0.1283E-05
167.0 1.563
0.2277E-04 0.1501E-06
-0.2006E-06 0.1912E-05
167.5 1.925
0.1928E-04 -0.1022E-05
-0.2765E-06 0.1234E-05
168.0 2.344
0.1564E-04 -0.2544E-05
-0.3108E-06 -0.1993E-06
168.5 2.819
0.1204E-04 -0.4106E-05
-0.3096E-06 -0.1993E-05
169.0 3.347
0.8612E-05 -0.5513E-05
-0.2799E-06 -0.3879E-05
169.5 3.924
0.5407E-05 -0.6644E-05
-0.2284E-06 -0.5680E-05
170.0 4.547
0.2470E-05 -0.7431E-05
-0.1612E-06 -0.7280E-05
170.5 5.211
-0.1791E-06 -0.7842E-05
-0.8365E-07 -0.8612E-05
171.0 5.909
-0.2526E-05 -0.7869E-05
-0.6657E-09 -0.9635E-05
171.5 6.636
-0.4563E-05 -0.7521E-05
0.8359E-07 -0.1034E-04
172.0 7.383
-0.6289E-05 -0.6820E-05
0.1655E-06 -0.1071E-04
172.5 8.144
-0.7704E-05 -0.5801E-05
0.2418E-06 -0.1078E-04
173.0 8.910
-0.8813E-05 -0.4503E-05
0.3101E-06 -0.1057E-04
173.5 9.673
-0.9622E-05 -0.2974E-05
0.3681E-06 -0.1011E-04
174.0 10.42
-0.1014E-04 -0.1262E-05
0.4142E-06 -0.9431E-05
174.5 11.15
-0.1038E-04 0.5770E-06
0.4471E-06 -0.8583E-05
175.0 11.85
-0.1035E-04 0.2490E-05
0.4661E-06 -0.7609E-05
175.5 12.52
-0.1008E-04 0.4421E-05
0.4708E-06 -0.6552E-05
176.0 13.14
-0.9574E-05 0.6318E-05
0.4613E-06 -0.5460E-05
176.5 13.70
-0.8858E-05 0.8128E-05
0.4382E-06 -0.4377E-05
177.0 14.21
-0.7955E-05 0.9804E-05
0.4021E-06 -0.3343E-05
177.5 14.65
-0.6887E-05 0.1130E-04
0.3544E-06 -0.2398E-05
178.0 15.01
-0.5680E-05 0.1258E-04
0.2965E-06 -0.1575E-05
178.5 15.30
-0.4360E-05 0.1361E-04
0.2301E-06 -0.9041E-06
179.0 15.51
-0.2955E-05 0.1437E-04
0.1571E-06 -0.4076E-06
179.5 15.64
-0.1492E-05 0.1483E-04
0.7969E-07 -0.1028E-06
180.0 15.68
-0.2991E-07 0.1499E-04
0.1601E-08 -0.4117E-10
