0.000 0.2544
0.000 -0.9656E-02
0.000 0.000
0.5000 0.2539
-0.3239E-03 -0.9658E-02
0.1714E-04 0.1859E-05
1.000 0.2524
-0.6439E-03 -0.9662E-02
0.3418E-04 0.7462E-05
1.500 0.2500
-0.9559E-03 -0.9669E-02
0.5099E-04 0.1689E-04
2.000 0.2467
-0.1256E-02 -0.9679E-02
0.6746E-04 0.3030E-04
2.500 0.2425
-0.1538E-02 -0.9690E-02
0.8344E-04 0.4787E-04
3.000 0.2374
-0.1799E-02 -0.9702E-02
0.9878E-04 0.6987E-04
3.500 0.2316
-0.2031E-02 -0.9713E-02
0.1133E-03 0.9663E-04
4.000 0.2251
-0.2228E-02 -0.9723E-02
0.1268E-03 0.1286E-03
4.500 0.2180
-0.2383E-02 -0.9729E-02
0.1389E-03 0.1661E-03
5.000 0.2103
-0.2485E-02 -0.9730E-02
0.1494E-03 0.2098E-03
5.500 0.2021
-0.2524E-02 -0.9722E-02
0.1580E-03 0.2603E-03
6.000 0.1936
-0.2487E-02 -0.9704E-02
0.1641E-03 0.3183E-03
6.500 0.1848
-0.2360E-02 -0.9670E-02
0.1672E-03 0.3847E-03
7.000 0.1757
-0.2126E-02 -0.9618E-02
0.1667E-03 0.4602E-03
7.500 0.1666
-0.1764E-02 -0.9541E-02
0.1619E-03 0.5458E-03
8.000 0.1575
-0.1253E-02 -0.9434E-02
0.1519E-03 0.6427E-03
8.500 0.1484
-0.5665E-03 -0.9290E-02
0.1357E-03 0.7518E-03
9.000 0.1395
0.3248E-03 -0.9101E-02
0.1120E-03 0.8742E-03
9.500 0.1308
0.1453E-02 -0.8859E-02
0.7973E-04 0.1011E-02
10.00 0.1224
0.2853E-02 -0.8552E-02
0.3723E-04 0.1163E-02
10.50 0.1143
0.4561E-02 -0.8172E-02
-0.1705E-04 0.1331E-02
11.00 0.1066
0.6617E-02 -0.7705E-02
-0.8482E-04 0.1516E-02
11.50 0.9942E-01
0.9056E-02 -0.7141E-02
-0.1678E-03 0.1717E-02
12.00 0.9266E-01
0.1191E-01 -0.6468E-02
-0.2678E-03 0.1934E-02
12.50 0.8641E-01
0.1521E-01 -0.5677E-02
-0.3861E-03 0.2164E-02
13.00 0.8068E-01
0.1896E-01 -0.4760E-02
-0.5241E-03 0.2406E-02
13.50 0.7548E-01
0.2316E-01 -0.3714E-02
-0.6821E-03 0.2655E-02
14.00 0.7082E-01
0.2780E-01 -0.2541E-02
-0.8601E-03 0.2906E-02
14.50 0.6669E-01
0.3281E-01 -0.1250E-02
-0.1057E-02 0.3153E-02
15.00 0.6309E-01
0.3812E-01 0.1450E-03
-0.1270E-02 0.3388E-02
15.50 0.5998E-01
0.4362E-01 0.1619E-02
-0.1497E-02 0.3603E-02
16.00 0.5736E-01
0.4919E-01 0.3142E-02
-0.1731E-02 0.3789E-02
16.50 0.5519E-01
0.5468E-01 0.4678E-02
-0.1969E-02 0.3939E-02
17.00 0.5344E-01
0.5995E-01 0.6188E-02
-0.2205E-02 0.4045E-02
17.50 0.5209E-01
0.6484E-01 0.7633E-02
-0.2431E-02 0.4103E-02
18.00 0.5109E-01
0.6925E-01 0.8978E-02
-0.2644E-02 0.4110E-02
18.50 0.5040E-01
0.7306E-01 0.1019E-01
-0.2839E-02 0.4065E-02
19.00 0.4999E-01
0.7621E-01 0.1126E-01
-0.3011E-02 0.3970E-02
19.50 0.4982E-01
0.7868E-01 0.1216E-01
-0.3160E-02 0.3827E-02
20.00 0.4985E-01
0.8047E-01 0.1289E-01
-0.3284E-02 0.3643E-02
20.50 0.5004E-01
0.8159E-01 0.1345E-01
-0.3383E-02 0.3421E-02
21.00 0.5035E-01
0.8210E-01 0.1385E-01
-0.3458E-02 0.3166E-02
21.50 0.5076E-01
0.8204E-01 0.1411E-01
-0.3511E-02 0.2884E-02
22.00 0.5123E-01
0.8148E-01 0.1423E-01
-0.3544E-02 0.2580E-02
22.50 0.5173E-01
0.8048E-01 0.1422E-01
-0.3558E-02 0.2256E-02
23.00 0.5223E-01
0.7910E-01 0.1412E-01
-0.3556E-02 0.1916E-02
23.50 0.5270E-01
0.7739E-01 0.1391E-01
-0.3540E-02 0.1562E-02
24.00 0.5314E-01
0.7540E-01 0.1363E-01
-0.3511E-02 0.1196E-02
24.50 0.5351E-01
0.7317E-01 0.1328E-01
-0.3472E-02 0.8183E-03
25.00 0.5380E-01
0.7073E-01 0.1287E-01
-0.3422E-02 0.4298E-03
25.50 0.5400E-01
0.6812E-01 0.1240E-01
-0.3364E-02 0.3030E-04
26.00 0.5410E-01
0.6536E-01 0.1189E-01
-0.3299E-02 -0.3807E-03
26.50 0.5409E-01
0.6247E-01 0.1133E-01
-0.3227E-02 -0.8039E-03
27.00 0.5396E-01
0.5946E-01 0.1074E-01
-0.3149E-02 -0.1241E-02
27.50 0.5371E-01
0.5635E-01 0.1011E-01
-0.3064E-02 -0.1692E-02
28.00 0.5334E-01
0.5314E-01 0.9445E-02
-0.2975E-02 -0.2159E-02
28.50 0.5284E-01
0.4985E-01 0.8750E-02
-0.2880E-02 -0.2645E-02
29.00 0.5223E-01
0.4648E-01 0.8024E-02
-0.2780E-02 -0.3150E-02
29.50 0.5150E-01
0.4303E-01 0.7265E-02
-0.2675E-02 -0.3678E-02
30.00 0.5066E-01
0.3952E-01 0.6474E-02
-0.2565E-02 -0.4229E-02
30.50 0.4971E-01
0.3595E-01 0.5650E-02
-0.2451E-02 -0.4807E-02
31.00 0.4866E-01
0.3232E-01 0.4790E-02
-0.2332E-02 -0.5415E-02
31.50 0.4752E-01
0.2864E-01 0.3894E-02
-0.2208E-02 -0.6054E-02
32.00 0.4630E-01
0.2491E-01 0.2958E-02
-0.2079E-02 -0.6729E-02
32.50 0.4500E-01
0.2116E-01 0.1981E-02
-0.1946E-02 -0.7441E-02
33.00 0.4363E-01
0.1738E-01 0.9601E-03
-0.1809E-02 -0.8196E-02
33.50 0.4221E-01
0.1359E-01 -0.1084E-03
-0.1667E-02 -0.8995E-02
34.00 0.4074E-01
0.9802E-02 -0.1227E-02
-0.1521E-02 -0.9844E-02
34.50 0.3923E-01
0.6043E-02 -0.2401E-02
-0.1372E-02 -0.1075E-01
35.00 0.3769E-01
0.2333E-02 -0.3632E-02
-0.1221E-02 -0.1171E-01
35.50 0.3613E-01
-0.1300E-02 -0.4924E-02
-0.1067E-02 -0.1273E-01
36.00 0.3456E-01
-0.4823E-02 -0.6283E-02
-0.9123E-03 -0.1382E-01
36.50 0.3299E-01
-0.8195E-02 -0.7710E-02
-0.7579E-03 -0.1498E-01
37.00 0.3143E-01
-0.1137E-01 -0.9212E-02
-0.6055E-03 -0.1622E-01
37.50 0.2988E-01
-0.1429E-01 -0.1079E-01
-0.4572E-03 -0.1754E-01
38.00 0.2835E-01
-0.1688E-01 -0.1245E-01
-0.3156E-03 -0.1895E-01
38.50 0.2686E-01
-0.1907E-01 -0.1419E-01
-0.1837E-03 -0.2045E-01
39.00 0.2540E-01
-0.2077E-01 -0.1601E-01
-0.6556E-04 -0.2205E-01
39.50 0.2398E-01
-0.2186E-01 -0.1792E-01
0.3420E-04 -0.2374E-01
40.00 0.2262E-01
-0.2223E-01 -0.1991E-01
0.1100E-03 -0.2554E-01
40.50 0.2131E-01
-0.2173E-01 -0.2198E-01
0.1552E-03 -0.2743E-01
41.00 0.2006E-01
-0.2022E-01 -0.2411E-01
0.1621E-03 -0.2941E-01
41.50 0.1888E-01
-0.1751E-01 -0.2630E-01
0.1218E-03 -0.3149E-01
42.00 0.1777E-01
-0.1344E-01 -0.2853E-01
0.2441E-04 -0.3363E-01
42.50 0.1673E-01
-0.7811E-02 -0.3077E-01
-0.1412E-03 -0.3584E-01
43.00 0.1576E-01
-0.4359E-03 -0.3300E-01
-0.3867E-03 -0.3807E-01
43.50 0.1487E-01
0.8855E-02 -0.3516E-01
-0.7241E-03 -0.4031E-01
44.00 0.1407E-01
0.2020E-01 -0.3722E-01
-0.1165E-02 -0.4250E-01
44.50 0.1334E-01
0.3371E-01 -0.3912E-01
-0.1720E-02 -0.4459E-01
45.00 0.1270E-01
0.4939E-01 -0.4080E-01
-0.2397E-02 -0.4654E-01
45.50 0.1214E-01
0.6717E-01 -0.4220E-01
-0.3200E-02 -0.4827E-01
46.00 0.1166E-01
0.8689E-01 -0.4325E-01
-0.4128E-02 -0.4973E-01
46.50 0.1127E-01
0.1082 -0.4389E-01
-0.5176E-02 -0.5084E-01
47.00 0.1097E-01
0.1308 -0.4408E-01
-0.6329E-02 -0.5155E-01
47.50 0.1074E-01
0.1540 -0.4379E-01
-0.7567E-02 -0.5182E-01
48.00 0.1060E-01
0.1774 -0.4302E-01
-0.8865E-02 -0.5163E-01
48.50 0.1054E-01
0.2001 -0.4177E-01
-0.1019E-01 -0.5097E-01
49.00 0.1056E-01
0.2217 -0.4009E-01
-0.1152E-01 -0.4987E-01
49.50 0.1066E-01
0.2416 -0.3804E-01
-0.1281E-01 -0.4836E-01
50.00 0.1083E-01
0.2594 -0.3569E-01
-0.1404E-01 -0.4651E-01
50.50 0.1107E-01
0.2746 -0.3312E-01
-0.1519E-01 -0.4438E-01
51.00 0.1138E-01
0.2873 -0.3041E-01
-0.1623E-01 -0.4205E-01
51.50 0.1176E-01
0.2973 -0.2765E-01
-0.1716E-01 -0.3958E-01
52.00 0.1221E-01
0.3047 -0.2490E-01
-0.1798E-01 -0.3706E-01
52.50 0.1271E-01
0.3097 -0.2221E-01
-0.1867E-01 -0.3454E-01
53.00 0.1327E-01
0.3125 -0.1964E-01
-0.1926E-01 -0.3206E-01
53.50 0.1388E-01
0.3134 -0.1720E-01
-0.1974E-01 -0.2966E-01
54.00 0.1454E-01
0.3126 -0.1494E-01
-0.2013E-01 -0.2737E-01
54.50 0.1525E-01
0.3104 -0.1284E-01
-0.2043E-01 -0.2521E-01
55.00 0.1599E-01
0.3070 -0.1093E-01
-0.2066E-01 -0.2319E-01
55.50 0.1676E-01
0.3028 -0.9196E-02
-0.2083E-01 -0.2132E-01
56.00 0.1757E-01
0.2977 -0.7633E-02
-0.2094E-01 -0.1959E-01
56.50 0.1839E-01
0.2922 -0.6234E-02
-0.2101E-01 -0.1800E-01
57.00 0.1924E-01
0.2862 -0.4989E-02
-0.2104E-01 -0.1654E-01
57.50 0.2009E-01
0.2800 -0.3886E-02
-0.2105E-01 -0.1521E-01
58.00 0.2096E-01
0.2736 -0.2914E-02
-0.2103E-01 -0.1401E-01
58.50 0.2182E-01
0.2671 -0.2062E-02
-0.2099E-01 -0.1291E-01
59.00 0.2268E-01
0.2606 -0.1320E-02
-0.2093E-01 -0.1192E-01
59.50 0.2352E-01
0.2541 -0.6759E-03
-0.2087E-01 -0.1102E-01
60.00 0.2435E-01
0.2478 -0.1218E-03
-0.2080E-01 -0.1021E-01
60.50 0.2516E-01
0.2416 0.3514E-03
-0.2073E-01 -0.9475E-02
61.00 0.2594E-01
0.2355 0.7518E-03
-0.2065E-01 -0.8815E-02
61.50 0.2669E-01
0.2296 0.1086E-02
-0.2058E-01 -0.8221E-02
62.00 0.2740E-01
0.2239 0.1362E-02
-0.2050E-01 -0.7687E-02
62.50 0.2807E-01
0.2184 0.1584E-02
-0.2043E-01 -0.7207E-02
63.00 0.2869E-01
0.2131 0.1757E-02
-0.2037E-01 -0.6777E-02
63.50 0.2926E-01
0.2080 0.1886E-02
-0.2031E-01 -0.6391E-02
64.00 0.2978E-01
0.2032 0.1976E-02
-0.2025E-01 -0.6047E-02
64.50 0.3024E-01
0.1986 0.2029E-02
-0.2020E-01 -0.5740E-02
65.00 0.3065E-01
0.1941 0.2049E-02
-0.2016E-01 -0.5466E-02
65.50 0.3099E-01
0.1899 0.2039E-02
-0.2012E-01 -0.5224E-02
66.00 0.3126E-01
0.1860 0.2000E-02
-0.2009E-01 -0.5010E-02
66.50 0.3148E-01
0.1822 0.1934E-02
-0.2006E-01 -0.4821E-02
67.00 0.3163E-01
0.1787 0.1845E-02
-0.2004E-01 -0.4656E-02
67.50 0.3171E-01
0.1753 0.1731E-02
-0.2003E-01 -0.4513E-02
68.00 0.3173E-01
0.1722 0.1596E-02
-0.2002E-01 -0.4389E-02
68.50 0.3169E-01
0.1692 0.1440E-02
-0.2002E-01 -0.4283E-02
69.00 0.3159E-01
0.1665 0.1264E-02
-0.2002E-01 -0.4195E-02
69.50 0.3142E-01
0.1640 0.1068E-02
-0.2002E-01 -0.4121E-02
70.00 0.3120E-01
0.1616 0.8531E-03
-0.2002E-01 -0.4061E-02
70.50 0.3092E-01
0.1595 0.6194E-03
-0.2003E-01 -0.4015E-02
71.00 0.3059E-01
0.1575 0.3672E-03
-0.2004E-01 -0.3980E-02
71.50 0.3021E-01
0.1557 0.9664E-04
-0.2004E-01 -0.3956E-02
72.00 0.2978E-01
0.1541 -0.1923E-03
-0.2004E-01 -0.3942E-02
72.50 0.2931E-01
0.1527 -0.4996E-03
-0.2004E-01 -0.3938E-02
73.00 0.2880E-01
0.1515 -0.8254E-03
-0.2004E-01 -0.3941E-02
73.50 0.2825E-01
0.1504 -0.1170E-02
-0.2003E-01 -0.3952E-02
74.00 0.2767E-01
0.1496 -0.1533E-02
-0.2000E-01 -0.3969E-02
74.50 0.2707E-01
0.1489 -0.1915E-02
-0.1997E-01 -0.3992E-02
75.00 0.2644E-01
0.1485 -0.2317E-02
-0.1992E-01 -0.4021E-02
75.50 0.2579E-01
0.1482 -0.2737E-02
-0.1986E-01 -0.4053E-02
76.00 0.2512E-01
0.1481 -0.3178E-02
-0.1978E-01 -0.4089E-02
76.50 0.2444E-01
0.1482 -0.3638E-02
-0.1967E-01 -0.4127E-02
77.00 0.2376E-01
0.1485 -0.4117E-02
-0.1955E-01 -0.4167E-02
77.50 0.2306E-01
0.1489 -0.4616E-02
-0.1939E-01 -0.4207E-02
78.00 0.2237E-01
0.1496 -0.5135E-02
-0.1919E-01 -0.4247E-02
78.50 0.2167E-01
0.1505 -0.5672E-02
-0.1897E-01 -0.4285E-02
79.00 0.2098E-01
0.1516 -0.6228E-02
-0.1869E-01 -0.4321E-02
79.50 0.2030E-01
0.1528 -0.6801E-02
-0.1838E-01 -0.4353E-02
80.00 0.1962E-01
0.1543 -0.7390E-02
-0.1801E-01 -0.4379E-02
80.50 0.1896E-01
0.1559 -0.7994E-02
-0.1758E-01 -0.4399E-02
81.00 0.1832E-01
0.1578 -0.8610E-02
-0.1710E-01 -0.4410E-02
81.50 0.1768E-01
0.1598 -0.9237E-02
-0.1654E-01 -0.4412E-02
82.00 0.1707E-01
0.1619 -0.9871E-02
-0.1592E-01 -0.4402E-02
82.50 0.1648E-01
0.1643 -0.1051E-01
-0.1521E-01 -0.4379E-02
83.00 0.1591E-01
0.1668 -0.1115E-01
-0.1442E-01 -0.4340E-02
83.50 0.1537E-01
0.1693 -0.1178E-01
-0.1354E-01 -0.4284E-02
84.00 0.1485E-01
0.1720 -0.1240E-01
-0.1257E-01 -0.4209E-02
84.50 0.1436E-01
0.1748 -0.1300E-01
-0.1150E-01 -0.4113E-02
85.00 0.1389E-01
0.1776 -0.1358E-01
-0.1033E-01 -0.3994E-02
85.50 0.1345E-01
0.1804 -0.1413E-01
-0.9065E-02 -0.3851E-02
86.00 0.1305E-01
0.1832 -0.1464E-01
-0.7696E-02 -0.3681E-02
86.50 0.1267E-01
0.1858 -0.1510E-01
-0.6228E-02 -0.3483E-02
87.00 0.1232E-01
0.1884 -0.1551E-01
-0.4667E-02 -0.3258E-02
87.50 0.1200E-01
0.1908 -0.1584E-01
-0.3017E-02 -0.3003E-02
88.00 0.1172E-01
0.1929 -0.1611E-01
-0.1287E-02 -0.2719E-02
88.50 0.1146E-01
0.1948 -0.1629E-01
0.5103E-03 -0.2406E-02
89.00 0.1124E-01
0.1963 -0.1639E-01
0.2363E-02 -0.2066E-02
89.50 0.1105E-01
0.1974 -0.1638E-01
0.4256E-02 -0.1699E-02
90.00 0.1089E-01
0.1982 -0.1629E-01
0.6172E-02 -0.1309E-02
90.50 0.1076E-01
0.1985 -0.1608E-01
0.8092E-02 -0.8982E-03
91.00 0.1066E-01
0.1983 -0.1578E-01
0.9998E-02 -0.4695E-03
91.50 0.1059E-01
0.1977 -0.1538E-01
0.1187E-01 -0.2672E-04
92.00 0.1055E-01
0.1966 -0.1488E-01
0.1369E-01 0.4262E-03
92.50 0.1054E-01
0.1950 -0.1430E-01
0.1544E-01 0.8852E-03
93.00 0.1055E-01
0.1929 -0.1362E-01
0.1711E-01 0.1346E-02
93.50 0.1059E-01
0.1904 -0.1288E-01
0.1868E-01 0.1806E-02
94.00 0.1065E-01
0.1875 -0.1206E-01
0.2015E-01 0.2260E-02
94.50 0.1074E-01
0.1843 -0.1120E-01
0.2149E-01 0.2706E-02
95.00 0.1085E-01
0.1808 -0.1028E-01
0.2272E-01 0.3140E-02
95.50 0.1097E-01
0.1770 -0.9334E-02
0.2383E-01 0.3561E-02
96.00 0.1112E-01
0.1730 -0.8360E-02
0.2481E-01 0.3967E-02
96.50 0.1128E-01
0.1688 -0.7370E-02
0.2567E-01 0.4357E-02
97.00 0.1145E-01
0.1645 -0.6372E-02
0.2641E-01 0.4730E-02
97.50 0.1163E-01
0.1601 -0.5374E-02
0.2705E-01 0.5085E-02
98.00 0.1183E-01
0.1556 -0.4381E-02
0.2758E-01 0.5423E-02
98.50 0.1203E-01
0.1512 -0.3400E-02
0.2801E-01 0.5744E-02
99.00 0.1223E-01
0.1468 -0.2434E-02
0.2835E-01 0.6049E-02
99.50 0.1244E-01
0.1424 -0.1487E-02
0.2861E-01 0.6339E-02
100.0 0.1264E-01
0.1381 -0.5621E-03
0.2880E-01 0.6614E-02
100.5 0.1285E-01
0.1338 0.3397E-03
0.2892E-01 0.6876E-02
101.0 0.1305E-01
0.1296 0.1217E-02
0.2898E-01 0.7126E-02
101.5 0.1325E-01
0.1255 0.2069E-02
0.2898E-01 0.7366E-02
102.0 0.1343E-01
0.1215 0.2895E-02
0.2894E-01 0.7595E-02
102.5 0.1361E-01
0.1176 0.3696E-02
0.2886E-01 0.7816E-02
103.0 0.1378E-01
0.1138 0.4472E-02
0.2873E-01 0.8029E-02
103.5 0.1393E-01
0.1101 0.5224E-02
0.2858E-01 0.8236E-02
104.0 0.1407E-01
0.1065 0.5952E-02
0.2839E-01 0.8437E-02
104.5 0.1419E-01
0.1029 0.6658E-02
0.2818E-01 0.8633E-02
105.0 0.1430E-01
0.9945E-01 0.7341E-02
0.2794E-01 0.8825E-02
105.5 0.1439E-01
0.9603E-01 0.8003E-02
0.2768E-01 0.9013E-02
106.0 0.1446E-01
0.9267E-01 0.8644E-02
0.2740E-01 0.9199E-02
106.5 0.1452E-01
0.8936E-01 0.9265E-02
0.2710E-01 0.9381E-02
107.0 0.1455E-01
0.8607E-01 0.9866E-02
0.2678E-01 0.9562E-02
107.5 0.1457E-01
0.8281E-01 0.1045E-01
0.2644E-01 0.9739E-02
108.0 0.1457E-01
0.7957E-01 0.1101E-01
0.2608E-01 0.9915E-02
108.5 0.1456E-01
0.7632E-01 0.1155E-01
0.2569E-01 0.1009E-01
109.0 0.1452E-01
0.7306E-01 0.1208E-01
0.2529E-01 0.1026E-01
109.5 0.1447E-01
0.6979E-01 0.1258E-01
0.2486E-01 0.1043E-01
110.0 0.1441E-01
0.6648E-01 0.1306E-01
0.2441E-01 0.1059E-01
110.5 0.1433E-01
0.6313E-01 0.1352E-01
0.2394E-01 0.1075E-01
111.0 0.1424E-01
0.5974E-01 0.1396E-01
0.2344E-01 0.1091E-01
111.5 0.1413E-01
0.5628E-01 0.1437E-01
0.2291E-01 0.1106E-01
112.0 0.1402E-01
0.5276E-01 0.1475E-01
0.2235E-01 0.1120E-01
112.5 0.1390E-01
0.4917E-01 0.1511E-01
0.2177E-01 0.1134E-01
113.0 0.1377E-01
0.4550E-01 0.1543E-01
0.2115E-01 0.1146E-01
113.5 0.1363E-01
0.4175E-01 0.1573E-01
0.2049E-01 0.1158E-01
114.0 0.1349E-01
0.3793E-01 0.1598E-01
0.1980E-01 0.1168E-01
114.5 0.1334E-01
0.3402E-01 0.1620E-01
0.1908E-01 0.1178E-01
115.0 0.1319E-01
0.3003E-01 0.1638E-01
0.1832E-01 0.1185E-01
115.5 0.1304E-01
0.2596E-01 0.1651E-01
0.1753E-01 0.1192E-01
116.0 0.1289E-01
0.2183E-01 0.1660E-01
0.1670E-01 0.1196E-01
116.5 0.1275E-01
0.1764E-01 0.1664E-01
0.1583E-01 0.1199E-01
117.0 0.1260E-01
0.1339E-01 0.1663E-01
0.1493E-01 0.1199E-01
117.5 0.1246E-01
0.9112E-02 0.1657E-01
0.1400E-01 0.1198E-01
118.0 0.1232E-01
0.4805E-02 0.1646E-01
0.1304E-01 0.1194E-01
118.5 0.1218E-01
0.4899E-03 0.1629E-01
0.1205E-01 0.1188E-01
119.0 0.1205E-01
-0.3818E-02 0.1607E-01
0.1104E-01 0.1179E-01
119.5 0.1192E-01
-0.8101E-02 0.1579E-01
0.1000E-01 0.1168E-01
120.0 0.1179E-01
-0.1234E-01 0.1546E-01
0.8948E-02 0.1154E-01
120.5 0.1167E-01
-0.1652E-01 0.1508E-01
0.7881E-02 0.1138E-01
121.0 0.1156E-01
-0.2062E-01 0.1463E-01
0.6804E-02 0.1120E-01
121.5 0.1144E-01
-0.2462E-01 0.1414E-01
0.5721E-02 0.1098E-01
122.0 0.1133E-01
-0.2850E-01 0.1360E-01
0.4635E-02 0.1075E-01
122.5 0.1123E-01
-0.3226E-01 0.1301E-01
0.3552E-02 0.1048E-01
123.0 0.1112E-01
-0.3587E-01 0.1237E-01
0.2474E-02 0.1020E-01
123.5 0.1102E-01
-0.3933E-01 0.1169E-01
0.1404E-02 0.9888E-02
124.0 0.1091E-01
-0.4262E-01 0.1097E-01
0.3471E-03 0.9555E-02
124.5 0.1081E-01
-0.4573E-01 0.1021E-01
-0.6952E-03 0.9200E-02
125.0 0.1070E-01
-0.4867E-01 0.9412E-02
-0.1720E-02 0.8823E-02
125.5 0.1059E-01
-0.5142E-01 0.8581E-02
-0.2726E-02 0.8425E-02
126.0 0.1048E-01
-0.5398E-01 0.7717E-02
-0.3711E-02 0.8006E-02
126.5 0.1036E-01
-0.5634E-01 0.6823E-02
-0.4673E-02 0.7566E-02
127.0 0.1023E-01
-0.5852E-01 0.5899E-02
-0.5613E-02 0.7106E-02
127.5 0.1011E-01
-0.6051E-01 0.4948E-02
-0.6529E-02 0.6625E-02
128.0 0.9970E-02
-0.6232E-01 0.3970E-02
-0.7421E-02 0.6122E-02
128.5 0.9826E-02
-0.6394E-01 0.2964E-02
-0.8290E-02 0.5597E-02
129.0 0.9674E-02
-0.6539E-01 0.1932E-02
-0.9136E-02 0.5049E-02
129.5 0.9513E-02
-0.6666E-01 0.8720E-03
-0.9959E-02 0.4476E-02
130.0 0.9344E-02
-0.6776E-01 -0.2160E-03
-0.1076E-01 0.3876E-02
130.5 0.9164E-02
-0.6870E-01 -0.1334E-02
-0.1154E-01 0.3248E-02
131.0 0.8976E-02
-0.6948E-01 -0.2482E-02
-0.1230E-01 0.2588E-02
131.5 0.8778E-02
-0.7011E-01 -0.3664E-02
-0.1304E-01 0.1893E-02
132.0 0.8571E-02
-0.7059E-01 -0.4882E-02
-0.1376E-01 0.1161E-02
132.5 0.8354E-02
-0.7093E-01 -0.6138E-02
-0.1446E-01 0.3869E-03
133.0 0.8130E-02
-0.7112E-01 -0.7436E-02
-0.1515E-01 -0.4337E-03
133.5 0.7897E-02
-0.7117E-01 -0.8778E-02
-0.1582E-01 -0.1306E-02
134.0 0.7658E-02
-0.7109E-01 -0.1017E-01
-0.1646E-01 -0.2235E-02
134.5 0.7412E-02
-0.7087E-01 -0.1161E-01
-0.1709E-01 -0.3228E-02
135.0 0.7162E-02
-0.7052E-01 -0.1310E-01
-0.1770E-01 -0.4290E-02
135.5 0.6907E-02
-0.7003E-01 -0.1466E-01
-0.1828E-01 -0.5430E-02
136.0 0.6650E-02
-0.6940E-01 -0.1627E-01
-0.1884E-01 -0.6655E-02
136.5 0.6391E-02
-0.6863E-01 -0.1794E-01
-0.1936E-01 -0.7973E-02
137.0 0.6132E-02
-0.6772E-01 -0.1967E-01
-0.1985E-01 -0.9391E-02
137.5 0.5876E-02
-0.6665E-01 -0.2147E-01
-0.2028E-01 -0.1092E-01
138.0 0.5622E-02
-0.6544E-01 -0.2332E-01
-0.2066E-01 -0.1256E-01
138.5 0.5374E-02
-0.6407E-01 -0.2521E-01
-0.2098E-01 -0.1433E-01
139.0 0.5132E-02
-0.6254E-01 -0.2715E-01
-0.2121E-01 -0.1623E-01
139.5 0.4898E-02
-0.6085E-01 -0.2911E-01
-0.2134E-01 -0.1825E-01
140.0 0.4675E-02
-0.5899E-01 -0.3106E-01
-0.2136E-01 -0.2041E-01
140.5 0.4463E-02
-0.5698E-01 -0.3299E-01
-0.2124E-01 -0.2268E-01
141.0 0.4264E-02
-0.5483E-01 -0.3486E-01
-0.2096E-01 -0.2507E-01
141.5 0.4081E-02
-0.5254E-01 -0.3662E-01
-0.2050E-01 -0.2754E-01
142.0 0.3913E-02
-0.5014E-01 -0.3822E-01
-0.1983E-01 -0.3007E-01
142.5 0.3764E-02
-0.4767E-01 -0.3960E-01
-0.1895E-01 -0.3261E-01
143.0 0.3633E-02
-0.4516E-01 -0.4069E-01
-0.1782E-01 -0.3512E-01
143.5 0.3523E-02
-0.4267E-01 -0.4144E-01
-0.1645E-01 -0.3753E-01
144.0 0.3434E-02
-0.4025E-01 -0.4179E-01
-0.1484E-01 -0.3978E-01
144.5 0.3368E-02
-0.3796E-01 -0.4168E-01
-0.1300E-01 -0.4179E-01
145.0 0.3325E-02
-0.3588E-01 -0.4108E-01
-0.1097E-01 -0.4350E-01
145.5 0.3305E-02
-0.3405E-01 -0.3998E-01
-0.8781E-02 -0.4485E-01
146.0 0.3309E-02
-0.3253E-01 -0.3839E-01
-0.6490E-02 -0.4579E-01
146.5 0.3338E-02
-0.3134E-01 -0.3635E-01
-0.4152E-02 -0.4630E-01
147.0 0.3392E-02
-0.3051E-01 -0.3391E-01
-0.1827E-02 -0.4638E-01
147.5 0.3470E-02
-0.3002E-01 -0.3114E-01
0.4297E-03 -0.4604E-01
148.0 0.3573E-02
-0.2987E-01 -0.2814E-01
0.2568E-02 -0.4531E-01
148.5 0.3700E-02
-0.3001E-01 -0.2499E-01
0.4550E-02 -0.4426E-01
149.0 0.3850E-02
-0.3040E-01 -0.2177E-01
0.6349E-02 -0.4293E-01
149.5 0.4023E-02
-0.3100E-01 -0.1855E-01
0.7949E-02 -0.4138E-01
150.0 0.4218E-02
-0.3176E-01 -0.1539E-01
0.9345E-02 -0.3968E-01
150.5 0.4434E-02
-0.3262E-01 -0.1235E-01
0.1054E-01 -0.3788E-01
151.0 0.4670E-02
-0.3356E-01 -0.9444E-02
0.1155E-01 -0.3603E-01
151.5 0.4925E-02
-0.3453E-01 -0.6705E-02
0.1237E-01 -0.3416E-01
152.0 0.5198E-02
-0.3551E-01 -0.4143E-02
0.1304E-01 -0.3231E-01
152.5 0.5486E-02
-0.3646E-01 -0.1762E-02
0.1357E-01 -0.3050E-01
153.0 0.5789E-02
-0.3738E-01 0.4421E-03
0.1397E-01 -0.2875E-01
153.5 0.6104E-02
-0.3825E-01 0.2474E-02
0.1427E-01 -0.2706E-01
154.0 0.6431E-02
-0.3905E-01 0.4344E-02
0.1447E-01 -0.2546E-01
154.5 0.6767E-02
-0.3979E-01 0.6063E-02
0.1459E-01 -0.2393E-01
155.0 0.7112E-02
-0.4046E-01 0.7643E-02
0.1465E-01 -0.2249E-01
155.5 0.7462E-02
-0.4105E-01 0.9096E-02
0.1465E-01 -0.2113E-01
156.0 0.7817E-02
-0.4156E-01 0.1043E-01
0.1460E-01 -0.1985E-01
156.5 0.8174E-02
-0.4201E-01 0.1167E-01
0.1452E-01 -0.1865E-01
157.0 0.8533E-02
-0.4237E-01 0.1281E-01
0.1440E-01 -0.1752E-01
157.5 0.8891E-02
-0.4267E-01 0.1386E-01
0.1426E-01 -0.1646E-01
158.0 0.9247E-02
-0.4289E-01 0.1484E-01
0.1410E-01 -0.1546E-01
158.5 0.9600E-02
-0.4304E-01 0.1576E-01
0.1391E-01 -0.1452E-01
159.0 0.9947E-02
-0.4313E-01 0.1662E-01
0.1372E-01 -0.1364E-01
159.5 0.1029E-01
-0.4315E-01 0.1742E-01
0.1351E-01 -0.1282E-01
160.0 0.1062E-01
-0.4310E-01 0.1818E-01
0.1329E-01 -0.1204E-01
160.5 0.1095E-01
-0.4300E-01 0.1889E-01
0.1306E-01 -0.1130E-01
161.0 0.1126E-01
-0.4283E-01 0.1957E-01
0.1283E-01 -0.1061E-01
161.5 0.1157E-01
-0.4260E-01 0.2022E-01
0.1259E-01 -0.9957E-02
162.0 0.1186E-01
-0.4231E-01 0.2084E-01
0.1234E-01 -0.9339E-02
162.5 0.1214E-01
-0.4197E-01 0.2143E-01
0.1209E-01 -0.8754E-02
163.0 0.1241E-01
-0.4157E-01 0.2200E-01
0.1184E-01 -0.8201E-02
163.5 0.1266E-01
-0.4111E-01 0.2255E-01
0.1158E-01 -0.7675E-02
164.0 0.1290E-01
-0.4060E-01 0.2308E-01
0.1132E-01 -0.7176E-02
164.5 0.1313E-01
-0.4003E-01 0.2359E-01
0.1105E-01 -0.6702E-02
165.0 0.1334E-01
-0.3941E-01 0.2409E-01
0.1078E-01 -0.6251E-02
165.5 0.1354E-01
-0.3874E-01 0.2458E-01
0.1051E-01 -0.5822E-02
166.0 0.1373E-01
-0.3801E-01 0.2505E-01
0.1023E-01 -0.5413E-02
166.5 0.1390E-01
-0.3723E-01 0.2551E-01
0.9943E-02 -0.5023E-02
167.0 0.1406E-01
-0.3640E-01 0.2595E-01
0.9654E-02 -0.4651E-02
167.5 0.1421E-01
-0.3552E-01 0.2639E-01
0.9359E-02 -0.4296E-02
168.0 0.1434E-01
-0.3459E-01 0.2681E-01
0.9059E-02 -0.3958E-02
168.5 0.1446E-01
-0.3360E-01 0.2722E-01
0.8753E-02 -0.3635E-02
169.0 0.1457E-01
-0.3257E-01 0.2763E-01
0.8442E-02 -0.3327E-02
169.5 0.1466E-01
-0.3149E-01 0.2802E-01
0.8123E-02 -0.3034E-02
170.0 0.1475E-01
-0.3035E-01 0.2839E-01
0.7799E-02 -0.2755E-02
170.5 0.1483E-01
-0.2918E-01 0.2876E-01
0.7467E-02 -0.2490E-02
171.0 0.1490E-01
-0.2795E-01 0.2911E-01
0.7129E-02 -0.2239E-02
171.5 0.1496E-01
-0.2668E-01 0.2946E-01
0.6784E-02 -0.2000E-02
172.0 0.1501E-01
-0.2537E-01 0.2978E-01
0.6432E-02 -0.1776E-02
172.5 0.1505E-01
-0.2401E-01 0.3009E-01
0.6072E-02 -0.1564E-02
173.0 0.1509E-01
-0.2261E-01 0.3039E-01
0.5706E-02 -0.1365E-02
173.5 0.1512E-01
-0.2117E-01 0.3067E-01
0.5333E-02 -0.1180E-02
174.0 0.1514E-01
-0.1970E-01 0.3094E-01
0.4952E-02 -0.1007E-02
174.5 0.1517E-01
-0.1819E-01 0.3118E-01
0.4566E-02 -0.8484E-03
175.0 0.1518E-01
-0.1665E-01 0.3141E-01
0.4173E-02 -0.7026E-03
175.5 0.1520E-01
-0.1507E-01 0.3162E-01
0.3774E-02 -0.5703E-03
176.0 0.1521E-01
-0.1347E-01 0.3181E-01
0.3370E-02 -0.4514E-03
176.5 0.1522E-01
-0.1185E-01 0.3198E-01
0.2960E-02 -0.3462E-03
177.0 0.1522E-01
-0.1020E-01 0.3213E-01
0.2546E-02 -0.2547E-03
177.5 0.1523E-01
-0.8527E-02 0.3226E-01
0.2128E-02 -0.1771E-03
178.0 0.1523E-01
-0.6842E-02 0.3236E-01
0.1707E-02 -0.1135E-03
178.5 0.1524E-01
-0.5143E-02 0.3244E-01
0.1283E-02 -0.6390E-04
179.0 0.1524E-01
-0.3434E-02 0.3250E-01
0.8563E-03 -0.2842E-04
179.5 0.1524E-01
-0.1719E-02 0.3253E-01
0.4285E-03 -0.7107E-05
180.0 0.1524E-01
0.000 0.3255E-01
0.000 0.000
