# 361 angles,  3 tensor ranks for 0=projectile
@subtitle   "9Be(6Li,d)13C at 32 MeV DWBA"                                                  
@legend ON
@legend x1 0.2
@legend y1 0.8
@g0 type LOGY
@yaxis ticklabel format power
@xaxis label "Scattering angle (degrees)"
@yaxis label "Cross section (mb/sr)"
@legend string   0 "Partition=  1 Excit=  1 near/far= 1"
#legend string   0 "Lab energy =   32.0000"
@s0 linestyle   1
#  Theta       sigma       iT11        T20         T21         T22         Kyy for projectile
  0.1000E-01   1.000      0.7371E-13  0.1862E-10 -0.1990E-14 -0.3131E-16
  0.5000       1.004      0.1332E-07  0.4431E-07 -0.2376E-09 -0.1872E-09
   1.000       1.013      0.2705E-06  0.1364E-07 -0.1479E-09 -0.2447E-09
   1.500       1.005      0.7390E-06 -0.2205E-06  0.3649E-08  0.8648E-08
   2.000      0.9758      0.1021E-05 -0.5958E-06  0.1349E-07  0.4316E-07
   2.500      0.9298      0.6083E-06 -0.1021E-05  0.2994E-07  0.1212E-06
   3.000      0.8729     -0.1008E-05 -0.1405E-05  0.5180E-07  0.2556E-06
   3.500      0.8117     -0.4263E-05 -0.1667E-05  0.7609E-07  0.4461E-06
   4.000      0.7522     -0.9402E-05 -0.1738E-05  0.9787E-07  0.6702E-06
   4.500      0.6993     -0.1634E-04 -0.1579E-05  0.1105E-06  0.8736E-06
   5.000      0.6567     -0.2449E-04 -0.1204E-05  0.1069E-06  0.9683E-06
   5.500      0.6270     -0.3279E-04 -0.6921E-06  0.8152E-07  0.8437E-06
   6.000      0.6112     -0.3982E-04 -0.1886E-06  0.3313E-07  0.3970E-06
   6.500      0.6098     -0.4426E-04  0.1347E-06 -0.3367E-07 -0.4287E-06
   7.000      0.6218     -0.4534E-04  0.1324E-06 -0.1092E-06 -0.1619E-05
   7.500      0.6459     -0.4301E-04 -0.2709E-06 -0.1816E-06 -0.3094E-05
   8.000      0.6797     -0.3787E-04 -0.1069E-05 -0.2403E-06 -0.4731E-05
   8.500      0.7206     -0.3089E-04 -0.2194E-05 -0.2777E-06 -0.6407E-05
   9.000      0.7657     -0.2308E-04 -0.3548E-05 -0.2901E-06 -0.8010E-05
   9.500      0.8118     -0.1530E-04 -0.5025E-05 -0.2763E-06 -0.9458E-05
   10.00      0.8559     -0.8235E-05 -0.6528E-05 -0.2372E-06 -0.1069E-04
   10.50      0.8951     -0.2349E-05 -0.7976E-05 -0.1744E-06 -0.1165E-04
   11.00      0.9267      0.2039E-05 -0.9296E-05 -0.9013E-07 -0.1231E-04
   11.50      0.9485      0.4729E-05 -0.1043E-04  0.1339E-07 -0.1264E-04
   12.00      0.9589      0.5602E-05 -0.1132E-04  0.1338E-06 -0.1260E-04
   12.50      0.9567      0.4594E-05 -0.1191E-04  0.2689E-06 -0.1216E-04
   13.00      0.9414      0.1681E-05 -0.1216E-04  0.4162E-06 -0.1129E-04
   13.50      0.9130     -0.3128E-05 -0.1201E-04  0.5730E-06 -0.9942E-05
   14.00      0.8724     -0.9791E-05 -0.1142E-04  0.7362E-06 -0.8081E-05
   14.50      0.8206     -0.1823E-04 -0.1032E-04  0.9023E-06 -0.5664E-05
   15.00      0.7595     -0.2829E-04 -0.8659E-05  0.1067E-05 -0.2648E-05
   15.50      0.6912     -0.3976E-04 -0.6382E-05  0.1223E-05  0.1002E-05
   16.00      0.6182     -0.5222E-04 -0.3440E-05  0.1365E-05  0.5301E-05
   16.50      0.5431     -0.6503E-04  0.1941E-06  0.1481E-05  0.1023E-04
   17.00      0.4687     -0.7707E-04  0.4497E-05  0.1557E-05  0.1569E-04
   17.50      0.3975     -0.8651E-04  0.9339E-05  0.1576E-05  0.2143E-04
   18.00      0.3323     -0.9035E-04  0.1438E-04  0.1514E-05  0.2692E-04
   18.50      0.2752     -0.8394E-04  0.1890E-04  0.1346E-05  0.3118E-04
   19.00      0.2281     -0.6101E-04  0.2159E-04  0.1056E-05  0.3258E-04
   19.50      0.1926     -0.1532E-04  0.2055E-04  0.6639E-06  0.2891E-04
   20.00      0.1696      0.5416E-04  0.1393E-04  0.2568E-06  0.1846E-04
   20.50      0.1596      0.1364E-03  0.1661E-05 -0.6430E-08  0.1987E-05
   21.00      0.1626      0.2093E-03 -0.1327E-04  0.1519E-07 -0.1618E-04
   21.50      0.1780      0.2541E-03 -0.2632E-04  0.3312E-06 -0.3057E-04
   22.00      0.2046      0.2671E-03 -0.3453E-04  0.8271E-06 -0.3822E-04
   22.50      0.2411      0.2562E-03 -0.3753E-04  0.1368E-05 -0.3938E-04
   23.00      0.2855      0.2317E-03 -0.3639E-04  0.1865E-05 -0.3579E-04
   23.50      0.3357      0.2014E-03 -0.3239E-04  0.2280E-05 -0.2920E-04
   24.00      0.3894      0.1700E-03 -0.2656E-04  0.2602E-05 -0.2086E-04
   24.50      0.4441      0.1397E-03 -0.1960E-04  0.2833E-05 -0.1159E-04
   25.00      0.4973      0.1118E-03 -0.1195E-04  0.2978E-05 -0.1873E-05
   25.50      0.5469      0.8678E-04 -0.3893E-05  0.3042E-05  0.7980E-05
   26.00      0.5905      0.6480E-04  0.4378E-05  0.3029E-05  0.1778E-04
   26.50      0.6265      0.4596E-04  0.1272E-04  0.2942E-05  0.2737E-04
   27.00      0.6532      0.3030E-04  0.2102E-04  0.2781E-05  0.3665E-04
   27.50      0.6696      0.1789E-04  0.2917E-04  0.2547E-05  0.4550E-04
   28.00      0.6750      0.8828E-05  0.3706E-04  0.2239E-05  0.5381E-04
   28.50      0.6691      0.3292E-05  0.4459E-04  0.1855E-05  0.6144E-04
   29.00      0.6522      0.1527E-05  0.5162E-04  0.1394E-05  0.6825E-04
   29.50      0.6249      0.3881E-05  0.5802E-04  0.8514E-06  0.7407E-04
   30.00      0.5883      0.1083E-04  0.6362E-04  0.2254E-06  0.7869E-04
   30.50      0.5437      0.2301E-04  0.6820E-04 -0.4882E-06  0.8187E-04
   31.00      0.4929      0.4131E-04  0.7153E-04 -0.1293E-05  0.8329E-04
   31.50      0.4377      0.6690E-04  0.7328E-04 -0.2194E-05  0.8257E-04
   32.00      0.3802      0.1014E-03  0.7304E-04 -0.3191E-05  0.7923E-04
   32.50      0.3225      0.1468E-03  0.7029E-04 -0.4283E-05  0.7262E-04
   33.00      0.2667      0.2060E-03  0.6433E-04 -0.5455E-05  0.6196E-04
   33.50      0.2149      0.2820E-03  0.5429E-04 -0.6662E-05  0.4633E-04
   34.00      0.1687      0.3774E-03  0.3926E-04 -0.7797E-05  0.2493E-04
   34.50      0.1300      0.4901E-03  0.1886E-04 -0.8615E-05 -0.2020E-05
   35.00      0.9999E-01  0.6040E-03 -0.5015E-05 -0.8630E-05 -0.3085E-04
   35.50      0.7970E-01  0.6725E-03 -0.2468E-04 -0.7135E-05 -0.5029E-04
   36.00      0.6982E-01  0.6219E-03 -0.2557E-04 -0.3798E-05 -0.4183E-04
   36.50      0.7064E-01  0.4264E-03  0.1068E-05  0.2510E-06  0.1934E-05
   37.00      0.8210E-01  0.1725E-03  0.4281E-04  0.3051E-05  0.6049E-04
   37.50      0.1038     -0.3709E-04  0.8000E-04  0.3915E-05  0.1081E-03
   38.00      0.1349     -0.1718E-03  0.1044E-03  0.3429E-05  0.1366E-03
   38.50      0.1745     -0.2467E-03  0.1170E-03  0.2314E-05  0.1491E-03
   39.00      0.2211     -0.2829E-03  0.1212E-03  0.1003E-05  0.1508E-03
   39.50      0.2733     -0.2959E-03  0.1194E-03 -0.3022E-06  0.1455E-03
   40.00      0.3294     -0.2952E-03  0.1137E-03 -0.1516E-05  0.1356E-03
   40.50      0.3877     -0.2860E-03  0.1049E-03 -0.2606E-05  0.1224E-03
   41.00      0.4462     -0.2717E-03  0.9400E-04 -0.3560E-05  0.1069E-03
   41.50      0.5032     -0.2539E-03  0.8132E-04 -0.4375E-05  0.8969E-04
   42.00      0.5571     -0.2338E-03  0.6724E-04 -0.5049E-05  0.7112E-04
   42.50      0.6062     -0.2119E-03  0.5203E-04 -0.5582E-05  0.5152E-04
   43.00      0.6492     -0.1887E-03  0.3593E-04 -0.5972E-05  0.3118E-04
   43.50      0.6849     -0.1643E-03  0.1914E-04 -0.6217E-05  0.1033E-04
   44.00      0.7123     -0.1389E-03  0.1894E-05 -0.6315E-05 -0.1077E-04
   44.50      0.7308     -0.1124E-03 -0.1560E-04 -0.6263E-05 -0.3186E-04
   45.00      0.7399     -0.8493E-04 -0.3311E-04 -0.6057E-05 -0.5267E-04
   45.50      0.7396     -0.5631E-04 -0.5039E-04 -0.5695E-05 -0.7292E-04
   46.00      0.7301     -0.2648E-04 -0.6718E-04 -0.5175E-05 -0.9228E-04
   46.50      0.7116      0.4686E-05 -0.8320E-04 -0.4494E-05 -0.1104E-03
   47.00      0.6849      0.3734E-04 -0.9814E-04 -0.3650E-05 -0.1270E-03
   47.50      0.6507      0.7166E-04 -0.1117E-03 -0.2643E-05 -0.1416E-03
   48.00      0.6102      0.1079E-03 -0.1234E-03 -0.1473E-05 -0.1538E-03
   48.50      0.5645      0.1463E-03 -0.1330E-03 -0.1411E-06 -0.1631E-03
   49.00      0.5148      0.1871E-03 -0.1399E-03  0.1351E-05 -0.1690E-03
   49.50      0.4625      0.2307E-03 -0.1437E-03  0.3000E-05 -0.1709E-03
   50.00      0.4088      0.2774E-03 -0.1437E-03  0.4798E-05 -0.1680E-03
   50.50      0.3551      0.3277E-03 -0.1393E-03  0.6735E-05 -0.1595E-03
   51.00      0.3027      0.3818E-03 -0.1297E-03  0.8795E-05 -0.1446E-03
   51.50      0.2527      0.4397E-03 -0.1139E-03  0.1095E-04 -0.1221E-03
   52.00      0.2061      0.5009E-03 -0.9073E-04  0.1315E-04 -0.9063E-04
   52.50      0.1640      0.5634E-03 -0.5914E-04  0.1530E-04 -0.4901E-04
   53.00      0.1270      0.6216E-03 -0.1816E-04  0.1722E-04  0.3649E-05
   53.50      0.9571E-01  0.6626E-03  0.3174E-04  0.1856E-04  0.6627E-04
   54.00      0.7060E-01  0.6576E-03  0.8567E-04  0.1864E-04  0.1319E-03
   54.50      0.5189E-01  0.5503E-03  0.1274E-03  0.1633E-04  0.1792E-03
   55.00      0.3965E-01  0.2627E-03  0.1205E-03  0.1039E-04  0.1620E-03
   55.50      0.3379E-01 -0.2191E-03  0.2327E-04  0.1425E-05  0.3023E-04
   56.00      0.3406E-01 -0.7147E-03 -0.1462E-03 -0.6166E-05 -0.1877E-03
   56.50      0.4009E-01 -0.9952E-03 -0.2995E-03 -0.8383E-05 -0.3782E-03
   57.00      0.5138E-01 -0.1044E-02 -0.3830E-03 -0.6086E-05 -0.4772E-03
   57.50      0.6734E-01 -0.9684E-03 -0.4058E-03 -0.1972E-05 -0.4998E-03
   58.00      0.8729E-01 -0.8516E-03 -0.3926E-03  0.2290E-05 -0.4782E-03
   58.50      0.1105     -0.7314E-03 -0.3607E-03  0.6072E-05 -0.4345E-03
   59.00      0.1363     -0.6210E-03 -0.3194E-03  0.9222E-05 -0.3803E-03
   59.50      0.1637     -0.5232E-03 -0.2735E-03  0.1175E-04 -0.3213E-03
   60.00      0.1922     -0.4373E-03 -0.2254E-03  0.1370E-04 -0.2604E-03
   60.50      0.2210     -0.3618E-03 -0.1765E-03  0.1513E-04 -0.1991E-03
   61.00      0.2494     -0.2949E-03 -0.1275E-03  0.1608E-04 -0.1384E-03
   61.50      0.2767     -0.2352E-03 -0.7915E-04  0.1659E-04 -0.7896E-04
   62.00      0.3024     -0.1813E-03 -0.3196E-04  0.1667E-04 -0.2144E-04
   62.50      0.3260     -0.1323E-03  0.1355E-04  0.1636E-04  0.3361E-04
   63.00      0.3472     -0.8749E-04  0.5686E-04  0.1567E-04  0.8559E-04
   63.50      0.3656     -0.4614E-04  0.9744E-04  0.1463E-04  0.1339E-03
   64.00      0.3810     -0.7850E-05  0.1347E-03  0.1325E-04  0.1779E-03
   64.50      0.3932      0.2770E-04  0.1682E-03  0.1156E-04  0.2170E-03
   65.00      0.4022      0.6071E-04  0.1973E-03  0.9588E-05  0.2505E-03
   65.50      0.4081      0.9126E-04  0.2214E-03  0.7365E-05  0.2778E-03
   66.00      0.4108      0.1193E-03  0.2400E-03  0.4929E-05  0.2983E-03
   66.50      0.4105      0.1448E-03  0.2527E-03  0.2321E-05  0.3115E-03
   67.00      0.4074      0.1674E-03  0.2591E-03 -0.4132E-06  0.3169E-03
   67.50      0.4017      0.1868E-03  0.2586E-03 -0.3220E-05  0.3140E-03
   68.00      0.3938      0.2026E-03  0.2512E-03 -0.6044E-05  0.3027E-03
   68.50      0.3838      0.2142E-03  0.2365E-03 -0.8821E-05  0.2827E-03
   69.00      0.3720      0.2211E-03  0.2146E-03 -0.1149E-04  0.2540E-03
   69.50      0.3589      0.2226E-03  0.1856E-03 -0.1397E-04  0.2168E-03
   70.00      0.3445      0.2180E-03  0.1496E-03 -0.1620E-04  0.1714E-03
   70.50      0.3293      0.2066E-03  0.1072E-03 -0.1810E-04  0.1184E-03
   71.00      0.3135      0.1879E-03  0.5885E-04 -0.1960E-04  0.5855E-04
   71.50      0.2974      0.1614E-03  0.5500E-05 -0.2064E-04 -0.7105E-05
   72.00      0.2811      0.1269E-03 -0.5189E-04 -0.2115E-04 -0.7732E-04
   72.50      0.2648      0.8445E-04 -0.1121E-03 -0.2107E-04 -0.1506E-03
   73.00      0.2488      0.3452E-04 -0.1737E-03 -0.2035E-04 -0.2253E-03
   73.50      0.2332     -0.2197E-04 -0.2352E-03 -0.1896E-04 -0.2994E-03
   74.00      0.2180     -0.8359E-04 -0.2948E-03 -0.1689E-04 -0.3709E-03
   74.50      0.2034     -0.1483E-03 -0.3507E-03 -0.1411E-04 -0.4375E-03
   75.00      0.1895     -0.2135E-03 -0.4009E-03 -0.1065E-04 -0.4969E-03
   75.50      0.1762     -0.2760E-03 -0.4435E-03 -0.6540E-05 -0.5467E-03
   76.00      0.1637     -0.3321E-03 -0.4764E-03 -0.1829E-05 -0.5846E-03
   76.50      0.1520     -0.3781E-03 -0.4977E-03  0.3405E-05 -0.6081E-03
   77.00      0.1410     -0.4099E-03 -0.5055E-03  0.9064E-05 -0.6152E-03
   77.50      0.1308     -0.4239E-03 -0.4981E-03  0.1502E-04 -0.6036E-03
   78.00      0.1214     -0.4174E-03 -0.4740E-03  0.2113E-04 -0.5717E-03
   78.50      0.1128     -0.3886E-03 -0.4319E-03  0.2719E-04 -0.5181E-03
   79.00      0.1050     -0.3379E-03 -0.3712E-03  0.3300E-04 -0.4419E-03
   79.50      0.9793E-01 -0.2679E-03 -0.2916E-03  0.3830E-04 -0.3430E-03
   80.00      0.9169E-01 -0.1839E-03 -0.1940E-03  0.4282E-04 -0.2226E-03
   80.50      0.8625E-01 -0.9442E-04 -0.8037E-04  0.4625E-04 -0.8309E-04
   81.00      0.8163E-01 -0.1091E-04  0.4590E-04  0.4829E-04  0.7133E-04
   81.50      0.7786E-01  0.5319E-04  0.1798E-03  0.4867E-04  0.2345E-03
   82.00      0.7494E-01  0.8384E-04  0.3147E-03  0.4721E-04  0.3983E-03
   82.50      0.7291E-01  0.6867E-04  0.4427E-03  0.4383E-04  0.5533E-03
   83.00      0.7178E-01 -0.5047E-06  0.5554E-03  0.3863E-04  0.6892E-03
   83.50      0.7159E-01 -0.1254E-03  0.6452E-03  0.3187E-04  0.7969E-03
   84.00      0.7234E-01 -0.2999E-03  0.7058E-03  0.2399E-04  0.8689E-03
   84.50      0.7405E-01 -0.5108E-03  0.7341E-03  0.1554E-04  0.9015E-03
   85.00      0.7674E-01 -0.7394E-03  0.7299E-03  0.7110E-05  0.8947E-03
   85.50      0.8041E-01 -0.9648E-03  0.6961E-03 -0.7580E-06  0.8520E-03
   86.00      0.8506E-01 -0.1167E-02  0.6379E-03 -0.7634E-05  0.7798E-03
   86.50      0.9068E-01 -0.1330E-02  0.5618E-03 -0.1323E-04  0.6861E-03
   87.00      0.9724E-01 -0.1441E-02  0.4746E-03 -0.1741E-04  0.5792E-03
   87.50      0.1047     -0.1496E-02  0.3829E-03 -0.2016E-04  0.4670E-03
   88.00      0.1131     -0.1492E-02  0.2921E-03 -0.2156E-04  0.3561E-03
   88.50      0.1223     -0.1431E-02  0.2067E-03 -0.2179E-04  0.2519E-03
   89.00      0.1322     -0.1320E-02  0.1299E-03 -0.2102E-04  0.1583E-03
   89.50      0.1429     -0.1166E-02  0.6407E-04 -0.1948E-04  0.7799E-04
   90.00      0.1543     -0.9761E-03  0.1033E-04 -0.1738E-04  0.1249E-04
   90.50      0.1662     -0.7606E-03 -0.3076E-04 -0.1492E-04 -0.3761E-04
   91.00      0.1787     -0.5282E-03 -0.5935E-04 -0.1228E-04 -0.7248E-04
   91.50      0.1916     -0.2876E-03 -0.7606E-04 -0.9632E-05 -0.9290E-04
   92.00      0.2049     -0.4706E-04 -0.8196E-04 -0.7127E-05 -0.1001E-03
   92.50      0.2185      0.1856E-03 -0.7842E-04 -0.4885E-05 -0.9588E-04
   93.00      0.2324      0.4036E-03 -0.6707E-04 -0.3006E-05 -0.8208E-04
   93.50      0.2465      0.6008E-03 -0.4971E-04 -0.1564E-05 -0.6093E-04
   94.00      0.2607      0.7721E-03 -0.2831E-04 -0.6093E-06 -0.3479E-04
   94.50      0.2750      0.9135E-03 -0.4841E-05 -0.1663E-06 -0.6075E-05
   95.00      0.2894      0.1022E-02  0.1869E-04 -0.2345E-06  0.2279E-04
   95.50      0.3038      0.1095E-02  0.4036E-04 -0.7886E-06  0.4948E-04
   96.00      0.3183      0.1133E-02  0.5841E-04 -0.1779E-05  0.7183E-04
   96.50      0.3327      0.1136E-02  0.7125E-04 -0.3136E-05  0.8792E-04
   97.00      0.3472      0.1105E-02  0.7762E-04 -0.4768E-05  0.9617E-04
   97.50      0.3616      0.1043E-02  0.7655E-04 -0.6571E-05  0.9542E-04
   98.00      0.3759      0.9533E-03  0.6748E-04 -0.8427E-05  0.8495E-04
   98.50      0.3903      0.8407E-03  0.5027E-04 -0.1021E-04  0.6454E-04
   99.00      0.4045      0.7100E-03  0.2521E-04 -0.1181E-04  0.3451E-04
   99.50      0.4187      0.5665E-03 -0.6988E-05 -0.1309E-04 -0.4304E-05
   100.0      0.4328      0.4160E-03 -0.4520E-04 -0.1396E-04 -0.5058E-04
   100.5      0.4468      0.2641E-03 -0.8795E-04 -0.1432E-04 -0.1026E-03
   101.0      0.4606      0.1161E-03 -0.1335E-03 -0.1412E-04 -0.1581E-03
   101.5      0.4742     -0.2300E-04 -0.1797E-03 -0.1329E-04 -0.2149E-03
   102.0      0.4875     -0.1489E-03 -0.2247E-03 -0.1184E-04 -0.2703E-03
   102.5      0.5004     -0.2581E-03 -0.2662E-03 -0.9774E-05 -0.3218E-03
   103.0      0.5129     -0.3480E-03 -0.3022E-03 -0.7134E-05 -0.3669E-03
   103.5      0.5248     -0.4168E-03 -0.3307E-03 -0.3991E-05 -0.4033E-03
   104.0      0.5360     -0.4638E-03 -0.3503E-03 -0.4379E-06 -0.4288E-03
   104.5      0.5465     -0.4891E-03 -0.3594E-03  0.3413E-05 -0.4420E-03
   105.0      0.5560     -0.4937E-03 -0.3571E-03  0.7433E-05 -0.4414E-03
   105.5      0.5645     -0.4795E-03 -0.3429E-03  0.1148E-04 -0.4264E-03
   106.0      0.5719     -0.4489E-03 -0.3167E-03  0.1542E-04 -0.3967E-03
   106.5      0.5779     -0.4048E-03 -0.2787E-03  0.1910E-04 -0.3527E-03
   107.0      0.5825     -0.3507E-03 -0.2296E-03  0.2238E-04 -0.2949E-03
   107.5      0.5855     -0.2902E-03 -0.1706E-03  0.2514E-04 -0.2249E-03
   108.0      0.5870     -0.2270E-03 -0.1031E-03  0.2726E-04 -0.1441E-03
   108.5      0.5867     -0.1649E-03 -0.2900E-04  0.2863E-04 -0.5483E-04
   109.0      0.5846     -0.1075E-03  0.4964E-04  0.2919E-04  0.4052E-04
   109.5      0.5808     -0.5821E-04  0.1305E-03  0.2887E-04  0.1392E-03
   110.0      0.5751     -0.2004E-04  0.2110E-03  0.2765E-04  0.2381E-03
   110.5      0.5677      0.4369E-05  0.2886E-03  0.2552E-04  0.3342E-03
   111.0      0.5587      0.1296E-04  0.3606E-03  0.2252E-04  0.4242E-03
   111.5      0.5481      0.4295E-05  0.4243E-03  0.1871E-04  0.5048E-03
   112.0      0.5360     -0.2232E-04  0.4772E-03  0.1417E-04  0.5728E-03
   112.5      0.5228     -0.6672E-04  0.5168E-03  0.9027E-05  0.6253E-03
   113.0      0.5086     -0.1278E-03  0.5411E-03  0.3449E-05  0.6596E-03
   113.5      0.4937     -0.2034E-03  0.5484E-03 -0.2375E-05  0.6736E-03
   114.0      0.4784     -0.2902E-03  0.5376E-03 -0.8220E-05  0.6656E-03
   114.5      0.4631     -0.3836E-03  0.5084E-03 -0.1383E-04  0.6351E-03
   115.0      0.4481     -0.4777E-03  0.4614E-03 -0.1895E-04  0.5826E-03
   115.5      0.4337     -0.5657E-03  0.3983E-03 -0.2329E-04  0.5098E-03
   116.0      0.4204     -0.6396E-03  0.3220E-03 -0.2659E-04  0.4201E-03
   116.5      0.4086     -0.6913E-03  0.2368E-03 -0.2863E-04  0.3184E-03
   117.0      0.3987     -0.7128E-03  0.1482E-03 -0.2925E-04  0.2110E-03
   117.5      0.3910     -0.6975E-03  0.6235E-04 -0.2841E-04  0.1056E-03
   118.0      0.3860     -0.6412E-03 -0.1406E-04 -0.2619E-04  0.1021E-04
   118.5      0.3839     -0.5431E-03 -0.7493E-04 -0.2278E-04 -0.6747E-04
   119.0      0.3850     -0.4063E-03 -0.1155E-03 -0.1855E-04 -0.1213E-03
   119.5      0.3897     -0.2383E-03 -0.1330E-03 -0.1394E-04 -0.1475E-03
   120.0      0.3980     -0.4981E-04 -0.1274E-03 -0.9412E-05 -0.1456E-03
   120.5      0.4101      0.1464E-03 -0.1014E-03 -0.5431E-05 -0.1181E-03
   121.0      0.4261      0.3370E-03 -0.5954E-04 -0.2359E-05 -0.7037E-04
   121.5      0.4459      0.5101E-03 -0.8061E-05 -0.4283E-06 -0.9573E-05
   122.0      0.4695      0.6565E-03  0.4651E-04  0.2723E-06  0.5644E-04
   122.5      0.4967      0.7698E-03  0.9801E-04 -0.2110E-06  0.1202E-03
   123.0      0.5272      0.8471E-03  0.1413E-03 -0.1725E-05  0.1752E-03
   123.5      0.5606      0.8884E-03  0.1727E-03 -0.4045E-05  0.2167E-03
   124.0      0.5967      0.8958E-03  0.1898E-03 -0.6910E-05  0.2416E-03
   124.5      0.6348      0.8730E-03  0.1916E-03 -0.1005E-04  0.2484E-03
   125.0      0.6745      0.8246E-03  0.1784E-03 -0.1322E-04  0.2369E-03
   125.5      0.7151      0.7555E-03  0.1512E-03 -0.1619E-04  0.2081E-03
   126.0      0.7560      0.6707E-03  0.1117E-03 -0.1877E-04  0.1638E-03
   126.5      0.7964      0.5751E-03  0.6198E-04 -0.2081E-04  0.1064E-03
   127.0      0.8357      0.4730E-03  0.4467E-05 -0.2220E-04  0.3862E-04
   127.5      0.8732      0.3683E-03 -0.5833E-04 -0.2286E-04 -0.3666E-04
   128.0      0.9080      0.2644E-03 -0.1239E-03 -0.2275E-04 -0.1165E-03
   128.5      0.9396      0.1643E-03 -0.1897E-03 -0.2185E-04 -0.1978E-03
   129.0      0.9672      0.7028E-04 -0.2534E-03 -0.2017E-04 -0.2779E-03
   129.5      0.9903     -0.1552E-04 -0.3128E-03 -0.1774E-04 -0.3540E-03
   130.0       1.008     -0.9154E-04 -0.3658E-03 -0.1461E-04 -0.4237E-03
   130.5       1.020     -0.1566E-03 -0.4106E-03 -0.1085E-04 -0.4844E-03
   131.0       1.027     -0.2097E-03 -0.4454E-03 -0.6546E-05 -0.5343E-03
   131.5       1.027     -0.2505E-03 -0.4690E-03 -0.1783E-05 -0.5713E-03
   132.0       1.020     -0.2786E-03 -0.4799E-03  0.3330E-05 -0.5939E-03
   132.5       1.008     -0.2940E-03 -0.4773E-03  0.8679E-05 -0.6006E-03
   133.0      0.9882     -0.2971E-03 -0.4602E-03  0.1414E-04 -0.5901E-03
   133.5      0.9628     -0.2885E-03 -0.4281E-03  0.1958E-04 -0.5617E-03
   134.0      0.9315     -0.2691E-03 -0.3807E-03  0.2487E-04 -0.5146E-03
   134.5      0.8948     -0.2400E-03 -0.3179E-03  0.2984E-04 -0.4484E-03
   135.0      0.8533     -0.2029E-03 -0.2399E-03  0.3436E-04 -0.3630E-03
   135.5      0.8077     -0.1597E-03 -0.1473E-03  0.3826E-04 -0.2588E-03
   136.0      0.7589     -0.1129E-03 -0.4090E-04  0.4136E-04 -0.1364E-03
   136.5      0.7077     -0.6563E-04  0.7780E-04  0.4348E-04  0.2968E-05
   137.0      0.6552     -0.2177E-04  0.2067E-03  0.4444E-04  0.1572E-03
   137.5      0.6023      0.1386E-04  0.3429E-03  0.4402E-04  0.3232E-03
   138.0      0.5503      0.3537E-04  0.4822E-03  0.4205E-04  0.4964E-03
   138.5      0.5001      0.3567E-04  0.6189E-03  0.3836E-04  0.6706E-03
   139.0      0.4528      0.6658E-05  0.7453E-03  0.3283E-04  0.8366E-03
   139.5      0.4097     -0.6018E-04  0.8514E-03  0.2548E-04  0.9824E-03
   140.0      0.3717     -0.1722E-03  0.9251E-03  0.1654E-04  0.1093E-02
   140.5      0.3399     -0.3330E-03  0.9535E-03  0.6533E-05  0.1151E-02
   141.0      0.3150     -0.5382E-03  0.9255E-03 -0.3597E-05  0.1142E-02
   141.5      0.2979     -0.7722E-03  0.8369E-03 -0.1256E-04  0.1056E-02
   142.0      0.2892     -0.1007E-02  0.6948E-03 -0.1898E-04  0.8983E-03
   142.5      0.2895     -0.1206E-02  0.5195E-03 -0.2178E-04  0.6915E-03
   143.0      0.2991     -0.1340E-02  0.3398E-03 -0.2070E-04  0.4693E-03
   143.5      0.3181     -0.1389E-02  0.1840E-03 -0.1634E-04  0.2675E-03
   144.0      0.3465     -0.1356E-02  0.7119E-04 -0.9943E-05  0.1124E-03
   144.5      0.3841     -0.1254E-02  0.7648E-05 -0.2865E-05  0.1521E-04
   145.0      0.4306     -0.1105E-02 -0.1050E-04  0.3771E-05 -0.2575E-04
   145.5      0.4854     -0.9298E-03  0.7149E-05  0.9244E-05 -0.2010E-04
   146.0      0.5476     -0.7445E-03  0.4941E-04  0.1320E-04  0.1964E-04
   146.5      0.6164     -0.5610E-03  0.1060E-03  0.1555E-04  0.8128E-04
   147.0      0.6906     -0.3870E-03  0.1683E-03  0.1639E-04  0.1544E-03
   147.5      0.7690     -0.2269E-03  0.2301E-03  0.1588E-04  0.2310E-03
   148.0      0.8503     -0.8312E-04  0.2866E-03  0.1422E-04  0.3047E-03
   148.5      0.9328      0.4333E-04  0.3346E-03  0.1163E-04  0.3712E-03
   149.0       1.015      0.1523E-03  0.3720E-03  0.8300E-05  0.4274E-03
   149.5       1.096      0.2441E-03  0.3974E-03  0.4431E-05  0.4712E-03
   150.0       1.173      0.3194E-03  0.4101E-03  0.1939E-06  0.5011E-03
   150.5       1.245      0.3789E-03  0.4098E-03 -0.4252E-05  0.5164E-03
   151.0       1.310      0.4235E-03  0.3966E-03 -0.8761E-05  0.5168E-03
   151.5       1.368      0.4541E-03  0.3710E-03 -0.1320E-04  0.5023E-03
   152.0       1.416      0.4716E-03  0.3333E-03 -0.1745E-04  0.4730E-03
   152.5       1.453      0.4768E-03  0.2844E-03 -0.2141E-04  0.4296E-03
   153.0       1.479      0.4708E-03  0.2251E-03 -0.2496E-04  0.3725E-03
   153.5       1.492      0.4543E-03  0.1565E-03 -0.2801E-04  0.3027E-03
   154.0       1.492      0.4282E-03  0.7945E-04 -0.3049E-04  0.2208E-03
   154.5       1.479      0.3935E-03 -0.4785E-05 -0.3230E-04  0.1279E-03
   155.0       1.452      0.3510E-03 -0.9504E-04 -0.3337E-04  0.2497E-04
   155.5       1.412      0.3017E-03 -0.1901E-03 -0.3363E-04 -0.8703E-04
   156.0       1.359      0.2465E-03 -0.2886E-03 -0.3301E-04 -0.2071E-03
   156.5       1.294      0.1865E-03 -0.3892E-03 -0.3142E-04 -0.3341E-03
   157.0       1.218      0.1228E-03 -0.4906E-03 -0.2880E-04 -0.4671E-03
   157.5       1.133      0.5666E-04 -0.5913E-03 -0.2505E-04 -0.6051E-03
   158.0       1.040     -0.1028E-04 -0.6896E-03 -0.2006E-04 -0.7472E-03
   158.5      0.9402     -0.7604E-04 -0.7838E-03 -0.1371E-04 -0.8924E-03
   159.0      0.8369     -0.1379E-03 -0.8718E-03 -0.5817E-05 -0.1040E-02
   159.5      0.7319     -0.1920E-03 -0.9507E-03  0.3823E-05 -0.1187E-02
   160.0      0.6277     -0.2325E-03 -0.1017E-02  0.1549E-04 -0.1334E-02
   160.5      0.5271     -0.2501E-03 -0.1064E-02  0.2954E-04 -0.1475E-02
   161.0      0.4326     -0.2300E-03 -0.1084E-02  0.4635E-04 -0.1604E-02
   161.5      0.3471     -0.1477E-03 -0.1063E-02  0.6614E-04 -0.1708E-02
   162.0      0.2732      0.3488E-04 -0.9760E-03  0.8847E-04 -0.1758E-02
   162.5      0.2138      0.3682E-03 -0.7935E-03  0.1108E-03 -0.1704E-02
   163.0      0.1713      0.8841E-03 -0.4927E-03  0.1262E-03 -0.1474E-02
   163.5      0.1482      0.1500E-02 -0.1147E-03  0.1223E-03 -0.1029E-02
   164.0      0.1468      0.1947E-02  0.1866E-03  0.9211E-04 -0.4900E-03
   164.5      0.1691      0.1988E-02  0.2662E-03  0.4842E-04 -0.1004E-03
   165.0      0.2169      0.1698E-02  0.1554E-03  0.1184E-04  0.3277E-04
   165.5      0.2916      0.1294E-02 -0.2366E-04 -0.9790E-05 -0.1128E-04
   166.0      0.3942      0.9107E-03 -0.1907E-03 -0.1922E-04 -0.1270E-03
   166.5      0.5255      0.5905E-03 -0.3188E-03 -0.2114E-04 -0.2535E-03
   167.0      0.6858      0.3343E-03 -0.4061E-03 -0.1895E-04 -0.3658E-03
   167.5      0.8749      0.1314E-03 -0.4584E-03 -0.1468E-04 -0.4563E-03
   168.0       1.092     -0.2916E-04 -0.4821E-03 -0.9472E-05 -0.5245E-03
   168.5       1.337     -0.1566E-03 -0.4828E-03 -0.3975E-05 -0.5721E-03
   169.0       1.607     -0.2576E-03 -0.4650E-03  0.1447E-05 -0.6017E-03
   169.5       1.902     -0.3374E-03 -0.4324E-03  0.6580E-05 -0.6157E-03
   170.0       2.218     -0.3995E-03 -0.3878E-03  0.1129E-04 -0.6165E-03
   170.5       2.553     -0.4468E-03 -0.3337E-03  0.1551E-04 -0.6060E-03
   171.0       2.905     -0.4813E-03 -0.2720E-03  0.1918E-04 -0.5861E-03
   171.5       3.269     -0.5048E-03 -0.2045E-03  0.2228E-04 -0.5585E-03
   172.0       3.643     -0.5185E-03 -0.1329E-03  0.2480E-04 -0.5247E-03
   172.5       4.021     -0.5235E-03 -0.5854E-04  0.2672E-04 -0.4859E-03
   173.0       4.402     -0.5207E-03  0.1727E-04  0.2806E-04 -0.4436E-03
   173.5       4.780     -0.5109E-03  0.9329E-04  0.2882E-04 -0.3990E-03
   174.0       5.150     -0.4947E-03  0.1684E-03  0.2902E-04 -0.3530E-03
   174.5       5.510     -0.4728E-03  0.2415E-03  0.2869E-04 -0.3067E-03
   175.0       5.855     -0.4458E-03  0.3117E-03  0.2785E-04 -0.2612E-03
   175.5       6.181     -0.4141E-03  0.3780E-03  0.2652E-04 -0.2173E-03
   176.0       6.484     -0.3783E-03  0.4396E-03  0.2476E-04 -0.1757E-03
   176.5       6.761     -0.3388E-03  0.4958E-03  0.2259E-04 -0.1373E-03
   177.0       7.008     -0.2963E-03  0.5459E-03  0.2006E-04 -0.1026E-03
   177.5       7.222     -0.2510E-03  0.5892E-03  0.1721E-04 -0.7229E-04
   178.0       7.401     -0.2034E-03  0.6254E-03  0.1409E-04 -0.4681E-04
   178.5       7.542     -0.1541E-03  0.6540E-03  0.1076E-04 -0.2657E-04
   179.0       7.644     -0.1035E-03  0.6747E-03  0.7267E-05 -0.1188E-04
   179.5       7.706     -0.5197E-04  0.6872E-03  0.3661E-05 -0.2983E-05
   180.0       7.727     -0.1040E-05  0.6913E-03  0.7337E-07 -0.1193E-08
 END
@legend string   1 "Partition=  2 Excit=  1 near/far= 1"
#legend string   0 "Lab energy =   32.0000"
@s1 linestyle   2
#  Theta       sigma       iT11        T20         T21         T22         Kyy for projectile
   0.000       2.968       0.000     -0.1176E-02   0.000       0.000    
  0.5000       2.965      0.2757E-03 -0.1176E-02 -0.5204E-05 -0.5010E-06
   1.000       2.958      0.5518E-03 -0.1177E-02 -0.1040E-04 -0.2008E-05
   1.500       2.946      0.8288E-03 -0.1180E-02 -0.1557E-04 -0.4535E-05
   2.000       2.929      0.1107E-02 -0.1183E-02 -0.2072E-04 -0.8101E-05
   2.500       2.907      0.1388E-02 -0.1187E-02 -0.2582E-04 -0.1274E-04
   3.000       2.880      0.1670E-02 -0.1192E-02 -0.3087E-04 -0.1847E-04
   3.500       2.849      0.1956E-02 -0.1198E-02 -0.3585E-04 -0.2535E-04
   4.000       2.814      0.2244E-02 -0.1205E-02 -0.4076E-04 -0.3342E-04
   4.500       2.774      0.2537E-02 -0.1214E-02 -0.4558E-04 -0.4272E-04
   5.000       2.730      0.2834E-02 -0.1223E-02 -0.5030E-04 -0.5330E-04
   5.500       2.682      0.3136E-02 -0.1234E-02 -0.5489E-04 -0.6520E-04
   6.000       2.631      0.3443E-02 -0.1246E-02 -0.5935E-04 -0.7848E-04
   6.500       2.576      0.3756E-02 -0.1259E-02 -0.6366E-04 -0.9317E-04
   7.000       2.518      0.4076E-02 -0.1273E-02 -0.6779E-04 -0.1093E-03
   7.500       2.457      0.4403E-02 -0.1288E-02 -0.7173E-04 -0.1270E-03
   8.000       2.393      0.4738E-02 -0.1305E-02 -0.7546E-04 -0.1461E-03
   8.500       2.327      0.5081E-02 -0.1322E-02 -0.7896E-04 -0.1669E-03
   9.000       2.259      0.5433E-02 -0.1341E-02 -0.8219E-04 -0.1892E-03
   9.500       2.189      0.5795E-02 -0.1361E-02 -0.8515E-04 -0.2132E-03
   10.00       2.117      0.6167E-02 -0.1382E-02 -0.8779E-04 -0.2388E-03
   10.50       2.044      0.6551E-02 -0.1404E-02 -0.9009E-04 -0.2661E-03
   11.00       1.970      0.6946E-02 -0.1427E-02 -0.9202E-04 -0.2951E-03
   11.50       1.895      0.7354E-02 -0.1451E-02 -0.9354E-04 -0.3258E-03
   12.00       1.820      0.7774E-02 -0.1476E-02 -0.9463E-04 -0.3584E-03
   12.50       1.745      0.8209E-02 -0.1501E-02 -0.9524E-04 -0.3929E-03
   13.00       1.670      0.8658E-02 -0.1527E-02 -0.9533E-04 -0.4293E-03
   13.50       1.596      0.9123E-02 -0.1554E-02 -0.9486E-04 -0.4677E-03
   14.00       1.522      0.9603E-02 -0.1581E-02 -0.9379E-04 -0.5082E-03
   14.50       1.449      0.1010E-01 -0.1609E-02 -0.9206E-04 -0.5510E-03
   15.00       1.377      0.1061E-01 -0.1637E-02 -0.8962E-04 -0.5962E-03
   15.50       1.306      0.1115E-01 -0.1665E-02 -0.8641E-04 -0.6439E-03
   16.00       1.237      0.1170E-01 -0.1694E-02 -0.8237E-04 -0.6943E-03
   16.50       1.170      0.1227E-01 -0.1723E-02 -0.7744E-04 -0.7476E-03
   17.00       1.105      0.1285E-01 -0.1752E-02 -0.7154E-04 -0.8039E-03
   17.50       1.041      0.1346E-01 -0.1781E-02 -0.6460E-04 -0.8633E-03
   18.00      0.9799      0.1409E-01 -0.1810E-02 -0.5656E-04 -0.9261E-03
   18.50      0.9209      0.1473E-01 -0.1839E-02 -0.4732E-04 -0.9925E-03
   19.00      0.8643      0.1539E-01 -0.1867E-02 -0.3682E-04 -0.1062E-02
   19.50      0.8101      0.1607E-01 -0.1895E-02 -0.2498E-04 -0.1136E-02
   20.00      0.7583      0.1676E-01 -0.1922E-02 -0.1172E-04 -0.1213E-02
   20.50      0.7091      0.1746E-01 -0.1949E-02  0.3014E-05 -0.1294E-02
   21.00      0.6625      0.1817E-01 -0.1973E-02  0.1929E-04 -0.1379E-02
   21.50      0.6184      0.1888E-01 -0.1996E-02  0.3713E-04 -0.1467E-02
   22.00      0.5769      0.1958E-01 -0.2017E-02  0.5656E-04 -0.1558E-02
   22.50      0.5379      0.2028E-01 -0.2035E-02  0.7755E-04 -0.1651E-02
   23.00      0.5015      0.2095E-01 -0.2049E-02  0.1001E-03 -0.1745E-02
   23.50      0.4676      0.2160E-01 -0.2059E-02  0.1240E-03 -0.1840E-02
   24.00      0.4362      0.2219E-01 -0.2064E-02  0.1492E-03 -0.1935E-02
   24.50      0.4072      0.2273E-01 -0.2063E-02  0.1754E-03 -0.2028E-02
   25.00      0.3805      0.2320E-01 -0.2055E-02  0.2023E-03 -0.2116E-02
   25.50      0.3560      0.2357E-01 -0.2040E-02  0.2295E-03 -0.2200E-02
   26.00      0.3338      0.2383E-01 -0.2016E-02  0.2565E-03 -0.2275E-02
   26.50      0.3136      0.2397E-01 -0.1984E-02  0.2829E-03 -0.2340E-02
   27.00      0.2955      0.2396E-01 -0.1942E-02  0.3079E-03 -0.2393E-02
   27.50      0.2792      0.2378E-01 -0.1890E-02  0.3308E-03 -0.2431E-02
   28.00      0.2647      0.2344E-01 -0.1829E-02  0.3510E-03 -0.2453E-02
   28.50      0.2520      0.2291E-01 -0.1759E-02  0.3677E-03 -0.2456E-02
   29.00      0.2408      0.2220E-01 -0.1680E-02  0.3802E-03 -0.2439E-02
   29.50      0.2310      0.2132E-01 -0.1595E-02  0.3881E-03 -0.2401E-02
   30.00      0.2226      0.2026E-01 -0.1504E-02  0.3907E-03 -0.2343E-02
   30.50      0.2154      0.1904E-01 -0.1409E-02  0.3879E-03 -0.2264E-02
   31.00      0.2093      0.1769E-01 -0.1313E-02  0.3795E-03 -0.2166E-02
   31.50      0.2041      0.1622E-01 -0.1216E-02  0.3654E-03 -0.2050E-02
   32.00      0.1999      0.1467E-01 -0.1122E-02  0.3458E-03 -0.1919E-02
   32.50      0.1963      0.1306E-01 -0.1031E-02  0.3211E-03 -0.1775E-02
   33.00      0.1934      0.1142E-01 -0.9454E-03  0.2917E-03 -0.1621E-02
   33.50      0.1911      0.9761E-02 -0.8665E-03  0.2579E-03 -0.1458E-02
   34.00      0.1891      0.8116E-02 -0.7953E-03  0.2204E-03 -0.1290E-02
   34.50      0.1875      0.6500E-02 -0.7326E-03  0.1797E-03 -0.1118E-02
   35.00      0.1861      0.4926E-02 -0.6789E-03  0.1361E-03 -0.9454E-03
   35.50      0.1849      0.3407E-02 -0.6347E-03  0.9016E-04 -0.7724E-03
   36.00      0.1837      0.1949E-02 -0.6001E-03  0.4229E-04 -0.6009E-03
   36.50      0.1825      0.5569E-03 -0.5753E-03 -0.7215E-05 -0.4319E-03
   37.00      0.1813     -0.7661E-03 -0.5603E-03 -0.5807E-04 -0.2661E-03
   37.50      0.1800     -0.2020E-02 -0.5549E-03 -0.1100E-03 -0.1040E-03
   38.00      0.1786     -0.3205E-02 -0.5592E-03 -0.1630E-03  0.5390E-04
   38.50      0.1770     -0.4324E-02 -0.5728E-03 -0.2167E-03  0.2076E-03
   39.00      0.1751     -0.5379E-02 -0.5959E-03 -0.2712E-03  0.3570E-03
   39.50      0.1731     -0.6373E-02 -0.6281E-03 -0.3264E-03  0.5022E-03
   40.00      0.1708     -0.7309E-02 -0.6695E-03 -0.3822E-03  0.6435E-03
   40.50      0.1683     -0.8190E-02 -0.7197E-03 -0.4385E-03  0.7809E-03
   41.00      0.1655     -0.9020E-02 -0.7788E-03 -0.4954E-03  0.9149E-03
   41.50      0.1626     -0.9799E-02 -0.8466E-03 -0.5527E-03  0.1046E-02
   42.00      0.1594     -0.1053E-01 -0.9227E-03 -0.6105E-03  0.1174E-02
   42.50      0.1560     -0.1121E-01 -0.1007E-02 -0.6686E-03  0.1299E-02
   43.00      0.1525     -0.1185E-01 -0.1100E-02 -0.7269E-03  0.1422E-02
   43.50      0.1488     -0.1244E-01 -0.1200E-02 -0.7853E-03  0.1543E-02
   44.00      0.1450     -0.1299E-01 -0.1307E-02 -0.8436E-03  0.1663E-02
   44.50      0.1411     -0.1348E-01 -0.1421E-02 -0.9016E-03  0.1781E-02
   45.00      0.1371     -0.1393E-01 -0.1541E-02 -0.9590E-03  0.1898E-02
   45.50      0.1332     -0.1432E-01 -0.1666E-02 -0.1016E-02  0.2013E-02
   46.00      0.1292     -0.1465E-01 -0.1796E-02 -0.1071E-02  0.2128E-02
   46.50      0.1252     -0.1492E-01 -0.1930E-02 -0.1124E-02  0.2241E-02
   47.00      0.1213     -0.1512E-01 -0.2066E-02 -0.1175E-02  0.2352E-02
   47.50      0.1175     -0.1526E-01 -0.2203E-02 -0.1224E-02  0.2462E-02
   48.00      0.1137     -0.1532E-01 -0.2340E-02 -0.1269E-02  0.2569E-02
   48.50      0.1101     -0.1529E-01 -0.2475E-02 -0.1310E-02  0.2673E-02
   49.00      0.1066     -0.1519E-01 -0.2606E-02 -0.1346E-02  0.2774E-02
   49.50      0.1033     -0.1499E-01 -0.2733E-02 -0.1377E-02  0.2870E-02
   50.00      0.1001     -0.1470E-01 -0.2852E-02 -0.1401E-02  0.2962E-02
   50.50      0.9713E-01 -0.1432E-01 -0.2962E-02 -0.1419E-02  0.3047E-02
   51.00      0.9430E-01 -0.1385E-01 -0.3062E-02 -0.1429E-02  0.3125E-02
   51.50      0.9166E-01 -0.1327E-01 -0.3148E-02 -0.1431E-02  0.3195E-02
   52.00      0.8920E-01 -0.1261E-01 -0.3220E-02 -0.1424E-02  0.3257E-02
   52.50      0.8692E-01 -0.1185E-01 -0.3276E-02 -0.1409E-02  0.3309E-02
   53.00      0.8483E-01 -0.1101E-01 -0.3313E-02 -0.1384E-02  0.3351E-02
   53.50      0.8291E-01 -0.1009E-01 -0.3332E-02 -0.1349E-02  0.3382E-02
   54.00      0.8117E-01 -0.9100E-02 -0.3330E-02 -0.1305E-02  0.3402E-02
   54.50      0.7960E-01 -0.8044E-02 -0.3307E-02 -0.1252E-02  0.3412E-02
   55.00      0.7819E-01 -0.6933E-02 -0.3262E-02 -0.1190E-02  0.3411E-02
   55.50      0.7694E-01 -0.5778E-02 -0.3196E-02 -0.1119E-02  0.3399E-02
   56.00      0.7583E-01 -0.4590E-02 -0.3108E-02 -0.1041E-02  0.3376E-02
   56.50      0.7487E-01 -0.3378E-02 -0.2998E-02 -0.9544E-03  0.3344E-02
   57.00      0.7403E-01 -0.2154E-02 -0.2868E-02 -0.8615E-03  0.3303E-02
   57.50      0.7332E-01 -0.9274E-03 -0.2719E-02 -0.7629E-03  0.3254E-02
   58.00      0.7273E-01  0.2923E-03 -0.2551E-02 -0.6594E-03  0.3197E-02
   58.50      0.7224E-01  0.1496E-02 -0.2367E-02 -0.5518E-03  0.3133E-02
   59.00      0.7185E-01  0.2677E-02 -0.2167E-02 -0.4410E-03  0.3063E-02
   59.50      0.7155E-01  0.3828E-02 -0.1955E-02 -0.3280E-03  0.2987E-02
   60.00      0.7133E-01  0.4942E-02 -0.1731E-02 -0.2136E-03  0.2906E-02
   60.50      0.7119E-01  0.6015E-02 -0.1498E-02 -0.9866E-04  0.2821E-02
   61.00      0.7111E-01  0.7043E-02 -0.1258E-02  0.1611E-04  0.2732E-02
   61.50      0.7110E-01  0.8023E-02 -0.1013E-02  0.1300E-03  0.2640E-02
   62.00      0.7113E-01  0.8953E-02 -0.7649E-03  0.2423E-03  0.2544E-02
   62.50      0.7122E-01  0.9830E-02 -0.5155E-03  0.3525E-03  0.2445E-02
   63.00      0.7134E-01  0.1065E-01 -0.2667E-03  0.4601E-03  0.2343E-02
   63.50      0.7149E-01  0.1143E-01 -0.2014E-04  0.5647E-03  0.2239E-02
   64.00      0.7167E-01  0.1214E-01  0.2227E-03  0.6659E-03  0.2132E-02
   64.50      0.7187E-01  0.1281E-01  0.4604E-03  0.7634E-03  0.2023E-02
   65.00      0.7208E-01  0.1342E-01  0.6920E-03  0.8569E-03  0.1911E-02
   65.50      0.7230E-01  0.1399E-01  0.9164E-03  0.9465E-03  0.1798E-02
   66.00      0.7251E-01  0.1451E-01  0.1133E-02  0.1032E-02  0.1682E-02
   66.50      0.7272E-01  0.1497E-01  0.1341E-02  0.1113E-02  0.1564E-02
   67.00      0.7290E-01  0.1540E-01  0.1540E-02  0.1190E-02  0.1445E-02
   67.50      0.7307E-01  0.1578E-01  0.1729E-02  0.1263E-02  0.1324E-02
   68.00      0.7321E-01  0.1612E-01  0.1909E-02  0.1331E-02  0.1201E-02
   68.50      0.7331E-01  0.1643E-01  0.2080E-02  0.1396E-02  0.1077E-02
   69.00      0.7336E-01  0.1669E-01  0.2242E-02  0.1457E-02  0.9510E-03
   69.50      0.7337E-01  0.1693E-01  0.2394E-02  0.1514E-02  0.8241E-03
   70.00      0.7332E-01  0.1713E-01  0.2538E-02  0.1567E-02  0.6959E-03
   70.50      0.7321E-01  0.1730E-01  0.2673E-02  0.1617E-02  0.5666E-03
   71.00      0.7303E-01  0.1745E-01  0.2801E-02  0.1664E-02  0.4360E-03
   71.50      0.7278E-01  0.1758E-01  0.2920E-02  0.1707E-02  0.3042E-03
   72.00      0.7246E-01  0.1768E-01  0.3033E-02  0.1748E-02  0.1710E-03
   72.50      0.7205E-01  0.1777E-01  0.3139E-02  0.1786E-02  0.3639E-04
   73.00      0.7155E-01  0.1784E-01  0.3239E-02  0.1822E-02 -0.9986E-04
   73.50      0.7097E-01  0.1790E-01  0.3333E-02  0.1855E-02 -0.2379E-03
   74.00      0.7029E-01  0.1794E-01  0.3423E-02  0.1886E-02 -0.3779E-03
   74.50      0.6953E-01  0.1798E-01  0.3507E-02  0.1914E-02 -0.5201E-03
   75.00      0.6867E-01  0.1801E-01  0.3588E-02  0.1941E-02 -0.6646E-03
   75.50      0.6772E-01  0.1804E-01  0.3666E-02  0.1966E-02 -0.8119E-03
   76.00      0.6668E-01  0.1807E-01  0.3741E-02  0.1989E-02 -0.9620E-03
   76.50      0.6555E-01  0.1810E-01  0.3813E-02  0.2010E-02 -0.1115E-02
   77.00      0.6434E-01  0.1813E-01  0.3883E-02  0.2030E-02 -0.1272E-02
   77.50      0.6304E-01  0.1816E-01  0.3953E-02  0.2047E-02 -0.1432E-02
   78.00      0.6166E-01  0.1820E-01  0.4021E-02  0.2063E-02 -0.1596E-02
   78.50      0.6021E-01  0.1825E-01  0.4090E-02  0.2077E-02 -0.1763E-02
   79.00      0.5869E-01  0.1830E-01  0.4159E-02  0.2089E-02 -0.1935E-02
   79.50      0.5711E-01  0.1837E-01  0.4229E-02  0.2099E-02 -0.2110E-02
   80.00      0.5548E-01  0.1844E-01  0.4301E-02  0.2106E-02 -0.2290E-02
   80.50      0.5380E-01  0.1852E-01  0.4375E-02  0.2111E-02 -0.2473E-02
   81.00      0.5209E-01  0.1862E-01  0.4452E-02  0.2113E-02 -0.2660E-02
   81.50      0.5035E-01  0.1872E-01  0.4532E-02  0.2112E-02 -0.2851E-02
   82.00      0.4859E-01  0.1883E-01  0.4617E-02  0.2107E-02 -0.3044E-02
   82.50      0.4681E-01  0.1895E-01  0.4706E-02  0.2098E-02 -0.3240E-02
   83.00      0.4504E-01  0.1907E-01  0.4799E-02  0.2085E-02 -0.3438E-02
   83.50      0.4328E-01  0.1919E-01  0.4898E-02  0.2066E-02 -0.3637E-02
   84.00      0.4153E-01  0.1931E-01  0.5003E-02  0.2041E-02 -0.3835E-02
   84.50      0.3981E-01  0.1943E-01  0.5114E-02  0.2009E-02 -0.4032E-02
   85.00      0.3813E-01  0.1953E-01  0.5230E-02  0.1970E-02 -0.4226E-02
   85.50      0.3649E-01  0.1961E-01  0.5351E-02  0.1922E-02 -0.4415E-02
   86.00      0.3490E-01  0.1968E-01  0.5478E-02  0.1865E-02 -0.4596E-02
   86.50      0.3338E-01  0.1970E-01  0.5610E-02  0.1798E-02 -0.4768E-02
   87.00      0.3192E-01  0.1969E-01  0.5745E-02  0.1720E-02 -0.4926E-02
   87.50      0.3053E-01  0.1963E-01  0.5883E-02  0.1630E-02 -0.5067E-02
   88.00      0.2922E-01  0.1951E-01  0.6023E-02  0.1528E-02 -0.5188E-02
   88.50      0.2800E-01  0.1933E-01  0.6161E-02  0.1413E-02 -0.5285E-02
   89.00      0.2687E-01  0.1907E-01  0.6297E-02  0.1285E-02 -0.5353E-02
   89.50      0.2583E-01  0.1872E-01  0.6428E-02  0.1145E-02 -0.5387E-02
   90.00      0.2488E-01  0.1829E-01  0.6551E-02  0.9928E-03 -0.5385E-02
   90.50      0.2403E-01  0.1777E-01  0.6664E-02  0.8302E-03 -0.5341E-02
   91.00      0.2327E-01  0.1715E-01  0.6765E-02  0.6585E-03 -0.5253E-02
   91.50      0.2262E-01  0.1643E-01  0.6851E-02  0.4798E-03 -0.5119E-02
   92.00      0.2206E-01  0.1563E-01  0.6920E-02  0.2968E-03 -0.4937E-02
   92.50      0.2159E-01  0.1474E-01  0.6970E-02  0.1124E-03 -0.4708E-02
   93.00      0.2122E-01  0.1379E-01  0.7001E-02 -0.7036E-04 -0.4433E-02
   93.50      0.2093E-01  0.1277E-01  0.7012E-02 -0.2482E-03 -0.4116E-02
   94.00      0.2073E-01  0.1171E-01  0.7003E-02 -0.4181E-03 -0.3760E-02
   94.50      0.2061E-01  0.1062E-01  0.6976E-02 -0.5771E-03 -0.3370E-02
   95.00      0.2057E-01  0.9516E-02  0.6932E-02 -0.7227E-03 -0.2953E-02
   95.50      0.2060E-01  0.8414E-02  0.6873E-02 -0.8529E-03 -0.2516E-02
   96.00      0.2070E-01  0.7327E-02  0.6802E-02 -0.9662E-03 -0.2064E-02
   96.50      0.2085E-01  0.6265E-02  0.6720E-02 -0.1062E-02 -0.1605E-02
   97.00      0.2106E-01  0.5239E-02  0.6631E-02 -0.1139E-02 -0.1143E-02
   97.50      0.2132E-01  0.4254E-02  0.6536E-02 -0.1198E-02 -0.6851E-03
   98.00      0.2162E-01  0.3315E-02  0.6439E-02 -0.1240E-02 -0.2345E-03
   98.50      0.2194E-01  0.2425E-02  0.6340E-02 -0.1264E-02  0.2049E-03
   99.00      0.2230E-01  0.1583E-02  0.6242E-02 -0.1272E-02  0.6301E-03
   99.50      0.2268E-01  0.7896E-03  0.6146E-02 -0.1265E-02  0.1039E-02
   100.0      0.2307E-01  0.4157E-04  0.6054E-02 -0.1245E-02  0.1431E-02
   100.5      0.2347E-01 -0.6635E-03  0.5965E-02 -0.1212E-02  0.1805E-02
   101.0      0.2387E-01 -0.1329E-02  0.5881E-02 -0.1167E-02  0.2160E-02
   101.5      0.2426E-01 -0.1958E-02  0.5802E-02 -0.1111E-02  0.2497E-02
   102.0      0.2465E-01 -0.2554E-02  0.5728E-02 -0.1046E-02  0.2817E-02
   102.5      0.2502E-01 -0.3122E-02  0.5659E-02 -0.9722E-03  0.3120E-02
   103.0      0.2538E-01 -0.3663E-02  0.5596E-02 -0.8904E-03  0.3407E-02
   103.5      0.2571E-01 -0.4180E-02  0.5539E-02 -0.8011E-03  0.3680E-02
   104.0      0.2601E-01 -0.4677E-02  0.5486E-02 -0.7051E-03  0.3939E-02
   104.5      0.2629E-01 -0.5156E-02  0.5439E-02 -0.6028E-03  0.4186E-02
   105.0      0.2653E-01 -0.5617E-02  0.5396E-02 -0.4945E-03  0.4422E-02
   105.5      0.2675E-01 -0.6063E-02  0.5358E-02 -0.3807E-03  0.4649E-02
   106.0      0.2692E-01 -0.6494E-02  0.5325E-02 -0.2615E-03  0.4867E-02
   106.5      0.2707E-01 -0.6911E-02  0.5296E-02 -0.1373E-03  0.5078E-02
   107.0      0.2717E-01 -0.7315E-02  0.5270E-02 -0.8194E-05  0.5283E-02
   107.5      0.2724E-01 -0.7706E-02  0.5248E-02  0.1256E-03  0.5482E-02
   108.0      0.2728E-01 -0.8084E-02  0.5228E-02  0.2639E-03  0.5677E-02
   108.5      0.2728E-01 -0.8448E-02  0.5211E-02  0.4066E-03  0.5868E-02
   109.0      0.2725E-01 -0.8799E-02  0.5196E-02  0.5534E-03  0.6057E-02
   109.5      0.2718E-01 -0.9136E-02  0.5181E-02  0.7043E-03  0.6242E-02
   110.0      0.2709E-01 -0.9459E-02  0.5167E-02  0.8590E-03  0.6425E-02
   110.5      0.2697E-01 -0.9768E-02  0.5152E-02  0.1017E-02  0.6605E-02
   111.0      0.2682E-01 -0.1006E-01  0.5135E-02  0.1179E-02  0.6782E-02
   111.5      0.2665E-01 -0.1034E-01  0.5114E-02  0.1343E-02  0.6956E-02
   112.0      0.2646E-01 -0.1060E-01  0.5089E-02  0.1510E-02  0.7126E-02
   112.5      0.2626E-01 -0.1084E-01  0.5058E-02  0.1679E-02  0.7291E-02
   113.0      0.2604E-01 -0.1107E-01  0.5018E-02  0.1849E-02  0.7450E-02
   113.5      0.2581E-01 -0.1128E-01  0.4970E-02  0.2021E-02  0.7602E-02
   114.0      0.2557E-01 -0.1147E-01  0.4909E-02  0.2193E-02  0.7745E-02
   114.5      0.2533E-01 -0.1164E-01  0.4835E-02  0.2365E-02  0.7878E-02
   115.0      0.2508E-01 -0.1179E-01  0.4745E-02  0.2535E-02  0.7999E-02
   115.5      0.2483E-01 -0.1192E-01  0.4638E-02  0.2704E-02  0.8105E-02
   116.0      0.2459E-01 -0.1204E-01  0.4512E-02  0.2870E-02  0.8196E-02
   116.5      0.2435E-01 -0.1213E-01  0.4364E-02  0.3032E-02  0.8269E-02
   117.0      0.2411E-01 -0.1220E-01  0.4194E-02  0.3190E-02  0.8323E-02
   117.5      0.2389E-01 -0.1225E-01  0.3999E-02  0.3343E-02  0.8355E-02
   118.0      0.2367E-01 -0.1229E-01  0.3779E-02  0.3490E-02  0.8365E-02
   118.5      0.2346E-01 -0.1230E-01  0.3532E-02  0.3629E-02  0.8351E-02
   119.0      0.2327E-01 -0.1229E-01  0.3258E-02  0.3760E-02  0.8312E-02
   119.5      0.2309E-01 -0.1225E-01  0.2957E-02  0.3883E-02  0.8248E-02
   120.0      0.2292E-01 -0.1220E-01  0.2628E-02  0.3996E-02  0.8157E-02
   120.5      0.2276E-01 -0.1212E-01  0.2273E-02  0.4099E-02  0.8041E-02
   121.0      0.2263E-01 -0.1202E-01  0.1892E-02  0.4191E-02  0.7899E-02
   121.5      0.2250E-01 -0.1190E-01  0.1486E-02  0.4272E-02  0.7732E-02
   122.0      0.2239E-01 -0.1176E-01  0.1057E-02  0.4342E-02  0.7540E-02
   122.5      0.2229E-01 -0.1160E-01  0.6066E-03  0.4400E-02  0.7327E-02
   123.0      0.2221E-01 -0.1141E-01  0.1364E-03  0.4445E-02  0.7091E-02
   123.5      0.2214E-01 -0.1120E-01 -0.3513E-03  0.4479E-02  0.6836E-02
   124.0      0.2208E-01 -0.1097E-01 -0.8542E-03  0.4501E-02  0.6563E-02
   124.5      0.2204E-01 -0.1073E-01 -0.1370E-02  0.4511E-02  0.6274E-02
   125.0      0.2200E-01 -0.1046E-01 -0.1896E-02  0.4508E-02  0.5970E-02
   125.5      0.2198E-01 -0.1017E-01 -0.2430E-02  0.4495E-02  0.5654E-02
   126.0      0.2197E-01 -0.9862E-02 -0.2970E-02  0.4470E-02  0.5327E-02
   126.5      0.2197E-01 -0.9538E-02 -0.3514E-02  0.4434E-02  0.4991E-02
   127.0      0.2198E-01 -0.9200E-02 -0.4058E-02  0.4387E-02  0.4647E-02
   127.5      0.2200E-01 -0.8847E-02 -0.4601E-02  0.4331E-02  0.4297E-02
   128.0      0.2202E-01 -0.8482E-02 -0.5141E-02  0.4264E-02  0.3942E-02
   128.5      0.2206E-01 -0.8107E-02 -0.5676E-02  0.4188E-02  0.3584E-02
   129.0      0.2210E-01 -0.7723E-02 -0.6204E-02  0.4103E-02  0.3223E-02
   129.5      0.2216E-01 -0.7332E-02 -0.6722E-02  0.4010E-02  0.2861E-02
   130.0      0.2222E-01 -0.6938E-02 -0.7230E-02  0.3908E-02  0.2498E-02
   130.5      0.2229E-01 -0.6541E-02 -0.7725E-02  0.3799E-02  0.2135E-02
   131.0      0.2238E-01 -0.6143E-02 -0.8204E-02  0.3682E-02  0.1773E-02
   131.5      0.2247E-01 -0.5749E-02 -0.8667E-02  0.3559E-02  0.1413E-02
   132.0      0.2258E-01 -0.5358E-02 -0.9111E-02  0.3430E-02  0.1055E-02
   132.5      0.2269E-01 -0.4974E-02 -0.9535E-02  0.3295E-02  0.7013E-03
   133.0      0.2282E-01 -0.4598E-02 -0.9935E-02  0.3155E-02  0.3516E-03
   133.5      0.2297E-01 -0.4233E-02 -0.1031E-01  0.3010E-02  0.7379E-05
   134.0      0.2313E-01 -0.3880E-02 -0.1066E-01  0.2861E-02 -0.3303E-03
   134.5      0.2331E-01 -0.3540E-02 -0.1098E-01  0.2708E-02 -0.6602E-03
   135.0      0.2350E-01 -0.3215E-02 -0.1127E-01  0.2552E-02 -0.9811E-03
   135.5      0.2372E-01 -0.2906E-02 -0.1153E-01  0.2394E-02 -0.1292E-02
   136.0      0.2395E-01 -0.2614E-02 -0.1175E-01  0.2234E-02 -0.1591E-02
   136.5      0.2420E-01 -0.2340E-02 -0.1194E-01  0.2073E-02 -0.1877E-02
   137.0      0.2448E-01 -0.2084E-02 -0.1209E-01  0.1911E-02 -0.2149E-02
   137.5      0.2478E-01 -0.1846E-02 -0.1220E-01  0.1749E-02 -0.2406E-02
   138.0      0.2511E-01 -0.1627E-02 -0.1228E-01  0.1588E-02 -0.2646E-02
   138.5      0.2546E-01 -0.1427E-02 -0.1232E-01  0.1428E-02 -0.2869E-02
   139.0      0.2583E-01 -0.1245E-02 -0.1232E-01  0.1269E-02 -0.3074E-02
   139.5      0.2623E-01 -0.1081E-02 -0.1228E-01  0.1113E-02 -0.3261E-02
   140.0      0.2666E-01 -0.9347E-03 -0.1221E-01  0.9597E-03 -0.3428E-02
   140.5      0.2711E-01 -0.8057E-03 -0.1211E-01  0.8093E-03 -0.3577E-02
   141.0      0.2758E-01 -0.6935E-03 -0.1197E-01  0.6623E-03 -0.3708E-02
   141.5      0.2808E-01 -0.5975E-03 -0.1180E-01  0.5193E-03 -0.3820E-02
   142.0      0.2861E-01 -0.5170E-03 -0.1161E-01  0.3803E-03 -0.3915E-02
   142.5      0.2916E-01 -0.4516E-03 -0.1139E-01  0.2457E-03 -0.3993E-02
   143.0      0.2973E-01 -0.4005E-03 -0.1114E-01  0.1155E-03 -0.4056E-02
   143.5      0.3032E-01 -0.3632E-03 -0.1088E-01 -0.9995E-05 -0.4105E-02
   144.0      0.3093E-01 -0.3389E-03 -0.1060E-01 -0.1309E-03 -0.4140E-02
   144.5      0.3155E-01 -0.3270E-03 -0.1031E-01 -0.2470E-03 -0.4164E-02
   145.0      0.3219E-01 -0.3268E-03 -0.1000E-01 -0.3586E-03 -0.4178E-02
   145.5      0.3284E-01 -0.3376E-03 -0.9692E-02 -0.4655E-03 -0.4183E-02
   146.0      0.3350E-01 -0.3588E-03 -0.9374E-02 -0.5680E-03 -0.4181E-02
   146.5      0.3417E-01 -0.3895E-03 -0.9052E-02 -0.6661E-03 -0.4172E-02
   147.0      0.3483E-01 -0.4291E-03 -0.8728E-02 -0.7600E-03 -0.4159E-02
   147.5      0.3550E-01 -0.4769E-03 -0.8405E-02 -0.8498E-03 -0.4142E-02
   148.0      0.3616E-01 -0.5320E-03 -0.8083E-02 -0.9359E-03 -0.4122E-02
   148.5      0.3682E-01 -0.5937E-03 -0.7765E-02 -0.1018E-02 -0.4100E-02
   149.0      0.3746E-01 -0.6613E-03 -0.7450E-02 -0.1097E-02 -0.4077E-02
   149.5      0.3809E-01 -0.7341E-03 -0.7141E-02 -0.1173E-02 -0.4054E-02
   150.0      0.3870E-01 -0.8115E-03 -0.6837E-02 -0.1246E-02 -0.4030E-02
   150.5      0.3929E-01 -0.8926E-03 -0.6540E-02 -0.1316E-02 -0.4007E-02
   151.0      0.3985E-01 -0.9770E-03 -0.6248E-02 -0.1383E-02 -0.3985E-02
   151.5      0.4038E-01 -0.1064E-02 -0.5963E-02 -0.1448E-02 -0.3963E-02
   152.0      0.4088E-01 -0.1153E-02 -0.5685E-02 -0.1511E-02 -0.3942E-02
   152.5      0.4134E-01 -0.1244E-02 -0.5412E-02 -0.1572E-02 -0.3922E-02
   153.0      0.4176E-01 -0.1336E-02 -0.5145E-02 -0.1631E-02 -0.3902E-02
   153.5      0.4214E-01 -0.1429E-02 -0.4883E-02 -0.1688E-02 -0.3882E-02
   154.0      0.4248E-01 -0.1523E-02 -0.4626E-02 -0.1744E-02 -0.3863E-02
   154.5      0.4277E-01 -0.1617E-02 -0.4373E-02 -0.1799E-02 -0.3844E-02
   155.0      0.4301E-01 -0.1711E-02 -0.4124E-02 -0.1852E-02 -0.3824E-02
   155.5      0.4319E-01 -0.1805E-02 -0.3878E-02 -0.1905E-02 -0.3803E-02
   156.0      0.4333E-01 -0.1899E-02 -0.3634E-02 -0.1956E-02 -0.3781E-02
   156.5      0.4341E-01 -0.1993E-02 -0.3391E-02 -0.2007E-02 -0.3758E-02
   157.0      0.4343E-01 -0.2087E-02 -0.3149E-02 -0.2057E-02 -0.3733E-02
   157.5      0.4341E-01 -0.2180E-02 -0.2908E-02 -0.2107E-02 -0.3706E-02
   158.0      0.4332E-01 -0.2274E-02 -0.2666E-02 -0.2156E-02 -0.3676E-02
   158.5      0.4318E-01 -0.2367E-02 -0.2422E-02 -0.2204E-02 -0.3645E-02
   159.0      0.4298E-01 -0.2460E-02 -0.2177E-02 -0.2252E-02 -0.3610E-02
   159.5      0.4273E-01 -0.2553E-02 -0.1930E-02 -0.2299E-02 -0.3572E-02
   160.0      0.4243E-01 -0.2645E-02 -0.1679E-02 -0.2347E-02 -0.3532E-02
   160.5      0.4207E-01 -0.2738E-02 -0.1425E-02 -0.2393E-02 -0.3487E-02
   161.0      0.4166E-01 -0.2830E-02 -0.1166E-02 -0.2439E-02 -0.3440E-02
   161.5      0.4121E-01 -0.2922E-02 -0.9027E-03 -0.2484E-02 -0.3389E-02
   162.0      0.4071E-01 -0.3013E-02 -0.6339E-03 -0.2529E-02 -0.3334E-02
   162.5      0.4017E-01 -0.3103E-02 -0.3591E-03 -0.2573E-02 -0.3276E-02
   163.0      0.3958E-01 -0.3193E-02 -0.7792E-04 -0.2615E-02 -0.3214E-02
   163.5      0.3896E-01 -0.3282E-02  0.2103E-03 -0.2657E-02 -0.3148E-02
   164.0      0.3830E-01 -0.3369E-02  0.5060E-03 -0.2697E-02 -0.3079E-02
   164.5      0.3762E-01 -0.3455E-02  0.8097E-03 -0.2735E-02 -0.3005E-02
   165.0      0.3690E-01 -0.3539E-02  0.1122E-02 -0.2771E-02 -0.2928E-02
   165.5      0.3616E-01 -0.3620E-02  0.1443E-02 -0.2805E-02 -0.2847E-02
   166.0      0.3540E-01 -0.3699E-02  0.1774E-02 -0.2836E-02 -0.2762E-02
   166.5      0.3463E-01 -0.3774E-02  0.2114E-02 -0.2863E-02 -0.2673E-02
   167.0      0.3384E-01 -0.3845E-02  0.2464E-02 -0.2886E-02 -0.2579E-02
   167.5      0.3304E-01 -0.3911E-02  0.2824E-02 -0.2906E-02 -0.2482E-02
   168.0      0.3224E-01 -0.3971E-02  0.3195E-02 -0.2920E-02 -0.2381E-02
   168.5      0.3143E-01 -0.4024E-02  0.3576E-02 -0.2928E-02 -0.2276E-02
   169.0      0.3063E-01 -0.4069E-02  0.3968E-02 -0.2930E-02 -0.2167E-02
   169.5      0.2984E-01 -0.4104E-02  0.4369E-02 -0.2924E-02 -0.2055E-02
   170.0      0.2905E-01 -0.4128E-02  0.4780E-02 -0.2910E-02 -0.1939E-02
   170.5      0.2828E-01 -0.4140E-02  0.5200E-02 -0.2888E-02 -0.1819E-02
   171.0      0.2753E-01 -0.4137E-02  0.5627E-02 -0.2855E-02 -0.1697E-02
   171.5      0.2680E-01 -0.4118E-02  0.6060E-02 -0.2811E-02 -0.1572E-02
   172.0      0.2609E-01 -0.4080E-02  0.6498E-02 -0.2756E-02 -0.1445E-02
   172.5      0.2541E-01 -0.4021E-02  0.6938E-02 -0.2688E-02 -0.1317E-02
   173.0      0.2476E-01 -0.3940E-02  0.7378E-02 -0.2607E-02 -0.1188E-02
   173.5      0.2414E-01 -0.3833E-02  0.7814E-02 -0.2511E-02 -0.1060E-02
   174.0      0.2356E-01 -0.3701E-02  0.8244E-02 -0.2400E-02 -0.9330E-03
   174.5      0.2301E-01 -0.3539E-02  0.8664E-02 -0.2274E-02 -0.8084E-03
   175.0      0.2250E-01 -0.3349E-02  0.9070E-02 -0.2133E-02 -0.6877E-03
   175.5      0.2204E-01 -0.3128E-02  0.9456E-02 -0.1976E-02 -0.5723E-03
   176.0      0.2162E-01 -0.2877E-02  0.9820E-02 -0.1803E-02 -0.4635E-03
   176.5      0.2125E-01 -0.2596E-02  0.1015E-01 -0.1616E-02 -0.3628E-03
   177.0      0.2092E-01 -0.2287E-02  0.1046E-01 -0.1414E-02 -0.2719E-03
   177.5      0.2064E-01 -0.1951E-02  0.1072E-01 -0.1200E-02 -0.1920E-03
   178.0      0.2041E-01 -0.1591E-02  0.1094E-01 -0.9745E-03 -0.1247E-03
   178.5      0.2023E-01 -0.1212E-02  0.1112E-01 -0.7395E-03 -0.7090E-04
   179.0      0.2010E-01 -0.8168E-03  0.1125E-01 -0.4972E-03 -0.3177E-04
   179.5      0.2003E-01 -0.4112E-03  0.1133E-01 -0.2499E-03 -0.7980E-05
   180.0      0.2000E-01   0.000      0.1136E-01   0.000       0.000    
 END
