# Fusion cross sections for ELAB=  32.000, ECM=  19.191
     0.5   9.283       9.289      0.5924E-02
     1.5   30.96       30.98      0.1872E-01
     2.5   55.79       55.82      0.3405E-01
     3.5   74.54       74.58      0.4355E-01
     4.5   93.38       93.46      0.7711E-01
     5.5   112.3       112.4      0.8001E-01
     6.5   131.0       131.1      0.1066    
     7.5   147.1       147.2      0.1219    
     8.5   155.8       156.1      0.2172    
     9.5   151.9       152.2      0.2598    
    10.5   133.0       133.2      0.2419    
    11.5   102.7       102.9      0.1469    
    12.5   69.34       69.40      0.6857E-01
    13.5   41.24       41.26      0.2033E-01
    14.5   22.24       22.25      0.4755E-02
    15.5   11.24       11.24      0.1111E-02
    16.5   5.453       5.454      0.2863E-03
    17.5   2.587       2.587      0.8183E-04
    18.5   1.211       1.211      0.2399E-04
    19.5  0.5621      0.5621      0.6508E-05
    20.5  0.2595      0.2595      0.1465E-05
 &
