# 121 angles,  1 tensor ranks for 0=projectile
@subtitle   "12C(d,p)13C | E_beam = 16MeV | DWBA | Ex = 0.0MeV"                             
@legend ON
@legend x1 0.2
@legend y1 0.8
@g0 type LOGY
@yaxis ticklabel format power
@xaxis label "Scattering angle (degrees)"
@yaxis label "Cross section (mb/sr)"
@legend string   0 "Partition=  1 Excit=  1 near/far= 1"
#legend string   0 "Lab energy =   16.0000"
@s0 linestyle   1
#  Theta       sigma       iT11        T20         T21         T22         Kyy for projectile
  0.1000E-01   1.000    
  0.5000      0.9975    
   1.000      0.9861    
   1.500      0.9665    
   2.000      0.9405    
   2.500      0.9101    
   3.000      0.8769    
   3.500      0.8425    
   4.000      0.8085    
   4.500      0.7762    
   5.000      0.7472    
   5.500      0.7226    
   6.000      0.7036    
   6.500      0.6913    
   7.000      0.6868    
   7.500      0.6908    
   8.000      0.7040    
   8.500      0.7272    
   9.000      0.7608    
   9.500      0.8050    
   10.00      0.8601    
   10.50      0.9260    
   11.00       1.003    
   11.50       1.090    
   12.00       1.186    
   12.50       1.293    
   13.00       1.407    
   13.50       1.529    
   14.00       1.658    
   14.50       1.792    
   15.00       1.930    
   15.50       2.071    
   16.00       2.213    
   16.50       2.355    
   17.00       2.496    
   17.50       2.633    
   18.00       2.766    
   18.50       2.892    
   19.00       3.011    
   19.50       3.121    
   20.00       3.221    
   20.50       3.309    
   21.00       3.385    
   21.50       3.447    
   22.00       3.495    
   22.50       3.529    
   23.00       3.547    
   23.50       3.549    
   24.00       3.536    
   24.50       3.507    
   25.00       3.462    
   25.50       3.402    
   26.00       3.327    
   26.50       3.239    
   27.00       3.137    
   27.50       3.023    
   28.00       2.898    
   28.50       2.763    
   29.00       2.619    
   29.50       2.468    
   30.00       2.311    
   30.50       2.150    
   31.00       1.986    
   31.50       1.821    
   32.00       1.657    
   32.50       1.494    
   33.00       1.334    
   33.50       1.179    
   34.00       1.030    
   34.50      0.8877    
   35.00      0.7543    
   35.50      0.6302    
   36.00      0.5166    
   36.50      0.4141    
   37.00      0.3236    
   37.50      0.2454    
   38.00      0.1801    
   38.50      0.1279    
   39.00      0.8900E-01
   39.50      0.6329E-01
   40.00      0.5068E-01
   40.50      0.5088E-01
   41.00      0.6351E-01
   41.50      0.8805E-01
   42.00      0.1239    
   42.50      0.1703    
   43.00      0.2264    
   43.50      0.2915    
   44.00      0.3645    
   44.50      0.4444    
   45.00      0.5301    
   45.50      0.6207    
   46.00      0.7149    
   46.50      0.8117    
   47.00      0.9100    
   47.50       1.009    
   48.00       1.107    
   48.50       1.203    
   49.00       1.297    
   49.50       1.387    
   50.00       1.472    
   50.50       1.553    
   51.00       1.627    
   51.50       1.695    
   52.00       1.756    
   52.50       1.809    
   53.00       1.854    
   53.50       1.892    
   54.00       1.920    
   54.50       1.940    
   55.00       1.952    
   55.50       1.956    
   56.00       1.951    
   56.50       1.938    
   57.00       1.918    
   57.50       1.890    
   58.00       1.855    
   58.50       1.815    
   59.00       1.768    
   59.50       1.716    
   60.00       1.660    
 END
@legend string   1 "Partition=  2 Excit=  1 near/far= 1"
#legend string   0 "Lab energy =   16.0000"
@s1 linestyle   2
#  Theta       sigma       iT11        T20         T21         T22         Kyy for projectile
   0.000       2.993    
  0.5000       2.993    
   1.000       2.991    
   1.500       2.989    
   2.000       2.986    
   2.500       2.983    
   3.000       2.978    
   3.500       2.973    
   4.000       2.967    
   4.500       2.960    
   5.000       2.952    
   5.500       2.943    
   6.000       2.934    
   6.500       2.924    
   7.000       2.913    
   7.500       2.901    
   8.000       2.889    
   8.500       2.876    
   9.000       2.862    
   9.500       2.848    
   10.00       2.833    
   10.50       2.817    
   11.00       2.801    
   11.50       2.784    
   12.00       2.767    
   12.50       2.749    
   13.00       2.730    
   13.50       2.711    
   14.00       2.692    
   14.50       2.672    
   15.00       2.652    
   15.50       2.632    
   16.00       2.611    
   16.50       2.589    
   17.00       2.568    
   17.50       2.546    
   18.00       2.523    
   18.50       2.501    
   19.00       2.478    
   19.50       2.454    
   20.00       2.431    
   20.50       2.407    
   21.00       2.382    
   21.50       2.358    
   22.00       2.333    
   22.50       2.308    
   23.00       2.283    
   23.50       2.257    
   24.00       2.231    
   24.50       2.205    
   25.00       2.179    
   25.50       2.153    
   26.00       2.126    
   26.50       2.099    
   27.00       2.072    
   27.50       2.045    
   28.00       2.017    
   28.50       1.990    
   29.00       1.962    
   29.50       1.934    
   30.00       1.906    
   30.50       1.878    
   31.00       1.849    
   31.50       1.821    
   32.00       1.792    
   32.50       1.763    
   33.00       1.734    
   33.50       1.705    
   34.00       1.676    
   34.50       1.647    
   35.00       1.617    
   35.50       1.588    
   36.00       1.558    
   36.50       1.529    
   37.00       1.499    
   37.50       1.469    
   38.00       1.439    
   38.50       1.410    
   39.00       1.380    
   39.50       1.350    
   40.00       1.321    
   40.50       1.291    
   41.00       1.262    
   41.50       1.232    
   42.00       1.203    
   42.50       1.174    
   43.00       1.145    
   43.50       1.116    
   44.00       1.088    
   44.50       1.059    
   45.00       1.031    
   45.50       1.003    
   46.00      0.9755    
   46.50      0.9481    
   47.00      0.9210    
   47.50      0.8942    
   48.00      0.8677    
   48.50      0.8416    
   49.00      0.8158    
   49.50      0.7903    
   50.00      0.7653    
   50.50      0.7406    
   51.00      0.7164    
   51.50      0.6926    
   52.00      0.6692    
   52.50      0.6463    
   53.00      0.6239    
   53.50      0.6019    
   54.00      0.5804    
   54.50      0.5595    
   55.00      0.5390    
   55.50      0.5191    
   56.00      0.4997    
   56.50      0.4809    
   57.00      0.4626    
   57.50      0.4448    
   58.00      0.4276    
   58.50      0.4110    
   59.00      0.3949    
   59.50      0.3794    
   60.00      0.3645    
 END
