# 121 angles,  1 tensor ranks for 0=projectile
@subtitle   "12C(d,p)13C | E_beam = 16MeV | DWBA | Ex = 0.0MeV"                             
@legend ON
@legend x1 0.2
@legend y1 0.8
@g0 type LOGY
@yaxis ticklabel format power
@legend string   0 "Lab energy =   16.0000"
#legend string   0 "Partition=  2 Excit=  1 near/far= 1"
#  Theta       sigma       iT11        T20         T21         T22         Kyy for projectile
   0.000       2.993    
  0.5000       2.993    
   1.000       2.991    
   1.500       2.989    
   2.000       2.986    
   2.500       2.983    
   3.000       2.978    
   3.500       2.973    
   4.000       2.967    
   4.500       2.960    
   5.000       2.952    
   5.500       2.943    
   6.000       2.934    
   6.500       2.924    
   7.000       2.913    
   7.500       2.901    
   8.000       2.889    
   8.500       2.876    
   9.000       2.862    
   9.500       2.848    
   10.00       2.833    
   10.50       2.817    
   11.00       2.801    
   11.50       2.784    
   12.00       2.767    
   12.50       2.749    
   13.00       2.730    
   13.50       2.711    
   14.00       2.692    
   14.50       2.672    
   15.00       2.652    
   15.50       2.632    
   16.00       2.611    
   16.50       2.589    
   17.00       2.568    
   17.50       2.546    
   18.00       2.523    
   18.50       2.501    
   19.00       2.478    
   19.50       2.454    
   20.00       2.431    
   20.50       2.407    
   21.00       2.382    
   21.50       2.358    
   22.00       2.333    
   22.50       2.308    
   23.00       2.283    
   23.50       2.257    
   24.00       2.231    
   24.50       2.205    
   25.00       2.179    
   25.50       2.153    
   26.00       2.126    
   26.50       2.099    
   27.00       2.072    
   27.50       2.045    
   28.00       2.017    
   28.50       1.990    
   29.00       1.962    
   29.50       1.934    
   30.00       1.906    
   30.50       1.878    
   31.00       1.849    
   31.50       1.821    
   32.00       1.792    
   32.50       1.763    
   33.00       1.734    
   33.50       1.705    
   34.00       1.676    
   34.50       1.647    
   35.00       1.617    
   35.50       1.588    
   36.00       1.558    
   36.50       1.529    
   37.00       1.499    
   37.50       1.469    
   38.00       1.439    
   38.50       1.410    
   39.00       1.380    
   39.50       1.350    
   40.00       1.321    
   40.50       1.291    
   41.00       1.262    
   41.50       1.232    
   42.00       1.203    
   42.50       1.174    
   43.00       1.145    
   43.50       1.116    
   44.00       1.088    
   44.50       1.059    
   45.00       1.031    
   45.50       1.003    
   46.00      0.9755    
   46.50      0.9481    
   47.00      0.9210    
   47.50      0.8942    
   48.00      0.8677    
   48.50      0.8416    
   49.00      0.8158    
   49.50      0.7903    
   50.00      0.7653    
   50.50      0.7406    
   51.00      0.7164    
   51.50      0.6926    
   52.00      0.6692    
   52.50      0.6463    
   53.00      0.6239    
   53.50      0.6019    
   54.00      0.5804    
   54.50      0.5595    
   55.00      0.5390    
   55.50      0.5191    
   56.00      0.4997    
   56.50      0.4809    
   57.00      0.4626    
   57.50      0.4448    
   58.00      0.4276    
   58.50      0.4110    
   59.00      0.3949    
   59.50      0.3794    
   60.00      0.3645    
 END
