# Fusion cross sections for ELAB=  16.000, ECM=  13.700
     0.0   8.980       8.988      0.7409E-02
     1.0   79.67       79.84      0.1632    
     2.0   133.2       133.5      0.2500    
     3.0   188.2       189.3       1.141    
     4.0   219.7       221.6       1.931    
     5.0   207.7       209.0       1.300    
     6.0   152.5       153.6       1.103    
     7.0   76.16       76.42      0.2617    
     8.0   30.84       30.90      0.5909E-01
     9.0   11.84       11.86      0.1334E-01
    10.0   4.451       4.454      0.3027E-02
    11.0   1.651       1.651      0.6915E-03
    12.0  0.6057      0.6059      0.1589E-03
    13.0  0.2203      0.2203      0.3669E-04
    14.0  0.7951E-01  0.7951E-01  0.8513E-05
    15.0  0.2850E-01  0.2850E-01  0.1985E-05
    16.0  0.1015E-01  0.1015E-01  0.4658E-06
    17.0  0.3598E-02  0.3598E-02  0.1103E-06
    18.0  0.1269E-02  0.1269E-02  0.1861E-06
    19.0  0.4449E-03  0.4457E-03  0.8415E-06
    20.0  0.1549E-03  0.1559E-03  0.1011E-05
 &
