           2           1           1
    0.0-     1 1   8.988       0.000      0.7409E-02   8.980    
    1.0+     0 1   26.12       0.000      0.1495E-01   26.10    
    1.0+     2 2   26.76       0.000      0.8174E-01   26.67    
    1.0-     1 1   26.96       0.000      0.6655E-01   26.89    
    2.0+     2 1   43.99       0.000      0.1534       43.83    
    2.0-     1 1   44.65       0.000      0.1648E-01   44.63    
    2.0-     3 2   44.86       0.000      0.8012E-01   44.78    
    3.0+     2 1   61.62       0.000      0.7434E-01   61.54    
    3.0+     4 2   63.24       0.000      0.6963       62.54    
    3.0-     3 1   64.49       0.000      0.3700       64.12    
    4.0+     4 1   78.33       0.000      0.6971       77.63    
    4.0-     3 1   81.63       0.000      0.1367E-01   81.62    
    4.0-     5 2   61.63       0.000       1.221       60.41    
    5.0+     4 1   95.12       0.000      0.8057E-01   95.03    
    5.0+     6 2   35.83       0.000      0.9704       34.86    
    5.0-     5 1   78.02       0.000      0.2495       77.77    
    6.0+     6 1   43.28       0.000      0.8217       42.46    
    6.0-     5 1   94.43       0.000      0.4267E-01   94.38    
    6.0-     7 2   15.91       0.000      0.2388       15.67    
    7.0+     6 1   51.53       0.000      0.1548E-01   51.52    
    7.0+     8 2   6.400       0.000      0.5544E-01   6.345    
    7.0-     7 1   18.49       0.000      0.1908       18.30    
    8.0+     8 1   7.270       0.000      0.4279E-01   7.227    
    8.0-     7 1   21.15       0.000      0.3527E-02   21.15    
    8.0-     9 2   2.478       0.000      0.1277E-01   2.465    
    9.0+     8 1   8.147       0.000      0.7389E-03   8.146    
    9.0+    10 2  0.9392       0.000      0.2944E-02  0.9363    
    9.0-     9 1   2.771       0.000      0.9657E-02   2.761    
   10.0+    10 1   1.038       0.000      0.2193E-02   1.036    
   10.0-     9 1   3.065       0.000      0.1535E-03   3.065    
   10.0-    11 2  0.3509       0.000      0.6810E-03  0.3502    
   11.0+    10 1   1.137       0.000      0.3228E-04   1.137    
   11.0+    12 2  0.1295       0.000      0.1582E-03  0.1294    
   11.0-    11 1  0.3843       0.000      0.5010E-03  0.3838    
   12.0+    12 1  0.1408       0.000      0.1151E-03  0.1407    
   12.0-    11 1  0.4177       0.000      0.6908E-05  0.4177    
   12.0-    13 2  0.4734E-01   0.000      0.3689E-04  0.4730E-01
   13.0+    12 1  0.1521       0.000      0.1501E-05  0.1521    
   13.0+    14 2  0.1716E-01   0.000      0.8641E-05  0.1715E-01
   13.0-    13 1  0.5113E-01   0.000      0.2655E-04  0.5110E-01
   14.0+    14 1  0.1843E-01   0.000      0.6153E-05  0.1842E-01
   14.0-    13 1  0.5492E-01   0.000      0.3298E-06  0.5492E-01
   14.0-    15 2  0.6171E-02   0.000      0.2031E-05  0.6169E-02
   15.0+    14 1  0.1970E-01   0.000      0.7294E-07  0.1970E-01
   15.0+    16 2  0.2205E-02   0.000      0.4791E-06  0.2205E-02
   15.0-    15 1  0.6597E-02   0.000      0.1433E-05  0.6595E-02
   16.0+    16 1  0.2348E-02   0.000      0.3361E-06  0.2347E-02
   16.0-    15 1  0.7022E-02   0.000      0.1622E-07  0.7022E-02
   16.0-    17 2  0.7837E-03   0.000      0.1135E-06  0.7836E-03
   17.0+    16 1  0.2490E-02   0.000      0.3642E-08  0.2490E-02
   17.0+    18 2  0.2771E-03   0.000      0.2708E-07  0.2770E-03
   17.0-    17 1  0.8312E-03   0.000      0.7961E-07  0.8311E-03
   18.0+    18 1  0.2929E-03   0.000      0.1787E-06  0.2927E-03
   18.0-    17 1  0.8787E-03   0.000      0.8667E-09  0.8787E-03
   18.0-    19 2  0.9751E-04   0.000      0.6512E-08  0.9751E-04
   19.0+    18 1  0.3087E-03   0.000      0.3532E-09  0.3087E-03
   19.0+    20 2  0.3418E-04   0.000      0.1582E-08  0.3418E-04
   19.0-    19 1  0.1028E-03   0.000      0.8396E-06  0.1019E-03
   20.0+    20 1  0.3593E-04   0.000      0.9950E-06  0.3494E-04
   20.0-    19 1  0.1081E-03   0.000      0.1595E-07  0.1080E-03
   20.0-    21 2  0.1194E-04   0.000      0.4677E-09  0.1194E-04
