# KN1,E,l,j,2j+1,N =   1  -2.23358   0  0.5   2 551
   9.99999931E-04   0.0000000000000000     
  0.100000001       2.1119968765090691E-004
  0.200000003       3.1760596418627025E-003
  0.300000012       1.6172291260021836E-002
  0.400000006       4.6973019749521464E-002
  0.500000000       9.7455955428422489E-002
  0.600000024      0.16251320464664423     
  0.699999988      0.23359614036042919     
  0.800000012      0.30264172175128173     
  0.899999976      0.36411463422921853     
   1.00000000      0.41526445750368413     
   1.10000002      0.45548653497896391     
   1.20000005      0.48549440485661344     
   1.29999995      0.50663957027120188     
   1.39999998      0.52046047630506820     
   1.50000000      0.52842891007120840     
   1.60000002      0.53183272160949202     
   1.70000005      0.53174025489293653     
   1.79999995      0.52900781761783244     
   1.89999998      0.52430618532422890     
   2.00000000      0.51815270206690500     
   2.09999990      0.51094223931053551     
   2.20000005      0.50297415723495154     
   2.29999995      0.49447471897875994     
   2.40000010      0.48561399804909655     
   2.50000000      0.47652024728345910     
   2.59999990      0.46729010129131310     
   2.70000005      0.45799646469561989     
   2.79999995      0.44869443216602833     
   2.90000010      0.43942571172388029     
   3.00000000      0.43022192192699810     
   3.09999990      0.42110704779936170     
   3.20000005      0.41209927137104413     
   3.29999995      0.40321233861565237     
   3.40000010      0.39445658321892868     
   3.50000000      0.38583969638425253     
   3.59999990      0.37736730849424388     
   3.70000005      0.36904343116750443     
   3.79999995      0.36087079542548839     
   3.90000010      0.35285111226186372     
   4.00000000      0.34498527500338116     
   4.09999990      0.33727351778472370     
   4.19999981      0.32971554071780251     
   4.30000019      0.32231060962794733     
   4.40000010      0.31505763621896737     
   4.50000000      0.30795524305745087     
   4.59999990      0.30100181667874726     
   4.69999981      0.29419555132193803     
   4.80000019      0.28753448519925440     
   4.90000010      0.28101653076600808     
   5.00000000      0.27463950012617450     
   5.09999990      0.26840112645960151     
   5.19999981      0.26229908216661579     
   5.30000019      0.25633099428618694     
   5.40000010      0.25049445763108841     
   5.50000000      0.24478704599852491     
   5.59999990      0.23920632175111026     
   5.69999981      0.23374984400861096     
   5.80000019      0.22841517565144021     
   5.90000010      0.22319988930225312     
   6.00000000      0.21810157242712541     
   6.09999990      0.21311783167577034     
   6.19999981      0.20824629656204430     
   6.30000019      0.20348462257132216     
   6.40000010      0.19883049377008763     
   6.50000000      0.19428162498162754     
   6.59999990      0.18983576358388984     
   6.69999981      0.18549069097754955     
   6.80000019      0.18124422376712007     
   6.90000010      0.17709421469104047     
   7.00000000      0.17303855333350657     
   7.09999990      0.16907516664590302     
   7.19999981      0.16520201930229961     
   7.30000019      0.16141711391088148     
   7.40000010      0.15771849110016867     
   7.50000000      0.15410422949671099     
   7.59999990      0.15057244560882793     
   7.69999981      0.14712129362942891     
   7.80000019      0.14374896516904609     
   7.90000010      0.14045368892924578     
   8.00000000      0.13723373032506303     
   8.10000038      0.13408739106423259     
   8.19999981      0.13101300868999929     
   8.30000019      0.12800895609345864     
   8.39999962      0.12507364100068058     
   8.50000000      0.12220550543925145     
   8.60000038      0.11940302518828763     
   8.69999981      0.11666470921543511     
   8.80000019      0.11398909910400817     
   8.89999962      0.11137476847297446     
   9.00000000      0.10882032239219586     
   9.10000038      0.10632439679497675     
   9.19999981      0.10388565788974230     
   9.30000019      0.10150280157245059     
   9.39999962       9.9174552841089655E-002
   9.50000000       9.6899665213440817E-002
   9.60000038       9.4676920149140295E-002
   9.69999981       9.2505126476916624E-002
   9.80000019       9.0383119827754071E-002
   9.89999962       8.8309762074616077E-002
   10.0000000       8.6283940779276924E-002
   10.1000004       8.4304568646705047E-002
   10.1999998       8.2370582987375943E-002
   10.3000002       8.0480945187824088E-002
   10.3999996       7.8634640189675795E-002
   10.5000000       7.6830675977362595E-002
   10.6000004       7.5068083074654887E-002
   10.6999998       7.3345914050129149E-002
   10.8000002       7.1663243031639470E-002
   10.8999996       7.0019165229830121E-002
   11.0000000       6.8412796470704848E-002
   11.1000004       6.6843272737240542E-002
   11.1999998       6.5309749720014049E-002
   11.3000002       6.3811402376793294E-002
   11.3999996       6.2347424501025116E-002
   11.5000000       6.0917028299143160E-002
   11.6000004       5.9519443976605059E-002
   11.6999998       5.8153919332559596E-002
   11.8000002       5.6819719363035863E-002
   11.8999996       5.5516125872537826E-002
   12.0000000       5.4242437093925566E-002
   12.1000004       5.2997967316456056E-002
   12.1999998       5.1782046521854870E-002
   12.3000002       5.0594020028285058E-002
   12.3999996       4.9433248142080083E-002
   12.5000000       4.8299105817102811E-002
   12.6000004       4.7190982321593355E-002
   12.6999998       4.6108280912367093E-002
   12.8000002       4.5050418516224371E-002
   12.8999996       4.4016825418433062E-002
   13.0000000       4.3006944958145721E-002
   13.1000004       4.2020233230614192E-002
   13.1999998       4.1056158796064231E-002
   13.3000002       4.0114202395095659E-002
   13.3999996       3.9193856670473433E-002
   13.5000000       3.8294625895177001E-002
   13.6000004       3.7416025706577066E-002
   13.6999998       3.6557582846610287E-002
   13.8000002       3.5718834907824730E-002
   13.8999996       3.4899330085170176E-002
   14.0000000       3.4098626933409856E-002
   14.1000004       3.3316294130031808E-002
   14.1999998       3.2551910243540566E-002
   14.3000002       3.1805063507011393E-002
   14.3999996       3.1075351596791843E-002
   14.5000000       3.0362381416237254E-002
   14.6000004       2.9665768884369073E-002
   14.6999998       2.8985138729346872E-002
   14.8000002       2.8320124286647149E-002
   14.8999996       2.7670367301844068E-002
   15.0000000       2.7035517737889449E-002
   15.1000004       2.6415233586791109E-002
   15.1999998       2.5809180685591192E-002
   15.3000002       2.5217032536547758E-002
   15.3999996       2.4638470131425016E-002
   15.5000000       2.4073181779799727E-002
   15.6000004       2.3520862941293054E-002
   15.6999998       2.2981216061639123E-002
   15.8000002       2.2453950412503601E-002
   15.8999996       2.1938781934967250E-002
   16.0000000       2.1435433086591373E-002
   16.1000004       2.0943632691983960E-002
   16.2000008       2.0463115796786870E-002
   16.2999992       1.9993623525006412E-002
   16.3999996       1.9534902939611187E-002
   16.5000000       1.9086706906322901E-002
   16.6000004       1.8648793960527293E-002
   16.7000008       1.8220928177234221E-002
   16.7999992       1.7802879044017283E-002
   16.8999996       1.7394421336864994E-002
   17.0000000       1.6995334998877176E-002
   17.1000004       1.6605405021741432E-002
   17.2000008       1.6224421329926391E-002
   17.2999992       1.5852178667529485E-002
   17.3999996       1.5488476487718681E-002
   17.5000000       1.5133118844708849E-002
   17.6000004       1.4785914288214802E-002
   17.7000008       1.4446675760324323E-002
   17.7999992       1.4115220494735814E-002
   17.8999996       1.3791369918306564E-002
   18.0000000       1.3474949554858541E-002
   18.1000004       1.3165788931190241E-002
   18.2000008       1.2863721485243925E-002
   18.2999992       1.2568584476378960E-002
   18.3999996       1.2280218897703031E-002
   18.5000000       1.1998469390414029E-002
   18.6000004       1.1723184160106618E-002
   18.7000008       1.1454214894998404E-002
   18.7999992       1.1191416686031783E-002
   18.8999996       1.0934647948808425E-002
   19.0000000       1.0683770347314429E-002
   19.1000004       1.0438648719395080E-002
   19.2000008       1.0199151003939153E-002
   19.2999992       9.9651481697335016E-003
   19.3999996       9.7365141459496950E-003
   19.5000000       9.5131257542252611E-003
   19.6000004       9.2948626423030034E-003
   19.7000008       9.0816072191926139E-003
   19.7999992       8.8732445918197258E-003
   19.8999996       8.6696625031282681E-003
   20.0000000       8.4707512716028274E-003
   20.1000004       8.2764037321783942E-003
   20.2000008       8.0865151785057456E-003
   20.2999992       7.9009833065413100E-003
   20.3999996       7.7197081594311927E-003
   20.5000000       7.5425920736596321E-003
   20.6000004       7.3695396264329173E-003
   20.7000008       7.2004575842704224E-003
   20.7999992       7.0352548527750523E-003
   20.8999996       6.8738424275560641E-003
   21.0000000       6.7161333462778501E-003
   21.1000004       6.5620426418087855E-003
   21.2000008       6.4114872964450061E-003
   21.2999992       6.2643861971843559E-003
   21.3999996       6.1206600920265010E-003
   21.5000000       5.9802315472755980E-003
   21.6000004       5.8430249058225824E-003
   21.7000008       5.7089662463845571E-003
   21.7999992       5.5779833436793297E-003
   21.8999996       5.4500056295136868E-003
   22.0000000       5.3249641547643903E-003
   22.1000004       5.2027915522314359E-003
   22.2000008       5.0834220003435904E-003
   22.2999992       4.9667911876966004E-003
   22.3999996       4.8528362784050214E-003
   22.5000000       4.7414958782489693E-003
   22.6000004       4.6327100015975710E-003
   22.7000008       4.5264200390912942E-003
   22.7999992       4.4225687260657353E-003
   22.8999996       4.3211001116998746E-003
   23.0000000       4.2219595288721570E-003
   23.1000004       4.1250935647081776E-003
   23.2000008       4.0304500318040868E-003
   23.2999992       3.9379779401102289E-003
   23.3999996       3.8476274694598548E-003
   23.5000000       3.7593499427281151E-003
   23.6000004       3.6730977996068765E-003
   23.7000008       3.5888245709812198E-003
   23.7999992       3.5064848538938274E-003
   23.8999996       3.4260342870837757E-003
   24.0000000       3.3474295270865357E-003
   24.1000004       3.2706282248823222E-003
   24.2000008       3.1955890030802118E-003
   24.2999992       3.1222714336257206E-003
   24.3999996       3.0506360160198532E-003
   24.5000000       2.9806441560378742E-003
   24.6000004       2.9122581449363373E-003
   24.7000008       2.8454411391371829E-003
   24.7999992       2.7801571403779412E-003
   24.8999996       2.7163709763173582E-003
   25.0000000       2.6540482815859954E-003
   25.1000004       2.5931554792715862E-003
   25.2000008       2.5336597628291845E-003
   25.2999992       2.4755290784063528E-003
   25.3999996       2.4187321075738685E-003
   25.5000000       2.3632382504526462E-003
   25.6000004       2.3090176092277837E-003
   25.7000008       2.2560409720408523E-003
   25.7999992       2.2042797972517516E-003
   25.8999996       2.1537061980616470E-003
   26.0000000       2.1042929274887106E-003
   26.1000004       2.0560133636885725E-003
   26.2000008       2.0088414956115600E-003
   26.2999992       1.9627519089890203E-003
   26.3999996       1.9177197726411525E-003
   26.5000000       1.8737208250989906E-003
   26.6000004       1.8307313615333232E-003
   26.7000008       1.7887282209835020E-003
   26.7999992       1.7476887738792702E-003
   26.8999996       1.7075909098488785E-003
   27.0000000       1.6684130258069272E-003
   27.1000004       1.6301340143155066E-003
   27.2000008       1.5927332522123810E-003
   27.2999992       1.5561905895000719E-003
   27.3999996       1.5204863384898682E-003
   27.5000000       1.4856012631949079E-003
   27.6000004       1.4515165689666164E-003
   27.7000008       1.4182138923689229E-003
   27.7999992       1.3856752912847937E-003
   27.8999996       1.3538832352497547E-003
   28.0000000       1.3228205960071990E-003
   28.1000004       1.2924706382803825E-003
   28.2000008       1.2628170107561443E-003
   28.2999992       1.2338437372754901E-003
   28.3999996       1.2055352082262930E-003
   28.5000000       1.1778761721334737E-003
   28.6000004       1.1508517274421324E-003
   28.7000008       1.1244473144892031E-003
   28.7999992       1.0986487076593012E-003
   28.8999996       1.0734420077205481E-003
   29.0000000       1.0488136343362337E-003
   29.1000004       1.0247503187482882E-003
   29.2000008       1.0012390966286197E-003
   29.2999992       9.7826730109446479E-004
   29.3999996       9.5582255588399286E-004
   29.5000000       9.3389276868848274E-004
   29.6000004       9.1246612463748221E-004
   29.7000008       8.9153107993344136E-004
   29.7999992       8.7107635563238794E-004
   29.8999996       8.5109093156729237E-004
   30.0000000       8.3156404041085622E-004
   30.1000004       8.1248516187451645E-004
   30.2000008       7.9384401704054555E-004
   30.2999992       7.7563056282419168E-004
   30.3999996       7.5783498656287673E-004
   30.5000000       7.4044770072953612E-004
   30.6000004       7.2345933776725153E-004
   30.7000008       7.0686074504239596E-004
   30.7999992       6.9064297991356955E-004
   30.8999996       6.7479730491367123E-004
   31.0000000       6.5931518304250970E-004
   31.1000004       6.4418827316741715E-004
   31.2000008       6.2940842552938942E-004
   31.2999992       6.1496767735232962E-004
   31.3999996       6.0085824855303125E-004
   31.5000000       5.8707253754958742E-004
   31.6000004       5.7360311716597094E-004
   31.7000008       5.6044273063057609E-004
   31.7999992       5.4758428766656748E-004
   31.8999996       5.3502086067192943E-004
   32.0000000       5.2274568098715796E-004
   32.0999985       5.1075213524858485E-004
   32.2000008       4.9903376182536805E-004
   32.2999992       4.8758424733822965E-004
   32.4000015       4.7639742325806714E-004
   32.5000000       4.6546726258260058E-004
   32.5999985       4.5478787658927291E-004
   32.7000008       4.4435351166264675E-004
   32.7999992       4.3415854619459175E-004
   32.9000015       4.2419748755559373E-004
   33.0000000       4.1446496913555010E-004
   33.0999985       4.0495574745246052E-004
   33.2000008       3.9566469932745396E-004
   33.2999992       3.8658681912462990E-004
   33.4000015       3.7771721605422634E-004
   33.5000000       3.6905111153766367E-004
   33.5999985       3.6058383663304142E-004
   33.7000008       3.5231082951970460E-004
   33.7999992       3.4422763304052127E-004
   33.9000015       3.3632989230054900E-004
   34.0000000       3.2861335232079586E-004
   34.0999985       3.2107385574581260E-004
   34.2000008       3.1370734060387956E-004
   34.2999992       3.0650983811858268E-004
   34.4000015       2.9947747057059999E-004
   34.5000000       2.9260644920854471E-004
   34.5999985       2.8589307220774196E-004
   34.7000008       2.7933372267583691E-004
   34.7999992       2.7292486670416158E-004
   34.9000015       2.6666305146380955E-004
   35.0000000       2.6054490334539364E-004
   35.0999985       2.5456712614148314E-004
   35.2000008       2.4872649927074227E-004
   35.2999992       2.4301987604281338E-004
   35.4000015       2.3744418196300883E-004
   35.5000000       2.3199641307589927E-004
   35.5999985       2.2667363434690578E-004
   35.7000008       2.2147297808102341E-004
   35.7999992       2.1639164237782462E-004
   35.9000015       2.1142688962191039E-004
   36.0000000       2.0657604500799487E-004
   36.0999985       2.0183649509983035E-004
   36.2000008       1.9720568642219469E-004
   36.2999992       1.9268112408518353E-004
   36.4000015       1.8826037044006604E-004
   36.5000000       1.8394104376597947E-004
   36.5999985       1.7972081698675575E-004
   36.7000008       1.7559741641718819E-004
   36.7999992       1.7156862053806308E-004
   36.9000015       1.6763225879929612E-004
   37.0000000       1.6378621045052918E-004
   37.0999985       1.6002840339855671E-004
   37.2000008       1.5635681309096702E-004
   37.2999992       1.5276946142539643E-004
   37.4000015       1.4926441568380866E-004
   37.5000000       1.4583978749122567E-004
   37.5999985       1.4249373179834869E-004
   37.7000008       1.3922444588752105E-004
   37.7999992       1.3603016840149802E-004
   37.9000015       1.3290917839449970E-004
   38.0000000       1.2985979440503589E-004
   38.0999985       1.2688037355000354E-004
   38.2000008       1.2396931063956879E-004
   38.2999992       1.2112503731235643E-004
   38.4000015       1.1834602119048103E-004
   38.5000000       1.1563076505396459E-004
   38.5999985       1.1297780603409578E-004
   38.7000008       1.1038571482529621E-004
   38.7999992       1.0785309491506925E-004
   38.9000015       1.0537858183161629E-004
   39.0000000       1.0296084240871518E-004
   39.0999985       1.0059857406746505E-004
   39.2000008       9.8290504114510128E-005
   39.2999992       9.6035389056364719E-005
   39.4000015       9.3832013929469901E-005
   39.5000000       9.1679191645620950E-005
   39.5999985       8.9575762352412882E-005
   39.7000008       8.7520592808359518E-005
   39.7999992       8.5512575772349371E-005
   39.9000015       8.3550629407109641E-005
   40.0000000       8.1633696696356485E-005
   40.0999985       7.9760744875318092E-005
   40.2000008       7.7930764874323282E-005
   40.2999992       7.6142770775156161E-005
   40.4000015       7.4395799279883769E-005
   40.5000000       7.2688909191870709E-005
   40.5999985       7.1021180908700858E-005
   40.7000008       6.9391715926733397E-005
   40.7999992       6.7799636357025823E-005
   40.9000015       6.6244084452363381E-005
   41.0000000       6.4724222145139969E-005
   41.0999985       6.3239230595841760E-005
   41.2000008       6.1788309751890003E-005
   41.2999992       6.0370677916605420E-005
   41.4000015       5.8985571328062176E-005
   41.5000000       5.7632243747604152E-005
   41.5999985       5.6309966057802269E-005
   41.7000008       5.5018025869635794E-005
   41.7999992       5.3755727138686383E-005
   41.9000015       5.2522389790137887E-005
   42.0000000       5.1317349352379894E-005
   42.0999985       5.0139956599017672E-005
   42.2000008       4.8989577199095602E-005
   42.2999992       4.7865591375345629E-005
   42.4000015       4.6767393570276732E-005
   42.5000000       4.5694392119925336E-005
   42.5999985       4.4646008935090995E-005
   42.7000008       4.3621679189885636E-005
   42.7999992       4.2620851017428614E-005
   42.9000015       4.1642985212523297E-005
   43.0000000       4.0687554941155513E-005
   43.0999985       3.9754045456656992E-005
   43.2000008       3.8841953822380890E-005
   43.2999992       3.7950788640740177E-005
   43.4000015       3.7080069788462746E-005
   43.5000000       3.6229328157920700E-005
   43.5999985       3.5398105404394355E-005
   43.7000008       3.4585953699134905E-005
   43.7999992       3.3792435488092681E-005
   43.9000015       3.3017123256180896E-005
   44.0000000       3.2259599296948104E-005
   44.0999985       3.1519455487535047E-005
   44.2000008       3.0796293068794799E-005
   44.2999992       3.0089722430457683E-005
   44.4000015       2.9399362901225235E-005
   44.5000000       2.8724842543680093E-005
   44.5999985       2.8065797953901373E-005
   44.7000008       2.7421874065677537E-005
   44.7999992       2.6792723959211255E-005
   44.9000015       2.6178008674213256E-005
   45.0000000       2.5577397027284417E-005
   45.0999985       2.4990565433487697E-005
   45.2000008       2.4417197732013875E-005
   45.2999992       2.3856985015847039E-005
   45.4000015       2.3309625465338142E-005
   45.5000000       2.2774824185596974E-005
   45.5999985       2.2252293047614857E-005
   45.7000008       2.1741750533032561E-005
   45.7999992       2.1242921582469742E-005
   45.9000015       2.0755537447334219E-005
   46.0000000       2.0279335545031264E-005
   46.0999985       1.9814059317494842E-005
   46.2000008       1.9359458092964670E-005
   46.2999992       1.8915286950934508E-005
   46.4000015       1.8481306590199071E-005
   46.5000000       1.8057283199928311E-005
   46.5999985       1.7642988333699750E-005
   46.7000008       1.7238198786420908E-005
   46.7999992       1.6842696474075534E-005
   46.9000015       1.6456268316228891E-005
   47.0000000       1.6078706121228750E-005
   47.0999985       1.5709806474040261E-005
   47.2000008       1.5349370626654260E-005
   47.2999992       1.4997204391009994E-005
   47.4000015       1.4653118034374567E-005
   47.5000000       1.4316926177122705E-005
   47.5999985       1.3988447692861807E-005
   47.7000008       1.3667505610848487E-005
   47.7999992       1.3353927020643977E-005
   47.9000015       1.3047542978957080E-005
   48.0000000       1.2748188418624436E-005
   48.0999985       1.2455702059679121E-005
   48.2000008       1.2169926322459588E-005
   48.2999992       1.1890707242712226E-005
   48.4000015       1.1617894388641709E-005
   48.5000000       1.1351340779864536E-005
   48.5999985       1.1090902808221995E-005
   48.7000008       1.0836440160410005E-005
   48.7999992       1.0587815742384032E-005
   48.9000015       1.0344895605498459E-005
   49.0000000       1.0107548874340528E-005
   49.0999985       9.8756476762200436E-006
   49.2000008       9.6490670722768049E-006
   49.2999992       9.4276849901686683E-006
   49.4000015       9.2113821583039750E-006
   49.5000000       9.0000420415829041E-006
   49.5999985       8.7935507786131391E-006
   49.7000008       8.5917971203660141E-006
   49.7999992       8.3946723702401014E-006
   49.9000015       8.2020703254999354E-006
   50.0000000       8.0138872200583320E-006
   50.0999985       7.8300216685714777E-006
   50.2000008       7.6503746118166524E-006
   50.2999992       7.4748492633231893E-006
   50.4000015       7.3033510572278875E-006
   50.5000000       7.1357875973268066E-006
   50.5999985       6.9720686072959710E-006
   50.7000008       6.8121058820541952E-006
   50.7999992       6.6558132402417928E-006
   50.9000015       6.5031064777896009E-006
   51.0000000       6.3539033225532712E-006
   51.0999985       6.2081233899884205E-006
   51.2000008       6.0656881398427229E-006
   51.2999992       5.9265208338416446E-006
   51.4000015       5.7905464943450103E-006
   51.5000000       5.6576918639521208E-006
   51.5999985       5.5278853660336692E-006
   51.7000008       5.4010570661691861E-006
   51.7999992       5.2771386344692419E-006
   51.9000015       5.1560633087621001E-006
   52.0000000       5.0377658586250001E-006
   52.0999985       4.9221825502406756E-006
   52.2000008       4.8092511120601872E-006
   52.2999992       4.6989107012535642E-006
   52.4000015       4.5911018709301830E-006
   52.5000000       4.4857665381112170E-006
   52.5999985       4.3828479524369090E-006
   52.7000008       4.2822906655918058E-006
   52.7999992       4.1840405014314739E-006
   52.9000015       4.0880445267946190E-006
   53.0000000       3.9942510229848626E-006
   53.0999985       3.9026094579068331E-006
   53.2000008       3.8130704588415426E-006
   53.2999992       3.7255857858463892E-006
   53.4000015       3.6401083057654523E-006
   53.5000000       3.5565919668360806E-006
   53.5999985       3.4749917738780918E-006
   53.7000008       3.3952637640522130E-006
   53.7999992       3.3173649831747013E-006
   53.9000015       3.2412534625753981E-006
   54.0000000       3.1668881964867200E-006
   54.0999985       3.0942291199514414E-006
   54.2000008       3.0232370872373307E-006
   54.2999992       2.9538738507470386E-006
   54.4000015       2.8861020404118575E-006
   54.5000000       2.8198851435582632E-006
   54.5999985       2.7551874852363799E-006
   54.7000008       2.6919742089997816E-006
   54.7999992       2.6302112581262670E-006
   54.9000015       2.5698653572694930E-006
 &
# KN1,E,l,j,2j+1,N =   1  -2.23358   2  1.5   4 551
   9.99999931E-04   0.0000000000000000     
  0.100000001       7.4163931538388027E-005
  0.200000003       1.1966997119902489E-003
  0.300000012       6.3404371305852110E-003
  0.400000006       1.8951346409537839E-002
  0.500000000       4.0084343101862506E-002
  0.600000024       6.7506344068035726E-002
  0.699999988       9.7122939189136046E-002
  0.800000012      0.12495475792688787     
  0.899999976      0.14831743403467954     
   1.00000000      0.16602869906873946     
   1.10000002      0.17806012522643197     
   1.20000005      0.18505437547761736     
   1.29999995      0.18792975768856704     
   1.39999998      0.18762953761054085     
   1.50000000      0.18499431483383949     
   1.60000002      0.18071545845954459     
   1.70000005      0.17533321203521704     
   1.79999995      0.16925507892817870     
   1.89999998      0.16278052238209589     
   2.00000000      0.15612505330508158     
   2.09999990      0.14944088623199026     
   2.20000005      0.14283347895395307     
   2.29999995      0.13637425981586648     
   2.40000010      0.13011007868144983     
   2.50000000      0.12407026080298150     
   2.59999990      0.11827167368154416     
   2.70000005      0.11272239866491486     
   2.79999995      0.10742436935274537     
   2.90000010      0.10237526273192123     
   3.00000000       9.7569852961848613E-002
   3.09999990       9.3000979814954768E-002
   3.20000005       8.8660241315618019E-002
   3.29999995       8.4538488793603733E-002
   3.40000010       8.0626180231747238E-002
   3.50000000       7.6913631628585208E-002
   3.59999990       7.3391194691020983E-002
   3.70000005       7.0049381364266583E-002
   3.79999995       6.6878949653464526E-002
   3.90000010       6.3870961218662786E-002
   4.00000000       6.1016818455886558E-002
   4.09999990       5.8308286465579860E-002
   4.19999981       5.5737504094985173E-002
   4.30000019       5.3296986931043039E-002
   4.40000010       5.0979624474636116E-002
   4.50000000       4.8778673181820359E-002
   4.59999990       4.6687746542232941E-002
   4.69999981       4.4700803131324289E-002
   4.80000019       4.2812133325928974E-002
   4.90000010       4.1016345223435093E-002
   5.00000000       3.9308350112508605E-002
   5.09999990       3.7683347822763481E-002
   5.19999981       3.6136812161350944E-002
   5.30000019       3.4664476587159918E-002
   5.40000010       3.3262320249505775E-002
   5.50000000       3.1926554471032327E-002
   5.59999990       3.0653609734815856E-002
   5.69999981       2.9440123207450663E-002
   5.80000019       2.8282926822708120E-002
   5.90000010       2.7179035932058171E-002
   6.00000000       2.6125638525158652E-002
   6.09999990       2.5120085007317678E-002
   6.19999981       2.4159878533902078E-002
   6.30000019       2.3242665874151337E-002
   6.40000010       2.2366228792854066E-002
   6.50000000       2.1528475926517261E-002
   6.59999990       2.0727435138334641E-002
   6.69999981       1.9961246319451439E-002
   6.80000019       1.9228154624669543E-002
   6.90000010       1.8526504116715432E-002
   7.00000000       1.7854731793272512E-002
   7.09999990       1.7211361982922918E-002
   7.19999981       1.6595001086366214E-002
   7.30000019       1.6004332640841459E-002
   7.40000010       1.5438112690493704E-002
   7.50000000       1.4895165447393681E-002
   7.59999990       1.4374379218004409E-002
   7.69999981       1.3874702587319149E-002
   7.80000019       1.3395140841197242E-002
   7.90000010       1.2934752610999030E-002
   8.00000000       1.2492646726308662E-002
   8.10000038       1.2067979267084120E-002
   8.19999981       1.1659950798061132E-002
   8.30000019       1.1267803775719192E-002
   8.39999962       1.0890820116255716E-002
   8.50000000       1.0528318914440135E-002
   8.60000038       1.0179654303833082E-002
   8.69999981       9.8442134501134926E-003
   8.80000019       9.5214146671212859E-003
   8.89999962       9.2107056495870678E-003
   9.00000000       8.9115618138096344E-003
   9.10000038       8.6234847397706361E-003
   9.19999981       8.3460007082281056E-003
   9.30000019       8.0786593269022364E-003
   9.39999962       7.8210322394006923E-003
   9.50000000       7.5727119129015939E-003
   9.60000038       7.3333104979008395E-003
   9.69999981       7.1024587563987230E-003
   9.80000019       6.8798050541687035E-003
   9.89999962       6.6650144126375608E-003
   10.0000000       6.4577676171263471E-003
   10.1000004       6.2577603774536484E-003
   10.1999998       6.0647025378664744E-003
   10.3000002       5.8783173329988976E-003
   10.3999996       5.6983406871093283E-003
   10.5000000       5.5245205535857777E-003
   10.6000004       5.3566162928829044E-003
   10.6999998       5.1943980860990396E-003
   10.8000002       5.0376463816123075E-003
   10.8999996       4.8861513736576084E-003
   11.0000000       4.7397125098748733E-003
   11.1000004       4.5981380266281943E-003
   11.1999998       4.4612445106301376E-003
   11.3000002       4.3288564844882081E-003
   11.3999996       4.2008060156134537E-003
   11.5000000       4.0769323463529317E-003
   11.6000004       3.9570815445199980E-003
   11.6999998       3.8411061730328358E-003
   11.8000002       3.7288649773021616E-003
   11.8999996       3.6202225894848773E-003
   12.0000000       3.5150492485778416E-003
   12.1000004       3.4132205357490053E-003
   12.1999998       3.3146171231951890E-003
   12.3000002       3.2191245367902935E-003
   12.3999996       3.1266329305817023E-003
   12.5000000       3.0370368737173232E-003
   12.6000004       2.9502351477974191E-003
   12.6999998       2.8661305551663917E-003
   12.8000002       2.7846297366745311E-003
   12.8999996       2.7056429990664995E-003
   13.0000000       2.6290841508855678E-003
   13.1000004       2.5548703467888046E-003
   13.1999998       2.4829219395857195E-003
   13.3000002       2.4131623396689513E-003
   13.3999996       2.3455178815092186E-003
   13.5000000       2.2799176965816997E-003
   13.6000004       2.2162935927051877E-003
   13.6999998       2.1545799391290811E-003
   13.8000002       2.0947135571805727E-003
   13.8999996       2.0366336163453193E-003
   14.0000000       1.9802815351309430E-003
   14.1000004       1.9256008867571885E-003
   14.1999998       1.8725373093371638E-003
   14.3000002       1.8210384202466152E-003
   14.3999996       1.7710537345254024E-003
   14.5000000       1.7225345870541761E-003
   14.6000004       1.6754340583686770E-003
   14.6999998       1.6297069038779782E-003
   14.8000002       1.5853094863597780E-003
   14.8999996       1.5421997114660911E-003
   15.0000000       1.5003369661716888E-003
   15.1000004       1.4596820600439450E-003
   15.1999998       1.4201971690934716E-003
   15.3000002       1.3818457821302978E-003
   15.3999996       1.3445926495446504E-003
   15.5000000       1.3084037342660766E-003
   15.6000004       1.2732461649435523E-003
   15.6999998       1.2390881911351660E-003
   15.8000002       1.2058991404116034E-003
   15.8999996       1.1736493773645579E-003
   16.0000000       1.1423102643490701E-003
   16.1000004       1.1118541238780350E-003
   16.2000008       1.0822542026484596E-003
   16.2999992       1.0534846370696862E-003
   16.3999996       1.0255204202368269E-003
   16.5000000       9.9833737027189211E-004
   16.6000004       9.7191210001307639E-004
   16.7000008       9.4622198790106100E-004
   16.7999992       9.2124515012656505E-004
   16.8999996       8.9696041386629522E-004
   17.0000000       8.7334729163928565E-004
   17.1000004       8.5038595667058829E-004
   17.2000008       8.2805721929297776E-004
   17.2999992       8.0634250423736664E-004
   17.3999996       7.8522382887439429E-004
   17.5000000       7.6468378229324608E-004
   17.6000004       7.4470550522505832E-004
   17.7000008       7.2527267073065505E-004
   17.7999992       7.0636946567325211E-004
   17.8999996       6.8798057286773614E-004
   18.0000000       6.7009115397407323E-004
   18.1000004       6.5268683300728997E-004
   18.2000008       6.3575368050009960E-004
   18.2999992       6.1927819827588368E-004
   18.3999996       6.0324730477929350E-004
   18.5000000       5.8764832097147192E-004
   18.6000004       5.7246895675441161E-004
   18.7000008       5.5769729791418248E-004
   18.7999992       5.4332179353895615E-004
   18.8999996       5.2933124390918687E-004
   19.0000000       5.1571478882967130E-004
   19.1000004       5.0246189640106747E-004
   19.2000008       4.8956235219259413E-004
   19.2999992       4.7700624881215592E-004
   19.3999996       4.6478397586174300E-004
   19.5000000       4.5288621024735436E-004
   19.6000004       4.4130390684370049E-004
   19.7000008       4.3002828948955125E-004
   19.7999992       4.1905084230769009E-004
   19.8999996       4.0836330133616340E-004
   20.0000000       3.9795764644839178E-004
   20.1000004       3.8782609356132240E-004
   20.2000008       3.7796108712062534E-004
   20.2999992       3.6835529284543638E-004
   20.3999996       3.5900159072597677E-004
   20.5000000       3.4989306826704473E-004
   20.6000004       3.4102301396011765E-004
   20.7000008       3.3238491098798743E-004
   20.7999992       3.2397243113309809E-004
   20.8999996       3.1577942890985764E-004
   21.0000000       3.0779993588450210E-004
   21.1000004       3.0002815519051103E-004
   21.2000008       2.9245845623516417E-004
   21.2999992       2.8508536957768532E-004
   21.3999996       2.7790358198178560E-004
   21.5000000       2.7090793163272358E-004
   21.6000004       2.6409340351840729E-004
   21.7000008       2.5745512495613314E-004
   21.7999992       2.5098836127394804E-004
   21.8999996       2.4468851162931732E-004
   22.0000000       2.3855110496814647E-004
   22.1000004       2.3257179611892620E-004
   22.2000008       2.2674636200929998E-004
   22.2999992       2.2107069800815531E-004
   22.3999996       2.1554081438539125E-004
   22.5000000       2.1015283288546932E-004
   22.6000004       2.0490298341561771E-004
   22.7000008       1.9978760083610113E-004
   22.7999992       1.9480312185407320E-004
   22.8999996       1.8994608201914525E-004
   23.0000000       1.8521311281191681E-004
   23.1000004       1.8060093882296273E-004
   23.2000008       1.7610637502775406E-004
   23.2999992       1.7172632414129969E-004
   23.3999996       1.6745777405921585E-004
   23.5000000       1.6329779537729779E-004
   23.6000004       1.5924353898944676E-004
   23.7000008       1.5529223376124828E-004
   23.7999992       1.5144118427403642E-004
   23.8999996       1.4768776863984803E-004
   24.0000000       1.4402943638590660E-004
   24.1000004       1.4046370640141754E-004
   24.2000008       1.3698816494804507E-004
   24.2999992       1.3360046373141478E-004
   24.3999996       1.3029831803443748E-004
   24.5000000       1.2707950490387855E-004
   24.6000004       1.2394186139266591E-004
   24.7000008       1.2088328285663666E-004
   24.7999992       1.1790172130441268E-004
   24.8999996       1.1499518379370162E-004
   25.0000000       1.1216173087667046E-004
   25.1000004       1.0939947509460206E-004
   25.2000008       1.0670657951483025E-004
   25.2999992       1.0408125631350572E-004
   25.3999996       1.0152176539799363E-004
   25.5000000       9.9026413072574596E-005
   25.6000004       9.6593550743629008E-005
   25.7000008       9.4221573662081547E-005
   25.7999992       9.1908919703565897E-005
   25.8999996       8.9654068184484730E-005
   26.0000000       8.7455538713373344E-005
   26.1000004       8.5311890074779096E-005
   26.2000008       8.3221719147072684E-005
   26.2999992       8.1183659851399132E-005
   26.3999996       7.9196382130831405E-005
   26.5000000       7.7258590960383261E-005
   26.6000004       7.5369025384712307E-005
   26.7000008       7.3526457584119074E-005
   26.7999992       7.1729691967198334E-005
   26.8999996       6.9977564290201396E-005
   27.0000000       6.8268940801898047E-005
   27.1000004       6.6602717412082022E-005
   27.2000008       6.4977818884901618E-005
   27.2999992       6.3393198054696864E-005
   27.3999996       6.1847835064371119E-005
   27.5000000       6.0340736625490838E-005
   27.6000004       5.8870935300062751E-005
   27.7000008       5.7437488801643847E-005
   27.7999992       5.6039479316703356E-005
   27.8999996       5.4676012845803465E-005
   28.0000000       5.3346218562252315E-005
   28.1000004       5.2049248190043078E-005
   28.2000008       5.0784275398434370E-005
   28.2999992       4.9550495213858789E-005
   28.3999996       4.8347123448327044E-005
   28.5000000       4.7173396143971119E-005
   28.6000004       4.6028569032871855E-005
   28.7000008       4.4911917012097866E-005
   28.7999992       4.3822733633333087E-005
   28.8999996       4.2760330606667304E-005
   29.0000000       4.1724037318312979E-005
   29.1000004       4.0713200361657592E-005
   29.2000008       3.9727183081228394E-005
   29.2999992       3.8765365129106887E-005
   29.3999996       3.7827142034154053E-005
   29.5000000       3.6911924782313816E-005
   29.6000004       3.6019139409035695E-005
   29.7000008       3.5148226602862942E-005
   29.7999992       3.4298641319446119E-005
   29.8999996       3.3469852406785321E-005
   30.0000000       3.2661342240178042E-005
   30.1000004       3.1872606367473088E-005
   30.2000008       3.1103153163741141E-005
   30.2999992       3.0352503495567748E-005
   30.3999996       2.9620190394330460E-005
   30.5000000       2.8905758738336776E-005
   30.6000004       2.8208764943810146E-005
   30.7000008       2.7528776664093330E-005
   30.7999992       2.6865372496835949E-005
   30.8999996       2.6218141699210154E-005
   31.0000000       2.5586683911002739E-005
   31.1000004       2.4970608884842058E-005
   31.2000008       2.4369536223955978E-005
   31.2999992       2.3783095126771050E-005
   31.3999996       2.3210924138437907E-005
   31.5000000       2.2652670909019725E-005
   31.6000004       2.2107991958229421E-005
   31.7000008       2.1576552446354611E-005
   31.7999992       2.1058025951364095E-005
   31.8999996       2.0552094251864653E-005
   32.0000000       2.0058447115912914E-005
   32.0999985       1.9576782095449533E-005
   32.2000008       1.9106804326244842E-005
   32.2999992       1.8648226332928102E-005
   32.4000015       1.8200767839541676E-005
   32.5000000       1.7764155584756275E-005
   32.5999985       1.7338123142297512E-005
   32.7000008       1.6922410745780455E-005
   32.7999992       1.6516765118484729E-005
   32.9000015       1.6120939307365848E-005
   33.0000000       1.5734692521678121E-005
   33.0999985       1.5357789975640281E-005
   33.2000008       1.4990002735238306E-005
   33.2999992       1.4631107569293131E-005
   33.4000015       1.4280886804182432E-005
   33.5000000       1.3939128182411274E-005
   33.5999985       1.3605624724949790E-005
   33.7000008       1.3280174597161879E-005
   33.7999992       1.2962580978185324E-005
   33.9000015       1.2652651933858409E-005
   34.0000000       1.2350200292704001E-005
   34.0999985       1.2055043525389060E-005
   34.2000008       1.1767003627226901E-005
   34.2999992       1.1485907003717265E-005
   34.4000015       1.1211584359054867E-005
   34.5000000       1.0943870587537006E-005
   34.5999985       1.0682604667867314E-005
   34.7000008       1.0427629560066083E-005
   34.7999992       1.0178792105161856E-005
   34.9000015       9.9359429273619190E-006
   35.0000000       9.6989363388992507E-006
   35.0999985       9.4676302471798665E-006
   35.2000008       9.2418860644284249E-006
   35.2999992       9.0215686195968498E-006
   35.4000015       8.8065460726377054E-006
   35.5000000       8.5966898308383246E-006
   35.5999985       8.3918744674044479E-006
   35.7000008       8.1919776421070723E-006
   35.7999992       7.9968800239959469E-006
   35.9000015       7.8064652160863192E-006
   36.0000000       7.6206196819066870E-006
   36.0999985       7.4392326739895074E-006
   36.2000008       7.2621961641909091E-006
   36.2999992       7.0894047757610687E-006
   36.4000015       6.9207557172012593E-006
   36.5000000       6.7561487177377327E-006
   36.5999985       6.5954859644915410E-006
   36.7000008       6.4386720412235570E-006
   36.7999992       6.2856138686505759E-006
   36.9000015       6.1362206462906784E-006
   37.0000000       5.9904037957590082E-006
   37.0999985       5.8480769055166964E-006
   37.2000008       5.7091556770447779E-006
   37.2999992       5.5735578723478993E-006
   37.4000015       5.4412032628173519E-006
   37.5000000       5.3120135793484960E-006
   37.5999985       5.1859124637817485E-006
   37.7000008       5.0628254215104219E-006
   37.7999992       4.9426797753331170E-006
   37.9000015       4.8254046204344701E-006
   38.0000000       4.7109307805397009E-006
   38.0999985       4.5991907651547040E-006
   38.2000008       4.4901187278736597E-006
   38.2999992       4.3836504257633869E-006
   38.4000015       4.2797231797434859E-006
   38.5000000       4.1782758359797520E-006
   38.5999985       4.0792487282491907E-006
   38.7000008       3.9825836412478148E-006
   38.7999992       3.8882237748053203E-006
   38.9000015       3.7961137090352862E-006
   39.0000000       3.7061993703139674E-006
   39.0999985       3.6184279981463746E-006
   39.2000008       3.5327481128362169E-006
   39.2999992       3.4491094839985789E-006
   39.4000015       3.3674630998256666E-006
   39.5000000       3.2877611371406617E-006
   39.5999985       3.2099569322008165E-006
   39.7000008       3.1340049522217136E-006
   39.7999992       3.0598607676128447E-006
   39.9000015       2.9874810249175654E-006
   40.0000000       2.9168234204098458E-006
   40.0999985       2.8478466743665363E-006
   40.2000008       2.7805105059738268E-006
   40.2999992       2.7147756088471904E-006
   40.4000015       2.6506036271824316E-006
   40.5000000       2.5879571324842991E-006
   40.5999985       2.5267996008817413E-006
   40.7000008       2.4670953909929090E-006
   40.7999992       2.4088097223637647E-006
   40.9000015       2.3519086544181380E-006
   41.0000000       2.2963590659469077E-006
   41.0999985       2.2421286350887783E-006
   41.2000008       2.1891858198295126E-006
   41.2999992       2.1374998389702173E-006
   41.4000015       2.0870406535612886E-006
   41.5000000       2.0377789488055263E-006
   41.5999985       1.9896861164131524E-006
   41.7000008       1.9427342373838008E-006
   41.7999992       1.8968960652139108E-006
   41.9000015       1.8521450095262443E-006
   42.0000000       1.8084551200929301E-006
   42.0999985       1.7658010712669825E-006
   42.2000008       1.7241581467870943E-006
   42.2999992       1.6835022249597877E-006
   42.4000015       1.6438097642069652E-006
   42.5000000       1.6050577889692910E-006
   42.5999985       1.5672238759568672E-006
   42.7000008       1.5302861407410142E-006
   42.7999992       1.4942232246696412E-006
   42.9000015       1.4590142821105749E-006
   43.0000000       1.4246389680081584E-006
   43.0999985       1.3910774257394450E-006
   43.2000008       1.3583102752741385E-006
   43.2999992       1.3263186016228097E-006
   43.4000015       1.2950839435712301E-006
   43.5000000       1.2645882826905256E-006
   43.5999985       1.2348140326116868E-006
   43.7000008       1.2057440285704155E-006
   43.7999992       1.1773615172031232E-006
   43.9000015       1.1496501465930679E-006
   44.0000000       1.1225939565667184E-006
   44.0999985       1.0961773692163847E-006
   44.2000008       1.0703851796652119E-006
   44.2999992       1.0452025470498081E-006
   44.4000015       1.0206149857293772E-006
   44.5000000       9.9660835670755917E-007
   44.5999985       9.7316885926163033E-007
   44.7000008       9.5028302277990470E-007
   44.7999992       9.2793769879447307E-007
   44.9000015       9.0612005321028164E-007
   45.0000000       8.8481755872573130E-007
   45.0999985       8.6401798743606339E-007
   45.2000008       8.4370940361655622E-007
   45.2999992       8.2388015668016341E-007
   45.4000015       8.0451887431143490E-007
   45.5000000       7.8561445576148714E-007
   45.5999985       7.6715606531365939E-007
   45.7000008       7.4913312590065611E-007
   45.7999992       7.3153531288254924E-007
   45.9000015       7.1435254797170086E-007
   46.0000000       6.9757499330687996E-007
   46.0999985       6.8119304567437757E-007
   46.2000008       6.6519733086648967E-007
   46.2999992       6.4957869817682047E-007
   46.4000015       6.3432821503039236E-007
   46.5000000       6.1943716174168097E-007
   46.5999985       6.0489702640369901E-007
   46.7000008       5.9069949989963231E-007
   46.7999992       5.7683647103290192E-007
   46.9000015       5.6330002177876277E-007
   47.0000000       5.5008242264863550E-007
   47.0999985       5.3717612816673021E-007
   47.2000008       5.2457377245841875E-007
   47.2999992       5.1226816494312691E-007
   47.4000015       5.0025228613158279E-007
   47.5000000       4.8851928352761548E-007
   47.5999985       4.7706246762422195E-007
   47.7000008       4.6587530800114573E-007
   47.7999992       4.5495142951408825E-007
   47.9000015       4.4428460857673853E-007
   48.0000000       4.3386876953259832E-007
   48.0999985       4.2369798111351221E-007
   48.2000008       4.1376645298479388E-007
   48.2999992       4.0406853237522687E-007
   48.4000015       3.9459870078429252E-007
   48.5000000       3.8535157077282738E-007
   48.5999985       3.7632188282956598E-007
   48.7000008       3.6750450231226320E-007
   48.7999992       3.5889441646350705E-007
   48.9000015       3.5048673149974262E-007
   49.0000000       3.4227666976696155E-007
   49.0999985       3.3425956696892119E-007
   49.2000008       3.2643086945884979E-007
   49.2999992       3.1878613159827335E-007
   49.4000015       3.1132101317943750E-007
   49.5000000       3.0403127690834688E-007
   49.5999985       2.9691278594907646E-007
   49.7000008       2.8996150152828982E-007
   49.7999992       2.8317348059495688E-007
   49.9000015       2.7654487353807340E-007
   50.0000000       2.7007192195931877E-007
   50.0999985       2.6375095649856829E-007
   50.2000008       2.5757839471157269E-007
   50.2999992       2.5155073899866701E-007
   50.4000015       2.4566457458378036E-007
   50.5000000       2.3991656754181054E-007
   50.5999985       2.3430346287193824E-007
   50.7000008       2.2882208261952658E-007
   50.7999992       2.2346932404121200E-007
   50.9000015       2.1824215781443175E-007
   51.0000000       2.1313762629078178E-007
   51.0999985       2.0815284178992522E-007
   51.2000008       2.0328498493522216E-007
   51.2999992       1.9853130302926372E-007
   51.4000015       1.9388910846784223E-007
   51.5000000       1.8935577719193388E-007
   51.5999985       1.8492874717731439E-007
   51.7000008       1.8060551695960597E-007
   51.7999992       1.7638364419533928E-007
   51.9000015       1.7226074425705947E-007
   52.0000000       1.6823448886170061E-007
   52.0999985       1.6430260473261172E-007
   52.2000008       1.6046287229277459E-007
   52.2999992       1.5671312438986542E-007
   52.4000015       1.5305124505134150E-007
   52.5000000       1.4947516826954789E-007
   52.5999985       1.4598287681558679E-007
   52.7000008       1.4257240108196159E-007
   52.7999992       1.3924181795256750E-007
   52.9000015       1.3598924969964727E-007
   53.0000000       1.3281286290720637E-007
   53.0999985       1.2971086741987546E-007
   53.2000008       1.2668151531725167E-007
   53.2999992       1.2372309991245072E-007
   53.4000015       1.2083395477453566E-007
   53.5000000       1.1801245277440128E-007
   53.5999985       1.1525700515339083E-007
   53.7000008       1.1256606061390272E-007
   53.7999992       1.0993810443211991E-007
   53.9000015       1.0737165759144075E-007
   54.0000000       1.0486527593675042E-007
   54.0999985       1.0241754934876743E-007
   54.2000008       1.0002710093825692E-007
   54.2999992       9.7692586259219247E-008
   54.4000015       9.5412692540826622E-008
   54.5000000       9.3186137937920607E-008
   54.5999985       9.1011670798888748E-008
   54.7000008       8.8888068951404178E-008
   54.7999992       8.6814139004824250E-008
   54.9000015       8.4788715669440358E-008
 &
# KN1,E,l,j,2j+1,N =   3  -7.64610   1  0.5   2 551
   9.99999931E-04   0.0000000000000000     
  0.100000001       1.3412231236575025E-003
  0.200000003       5.1775008841160727E-003
  0.300000012       1.1551096216381326E-002
  0.400000006       2.0404130691246726E-002
  0.500000000       3.1657807662762535E-002
  0.600000024       4.5213392960243140E-002
  0.699999988       6.0952460257825976E-002
  0.800000012       7.8737638244226721E-002
  0.899999976       9.8413655085539287E-002
   1.00000000      0.11980859047991850     
   1.10000002      0.14273529782737246     
   1.20000005      0.16699297579874881     
   1.29999995      0.19236887499553210     
   1.39999998      0.21864012609858066     
   1.50000000      0.24557567876520914     
   1.60000002      0.27293833839493808     
   1.70000005      0.30048688818746488     
   1.79999995      0.32797828366926929     
   1.89999998      0.35516990549208460     
   2.00000000      0.38182185710119754     
   2.09999990      0.40769929053915938     
   2.20000005      0.43257474559630882     
   2.29999995      0.45623048256227361     
   2.40000010      0.47846079177057543     
   2.50000000      0.49907425677323930     
   2.59999990      0.51789594913215664     
   2.70000005      0.53476952738520112     
   2.79999995      0.54955921072126712     
   2.90000010      0.56215159393705916     
   3.00000000      0.57245726626080884     
   3.09999990      0.58041219167849545     
   3.20000005      0.58597880366827959     
   3.29999995      0.58914676660351717     
   3.40000010      0.58993334786255369     
   3.50000000      0.58838335085070026     
   3.59999990      0.58456855689979859     
   3.70000005      0.57858663205001526     
   3.79999995      0.57055946893335185     
   3.90000010      0.56063094827314952     
   4.00000000      0.54896413284519829     
   4.09999990      0.53573793451574925     
   4.19999981      0.52114333131867463     
   4.30000019      0.50537924794712863     
   4.40000010      0.48864824404411189     
   4.50000000      0.47115218402639697     
   4.59999990      0.45308807485345898     
   4.69999981      0.43464425411544916     
   4.80000019      0.41599709329059537     
   4.90000010      0.39730834373335638     
   5.00000000      0.37872320482804367     
   5.09999990      0.36036913278016475     
   5.19999981      0.34235539547242505     
   5.30000019      0.32477323416270232     
   5.40000010      0.30769659328235854     
   5.50000000      0.29118326146314744     
   5.59999990      0.27527630453998958     
   5.69999981      0.26000567074608816     
   5.80000019      0.24538986526378334     
   5.90000010      0.23143761076864472     
   6.00000000      0.21814943219107769     
   6.09999990      0.20551912343507883     
   6.19999981      0.19353507089164121     
   6.30000019      0.18218142249039690     
   6.40000010      0.17143910122490658     
   6.50000000      0.16128666936684705     
   6.59999990      0.15170105411754919     
   6.69999981      0.14265814816236669     
   6.80000019      0.13413329961061435     
   6.90000010      0.12610170584745078     
   7.00000000      0.11853872510620575     
   7.09999990      0.11142011857969182     
   7.19999981      0.10472223449503577     
   7.30000019       9.8422144224973571E-002
   7.40000010       9.2497739191689216E-002
   7.50000000       8.6927796010035821E-002
   7.59999990       8.1692016178497764E-002
   7.69999981       7.6771045598889406E-002
   7.80000019       7.2146478300033762E-002
   7.90000010       6.7800847962555838E-002
   8.00000000       6.3717610190490478E-002
   8.10000038       5.9881117921928538E-002
   8.19999981       5.6276591894635276E-002
   8.30000019       5.2890087705276631E-002
   8.39999962       4.9708460680551320E-002
   8.50000000       4.6719329519495686E-002
   8.60000038       4.3911039451493820E-002
   8.69999981       4.1272625485919937E-002
   8.80000019       3.8793776184164123E-002
   8.89999962       3.6464798280478779E-002
   9.00000000       3.4276582383406369E-002
   9.10000038       3.2220569921980483E-002
   9.19999981       3.0288721444446748E-002
   9.30000019       2.8473486333816793E-002
   9.39999962       2.6767773969780643E-002
   9.50000000       2.5164926343147088E-002
   9.60000038       2.3658692105395032E-002
   9.69999981       2.2243202024944758E-002
   9.80000019       2.0912945809544708E-002
   9.89999962       1.9662750246535760E-002
   10.0000000       1.8487758608649128E-002
   10.1000004       1.7383411268993110E-002
   10.1999998       1.6345427467920219E-002
   10.3000002       1.5369788173674829E-002
   10.3999996       1.4452719979473217E-002
   10.5000000       1.3590679980283118E-002
   10.6000004       1.2780341575077755E-002
   10.6999998       1.2018581141153110E-002
   10.8000002       1.1302465529328693E-002
   10.8999996       1.0629240332154089E-002
   11.0000000       9.9963188779610482E-003
   11.1000004       9.4012719072541131E-003
   11.1999998       8.8418178899185105E-003
   11.3000002       8.3158139432986857E-003
   11.3999996       7.8212473146341763E-003
   11.5000000       7.3562273923425655E-003
   11.6000004       6.9189782135186196E-003
   11.6999998       6.5078314366296287E-003
   11.8000002       6.1212197501888700E-003
   11.8999996       5.7576706902147702E-003
   12.0000000       5.4158008408427350E-003
   12.1000004       5.0943103942363843E-003
   12.1999998       4.7919780468361952E-003
   12.3000002       4.5076562114034248E-003
   12.3999996       4.2402665244896257E-003
   12.5000000       3.9887956314410000E-003
   12.6000004       3.7522912309484692E-003
   12.6999998       3.5298583634189922E-003
   12.8000002       3.3206559275491053E-003
   12.8999996       3.1238934111481463E-003
   13.0000000       2.9388278226064120E-003
   13.1000004       2.7647608106582482E-003
   13.1999998       2.6010359606326566E-003
   13.3000002       2.4470362562554631E-003
   13.3999996       2.3021816967486275E-003
   13.5000000       2.1659270595070518E-003
   13.6000004       2.0377597994456925E-003
   13.6999998       1.9171980764523385E-003
   13.8000002       1.8037889030687109E-003
   13.8999996       1.6971064050261696E-003
   14.0000000       1.5967501875675451E-003
   14.1000004       1.5023438011256838E-003
   14.1999998       1.4135333002188713E-003
   14.3000002       1.3299858898144115E-003
   14.3999996       1.2513886538056335E-003
   14.5000000       1.1774473605526482E-003
   14.6000004       1.1078853407777754E-003
   14.6999998       1.0424424333740575E-003
   14.8000002       9.8087399498325047E-004
   14.8999996       9.2294996942450199E-004
   15.0000000       8.6845401333834297E-004
   15.1000004       8.1718267462143788E-004
   15.1999998       7.6894462041468407E-004
   15.3000002       7.2355991163808851E-004
   15.3999996       6.8085932124785386E-004
   15.5000000       6.4068369353487522E-004
   15.6000004       6.0288334199792870E-004
   15.6999998       5.6731748343208323E-004
   15.8000002       5.3385370603667816E-004
   15.8999996       5.0236746949397883E-004
   16.0000000       4.7274163506958773E-004
   16.1000004       4.4486602391819802E-004
   16.2000008       4.1863700189699783E-004
   16.2999992       3.9395708927698805E-004
   16.3999996       3.7073459385034027E-004
   16.5000000       3.4888326602029252E-004
   16.6000004       3.2832197455277069E-004
   16.7000008       3.0897440173337378E-004
   16.7999992       2.9076875677435358E-004
   16.8999996       2.7363750635933231E-004
   17.0000000       2.5751712130334163E-004
   17.1000004       2.4234783835210677E-004
   17.2000008       2.2807343621802096E-004
   17.2999992       2.1464102498714650E-004
   17.3999996       2.0200084810396862E-004
   17.5000000       1.9010609617202813E-004
   17.6000004       1.7891273186541157E-004
   17.7000008       1.6837932528098297E-004
   17.7999992       1.5846689910991180E-004
   17.8999996       1.4913878303414986E-004
   18.0000000       1.4036047680279865E-004
   18.1000004       1.3209952146141994E-004
   18.2000008       1.2432537825099498E-004
   18.2999992       1.1700931471656447E-004
   18.3999996       1.1012429759264008E-004
   18.5000000       1.0364489206234248E-004
   18.6000004       9.7547167008611265E-005
   18.7000008       9.1808605900247658E-005
   18.7999992       8.6408022974996881E-005
   18.8999996       8.1325484404484675E-005
   19.0000000       7.6542234143139746E-005
   19.1000004       7.2040624182519400E-005
   19.2000008       6.7804048947290181E-005
   19.2999992       6.3816883586617203E-005
   19.3999996       6.0064425928982608E-005
   19.5000000       5.6532841881479095E-005
   19.6000004       5.3209114069093037E-005
   19.7000008       5.0080993520629761E-005
   19.7999992       4.7136954220234381E-005
   19.8999996       4.4366150353953451E-005
   20.0000000       4.1758376090624791E-005
   20.1000004       3.9304027746776538E-005
   20.2000008       3.6994068193779459E-005
   20.2999992       3.4819993373729174E-005
   20.3999996       3.2773800798863059E-005
   20.5000000       3.0847959916748151E-005
   20.6000004       2.9035384230170652E-005
   20.7000008       2.7329405067908183E-005
   20.7999992       2.5723746907787444E-005
   20.8999996       2.4212504160680395E-005
   21.0000000       2.2790119327964194E-005
   21.1000004       2.1451362451371808E-005
   21.2000008       2.0191311778631890E-005
   21.2999992       1.9005335572487016E-005
   21.3999996       1.7889074995522360E-005
   21.5000000       1.6838428006946715E-005
   21.6000004       1.5849534211467113E-005
   21.7000008       1.4918760603574459E-005
   21.7999992       1.4042688154489715E-005
   21.8999996       1.3218099191617740E-005
   22.0000000       1.2441965523730607E-005
   22.1000004       1.1711437267712646E-005
   22.2000008       1.1023832335192943E-005
   22.2999992       1.0376626540138207E-005
   22.3999996       9.7674442905973168E-006
   22.5000000       9.1940498300371171E-006
   22.6000004       8.6543389958270544E-006
   22.7000008       8.1463314641514495E-006
   22.7999992       7.6681634526579097E-006
   22.8999996       7.2180808537951288E-006
   23.0000000       6.7944327733040271E-006
   23.1000004       6.3956654499237283E-006
   23.2000008       6.0203165338848271E-006
   23.2999992       5.6670097028263932E-006
   23.3999996       5.3344495953120907E-006
   23.5000000       5.0214170431225216E-006
   23.6000004       4.7267645847019240E-006
   23.7000008       4.4494122431505844E-006
   23.7999992       4.1883435531128630E-006
   23.8999996       3.9426018218911463E-006
   24.0000000       3.7112866109639598E-006
   24.1000004       3.4935504248515523E-006
   24.2000008       3.2885955951215420E-006
   24.2999992       3.0956713480118903E-006
   24.3999996       2.9140710448568316E-006
   24.5000000       2.7431295850669136E-006
   24.6000004       2.5822209621066813E-006
   24.7000008       2.4307559634470234E-006
   24.7999992       2.2881800060014320E-006
   24.8999996       2.1539710990213308E-006
   25.0000000       2.0276379269625750E-006
   25.1000004       1.9087180452588047E-006
   25.2000008       1.7967761823104447E-006
   25.2999992       1.6914026414572514E-006
   25.3999996       1.5922117970129239E-006
   25.5000000       1.4988406788451556E-006
   25.6000004       1.4109476402683090E-006
   25.7000008       1.3282111043341334E-006
   25.7999992       1.2503283839091813E-006
   25.8999996       1.1770145711879792E-006
   26.0000000       1.1080014925534294E-006
   26.1000004       1.0430367249272953E-006
   26.2000008       9.8188266999929114E-007
   26.2999992       9.2431568291811607E-007
   26.3999996       8.7012525223720168E-007
   26.5000000       8.1911322810284573E-007
   26.6000004       7.7109309583548753E-007
   26.7000008       7.2588929223683171E-007
   26.7999992       6.8333656210454298E-007
   26.8999996       6.4327935259036778E-007
   27.0000000       6.0557124317252192E-007
   27.1000004       5.7007440914274006E-007
   27.2000008       5.3665911664122471E-007
   27.2999992       5.0520324737808244E-007
   27.3999996       4.7559185129634409E-007
   27.5000000       4.4771672553197599E-007
   27.6000004       4.2147601812507044E-007
   27.7000008       3.9677385502167217E-007
   27.7999992       3.7351998899982904E-007
   27.8999996       3.5162946923036301E-007
   28.0000000       3.3102233025456971E-007
   28.1000004       3.1162329924193721E-007
   28.2000008       2.9336152044823224E-007
   28.2999992       2.7617029586488134E-007
   28.3999996       2.5998684110678488E-007
   28.5000000       2.4475205564270680E-007
   28.6000004       2.3041030652419360E-007
   28.7000008       2.1690922482003188E-007
   28.7999992       2.0419951400892571E-007
   28.8999996       1.9223476962737452E-007
   29.0000000       1.8097130951137020E-007
   29.1000004       1.7036801400887590E-007
   29.2000008       1.6038617557696554E-007
   29.2999992       1.5098935721191740E-007
   29.3999996       1.4214325919409555E-007
   29.5000000       1.3381559365714131E-007
   29.6000004       1.2597596652345281E-007
   29.7000008       1.1859576637228400E-007
   29.7999992       1.1164805983262633E-007
   29.8999996       1.0510749311876870E-007
   30.0000000       9.8950199346264028E-008
   30.1000004       9.3153711289665864E-008
   30.2000008       8.7696879261711296E-008
   30.2999992       8.2559793813570391E-008
   30.3999996       7.7723712972601415E-008
   30.5000000       7.3170993751212545E-008
   30.6000004       6.8885027676163389E-008
   30.7000008       6.4850180101832398E-008
   30.7999992       6.1051733085229349E-008
   30.8999996       5.7475831613797396E-008
   31.0000000       5.4109432989151778E-008
   31.1000004       5.0940259181039487E-008
   31.2000008       4.7956751977546359E-008
   31.2999992       4.5148030767020393E-008
   31.3999996       4.2503852797382742E-008
   31.5000000       4.0014575767322500E-008
   31.6000004       3.7671122612511097E-008
   31.7000008       3.5464948357862967E-008
   31.7999992       3.3388008914653371E-008
   31.8999996       3.1432731708234672E-008
   32.0000000       2.9591988028985296E-008
   32.0999985       2.7859067005300209E-008
   32.2000008       2.6227651103436467E-008
   32.2999992       2.4691793064466490E-008
   32.4000015       2.3245894194265218E-008
   32.5000000       2.1884683926796116E-008
   32.5999985       2.0603200586270576E-008
   32.7000008       1.9396773277543635E-008
   32.7999992       1.8261004838807141E-008
   32.9000015       1.7191755794016272E-008
   33.0000000       1.6185129246574759E-008
   33.0999985       1.5237456658884807E-008
   33.2000008       1.4345284465861141E-008
   33.2999992       1.3505361473555774E-008
   33.4000015       1.2714626996666818E-008
   33.5000000       1.1970199691680498E-008
   33.5999985       1.1269367044840747E-008
   33.7000008       1.0609575476508000E-008
   33.7999992       9.9884210257369506E-009
   33.9000015       9.4036405810878990E-009
   34.0000000       8.8531036255272502E-009
   34.0999985       8.3348044653910283E-009
   34.2000008       7.8468549149320568E-009
   34.2999992       7.3874774097493081E-009
   34.4000015       6.9549985239479851E-009
   34.5000000       6.5478428673537386E-009
   34.5999985       6.1645273405064076E-009
   34.7000008       5.8036557264075058E-009
   34.7999992       5.4639135993217606E-009
   34.9000015       5.1440635319956919E-009
   35.0000000       4.8429405838422692E-009
   35.0999985       4.5594480535613337E-009
   35.2000008       4.2925534807351686E-009
   35.2999992       4.0412848817715865E-009
   35.4000015       3.8047272064793478E-009
   35.5000000       3.5820190023025827E-009
   35.5999985       3.3723492740756443E-009
   35.7000008       3.1749545278160473E-009
   35.7999992       2.9891159877735878E-009
   35.9000015       2.8141569765728144E-009
   36.0000000       2.6494404488802746E-009
   36.0999985       2.4943666696126625E-009
   36.2000008       2.3483710282044705E-009
   36.2999992       2.2109219809558607E-009
   36.4000015       2.0815191139617965E-009
   36.5000000       1.9596913195410227E-009
   36.5999985       1.8449950795246842E-009
   36.7000008       1.7370128491331446E-009
   36.7999992       1.6353515355487748E-009
   36.9000015       1.5396410656341385E-009
   37.0000000       1.4495330375672589E-009
   37.0999985       1.3646994514791622E-009
   37.2000008       1.2848315144641384E-009
   37.2999992       1.2096385155992976E-009
   37.4000015       1.1388467668754958E-009
   37.5000000       1.0721986061717404E-009
   37.5999985       1.0094514586443978E-009
   37.7000008       9.5037695309941250E-010
   37.7999992       8.9476009013283229E-010
   37.9000015       8.4239845900053108E-010
   38.0000000       7.9310150036635100E-010
   38.0999985       7.4668981223675895E-010
   38.2000008       7.0299449655215400E-010
   38.2999992       6.6185654405457189E-010
   38.4000015       6.2312625518614982E-010
   38.5000000       5.8666269490950689E-010
   38.5999985       5.5233317946167220E-010
   38.7000008       5.2001279317038794E-010
   38.7999992       4.8958393357096839E-010
   38.9000015       4.6093588316792660E-010
   39.0000000       4.3396440627674753E-010
   39.0999985       4.0857136947985825E-010
   39.2000008       3.8466438431088683E-010
   39.2999992       3.6215647086730348E-010
   39.4000015       3.4096574112284620E-010
   39.5000000       3.2101510078769895E-010
   39.5999985       3.0223196862918816E-010
   39.7000008       2.8454801222988557E-010
   39.7999992       2.6789889922053689E-010
   39.9000015       2.5222406308167443E-010
   40.0000000       2.3746648265964622E-010
   40.0999985       2.2357247459477466E-010
   40.2000008       2.1049149790462798E-010
   40.2999992       1.9817597001034624E-010
   40.4000015       1.8658109353662822E-010
   40.5000000       1.7566469325339332E-010
   40.5999985       1.6538706256570759E-010
   40.7000008       1.5571081899222932E-010
   40.7999992       1.4660076810657123E-010
   40.9000015       1.3802377544488580E-010
   41.0000000       1.2994864591398576E-010
   41.0999985       1.2234601026003617E-010
   41.2000008       1.1518821818507854E-010
   41.2999992       1.0844923772137097E-010
   41.4000015       1.0210456049724317E-010
   41.5000000       9.6131112549710221E-011
   41.5999985       9.0507170358912570E-011
   41.7000008       8.5212281798373867E-011
   41.7999992       8.0227191713363666E-011
   41.9000015       7.5533771856454970E-011
   42.0000000       7.1114954924868101E-011
   42.0999985       6.6954672459760188E-011
   42.2000008       6.3037796380977267E-011
   42.2999992       5.9350083944576744E-011
   42.4000015       5.5878125922667675E-011
   42.5000000       5.2609297816885304E-011
   42.5999985       4.9531713927876058E-011
   42.7000008       4.6634184113593692E-011
   42.7999992       4.3906173078878180E-011
   42.9000015       4.1337762048239955E-011
   43.0000000       3.8919612682244348E-011
   43.0999985       3.6642933106082219E-011
   43.2000008       3.4499445926772318E-011
   43.2999992       3.2481358122492449E-011
   43.4000015       3.0581332694476104E-011
   43.5000000       2.8792461978255891E-011
   43.5999985       2.7108242517072146E-011
   43.7000008       2.5522551406088546E-011
   43.7999992       2.4029624021212045E-011
   43.9000015       2.2624033051498782E-011
   44.0000000       2.1300668758872540E-011
   44.0999985       2.0054720393187918E-011
   44.2000008       1.8881658695146361E-011
   44.2999992       1.7777219423262319E-011
   44.4000015       1.6737387845019883E-011
   44.5000000       1.5758384135727853E-011
   44.5999985       1.4836649631939200E-011
   44.7000008       1.3968833889442956E-011
   44.7999992       1.3151782498690896E-011
   44.9000015       1.2382525613351795E-011
   45.0000000       1.1658267150248921E-011
   45.0999985       1.0976374621362569E-011
   45.2000008       1.0334369560907945E-011
   45.2999992       9.7299185126529744E-012
   45.4000015       9.1608245447086564E-012
   45.5000000       8.6250192608735564E-012
   45.5999985       8.1205552795215873E-012
   45.7000008       7.6455991526103623E-012
   45.7999992       7.1984246990980349E-012
   45.9000015       6.7774067284779443E-012
   46.0000000       6.3810151316183224E-012
   46.0999985       6.0078093174131035E-012
   46.2000008       5.6564329749851500E-012
   46.2999992       5.3256091423973970E-012
   46.4000015       5.0141355639368020E-012
   46.5000000       4.7208803190720248E-012
   46.5999985       4.4447777072018115E-012
   46.7000008       4.1848243732095514E-012
   46.7999992       3.9400756597287384E-012
   46.9000015       3.7096421728658744E-012
   47.0000000       3.4926865488746488E-012
   47.0999985       3.2884204100267026E-012
   47.2000008       3.0961014986113364E-012
   47.2999992       2.9150309786301953E-012
   47.4000015       2.7445508953783890E-012
   47.5000000       2.5840417836774722E-012
   47.5999985       2.4329204160466842E-012
   47.7000008       2.2906376826408538E-012
   47.7999992       2.1566765952307748E-012
   47.9000015       2.0305504079733307E-012
   48.0000000       1.9118008481357329E-012
   48.0999985       1.7999964503383086E-012
   48.2000008       1.6947309882612557E-012
   48.2999992       1.5956219981124639E-012
   48.4000015       1.5023093884792218E-012
   48.5000000       1.4144541315200818E-012
   48.5999985       1.3317370307297824E-012
   48.7000008       1.2538575607974931E-012
   48.7999992       1.1805327753422492E-012
   48.9000015       1.1114962785540929E-012
   49.0000000       1.0464972569963151E-012
   49.0999985       9.8529956805680084E-013
   49.2000008       9.2768088172606248E-013
   49.2999992       8.7343187258708842E-013
   49.4000015       8.2235545907707639E-013
   49.5000000       7.7426608725385960E-013
   49.5999985       7.2898905646502957E-013
   49.7000008       6.8635988446829667E-013
   49.7999992       6.4622370969189042E-013
   49.9000015       6.0843472846538297E-013
   50.0000000       5.7285566517348345E-013
   50.0999985       5.3935727340598861E-013
   50.2000008       5.0781786629086316E-013
   50.2999992       4.7812287430310784E-013
   50.4000015       4.5016442894221704E-013
   50.5000000       4.2384097076426673E-013
   50.5999985       3.9905688034300447E-013
   50.7000008       3.7572213082073497E-013
   50.7999992       3.5375196078338309E-013
   50.9000015       3.3306656627203058E-013
   51.0000000       3.1359081081157023E-013
   51.0999985       2.9525395240125421E-013
   51.2000008       2.7798938647591628E-013
   51.2999992       2.6173440390311392E-013
   51.4000015       2.4642996313632749E-013
   51.5000000       2.3202047569629874E-013
   51.5999985       2.1845360420101080E-013
   51.7000008       2.0568007220965141E-013
   51.7999992       1.9365348519002045E-013
   51.9000015       1.8233016195821095E-013
   52.0000000       1.7166897597796899E-013
   52.0999985       1.6163120594336722E-013
   52.2000008       1.5218039510113936E-013
   52.2999992       1.4328221880189661E-013
   52.4000015       1.3490435979850093E-013
   52.5000000       1.2701639083862963E-013
   52.5999985       1.1958966412467459E-013
   52.7000008       1.1259720723945672E-013
   52.7999992       1.0601362515931431E-013
   52.9000015       9.9815007998553835E-014
   53.0000000       9.3978844150035614E-014
   53.0999985       8.8483938506148748E-014
   53.2000008       8.3310335463148540E-014
   53.2999992       7.8439246428896872E-014
   53.4000015       7.3852981570638334E-014
   53.5000000       6.9534885554825078E-014
   53.5999985       6.5469277045443407E-014
   53.7000008       6.1641391740954769E-014
   53.7999992       5.8037328742992745E-014
   53.9000015       5.4644000061761864E-014
   54.0000000       5.1449083074782814E-014
   54.0999985       4.8440975766187214E-014
   54.2000008       4.5608754583966230E-014
   54.2999992       4.2942134761976575E-014
   54.4000015       4.0431432962574096E-014
   54.5000000       3.8067532104175966E-014
   54.5999985       3.5841848245846567E-014
   54.7000008       3.3746299408718306E-014
   54.7999992       3.1773276220854513E-014
   54.9000015       2.9915614278979903E-014
 &
