# 361 angles,  3 tensor ranks for 0=projectile
@subtitle   "9Be(6Li,d)13C at 32 MeV DWBA"                                                  
@legend ON
@legend x1 0.2
@legend y1 0.8
@g0 type LOGY
@yaxis ticklabel format power
@legend string   0 "Lab energy =   32.0000"
#legend string   0 "Partition=  2 Excit=  1 near/far= 1"
#  Theta       sigma       iT11        T20         T21         T22         Kyy for projectile
   0.000      0.3379       0.000     -0.3077E-04   0.000       0.000    
  0.5000      0.3376      0.1544E-03 -0.3140E-04  0.1033E-05 -0.2545E-06
   1.000      0.3368      0.3071E-03 -0.3326E-04  0.2072E-05 -0.1004E-05
   1.500      0.3354      0.4569E-03 -0.3633E-04  0.3123E-05 -0.2207E-05
   2.000      0.3335      0.6024E-03 -0.4051E-04  0.4193E-05 -0.3799E-05
   2.500      0.3310      0.7429E-03 -0.4571E-04  0.5287E-05 -0.5692E-05
   3.000      0.3280      0.8778E-03 -0.5182E-04  0.6413E-05 -0.7787E-05
   3.500      0.3245      0.1007E-02 -0.5869E-04  0.7577E-05 -0.9972E-05
   4.000      0.3205      0.1132E-02 -0.6620E-04  0.8789E-05 -0.1214E-04
   4.500      0.3161      0.1252E-02 -0.7422E-04  0.1005E-04 -0.1418E-04
   5.000      0.3111      0.1370E-02 -0.8263E-04  0.1138E-04 -0.1601E-04
   5.500      0.3058      0.1486E-02 -0.9132E-04  0.1278E-04 -0.1756E-04
   6.000      0.3000      0.1602E-02 -0.1002E-03  0.1425E-04 -0.1879E-04
   6.500      0.2938      0.1720E-02 -0.1093E-03  0.1582E-04 -0.1970E-04
   7.000      0.2873      0.1841E-02 -0.1186E-03  0.1747E-04 -0.2033E-04
   7.500      0.2804      0.1965E-02 -0.1282E-03  0.1923E-04 -0.2074E-04
   8.000      0.2733      0.2094E-02 -0.1380E-03  0.2110E-04 -0.2104E-04
   8.500      0.2658      0.2228E-02 -0.1483E-03  0.2310E-04 -0.2138E-04
   9.000      0.2581      0.2366E-02 -0.1593E-03  0.2522E-04 -0.2192E-04
   9.500      0.2502      0.2507E-02 -0.1710E-03  0.2749E-04 -0.2285E-04
   10.00      0.2421      0.2652E-02 -0.1837E-03  0.2991E-04 -0.2435E-04
   10.50      0.2338      0.2798E-02 -0.1977E-03  0.3251E-04 -0.2662E-04
   11.00      0.2254      0.2945E-02 -0.2131E-03  0.3529E-04 -0.2983E-04
   11.50      0.2170      0.3090E-02 -0.2301E-03  0.3827E-04 -0.3411E-04
   12.00      0.2084      0.3234E-02 -0.2490E-03  0.4148E-04 -0.3958E-04
   12.50      0.1999      0.3374E-02 -0.2697E-03  0.4494E-04 -0.4629E-04
   13.00      0.1913      0.3511E-02 -0.2924E-03  0.4868E-04 -0.5427E-04
   13.50      0.1828      0.3645E-02 -0.3171E-03  0.5271E-04 -0.6347E-04
   14.00      0.1744      0.3776E-02 -0.3438E-03  0.5708E-04 -0.7383E-04
   14.50      0.1661      0.3905E-02 -0.3724E-03  0.6181E-04 -0.8523E-04
   15.00      0.1579      0.4035E-02 -0.4030E-03  0.6692E-04 -0.9754E-04
   15.50      0.1498      0.4165E-02 -0.4352E-03  0.7246E-04 -0.1106E-03
   16.00      0.1419      0.4300E-02 -0.4691E-03  0.7845E-04 -0.1243E-03
   16.50      0.1342      0.4439E-02 -0.5045E-03  0.8493E-04 -0.1386E-03
   17.00      0.1267      0.4587E-02 -0.5412E-03  0.9192E-04 -0.1533E-03
   17.50      0.1194      0.4743E-02 -0.5793E-03  0.9946E-04 -0.1685E-03
   18.00      0.1124      0.4909E-02 -0.6187E-03  0.1076E-03 -0.1842E-03
   18.50      0.1057      0.5086E-02 -0.6594E-03  0.1163E-03 -0.2006E-03
   19.00      0.9915E-01  0.5274E-02 -0.7013E-03  0.1256E-03 -0.2177E-03
   19.50      0.9293E-01  0.5471E-02 -0.7447E-03  0.1356E-03 -0.2359E-03
   20.00      0.8699E-01  0.5677E-02 -0.7894E-03  0.1462E-03 -0.2553E-03
   20.50      0.8134E-01  0.5890E-02 -0.8355E-03  0.1575E-03 -0.2762E-03
   21.00      0.7598E-01  0.6107E-02 -0.8831E-03  0.1695E-03 -0.2988E-03
   21.50      0.7092E-01  0.6327E-02 -0.9318E-03  0.1822E-03 -0.3233E-03
   22.00      0.6615E-01  0.6547E-02 -0.9816E-03  0.1955E-03 -0.3497E-03
   22.50      0.6168E-01  0.6766E-02 -0.1032E-02  0.2094E-03 -0.3780E-03
   23.00      0.5750E-01  0.6981E-02 -0.1082E-02  0.2239E-03 -0.4080E-03
   23.50      0.5361E-01  0.7193E-02 -0.1132E-02  0.2389E-03 -0.4393E-03
   24.00      0.5001E-01  0.7399E-02 -0.1180E-02  0.2542E-03 -0.4715E-03
   24.50      0.4668E-01  0.7600E-02 -0.1225E-02  0.2698E-03 -0.5040E-03
   25.00      0.4363E-01  0.7795E-02 -0.1266E-02  0.2853E-03 -0.5359E-03
   25.50      0.4083E-01  0.7985E-02 -0.1302E-02  0.3007E-03 -0.5666E-03
   26.00      0.3829E-01  0.8167E-02 -0.1330E-02  0.3155E-03 -0.5953E-03
   26.50      0.3599E-01  0.8341E-02 -0.1351E-02  0.3296E-03 -0.6210E-03
   27.00      0.3392E-01  0.8503E-02 -0.1362E-02  0.3425E-03 -0.6432E-03
   27.50      0.3207E-01  0.8650E-02 -0.1363E-02  0.3541E-03 -0.6612E-03
   28.00      0.3043E-01  0.8776E-02 -0.1352E-02  0.3638E-03 -0.6745E-03
   28.50      0.2898E-01  0.8876E-02 -0.1331E-02  0.3716E-03 -0.6826E-03
   29.00      0.2771E-01  0.8943E-02 -0.1298E-02  0.3771E-03 -0.6854E-03
   29.50      0.2660E-01  0.8973E-02 -0.1255E-02  0.3802E-03 -0.6827E-03
   30.00      0.2565E-01  0.8959E-02 -0.1201E-02  0.3808E-03 -0.6743E-03
   30.50      0.2484E-01  0.8898E-02 -0.1138E-02  0.3790E-03 -0.6603E-03
   31.00      0.2415E-01  0.8790E-02 -0.1067E-02  0.3749E-03 -0.6407E-03
   31.50      0.2357E-01  0.8634E-02 -0.9893E-03  0.3687E-03 -0.6157E-03
   32.00      0.2309E-01  0.8433E-02 -0.9066E-03  0.3606E-03 -0.5854E-03
   32.50      0.2270E-01  0.8193E-02 -0.8203E-03  0.3510E-03 -0.5503E-03
   33.00      0.2237E-01  0.7920E-02 -0.7318E-03  0.3402E-03 -0.5106E-03
   33.50      0.2210E-01  0.7621E-02 -0.6427E-03  0.3286E-03 -0.4670E-03
   34.00      0.2188E-01  0.7302E-02 -0.5544E-03  0.3166E-03 -0.4203E-03
   34.50      0.2169E-01  0.6970E-02 -0.4682E-03  0.3045E-03 -0.3712E-03
   35.00      0.2153E-01  0.6631E-02 -0.3856E-03  0.2927E-03 -0.3209E-03
   35.50      0.2138E-01  0.6289E-02 -0.3076E-03  0.2814E-03 -0.2701E-03
   36.00      0.2124E-01  0.5946E-02 -0.2355E-03  0.2709E-03 -0.2200E-03
   36.50      0.2110E-01  0.5605E-02 -0.1702E-03  0.2614E-03 -0.1716E-03
   37.00      0.2095E-01  0.5265E-02 -0.1125E-03  0.2533E-03 -0.1255E-03
   37.50      0.2079E-01  0.4927E-02 -0.6299E-04  0.2466E-03 -0.8261E-04
   38.00      0.2061E-01  0.4588E-02 -0.2219E-04  0.2416E-03 -0.4325E-04
   38.50      0.2040E-01  0.4247E-02  0.9674E-05  0.2384E-03 -0.7754E-05
   39.00      0.2018E-01  0.3901E-02  0.3250E-04  0.2373E-03  0.2383E-04
   39.50      0.1992E-01  0.3550E-02  0.4634E-04  0.2383E-03  0.5162E-04
   40.00      0.1964E-01  0.3190E-02  0.5139E-04  0.2418E-03  0.7589E-04
   40.50      0.1933E-01  0.2821E-02  0.4789E-04  0.2478E-03  0.9700E-04
   41.00      0.1899E-01  0.2441E-02  0.3614E-04  0.2564E-03  0.1154E-03
   41.50      0.1863E-01  0.2049E-02  0.1639E-04  0.2680E-03  0.1314E-03
   42.00      0.1824E-01  0.1645E-02 -0.1116E-04  0.2827E-03  0.1454E-03
   42.50      0.1783E-01  0.1228E-02 -0.4645E-04  0.3006E-03  0.1575E-03
   43.00      0.1740E-01  0.7991E-03 -0.8953E-04  0.3219E-03  0.1678E-03
   43.50      0.1695E-01  0.3569E-03 -0.1406E-03  0.3469E-03  0.1761E-03
   44.00      0.1649E-01 -0.9818E-04 -0.2001E-03  0.3757E-03  0.1819E-03
   44.50      0.1602E-01 -0.5663E-03 -0.2686E-03  0.4086E-03  0.1846E-03
   45.00      0.1554E-01 -0.1047E-02 -0.3465E-03  0.4457E-03  0.1837E-03
   45.50      0.1507E-01 -0.1542E-02 -0.4346E-03  0.4872E-03  0.1781E-03
   46.00      0.1459E-01 -0.2049E-02 -0.5335E-03  0.5333E-03  0.1672E-03
   46.50      0.1411E-01 -0.2569E-02 -0.6437E-03  0.5842E-03  0.1501E-03
   47.00      0.1364E-01 -0.3102E-02 -0.7654E-03  0.6399E-03  0.1262E-03
   47.50      0.1318E-01 -0.3646E-02 -0.8988E-03  0.7004E-03  0.9489E-04
   48.00      0.1274E-01 -0.4199E-02 -0.1043E-02  0.7658E-03  0.5606E-04
   48.50      0.1230E-01 -0.4759E-02 -0.1199E-02  0.8360E-03  0.9691E-05
   49.00      0.1189E-01 -0.5323E-02 -0.1364E-02  0.9108E-03 -0.4396E-04
   49.50      0.1149E-01 -0.5886E-02 -0.1538E-02  0.9899E-03 -0.1044E-03
   50.00      0.1112E-01 -0.6444E-02 -0.1718E-02  0.1073E-02 -0.1709E-03
   50.50      0.1076E-01 -0.6991E-02 -0.1903E-02  0.1159E-02 -0.2428E-03
   51.00      0.1043E-01 -0.7521E-02 -0.2091E-02  0.1248E-02 -0.3192E-03
   51.50      0.1012E-01 -0.8026E-02 -0.2280E-02  0.1339E-02 -0.3993E-03
   52.00      0.9836E-02 -0.8502E-02 -0.2467E-02  0.1431E-02 -0.4825E-03
   52.50      0.9574E-02 -0.8940E-02 -0.2651E-02  0.1523E-02 -0.5682E-03
   53.00      0.9334E-02 -0.9335E-02 -0.2829E-02  0.1614E-02 -0.6557E-03
   53.50      0.9117E-02 -0.9681E-02 -0.3000E-02  0.1703E-02 -0.7447E-03
   54.00      0.8923E-02 -0.9974E-02 -0.3162E-02  0.1790E-02 -0.8347E-03
   54.50      0.8750E-02 -0.1021E-01 -0.3312E-02  0.1872E-02 -0.9251E-03
   55.00      0.8597E-02 -0.1038E-01 -0.3451E-02  0.1949E-02 -0.1015E-02
   55.50      0.8465E-02 -0.1049E-01 -0.3575E-02  0.2020E-02 -0.1104E-02
   56.00      0.8351E-02 -0.1054E-01 -0.3684E-02  0.2084E-02 -0.1191E-02
   56.50      0.8255E-02 -0.1053E-01 -0.3777E-02  0.2141E-02 -0.1274E-02
   57.00      0.8176E-02 -0.1045E-01 -0.3851E-02  0.2190E-02 -0.1352E-02
   57.50      0.8112E-02 -0.1031E-01 -0.3907E-02  0.2230E-02 -0.1424E-02
   58.00      0.8063E-02 -0.1011E-01 -0.3943E-02  0.2261E-02 -0.1488E-02
   58.50      0.8028E-02 -0.9854E-02 -0.3959E-02  0.2284E-02 -0.1543E-02
   59.00      0.8005E-02 -0.9549E-02 -0.3956E-02  0.2298E-02 -0.1589E-02
   59.50      0.7993E-02 -0.9197E-02 -0.3934E-02  0.2302E-02 -0.1626E-02
   60.00      0.7992E-02 -0.8804E-02 -0.3894E-02  0.2298E-02 -0.1653E-02
   60.50      0.8000E-02 -0.8376E-02 -0.3837E-02  0.2286E-02 -0.1671E-02
   61.00      0.8017E-02 -0.7918E-02 -0.3767E-02  0.2266E-02 -0.1681E-02
   61.50      0.8041E-02 -0.7437E-02 -0.3683E-02  0.2238E-02 -0.1683E-02
   62.00      0.8071E-02 -0.6939E-02 -0.3590E-02  0.2203E-02 -0.1681E-02
   62.50      0.8106E-02 -0.6430E-02 -0.3488E-02  0.2161E-02 -0.1673E-02
   63.00      0.8146E-02 -0.5914E-02 -0.3379E-02  0.2114E-02 -0.1662E-02
   63.50      0.8190E-02 -0.5397E-02 -0.3266E-02  0.2061E-02 -0.1648E-02
   64.00      0.8236E-02 -0.4883E-02 -0.3149E-02  0.2003E-02 -0.1631E-02
   64.50      0.8284E-02 -0.4374E-02 -0.3030E-02  0.1941E-02 -0.1611E-02
   65.00      0.8333E-02 -0.3873E-02 -0.2908E-02  0.1876E-02 -0.1588E-02
   65.50      0.8382E-02 -0.3382E-02 -0.2784E-02  0.1807E-02 -0.1562E-02
   66.00      0.8429E-02 -0.2902E-02 -0.2658E-02  0.1735E-02 -0.1531E-02
   66.50      0.8476E-02 -0.2433E-02 -0.2529E-02  0.1661E-02 -0.1496E-02
   67.00      0.8519E-02 -0.1975E-02 -0.2399E-02  0.1585E-02 -0.1454E-02
   67.50      0.8559E-02 -0.1529E-02 -0.2267E-02  0.1507E-02 -0.1407E-02
   68.00      0.8594E-02 -0.1095E-02 -0.2132E-02  0.1428E-02 -0.1354E-02
   68.50      0.8624E-02 -0.6719E-03 -0.1997E-02  0.1348E-02 -0.1295E-02
   69.00      0.8649E-02 -0.2611E-03 -0.1861E-02  0.1266E-02 -0.1231E-02
   69.50      0.8666E-02  0.1371E-03 -0.1725E-02  0.1184E-02 -0.1164E-02
   70.00      0.8676E-02  0.5218E-03 -0.1591E-02  0.1102E-02 -0.1094E-02
   70.50      0.8677E-02  0.8918E-03 -0.1461E-02  0.1018E-02 -0.1023E-02
   71.00      0.8670E-02  0.1246E-02 -0.1334E-02  0.9342E-03 -0.9530E-03
   71.50      0.8653E-02  0.1584E-02 -0.1214E-02  0.8498E-03 -0.8852E-03
   72.00      0.8626E-02  0.1903E-02 -0.1099E-02  0.7648E-03 -0.8210E-03
   72.50      0.8589E-02  0.2204E-02 -0.9925E-03  0.6794E-03 -0.7610E-03
   73.00      0.8541E-02  0.2486E-02 -0.8933E-03  0.5934E-03 -0.7059E-03
   73.50      0.8481E-02  0.2750E-02 -0.8017E-03  0.5068E-03 -0.6556E-03
   74.00      0.8410E-02  0.2997E-02 -0.7172E-03  0.4195E-03 -0.6095E-03
   74.50      0.8328E-02  0.3227E-02 -0.6389E-03  0.3314E-03 -0.5667E-03
   75.00      0.8234E-02  0.3445E-02 -0.5658E-03  0.2422E-03 -0.5260E-03
   75.50      0.8128E-02  0.3651E-02 -0.4964E-03  0.1518E-03 -0.4856E-03
   76.00      0.8011E-02  0.3851E-02 -0.4295E-03  0.5985E-04 -0.4440E-03
   76.50      0.7883E-02  0.4046E-02 -0.3636E-03 -0.3398E-04 -0.3996E-03
   77.00      0.7744E-02  0.4241E-02 -0.2974E-03 -0.1300E-03 -0.3509E-03
   77.50      0.7595E-02  0.4439E-02 -0.2301E-03 -0.2287E-03 -0.2968E-03
   78.00      0.7435E-02  0.4643E-02 -0.1612E-03 -0.3305E-03 -0.2366E-03
   78.50      0.7267E-02  0.4855E-02 -0.9030E-04 -0.4360E-03 -0.1702E-03
   79.00      0.7089E-02  0.5078E-02 -0.1783E-04 -0.5455E-03 -0.9767E-04
   79.50      0.6904E-02  0.5312E-02  0.5553E-04 -0.6597E-03 -0.1996E-04
   80.00      0.6712E-02  0.5558E-02  0.1287E-03 -0.7791E-03  0.6181E-04
   80.50      0.6515E-02  0.5814E-02  0.2003E-03 -0.9044E-03  0.1461E-03
   81.00      0.6312E-02  0.6081E-02  0.2688E-03 -0.1036E-02  0.2314E-03
   81.50      0.6105E-02  0.6356E-02  0.3327E-03 -0.1175E-02  0.3158E-03
   82.00      0.5896E-02  0.6639E-02  0.3903E-03 -0.1321E-02  0.3980E-03
   82.50      0.5685E-02  0.6926E-02  0.4403E-03 -0.1475E-02  0.4766E-03
   83.00      0.5473E-02  0.7218E-02  0.4819E-03 -0.1638E-02  0.5510E-03
   83.50      0.5262E-02  0.7513E-02  0.5143E-03 -0.1810E-02  0.6208E-03
   84.00      0.5053E-02  0.7812E-02  0.5375E-03 -0.1992E-02  0.6866E-03
   84.50      0.4846E-02  0.8115E-02  0.5519E-03 -0.2183E-02  0.7492E-03
   85.00      0.4644E-02  0.8426E-02  0.5581E-03 -0.2385E-02  0.8101E-03
   85.50      0.4446E-02  0.8747E-02  0.5573E-03 -0.2596E-02  0.8713E-03
   86.00      0.4254E-02  0.9082E-02  0.5507E-03 -0.2818E-02  0.9350E-03
   86.50      0.4068E-02  0.9434E-02  0.5396E-03 -0.3049E-02  0.1003E-02
   87.00      0.3890E-02  0.9808E-02  0.5252E-03 -0.3289E-02  0.1078E-02
   87.50      0.3721E-02  0.1021E-01  0.5083E-03 -0.3537E-02  0.1161E-02
   88.00      0.3560E-02  0.1063E-01  0.4892E-03 -0.3791E-02  0.1252E-02
   88.50      0.3409E-02  0.1108E-01  0.4677E-03 -0.4050E-02  0.1351E-02
   89.00      0.3269E-02  0.1155E-01  0.4427E-03 -0.4310E-02  0.1458E-02
   89.50      0.3138E-02  0.1204E-01  0.4128E-03 -0.4570E-02  0.1569E-02
   90.00      0.3019E-02  0.1254E-01  0.3759E-03 -0.4824E-02  0.1682E-02
   90.50      0.2911E-02  0.1303E-01  0.3295E-03 -0.5070E-02  0.1791E-02
   91.00      0.2814E-02  0.1351E-01  0.2713E-03 -0.5302E-02  0.1894E-02
   91.50      0.2728E-02  0.1396E-01  0.1990E-03 -0.5517E-02  0.1984E-02
   92.00      0.2654E-02  0.1437E-01  0.1112E-03 -0.5708E-02  0.2057E-02
   92.50      0.2591E-02  0.1472E-01  0.7324E-05 -0.5873E-02  0.2111E-02
   93.00      0.2539E-02  0.1501E-01 -0.1122E-03 -0.6006E-02  0.2143E-02
   93.50      0.2498E-02  0.1524E-01 -0.2458E-03 -0.6106E-02  0.2151E-02
   94.00      0.2467E-02  0.1540E-01 -0.3905E-03 -0.6169E-02  0.2136E-02
   94.50      0.2445E-02  0.1551E-01 -0.5428E-03 -0.6195E-02  0.2101E-02
   95.00      0.2433E-02  0.1556E-01 -0.6982E-03 -0.6184E-02  0.2048E-02
   95.50      0.2430E-02  0.1556E-01 -0.8523E-03 -0.6137E-02  0.1981E-02
   96.00      0.2435E-02  0.1554E-01 -0.1001E-02 -0.6055E-02  0.1904E-02
   96.50      0.2447E-02  0.1548E-01 -0.1139E-02 -0.5942E-02  0.1821E-02
   97.00      0.2466E-02  0.1541E-01 -0.1265E-02 -0.5802E-02  0.1736E-02
   97.50      0.2490E-02  0.1534E-01 -0.1376E-02 -0.5637E-02  0.1652E-02
   98.00      0.2520E-02  0.1525E-01 -0.1470E-02 -0.5453E-02  0.1570E-02
   98.50      0.2554E-02  0.1516E-01 -0.1548E-02 -0.5251E-02  0.1492E-02
   99.00      0.2591E-02  0.1505E-01 -0.1609E-02 -0.5037E-02  0.1419E-02
   99.50      0.2632E-02  0.1494E-01 -0.1656E-02 -0.4814E-02  0.1349E-02
   100.0      0.2674E-02  0.1481E-01 -0.1689E-02 -0.4583E-02  0.1284E-02
   100.5      0.2717E-02  0.1465E-01 -0.1710E-02 -0.4349E-02  0.1220E-02
   101.0      0.2762E-02  0.1448E-01 -0.1723E-02 -0.4112E-02  0.1157E-02
   101.5      0.2806E-02  0.1428E-01 -0.1728E-02 -0.3875E-02  0.1093E-02
   102.0      0.2849E-02  0.1406E-01 -0.1728E-02 -0.3639E-02  0.1027E-02
   102.5      0.2892E-02  0.1383E-01 -0.1724E-02 -0.3404E-02  0.9574E-03
   103.0      0.2932E-02  0.1357E-01 -0.1717E-02 -0.3173E-02  0.8836E-03
   103.5      0.2971E-02  0.1331E-01 -0.1709E-02 -0.2945E-02  0.8053E-03
   104.0      0.3007E-02  0.1305E-01 -0.1699E-02 -0.2720E-02  0.7225E-03
   104.5      0.3040E-02  0.1280E-01 -0.1688E-02 -0.2499E-02  0.6358E-03
   105.0      0.3069E-02  0.1256E-01 -0.1673E-02 -0.2283E-02  0.5463E-03
   105.5      0.3096E-02  0.1234E-01 -0.1656E-02 -0.2070E-02  0.4555E-03
   106.0      0.3118E-02  0.1215E-01 -0.1633E-02 -0.1862E-02  0.3651E-03
   106.5      0.3137E-02  0.1198E-01 -0.1603E-02 -0.1657E-02  0.2772E-03
   107.0      0.3152E-02  0.1184E-01 -0.1565E-02 -0.1456E-02  0.1940E-03
   107.5      0.3163E-02  0.1172E-01 -0.1516E-02 -0.1260E-02  0.1177E-03
   108.0      0.3170E-02  0.1163E-01 -0.1455E-02 -0.1067E-02  0.5012E-04
   108.5      0.3174E-02  0.1156E-01 -0.1381E-02 -0.8781E-03 -0.7069E-05
   109.0      0.3173E-02  0.1150E-01 -0.1292E-02 -0.6932E-03 -0.5275E-04
   109.5      0.3169E-02  0.1143E-01 -0.1188E-02 -0.5122E-03 -0.8637E-04
   110.0      0.3162E-02  0.1136E-01 -0.1070E-02 -0.3353E-03 -0.1080E-03
   110.5      0.3151E-02  0.1128E-01 -0.9370E-03 -0.1626E-03 -0.1185E-03
   111.0      0.3138E-02  0.1118E-01 -0.7913E-03  0.5604E-05 -0.1193E-03
   111.5      0.3121E-02  0.1106E-01 -0.6344E-03  0.1692E-03 -0.1122E-03
   112.0      0.3103E-02  0.1091E-01 -0.4683E-03  0.3279E-03 -0.9973E-04
   112.5      0.3082E-02  0.1072E-01 -0.2953E-03  0.4815E-03 -0.8429E-04
   113.0      0.3060E-02  0.1052E-01 -0.1177E-03  0.6295E-03 -0.6838E-04
   113.5      0.3036E-02  0.1028E-01  0.6233E-04  0.7717E-03 -0.5414E-04
   114.0      0.3011E-02  0.1002E-01  0.2432E-03  0.9077E-03 -0.4319E-04
   114.5      0.2986E-02  0.9745E-02  0.4236E-03  0.1037E-02 -0.3636E-04
   115.0      0.2960E-02  0.9453E-02  0.6032E-03  0.1160E-02 -0.3358E-04
   115.5      0.2934E-02  0.9150E-02  0.7821E-03  0.1275E-02 -0.3378E-04
   116.0      0.2908E-02  0.8838E-02  0.9614E-03  0.1382E-02 -0.3500E-04
   116.5      0.2883E-02  0.8521E-02  0.1143E-02  0.1481E-02 -0.3442E-04
   117.0      0.2858E-02  0.8197E-02  0.1327E-02  0.1571E-02 -0.2867E-04
   117.5      0.2834E-02  0.7866E-02  0.1518E-02  0.1652E-02 -0.1411E-04
   118.0      0.2810E-02  0.7525E-02  0.1717E-02  0.1723E-02  0.1280E-04
   118.5      0.2788E-02  0.7173E-02  0.1925E-02  0.1785E-02  0.5515E-04
   119.0      0.2767E-02  0.6806E-02  0.2144E-02  0.1836E-02  0.1152E-03
   119.5      0.2747E-02  0.6421E-02  0.2372E-02  0.1877E-02  0.1941E-03
   120.0      0.2729E-02  0.6015E-02  0.2610E-02  0.1907E-02  0.2919E-03
   120.5      0.2711E-02  0.5587E-02  0.2855E-02  0.1925E-02  0.4072E-03
   121.0      0.2695E-02  0.5137E-02  0.3105E-02  0.1933E-02  0.5373E-03
   121.5      0.2681E-02  0.4666E-02  0.3355E-02  0.1931E-02  0.6789E-03
   122.0      0.2667E-02  0.4176E-02  0.3601E-02  0.1918E-02  0.8276E-03
   122.5      0.2656E-02  0.3671E-02  0.3839E-02  0.1894E-02  0.9791E-03
   123.0      0.2645E-02  0.3156E-02  0.4066E-02  0.1861E-02  0.1129E-02
   123.5      0.2636E-02  0.2634E-02  0.4277E-02  0.1819E-02  0.1275E-02
   124.0      0.2628E-02  0.2112E-02  0.4472E-02  0.1769E-02  0.1412E-02
   124.5      0.2622E-02  0.1592E-02  0.4647E-02  0.1712E-02  0.1541E-02
   125.0      0.2617E-02  0.1078E-02  0.4804E-02  0.1647E-02  0.1661E-02
   125.5      0.2613E-02  0.5736E-03  0.4944E-02  0.1578E-02  0.1774E-02
   126.0      0.2610E-02  0.7871E-04  0.5069E-02  0.1503E-02  0.1881E-02
   126.5      0.2608E-02 -0.4057E-03  0.5180E-02  0.1424E-02  0.1986E-02
   127.0      0.2608E-02 -0.8799E-03  0.5282E-02  0.1343E-02  0.2092E-02
   127.5      0.2608E-02 -0.1344E-02  0.5378E-02  0.1259E-02  0.2201E-02
   128.0      0.2610E-02 -0.1800E-02  0.5469E-02  0.1174E-02  0.2317E-02
   128.5      0.2612E-02 -0.2247E-02  0.5557E-02  0.1088E-02  0.2441E-02
   129.0      0.2615E-02 -0.2685E-02  0.5643E-02  0.1001E-02  0.2572E-02
   129.5      0.2620E-02 -0.3114E-02  0.5727E-02  0.9156E-03  0.2711E-02
   130.0      0.2625E-02 -0.3531E-02  0.5806E-02  0.8310E-03  0.2854E-02
   130.5      0.2631E-02 -0.3933E-02  0.5879E-02  0.7481E-03  0.2997E-02
   131.0      0.2639E-02 -0.4317E-02  0.5943E-02  0.6674E-03  0.3138E-02
   131.5      0.2647E-02 -0.4681E-02  0.5995E-02  0.5896E-03  0.3270E-02
   132.0      0.2657E-02 -0.5019E-02  0.6031E-02  0.5152E-03  0.3390E-02
   132.5      0.2668E-02 -0.5328E-02  0.6050E-02  0.4448E-03  0.3493E-02
   133.0      0.2681E-02 -0.5606E-02  0.6050E-02  0.3789E-03  0.3578E-02
   133.5      0.2695E-02 -0.5851E-02  0.6031E-02  0.3181E-03  0.3642E-02
   134.0      0.2712E-02 -0.6062E-02  0.5993E-02  0.2627E-03  0.3686E-02
   134.5      0.2730E-02 -0.6238E-02  0.5939E-02  0.2133E-03  0.3710E-02
   135.0      0.2750E-02 -0.6381E-02  0.5872E-02  0.1700E-03  0.3718E-02
   135.5      0.2773E-02 -0.6494E-02  0.5795E-02  0.1331E-03  0.3712E-02
   136.0      0.2798E-02 -0.6577E-02  0.5711E-02  0.1027E-03  0.3697E-02
   136.5      0.2826E-02 -0.6633E-02  0.5625E-02  0.7868E-04  0.3675E-02
   137.0      0.2856E-02 -0.6666E-02  0.5538E-02  0.6097E-04  0.3650E-02
   137.5      0.2890E-02 -0.6677E-02  0.5453E-02  0.4930E-04  0.3623E-02
   138.0      0.2926E-02 -0.6668E-02  0.5370E-02  0.4335E-04  0.3596E-02
   138.5      0.2964E-02 -0.6640E-02  0.5290E-02  0.4272E-04  0.3566E-02
   139.0      0.3006E-02 -0.6594E-02  0.5210E-02  0.4697E-04  0.3533E-02
   139.5      0.3051E-02 -0.6531E-02  0.5130E-02  0.5565E-04  0.3494E-02
   140.0      0.3099E-02 -0.6450E-02  0.5046E-02  0.6829E-04  0.3446E-02
   140.5      0.3150E-02 -0.6351E-02  0.4955E-02  0.8443E-04  0.3386E-02
   141.0      0.3204E-02 -0.6235E-02  0.4857E-02  0.1036E-03  0.3311E-02
   141.5      0.3261E-02 -0.6103E-02  0.4749E-02  0.1255E-03  0.3219E-02
   142.0      0.3321E-02 -0.5956E-02  0.4632E-02  0.1496E-03  0.3110E-02
   142.5      0.3384E-02 -0.5795E-02  0.4505E-02  0.1755E-03  0.2985E-02
   143.0      0.3449E-02 -0.5623E-02  0.4371E-02  0.2030E-03  0.2845E-02
   143.5      0.3517E-02 -0.5442E-02  0.4233E-02  0.2315E-03  0.2695E-02
   144.0      0.3587E-02 -0.5254E-02  0.4093E-02  0.2608E-03  0.2539E-02
   144.5      0.3659E-02 -0.5063E-02  0.3956E-02  0.2904E-03  0.2380E-02
   145.0      0.3733E-02 -0.4869E-02  0.3825E-02  0.3200E-03  0.2225E-02
   145.5      0.3808E-02 -0.4677E-02  0.3703E-02  0.3492E-03  0.2077E-02
   146.0      0.3884E-02 -0.4486E-02  0.3592E-02  0.3776E-03  0.1939E-02
   146.5      0.3961E-02 -0.4298E-02  0.3493E-02  0.4048E-03  0.1813E-02
   147.0      0.4038E-02 -0.4113E-02  0.3405E-02  0.4306E-03  0.1701E-02
   147.5      0.4115E-02 -0.3932E-02  0.3329E-02  0.4546E-03  0.1600E-02
   148.0      0.4192E-02 -0.3756E-02  0.3261E-02  0.4765E-03  0.1510E-02
   148.5      0.4268E-02 -0.3582E-02  0.3198E-02  0.4963E-03  0.1427E-02
   149.0      0.4343E-02 -0.3413E-02  0.3137E-02  0.5137E-03  0.1347E-02
   149.5      0.4416E-02 -0.3248E-02  0.3075E-02  0.5288E-03  0.1268E-02
   150.0      0.4486E-02 -0.3087E-02  0.3008E-02  0.5415E-03  0.1184E-02
   150.5      0.4555E-02 -0.2931E-02  0.2934E-02  0.5519E-03  0.1093E-02
   151.0      0.4620E-02 -0.2782E-02  0.2851E-02  0.5601E-03  0.9938E-03
   151.5      0.4682E-02 -0.2639E-02  0.2759E-02  0.5662E-03  0.8849E-03
   152.0      0.4740E-02 -0.2505E-02  0.2658E-02  0.5704E-03  0.7671E-03
   152.5      0.4794E-02 -0.2381E-02  0.2549E-02  0.5729E-03  0.6422E-03
   153.0      0.4844E-02 -0.2267E-02  0.2436E-02  0.5737E-03  0.5133E-03
   153.5      0.4889E-02 -0.2163E-02  0.2322E-02  0.5729E-03  0.3842E-03
   154.0      0.4928E-02 -0.2070E-02  0.2209E-02  0.5708E-03  0.2591E-03
   154.5      0.4962E-02 -0.1987E-02  0.2101E-02  0.5672E-03  0.1423E-03
   155.0      0.4991E-02 -0.1913E-02  0.2001E-02  0.5621E-03  0.3788E-04
   155.5      0.5013E-02 -0.1844E-02  0.1910E-02  0.5556E-03 -0.5117E-04
   156.0      0.5030E-02 -0.1781E-02  0.1831E-02  0.5476E-03 -0.1228E-03
   156.5      0.5040E-02 -0.1719E-02  0.1762E-02  0.5379E-03 -0.1764E-03
   157.0      0.5043E-02 -0.1656E-02  0.1702E-02  0.5266E-03 -0.2128E-03
   157.5      0.5040E-02 -0.1591E-02  0.1648E-02  0.5134E-03 -0.2342E-03
   158.0      0.5031E-02 -0.1523E-02  0.1597E-02  0.4984E-03 -0.2439E-03
   158.5      0.5015E-02 -0.1449E-02  0.1545E-02  0.4815E-03 -0.2463E-03
   159.0      0.4993E-02 -0.1370E-02  0.1487E-02  0.4628E-03 -0.2464E-03
   159.5      0.4964E-02 -0.1288E-02  0.1418E-02  0.4424E-03 -0.2491E-03
   160.0      0.4929E-02 -0.1204E-02  0.1335E-02  0.4202E-03 -0.2588E-03
   160.5      0.4888E-02 -0.1120E-02  0.1235E-02  0.3966E-03 -0.2793E-03
   161.0      0.4841E-02 -0.1040E-02  0.1115E-02  0.3717E-03 -0.3129E-03
   161.5      0.4789E-02 -0.9670E-03  0.9756E-03  0.3458E-03 -0.3605E-03
   162.0      0.4731E-02 -0.9046E-03  0.8174E-03  0.3190E-03 -0.4212E-03
   162.5      0.4669E-02 -0.8552E-03  0.6430E-03  0.2917E-03 -0.4925E-03
   163.0      0.4601E-02 -0.8209E-03  0.4558E-03  0.2639E-03 -0.5703E-03
   163.5      0.4529E-02 -0.8025E-03  0.2603E-03  0.2360E-03 -0.6493E-03
   164.0      0.4453E-02 -0.7992E-03  0.6117E-04  0.2080E-03 -0.7237E-03
   164.5      0.4374E-02 -0.8092E-03 -0.1370E-03  0.1801E-03 -0.7874E-03
   165.0      0.4291E-02 -0.8290E-03 -0.3303E-03  0.1522E-03 -0.8348E-03
   165.5      0.4205E-02 -0.8542E-03 -0.5160E-03  0.1244E-03 -0.8615E-03
   166.0      0.4117E-02 -0.8792E-03 -0.6932E-03  0.9668E-04 -0.8644E-03
   166.5      0.4027E-02 -0.8984E-03 -0.8626E-03  0.6896E-04 -0.8427E-03
   167.0      0.3935E-02 -0.9062E-03 -0.1027E-02  0.4121E-04 -0.7975E-03
   167.5      0.3842E-02 -0.8979E-03 -0.1190E-02  0.1343E-04 -0.7325E-03
   168.0      0.3748E-02 -0.8701E-03 -0.1359E-02 -0.1433E-04 -0.6531E-03
   168.5      0.3655E-02 -0.8212E-03 -0.1541E-02 -0.4197E-04 -0.5663E-03
   169.0      0.3561E-02 -0.7517E-03 -0.1742E-02 -0.6928E-04 -0.4803E-03
   169.5      0.3468E-02 -0.6647E-03 -0.1969E-02 -0.9599E-04 -0.4033E-03
   170.0      0.3377E-02 -0.5652E-03 -0.2227E-02 -0.1217E-03 -0.3428E-03
   170.5      0.3287E-02 -0.4604E-03 -0.2520E-02 -0.1460E-03 -0.3050E-03
   171.0      0.3199E-02 -0.3584E-03 -0.2847E-02 -0.1684E-03 -0.2936E-03
   171.5      0.3113E-02 -0.2682E-03 -0.3206E-02 -0.1883E-03 -0.3098E-03
   172.0      0.3031E-02 -0.1979E-03 -0.3589E-02 -0.2052E-03 -0.3514E-03
   172.5      0.2951E-02 -0.1546E-03 -0.3988E-02 -0.2185E-03 -0.4134E-03
   173.0      0.2875E-02 -0.1428E-03 -0.4390E-02 -0.2280E-03 -0.4882E-03
   173.5      0.2803E-02 -0.1639E-03 -0.4781E-02 -0.2332E-03 -0.5662E-03
   174.0      0.2735E-02 -0.2158E-03 -0.5146E-02 -0.2340E-03 -0.6370E-03
   174.5      0.2671E-02 -0.2925E-03 -0.5474E-02 -0.2304E-03 -0.6904E-03
   175.0      0.2612E-02 -0.3850E-03 -0.5751E-02 -0.2226E-03 -0.7179E-03
   175.5      0.2557E-02 -0.4816E-03 -0.5972E-02 -0.2107E-03 -0.7136E-03
   176.0      0.2508E-02 -0.5691E-03 -0.6132E-02 -0.1952E-03 -0.6754E-03
   176.5      0.2464E-02 -0.6346E-03 -0.6233E-02 -0.1766E-03 -0.6050E-03
   177.0      0.2425E-02 -0.6665E-03 -0.6281E-02 -0.1554E-03 -0.5085E-03
   177.5      0.2392E-02 -0.6564E-03 -0.6287E-02 -0.1321E-03 -0.3952E-03
   178.0      0.2365E-02 -0.6002E-03 -0.6265E-02 -0.1073E-03 -0.2771E-03
   178.5      0.2343E-02 -0.4984E-03 -0.6227E-02 -0.8132E-04 -0.1673E-03
   179.0      0.2328E-02 -0.3571E-03 -0.6188E-02 -0.5459E-04 -0.7815E-04
   179.5      0.2319E-02 -0.1863E-03 -0.6160E-02 -0.2740E-04 -0.2013E-04
   180.0      0.2316E-02   0.000     -0.6150E-02   0.000       0.000    
 END
