# 100 angles,  1 tensor ranks for 0=projectile
@subtitle   "28Si(d,p)29Si(g.s.) DWBA"                                                      
@legend ON
@legend x1 0.2
@legend y1 0.8
@g0 type LOGY
@yaxis ticklabel format power
@xaxis label "Scattering angle (degrees)"
@yaxis label "Cross section (mb/sr)"
@legend string   0 "Partition=  1 Excit=  1 near/far= 1"
#legend string   0 "Lab energy =   17.8500"
@s0 linestyle   1
#  Theta       sigma       iT11        T20         T21         T22         Kyy for projectile
   1.000       1.008    
   2.000      0.9971    
   3.000      0.9490    
   4.000      0.8753    
   5.000      0.7930    
   6.000      0.7171    
   7.000      0.6588    
   8.000      0.6249    
   9.000      0.6182    
   10.00      0.6376    
   11.00      0.6794    
   12.00      0.7370    
   13.00      0.8029    
   14.00      0.8686    
   15.00      0.9258    
   16.00      0.9672    
   17.00      0.9872    
   18.00      0.9821    
   19.00      0.9503    
   20.00      0.8930    
   21.00      0.8135    
   22.00      0.7169    
   23.00      0.6101    
   24.00      0.5009    
   25.00      0.3971    
   26.00      0.3067    
   27.00      0.2362    
   28.00      0.1910    
   29.00      0.1745    
   30.00      0.1881    
   31.00      0.2310    
   32.00      0.3003    
   33.00      0.3913    
   34.00      0.4979    
   35.00      0.6129    
   36.00      0.7287    
   37.00      0.8377    
   38.00      0.9329    
   39.00       1.008    
   40.00       1.059    
   41.00       1.083    
   42.00       1.078    
   43.00       1.045    
   44.00      0.9853    
   45.00      0.9037    
   46.00      0.8045    
   47.00      0.6932    
   48.00      0.5760    
   49.00      0.4589    
   50.00      0.3477    
   51.00      0.2475    
   52.00      0.1627    
   53.00      0.9643E-01
   54.00      0.5067E-01
   55.00      0.2621E-01
   56.00      0.2264E-01
   57.00      0.3846E-01
   58.00      0.7124E-01
   59.00      0.1178    
   60.00      0.1746    
   61.00      0.2376    
   62.00      0.3030    
   63.00      0.3669    
   64.00      0.4259    
   65.00      0.4773    
   66.00      0.5187    
   67.00      0.5485    
   68.00      0.5661    
   69.00      0.5711    
   70.00      0.5642    
   71.00      0.5462    
   72.00      0.5188    
   73.00      0.4837    
   74.00      0.4430    
   75.00      0.3987    
   76.00      0.3529    
   77.00      0.3076    
   78.00      0.2644    
   79.00      0.2246    
   80.00      0.1895    
   81.00      0.1598    
   82.00      0.1357    
   83.00      0.1174    
   84.00      0.1046    
   85.00      0.9681E-01
   86.00      0.9336E-01
   87.00      0.9340E-01
   88.00      0.9605E-01
   89.00      0.1004    
   90.00      0.1055    
   91.00      0.1107    
   92.00      0.1151    
   93.00      0.1184    
   94.00      0.1200    
   95.00      0.1198    
   96.00      0.1178    
   97.00      0.1139    
   98.00      0.1085    
   99.00      0.1019    
   100.0      0.9449E-01
 END
@legend string   1 "Partition=  2 Excit=  1 near/far= 1"
#legend string   0 "Lab energy =   17.8500"
@s1 linestyle   2
#  Theta       sigma       iT11        T20         T21         T22         Kyy for projectile
   1.000       188.9    
   2.000       183.1    
   3.000       173.8    
   4.000       161.5    
   5.000       146.7    
   6.000       130.1    
   7.000       112.6    
   8.000       94.73    
   9.000       77.32    
   10.00       60.98    
   11.00       46.21    
   12.00       33.38    
   13.00       22.75    
   14.00       14.42    
   15.00       8.337    
   16.00       4.377    
   17.00       2.306    
   18.00       1.831    
   19.00       2.621    
   20.00       4.333    
   21.00       6.634    
   22.00       9.216    
   23.00       11.82    
   24.00       14.21    
   25.00       16.25    
   26.00       17.80    
   27.00       18.82    
   28.00       19.28    
   29.00       19.22    
   30.00       18.67    
   31.00       17.70    
   32.00       16.41    
   33.00       14.89    
   34.00       13.22    
   35.00       11.49    
   36.00       9.768    
   37.00       8.126    
   38.00       6.610    
   39.00       5.258    
   40.00       4.092    
   41.00       3.123    
   42.00       2.350    
   43.00       1.765    
   44.00       1.351    
   45.00       1.089    
   46.00      0.9539    
   47.00      0.9205    
   48.00      0.9635    
   49.00       1.059    
   50.00       1.186    
   51.00       1.324    
   52.00       1.459    
   53.00       1.578    
   54.00       1.672    
   55.00       1.735    
   56.00       1.765    
   57.00       1.761    
   58.00       1.724    
   59.00       1.660    
   60.00       1.570    
   61.00       1.462    
   62.00       1.341    
   63.00       1.211    
   64.00       1.080    
   65.00      0.9504    
   66.00      0.8277    
   67.00      0.7151    
   68.00      0.6151    
   69.00      0.5297    
   70.00      0.4598    
   71.00      0.4056    
   72.00      0.3668    
   73.00      0.3424    
   74.00      0.3311    
   75.00      0.3310    
   76.00      0.3403    
   77.00      0.3569    
   78.00      0.3787    
   79.00      0.4036    
   80.00      0.4298    
   81.00      0.4556    
   82.00      0.4794    
   83.00      0.5000    
   84.00      0.5165    
   85.00      0.5282    
   86.00      0.5344    
   87.00      0.5352    
   88.00      0.5304    
   89.00      0.5202    
   90.00      0.5050    
   91.00      0.4853    
   92.00      0.4617    
   93.00      0.4348    
   94.00      0.4053    
   95.00      0.3738    
   96.00      0.3412    
   97.00      0.3081    
   98.00      0.2750    
   99.00      0.2425    
   100.0      0.2112    
 END
