# Fusion cross sections for ELAB=  34.000, ECM=  21.456
     0.5   6.864       6.865      0.8975E-03
     1.5   27.46       27.47      0.4708E-02
     2.5   41.21       41.22      0.9954E-02
     3.5   54.99       55.01      0.2175E-01
     4.5   68.79       68.84      0.4269E-01
     5.5   82.63       82.71      0.8470E-01
     6.5   96.43       96.58      0.1449    
     7.5   110.2       110.4      0.2310    
     8.5   123.3       123.8      0.4411    
     9.5   134.1       134.9      0.7667    
    10.5   139.7       140.8       1.120    
    11.5   137.3       138.7       1.371    
    12.5   125.8       127.1       1.347    
    13.5   106.8       107.8       1.062    
    14.5   84.30       84.98      0.6811    
    15.5   62.43       62.80      0.3749    
    16.5   43.86       44.04      0.1862    
    17.5   29.59       29.68      0.8897E-01
    18.5   19.38       19.43      0.4453E-01
    19.5   12.44       12.47      0.2508E-01
    20.5   7.874       7.890      0.1619E-01
    21.5   4.935       4.947      0.1166E-01
    22.5   3.072       3.080      0.8865E-02
    23.5   1.902       1.909      0.6914E-02
    24.5   1.173       1.179      0.5507E-02
    25.5  0.7212      0.7256      0.4391E-02
    26.5  0.4422      0.4457      0.3505E-02
    27.5  0.2706      0.2734      0.2844E-02
    28.5  0.1652      0.1675      0.2317E-02
    29.5  0.1007      0.1026      0.1886E-02
    30.5  0.6125E-01  0.6281E-01  0.1561E-02
    31.5  0.3721E-01  0.3852E-01  0.1313E-02
    32.5  0.2257E-01  0.2369E-01  0.1111E-02
    33.5  0.1368E-01  0.1463E-01  0.9529E-03
    34.5  0.8278E-02  0.9107E-02  0.8290E-03
    35.5  0.5005E-02  0.5728E-02  0.7232E-03
    36.5  0.3024E-02  0.3666E-02  0.6419E-03
    37.5  0.1826E-02  0.2415E-02  0.5888E-03
    38.5  0.1103E-02  0.1642E-02  0.5389E-03
    39.5  0.6661E-03  0.1143E-02  0.4765E-03
    40.5  0.4026E-03  0.8269E-03  0.4243E-03
    41.5  0.2446E-03  0.6580E-03  0.4134E-03
    42.5  0.1506E-03  0.5852E-03  0.4346E-03
    43.5  0.9448E-04  0.5356E-03  0.4411E-03
    44.5  0.5973E-04  0.4532E-03  0.3935E-03
    45.5  0.3708E-04  0.3309E-03  0.2938E-03
    46.5  0.2201E-04  0.2019E-03  0.1799E-03
    47.5  0.1233E-04  0.1022E-03  0.8984E-04
    48.5  0.6531E-05  0.4329E-04  0.3676E-04
    49.5  0.3304E-05  0.1573E-04  0.1242E-04
    50.5  0.1607E-05  0.5110E-05  0.3503E-05
 &
