# 361 angles,  3 tensor ranks for 0=projectile
@subtitle   "** 7Li + 12C at 34.0 MeV"                                                      
@legend ON
@legend x1 0.2
@legend y1 0.8
@g0 type LOGY
@yaxis ticklabel format power
@legend string   0 "Lab energy =   34.0000"
#legend string   0 "Partition=  1 Excit=  1 near/far= 1"
#  Theta       sigma       iT11        T20         T21         T22         Kyy for projectile
  0.1000E-01   1.000      0.4467E-16 -0.6676E-14  0.7098E-18  0.1846E-19
  0.5000      0.9971     -0.2315E-11  0.3184E-10 -0.1633E-12 -0.1586E-12
   1.000       1.005      0.4657E-10  0.2607E-10 -0.2499E-12  0.2225E-12
   1.500       1.026      0.9277E-10 -0.2167E-09  0.3460E-11  0.1023E-10
   2.000       1.038      0.2182E-10 -0.4937E-09  0.1053E-10  0.3052E-10
   2.500       1.027     -0.1362E-09 -0.6387E-09  0.1701E-10  0.4480E-10
   3.000      0.9945     -0.2683E-09 -0.5821E-09  0.1818E-10  0.3165E-10
   3.500      0.9467     -0.2955E-09 -0.2985E-09  0.9417E-11 -0.2090E-10
   4.000      0.8916     -0.2559E-09  0.2266E-09 -0.1346E-10 -0.1048E-09
   4.500      0.8368     -0.3216E-09  0.1002E-08 -0.5369E-10 -0.1899E-09
   5.000      0.7880     -0.7332E-09  0.2015E-08 -0.1126E-09 -0.2338E-09
   5.500      0.7491     -0.1662E-08  0.3207E-08 -0.1884E-09 -0.2029E-09
   6.000      0.7215     -0.3069E-08  0.4457E-08 -0.2755E-09 -0.9394E-10
   6.500      0.7050     -0.4665E-08  0.5598E-08 -0.3644E-09  0.5785E-10
   7.000      0.6983     -0.6014E-08  0.6455E-08 -0.4441E-09  0.1940E-09
   7.500      0.6989     -0.6731E-08  0.6895E-08 -0.5034E-09  0.2625E-09
   8.000      0.7040     -0.6653E-08  0.6857E-08 -0.5331E-09  0.2433E-09
   8.500      0.7105     -0.5884E-08  0.6353E-08 -0.5265E-09  0.1580E-09
   9.000      0.7156     -0.4730E-08  0.5445E-08 -0.4786E-09  0.6025E-10
   9.500      0.7169     -0.3565E-08  0.4214E-08 -0.3860E-09  0.1667E-10
   10.00      0.7125     -0.2686E-08  0.2731E-08 -0.2454E-09  0.8522E-10
   10.50      0.7012     -0.2212E-08  0.1035E-08 -0.5268E-10  0.2987E-09
   11.00      0.6825     -0.2016E-08 -0.8785E-09  0.1976E-09  0.6552E-09
   11.50      0.6565     -0.1725E-08 -0.3060E-08  0.5131E-09  0.1118E-08
   12.00      0.6238     -0.7616E-09 -0.5601E-08  0.9041E-09  0.1623E-08
   12.50      0.5856      0.1562E-08 -0.8611E-08  0.1383E-08  0.2096E-08
   13.00      0.5435      0.5919E-08 -0.1219E-07  0.1964E-08  0.2475E-08
   13.50      0.4992      0.1282E-07 -0.1641E-07  0.2659E-08  0.2737E-08
   14.00      0.4545      0.2250E-07 -0.2121E-07  0.3475E-08  0.2924E-08
   14.50      0.4114      0.3475E-07 -0.2641E-07  0.4405E-08  0.3155E-08
   15.00      0.3714      0.4893E-07 -0.3161E-07  0.5416E-08  0.3615E-08
   15.50      0.3360      0.6404E-07 -0.3620E-07  0.6435E-08  0.4510E-08
   16.00      0.3064      0.7889E-07 -0.3939E-07  0.7342E-08  0.5973E-08
   16.50      0.2833      0.9239E-07 -0.4036E-07  0.7973E-08  0.7949E-08
   17.00      0.2670      0.1039E-06 -0.3854E-07  0.8147E-08  0.1012E-07
   17.50      0.2577      0.1131E-06 -0.3381E-07  0.7724E-08  0.1194E-07
   18.00      0.2548      0.1200E-06 -0.2664E-07  0.6651E-08  0.1284E-07
   18.50      0.2578      0.1242E-06 -0.1783E-07  0.4988E-08  0.1248E-07
   19.00      0.2656      0.1253E-06 -0.8265E-08  0.2871E-08  0.1086E-07
   19.50      0.2770      0.1222E-06  0.1393E-08  0.4638E-09  0.8302E-08
   20.00      0.2910      0.1143E-06  0.1081E-07 -0.2096E-08  0.5281E-08
   20.50      0.3060      0.1011E-06  0.1988E-07 -0.4717E-08  0.2219E-08
   21.00      0.3210      0.8316E-07  0.2864E-07 -0.7353E-08 -0.6175E-09
   21.50      0.3346      0.6131E-07  0.3712E-07 -0.9994E-08 -0.3165E-08
   22.00      0.3459      0.3699E-07  0.4529E-07 -0.1265E-07 -0.5544E-08
   22.50      0.3541      0.1180E-07  0.5306E-07 -0.1535E-07 -0.8008E-08
   23.00      0.3585     -0.1281E-07  0.6030E-07 -0.1811E-07 -0.1087E-07
   23.50      0.3589     -0.3585E-07  0.6684E-07 -0.2095E-07 -0.1444E-07
   24.00      0.3551     -0.5696E-07  0.7255E-07 -0.2389E-07 -0.1893E-07
   24.50      0.3472     -0.7656E-07  0.7736E-07 -0.2693E-07 -0.2445E-07
   25.00      0.3356     -0.9587E-07  0.8128E-07 -0.3004E-07 -0.3095E-07
   25.50      0.3207     -0.1167E-06  0.8436E-07 -0.3320E-07 -0.3822E-07
   26.00      0.3033     -0.1414E-06  0.8665E-07 -0.3635E-07 -0.4597E-07
   26.50      0.2839     -0.1720E-06  0.8814E-07 -0.3936E-07 -0.5382E-07
   27.00      0.2634     -0.2101E-06  0.8861E-07 -0.4209E-07 -0.6147E-07
   27.50      0.2426     -0.2566E-06  0.8749E-07 -0.4429E-07 -0.6875E-07
   28.00      0.2222     -0.3104E-06  0.8381E-07 -0.4560E-07 -0.7572E-07
   28.50      0.2029     -0.3694E-06  0.7608E-07 -0.4558E-07 -0.8268E-07
   29.00      0.1851     -0.4295E-06  0.6245E-07 -0.4365E-07 -0.9011E-07
   29.50      0.1694     -0.4859E-06  0.4098E-07 -0.3916E-07 -0.9847E-07
   30.00      0.1561     -0.5338E-06  0.1018E-07 -0.3149E-07 -0.1079E-06
   30.50      0.1453     -0.5693E-06 -0.3031E-07 -0.2022E-07 -0.1178E-06
   31.00      0.1371     -0.5906E-06 -0.7915E-07 -0.5252E-08 -0.1270E-06
   31.50      0.1314     -0.5978E-06 -0.1333E-06  0.1302E-07 -0.1335E-06
   32.00      0.1280     -0.5923E-06 -0.1884E-06  0.3375E-07 -0.1352E-06
   32.50      0.1265     -0.5757E-06 -0.2403E-06  0.5584E-07 -0.1309E-06
   33.00      0.1267     -0.5484E-06 -0.2858E-06  0.7814E-07 -0.1203E-06
   33.50      0.1280     -0.5100E-06 -0.3232E-06  0.9974E-07 -0.1043E-06
   34.00      0.1301     -0.4592E-06 -0.3527E-06  0.1201E-06 -0.8458E-07
   34.50      0.1325     -0.3956E-06 -0.3755E-06  0.1389E-06 -0.6305E-07
   35.00      0.1348     -0.3201E-06 -0.3933E-06  0.1563E-06 -0.4132E-07
   35.50      0.1366     -0.2350E-06 -0.4075E-06  0.1724E-06 -0.2040E-07
   36.00      0.1376     -0.1443E-06 -0.4194E-06  0.1876E-06 -0.5251E-09
   36.50      0.1374     -0.5260E-07 -0.4294E-06  0.2023E-06  0.1871E-07
   37.00      0.1360      0.3548E-07 -0.4377E-06  0.2168E-06  0.3825E-07
   37.50      0.1332      0.1162E-06 -0.4440E-06  0.2314E-06  0.5929E-07
   38.00      0.1289      0.1875E-06 -0.4479E-06  0.2463E-06  0.8307E-07
   38.50      0.1233      0.2495E-06 -0.4489E-06  0.2618E-06  0.1107E-06
   39.00      0.1163      0.3047E-06 -0.4467E-06  0.2781E-06  0.1430E-06
   39.50      0.1082      0.3583E-06 -0.4412E-06  0.2952E-06  0.1805E-06
   40.00      0.9924E-01  0.4170E-06 -0.4320E-06  0.3133E-06  0.2234E-06
   40.50      0.8959E-01  0.4891E-06 -0.4187E-06  0.3321E-06  0.2720E-06
   41.00      0.7955E-01  0.5834E-06 -0.4004E-06  0.3514E-06  0.3267E-06
   41.50      0.6942E-01  0.7085E-06 -0.3746E-06  0.3705E-06  0.3889E-06
   42.00      0.5947E-01  0.8714E-06 -0.3366E-06  0.3876E-06  0.4608E-06
   42.50      0.4998E-01  0.1077E-05 -0.2783E-06  0.4001E-06  0.5466E-06
   43.00      0.4121E-01  0.1328E-05 -0.1856E-06  0.4025E-06  0.6525E-06
   43.50      0.3337E-01  0.1621E-05 -0.3660E-07  0.3851E-06  0.7865E-06
   44.00      0.2665E-01  0.1940E-05  0.2007E-06  0.3317E-06  0.9556E-06
   44.50      0.2119E-01  0.2253E-05  0.5652E-06  0.2167E-06  0.1159E-05
   45.00      0.1708E-01  0.2491E-05  0.1084E-05  0.9061E-08  0.1373E-05
   45.50      0.1438E-01  0.2551E-05  0.1722E-05 -0.3075E-06  0.1532E-05
   46.00      0.1309E-01  0.2341E-05  0.2331E-05 -0.6941E-06  0.1539E-05
   46.50      0.1318E-01  0.1883E-05  0.2702E-05 -0.1046E-05  0.1342E-05
   47.00      0.1456E-01  0.1325E-05  0.2741E-05 -0.1269E-05  0.1002E-05
   47.50      0.1712E-01  0.8142E-06  0.2532E-05 -0.1348E-05  0.6363E-06
   48.00      0.2072E-01  0.4076E-06  0.2219E-05 -0.1330E-05  0.3236E-06
   48.50      0.2520E-01  0.9604E-07  0.1900E-05 -0.1265E-05  0.8673E-07
   49.00      0.3037E-01 -0.1459E-06  0.1618E-05 -0.1185E-05 -0.8240E-07
   49.50      0.3604E-01 -0.3381E-06  0.1383E-05 -0.1106E-05 -0.2005E-06
   50.00      0.4201E-01 -0.4907E-06  0.1190E-05 -0.1035E-05 -0.2838E-06
   50.50      0.4809E-01 -0.6074E-06  0.1032E-05 -0.9730E-06 -0.3450E-06
   51.00      0.5409E-01 -0.6893E-06  0.8999E-06 -0.9206E-06 -0.3937E-06
   51.50      0.5983E-01 -0.7367E-06  0.7865E-06 -0.8770E-06 -0.4365E-06
   52.00      0.6516E-01 -0.7519E-06  0.6868E-06 -0.8411E-06 -0.4774E-06
   52.50      0.6994E-01 -0.7392E-06  0.5973E-06 -0.8121E-06 -0.5186E-06
   53.00      0.7405E-01 -0.7052E-06  0.5163E-06 -0.7891E-06 -0.5604E-06
   53.50      0.7741E-01 -0.6581E-06  0.4430E-06 -0.7716E-06 -0.6023E-06
   54.00      0.7993E-01 -0.6072E-06  0.3775E-06 -0.7591E-06 -0.6431E-06
   54.50      0.8160E-01 -0.5611E-06  0.3201E-06 -0.7512E-06 -0.6815E-06
   55.00      0.8238E-01 -0.5273E-06  0.2711E-06 -0.7479E-06 -0.7166E-06
   55.50      0.8228E-01 -0.5106E-06  0.2300E-06 -0.7491E-06 -0.7485E-06
   56.00      0.8133E-01 -0.5128E-06  0.1960E-06 -0.7548E-06 -0.7781E-06
   56.50      0.7959E-01 -0.5324E-06  0.1674E-06 -0.7654E-06 -0.8074E-06
   57.00      0.7711E-01 -0.5647E-06  0.1418E-06 -0.7811E-06 -0.8392E-06
   57.50      0.7397E-01 -0.6026E-06  0.1170E-06 -0.8025E-06 -0.8767E-06
   58.00      0.7026E-01 -0.6379E-06  0.9042E-07 -0.8300E-06 -0.9231E-06
   58.50      0.6608E-01 -0.6617E-06  0.6045E-07 -0.8645E-06 -0.9811E-06
   59.00      0.6153E-01 -0.6667E-06  0.2640E-07 -0.9070E-06 -0.1052E-05
   59.50      0.5671E-01 -0.6478E-06 -0.1107E-07 -0.9589E-06 -0.1136E-05
   60.00      0.5173E-01 -0.6035E-06 -0.4971E-07 -0.1022E-05 -0.1232E-05
   60.50      0.4669E-01 -0.5359E-06 -0.8580E-07 -0.1098E-05 -0.1338E-05
   61.00      0.4169E-01 -0.4513E-06 -0.1143E-06 -0.1190E-05 -0.1448E-05
   61.50      0.3680E-01 -0.3593E-06 -0.1294E-06 -0.1302E-05 -0.1559E-05
   62.00      0.3212E-01 -0.2721E-06 -0.1247E-06 -0.1438E-05 -0.1667E-05
   62.50      0.2771E-01 -0.2028E-06 -0.9351E-07 -0.1605E-05 -0.1768E-05
   63.00      0.2364E-01 -0.1633E-06 -0.2913E-07 -0.1809E-05 -0.1859E-05
   63.50      0.1995E-01 -0.1625E-06  0.7604E-07 -0.2058E-05 -0.1936E-05
   64.00      0.1668E-01 -0.2031E-06  0.2315E-06 -0.2359E-05 -0.1991E-05
   64.50      0.1386E-01 -0.2794E-06  0.4504E-06 -0.2717E-05 -0.2011E-05
   65.00      0.1151E-01 -0.3742E-06  0.7503E-06 -0.3125E-05 -0.1964E-05
   65.50      0.9630E-02 -0.4589E-06  0.1151E-05 -0.3559E-05 -0.1801E-05
   66.00      0.8220E-02 -0.4980E-06  0.1661E-05 -0.3963E-05 -0.1461E-05
   66.50      0.7270E-02 -0.4639E-06  0.2262E-05 -0.4247E-05 -0.8924E-06
   67.00      0.6758E-02 -0.3591E-06  0.2882E-05 -0.4314E-05 -0.1088E-06
   67.50      0.6660E-02 -0.2246E-06  0.3410E-05 -0.4117E-05  0.7806E-06
   68.00      0.6944E-02 -0.1192E-06  0.3747E-05 -0.3697E-05  0.1608E-05
   68.50      0.7574E-02 -0.8150E-07  0.3857E-05 -0.3155E-05  0.2237E-05
   69.00      0.8512E-02 -0.1140E-06  0.3771E-05 -0.2595E-05  0.2617E-05
   69.50      0.9715E-02 -0.1942E-06  0.3548E-05 -0.2084E-05  0.2773E-05
   70.00      0.1114E-01 -0.2934E-06  0.3252E-05 -0.1646E-05  0.2767E-05
   70.50      0.1275E-01 -0.3886E-06  0.2933E-05 -0.1285E-05  0.2664E-05
   71.00      0.1449E-01 -0.4656E-06  0.2627E-05 -0.9899E-06  0.2516E-05
   71.50      0.1632E-01 -0.5186E-06  0.2356E-05 -0.7487E-06  0.2364E-05
   72.00      0.1821E-01 -0.5478E-06  0.2132E-05 -0.5501E-06  0.2234E-05
   72.50      0.2012E-01 -0.5569E-06  0.1959E-05 -0.3843E-06  0.2137E-05
   73.00      0.2201E-01 -0.5517E-06  0.1833E-05 -0.2439E-06  0.2077E-05
   73.50      0.2385E-01 -0.5379E-06  0.1746E-05 -0.1228E-06  0.2047E-05
   74.00      0.2561E-01 -0.5207E-06  0.1684E-05 -0.1662E-07  0.2036E-05
   74.50      0.2727E-01 -0.5037E-06  0.1635E-05  0.7844E-07  0.2029E-05
   75.00      0.2880E-01 -0.4888E-06  0.1584E-05  0.1653E-06  0.2014E-05
   75.50      0.3018E-01 -0.4762E-06  0.1522E-05  0.2465E-06  0.1977E-05
   76.00      0.3141E-01 -0.4648E-06  0.1441E-05  0.3241E-06  0.1913E-05
   76.50      0.3247E-01 -0.4525E-06  0.1339E-05  0.4000E-06  0.1820E-05
   77.00      0.3335E-01 -0.4369E-06  0.1220E-05  0.4758E-06  0.1703E-05
   77.50      0.3405E-01 -0.4160E-06  0.1091E-05  0.5527E-06  0.1572E-05
   78.00      0.3456E-01 -0.3887E-06  0.9617E-06  0.6319E-06  0.1438E-05
   78.50      0.3490E-01 -0.3551E-06  0.8429E-06  0.7145E-06  0.1316E-05
   79.00      0.3505E-01 -0.3168E-06  0.7443E-06  0.8011E-06  0.1217E-05
   79.50      0.3504E-01 -0.2764E-06  0.6727E-06  0.8925E-06  0.1150E-05
   80.00      0.3486E-01 -0.2375E-06  0.6301E-06  0.9892E-06  0.1117E-05
   80.50      0.3454E-01 -0.2037E-06  0.6139E-06  0.1092E-05  0.1115E-05
   81.00      0.3407E-01 -0.1781E-06  0.6165E-06  0.1201E-05  0.1135E-05
   81.50      0.3347E-01 -0.1621E-06  0.6269E-06  0.1318E-05  0.1162E-05
   82.00      0.3276E-01 -0.1550E-06  0.6328E-06  0.1443E-05  0.1182E-05
   82.50      0.3196E-01 -0.1541E-06  0.6224E-06  0.1577E-05  0.1181E-05
   83.00      0.3108E-01 -0.1541E-06  0.5874E-06  0.1722E-05  0.1147E-05
   83.50      0.3014E-01 -0.1483E-06  0.5241E-06  0.1878E-05  0.1076E-05
   84.00      0.2915E-01 -0.1300E-06  0.4351E-06  0.2046E-05  0.9710E-06
   84.50      0.2814E-01 -0.9361E-07  0.3289E-06  0.2228E-05  0.8414E-06
   85.00      0.2711E-01 -0.3688E-07  0.2183E-06  0.2422E-05  0.7024E-06
   85.50      0.2610E-01  0.3817E-07  0.1186E-06  0.2630E-05  0.5719E-06
   86.00      0.2511E-01  0.1243E-06  0.4411E-07  0.2849E-05  0.4667E-06
   86.50      0.2416E-01  0.2095E-06  0.5317E-08  0.3077E-05  0.3988E-06
   87.00      0.2326E-01  0.2788E-06  0.6498E-08  0.3313E-05  0.3725E-06
   87.50      0.2244E-01  0.3171E-06  0.4463E-07  0.3551E-05  0.3834E-06
   88.00      0.2170E-01  0.3128E-06  0.1101E-06  0.3786E-05  0.4192E-06
   88.50      0.2105E-01  0.2616E-06  0.1889E-06  0.4014E-05  0.4626E-06
   89.00      0.2051E-01  0.1687E-06  0.2666E-06  0.4227E-05  0.4961E-06
   89.50      0.2008E-01  0.4923E-07  0.3319E-06  0.4420E-05  0.5064E-06
   90.00      0.1977E-01 -0.7409E-07  0.3797E-06  0.4585E-05  0.4884E-06
   90.50      0.1958E-01 -0.1761E-06  0.4123E-06  0.4718E-05  0.4464E-06
   91.00      0.1952E-01 -0.2353E-06  0.4382E-06  0.4814E-05  0.3926E-06
   91.50      0.1958E-01 -0.2399E-06  0.4687E-06  0.4870E-05  0.3429E-06
   92.00      0.1976E-01 -0.1913E-06  0.5137E-06  0.4885E-05  0.3118E-06
   92.50      0.2006E-01 -0.1039E-06  0.5787E-06  0.4860E-05  0.3079E-06
   93.00      0.2047E-01 -0.1802E-08  0.6628E-06  0.4799E-05  0.3319E-06
   93.50      0.2098E-01  0.8736E-07  0.7590E-06  0.4705E-05  0.3768E-06
   94.00      0.2159E-01  0.1395E-06  0.8573E-06  0.4584E-05  0.4312E-06
   94.50      0.2228E-01  0.1394E-06  0.9474E-06  0.4440E-05  0.4833E-06
   95.00      0.2303E-01  0.8401E-07  0.1022E-05  0.4280E-05  0.5246E-06
   95.50      0.2384E-01 -0.1759E-07  0.1080E-05  0.4109E-05  0.5528E-06
   96.00      0.2469E-01 -0.1471E-06  0.1125E-05  0.3932E-05  0.5719E-06
   96.50      0.2555E-01 -0.2813E-06  0.1164E-05  0.3751E-05  0.5910E-06
   97.00      0.2642E-01 -0.3972E-06  0.1206E-05  0.3570E-05  0.6212E-06
   97.50      0.2728E-01 -0.4770E-06  0.1261E-05  0.3390E-05  0.6726E-06
   98.00      0.2811E-01 -0.5105E-06  0.1334E-05  0.3213E-05  0.7510E-06
   98.50      0.2889E-01 -0.4972E-06  0.1424E-05  0.3038E-05  0.8565E-06
   99.00      0.2962E-01 -0.4455E-06  0.1528E-05  0.2867E-05  0.9830E-06
   99.50      0.3027E-01 -0.3699E-06  0.1635E-05  0.2699E-05  0.1120E-05
   100.0      0.3083E-01 -0.2889E-06  0.1735E-05  0.2534E-05  0.1252E-05
   100.5      0.3130E-01 -0.2203E-06  0.1818E-05  0.2370E-05  0.1369E-05
   101.0      0.3166E-01 -0.1787E-06  0.1876E-05  0.2208E-05  0.1460E-05
   101.5      0.3191E-01 -0.1726E-06  0.1906E-05  0.2046E-05  0.1523E-05
   102.0      0.3205E-01 -0.2038E-06  0.1913E-05  0.1884E-05  0.1563E-05
   102.5      0.3207E-01 -0.2673E-06  0.1905E-05  0.1720E-05  0.1592E-05
   103.0      0.3198E-01 -0.3533E-06  0.1898E-05  0.1555E-05  0.1628E-05
   103.5      0.3178E-01 -0.4493E-06  0.1907E-05  0.1385E-05  0.1691E-05
   104.0      0.3148E-01 -0.5434E-06  0.1947E-05  0.1209E-05  0.1801E-05
   104.5      0.3109E-01 -0.6267E-06  0.2027E-05  0.1026E-05  0.1971E-05
   105.0      0.3062E-01 -0.6955E-06  0.2151E-05  0.8342E-06  0.2205E-05
   105.5      0.3008E-01 -0.7520E-06  0.2313E-05  0.6308E-06  0.2499E-05
   106.0      0.2950E-01 -0.8035E-06  0.2499E-05  0.4148E-06  0.2837E-05
   106.5      0.2888E-01 -0.8607E-06  0.2690E-05  0.1851E-06  0.3197E-05
   107.0      0.2825E-01 -0.9348E-06  0.2863E-05 -0.5848E-07  0.3551E-05
   107.5      0.2762E-01 -0.1034E-05  0.2997E-05 -0.3156E-06  0.3876E-05
   108.0      0.2701E-01 -0.1162E-05  0.3080E-05 -0.5848E-06  0.4154E-05
   108.5      0.2644E-01 -0.1316E-05  0.3106E-05 -0.8636E-06  0.4379E-05
   109.0      0.2593E-01 -0.1486E-05  0.3082E-05 -0.1149E-05  0.4558E-05
   109.5      0.2548E-01 -0.1660E-05  0.3024E-05 -0.1436E-05  0.4706E-05
   110.0      0.2512E-01 -0.1825E-05  0.2954E-05 -0.1720E-05  0.4849E-05
   110.5      0.2486E-01 -0.1972E-05  0.2893E-05 -0.1997E-05  0.5009E-05
   111.0      0.2469E-01 -0.2098E-05  0.2860E-05 -0.2260E-05  0.5202E-05
   111.5      0.2464E-01 -0.2208E-05  0.2858E-05 -0.2505E-05  0.5430E-05
   112.0      0.2470E-01 -0.2313E-05  0.2883E-05 -0.2726E-05  0.5683E-05
   112.5      0.2486E-01 -0.2425E-05  0.2920E-05 -0.2921E-05  0.5937E-05
   113.0      0.2514E-01 -0.2556E-05  0.2948E-05 -0.3086E-05  0.6164E-05
   113.5      0.2551E-01 -0.2710E-05  0.2947E-05 -0.3221E-05  0.6336E-05
   114.0      0.2597E-01 -0.2880E-05  0.2902E-05 -0.3325E-05  0.6434E-05
   114.5      0.2650E-01 -0.3055E-05  0.2810E-05 -0.3399E-05  0.6451E-05
   115.0      0.2709E-01 -0.3216E-05  0.2674E-05 -0.3445E-05  0.6394E-05
   115.5      0.2771E-01 -0.3343E-05  0.2509E-05 -0.3466E-05  0.6279E-05
   116.0      0.2836E-01 -0.3423E-05  0.2330E-05 -0.3466E-05  0.6130E-05
   116.5      0.2900E-01 -0.3445E-05  0.2155E-05 -0.3447E-05  0.5967E-05
   117.0      0.2962E-01 -0.3414E-05  0.1996E-05 -0.3414E-05  0.5809E-05
   117.5      0.3019E-01 -0.3339E-05  0.1859E-05 -0.3370E-05  0.5667E-05
   118.0      0.3069E-01 -0.3239E-05  0.1743E-05 -0.3319E-05  0.5542E-05
   118.5      0.3110E-01 -0.3138E-05  0.1644E-05 -0.3262E-05  0.5430E-05
   119.0      0.3141E-01 -0.3057E-05  0.1553E-05 -0.3202E-05  0.5323E-05
   119.5      0.3159E-01 -0.3015E-05  0.1461E-05 -0.3140E-05  0.5209E-05
   120.0      0.3163E-01 -0.3021E-05  0.1360E-05 -0.3078E-05  0.5083E-05
   120.5      0.3153E-01 -0.3079E-05  0.1248E-05 -0.3015E-05  0.4942E-05
   121.0      0.3127E-01 -0.3181E-05  0.1127E-05 -0.2954E-05  0.4787E-05
   121.5      0.3086E-01 -0.3313E-05  0.1003E-05 -0.2893E-05  0.4626E-05
   122.0      0.3030E-01 -0.3457E-05  0.8819E-06 -0.2832E-05  0.4468E-05
   122.5      0.2959E-01 -0.3592E-05  0.7729E-06 -0.2771E-05  0.4323E-05
   123.0      0.2875E-01 -0.3702E-05  0.6802E-06 -0.2711E-05  0.4194E-05
   123.5      0.2779E-01 -0.3777E-05  0.6033E-06 -0.2650E-05  0.4082E-05
   124.0      0.2674E-01 -0.3816E-05  0.5354E-06 -0.2586E-05  0.3975E-05
   124.5      0.2560E-01 -0.3827E-05  0.4632E-06 -0.2520E-05  0.3856E-05
   125.0      0.2442E-01 -0.3825E-05  0.3686E-06 -0.2449E-05  0.3699E-05
   125.5      0.2321E-01 -0.3833E-05  0.2319E-06 -0.2370E-05  0.3477E-05
   126.0      0.2200E-01 -0.3872E-05  0.3595E-07 -0.2280E-05  0.3164E-05
   126.5      0.2084E-01 -0.3960E-05 -0.2286E-06 -0.2176E-05  0.2741E-05
   127.0      0.1973E-01 -0.4104E-05 -0.5593E-06 -0.2054E-05  0.2206E-05
   127.5      0.1873E-01 -0.4298E-05 -0.9393E-06 -0.1911E-05  0.1572E-05
   128.0      0.1784E-01 -0.4522E-05 -0.1338E-05 -0.1744E-05  0.8730E-06
   128.5      0.1710E-01 -0.4745E-05 -0.1717E-05 -0.1554E-05  0.1542E-06
   129.0      0.1652E-01 -0.4934E-05 -0.2035E-05 -0.1342E-05 -0.5336E-06
   129.5      0.1613E-01 -0.5062E-05 -0.2264E-05 -0.1114E-05 -0.1147E-05
   130.0      0.1593E-01 -0.5115E-05 -0.2395E-05 -0.8791E-06 -0.1663E-05
   130.5      0.1594E-01 -0.5100E-05 -0.2439E-05 -0.6467E-06 -0.2080E-05
   131.0      0.1615E-01 -0.5039E-05 -0.2429E-05 -0.4269E-06 -0.2419E-05
   131.5      0.1656E-01 -0.4960E-05 -0.2402E-05 -0.2281E-06 -0.2712E-05
   132.0      0.1717E-01 -0.4884E-05 -0.2391E-05 -0.5600E-07 -0.2988E-05
   132.5      0.1795E-01 -0.4823E-05 -0.2413E-05  0.8710E-07 -0.3262E-05
   133.0      0.1888E-01 -0.4772E-05 -0.2468E-05  0.2017E-06 -0.3533E-05
   133.5      0.1994E-01 -0.4716E-05 -0.2542E-05  0.2901E-06 -0.3786E-05
   134.0      0.2110E-01 -0.4639E-05 -0.2614E-05  0.3559E-06 -0.4000E-05
   134.5      0.2233E-01 -0.4527E-05 -0.2663E-05  0.4028E-06 -0.4154E-05
   135.0      0.2358E-01 -0.4373E-05 -0.2674E-05  0.4343E-06 -0.4234E-05
   135.5      0.2482E-01 -0.4185E-05 -0.2640E-05  0.4534E-06 -0.4239E-05
   136.0      0.2602E-01 -0.3978E-05 -0.2564E-05  0.4629E-06 -0.4175E-05
   136.5      0.2712E-01 -0.3775E-05 -0.2456E-05  0.4648E-06 -0.4058E-05
   137.0      0.2810E-01 -0.3601E-05 -0.2332E-05  0.4610E-06 -0.3910E-05
   137.5      0.2891E-01 -0.3479E-05 -0.2207E-05  0.4529E-06 -0.3753E-05
   138.0      0.2953E-01 -0.3425E-05 -0.2096E-05  0.4420E-06 -0.3607E-05
   138.5      0.2993E-01 -0.3445E-05 -0.2009E-05  0.4294E-06 -0.3486E-05
   139.0      0.3009E-01 -0.3535E-05 -0.1950E-05  0.4161E-06 -0.3398E-05
   139.5      0.2999E-01 -0.3682E-05 -0.1919E-05  0.4030E-06 -0.3344E-05
   140.0      0.2963E-01 -0.3864E-05 -0.1911E-05  0.3908E-06 -0.3320E-05
   140.5      0.2900E-01 -0.4053E-05 -0.1915E-05  0.3800E-06 -0.3314E-05
   141.0      0.2811E-01 -0.4224E-05 -0.1924E-05  0.3708E-06 -0.3318E-05
   141.5      0.2698E-01 -0.4355E-05 -0.1927E-05  0.3637E-06 -0.3319E-05
   142.0      0.2562E-01 -0.4433E-05 -0.1918E-05  0.3588E-06 -0.3312E-05
   142.5      0.2407E-01 -0.4456E-05 -0.1895E-05  0.3564E-06 -0.3294E-05
   143.0      0.2236E-01 -0.4434E-05 -0.1858E-05  0.3566E-06 -0.3267E-05
   143.5      0.2053E-01 -0.4389E-05 -0.1811E-05  0.3601E-06 -0.3238E-05
   144.0      0.1863E-01 -0.4352E-05 -0.1759E-05  0.3677E-06 -0.3214E-05
   144.5      0.1671E-01 -0.4358E-05 -0.1702E-05  0.3806E-06 -0.3202E-05
   145.0      0.1482E-01 -0.4437E-05 -0.1634E-05  0.4006E-06 -0.3199E-05
   145.5      0.1300E-01 -0.4600E-05 -0.1535E-05  0.4299E-06 -0.3189E-05
   146.0      0.1132E-01 -0.4833E-05 -0.1362E-05  0.4709E-06 -0.3130E-05
   146.5      0.9819E-02 -0.5075E-05 -0.1051E-05  0.5256E-06 -0.2950E-05
   147.0      0.8545E-02 -0.5210E-05 -0.5138E-06  0.5944E-06 -0.2547E-05
   147.5      0.7538E-02 -0.5076E-05  0.3323E-06  0.6735E-06 -0.1811E-05
   148.0      0.6835E-02 -0.4516E-05  0.1511E-05  0.7527E-06 -0.6804E-06
   148.5      0.6460E-02 -0.3478E-05  0.2919E-05  0.8160E-06  0.7704E-06
   149.0      0.6434E-02 -0.2107E-05  0.4307E-05  0.8468E-06  0.2298E-05
   149.5      0.6765E-02 -0.7082E-06  0.5385E-05  0.8378E-06  0.3579E-05
   150.0      0.7453E-02  0.4247E-06  0.5979E-05  0.7956E-06  0.4388E-05
   150.5      0.8487E-02  0.1160E-05  0.6100E-05  0.7345E-06  0.4695E-05
   151.0      0.9846E-02  0.1537E-05  0.5883E-05  0.6687E-06  0.4614E-05
   151.5      0.1150E-01  0.1678E-05  0.5486E-05  0.6073E-06  0.4307E-05
   152.0      0.1341E-01  0.1708E-05  0.5037E-05  0.5542E-06  0.3912E-05
   152.5      0.1552E-01  0.1719E-05  0.4617E-05  0.5104E-06  0.3524E-05
   153.0      0.1779E-01  0.1760E-05  0.4269E-05  0.4749E-06  0.3196E-05
   153.5      0.2014E-01  0.1841E-05  0.4005E-05  0.4462E-06  0.2949E-05
   154.0      0.2252E-01  0.1950E-05  0.3823E-05  0.4230E-06  0.2780E-05
   154.5      0.2484E-01  0.2060E-05  0.3707E-05  0.4039E-06  0.2679E-05
   155.0      0.2706E-01  0.2139E-05  0.3641E-05  0.3879E-06  0.2624E-05
   155.5      0.2908E-01  0.2161E-05  0.3604E-05  0.3746E-06  0.2596E-05
   156.0      0.3086E-01  0.2107E-05  0.3582E-05  0.3634E-06  0.2576E-05
   156.5      0.3233E-01  0.1973E-05  0.3562E-05  0.3543E-06  0.2548E-05
   157.0      0.3343E-01  0.1769E-05  0.3537E-05  0.3472E-06  0.2504E-05
   157.5      0.3413E-01  0.1516E-05  0.3505E-05  0.3422E-06  0.2439E-05
   158.0      0.3438E-01  0.1244E-05  0.3470E-05  0.3396E-06  0.2357E-05
   158.5      0.3417E-01  0.9905E-06  0.3438E-05  0.3395E-06  0.2264E-05
   159.0      0.3349E-01  0.7904E-06  0.3420E-05  0.3419E-06  0.2169E-05
   159.5      0.3235E-01  0.6736E-06  0.3427E-05  0.3470E-06  0.2085E-05
   160.0      0.3075E-01  0.6590E-06  0.3469E-05  0.3550E-06  0.2021E-05
   160.5      0.2875E-01  0.7518E-06  0.3558E-05  0.3659E-06  0.1989E-05
   161.0      0.2639E-01  0.9410E-06  0.3702E-05  0.3799E-06  0.1993E-05
   161.5      0.2373E-01  0.1200E-05  0.3907E-05  0.3973E-06  0.2037E-05
   162.0      0.2084E-01  0.1488E-05  0.4179E-05  0.4186E-06  0.2120E-05
   162.5      0.1782E-01  0.1753E-05  0.4524E-05  0.4444E-06  0.2236E-05
   163.0      0.1476E-01  0.1936E-05  0.4949E-05  0.4759E-06  0.2376E-05
   163.5      0.1177E-01  0.1972E-05  0.5462E-05  0.5143E-06  0.2528E-05
   164.0      0.8946E-02  0.1790E-05  0.6077E-05  0.5605E-06  0.2675E-05
   164.5      0.6412E-02  0.1304E-05  0.6792E-05  0.6128E-06  0.2783E-05
   165.0      0.4277E-02  0.3893E-06  0.7513E-05  0.6567E-06  0.2774E-05
   165.5      0.2652E-02 -0.1127E-05  0.7714E-05  0.6275E-06  0.2414E-05
   166.0      0.1640E-02 -0.3159E-05  0.5354E-05  0.3057E-06  0.1092E-05
   166.5      0.1338E-02 -0.3941E-05 -0.2072E-05 -0.5032E-06 -0.1331E-05
   167.0      0.1832E-02 -0.2362E-05 -0.7782E-05 -0.1012E-05 -0.2375E-05
   167.5      0.3195E-02 -0.1184E-05 -0.8110E-05 -0.9494E-06 -0.1934E-05
   168.0      0.5483E-02 -0.9087E-06 -0.6943E-05 -0.7657E-06 -0.1405E-05
   168.5      0.8736E-02 -0.9984E-06 -0.5848E-05 -0.6104E-06 -0.1078E-05
   169.0      0.1297E-01 -0.1147E-05 -0.5026E-05 -0.4942E-06 -0.9074E-06
   169.5      0.1820E-01 -0.1226E-05 -0.4423E-05 -0.4073E-06 -0.8257E-06
   170.0      0.2439E-01 -0.1189E-05 -0.3965E-05 -0.3406E-06 -0.7857E-06
   170.5      0.3151E-01 -0.1034E-05 -0.3599E-05 -0.2879E-06 -0.7569E-06
   171.0      0.3949E-01 -0.7830E-06 -0.3287E-05 -0.2453E-06 -0.7208E-06
   171.5      0.4824E-01 -0.4723E-06 -0.3008E-05 -0.2103E-06 -0.6679E-06
   172.0      0.5768E-01 -0.1464E-06 -0.2751E-05 -0.1811E-06 -0.5948E-06
   172.5      0.6768E-01  0.1504E-06 -0.2510E-05 -0.1566E-06 -0.5033E-06
   173.0      0.7810E-01  0.3799E-06 -0.2287E-05 -0.1360E-06 -0.3984E-06
   173.5      0.8880E-01  0.5146E-06 -0.2083E-05 -0.1187E-06 -0.2873E-06
   174.0      0.9962E-01  0.5409E-06 -0.1905E-05 -0.1040E-06 -0.1781E-06
   174.5      0.1104      0.4608E-06 -0.1756E-05 -0.9150E-07 -0.7858E-07
   175.0      0.1210      0.2906E-06 -0.1641E-05 -0.8076E-07  0.4777E-08
   175.5      0.1312      0.5873E-07 -0.1560E-05 -0.7135E-07  0.6743E-07
   176.0      0.1408     -0.1988E-06 -0.1513E-05 -0.6287E-07  0.1073E-06
   176.5      0.1497     -0.4429E-06 -0.1496E-05 -0.5499E-07  0.1247E-06
   177.0      0.1578     -0.6373E-06 -0.1505E-05 -0.4740E-07  0.1224E-06
   177.5      0.1649     -0.7530E-06 -0.1532E-05 -0.3988E-07  0.1052E-06
   178.0      0.1709     -0.7722E-06 -0.1570E-05 -0.3226E-07  0.7883E-07
   178.5      0.1756     -0.6907E-06 -0.1609E-05 -0.2446E-07  0.4973E-07
   179.0      0.1791     -0.5184E-06 -0.1644E-05 -0.1645E-07  0.2390E-07
   179.5      0.1812     -0.2776E-06 -0.1667E-05 -0.8275E-08  0.6255E-08
   180.0      0.1819     -0.5675E-08 -0.1675E-05 -0.1657E-09  0.2537E-11
 END
