 Mean Elastic Optical Potential generated            1
         276  0.20000000000000001        0.00000000    
  0.0000E+00  0.0000E+00 -1.3551E+00  7.6654E-01 -1.3485E+00  8.0700E-01
 -1.3617E+00  8.7778E-01 -1.4487E+00  9.6895E-01 -1.6588E+00  1.0627E+00
 -2.0092E+00  1.1125E+00 -2.4846E+00  1.0614E+00 -3.0745E+00  8.4152E-01
 -3.7310E+00  3.8286E-01 -4.3174E+00 -3.7676E-01 -4.5787E+00 -1.4592E+00
 -4.1474E+00 -2.6647E+00 -2.8172E+00 -3.4063E+00 -1.0718E+00 -3.1822E+00
  2.6185E-01 -2.3045E+00  9.5817E-01 -1.3445E+00  1.1881E+00 -5.3589E-01
  1.1063E+00  7.1211E-02  8.1884E-01  4.5220E-01  4.3733E-01  5.8767E-01
  8.5745E-02  4.9755E-01 -1.3686E-01  2.6197E-01 -2.0129E-01 -9.6152E-03
 -1.4541E-01 -2.3377E-01 -3.0656E-02 -3.7747E-01  9.3710E-02 -4.4473E-01
  1.9772E-01 -4.5560E-01  2.7089E-01 -4.3026E-01  3.1317E-01 -3.8625E-01
  3.2943E-01 -3.3432E-01  3.2568E-01 -2.8229E-01  3.0903E-01 -2.3364E-01
  2.8408E-01 -1.9028E-01  2.5435E-01 -1.5294E-01  2.2410E-01 -1.2150E-01
  1.9361E-01 -9.5213E-02  1.6574E-01 -7.4203E-02  1.3964E-01 -5.6869E-02
  1.1660E-01 -4.3077E-02  9.6579E-02 -3.2537E-02  7.9240E-02 -2.4010E-02
  6.4545E-02 -1.7551E-02  5.1836E-02 -1.2724E-02  4.1930E-02 -9.0636E-03
  3.3121E-02 -6.2658E-03  2.6223E-02 -4.4696E-03  2.0728E-02 -3.0336E-03
  1.5861E-02 -1.9358E-03  1.2555E-02 -1.5729E-03  9.4482E-03 -9.0449E-04
  7.7516E-03 -9.1983E-04  4.5183E-03 -2.1069E-04  5.0050E-03 -6.6439E-04
  3.2584E-03 -5.5688E-04  1.3270E-03  1.5084E-04  2.8525E-03 -6.2061E-04
  1.4462E-03 -2.0365E-04 -1.9281E-04  1.9298E-04  2.1037E-03 -1.4314E-04
  1.0655E-03 -1.3514E-04 -1.3276E-03  6.1833E-04  2.4141E-03  6.8922E-05
 -5.2451E-04  4.2943E-04  8.0805E-04  4.2642E-04  2.9882E-04  4.5342E-04
 -1.0740E-05  4.3766E-04  2.4306E-04  4.8024E-04  1.1468E-03  4.9415E-04
 -1.6483E-03  7.8331E-05  1.2228E-03  6.1696E-04  3.2431E-04  3.0265E-04
 -1.1821E-03 -1.4863E-04  6.8448E-04  5.1562E-04  2.5736E-04  2.0832E-04
 -1.1535E-03 -3.5941E-04  5.7506E-04  5.0187E-04  9.4436E-05  3.6245E-05
 -9.9399E-04 -4.0562E-04  3.1242E-04  4.0853E-04  4.2474E-05  9.2128E-07
 -7.7158E-04 -4.9753E-04  5.3136E-06  2.4954E-04  1.0186E-04  9.7212E-05
 -5.4315E-04 -5.7691E-04 -2.3321E-05  2.2099E-04 -8.5900E-05 -3.8678E-05
 -1.5322E-04 -5.5848E-04 -5.2561E-05  2.0390E-04 -7.8750E-06 -8.3012E-06
  2.9489E-06 -5.6045E-04  1.0324E-04  1.4839E-04  1.3783E-05 -3.0051E-05
  1.1596E-04 -3.8035E-04  1.8974E-04  1.1132E-04  9.4342E-05  1.3142E-05
  1.4890E-04 -3.0753E-04  2.1124E-04  1.8599E-04  7.7457E-05  8.3016E-05
  2.1909E-04 -3.0541E-04  1.0038E-04  2.3731E-04  1.5347E-04  1.0263E-04
  5.1201E-05 -1.4288E-04  2.1813E-04  2.1913E-04 -8.4351E-05 -5.5274E-05
  1.3873E-04  8.9405E-05  3.7464E-05  1.6530E-04  5.2921E-05 -1.1771E-04
 -1.4325E-05  1.5397E-04  1.4905E-05  5.3380E-05  7.4887E-05 -4.7468E-05
 -4.2699E-05  8.9085E-05  3.0856E-06 -9.7721E-06  1.5533E-04 -5.3037E-05
 -6.0342E-05  4.9395E-05  4.5393E-05 -4.9171E-05  1.9260E-04 -1.6403E-06
 -3.1091E-05 -1.7949E-05  1.1272E-04 -3.8209E-05  2.5906E-04  4.4968E-05
 -5.6930E-05 -5.7156E-05  2.0974E-04  4.1276E-06  2.0873E-04  8.0681E-05
  2.7181E-05 -4.4051E-05  1.9037E-04  2.7303E-05  1.4310E-04  9.9745E-05
  1.0017E-04  7.9014E-06  1.1780E-04  3.0203E-05  8.2033E-05  9.6757E-05
  1.1000E-04  3.2490E-05  4.2551E-05  3.5403E-05  1.7747E-05  7.8231E-05
  6.7859E-05 -6.0066E-06 -2.7720E-05  6.0264E-05 -2.9603E-05 -2.3370E-05
  1.1694E-05  4.7761E-05 -8.5334E-05 -6.8456E-05 -2.3056E-05 -1.6150E-05
 -8.0187E-05 -2.2474E-06 -4.0016E-05 -1.4751E-04 -9.3129E-05  1.9813E-05
 -1.1138E-05 -1.5486E-04 -1.4206E-04 -1.6086E-05  5.8904E-05 -1.5730E-04
 -1.3179E-04 -5.9748E-05 -2.4542E-05 -7.6094E-05  1.9829E-05 -1.3122E-04
 -9.1609E-05 -5.6338E-05  4.1677E-05 -9.8351E-05 -3.5997E-05 -7.0013E-05
 -1.3873E-05 -6.4280E-05  2.3222E-05 -5.9644E-05 -6.5836E-06 -3.9160E-05
 -2.0172E-05 -5.5194E-05  4.4912E-05 -4.7345E-06 -3.0606E-05 -3.6398E-05
 -1.4802E-06 -7.9289E-06  2.2726E-05  4.6559E-06 -4.6166E-05 -1.7946E-05
  1.5877E-05  2.2178E-05 -1.8831E-05 -9.3512E-06 -4.0913E-05  3.6118E-06
  4.3299E-06  6.9776E-06 -4.4752E-05  1.7093E-06 -2.2301E-05 -1.0565E-05
 -2.4262E-05  2.7179E-06 -3.5923E-05 -9.9404E-06 -1.5376E-05 -1.4787E-05
 -3.6739E-05 -1.6691E-05 -2.6907E-05 -1.2753E-05 -6.5557E-06 -2.0400E-05
 -3.4028E-05 -1.8963E-05 -9.6712E-06 -2.2050E-05 -7.7665E-06 -1.1745E-05
 -2.1843E-05 -1.6902E-05  7.3238E-06 -1.5782E-05 -1.6860E-05  3.2352E-06
  1.7508E-06 -8.2271E-06 -5.8371E-06  7.9298E-06 -5.9427E-07  1.4332E-05
 -1.3919E-05  1.4053E-05  1.2030E-05  2.7725E-05 -3.0349E-05  2.6202E-05
  5.0820E-06  3.4310E-05 -1.6793E-05  3.9684E-05 -1.8494E-05  3.7529E-05
 -2.0062E-05  4.3859E-05 -1.9947E-05  4.1853E-05 -2.1724E-05  4.4722E-05
 -3.6235E-05  3.4489E-05 -1.9653E-05  4.5547E-05 -2.7357E-05  3.1448E-05
 -3.5186E-05  2.6613E-05 -2.1035E-05  2.8949E-05 -2.4921E-05  1.7362E-05
 -1.9417E-05  1.6081E-05 -1.4980E-05  5.8736E-06 -1.4249E-05  4.6315E-06
 -7.5560E-06  2.2236E-06 -4.9192E-06 -2.1033E-06 -7.1421E-06 -9.0052E-06
 -1.8197E-06 -2.0087E-06 -8.4432E-06 -1.8213E-05 -6.5589E-06 -1.3901E-05
 -1.1150E-05 -2.6624E-05 -8.0195E-06 -3.4788E-05 -1.0220E-05 -4.2886E-05
 -4.8732E-06 -5.1365E-05  4.8457E-06 -6.4985E-05  8.0190E-06 -6.6694E-05
  2.5335E-05 -7.4444E-05  3.4936E-05 -7.5182E-05  4.0608E-05 -6.8855E-05
  6.2488E-05 -6.5041E-05  5.4481E-05 -5.5236E-05  7.0561E-05 -4.1537E-05
  5.7273E-05 -3.0871E-05  6.0990E-05 -1.7819E-05  4.6296E-05 -8.5663E-06
  3.8438E-05 -1.8957E-06  2.3804E-05  4.1928E-06  1.3763E-05  4.8650E-06
  3.1243E-06  3.3056E-06 -5.8289E-06  1.2432E-06 -9.9997E-06 -2.6367E-07
 -1.3534E-05 -8.4396E-06 -1.7512E-05 -5.9447E-06 -1.1986E-05 -1.3791E-05
 -1.7478E-05 -1.1198E-05 -8.7764E-06 -1.3659E-05 -1.1796E-05 -1.4572E-05
 -6.0210E-06 -1.3590E-05 -7.0614E-06 -1.2615E-05 -1.7330E-06 -1.2079E-05
 -3.4618E-06 -1.1150E-05  1.4585E-06 -9.8691E-06 -2.5213E-07 -8.6416E-06
  2.6079E-06 -6.7731E-06  2.0727E-06 -7.0172E-06  3.8127E-06 -3.6110E-06
  2.8716E-06 -4.8980E-06  3.6087E-06 -1.6570E-06  2.7994E-06 -3.2305E-06
  3.2613E-06 -3.3987E-07  2.0067E-06 -1.0919E-06  2.1276E-06 -5.9626E-07
  9.5152E-07 -1.8110E-07  1.9447E-06 -6.4578E-07 -4.5198E-07 -1.9332E-07
 -3.0932E-08 -2.0359E-07  7.7345E-07 -1.6939E-06 -1.5367E-06 -1.3854E-07
 -6.7605E-07 -1.7661E-06 -6.6804E-07 -1.6747E-06 -1.5069E-06 -1.7144E-06
 -8.9554E-07 -2.1971E-06 -1.7864E-06 -3.2430E-06 -1.3188E-06 -1.9699E-06
 -1.2434E-06 -3.5965E-06 -1.7995E-06 -3.5416E-06 -1.2850E-06 -3.8729E-06
 -1.9418E-07 -2.1179E-06 -1.6324E-07 -2.1673E-06  6.3759E-08 -9.8637E-07
 -8.5284E-07 -1.1111E-06 -4.9384E-07 -7.3161E-07 -1.7911E-06 -1.8424E-06
 -1.8885E-06 -1.5292E-06 -2.0254E-06 -1.9672E-06 -2.5719E-06 -2.1872E-06
 -2.3522E-06 -2.7279E-06 -1.2040E-06 -3.9290E-06 -1.1384E-06 -4.0296E-06
 -1.0435E-06 -4.0687E-06 -9.3264E-07 -4.0443E-06 -8.1983E-07 -3.9559E-06
