# 361 angles,  3 tensor ranks for 0=projectile
@subtitle   "25Al(d,n)26Si at 6.72 MeV"                                                     
@legend ON
@legend x1 0.2
@legend y1 0.8
@g0 type LOGY
@yaxis ticklabel format power
@legend string   0 "Lab energy =    6.7200"
#legend string   0 "Partition=  1 Excit=  1 near/far= 1"
#  Theta       sigma       iT11        T20         T21         T22         Kyy for projectile
  0.1000E-01   1.000      0.2139E-11 -0.2924E-08  0.3126E-12  0.2142E-15
  0.5000      0.9998     -0.2522E-06  0.3420E-05 -0.1821E-07 -0.3202E-08
   1.000      0.9986     -0.9161E-06  0.3038E-04 -0.3254E-06  0.3056E-07
   1.500      0.9994      0.3436E-05  0.1844E-04 -0.2954E-06  0.2985E-06
   2.000       1.003      0.1583E-04 -0.5082E-04  0.1096E-05  0.8150E-06
   2.500       1.008      0.3396E-04 -0.1601E-03  0.4306E-05  0.1180E-05
   3.000       1.014      0.5218E-04 -0.2831E-03  0.9118E-05  0.6581E-06
   3.500       1.019      0.6352E-04 -0.3959E-03  0.1482E-04 -0.1634E-05
   4.000       1.023      0.6113E-04 -0.4802E-03  0.2042E-04 -0.6532E-05
   4.500       1.024      0.3899E-04 -0.5234E-03  0.2479E-04 -0.1468E-04
   5.000       1.023     -0.7802E-05 -0.5177E-03  0.2680E-04 -0.2644E-04
   5.500       1.020     -0.8293E-04 -0.4588E-03  0.2535E-04 -0.4182E-04
   6.000       1.014     -0.1889E-03 -0.3450E-03  0.1945E-04 -0.6048E-04
   6.500       1.005     -0.3270E-03 -0.1765E-03  0.8212E-05 -0.8174E-04
   7.000      0.9941     -0.4974E-03  0.4523E-04 -0.9110E-05 -0.1045E-03
   7.500      0.9812     -0.6993E-03  0.3177E-03 -0.3311E-04 -0.1276E-03
   8.000      0.9667     -0.9306E-03  0.6374E-03 -0.6424E-04 -0.1494E-03
   8.500      0.9508     -0.1188E-02  0.1000E-02 -0.1027E-03 -0.1682E-03
   9.000      0.9339     -0.1467E-02  0.1402E-02 -0.1487E-03 -0.1822E-03
   9.500      0.9163     -0.1763E-02  0.1836E-02 -0.2020E-03 -0.1899E-03
   10.00      0.8983     -0.2068E-02  0.2298E-02 -0.2624E-03 -0.1897E-03
   10.50      0.8803     -0.2374E-02  0.2781E-02 -0.3293E-03 -0.1803E-03
   11.00      0.8625     -0.2674E-02  0.3277E-02 -0.4021E-03 -0.1610E-03
   11.50      0.8451     -0.2955E-02  0.3780E-02 -0.4799E-03 -0.1317E-03
   12.00      0.8285     -0.3209E-02  0.4281E-02 -0.5618E-03 -0.9271E-04
   12.50      0.8127     -0.3423E-02  0.4773E-02 -0.6466E-03 -0.4533E-04
   13.00      0.7979     -0.3586E-02  0.5247E-02 -0.7332E-03  0.8393E-05
   13.50      0.7844     -0.3686E-02  0.5697E-02 -0.8205E-03  0.6557E-04
   14.00      0.7721     -0.3713E-02  0.6115E-02 -0.9074E-03  0.1225E-03
   14.50      0.7612     -0.3655E-02  0.6494E-02 -0.9927E-03  0.1748E-03
   15.00      0.7517     -0.3505E-02  0.6829E-02 -0.1076E-02  0.2176E-03
   15.50      0.7437     -0.3256E-02  0.7116E-02 -0.1156E-02  0.2453E-03
   16.00      0.7371     -0.2901E-02  0.7349E-02 -0.1232E-02  0.2525E-03
   16.50      0.7320     -0.2439E-02  0.7529E-02 -0.1305E-02  0.2336E-03
   17.00      0.7282     -0.1867E-02  0.7653E-02 -0.1374E-02  0.1834E-03
   17.50      0.7258     -0.1189E-02  0.7723E-02 -0.1440E-02  0.9708E-04
   18.00      0.7247     -0.4063E-03  0.7739E-02 -0.1503E-02 -0.2956E-04
   18.50      0.7248      0.4747E-03  0.7704E-02 -0.1565E-02 -0.1999E-03
   19.00      0.7260      0.1447E-02  0.7622E-02 -0.1625E-02 -0.4163E-03
   19.50      0.7281      0.2502E-02  0.7497E-02 -0.1684E-02 -0.6806E-03
   20.00      0.7312      0.3632E-02  0.7332E-02 -0.1745E-02 -0.9934E-03
   20.50      0.7350      0.4825E-02  0.7134E-02 -0.1808E-02 -0.1355E-02
   21.00      0.7394      0.6072E-02  0.6905E-02 -0.1874E-02 -0.1764E-02
   21.50      0.7443      0.7362E-02  0.6651E-02 -0.1944E-02 -0.2219E-02
   22.00      0.7496      0.8686E-02  0.6376E-02 -0.2019E-02 -0.2719E-02
   22.50      0.7552      0.1003E-01  0.6084E-02 -0.2099E-02 -0.3261E-02
   23.00      0.7608      0.1140E-01  0.5778E-02 -0.2187E-02 -0.3843E-02
   23.50      0.7664      0.1276E-01  0.5461E-02 -0.2282E-02 -0.4462E-02
   24.00      0.7719      0.1413E-01  0.5136E-02 -0.2385E-02 -0.5115E-02
   24.50      0.7771      0.1549E-01  0.4805E-02 -0.2496E-02 -0.5801E-02
   25.00      0.7820      0.1683E-01  0.4469E-02 -0.2616E-02 -0.6516E-02
   25.50      0.7863      0.1815E-01  0.4130E-02 -0.2746E-02 -0.7258E-02
   26.00      0.7901      0.1945E-01  0.3789E-02 -0.2884E-02 -0.8025E-02
   26.50      0.7931      0.2071E-01  0.3445E-02 -0.3033E-02 -0.8816E-02
   27.00      0.7954      0.2194E-01  0.3099E-02 -0.3191E-02 -0.9629E-02
   27.50      0.7969      0.2313E-01  0.2752E-02 -0.3359E-02 -0.1046E-01
   28.00      0.7974      0.2427E-01  0.2401E-02 -0.3537E-02 -0.1131E-01
   28.50      0.7970      0.2536E-01  0.2048E-02 -0.3725E-02 -0.1218E-01
   29.00      0.7955      0.2640E-01  0.1690E-02 -0.3922E-02 -0.1307E-01
   29.50      0.7930      0.2739E-01  0.1328E-02 -0.4130E-02 -0.1398E-01
   30.00      0.7894      0.2832E-01  0.9587E-03 -0.4347E-02 -0.1490E-01
   30.50      0.7847      0.2919E-01  0.5819E-03 -0.4574E-02 -0.1584E-01
   31.00      0.7789      0.2999E-01  0.1958E-03 -0.4810E-02 -0.1680E-01
   31.50      0.7719      0.3073E-01 -0.2012E-03 -0.5055E-02 -0.1777E-01
   32.00      0.7639      0.3139E-01 -0.6110E-03 -0.5309E-02 -0.1877E-01
   32.50      0.7547      0.3198E-01 -0.1035E-02 -0.5571E-02 -0.1977E-01
   33.00      0.7445      0.3249E-01 -0.1477E-02 -0.5841E-02 -0.2080E-01
   33.50      0.7333      0.3292E-01 -0.1936E-02 -0.6118E-02 -0.2184E-01
   34.00      0.7210      0.3326E-01 -0.2417E-02 -0.6401E-02 -0.2290E-01
   34.50      0.7078      0.3351E-01 -0.2921E-02 -0.6690E-02 -0.2398E-01
   35.00      0.6938      0.3366E-01 -0.3451E-02 -0.6984E-02 -0.2508E-01
   35.50      0.6789      0.3371E-01 -0.4009E-02 -0.7281E-02 -0.2619E-01
   36.00      0.6632      0.3365E-01 -0.4597E-02 -0.7580E-02 -0.2732E-01
   36.50      0.6469      0.3347E-01 -0.5218E-02 -0.7880E-02 -0.2846E-01
   37.00      0.6299      0.3318E-01 -0.5875E-02 -0.8178E-02 -0.2962E-01
   37.50      0.6124      0.3275E-01 -0.6570E-02 -0.8473E-02 -0.3079E-01
   38.00      0.5945      0.3219E-01 -0.7305E-02 -0.8762E-02 -0.3197E-01
   38.50      0.5762      0.3149E-01 -0.8082E-02 -0.9043E-02 -0.3315E-01
   39.00      0.5576      0.3063E-01 -0.8904E-02 -0.9313E-02 -0.3434E-01
   39.50      0.5388      0.2962E-01 -0.9772E-02 -0.9568E-02 -0.3553E-01
   40.00      0.5199      0.2843E-01 -0.1069E-01 -0.9806E-02 -0.3672E-01
   40.50      0.5010      0.2706E-01 -0.1165E-01 -0.1002E-01 -0.3789E-01
   41.00      0.4822      0.2551E-01 -0.1266E-01 -0.1021E-01 -0.3905E-01
   41.50      0.4635      0.2377E-01 -0.1372E-01 -0.1037E-01 -0.4018E-01
   42.00      0.4451      0.2181E-01 -0.1482E-01 -0.1049E-01 -0.4127E-01
   42.50      0.4270      0.1965E-01 -0.1597E-01 -0.1058E-01 -0.4232E-01
   43.00      0.4093      0.1728E-01 -0.1715E-01 -0.1061E-01 -0.4330E-01
   43.50      0.3921      0.1468E-01 -0.1835E-01 -0.1060E-01 -0.4421E-01
   44.00      0.3754      0.1187E-01 -0.1958E-01 -0.1053E-01 -0.4503E-01
   44.50      0.3593      0.8847E-02 -0.2082E-01 -0.1039E-01 -0.4574E-01
   45.00      0.3439      0.5621E-02 -0.2204E-01 -0.1020E-01 -0.4632E-01
   45.50      0.3293      0.2208E-02 -0.2324E-01 -0.9929E-02 -0.4676E-01
   46.00      0.3154     -0.1369E-02 -0.2439E-01 -0.9591E-02 -0.4701E-01
   46.50      0.3024     -0.5078E-02 -0.2547E-01 -0.9181E-02 -0.4708E-01
   47.00      0.2902     -0.8880E-02 -0.2644E-01 -0.8701E-02 -0.4692E-01
   47.50      0.2790     -0.1272E-01 -0.2728E-01 -0.8156E-02 -0.4652E-01
   48.00      0.2688     -0.1655E-01 -0.2795E-01 -0.7553E-02 -0.4587E-01
   48.50      0.2595     -0.2030E-01 -0.2842E-01 -0.6904E-02 -0.4494E-01
   49.00      0.2512     -0.2388E-01 -0.2865E-01 -0.6221E-02 -0.4373E-01
   49.50      0.2440     -0.2722E-01 -0.2861E-01 -0.5524E-02 -0.4223E-01
   50.00      0.2377     -0.3024E-01 -0.2828E-01 -0.4834E-02 -0.4046E-01
   50.50      0.2326     -0.3285E-01 -0.2763E-01 -0.4174E-02 -0.3842E-01
   51.00      0.2284     -0.3497E-01 -0.2664E-01 -0.3571E-02 -0.3614E-01
   51.50      0.2253     -0.3656E-01 -0.2533E-01 -0.3050E-02 -0.3365E-01
   52.00      0.2232     -0.3754E-01 -0.2368E-01 -0.2637E-02 -0.3099E-01
   52.50      0.2221     -0.3791E-01 -0.2173E-01 -0.2356E-02 -0.2822E-01
   53.00      0.2220     -0.3763E-01 -0.1949E-01 -0.2226E-02 -0.2537E-01
   53.50      0.2228     -0.3673E-01 -0.1701E-01 -0.2264E-02 -0.2251E-01
   54.00      0.2246     -0.3523E-01 -0.1432E-01 -0.2479E-02 -0.1968E-01
   54.50      0.2273     -0.3318E-01 -0.1147E-01 -0.2879E-02 -0.1693E-01
   55.00      0.2308     -0.3063E-01 -0.8518E-02 -0.3463E-02 -0.1430E-01
   55.50      0.2352     -0.2765E-01 -0.5499E-02 -0.4227E-02 -0.1182E-01
   56.00      0.2403     -0.2433E-01 -0.2461E-02 -0.5165E-02 -0.9514E-02
   56.50      0.2462     -0.2072E-01  0.5556E-03 -0.6264E-02 -0.7407E-02
   57.00      0.2527     -0.1691E-01  0.3517E-02 -0.7513E-02 -0.5507E-02
   57.50      0.2600     -0.1296E-01  0.6393E-02 -0.8897E-02 -0.3816E-02
   58.00      0.2678     -0.8938E-02  0.9162E-02 -0.1040E-01 -0.2332E-02
   58.50      0.2761     -0.4892E-02  0.1181E-01 -0.1201E-01 -0.1051E-02
   59.00      0.2849     -0.8706E-03  0.1431E-01 -0.1372E-01  0.3940E-04
   59.50      0.2942      0.3086E-02  0.1667E-01 -0.1550E-01  0.9498E-03
   60.00      0.3038      0.6947E-02  0.1887E-01 -0.1734E-01  0.1694E-02
   60.50      0.3137      0.1069E-01  0.2093E-01 -0.1925E-01  0.2287E-02
   61.00      0.3240      0.1429E-01  0.2283E-01 -0.2120E-01  0.2743E-02
   61.50      0.3344      0.1773E-01  0.2458E-01 -0.2318E-01  0.3077E-02
   62.00      0.3450      0.2101E-01  0.2618E-01 -0.2520E-01  0.3303E-02
   62.50      0.3557      0.2412E-01  0.2765E-01 -0.2724E-01  0.3435E-02
   63.00      0.3665      0.2706E-01  0.2897E-01 -0.2929E-01  0.3484E-02
   63.50      0.3773      0.2982E-01  0.3017E-01 -0.3136E-01  0.3463E-02
   64.00      0.3880      0.3241E-01  0.3124E-01 -0.3343E-01  0.3383E-02
   64.50      0.3987      0.3482E-01  0.3220E-01 -0.3551E-01  0.3252E-02
   65.00      0.4093      0.3706E-01  0.3303E-01 -0.3759E-01  0.3081E-02
   65.50      0.4197      0.3914E-01  0.3377E-01 -0.3966E-01  0.2877E-02
   66.00      0.4298      0.4106E-01  0.3439E-01 -0.4172E-01  0.2646E-02
   66.50      0.4398      0.4281E-01  0.3492E-01 -0.4378E-01  0.2397E-02
   67.00      0.4495      0.4442E-01  0.3536E-01 -0.4582E-01  0.2134E-02
   67.50      0.4588      0.4587E-01  0.3570E-01 -0.4785E-01  0.1862E-02
   68.00      0.4679      0.4719E-01  0.3596E-01 -0.4986E-01  0.1587E-02
   68.50      0.4765      0.4836E-01  0.3614E-01 -0.5185E-01  0.1311E-02
   69.00      0.4848      0.4939E-01  0.3623E-01 -0.5383E-01  0.1039E-02
   69.50      0.4927      0.5030E-01  0.3625E-01 -0.5577E-01  0.7732E-03
   70.00      0.5002      0.5107E-01  0.3620E-01 -0.5769E-01  0.5164E-03
   70.50      0.5072      0.5172E-01  0.3607E-01 -0.5959E-01  0.2709E-03
   71.00      0.5137      0.5225E-01  0.3587E-01 -0.6145E-01  0.3849E-04
   71.50      0.5198      0.5266E-01  0.3561E-01 -0.6328E-01 -0.1794E-03
   72.00      0.5254      0.5296E-01  0.3528E-01 -0.6508E-01 -0.3814E-03
   72.50      0.5306      0.5315E-01  0.3489E-01 -0.6684E-01 -0.5667E-03
   73.00      0.5352      0.5322E-01  0.3443E-01 -0.6856E-01 -0.7346E-03
   73.50      0.5394      0.5319E-01  0.3391E-01 -0.7024E-01 -0.8846E-03
   74.00      0.5430      0.5306E-01  0.3333E-01 -0.7187E-01 -0.1017E-02
   74.50      0.5462      0.5283E-01  0.3269E-01 -0.7346E-01 -0.1130E-02
   75.00      0.5489      0.5250E-01  0.3200E-01 -0.7500E-01 -0.1226E-02
   75.50      0.5511      0.5207E-01  0.3125E-01 -0.7649E-01 -0.1305E-02
   76.00      0.5528      0.5155E-01  0.3045E-01 -0.7792E-01 -0.1366E-02
   76.50      0.5540      0.5094E-01  0.2959E-01 -0.7930E-01 -0.1411E-02
   77.00      0.5548      0.5025E-01  0.2868E-01 -0.8061E-01 -0.1441E-02
   77.50      0.5551      0.4947E-01  0.2772E-01 -0.8187E-01 -0.1456E-02
   78.00      0.5550      0.4861E-01  0.2670E-01 -0.8306E-01 -0.1458E-02
   78.50      0.5545      0.4767E-01  0.2564E-01 -0.8418E-01 -0.1448E-02
   79.00      0.5535      0.4665E-01  0.2454E-01 -0.8523E-01 -0.1427E-02
   79.50      0.5521      0.4557E-01  0.2339E-01 -0.8621E-01 -0.1397E-02
   80.00      0.5503      0.4441E-01  0.2219E-01 -0.8712E-01 -0.1360E-02
   80.50      0.5482      0.4320E-01  0.2095E-01 -0.8794E-01 -0.1316E-02
   81.00      0.5456      0.4192E-01  0.1967E-01 -0.8869E-01 -0.1269E-02
   81.50      0.5428      0.4058E-01  0.1835E-01 -0.8935E-01 -0.1219E-02
   82.00      0.5395      0.3919E-01  0.1699E-01 -0.8992E-01 -0.1169E-02
   82.50      0.5360      0.3774E-01  0.1560E-01 -0.9041E-01 -0.1121E-02
   83.00      0.5321      0.3625E-01  0.1418E-01 -0.9080E-01 -0.1078E-02
   83.50      0.5279      0.3472E-01  0.1272E-01 -0.9110E-01 -0.1041E-02
   84.00      0.5235      0.3315E-01  0.1123E-01 -0.9131E-01 -0.1014E-02
   84.50      0.5187      0.3154E-01  0.9715E-02 -0.9141E-01 -0.9979E-03
   85.00      0.5137      0.2990E-01  0.8174E-02 -0.9142E-01 -0.9964E-03
   85.50      0.5085      0.2823E-01  0.6609E-02 -0.9133E-01 -0.1012E-02
   86.00      0.5029      0.2654E-01  0.5023E-02 -0.9114E-01 -0.1048E-02
   86.50      0.4972      0.2483E-01  0.3417E-02 -0.9084E-01 -0.1107E-02
   87.00      0.4913      0.2310E-01  0.1794E-02 -0.9044E-01 -0.1192E-02
   87.50      0.4851      0.2135E-01  0.1557E-03 -0.8994E-01 -0.1307E-02
   88.00      0.4787      0.1960E-01 -0.1496E-02 -0.8933E-01 -0.1454E-02
   88.50      0.4722      0.1784E-01 -0.3160E-02 -0.8862E-01 -0.1638E-02
   89.00      0.4654      0.1608E-01 -0.4833E-02 -0.8780E-01 -0.1861E-02
   89.50      0.4585      0.1433E-01 -0.6514E-02 -0.8688E-01 -0.2128E-02
   90.00      0.4514      0.1257E-01 -0.8201E-02 -0.8585E-01 -0.2442E-02
   90.50      0.4442      0.1082E-01 -0.9893E-02 -0.8472E-01 -0.2807E-02
   91.00      0.4368      0.9087E-02 -0.1159E-01 -0.8349E-01 -0.3226E-02
   91.50      0.4292      0.7364E-02 -0.1329E-01 -0.8216E-01 -0.3705E-02
   92.00      0.4216      0.5658E-02 -0.1499E-01 -0.8073E-01 -0.4246E-02
   92.50      0.4137      0.3971E-02 -0.1669E-01 -0.7920E-01 -0.4854E-02
   93.00      0.4058      0.2308E-02 -0.1838E-01 -0.7758E-01 -0.5533E-02
   93.50      0.3977      0.6692E-03 -0.2008E-01 -0.7586E-01 -0.6288E-02
   94.00      0.3895     -0.9410E-03 -0.2178E-01 -0.7405E-01 -0.7124E-02
   94.50      0.3812     -0.2520E-02 -0.2348E-01 -0.7215E-01 -0.8044E-02
   95.00      0.3728     -0.4066E-02 -0.2517E-01 -0.7016E-01 -0.9053E-02
   95.50      0.3643     -0.5576E-02 -0.2686E-01 -0.6809E-01 -0.1016E-01
   96.00      0.3557     -0.7048E-02 -0.2855E-01 -0.6592E-01 -0.1136E-01
   96.50      0.3470     -0.8478E-02 -0.3024E-01 -0.6367E-01 -0.1267E-01
   97.00      0.3383     -0.9865E-02 -0.3193E-01 -0.6134E-01 -0.1409E-01
   97.50      0.3294     -0.1121E-01 -0.3363E-01 -0.5892E-01 -0.1562E-01
   98.00      0.3205     -0.1250E-01 -0.3532E-01 -0.5642E-01 -0.1728E-01
   98.50      0.3115     -0.1374E-01 -0.3701E-01 -0.5384E-01 -0.1906E-01
   99.00      0.3025     -0.1493E-01 -0.3871E-01 -0.5117E-01 -0.2099E-01
   99.50      0.2935     -0.1606E-01 -0.4042E-01 -0.4842E-01 -0.2305E-01
   100.0      0.2844     -0.1713E-01 -0.4213E-01 -0.4558E-01 -0.2526E-01
   100.5      0.2752     -0.1815E-01 -0.4385E-01 -0.4266E-01 -0.2764E-01
   101.0      0.2661     -0.1910E-01 -0.4558E-01 -0.3964E-01 -0.3018E-01
   101.5      0.2569     -0.1998E-01 -0.4733E-01 -0.3653E-01 -0.3290E-01
   102.0      0.2478     -0.2080E-01 -0.4909E-01 -0.3333E-01 -0.3580E-01
   102.5      0.2386     -0.2154E-01 -0.5086E-01 -0.3003E-01 -0.3891E-01
   103.0      0.2295     -0.2221E-01 -0.5266E-01 -0.2662E-01 -0.4223E-01
   103.5      0.2204     -0.2280E-01 -0.5447E-01 -0.2310E-01 -0.4577E-01
   104.0      0.2114     -0.2331E-01 -0.5631E-01 -0.1947E-01 -0.4955E-01
   104.5      0.2024     -0.2373E-01 -0.5818E-01 -0.1571E-01 -0.5359E-01
   105.0      0.1935     -0.2407E-01 -0.6008E-01 -0.1182E-01 -0.5790E-01
   105.5      0.1847     -0.2431E-01 -0.6201E-01 -0.7781E-02 -0.6250E-01
   106.0      0.1760     -0.2446E-01 -0.6398E-01 -0.3592E-02 -0.6742E-01
   106.5      0.1674     -0.2450E-01 -0.6599E-01  0.7620E-03 -0.7267E-01
   107.0      0.1589     -0.2443E-01 -0.6804E-01  0.5296E-02 -0.7827E-01
   107.5      0.1505     -0.2425E-01 -0.7013E-01  0.1003E-01 -0.8427E-01
   108.0      0.1423     -0.2395E-01 -0.7227E-01  0.1497E-01 -0.9067E-01
   108.5      0.1343     -0.2351E-01 -0.7446E-01  0.2014E-01 -0.9752E-01
   109.0      0.1264     -0.2293E-01 -0.7669E-01  0.2557E-01 -0.1048    
   109.5      0.1187     -0.2220E-01 -0.7897E-01  0.3128E-01 -0.1127    
   110.0      0.1112     -0.2130E-01 -0.8129E-01  0.3729E-01 -0.1211    
   110.5      0.1039     -0.2022E-01 -0.8364E-01  0.4363E-01 -0.1301    
   111.0      0.9689E-01 -0.1894E-01 -0.8602E-01  0.5035E-01 -0.1397    
   111.5      0.9009E-01 -0.1745E-01 -0.8841E-01  0.5747E-01 -0.1499    
   112.0      0.8353E-01 -0.1572E-01 -0.9078E-01  0.6504E-01 -0.1609    
   112.5      0.7723E-01 -0.1372E-01 -0.9312E-01  0.7308E-01 -0.1727    
   113.0      0.7120E-01 -0.1143E-01 -0.9538E-01  0.8166E-01 -0.1851    
   113.5      0.6545E-01 -0.8813E-02 -0.9751E-01  0.9081E-01 -0.1984    
   114.0      0.5999E-01 -0.5833E-02 -0.9943E-01  0.1006     -0.2125    
   114.5      0.5482E-01 -0.2450E-02 -0.1010      0.1110     -0.2273    
   115.0      0.4997E-01  0.1380E-02 -0.1022      0.1220     -0.2427    
   115.5      0.4542E-01  0.5700E-02 -0.1029      0.1338     -0.2586    
   116.0      0.4120E-01  0.1055E-01 -0.1027      0.1462     -0.2748    
   116.5      0.3729E-01  0.1598E-01 -0.1015      0.1591     -0.2909    
   117.0      0.3372E-01  0.2199E-01 -0.9889E-01  0.1724     -0.3064    
   117.5      0.3048E-01  0.2859E-01 -0.9455E-01  0.1858     -0.3205    
   118.0      0.2757E-01  0.3572E-01 -0.8802E-01  0.1990     -0.3322    
   118.5      0.2500E-01  0.4329E-01 -0.7883E-01  0.2113     -0.3402    
   119.0      0.2276E-01  0.5108E-01 -0.6650E-01  0.2221     -0.3429    
   119.5      0.2086E-01  0.5880E-01 -0.5068E-01  0.2302     -0.3386    
   120.0      0.1930E-01  0.6604E-01 -0.3121E-01  0.2346     -0.3255    
   120.5      0.1807E-01  0.7228E-01 -0.8286E-02  0.2343     -0.3021    
   121.0      0.1717E-01  0.7699E-01  0.1745E-01  0.2283     -0.2678    
   121.5      0.1660E-01  0.7967E-01  0.4486E-01  0.2162     -0.2229    
   122.0      0.1635E-01  0.8001E-01  0.7244E-01  0.1982     -0.1693    
   122.5      0.1641E-01  0.7795E-01  0.9853E-01  0.1754     -0.1097    
   123.0      0.1679E-01  0.7369E-01  0.1216      0.1490     -0.4789E-01
   123.5      0.1746E-01  0.6768E-01  0.1407      0.1210      0.1269E-01
   124.0      0.1844E-01  0.6047E-01  0.1553      0.9292E-01  0.6907E-01
   124.5      0.1970E-01  0.5263E-01  0.1653      0.6617E-01  0.1193    
   125.0      0.2124E-01  0.4466E-01  0.1712      0.4166E-01  0.1623    
   125.5      0.2304E-01  0.3693E-01  0.1736      0.1988E-01  0.1979    
   126.0      0.2511E-01  0.2969E-01  0.1732      0.9943E-03  0.2266    
   126.5      0.2743E-01  0.2307E-01  0.1706     -0.1510E-01  0.2492    
   127.0      0.2999E-01  0.1715E-01  0.1664     -0.2861E-01  0.2664    
   127.5      0.3278E-01  0.1192E-01  0.1611     -0.3984E-01  0.2791    
   128.0      0.3579E-01  0.7352E-02  0.1550     -0.4909E-01  0.2882    
   128.5      0.3902E-01  0.3403E-02  0.1483     -0.5666E-01  0.2942    
   129.0      0.4244E-01  0.1282E-04  0.1414     -0.6282E-01  0.2979    
   129.5      0.4606E-01 -0.2878E-02  0.1344     -0.6780E-01  0.2997    
   130.0      0.4985E-01 -0.5327E-02  0.1273     -0.7180E-01  0.2999    
   130.5      0.5382E-01 -0.7387E-02  0.1202     -0.7499E-01  0.2989    
   131.0      0.5796E-01 -0.9107E-02  0.1131     -0.7752E-01  0.2970    
   131.5      0.6226E-01 -0.1053E-01  0.1061     -0.7949E-01  0.2943    
   132.0      0.6670E-01 -0.1169E-01  0.9927E-01 -0.8100E-01  0.2909    
   132.5      0.7129E-01 -0.1263E-01  0.9249E-01 -0.8214E-01  0.2871    
   133.0      0.7602E-01 -0.1337E-01  0.8581E-01 -0.8297E-01  0.2828    
   133.5      0.8089E-01 -0.1394E-01  0.7922E-01 -0.8353E-01  0.2783    
   134.0      0.8588E-01 -0.1437E-01  0.7272E-01 -0.8389E-01  0.2734    
   134.5      0.9100E-01 -0.1467E-01  0.6629E-01 -0.8406E-01  0.2683    
   135.0      0.9625E-01 -0.1485E-01  0.5993E-01 -0.8408E-01  0.2631    
   135.5      0.1016     -0.1495E-01  0.5362E-01 -0.8397E-01  0.2576    
   136.0      0.1071     -0.1496E-01  0.4736E-01 -0.8375E-01  0.2520    
   136.5      0.1128     -0.1491E-01  0.4115E-01 -0.8345E-01  0.2463    
   137.0      0.1185     -0.1480E-01  0.3497E-01 -0.8306E-01  0.2405    
   137.5      0.1244     -0.1464E-01  0.2882E-01 -0.8261E-01  0.2346    
   138.0      0.1304     -0.1444E-01  0.2270E-01 -0.8210E-01  0.2286    
   138.5      0.1366     -0.1422E-01  0.1660E-01 -0.8153E-01  0.2225    
   139.0      0.1430     -0.1397E-01  0.1052E-01 -0.8092E-01  0.2163    
   139.5      0.1494     -0.1371E-01  0.4477E-02 -0.8027E-01  0.2101    
   140.0      0.1561     -0.1344E-01 -0.1545E-02 -0.7958E-01  0.2038    
   140.5      0.1630     -0.1317E-01 -0.7536E-02 -0.7885E-01  0.1974    
   141.0      0.1700     -0.1289E-01 -0.1349E-01 -0.7808E-01  0.1910    
   141.5      0.1772     -0.1262E-01 -0.1941E-01 -0.7729E-01  0.1846    
   142.0      0.1847     -0.1236E-01 -0.2528E-01 -0.7646E-01  0.1782    
   142.5      0.1924     -0.1211E-01 -0.3109E-01 -0.7561E-01  0.1718    
   143.0      0.2004     -0.1187E-01 -0.3685E-01 -0.7473E-01  0.1653    
   143.5      0.2086     -0.1165E-01 -0.4253E-01 -0.7383E-01  0.1589    
   144.0      0.2171     -0.1145E-01 -0.4813E-01 -0.7290E-01  0.1526    
   144.5      0.2259     -0.1126E-01 -0.5365E-01 -0.7195E-01  0.1462    
   145.0      0.2350     -0.1109E-01 -0.5907E-01 -0.7098E-01  0.1399    
   145.5      0.2444     -0.1094E-01 -0.6438E-01 -0.6998E-01  0.1337    
   146.0      0.2542     -0.1082E-01 -0.6958E-01 -0.6897E-01  0.1276    
   146.5      0.2644     -0.1071E-01 -0.7466E-01 -0.6794E-01  0.1216    
   147.0      0.2749     -0.1062E-01 -0.7961E-01 -0.6690E-01  0.1157    
   147.5      0.2858     -0.1055E-01 -0.8443E-01 -0.6584E-01  0.1099    
   148.0      0.2972     -0.1050E-01 -0.8910E-01 -0.6477E-01  0.1042    
   148.5      0.3090     -0.1047E-01 -0.9362E-01 -0.6369E-01  0.9866E-01
   149.0      0.3212     -0.1045E-01 -0.9800E-01 -0.6260E-01  0.9328E-01
   149.5      0.3339     -0.1045E-01 -0.1022     -0.6151E-01  0.8806E-01
   150.0      0.3470     -0.1046E-01 -0.1063     -0.6040E-01  0.8301E-01
   150.5      0.3606     -0.1048E-01 -0.1102     -0.5930E-01  0.7813E-01
   151.0      0.3747     -0.1051E-01 -0.1139     -0.5818E-01  0.7342E-01
   151.5      0.3894     -0.1055E-01 -0.1175     -0.5707E-01  0.6890E-01
   152.0      0.4045     -0.1060E-01 -0.1209     -0.5595E-01  0.6456E-01
   152.5      0.4201     -0.1065E-01 -0.1241     -0.5484E-01  0.6040E-01
   153.0      0.4363     -0.1071E-01 -0.1272     -0.5372E-01  0.5643E-01
   153.5      0.4529     -0.1076E-01 -0.1301     -0.5260E-01  0.5265E-01
   154.0      0.4701     -0.1082E-01 -0.1329     -0.5149E-01  0.4905E-01
   154.5      0.4878     -0.1088E-01 -0.1355     -0.5037E-01  0.4563E-01
   155.0      0.5060     -0.1094E-01 -0.1379     -0.4926E-01  0.4238E-01
   155.5      0.5248     -0.1099E-01 -0.1402     -0.4815E-01  0.3932E-01
   156.0      0.5440     -0.1104E-01 -0.1424     -0.4704E-01  0.3642E-01
   156.5      0.5637     -0.1108E-01 -0.1444     -0.4594E-01  0.3369E-01
   157.0      0.5839     -0.1112E-01 -0.1462     -0.4484E-01  0.3112E-01
   157.5      0.6045     -0.1115E-01 -0.1480     -0.4374E-01  0.2871E-01
   158.0      0.6256     -0.1116E-01 -0.1496     -0.4265E-01  0.2645E-01
   158.5      0.6471     -0.1117E-01 -0.1511     -0.4155E-01  0.2433E-01
   159.0      0.6690     -0.1117E-01 -0.1524     -0.4047E-01  0.2235E-01
   159.5      0.6913     -0.1115E-01 -0.1537     -0.3938E-01  0.2050E-01
   160.0      0.7139     -0.1112E-01 -0.1548     -0.3831E-01  0.1878E-01
   160.5      0.7369     -0.1108E-01 -0.1558     -0.3723E-01  0.1718E-01
   161.0      0.7601     -0.1102E-01 -0.1567     -0.3616E-01  0.1569E-01
   161.5      0.7836     -0.1095E-01 -0.1576     -0.3510E-01  0.1430E-01
   162.0      0.8073     -0.1087E-01 -0.1583     -0.3404E-01  0.1302E-01
   162.5      0.8312     -0.1077E-01 -0.1590     -0.3299E-01  0.1184E-01
   163.0      0.8552     -0.1065E-01 -0.1596     -0.3194E-01  0.1074E-01
   163.5      0.8793     -0.1052E-01 -0.1601     -0.3090E-01  0.9732E-02
   164.0      0.9034     -0.1038E-01 -0.1605     -0.2987E-01  0.8801E-02
   164.5      0.9276     -0.1022E-01 -0.1609     -0.2884E-01  0.7944E-02
   165.0      0.9517     -0.1004E-01 -0.1613     -0.2782E-01  0.7157E-02
   165.5      0.9757     -0.9854E-02 -0.1615     -0.2681E-01  0.6435E-02
   166.0      0.9995     -0.9650E-02 -0.1618     -0.2580E-01  0.5774E-02
   166.5       1.023     -0.9432E-02 -0.1620     -0.2480E-01  0.5169E-02
   167.0       1.047     -0.9200E-02 -0.1621     -0.2381E-01  0.4616E-02
   167.5       1.070     -0.8954E-02 -0.1622     -0.2283E-01  0.4112E-02
   168.0       1.092     -0.8695E-02 -0.1623     -0.2186E-01  0.3652E-02
   168.5       1.115     -0.8424E-02 -0.1624     -0.2089E-01  0.3235E-02
   169.0       1.136     -0.8141E-02 -0.1624     -0.1993E-01  0.2856E-02
   169.5       1.158     -0.7846E-02 -0.1625     -0.1897E-01  0.2513E-02
   170.0       1.179     -0.7540E-02 -0.1625     -0.1802E-01  0.2202E-02
   170.5       1.199     -0.7224E-02 -0.1625     -0.1708E-01  0.1922E-02
   171.0       1.218     -0.6898E-02 -0.1625     -0.1615E-01  0.1670E-02
   171.5       1.237     -0.6563E-02 -0.1625     -0.1522E-01  0.1443E-02
   172.0       1.255     -0.6219E-02 -0.1625     -0.1430E-01  0.1239E-02
   172.5       1.272     -0.5867E-02 -0.1624     -0.1338E-01  0.1058E-02
   173.0       1.288     -0.5508E-02 -0.1624     -0.1247E-01  0.8957E-03
   173.5       1.303     -0.5142E-02 -0.1624     -0.1156E-01  0.7518E-03
   174.0       1.318     -0.4769E-02 -0.1624     -0.1065E-01  0.6245E-03
   174.5       1.331     -0.4391E-02 -0.1623     -0.9752E-02  0.5124E-03
   175.0       1.343     -0.4008E-02 -0.1623     -0.8855E-02  0.4141E-03
   175.5       1.354     -0.3620E-02 -0.1623     -0.7961E-02  0.3286E-03
   176.0       1.365     -0.3228E-02 -0.1623     -0.7070E-02  0.2548E-03
   176.5       1.374     -0.2832E-02 -0.1622     -0.6181E-02  0.1919E-03
   177.0       1.381     -0.2433E-02 -0.1622     -0.5295E-02  0.1389E-03
   177.5       1.388     -0.2031E-02 -0.1622     -0.4410E-02  0.9526E-04
   178.0       1.394     -0.1628E-02 -0.1622     -0.3526E-02  0.6033E-04
   178.5       1.398     -0.1222E-02 -0.1622     -0.2644E-02  0.3366E-04
   179.0       1.401     -0.8156E-03 -0.1622     -0.1762E-02  0.1487E-04
   179.5       1.403     -0.4080E-03 -0.1622     -0.8808E-03  0.3705E-05
   180.0       1.403     -0.8157E-05 -0.1622     -0.1761E-04  0.1479E-08
 END
