# 276  0.2000    6.7200 = NLN,RINTP,ELAB
   0.000    0.000000    0.000000
   0.200   -1.355104    0.766544
   0.400   -1.348516    0.806999
   0.600   -1.361685    0.877784
   0.800   -1.448706    0.968955
   1.000   -1.658772    1.062740
   1.200   -2.009229    1.112503
   1.400   -2.484572    1.061356
   1.600   -3.074527    0.841519
   1.800   -3.731032    0.382864
   2.000   -4.317356   -0.376761
   2.200   -4.578669   -1.459154
   2.400   -4.147431   -2.664672
   2.600   -2.817179   -3.406325
   2.800   -1.071822   -3.182208
   3.000    0.261852   -2.304460
   3.200    0.958173   -1.344468
   3.400    1.188063   -0.535887
   3.600    1.106338    0.071211
   3.800    0.818838    0.452203
   4.000    0.437329    0.587672
   4.200    0.085745    0.497551
   4.400   -0.136863    0.261966
   4.600   -0.201291   -0.009615
   4.800   -0.145407   -0.233770
   5.000   -0.030656   -0.377474
   5.200    0.093710   -0.444730
   5.400    0.197723   -0.455604
   5.600    0.270892   -0.430260
   5.800    0.313165   -0.386249
   6.000    0.329428   -0.334323
   6.200    0.325685   -0.282294
   6.400    0.309031   -0.233641
   6.600    0.284075   -0.190280
   6.800    0.254345   -0.152941
   7.000    0.224103   -0.121503
   7.200    0.193613   -0.095213
   7.400    0.165735   -0.074203
   7.600    0.139640   -0.056869
   7.800    0.116603   -0.043077
   8.000    0.096579   -0.032537
   8.200    0.079240   -0.024010
   8.400    0.064545   -0.017551
   8.600    0.051836   -0.012724
   8.800    0.041930   -0.009064
   9.000    0.033121   -0.006266
   9.200    0.026223   -0.004470
   9.400    0.020728   -0.003034
   9.600    0.015861   -0.001936
   9.800    0.012555   -0.001573
  10.000    0.009448   -0.000904
  10.200    0.007752   -0.000920
  10.400    0.004518   -0.000211
  10.600    0.005005   -0.000664
  10.800    0.003258   -0.000557
  11.000    0.001327    0.000151
  11.200    0.002852   -0.000621
  11.400    0.001446   -0.000204
  11.600   -0.000193    0.000193
  11.800    0.002104   -0.000143
  12.000    0.001065   -0.000135
  12.200   -0.001328    0.000618
  12.400    0.002414    0.000069
  12.600   -0.000525    0.000429
  12.800    0.000808    0.000426
  13.000    0.000299    0.000453
  13.200   -0.000011    0.000438
  13.400    0.000243    0.000480
  13.600    0.001147    0.000494
  13.800   -0.001648    0.000078
  14.000    0.001223    0.000617
  14.200    0.000324    0.000303
  14.400   -0.001182   -0.000149
  14.600    0.000684    0.000516
  14.800    0.000257    0.000208
  15.000   -0.001154   -0.000359
  15.200    0.000575    0.000502
  15.400    0.000094    0.000036
  15.600   -0.000994   -0.000406
  15.800    0.000312    0.000409
  16.000    0.000042    0.000001
  16.200   -0.000772   -0.000498
  16.400    0.000005    0.000250
  16.600    0.000102    0.000097
  16.800   -0.000543   -0.000577
  17.000   -0.000023    0.000221
  17.200   -0.000086   -0.000039
  17.400   -0.000153   -0.000558
  17.600   -0.000053    0.000204
  17.800   -0.000008   -0.000008
  18.000    0.000003   -0.000560
  18.200    0.000103    0.000148
  18.400    0.000014   -0.000030
  18.600    0.000116   -0.000380
  18.800    0.000190    0.000111
  19.000    0.000094    0.000013
  19.200    0.000149   -0.000308
  19.400    0.000211    0.000186
  19.600    0.000077    0.000083
  19.800    0.000219   -0.000305
  20.000    0.000100    0.000237
  20.200    0.000153    0.000103
  20.400    0.000051   -0.000143
  20.600    0.000218    0.000219
  20.800   -0.000084   -0.000055
  21.000    0.000139    0.000089
  21.200    0.000037    0.000165
  21.400    0.000053   -0.000118
  21.600   -0.000014    0.000154
  21.800    0.000015    0.000053
  22.000    0.000075   -0.000047
  22.200   -0.000043    0.000089
  22.400    0.000003   -0.000010
  22.600    0.000155   -0.000053
  22.800   -0.000060    0.000049
  23.000    0.000045   -0.000049
  23.200    0.000193   -0.000002
  23.400   -0.000031   -0.000018
  23.600    0.000113   -0.000038
  23.800    0.000259    0.000045
  24.000   -0.000057   -0.000057
  24.200    0.000210    0.000004
  24.400    0.000209    0.000081
  24.600    0.000027   -0.000044
  24.800    0.000190    0.000027
  25.000    0.000143    0.000100
  25.200    0.000100    0.000008
  25.400    0.000118    0.000030
  25.600    0.000082    0.000097
  25.800    0.000110    0.000032
  26.000    0.000043    0.000035
  26.200    0.000018    0.000078
  26.400    0.000068   -0.000006
  26.600   -0.000028    0.000060
  26.800   -0.000030   -0.000023
  27.000    0.000012    0.000048
  27.200   -0.000085   -0.000068
  27.400   -0.000023   -0.000016
  27.600   -0.000080   -0.000002
  27.800   -0.000040   -0.000148
  28.000   -0.000093    0.000020
  28.200   -0.000011   -0.000155
  28.400   -0.000142   -0.000016
  28.600    0.000059   -0.000157
  28.800   -0.000132   -0.000060
  29.000   -0.000025   -0.000076
  29.200    0.000020   -0.000131
  29.400   -0.000092   -0.000056
  29.600    0.000042   -0.000098
  29.800   -0.000036   -0.000070
  30.000   -0.000014   -0.000064
  30.200    0.000023   -0.000060
  30.400   -0.000007   -0.000039
  30.600   -0.000020   -0.000055
  30.800    0.000045   -0.000005
  31.000   -0.000031   -0.000036
  31.200   -0.000001   -0.000008
  31.400    0.000023    0.000005
  31.600   -0.000046   -0.000018
  31.800    0.000016    0.000022
  32.000   -0.000019   -0.000009
  32.200   -0.000041    0.000004
  32.400    0.000004    0.000007
  32.600   -0.000045    0.000002
  32.800   -0.000022   -0.000011
  33.000   -0.000024    0.000003
  33.200   -0.000036   -0.000010
  33.400   -0.000015   -0.000015
  33.600   -0.000037   -0.000017
  33.800   -0.000027   -0.000013
  34.000   -0.000007   -0.000020
  34.200   -0.000034   -0.000019
  34.400   -0.000010   -0.000022
  34.600   -0.000008   -0.000012
  34.800   -0.000022   -0.000017
  35.000    0.000007   -0.000016
  35.200   -0.000017    0.000003
  35.400    0.000002   -0.000008
  35.600   -0.000006    0.000008
  35.800   -0.000001    0.000014
  36.000   -0.000014    0.000014
  36.200    0.000012    0.000028
  36.400   -0.000030    0.000026
  36.600    0.000005    0.000034
  36.800   -0.000017    0.000040
  37.000   -0.000018    0.000038
  37.200   -0.000020    0.000044
  37.400   -0.000020    0.000042
  37.600   -0.000022    0.000045
  37.800   -0.000036    0.000034
  38.000   -0.000020    0.000046
  38.200   -0.000027    0.000031
  38.400   -0.000035    0.000027
  38.600   -0.000021    0.000029
  38.800   -0.000025    0.000017
  39.000   -0.000019    0.000016
  39.200   -0.000015    0.000006
  39.400   -0.000014    0.000005
  39.600   -0.000008    0.000002
  39.800   -0.000005   -0.000002
  40.000   -0.000007   -0.000009
  40.200   -0.000002   -0.000002
  40.400   -0.000008   -0.000018
  40.600   -0.000007   -0.000014
  40.800   -0.000011   -0.000027
  41.000   -0.000008   -0.000035
  41.200   -0.000010   -0.000043
  41.400   -0.000005   -0.000051
  41.600    0.000005   -0.000065
  41.800    0.000008   -0.000067
  42.000    0.000025   -0.000074
  42.200    0.000035   -0.000075
  42.400    0.000041   -0.000069
  42.600    0.000062   -0.000065
  42.800    0.000054   -0.000055
  43.000    0.000071   -0.000042
  43.200    0.000057   -0.000031
  43.400    0.000061   -0.000018
  43.600    0.000046   -0.000009
  43.800    0.000038   -0.000002
  44.000    0.000024    0.000004
  44.200    0.000014    0.000005
  44.400    0.000003    0.000003
  44.600   -0.000006    0.000001
  44.800   -0.000010   -0.000000
  45.000   -0.000014   -0.000008
  45.200   -0.000018   -0.000006
  45.400   -0.000012   -0.000014
  45.600   -0.000017   -0.000011
  45.800   -0.000009   -0.000014
  46.000   -0.000012   -0.000015
  46.200   -0.000006   -0.000014
  46.400   -0.000007   -0.000013
  46.600   -0.000002   -0.000012
  46.800   -0.000003   -0.000011
  47.000    0.000001   -0.000010
  47.200   -0.000000   -0.000009
  47.400    0.000003   -0.000007
  47.600    0.000002   -0.000007
  47.800    0.000004   -0.000004
  48.000    0.000003   -0.000005
  48.200    0.000004   -0.000002
  48.400    0.000003   -0.000003
  48.600    0.000003   -0.000000
  48.800    0.000002   -0.000001
  49.000    0.000002   -0.000001
  49.200    0.000001   -0.000000
  49.400    0.000002   -0.000001
  49.600   -0.000000   -0.000000
  49.800   -0.000000   -0.000000
  50.000    0.000001   -0.000002
  50.200   -0.000002   -0.000000
  50.400   -0.000001   -0.000002
  50.600   -0.000001   -0.000002
  50.800   -0.000002   -0.000002
  51.000   -0.000001   -0.000002
  51.200   -0.000002   -0.000003
  51.400   -0.000001   -0.000002
  51.600   -0.000001   -0.000004
  51.800   -0.000002   -0.000004
  52.000   -0.000001   -0.000004
  52.200   -0.000000   -0.000002
  52.400   -0.000000   -0.000002
  52.600    0.000000   -0.000001
  52.800   -0.000001   -0.000001
  53.000   -0.000000   -0.000001
  53.200   -0.000002   -0.000002
  53.400   -0.000002   -0.000002
  53.600   -0.000002   -0.000002
  53.800   -0.000003   -0.000002
  54.000   -0.000002   -0.000003
  54.200   -0.000001   -0.000004
  54.400   -0.000001   -0.000004
  54.600   -0.000001   -0.000004
  54.800   -0.000001   -0.000004
  55.000   -0.000001   -0.000004
 END
