# Fusion cross sections for ELAB=  16.000, ECM=  13.700
     0.0   7.600       8.910       1.310    
     1.0   69.21       78.58       9.369    
     2.0   115.3       132.3       16.96    
     3.0   157.2       183.1       25.90    
     4.0   176.5       208.7       32.26    
     5.0   152.8       194.6       41.82    
     6.0   94.20       134.9       40.65    
     7.0   39.13       64.84       25.71    
     8.0   12.02       21.74       9.721    
     9.0   3.471       6.935       3.464    
    10.0  0.9816       2.238       1.257    
    11.0  0.2734      0.7298      0.4565    
    12.0  0.7520E-01  0.2390      0.1638    
    13.0  0.2029E-01  0.9127E-01  0.7099E-01
    14.0  0.5249E-02  0.4679E-01  0.4154E-01
    15.0  0.1076E-02  0.2546E-01  0.2438E-01
    16.0  0.3948E-05  0.1078E-01  0.1078E-01
    17.0 -0.1292E-03  0.3146E-02  0.3275E-02
    18.0 -0.6538E-04  0.6267E-03  0.6921E-03
 &
