# 121 angles,  1 tensor ranks for 0=projectile
@subtitle   "12C(d,p)13C"                                                                   
@legend ON
@legend x1 0.2
@legend y1 0.8
@g0 type LOGY
@yaxis ticklabel format power
@xaxis label "Scattering angle (degrees)"
@yaxis label "Cross section (mb/sr)"
@legend string   0 "Partition=  1 Excit=  1 near/far= 1"
#legend string   0 "Lab energy =   16.0000"
@s0 linestyle   1
#  Theta       sigma       iT11        T20         T21         T22         Kyy for projectile
  0.1000E-01   1.000    
  0.5000      0.9975    
   1.000      0.9867    
   1.500      0.9686    
   2.000      0.9452    
   2.500      0.9182    
   3.000      0.8892    
   3.500      0.8596    
   4.000      0.8309    
   4.500      0.8043    
   5.000      0.7811    
   5.500      0.7623    
   6.000      0.7491    
   6.500      0.7423    
   7.000      0.7428    
   7.500      0.7514    
   8.000      0.7687    
   8.500      0.7952    
   9.000      0.8314    
   9.500      0.8776    
   10.00      0.9338    
   10.50       1.000    
   11.00       1.077    
   11.50       1.163    
   12.00       1.258    
   12.50       1.362    
   13.00       1.475    
   13.50       1.594    
   14.00       1.720    
   14.50       1.852    
   15.00       1.988    
   15.50       2.127    
   16.00       2.267    
   16.50       2.409    
   17.00       2.549    
   17.50       2.687    
   18.00       2.821    
   18.50       2.950    
   19.00       3.072    
   19.50       3.187    
   20.00       3.293    
   20.50       3.388    
   21.00       3.471    
   21.50       3.543    
   22.00       3.600    
   22.50       3.644    
   23.00       3.673    
   23.50       3.686    
   24.00       3.684    
   24.50       3.667    
   25.00       3.633    
   25.50       3.584    
   26.00       3.520    
   26.50       3.441    
   27.00       3.349    
   27.50       3.242    
   28.00       3.124    
   28.50       2.994    
   29.00       2.854    
   29.50       2.706    
   30.00       2.550    
   30.50       2.388    
   31.00       2.222    
   31.50       2.053    
   32.00       1.883    
   32.50       1.713    
   33.00       1.545    
   33.50       1.381    
   34.00       1.222    
   34.50       1.070    
   35.00      0.9252    
   35.50      0.7901    
   36.00      0.6656    
   36.50      0.5528    
   37.00      0.4527    
   37.50      0.3662    
   38.00      0.2939    
   38.50      0.2364    
   39.00      0.1942    
   39.50      0.1676    
   40.00      0.1567    
   40.50      0.1615    
   41.00      0.1818    
   41.50      0.2172    
   42.00      0.2674    
   42.50      0.3318    
   43.00      0.4096    
   43.50      0.5000    
   44.00      0.6021    
   44.50      0.7149    
   45.00      0.8373    
   45.50      0.9680    
   46.00       1.106    
   46.50       1.250    
   47.00       1.398    
   47.50       1.550    
   48.00       1.704    
   48.50       1.858    
   49.00       2.012    
   49.50       2.164    
   50.00       2.313    
   50.50       2.458    
   51.00       2.598    
   51.50       2.731    
   52.00       2.858    
   52.50       2.977    
   53.00       3.087    
   53.50       3.188    
   54.00       3.280    
   54.50       3.362    
   55.00       3.433    
   55.50       3.494    
   56.00       3.545    
   56.50       3.585    
   57.00       3.616    
   57.50       3.636    
   58.00       3.647    
   58.50       3.649    
   59.00       3.642    
   59.50       3.627    
   60.00       3.605    
 END
@legend string   1 "Partition=  1 Excit=  2 near/far= 1"
#legend string   0 "Lab energy =   16.0000"
@s1 linestyle   2
#  Theta       sigma       iT11        T20         T21         T22         Kyy for projectile
   0.000       2.634    
  0.5000       2.635    
   1.000       2.638    
   1.500       2.642    
   2.000       2.649    
   2.500       2.657    
   3.000       2.667    
   3.500       2.678    
   4.000       2.690    
   4.500       2.704    
   5.000       2.718    
   5.500       2.733    
   6.000       2.749    
   6.500       2.766    
   7.000       2.782    
   7.500       2.799    
   8.000       2.817    
   8.500       2.834    
   9.000       2.851    
   9.500       2.867    
   10.00       2.884    
   10.50       2.901    
   11.00       2.917    
   11.50       2.933    
   12.00       2.949    
   12.50       2.965    
   13.00       2.981    
   13.50       2.997    
   14.00       3.013    
   14.50       3.029    
   15.00       3.046    
   15.50       3.063    
   16.00       3.080    
   16.50       3.098    
   17.00       3.115    
   17.50       3.133    
   18.00       3.151    
   18.50       3.169    
   19.00       3.186    
   19.50       3.204    
   20.00       3.220    
   20.50       3.236    
   21.00       3.251    
   21.50       3.264    
   22.00       3.276    
   22.50       3.285    
   23.00       3.293    
   23.50       3.298    
   24.00       3.301    
   24.50       3.301    
   25.00       3.298    
   25.50       3.291    
   26.00       3.282    
   26.50       3.269    
   27.00       3.252    
   27.50       3.232    
   28.00       3.209    
   28.50       3.182    
   29.00       3.152    
   29.50       3.118    
   30.00       3.081    
   30.50       3.041    
   31.00       2.999    
   31.50       2.953    
   32.00       2.905    
   32.50       2.855    
   33.00       2.802    
   33.50       2.748    
   34.00       2.692    
   34.50       2.635    
   35.00       2.577    
   35.50       2.517    
   36.00       2.457    
   36.50       2.397    
   37.00       2.336    
   37.50       2.276    
   38.00       2.215    
   38.50       2.155    
   39.00       2.096    
   39.50       2.038    
   40.00       1.981    
   40.50       1.925    
   41.00       1.870    
   41.50       1.817    
   42.00       1.766    
   42.50       1.718    
   43.00       1.671    
   43.50       1.627    
   44.00       1.585    
   44.50       1.546    
   45.00       1.510    
   45.50       1.476    
   46.00       1.446    
   46.50       1.419    
   47.00       1.395    
   47.50       1.375    
   48.00       1.357    
   48.50       1.343    
   49.00       1.333    
   49.50       1.325    
   50.00       1.321    
   50.50       1.320    
   51.00       1.323    
   51.50       1.328    
   52.00       1.336    
   52.50       1.347    
   53.00       1.360    
   53.50       1.376    
   54.00       1.394    
   54.50       1.414    
   55.00       1.436    
   55.50       1.459    
   56.00       1.484    
   56.50       1.510    
   57.00       1.537    
   57.50       1.564    
   58.00       1.591    
   58.50       1.619    
   59.00       1.647    
   59.50       1.675    
   60.00       1.702    
 END
@legend string   2 "Partition=  2 Excit=  1 near/far= 1"
#legend string   0 "Lab energy =   16.0000"
@s2 linestyle   3
#  Theta       sigma       iT11        T20         T21         T22         Kyy for projectile
   0.000       16.19    
  0.5000       16.20    
   1.000       16.25    
   1.500       16.32    
   2.000       16.41    
   2.500       16.54    
   3.000       16.68    
   3.500       16.85    
   4.000       17.03    
   4.500       17.23    
   5.000       17.44    
   5.500       17.65    
   6.000       17.87    
   6.500       18.09    
   7.000       18.30    
   7.500       18.50    
   8.000       18.69    
   8.500       18.86    
   9.000       19.02    
   9.500       19.15    
   10.00       19.25    
   10.50       19.32    
   11.00       19.37    
   11.50       19.38    
   12.00       19.35    
   12.50       19.29    
   13.00       19.19    
   13.50       19.06    
   14.00       18.88    
   14.50       18.67    
   15.00       18.42    
   15.50       18.14    
   16.00       17.83    
   16.50       17.48    
   17.00       17.10    
   17.50       16.69    
   18.00       16.26    
   18.50       15.80    
   19.00       15.32    
   19.50       14.82    
   20.00       14.31    
   20.50       13.79    
   21.00       13.25    
   21.50       12.71    
   22.00       12.16    
   22.50       11.61    
   23.00       11.06    
   23.50       10.52    
   24.00       9.977    
   24.50       9.443    
   25.00       8.920    
   25.50       8.407    
   26.00       7.908    
   26.50       7.423    
   27.00       6.954    
   27.50       6.503    
   28.00       6.070    
   28.50       5.656    
   29.00       5.262    
   29.50       4.889    
   30.00       4.536    
   30.50       4.205    
   31.00       3.896    
   31.50       3.607    
   32.00       3.341    
   32.50       3.095    
   33.00       2.870    
   33.50       2.665    
   34.00       2.480    
   34.50       2.315    
   35.00       2.168    
   35.50       2.039    
   36.00       1.926    
   36.50       1.830    
   37.00       1.749    
   37.50       1.682    
   38.00       1.629    
   38.50       1.587    
   39.00       1.558    
   39.50       1.538    
   40.00       1.528    
   40.50       1.526    
   41.00       1.532    
   41.50       1.545    
   42.00       1.562    
   42.50       1.585    
   43.00       1.612    
   43.50       1.641    
   44.00       1.673    
   44.50       1.707    
   45.00       1.742    
   45.50       1.776    
   46.00       1.811    
   46.50       1.845    
   47.00       1.877    
   47.50       1.908    
   48.00       1.936    
   48.50       1.963    
   49.00       1.986    
   49.50       2.006    
   50.00       2.023    
   50.50       2.037    
   51.00       2.047    
   51.50       2.054    
   52.00       2.056    
   52.50       2.055    
   53.00       2.051    
   53.50       2.042    
   54.00       2.030    
   54.50       2.015    
   55.00       1.995    
   55.50       1.973    
   56.00       1.947    
   56.50       1.918    
   57.00       1.887    
   57.50       1.852    
   58.00       1.815    
   58.50       1.776    
   59.00       1.735    
   59.50       1.691    
   60.00       1.646    
 END
@legend string   3 "Partition=  2 Excit=  2 near/far= 1"
#legend string   0 "Lab energy =   16.0000"
@s3 linestyle   4
#  Theta       sigma       iT11        T20         T21         T22         Kyy for projectile
   0.000       114.3    
  0.5000       114.1    
   1.000       113.5    
   1.500       112.6    
   2.000       111.2    
   2.500       109.5    
   3.000       107.5    
   3.500       105.1    
   4.000       102.4    
   4.500       99.48    
   5.000       96.29    
   5.500       92.88    
   6.000       89.28    
   6.500       85.52    
   7.000       81.63    
   7.500       77.65    
   8.000       73.60    
   8.500       69.52    
   9.000       65.43    
   9.500       61.37    
   10.00       57.35    
   10.50       53.40    
   11.00       49.54    
   11.50       45.79    
   12.00       42.17    
   12.50       38.69    
   13.00       35.36    
   13.50       32.20    
   14.00       29.21    
   14.50       26.39    
   15.00       23.76    
   15.50       21.31    
   16.00       19.04    
   16.50       16.96    
   17.00       15.05    
   17.50       13.33    
   18.00       11.77    
   18.50       10.38    
   19.00       9.157    
   19.50       8.084    
   20.00       7.157    
   20.50       6.370    
   21.00       5.715    
   21.50       5.183    
   22.00       4.767    
   22.50       4.458    
   23.00       4.248    
   23.50       4.130    
   24.00       4.095    
   24.50       4.135    
   25.00       4.243    
   25.50       4.411    
   26.00       4.631    
   26.50       4.897    
   27.00       5.202    
   27.50       5.539    
   28.00       5.901    
   28.50       6.283    
   29.00       6.678    
   29.50       7.082    
   30.00       7.488    
   30.50       7.892    
   31.00       8.289    
   31.50       8.675    
   32.00       9.046    
   32.50       9.400    
   33.00       9.732    
   33.50       10.04    
   34.00       10.32    
   34.50       10.58    
   35.00       10.80    
   35.50       10.99    
   36.00       11.16    
   36.50       11.29    
   37.00       11.39    
   37.50       11.45    
   38.00       11.49    
   38.50       11.50    
   39.00       11.48    
   39.50       11.43    
   40.00       11.36    
   40.50       11.26    
   41.00       11.14    
   41.50       11.00    
   42.00       10.84    
   42.50       10.66    
   43.00       10.47    
   43.50       10.27    
   44.00       10.05    
   44.50       9.830    
   45.00       9.597    
   45.50       9.358    
   46.00       9.114    
   46.50       8.866    
   47.00       8.616    
   47.50       8.364    
   48.00       8.111    
   48.50       7.858    
   49.00       7.607    
   49.50       7.357    
   50.00       7.108    
   50.50       6.862    
   51.00       6.619    
   51.50       6.379    
   52.00       6.143    
   52.50       5.910    
   53.00       5.680    
   53.50       5.455    
   54.00       5.233    
   54.50       5.016    
   55.00       4.803    
   55.50       4.594    
   56.00       4.390    
   56.50       4.190    
   57.00       3.995    
   57.50       3.804    
   58.00       3.619    
   58.50       3.438    
   59.00       3.263    
   59.50       3.092    
   60.00       2.927    
 END
@legend string   4 "Partition=  2 Excit=  3 near/far= 1"
#legend string   0 "Lab energy =   16.0000"
@s4 linestyle   5
#  Theta       sigma       iT11        T20         T21         T22         Kyy for projectile
   0.000       12.72    
  0.5000       12.71    
   1.000       12.69    
   1.500       12.66    
   2.000       12.61    
   2.500       12.55    
   3.000       12.48    
   3.500       12.39    
   4.000       12.29    
   4.500       12.17    
   5.000       12.05    
   5.500       11.91    
   6.000       11.76    
   6.500       11.60    
   7.000       11.42    
   7.500       11.24    
   8.000       11.05    
   8.500       10.85    
   9.000       10.64    
   9.500       10.42    
   10.00       10.20    
   10.50       9.972    
   11.00       9.738    
   11.50       9.499    
   12.00       9.257    
   12.50       9.012    
   13.00       8.765    
   13.50       8.517    
   14.00       8.268    
   14.50       8.020    
   15.00       7.772    
   15.50       7.526    
   16.00       7.282    
   16.50       7.040    
   17.00       6.801    
   17.50       6.565    
   18.00       6.333    
   18.50       6.105    
   19.00       5.881    
   19.50       5.662    
   20.00       5.447    
   20.50       5.237    
   21.00       5.032    
   21.50       4.832    
   22.00       4.638    
   22.50       4.448    
   23.00       4.265    
   23.50       4.086    
   24.00       3.914    
   24.50       3.747    
   25.00       3.585    
   25.50       3.430    
   26.00       3.281    
   26.50       3.138    
   27.00       3.001    
   27.50       2.870    
   28.00       2.746    
   28.50       2.628    
   29.00       2.517    
   29.50       2.413    
   30.00       2.315    
   30.50       2.223    
   31.00       2.138    
   31.50       2.060    
   32.00       1.988    
   32.50       1.923    
   33.00       1.864    
   33.50       1.811    
   34.00       1.764    
   34.50       1.722    
   35.00       1.686    
   35.50       1.654    
   36.00       1.628    
   36.50       1.605    
   37.00       1.587    
   37.50       1.572    
   38.00       1.560    
   38.50       1.551    
   39.00       1.544    
   39.50       1.539    
   40.00       1.535    
   40.50       1.533    
   41.00       1.531    
   41.50       1.529    
   42.00       1.528    
   42.50       1.526    
   43.00       1.523    
   43.50       1.520    
   44.00       1.515    
   44.50       1.510    
   45.00       1.503    
   45.50       1.495    
   46.00       1.485    
   46.50       1.474    
   47.00       1.462    
   47.50       1.448    
   48.00       1.433    
   48.50       1.417    
   49.00       1.399    
   49.50       1.381    
   50.00       1.361    
   50.50       1.341    
   51.00       1.320    
   51.50       1.298    
   52.00       1.276    
   52.50       1.253    
   53.00       1.230    
   53.50       1.208    
   54.00       1.185    
   54.50       1.162    
   55.00       1.139    
   55.50       1.116    
   56.00       1.093    
   56.50       1.071    
   57.00       1.049    
   57.50       1.027    
   58.00       1.005    
   58.50      0.9839    
   59.00      0.9628    
   59.50      0.9420    
   60.00      0.9213    
 END
@legend string   5 "Partition=  2 Excit=  4 near/far= 1"
#legend string   0 "Lab energy =   16.0000"
@s5 linestyle   1
#  Theta       sigma       iT11        T20         T21         T22         Kyy for projectile
   0.000       103.9    
  0.5000       103.9    
   1.000       103.9    
   1.500       103.8    
   2.000       103.8    
   2.500       103.6    
   3.000       103.5    
   3.500       103.4    
   4.000       103.2    
   4.500       103.0    
   5.000       102.7    
   5.500       102.4    
   6.000       102.1    
   6.500       101.7    
   7.000       101.3    
   7.500       100.9    
   8.000       100.4    
   8.500       99.81    
   9.000       99.21    
   9.500       98.56    
   10.00       97.85    
   10.50       97.09    
   11.00       96.27    
   11.50       95.40    
   12.00       94.47    
   12.50       93.49    
   13.00       92.45    
   13.50       91.37    
   14.00       90.23    
   14.50       89.04    
   15.00       87.81    
   15.50       86.53    
   16.00       85.21    
   16.50       83.85    
   17.00       82.46    
   17.50       81.03    
   18.00       79.57    
   18.50       78.09    
   19.00       76.58    
   19.50       75.05    
   20.00       73.50    
   20.50       71.93    
   21.00       70.36    
   21.50       68.77    
   22.00       67.17    
   22.50       65.57    
   23.00       63.96    
   23.50       62.35    
   24.00       60.74    
   24.50       59.14    
   25.00       57.53    
   25.50       55.93    
   26.00       54.33    
   26.50       52.74    
   27.00       51.15    
   27.50       49.57    
   28.00       48.00    
   28.50       46.44    
   29.00       44.89    
   29.50       43.35    
   30.00       41.82    
   30.50       40.31    
   31.00       38.81    
   31.50       37.32    
   32.00       35.86    
   32.50       34.41    
   33.00       32.98    
   33.50       31.57    
   34.00       30.18    
   34.50       28.82    
   35.00       27.49    
   35.50       26.18    
   36.00       24.90    
   36.50       23.66    
   37.00       22.45    
   37.50       21.28    
   38.00       20.14    
   38.50       19.04    
   39.00       17.99    
   39.50       16.97    
   40.00       16.00    
   40.50       15.07    
   41.00       14.18    
   41.50       13.34    
   42.00       12.55    
   42.50       11.80    
   43.00       11.10    
   43.50       10.44    
   44.00       9.823    
   44.50       9.252    
   45.00       8.724    
   45.50       8.237    
   46.00       7.791    
   46.50       7.384    
   47.00       7.014    
   47.50       6.679    
   48.00       6.378    
   48.50       6.110    
   49.00       5.872    
   49.50       5.662    
   50.00       5.479    
   50.50       5.321    
   51.00       5.186    
   51.50       5.072    
   52.00       4.977    
   52.50       4.901    
   53.00       4.842    
   53.50       4.797    
   54.00       4.766    
   54.50       4.748    
   55.00       4.740    
   55.50       4.743    
   56.00       4.755    
   56.50       4.775    
   57.00       4.802    
   57.50       4.836    
   58.00       4.875    
   58.50       4.919    
   59.00       4.967    
   59.50       5.019    
   60.00       5.074    
 END
