# Fusion cross sections for ELAB=  16.000, ECM=  13.700
     0.0   7.600     -1
     1.0   47.71      1
     1.0   69.21     -1
     2.0   39.48      1
     2.0   115.3     -1
     3.0   105.8      1
     3.0   157.2     -1
     4.0   62.13      1
     4.0   176.5     -1
     5.0   98.34      1
     5.0   152.8     -1
     6.0   25.17      1
     6.0   94.20     -1
     7.0   31.13      1
     7.0   39.13     -1
     8.0   2.349      1
     8.0   12.02     -1
     9.0   2.798      1
     9.0   3.471     -1
    10.0  0.1895      1
    10.0  0.9816     -1
    11.0  0.2207      1
    11.0  0.2734     -1
    12.0  0.1441E-01  1
    12.0  0.7520E-01 -1
    13.0  0.1641E-01  1
    13.0  0.2029E-01 -1
    14.0  0.9248E-03  1
    14.0  0.5249E-02 -1
    15.0  0.9807E-03  1
    15.0  0.1076E-02 -1
    16.0 -0.6468E-04  1
    16.0  0.3948E-05 -1
    17.0 -0.8618E-04  1
    17.0 -0.1292E-03 -1
    18.0 -0.1317E-04  1
    18.0 -0.6538E-04 -1
 &
