# 121 angles,  1 tensor ranks for 0=projectile
@subtitle   "12C(d,p)13C"                                                                   
@legend ON
@legend x1 0.2
@legend y1 0.8
@g0 type LOGY
@yaxis ticklabel format power
@legend string   0 "Lab energy =   16.0000"
#legend string   0 "Partition=  2 Excit=  1 near/far= 1"
#  Theta       sigma       iT11        T20         T21         T22         Kyy for projectile
   0.000       16.19    
  0.5000       16.20    
   1.000       16.25    
   1.500       16.32    
   2.000       16.41    
   2.500       16.54    
   3.000       16.68    
   3.500       16.85    
   4.000       17.03    
   4.500       17.23    
   5.000       17.44    
   5.500       17.65    
   6.000       17.87    
   6.500       18.09    
   7.000       18.30    
   7.500       18.50    
   8.000       18.69    
   8.500       18.86    
   9.000       19.02    
   9.500       19.15    
   10.00       19.25    
   10.50       19.32    
   11.00       19.37    
   11.50       19.38    
   12.00       19.35    
   12.50       19.29    
   13.00       19.19    
   13.50       19.06    
   14.00       18.88    
   14.50       18.67    
   15.00       18.42    
   15.50       18.14    
   16.00       17.83    
   16.50       17.48    
   17.00       17.10    
   17.50       16.69    
   18.00       16.26    
   18.50       15.80    
   19.00       15.32    
   19.50       14.82    
   20.00       14.31    
   20.50       13.79    
   21.00       13.25    
   21.50       12.71    
   22.00       12.16    
   22.50       11.61    
   23.00       11.06    
   23.50       10.52    
   24.00       9.977    
   24.50       9.443    
   25.00       8.920    
   25.50       8.407    
   26.00       7.908    
   26.50       7.423    
   27.00       6.954    
   27.50       6.503    
   28.00       6.070    
   28.50       5.656    
   29.00       5.262    
   29.50       4.889    
   30.00       4.536    
   30.50       4.205    
   31.00       3.896    
   31.50       3.607    
   32.00       3.341    
   32.50       3.095    
   33.00       2.870    
   33.50       2.665    
   34.00       2.480    
   34.50       2.315    
   35.00       2.168    
   35.50       2.039    
   36.00       1.926    
   36.50       1.830    
   37.00       1.749    
   37.50       1.682    
   38.00       1.629    
   38.50       1.587    
   39.00       1.558    
   39.50       1.538    
   40.00       1.528    
   40.50       1.526    
   41.00       1.532    
   41.50       1.545    
   42.00       1.562    
   42.50       1.585    
   43.00       1.612    
   43.50       1.641    
   44.00       1.673    
   44.50       1.707    
   45.00       1.742    
   45.50       1.776    
   46.00       1.811    
   46.50       1.845    
   47.00       1.877    
   47.50       1.908    
   48.00       1.936    
   48.50       1.963    
   49.00       1.986    
   49.50       2.006    
   50.00       2.023    
   50.50       2.037    
   51.00       2.047    
   51.50       2.054    
   52.00       2.056    
   52.50       2.055    
   53.00       2.051    
   53.50       2.042    
   54.00       2.030    
   54.50       2.015    
   55.00       1.995    
   55.50       1.973    
   56.00       1.947    
   56.50       1.918    
   57.00       1.887    
   57.50       1.852    
   58.00       1.815    
   58.50       1.776    
   59.00       1.735    
   59.50       1.691    
   60.00       1.646    
 END
