# 121 angles,  1 tensor ranks for 0=projectile
@subtitle   "12C(d,p)13C"                                                                   
@legend ON
@legend x1 0.2
@legend y1 0.8
@g0 type LOGY
@yaxis ticklabel format power
@legend string   0 "Lab energy =   16.0000"
#legend string   0 "Partition=  1 Excit=  2 near/far= 1"
#  Theta       sigma       iT11        T20         T21         T22         Kyy for projectile
   0.000       2.634    
  0.5000       2.635    
   1.000       2.638    
   1.500       2.642    
   2.000       2.649    
   2.500       2.657    
   3.000       2.667    
   3.500       2.678    
   4.000       2.690    
   4.500       2.704    
   5.000       2.718    
   5.500       2.733    
   6.000       2.749    
   6.500       2.766    
   7.000       2.782    
   7.500       2.799    
   8.000       2.817    
   8.500       2.834    
   9.000       2.851    
   9.500       2.867    
   10.00       2.884    
   10.50       2.901    
   11.00       2.917    
   11.50       2.933    
   12.00       2.949    
   12.50       2.965    
   13.00       2.981    
   13.50       2.997    
   14.00       3.013    
   14.50       3.029    
   15.00       3.046    
   15.50       3.063    
   16.00       3.080    
   16.50       3.098    
   17.00       3.115    
   17.50       3.133    
   18.00       3.151    
   18.50       3.169    
   19.00       3.186    
   19.50       3.204    
   20.00       3.220    
   20.50       3.236    
   21.00       3.251    
   21.50       3.264    
   22.00       3.276    
   22.50       3.285    
   23.00       3.293    
   23.50       3.298    
   24.00       3.301    
   24.50       3.301    
   25.00       3.298    
   25.50       3.291    
   26.00       3.282    
   26.50       3.269    
   27.00       3.252    
   27.50       3.232    
   28.00       3.209    
   28.50       3.182    
   29.00       3.152    
   29.50       3.118    
   30.00       3.081    
   30.50       3.041    
   31.00       2.999    
   31.50       2.953    
   32.00       2.905    
   32.50       2.855    
   33.00       2.802    
   33.50       2.748    
   34.00       2.692    
   34.50       2.635    
   35.00       2.577    
   35.50       2.517    
   36.00       2.457    
   36.50       2.397    
   37.00       2.336    
   37.50       2.276    
   38.00       2.215    
   38.50       2.155    
   39.00       2.096    
   39.50       2.038    
   40.00       1.981    
   40.50       1.925    
   41.00       1.870    
   41.50       1.817    
   42.00       1.766    
   42.50       1.718    
   43.00       1.671    
   43.50       1.627    
   44.00       1.585    
   44.50       1.546    
   45.00       1.510    
   45.50       1.476    
   46.00       1.446    
   46.50       1.419    
   47.00       1.395    
   47.50       1.375    
   48.00       1.357    
   48.50       1.343    
   49.00       1.333    
   49.50       1.325    
   50.00       1.321    
   50.50       1.320    
   51.00       1.323    
   51.50       1.328    
   52.00       1.336    
   52.50       1.347    
   53.00       1.360    
   53.50       1.376    
   54.00       1.394    
   54.50       1.414    
   55.00       1.436    
   55.50       1.459    
   56.00       1.484    
   56.50       1.510    
   57.00       1.537    
   57.50       1.564    
   58.00       1.591    
   58.50       1.619    
   59.00       1.647    
   59.50       1.675    
   60.00       1.702    
 END
