# 121 angles,  1 tensor ranks for 0=projectile
@subtitle   "12C(d,p)13C | E_beam = 16MeV | DWBA | Ex = 0.0MeV"                             
@legend ON
@legend x1 0.2
@legend y1 0.8
@g0 type LOGY
@yaxis ticklabel format power
@xaxis label "Scattering angle (degrees)"
@yaxis label "Cross section (mb/sr)"
@legend string   0 "Partition=  1 Excit=  1 near/far= 1"
#legend string   0 "Lab energy =   16.0000"
@s0 linestyle   1
#  Theta       sigma       iT11        T20         T21         T22         Kyy for projectile
  0.1000E-01   1.000    
  0.5000      0.9975    
   1.000      0.9861    
   1.500      0.9665    
   2.000      0.9405    
   2.500      0.9101    
   3.000      0.8769    
   3.500      0.8425    
   4.000      0.8085    
   4.500      0.7762    
   5.000      0.7472    
   5.500      0.7226    
   6.000      0.7036    
   6.500      0.6913    
   7.000      0.6868    
   7.500      0.6908    
   8.000      0.7040    
   8.500      0.7272    
   9.000      0.7608    
   9.500      0.8050    
   10.00      0.8601    
   10.50      0.9260    
   11.00       1.003    
   11.50       1.090    
   12.00       1.186    
   12.50       1.293    
   13.00       1.407    
   13.50       1.529    
   14.00       1.658    
   14.50       1.792    
   15.00       1.930    
   15.50       2.071    
   16.00       2.213    
   16.50       2.355    
   17.00       2.496    
   17.50       2.633    
   18.00       2.766    
   18.50       2.892    
   19.00       3.011    
   19.50       3.121    
   20.00       3.221    
   20.50       3.309    
   21.00       3.385    
   21.50       3.447    
   22.00       3.495    
   22.50       3.529    
   23.00       3.547    
   23.50       3.549    
   24.00       3.536    
   24.50       3.507    
   25.00       3.462    
   25.50       3.402    
   26.00       3.327    
   26.50       3.239    
   27.00       3.137    
   27.50       3.023    
   28.00       2.898    
   28.50       2.763    
   29.00       2.619    
   29.50       2.468    
   30.00       2.311    
   30.50       2.150    
   31.00       1.986    
   31.50       1.821    
   32.00       1.657    
   32.50       1.494    
   33.00       1.334    
   33.50       1.179    
   34.00       1.030    
   34.50      0.8877    
   35.00      0.7543    
   35.50      0.6302    
   36.00      0.5166    
   36.50      0.4141    
   37.00      0.3236    
   37.50      0.2454    
   38.00      0.1801    
   38.50      0.1279    
   39.00      0.8900E-01
   39.50      0.6329E-01
   40.00      0.5068E-01
   40.50      0.5088E-01
   41.00      0.6351E-01
   41.50      0.8805E-01
   42.00      0.1239    
   42.50      0.1703    
   43.00      0.2264    
   43.50      0.2915    
   44.00      0.3645    
   44.50      0.4444    
   45.00      0.5301    
   45.50      0.6207    
   46.00      0.7149    
   46.50      0.8117    
   47.00      0.9100    
   47.50       1.009    
   48.00       1.107    
   48.50       1.203    
   49.00       1.297    
   49.50       1.387    
   50.00       1.472    
   50.50       1.553    
   51.00       1.627    
   51.50       1.695    
   52.00       1.756    
   52.50       1.809    
   53.00       1.854    
   53.50       1.892    
   54.00       1.920    
   54.50       1.940    
   55.00       1.952    
   55.50       1.956    
   56.00       1.951    
   56.50       1.938    
   57.00       1.918    
   57.50       1.890    
   58.00       1.855    
   58.50       1.815    
   59.00       1.768    
   59.50       1.716    
   60.00       1.660    
 END
@legend string   1 "Partition=  2 Excit=  1 near/far= 1"
#legend string   0 "Lab energy =   16.0000"
@s1 linestyle   2
#  Theta       sigma       iT11        T20         T21         T22         Kyy for projectile
   0.000       13.99    
  0.5000       13.99    
   1.000       13.96    
   1.500       13.93    
   2.000       13.88    
   2.500       13.82    
   3.000       13.74    
   3.500       13.65    
   4.000       13.55    
   4.500       13.43    
   5.000       13.29    
   5.500       13.15    
   6.000       12.99    
   6.500       12.81    
   7.000       12.63    
   7.500       12.43    
   8.000       12.22    
   8.500       11.99    
   9.000       11.76    
   9.500       11.51    
   10.00       11.25    
   10.50       10.99    
   11.00       10.71    
   11.50       10.43    
   12.00       10.14    
   12.50       9.846    
   13.00       9.545    
   13.50       9.240    
   14.00       8.931    
   14.50       8.620    
   15.00       8.308    
   15.50       7.996    
   16.00       7.684    
   16.50       7.374    
   17.00       7.067    
   17.50       6.763    
   18.00       6.464    
   18.50       6.169    
   19.00       5.880    
   19.50       5.598    
   20.00       5.323    
   20.50       5.056    
   21.00       4.797    
   21.50       4.546    
   22.00       4.305    
   22.50       4.073    
   23.00       3.850    
   23.50       3.637    
   24.00       3.434    
   24.50       3.241    
   25.00       3.058    
   25.50       2.884    
   26.00       2.721    
   26.50       2.568    
   27.00       2.424    
   27.50       2.289    
   28.00       2.164    
   28.50       2.048    
   29.00       1.941    
   29.50       1.842    
   30.00       1.751    
   30.50       1.668    
   31.00       1.592    
   31.50       1.523    
   32.00       1.461    
   32.50       1.405    
   33.00       1.356    
   33.50       1.311    
   34.00       1.272    
   34.50       1.238    
   35.00       1.208    
   35.50       1.182    
   36.00       1.160    
   36.50       1.141    
   37.00       1.125    
   37.50       1.112    
   38.00       1.101    
   38.50       1.092    
   39.00       1.085    
   39.50       1.079    
   40.00       1.075    
   40.50       1.071    
   41.00       1.069    
   41.50       1.067    
   42.00       1.065    
   42.50       1.064    
   43.00       1.063    
   43.50       1.061    
   44.00       1.060    
   44.50       1.058    
   45.00       1.055    
   45.50       1.052    
   46.00       1.049    
   46.50       1.045    
   47.00       1.040    
   47.50       1.034    
   48.00       1.028    
   48.50       1.020    
   49.00       1.012    
   49.50       1.003    
   50.00      0.9931    
   50.50      0.9823    
   51.00      0.9707    
   51.50      0.9581    
   52.00      0.9448    
   52.50      0.9307    
   53.00      0.9158    
   53.50      0.9002    
   54.00      0.8839    
   54.50      0.8669    
   55.00      0.8494    
   55.50      0.8313    
   56.00      0.8127    
   56.50      0.7936    
   57.00      0.7742    
   57.50      0.7544    
   58.00      0.7343    
   58.50      0.7140    
   59.00      0.6935    
   59.50      0.6728    
   60.00      0.6521    
 END
