# 121 angles,  1 tensor ranks for 0=projectile
@subtitle   "12C(d,p)13C"                                                                   
@legend ON
@legend x1 0.2
@legend y1 0.8
@g0 type LOGY
@yaxis ticklabel format power
@legend string   0 "Lab energy =   16.0000"
#legend string   0 "Partition=  2 Excit=  3 near/far= 1"
#  Theta       sigma       iT11        T20         T21         T22         Kyy for projectile
   0.000       12.72    
  0.5000       12.71    
   1.000       12.69    
   1.500       12.66    
   2.000       12.61    
   2.500       12.55    
   3.000       12.48    
   3.500       12.39    
   4.000       12.29    
   4.500       12.17    
   5.000       12.05    
   5.500       11.91    
   6.000       11.76    
   6.500       11.60    
   7.000       11.42    
   7.500       11.24    
   8.000       11.05    
   8.500       10.85    
   9.000       10.64    
   9.500       10.42    
   10.00       10.20    
   10.50       9.972    
   11.00       9.738    
   11.50       9.499    
   12.00       9.257    
   12.50       9.012    
   13.00       8.765    
   13.50       8.517    
   14.00       8.268    
   14.50       8.020    
   15.00       7.772    
   15.50       7.526    
   16.00       7.282    
   16.50       7.040    
   17.00       6.801    
   17.50       6.565    
   18.00       6.333    
   18.50       6.105    
   19.00       5.881    
   19.50       5.662    
   20.00       5.447    
   20.50       5.237    
   21.00       5.032    
   21.50       4.832    
   22.00       4.638    
   22.50       4.448    
   23.00       4.265    
   23.50       4.086    
   24.00       3.914    
   24.50       3.747    
   25.00       3.585    
   25.50       3.430    
   26.00       3.281    
   26.50       3.138    
   27.00       3.001    
   27.50       2.870    
   28.00       2.746    
   28.50       2.628    
   29.00       2.517    
   29.50       2.413    
   30.00       2.315    
   30.50       2.223    
   31.00       2.138    
   31.50       2.060    
   32.00       1.988    
   32.50       1.923    
   33.00       1.864    
   33.50       1.811    
   34.00       1.764    
   34.50       1.722    
   35.00       1.686    
   35.50       1.654    
   36.00       1.628    
   36.50       1.605    
   37.00       1.587    
   37.50       1.572    
   38.00       1.560    
   38.50       1.551    
   39.00       1.544    
   39.50       1.539    
   40.00       1.535    
   40.50       1.533    
   41.00       1.531    
   41.50       1.529    
   42.00       1.528    
   42.50       1.526    
   43.00       1.523    
   43.50       1.520    
   44.00       1.515    
   44.50       1.510    
   45.00       1.503    
   45.50       1.495    
   46.00       1.485    
   46.50       1.474    
   47.00       1.462    
   47.50       1.448    
   48.00       1.433    
   48.50       1.417    
   49.00       1.399    
   49.50       1.381    
   50.00       1.361    
   50.50       1.341    
   51.00       1.320    
   51.50       1.298    
   52.00       1.276    
   52.50       1.253    
   53.00       1.230    
   53.50       1.208    
   54.00       1.185    
   54.50       1.162    
   55.00       1.139    
   55.50       1.116    
   56.00       1.093    
   56.50       1.071    
   57.00       1.049    
   57.50       1.027    
   58.00       1.005    
   58.50      0.9839    
   59.00      0.9628    
   59.50      0.9420    
   60.00      0.9213    
 END
