0.000 0.2689E-01
0.000 0.7044
0.000 0.000
1.000 0.2671E-01
-0.1185 0.6780
-0.6424E-01 0.1389E-01
2.000 0.2617E-01
-0.2253 0.6023
-0.1167 0.5332E-01
3.000 0.2524E-01
-0.3104 0.4871
-0.1476 0.1121
4.000 0.2389E-01
-0.3673 0.3459
-0.1507 0.1815
5.000 0.2213E-01
-0.3926 0.1935
-0.1231 0.2516
6.000 0.1997E-01
-0.3853 0.4424E-01
-0.6537E-01 0.3127
7.000 0.1751E-01
-0.3462 -0.8927E-01
0.1941E-01 0.3557
8.000 0.1488E-01
-0.2768 -0.1955
0.1260 0.3718
9.000 0.1224E-01
-0.1787 -0.2631
0.2463 0.3528
10.00 0.9749E-02
-0.5461E-01 -0.2800
0.3681 0.2909
11.00 0.7553E-02
0.8973E-01 -0.2334
0.4719 0.1812
12.00 0.5747E-02
0.2405 -0.1127
0.5284 0.2748E-01
13.00 0.4371E-02
0.3696 0.7948E-01
0.5012 -0.1472
14.00 0.3406E-02
0.4341 0.3107
0.3649 -0.2915
15.00 0.2788E-02
0.3963 0.5131
0.1401 -0.3405
16.00 0.2424E-02
0.2584 0.6183
-0.9487E-01 -0.2649
17.00 0.2219E-02
0.6941E-01 0.6106
-0.2527 -0.1034
18.00 0.2087E-02
-0.1134 0.5293
-0.2958 0.7028E-01
19.00 0.1968E-02
-0.2570 0.4270
-0.2378 0.1977
20.00 0.1829E-02
-0.3516 0.3396
-0.1122 0.2508
21.00 0.1664E-02
-0.3971 0.2838
0.4906E-01 0.2233
22.00 0.1483E-02
-0.3935 0.2624
0.2198 0.1219
23.00 0.1302E-02
-0.3389 0.2699
0.3774 -0.3508E-01
24.00 0.1139E-02
-0.2331 0.2945
0.5006 -0.2154
25.00 0.1004E-02
-0.8453E-01 0.3203
0.5720 -0.3745
26.00 0.8997E-03
0.8570E-01 0.3320
0.5843 -0.4690
27.00 0.8192E-03
0.2487 0.3212
0.5444 -0.4764
28.00 0.7526E-03
0.3800 0.2889
0.4681 -0.4048
29.00 0.6888E-03
0.4686 0.2426
0.3710 -0.2829
30.00 0.6199E-03
0.5155 0.1912
0.2614 -0.1431
31.00 0.5433E-03
0.5268 0.1436
0.1391 -0.1185E-01
32.00 0.4622E-03
0.5068 0.1105
-0.1893E-03 0.9013E-01
33.00 0.3847E-03
0.4535 0.1081
-0.1575 0.1416
34.00 0.3206E-03
0.3592 0.1596
-0.3159 0.1175
35.00 0.2792E-03
0.2215 0.2815
-0.4251 0.3085E-02
36.00 0.2657E-03
0.6643E-01 0.4499
-0.4201 -0.1707
37.00 0.2797E-03
-0.5573E-01 0.5971
-0.2933 -0.3269
38.00 0.3151E-03
-0.1158 0.6751
-0.1119 -0.4126
39.00 0.3614E-03
-0.1213 0.6882
0.5799E-01 -0.4333
40.00 0.4064E-03
-0.9095E-01 0.6624
0.1907 -0.4175
41.00 0.4392E-03
-0.3753E-01 0.6188
0.2860 -0.3871
42.00 0.4524E-03
0.3323E-01 0.5687
0.3495 -0.3542
43.00 0.4439E-03
0.1192 0.5173
0.3845 -0.3243
44.00 0.4166E-03
0.2183 0.4669
0.3899 -0.2998
45.00 0.3768E-03
0.3257 0.4187
0.3605 -0.2821
46.00 0.3326E-03
0.4304 0.3753
0.2894 -0.2722
47.00 0.2911E-03
0.5134 0.3412
0.1745 -0.2704
48.00 0.2571E-03
0.5521 0.3241
0.2661E-01 -0.2762
49.00 0.2327E-03
0.5315 0.3317
-0.1258 -0.2871
50.00 0.2175E-03
0.4578 0.3675
-0.2455 -0.2996
51.00 0.2094E-03
0.3576 0.4266
-0.3065 -0.3104
52.00 0.2059E-03
0.2632 0.4977
-0.3052 -0.3176
53.00 0.2052E-03
0.1973 0.5671
-0.2569 -0.3212
54.00 0.2057E-03
0.1690 0.6219
-0.1842 -0.3219
55.00 0.2069E-03
0.1757 0.6531
-0.1086 -0.3208
56.00 0.2083E-03
0.2078 0.6573
-0.4576E-01 -0.3197
57.00 0.2095E-03
0.2535 0.6380
-0.3724E-02 -0.3199
58.00 0.2096E-03
0.3021 0.6043
0.1661E-01 -0.3227
59.00 0.2079E-03
0.3455 0.5673
0.1920E-01 -0.3287
60.00 0.2038E-03
0.3791 0.5368
0.1006E-01 -0.3371
61.00 0.1969E-03
0.4004 0.5191
-0.4830E-02 -0.3460
62.00 0.1877E-03
0.4088 0.5162
-0.2057E-01 -0.3525
63.00 0.1766E-03
0.4049 0.5253
-0.3360E-01 -0.3531
64.00 0.1647E-03
0.3909 0.5404
-0.4174E-01 -0.3449
65.00 0.1526E-03
0.3712 0.5542
-0.4435E-01 -0.3270
66.00 0.1410E-03
0.3516 0.5605
-0.4258E-01 -0.3015
67.00 0.1302E-03
0.3380 0.5570
-0.3957E-01 -0.2735
68.00 0.1207E-03
0.3344 0.5459
-0.4014E-01 -0.2506
69.00 0.1127E-03
0.3406 0.5328
-0.4974E-01 -0.2398
70.00 0.1070E-03
0.3512 0.5244
-0.7229E-01 -0.2454
71.00 0.1038E-03
0.3573 0.5246
-0.1074 -0.2665
72.00 0.1035E-03
0.3510 0.5331
-0.1491 -0.2960
73.00 0.1057E-03
0.3297 0.5460
-0.1875 -0.3248
74.00 0.1096E-03
0.2977 0.5593
-0.2145 -0.3461
75.00 0.1138E-03
0.2629 0.5709
-0.2263 -0.3581
76.00 0.1169E-03
0.2321 0.5815
-0.2241 -0.3626
77.00 0.1176E-03
0.2096 0.5923
-0.2114 -0.3627
78.00 0.1152E-03
0.1972 0.6042
-0.1926 -0.3611
79.00 0.1097E-03
0.1949 0.6162
-0.1720 -0.3589
80.00 0.1018E-03
0.2021 0.6260
-0.1537 -0.3561
81.00 0.9237E-04
0.2170 0.6295
-0.1417 -0.3515
82.00 0.8277E-04
0.2372 0.6226
-0.1399 -0.3436
83.00 0.7401E-04
0.2588 0.6032
-0.1508 -0.3312
84.00 0.6681E-04
0.2766 0.5739
-0.1753 -0.3149
85.00 0.6156E-04
0.2845 0.5428
-0.2109 -0.2970
86.00 0.5835E-04
0.2776 0.5201
-0.2518 -0.2809
87.00 0.5704E-04
0.2543 0.5121
-0.2907 -0.2688
88.00 0.5735E-04
0.2179 0.5175
-0.3213 -0.2609
89.00 0.5886E-04
0.1751 0.5289
-0.3402 -0.2556
90.00 0.6097E-04
0.1335 0.5384
-0.3475 -0.2514
91.00 0.6303E-04
0.9881E-01 0.5419
-0.3454 -0.2480
92.00 0.6434E-04
0.7406E-01 0.5400
-0.3374 -0.2461
93.00 0.6437E-04
0.5965E-01 0.5359
-0.3271 -0.2471
94.00 0.6284E-04
0.5419E-01 0.5333
-0.3179 -0.2520
95.00 0.5985E-04
0.5504E-01 0.5348
-0.3128 -0.2607
96.00 0.5583E-04
0.5872E-01 0.5405
-0.3140 -0.2716
97.00 0.5145E-04
0.6114E-01 0.5477
-0.3228 -0.2813
98.00 0.4735E-04
0.5830E-01 0.5510
-0.3383 -0.2851
99.00 0.4404E-04
0.4765E-01 0.5452
-0.3572 -0.2790
100.0 0.4172E-04
0.2929E-01 0.5285
-0.3749 -0.2621
101.0 0.4031E-04
0.5832E-02 0.5045
-0.3877 -0.2383
102.0 0.3955E-04
-0.1949E-01 0.4802
-0.3952 -0.2135
103.0 0.3913E-04
-0.4473E-01 0.4616
-0.3996 -0.1930
104.0 0.3879E-04
-0.6970E-01 0.4499
-0.4043 -0.1785
105.0 0.3843E-04
-0.9501E-01 0.4419
-0.4111 -0.1685
106.0 0.3803E-04
-0.1209 0.4318
-0.4200 -0.1596
107.0 0.3760E-04
-0.1465 0.4146
-0.4287 -0.1482
108.0 0.3712E-04
-0.1703 0.3889
-0.4344 -0.1328
109.0 0.3649E-04
-0.1907 0.3578
-0.4353 -0.1140
110.0 0.3562E-04
-0.2075 0.3273
-0.4311 -0.9402E-01
111.0 0.3442E-04
-0.2216 0.3038
-0.4234 -0.7568E-01
112.0 0.3296E-04
-0.2347 0.2914
-0.4145 -0.6103E-01
113.0 0.3137E-04
-0.2486 0.2898
-0.4065 -0.5066E-01
114.0 0.2989E-04
-0.2642 0.2945
-0.4005 -0.4364E-01
115.0 0.2872E-04
-0.2809 0.2982
-0.3955 -0.3802E-01
116.0 0.2796E-04
-0.2964 0.2939
-0.3895 -0.3193E-01
117.0 0.2756E-04
-0.3090 0.2795
-0.3808 -0.2459E-01
118.0 0.2737E-04
-0.3187 0.2586
-0.3686 -0.1648E-01
119.0 0.2720E-04
-0.3271 0.2374
-0.3541 -0.8377E-02
120.0 0.2692E-04
-0.3371 0.2211
-0.3386 -0.2653E-03
121.0 0.2655E-04
-0.3513 0.2116
-0.3227 0.9173E-02
122.0 0.2619E-04
-0.3699 0.2068
-0.3059 0.2216E-01
123.0 0.2600E-04
-0.3911 0.2024
-0.2858 0.4049E-01
124.0 0.2609E-04
-0.4108 0.1943
-0.2602 0.6384E-01
125.0 0.2645E-04
-0.4252 0.1822
-0.2279 0.8913E-01
126.0 0.2694E-04
-0.4329 0.1698
-0.1903 0.1116
127.0 0.2734E-04
-0.4357 0.1623
-0.1506 0.1269
128.0 0.2746E-04
-0.4369 0.1641
-0.1130 0.1323
129.0 0.2723E-04
-0.4399 0.1763
-0.8131E-01 0.1274
130.0 0.2671E-04
-0.4468 0.1961
-0.5882E-01 0.1137
131.0 0.2610E-04
-0.4572 0.2170
-0.4686E-01 0.9489E-01
132.0 0.2557E-04
-0.4686 0.2315
-0.4396E-01 0.7634E-01
133.0 0.2527E-04
-0.4770 0.2343
-0.4559E-01 0.6313E-01
134.0 0.2519E-04
-0.4793 0.2266
-0.4572E-01 0.5820E-01
135.0 0.2522E-04
-0.4751 0.2151
-0.3957E-01 0.6134E-01
136.0 0.2522E-04
-0.4659 0.2092
-0.2537E-01 0.7021E-01
137.0 0.2508E-04
-0.4545 0.2157
-0.4424E-02 0.8214E-01
138.0 0.2481E-04
-0.4427 0.2370
0.2006E-01 0.9524E-01
139.0 0.2454E-04
-0.4309 0.2695
0.4427E-01 0.1086
140.0 0.2443E-04
-0.4179 0.3050
0.6518E-01 0.1213
141.0 0.2460E-04
-0.4022 0.3346
0.8162E-01 0.1323
142.0 0.2504E-04
-0.3835 0.3535
0.9441E-01 0.1390
143.0 0.2563E-04
-0.3635 0.3638
0.1053 0.1389
144.0 0.2615E-04
-0.3452 0.3720
0.1151 0.1299
145.0 0.2641E-04
-0.3321 0.3849
0.1232 0.1110
146.0 0.2634E-04
-0.3267 0.4053
0.1272 0.8302E-01
147.0 0.2602E-04
-0.3301 0.4314
0.1246 0.4885E-01
148.0 0.2564E-04
-0.3407 0.4560
0.1138 0.1392E-01
149.0 0.2539E-04
-0.3542 0.4707
0.9662E-01 -0.1485E-01
150.0 0.2539E-04
-0.3646 0.4704
0.7786E-01 -0.3177E-01
151.0 0.2562E-04
-0.3674 0.4577
0.6376E-01 -0.3525E-01
152.0 0.2590E-04
-0.3611 0.4420
0.5851E-01 -0.2825E-01
153.0 0.2602E-04
-0.3476 0.4341
0.6251E-01 -0.1593E-01
154.0 0.2583E-04
-0.3300 0.4416
0.7275E-01 -0.2779E-02
155.0 0.2533E-04
-0.3113 0.4658
0.8431E-01 0.9001E-02
156.0 0.2467E-04
-0.2932 0.5007
0.9201E-01 0.1966E-01
157.0 0.2408E-04
-0.2757 0.5345
0.9233E-01 0.3102E-01
158.0 0.2377E-04
-0.2581 0.5543
0.8527E-01 0.4462E-01
159.0 0.2382E-04
-0.2394 0.5537
0.7460E-01 0.5985E-01
160.0 0.2413E-04
-0.2202 0.5373
0.6540E-01 0.7347E-01
161.0 0.2448E-04
-0.2021 0.5173
0.6076E-01 0.8100E-01
162.0 0.2464E-04
-0.1878 0.5062
0.6012E-01 0.7863E-01
163.0 0.2448E-04
-0.1795 0.5104
0.5997E-01 0.6440E-01
164.0 0.2405E-04
-0.1787 0.5284
0.5571E-01 0.3894E-01
165.0 0.2355E-04
-0.1842 0.5506
0.4393E-01 0.6160E-02
166.0 0.2323E-04
-0.1920 0.5631
0.2486E-01 -0.2687E-01
167.0 0.2326E-04
-0.1959 0.5553
0.3466E-02 -0.5236E-01
168.0 0.2365E-04
-0.1906 0.5279
-0.1293E-01 -0.6598E-01
169.0 0.2421E-04
-0.1746 0.4929
-0.1918E-01 -0.6911E-01
170.0 0.2466E-04
-0.1505 0.4659
-0.1500E-01 -0.6696E-01
171.0 0.2478E-04
-0.1230 0.4580
-0.4337E-02 -0.6497E-01
172.0 0.2449E-04
-0.9679E-01 0.4724
0.6701E-02 -0.6615E-01
173.0 0.2395E-04
-0.7606E-01 0.5022
0.1191E-01 -0.7008E-01
174.0 0.2345E-04
-0.6304E-01 0.5316
0.7322E-02 -0.7302E-01
175.0 0.2333E-04
-0.5690E-01 0.5410
-0.6065E-02 -0.6981E-01
176.0 0.2376E-04
-0.5354E-01 0.5191
-0.2165E-01 -0.5766E-01
177.0 0.2469E-04
-0.4776E-01 0.4717
-0.3105E-01 -0.3884E-01
178.0 0.2581E-04
-0.3648E-01 0.4178
-0.2947E-01 -0.1933E-01
179.0 0.2673E-04
-0.1980E-01 0.3771
-0.1766E-01 -0.5131E-02
180.0 0.2708E-04
0.000 0.3622
0.000 0.000
