0.000 0.8859
0.000 -0.5300
0.000 0.000
1.000 0.8640
0.7810E-01 -0.5330
0.1041E-01 0.8141E-02
2.000 0.8028
0.1530 -0.5413
0.1638E-01 0.3233E-01
3.000 0.7140
0.2197 -0.5524
0.1222E-01 0.7120E-01
4.000 0.6145
0.2697 -0.5605
-0.9928E-02 0.1198
5.000 0.5226
0.2897 -0.5528
-0.5910E-01 0.1650
6.000 0.4538
0.2666 -0.5109
-0.1391 0.1826
7.000 0.4182
0.2023 -0.4214
-0.2366 0.1469
8.000 0.4182
0.1257 -0.2958
-0.3204 0.5727E-01
9.000 0.4488
0.7293E-01 -0.1671
-0.3661 -0.5321E-01
10.00 0.4987
0.5762E-01 -0.6042E-01
-0.3750 -0.1489
11.00 0.5533
0.7133E-01 0.1945E-01
-0.3625 -0.2153
12.00 0.5981
0.1002 0.7907E-01
-0.3426 -0.2540
13.00 0.6213
0.1334 0.1265
-0.3231 -0.2720
14.00 0.6163
0.1642 0.1679
-0.3075 -0.2758
15.00 0.5821
0.1885 0.2076
-0.2968 -0.2700
16.00 0.5233
0.2031 0.2481
-0.2904 -0.2582
17.00 0.4482
0.2051 0.2915
-0.2870 -0.2429
18.00 0.3667
0.1917 0.3382
-0.2834 -0.2264
19.00 0.2884
0.1600 0.3871
-0.2749 -0.2114
20.00 0.2206
0.1093 0.4330
-0.2542 -0.2011
21.00 0.1677
0.4440E-01 0.4643
-0.2135 -0.1994
22.00 0.1307
-0.1870E-01 0.4638
-0.1507 -0.2087
23.00 0.1078
-0.5573E-01 0.4188
-0.7916E-01 -0.2261
24.00 0.9556E-01
-0.5192E-01 0.3383
-0.2651E-01 -0.2426
25.00 0.8984E-01
-0.1713E-01 0.2501
-0.1325E-01 -0.2499
26.00 0.8682E-01
0.2576E-01 0.1783
-0.3910E-01 -0.2461
27.00 0.8363E-01
0.6009E-01 0.1314
-0.9145E-01 -0.2337
28.00 0.7860E-01
0.8033E-01 0.1080
-0.1576 -0.2162
29.00 0.7124E-01
0.8795E-01 0.1040
-0.2285 -0.1952
30.00 0.6194E-01
0.8721E-01 0.1167
-0.2984 -0.1711
31.00 0.5161E-01
0.8275E-01 0.1444
-0.3623 -0.1430
32.00 0.4133E-01
0.7786E-01 0.1861
-0.4150 -0.1098
33.00 0.3207E-01
0.7219E-01 0.2393
-0.4493 -0.7067E-01
34.00 0.2452E-01
0.5848E-01 0.2958
-0.4556 -0.2780E-01
35.00 0.1902E-01
0.2070E-01 0.3373
-0.4246 0.1087E-01
36.00 0.1559E-01
-0.5722E-01 0.3375
-0.3573 0.3112E-01
37.00 0.1395E-01
-0.1676 0.2828
-0.2753 0.2268E-01
38.00 0.1367E-01
-0.2707 0.1929
-0.2095 -0.6966E-02
39.00 0.1421E-01
-0.3281 0.1030
-0.1737 -0.3854E-01
40.00 0.1507E-01
-0.3284 0.3355E-01
-0.1617 -0.5842E-01
41.00 0.1586E-01
-0.2797 -0.1365E-01
-0.1624 -0.6319E-01
42.00 0.1632E-01
-0.1947 -0.4365E-01
-0.1686 -0.5479E-01
43.00 0.1639E-01
-0.8587E-01 -0.6104E-01
-0.1776 -0.3656E-01
44.00 0.1612E-01
0.3413E-01 -0.6753E-01
-0.1886 -0.1193E-01
45.00 0.1565E-01
0.1511 -0.6229E-01
-0.2018 0.1566E-01
46.00 0.1514E-01
0.2496 -0.4366E-01
-0.2165 0.4265E-01
47.00 0.1471E-01
0.3167 -0.1177E-01
-0.2313 0.6562E-01
48.00 0.1441E-01
0.3470 0.2959E-01
-0.2444 0.8190E-01
49.00 0.1422E-01
0.3444 0.7308E-01
-0.2542 0.9012E-01
50.00 0.1408E-01
0.3199 0.1102
-0.2606 0.9009E-01
51.00 0.1392E-01
0.2860 0.1338
-0.2641 0.8236E-01
52.00 0.1368E-01
0.2524 0.1397
-0.2659 0.6781E-01
53.00 0.1337E-01
0.2253 0.1268
-0.2664 0.4763E-01
54.00 0.1300E-01
0.2071 0.9684E-01
-0.2657 0.2371E-01
55.00 0.1262E-01
0.1975 0.5465E-01
-0.2632 -0.1129E-02
56.00 0.1230E-01
0.1950 0.6834E-02
-0.2581 -0.2336E-01
57.00 0.1206E-01
0.1970 -0.3954E-01
-0.2497 -0.3959E-01
58.00 0.1191E-01
0.2014 -0.7885E-01
-0.2382 -0.4770E-01
59.00 0.1181E-01
0.2070 -0.1081
-0.2245 -0.4749E-01
60.00 0.1175E-01
0.2136 -0.1269
-0.2098 -0.4045E-01
61.00 0.1169E-01
0.2219 -0.1361
-0.1957 -0.2898E-01
62.00 0.1161E-01
0.2332 -0.1370
-0.1833 -0.1560E-01
63.00 0.1152E-01
0.2484 -0.1310
-0.1737 -0.2511E-02
64.00 0.1141E-01
0.2678 -0.1196
-0.1678 0.8499E-02
65.00 0.1130E-01
0.2903 -0.1051
-0.1661 0.1594E-01
66.00 0.1121E-01
0.3137 -0.9038E-01
-0.1687 0.1854E-01
67.00 0.1116E-01
0.3344 -0.7888E-01
-0.1750 0.1527E-01
68.00 0.1114E-01
0.3486 -0.7347E-01
-0.1838 0.5644E-02
69.00 0.1118E-01
0.3528 -0.7555E-01
-0.1932 -0.9994E-02
70.00 0.1127E-01
0.3457 -0.8448E-01
-0.2009 -0.3019E-01
71.00 0.1141E-01
0.3279 -0.9782E-01
-0.2047 -0.5250E-01
72.00 0.1160E-01
0.3026 -0.1123
-0.2036 -0.7394E-01
73.00 0.1179E-01
0.2743 -0.1249
-0.1972 -0.9182E-01
74.00 0.1197E-01
0.2478 -0.1340
-0.1866 -0.1043
75.00 0.1209E-01
0.2272 -0.1392
-0.1735 -0.1108
76.00 0.1212E-01
0.2149 -0.1414
-0.1598 -0.1117
77.00 0.1205E-01
0.2119 -0.1417
-0.1470 -0.1079
78.00 0.1188E-01
0.2179 -0.1407
-0.1367 -0.1009
79.00 0.1163E-01
0.2312 -0.1390
-0.1296 -0.9191E-01
80.00 0.1134E-01
0.2492 -0.1363
-0.1260 -0.8220E-01
81.00 0.1105E-01
0.2685 -0.1325
-0.1260 -0.7289E-01
82.00 0.1080E-01
0.2854 -0.1278
-0.1290 -0.6504E-01
83.00 0.1062E-01
0.2969 -0.1232
-0.1343 -0.5957E-01
84.00 0.1049E-01
0.3007 -0.1201
-0.1408 -0.5720E-01
85.00 0.1043E-01
0.2961 -0.1201
-0.1477 -0.5830E-01
86.00 0.1041E-01
0.2839 -0.1236
-0.1539 -0.6271E-01
87.00 0.1042E-01
0.2660 -0.1304
-0.1586 -0.6976E-01
88.00 0.1045E-01
0.2450 -0.1389
-0.1612 -0.7834E-01
89.00 0.1050E-01
0.2236 -0.1474
-0.1612 -0.8716E-01
90.00 0.1055E-01
0.2044 -0.1541
-0.1585 -0.9501E-01
91.00 0.1059E-01
0.1893 -0.1581
-0.1532 -0.1011
92.00 0.1061E-01
0.1793 -0.1595
-0.1460 -0.1052
93.00 0.1060E-01
0.1744 -0.1592
-0.1376 -0.1074
94.00 0.1057E-01
0.1739 -0.1582
-0.1289 -0.1085
95.00 0.1051E-01
0.1765 -0.1573
-0.1206 -0.1087
96.00 0.1044E-01
0.1805 -0.1568
-0.1135 -0.1087
97.00 0.1037E-01
0.1847 -0.1566
-0.1080 -0.1084
98.00 0.1029E-01
0.1877 -0.1563
-0.1045 -0.1079
99.00 0.1023E-01
0.1891 -0.1557
-0.1031 -0.1070
100.0 0.1018E-01
0.1885 -0.1551
-0.1038 -0.1057
101.0 0.1014E-01
0.1860 -0.1548
-0.1064 -0.1041
102.0 0.1009E-01
0.1819 -0.1555
-0.1104 -0.1025
103.0 0.1003E-01
0.1765 -0.1573
-0.1152 -0.1011
104.0 0.9973E-02
0.1699 -0.1599
-0.1202 -0.9991E-01
105.0 0.9911E-02
0.1624 -0.1624
-0.1246 -0.9878E-01
106.0 0.9853E-02
0.1543 -0.1637
-0.1278 -0.9743E-01
107.0 0.9801E-02
0.1457 -0.1633
-0.1293 -0.9564E-01
108.0 0.9754E-02
0.1371 -0.1612
-0.1291 -0.9333E-01
109.0 0.9706E-02
0.1287 -0.1582
-0.1275 -0.9071E-01
110.0 0.9647E-02
0.1206 -0.1556
-0.1249 -0.8820E-01
111.0 0.9574E-02
0.1129 -0.1547
-0.1219 -0.8627E-01
112.0 0.9486E-02
0.1055 -0.1562
-0.1190 -0.8524E-01
113.0 0.9388E-02
0.9849E-01 -0.1598
-0.1164 -0.8521E-01
114.0 0.9293E-02
0.9206E-01 -0.1649
-0.1143 -0.8599E-01
115.0 0.9210E-02
0.8650E-01 -0.1703
-0.1127 -0.8716E-01
116.0 0.9148E-02
0.8216E-01 -0.1749
-0.1114 -0.8831E-01
117.0 0.9108E-02
0.7932E-01 -0.1784
-0.1104 -0.8910E-01
118.0 0.9085E-02
0.7803E-01 -0.1806
-0.1095 -0.8940E-01
119.0 0.9073E-02
0.7810E-01 -0.1822
-0.1087 -0.8923E-01
120.0 0.9060E-02
0.7911E-01 -0.1833
-0.1080 -0.8859E-01
121.0 0.9042E-02
0.8052E-01 -0.1841
-0.1072 -0.8743E-01
122.0 0.9014E-02
0.8184E-01 -0.1843
-0.1064 -0.8556E-01
123.0 0.8974E-02
0.8268E-01 -0.1835
-0.1056 -0.8277E-01
124.0 0.8923E-02
0.8279E-01 -0.1816
-0.1047 -0.7893E-01
125.0 0.8858E-02
0.8209E-01 -0.1790
-0.1040 -0.7415E-01
126.0 0.8779E-02
0.8056E-01 -0.1765
-0.1035 -0.6881E-01
127.0 0.8685E-02
0.7819E-01 -0.1754
-0.1035 -0.6348E-01
128.0 0.8578E-02
0.7499E-01 -0.1765
-0.1038 -0.5879E-01
129.0 0.8465E-02
0.7100E-01 -0.1800
-0.1045 -0.5520E-01
130.0 0.8355E-02
0.6638E-01 -0.1852
-0.1051 -0.5287E-01
131.0 0.8259E-02
0.6146E-01 -0.1908
-0.1054 -0.5164E-01
132.0 0.8183E-02
0.5673E-01 -0.1954
-0.1050 -0.5111E-01
133.0 0.8129E-02
0.5277E-01 -0.1979
-0.1038 -0.5081E-01
134.0 0.8092E-02
0.5011E-01 -0.1984
-0.1018 -0.5038E-01
135.0 0.8059E-02
0.4905E-01 -0.1974
-0.9922E-01 -0.4969E-01
136.0 0.8018E-02
0.4961E-01 -0.1963
-0.9627E-01 -0.4874E-01
137.0 0.7960E-02
0.5159E-01 -0.1958
-0.9326E-01 -0.4761E-01
138.0 0.7881E-02
0.5459E-01 -0.1966
-0.9038E-01 -0.4629E-01
139.0 0.7784E-02
0.5818E-01 -0.1982
-0.8775E-01 -0.4467E-01
140.0 0.7678E-02
0.6196E-01 -0.2000
-0.8537E-01 -0.4257E-01
141.0 0.7572E-02
0.6560E-01 -0.2015
-0.8325E-01 -0.3992E-01
142.0 0.7474E-02
0.6885E-01 -0.2023
-0.8138E-01 -0.3680E-01
143.0 0.7387E-02
0.7153E-01 -0.2030
-0.7978E-01 -0.3357E-01
144.0 0.7311E-02
0.7351E-01 -0.2045
-0.7844E-01 -0.3075E-01
145.0 0.7246E-02
0.7470E-01 -0.2073
-0.7732E-01 -0.2885E-01
146.0 0.7189E-02
0.7505E-01 -0.2116
-0.7629E-01 -0.2812E-01
147.0 0.7141E-02
0.7469E-01 -0.2166
-0.7521E-01 -0.2846E-01
148.0 0.7102E-02
0.7386E-01 -0.2209
-0.7387E-01 -0.2942E-01
149.0 0.7072E-02
0.7299E-01 -0.2231
-0.7215E-01 -0.3034E-01
150.0 0.7045E-02
0.7257E-01 -0.2225
-0.7001E-01 -0.3061E-01
151.0 0.7014E-02
0.7299E-01 -0.2196
-0.6755E-01 -0.2986E-01
152.0 0.6965E-02
0.7446E-01 -0.2157
-0.6491E-01 -0.2806E-01
153.0 0.6891E-02
0.7688E-01 -0.2125
-0.6226E-01 -0.2542E-01
154.0 0.6787E-02
0.7986E-01 -0.2115
-0.5973E-01 -0.2223E-01
155.0 0.6655E-02
0.8282E-01 -0.2131
-0.5736E-01 -0.1875E-01
156.0 0.6509E-02
0.8511E-01 -0.2168
-0.5511E-01 -0.1509E-01
157.0 0.6364E-02
0.8618E-01 -0.2210
-0.5291E-01 -0.1129E-01
158.0 0.6235E-02
0.8569E-01 -0.2242
-0.5068E-01 -0.7417E-02
159.0 0.6133E-02
0.8361E-01 -0.2257
-0.4840E-01 -0.3754E-02
160.0 0.6063E-02
0.8018E-01 -0.2256
-0.4610E-01 -0.7936E-03
161.0 0.6021E-02
0.7579E-01 -0.2254
-0.4383E-01 0.8562E-03
162.0 0.6001E-02
0.7084E-01 -0.2264
-0.4165E-01 0.7029E-03
163.0 0.5996E-02
0.6568E-01 -0.2294
-0.3952E-01 -0.1398E-02
164.0 0.6003E-02
0.6064E-01 -0.2338
-0.3739E-01 -0.5124E-02
165.0 0.6019E-02
0.5610E-01 -0.2381
-0.3514E-01 -0.9740E-02
166.0 0.6043E-02
0.5251E-01 -0.2402
-0.3271E-01 -0.1432E-01
167.0 0.6071E-02
0.5033E-01 -0.2391
-0.3005E-01 -0.1805E-01
168.0 0.6093E-02
0.4985E-01 -0.2348
-0.2722E-01 -0.2051E-01
169.0 0.6097E-02
0.5106E-01 -0.2288
-0.2430E-01 -0.2171E-01
170.0 0.6070E-02
0.5360E-01 -0.2232
-0.2138E-01 -0.2201E-01
171.0 0.6002E-02
0.5671E-01 -0.2199
-0.1852E-01 -0.2183E-01
172.0 0.5893E-02
0.5939E-01 -0.2196
-0.1575E-01 -0.2140E-01
173.0 0.5754E-02
0.6055E-01 -0.2214
-0.1307E-01 -0.2067E-01
174.0 0.5601E-02
0.5923E-01 -0.2230
-0.1049E-01 -0.1929E-01
175.0 0.5456E-02
0.5486E-01 -0.2220
-0.8067E-02 -0.1686E-01
176.0 0.5333E-02
0.4740E-01 -0.2166
-0.5863E-02 -0.1325E-01
177.0 0.5243E-02
0.3740E-01 -0.2071
-0.3958E-02 -0.8814E-02
178.0 0.5185E-02
0.2567E-01 -0.1962
-0.2387E-02 -0.4429E-02
179.0 0.5155E-02
0.1301E-01 -0.1875
-0.1108E-02 -0.1193E-02
180.0 0.5145E-02
0.000 -0.1842
0.000 0.000
