0.000 1.215
0.000 -1.402
0.000 0.000
1.000 1.254
-0.4181 -1.268
0.5316E-01 -0.5501E-01
2.000 1.358
-0.7105 -0.9378
0.8767E-01 -0.1906
3.000 1.490
-0.8424 -0.5483
0.9823E-01 -0.3505
4.000 1.603
-0.8499 -0.1929
0.8986E-01 -0.4964
5.000 1.649
-0.7808 0.9574E-01
0.6929E-01 -0.6150
6.000 1.597
-0.6686 0.3183
0.4091E-01 -0.7064
7.000 1.440
-0.5299 0.4852
0.6334E-02 -0.7749
8.000 1.196
-0.3688 0.6050
-0.3527E-01 -0.8240
9.000 0.9047
-0.1802 0.6782
-0.8742E-01 -0.8541
10.00 0.6134
0.4980E-01 0.6875
-0.1578 -0.8579
11.00 0.3669
0.3382 0.5689
-0.2607 -0.8095
12.00 0.1958
0.6455 0.1406
-0.4109 -0.6342
13.00 0.1107
0.5795 -0.7961
-0.5275 -0.2512
14.00 0.1021
-0.2718 -1.255
-0.3606 -0.6373E-01
15.00 0.1452
-0.8012 -0.7106
-0.1453 -0.2865
16.00 0.2090
-0.8512 -0.1824
-0.6617E-01 -0.5026
17.00 0.2646
-0.7619 0.1440
-0.5479E-01 -0.6360
18.00 0.2925
-0.6470 0.3447
-0.6968E-01 -0.7180
19.00 0.2852
-0.5307 0.4748
-0.9752E-01 -0.7712
20.00 0.2470
-0.4147 0.5616
-0.1357 -0.8065
21.00 0.1897
-0.2945 0.6162
-0.1868 -0.8288
22.00 0.1281
-0.1631 0.6371
-0.2596 -0.8372
23.00 0.7502E-01
-0.1519E-01 0.6009
-0.3732 -0.8222
24.00 0.3815E-01
0.1225 0.4302
-0.5613 -0.7522
25.00 0.1944E-01
0.4723E-01 0.1886E-02
-0.7891 -0.5771
26.00 0.1592E-01
-0.4464 -0.2713
-0.6937 -0.4660
27.00 0.2187E-01
-0.6829 -0.6262E-02
-0.4104 -0.5746
28.00 0.3112E-01
-0.6393 0.2541
-0.2825 -0.6809
29.00 0.3882E-01
-0.5461 0.4039
-0.2490 -0.7420
30.00 0.4236E-01
-0.4602 0.4870
-0.2518 -0.7760
31.00 0.4122E-01
-0.3896 0.5333
-0.2681 -0.7948
32.00 0.3644E-01
-0.3344 0.5578
-0.2880 -0.8048
33.00 0.2965E-01
-0.2945 0.5699
-0.3043 -0.8098
34.00 0.2247E-01
-0.2703 0.5764
-0.3099 -0.8125
35.00 0.1602E-01
-0.2607 0.5847
-0.2952 -0.8159
36.00 0.1087E-01
-0.2605 0.6013
-0.2469 -0.8227
37.00 0.7163E-02
-0.2535 0.6288
-0.1489 -0.8336
38.00 0.4747E-02
-0.2065 0.6561
0.9307E-02 -0.8440
39.00 0.3367E-02
-0.7922E-01 0.6509
0.2005 -0.8409
40.00 0.2735E-02
0.1203 0.5865
0.3338 -0.8142
41.00 0.2571E-02
0.3097 0.4943
0.3333 -0.7769
42.00 0.2627E-02
0.4286 0.4318
0.2280 -0.7522
43.00 0.2712E-02
0.4825 0.4193
0.8214E-01 -0.7477
44.00 0.2728E-02
0.4869 0.4488
-0.6846E-01 -0.7599
45.00 0.2679E-02
0.4336 0.5066
-0.2022 -0.7831
46.00 0.2652E-02
0.3002 0.5740
-0.2859 -0.8100
47.00 0.2763E-02
0.9153E-01 0.6248
-0.2797 -0.8303
48.00 0.3086E-02
-0.1296 0.6390
-0.1826 -0.8361
49.00 0.3600E-02
-0.2930 0.6202
-0.4332E-01 -0.8288
50.00 0.4179E-02
-0.3800 0.5849
0.9063E-01 -0.8150
51.00 0.4641E-02
-0.4092 0.5442
0.2031 -0.7988
52.00 0.4815E-02
-0.4029 0.5008
0.2980 -0.7813
53.00 0.4617E-02
-0.3745 0.4528
0.3851 -0.7617
54.00 0.4082E-02
-0.3280 0.3970
0.4733 -0.7387
55.00 0.3348E-02
-0.2598 0.3320
0.5667 -0.7118
56.00 0.2600E-02
-0.1604 0.2649
0.6579 -0.6839
57.00 0.2002E-02
-0.2400E-01 0.2222
0.7151 -0.6660
58.00 0.1635E-02
0.1264 0.2474
0.6879 -0.6763
59.00 0.1487E-02
0.2328 0.3506
0.5694 -0.7188
60.00 0.1478E-02
0.2608 0.4757
0.4321 -0.7702
61.00 0.1508E-02
0.2282 0.5650
0.3446 -0.8067
62.00 0.1504E-02
0.1595 0.6006
0.3238 -0.8208
63.00 0.1446E-02
0.6314E-01 0.5836
0.3606 -0.8132
64.00 0.1361E-02
-0.5776E-01 0.5190
0.4358 -0.7861
65.00 0.1293E-02
-0.1859 0.4193
0.5186 -0.7450
66.00 0.1273E-02
-0.2851 0.3103
0.5730 -0.7006
67.00 0.1297E-02
-0.3255 0.2165
0.5829 -0.6630
68.00 0.1335E-02
-0.3086 0.1424
0.5642 -0.6333
69.00 0.1345E-02
-0.2576 0.7518E-01
0.5448 -0.6061
70.00 0.1303E-02
-0.1971 0.4297E-03
0.5465 -0.5754
71.00 0.1216E-02
-0.1476 -0.8572E-01
0.5801 -0.5395
72.00 0.1117E-02
-0.1277 -0.1674
0.6423 -0.5053
73.00 0.1051E-02
-0.1491 -0.2068
0.7080 -0.4886
74.00 0.1044E-02
-0.2032 -0.1712
0.7388 -0.5031
75.00 0.1092E-02
-0.2618 -0.7420E-01
0.7173 -0.5434
76.00 0.1162E-02
-0.3038 0.3555E-01
0.6627 -0.5889
77.00 0.1208E-02
-0.3286 0.1188
0.6043 -0.6235
78.00 0.1194E-02
-0.3465 0.1596
0.5619 -0.6402
79.00 0.1112E-02
-0.3685 0.1547
0.5455 -0.6378
80.00 0.9890E-03
-0.4011 0.1073
0.5596 -0.6177
81.00 0.8688E-03
-0.4394 0.3341E-01
0.6007 -0.5866
82.00 0.7946E-03
-0.4602 -0.2852E-01
0.6493 -0.5609
83.00 0.7875E-03
-0.4360 -0.3625E-01
0.6755 -0.5582
84.00 0.8395E-03
-0.3685 0.9902E-02
0.6693 -0.5779
85.00 0.9199E-03
-0.2864 0.7209E-01
0.6484 -0.6041
86.00 0.9926E-03
-0.2151 0.1197
0.6330 -0.6237
87.00 0.1034E-02
-0.1671 0.1440
0.6313 -0.6333
88.00 0.1042E-02
-0.1482 0.1504
0.6403 -0.6352
89.00 0.1035E-02
-0.1590 0.1526
0.6480 -0.6354
90.00 0.1034E-02
-0.1917 0.1661
0.6381 -0.6405
91.00 0.1053E-02
-0.2295 0.1987
0.6015 -0.6539
92.00 0.1086E-02
-0.2557 0.2436
0.5437 -0.6729
93.00 0.1112E-02
-0.2638 0.2859
0.4802 -0.6909
94.00 0.1103E-02
-0.2577 0.3117
0.4257 -0.7019
95.00 0.1043E-02
-0.2463 0.3120
0.3900 -0.7020
96.00 0.9377E-03
-0.2388 0.2814
0.3796 -0.6891
97.00 0.8119E-03
-0.2436 0.2190
0.4001 -0.6627
98.00 0.7002E-03
-0.2641 0.1369
0.4518 -0.6282
99.00 0.6318E-03
-0.2914 0.6910E-01
0.5194 -0.6001
100.0 0.6175E-03
-0.3051 0.5381E-01
0.5723 -0.5944
101.0 0.6467E-03
-0.2943 0.9191E-01
0.5928 -0.6110
102.0 0.6944E-03
-0.2681 0.1511
0.5903 -0.6360
103.0 0.7348E-03
-0.2431 0.2046
0.5815 -0.6580
104.0 0.7539E-03
-0.2313 0.2450
0.5737 -0.6738
105.0 0.7542E-03
-0.2387 0.2774
0.5629 -0.6860
106.0 0.7511E-03
-0.2629 0.3124
0.5367 -0.6994
107.0 0.7617E-03
-0.2916 0.3580
0.4840 -0.7176
108.0 0.7934E-03
-0.3080 0.4115
0.4057 -0.7400
109.0 0.8385E-03
-0.3035 0.4620
0.3162 -0.7617
110.0 0.8779E-03
-0.2819 0.4981
0.2313 -0.7775
111.0 0.8912E-03
-0.2539 0.5139
0.1600 -0.7847
112.0 0.8686E-03
-0.2304 0.5078
0.1053 -0.7822
113.0 0.8171E-03
-0.2211 0.4808
0.6869E-01 -0.7705
114.0 0.7581E-03
-0.2324 0.4393
0.5206E-01 -0.7526
115.0 0.7172E-03
-0.2616 0.3984
0.5552E-01 -0.7350
116.0 0.7112E-03
-0.2929 0.3772
0.7215E-01 -0.7264
117.0 0.7396E-03
-0.3074 0.3834
0.8926E-01 -0.7297
118.0 0.7838E-03
-0.2995 0.4068
0.9767E-01 -0.7403
119.0 0.8163E-03
-0.2774 0.4321
0.9613E-01 -0.7512
120.0 0.8138E-03
-0.2524 0.4492
0.8737E-01 -0.7580
121.0 0.7681E-03
-0.2337 0.4544
0.7405E-01 -0.7589
122.0 0.6896E-03
-0.2279 0.4481
0.5725E-01 -0.7541
123.0 0.6021E-03
-0.2376 0.4348
0.3619E-01 -0.7461
124.0 0.5306E-03
-0.2561 0.4239
0.8900E-02 -0.7396
125.0 0.4905E-03
-0.2649 0.4244
-0.2601E-01 -0.7398
126.0 0.4813E-03
-0.2475 0.4343
-0.6753E-01 -0.7459
127.0 0.4896E-03
-0.2060 0.4395
-0.1138 -0.7508
128.0 0.4986E-03
-0.1573 0.4261
-0.1645 -0.7472
129.0 0.4987E-03
-0.1194 0.3882
-0.2199 -0.7318
130.0 0.4928E-03
-0.1058 0.3300
-0.2766 -0.7065
131.0 0.4948E-03
-0.1213 0.2694
-0.3248 -0.6796
132.0 0.5204E-03
-0.1539 0.2330
-0.3519 -0.6636
133.0 0.5763E-03
-0.1791 0.2338
-0.3561 -0.6648
134.0 0.6536E-03
-0.1810 0.2583
-0.3501 -0.6770
135.0 0.7295E-03
-0.1617 0.2828
-0.3487 -0.6893
136.0 0.7766E-03
-0.1311 0.2903
-0.3607 -0.6936
137.0 0.7753E-03
-0.9964E-01 0.2712
-0.3896 -0.6854
138.0 0.7238E-03
-0.7713E-01 0.2198
-0.4360 -0.6620
139.0 0.6392E-03
-0.7424E-01 0.1336
-0.4967 -0.6222
140.0 0.5503E-03
-0.1010 0.2251E-01
-0.5588 -0.5709
141.0 0.4838E-03
-0.1554 -0.7951E-01
-0.5965 -0.5245
142.0 0.4532E-03
-0.2103 -0.1258
-0.5873 -0.5054
143.0 0.4531E-03
-0.2293 -0.1075
-0.5424 -0.5173
144.0 0.4642E-03
-0.2019 -0.6733E-01
-0.4977 -0.5394
145.0 0.4645E-03
-0.1402 -0.5308E-01
-0.4789 -0.5486
146.0 0.4421E-03
-0.5778E-01 -0.9278E-01
-0.4930 -0.5309
147.0 0.4019E-03
0.3687E-01 -0.1951
-0.5336 -0.4815
148.0 0.3630E-03
0.1327 -0.3373
-0.5773 -0.4111
149.0 0.3490E-03
0.2079 -0.4431
-0.5835 -0.3574
150.0 0.3745E-03
0.2457 -0.4354
-0.5323 -0.3608
151.0 0.4363E-03
0.2583 -0.3425
-0.4596 -0.4093
152.0 0.5142E-03
0.2684 -0.2513
-0.4090 -0.4594
153.0 0.5796E-03
0.2845 -0.2134
-0.3954 -0.4841
154.0 0.6101E-03
0.3010 -0.2438
-0.4173 -0.4743
155.0 0.6003E-03
0.3033 -0.3429
-0.4697 -0.4278
156.0 0.5649E-03
0.2685 -0.4957
-0.5427 -0.3496
157.0 0.5304E-03
0.1750 -0.6524
-0.6129 -0.2629
158.0 0.5223E-03
0.3175E-01 -0.7289
-0.6448 -0.2126
159.0 0.5508E-03
-0.1064 -0.6793
-0.6221 -0.2292
160.0 0.6056E-03
-0.1875 -0.5527
-0.5679 -0.2935
161.0 0.6611E-03
-0.2054 -0.4313
-0.5151 -0.3626
162.0 0.6894E-03
-0.1799 -0.3642
-0.4787 -0.4061
163.0 0.6760E-03
-0.1293 -0.3672
-0.4568 -0.4079
164.0 0.6283E-03
-0.6482E-01 -0.4368
-0.4354 -0.3573
165.0 0.5735E-03
0.4964E-02 -0.5425
-0.3907 -0.2536
166.0 0.5458E-03
0.6873E-01 -0.6102
-0.3011 -0.1285
167.0 0.5691E-03
0.1163 -0.5667
-0.1798 -0.4777E-01
168.0 0.6441E-03
0.1506 -0.4339
-0.7405E-01 -0.4419E-01
169.0 0.7472E-03
0.1836 -0.2995
-0.1160E-01 -0.8522E-01
170.0 0.8402E-03
0.2225 -0.2210
0.1297E-01 -0.1259
171.0 0.8898E-03
0.2671 -0.2157
0.1426E-01 -0.1400
172.0 0.8835E-03
0.3106 -0.2836
0.3415E-02 -0.1156
173.0 0.8379E-03
0.3375 -0.4133
-0.1175E-01 -0.4911E-01
174.0 0.7908E-03
0.3242 -0.5627
-0.2393E-01 0.4561E-01
175.0 0.7843E-03
0.2553 -0.6494
-0.2659E-01 0.1263
176.0 0.8432E-03
0.1542 -0.6114
-0.1947E-01 0.1476
177.0 0.9618E-03
0.6791E-01 -0.4832
-0.9567E-02 0.1113
178.0 0.1104E-02
0.1937E-01 -0.3472
-0.2830E-02 0.5649E-01
179.0 0.1220E-02
0.1976E-02 -0.2551
-0.2243E-03 0.1490E-01
180.0 0.1264E-02
0.000 -0.2235
0.000 0.000
