0.000 4.846
0.000 -0.2225
0.000 0.000
1.000 5.015
0.2228 -0.2110
0.7483E-02 -0.6490E-02
2.000 5.474
0.3804 -0.1827
0.1180E-01 -0.2251E-01
3.000 6.083
0.4551 -0.1498
0.1210E-01 -0.4155E-01
4.000 6.656
0.4659 -0.1204
0.9305E-02 -0.5922E-01
5.000 7.005
0.4377 -0.9715E-01
0.4644E-02 -0.7408E-01
6.000 6.993
0.3873 -0.8014E-01
-0.1007E-02 -0.8631E-01
7.000 6.564
0.3233 -0.6843E-01
-0.7126E-02 -0.9657E-01
8.000 5.759
0.2478 -0.6128E-01
-0.1337E-01 -0.1055
9.000 4.695
0.1585 -0.5842E-01
-0.1935E-01 -0.1137
10.00 3.536
0.4923E-01 -0.6040E-01
-0.2431E-01 -0.1214
11.00 2.448
-0.8933E-01 -0.6897E-01
-0.2644E-01 -0.1281
12.00 1.563
-0.2643 -0.8786E-01
-0.2122E-01 -0.1313
13.00 0.9502
-0.4499 -0.1219
0.9896E-03 -0.1236
14.00 0.6147
-0.5041 -0.1653
0.4906E-01 -0.9195E-01
15.00 0.5052
-0.2420 -0.1827
0.9762E-01 -0.4373E-01
16.00 0.5387
0.1385 -0.1598
0.1048 -0.1623E-01
17.00 0.6269
0.3723 -0.1301
0.8433E-01 -0.1388E-01
18.00 0.6988
0.4680 -0.1109
0.6017E-01 -0.2046E-01
19.00 0.7140
0.4899 -0.1025
0.4001E-01 -0.2780E-01
20.00 0.6637
0.4720 -0.1024
0.2490E-01 -0.3375E-01
21.00 0.5639
0.4240 -0.1090
0.1527E-01 -0.3821E-01
22.00 0.4428
0.3423 -0.1214
0.1282E-01 -0.4183E-01
23.00 0.3286
0.2159 -0.1378
0.2109E-01 -0.4605E-01
24.00 0.2407
0.4100E-01 -0.1524
0.4383E-01 -0.5323E-01
25.00 0.1861
-0.1478 -0.1543
0.7777E-01 -0.6524E-01
26.00 0.1606
-0.2732 -0.1369
0.1061 -0.7967E-01
27.00 0.1540
-0.2976 -0.1106
0.1135 -0.9051E-01
28.00 0.1544
-0.2635 -0.9058E-01
0.1027 -0.9468E-01
29.00 0.1526
-0.2237 -0.8359E-01
0.8447E-01 -0.9299E-01
30.00 0.1440
-0.2023 -0.9031E-01
0.6669E-01 -0.8677E-01
31.00 0.1285
-0.2029 -0.1109
0.5387E-01 -0.7659E-01
32.00 0.1088
-0.2183 -0.1467
0.4967E-01 -0.6235E-01
33.00 0.8863E-01
-0.2321 -0.1986
0.5816E-01 -0.4390E-01
34.00 0.7150E-01
-0.2190 -0.2621
0.8248E-01 -0.2189E-01
35.00 0.5961E-01
-0.1551 -0.3198
0.1194 0.9643E-03
36.00 0.5390E-01
-0.4825E-01 -0.3417
0.1532 0.1973E-01
37.00 0.5417E-01
0.4697E-01 -0.3107
0.1640 0.3068E-01
38.00 0.5941E-01
0.7874E-01 -0.2443
0.1476 0.3466E-01
39.00 0.6800E-01
0.4498E-01 -0.1734
0.1165 0.3496E-01
40.00 0.7790E-01
-0.2634E-01 -0.1165
0.8373E-01 0.3372E-01
41.00 0.8688E-01
-0.1094 -0.7781E-01
0.5600E-01 0.3154E-01
42.00 0.9286E-01
-0.1901 -0.5547E-01
0.3517E-01 0.2835E-01
43.00 0.9430E-01
-0.2631 -0.4637E-01
0.2111E-01 0.2397E-01
44.00 0.9062E-01
-0.3280 -0.4822E-01
0.1338E-01 0.1827E-01
45.00 0.8230E-01
-0.3855 -0.5982E-01
0.1193E-01 0.1127E-01
46.00 0.7081E-01
-0.4362 -0.8087E-01
0.1759E-01 0.3163E-02
47.00 0.5817E-01
-0.4777 -0.1112
0.3208E-01 -0.5253E-02
48.00 0.4637E-01
-0.5019 -0.1492
0.5748E-01 -0.1202E-01
49.00 0.3695E-01
-0.4942 -0.1887
0.9384E-01 -0.1345E-01
50.00 0.3065E-01
-0.4405 -0.2170
0.1349 -0.5293E-02
51.00 0.2741E-01
-0.3456 -0.2215
0.1670 0.1284E-01
52.00 0.2665E-01
-0.2407 -0.2021
0.1795 0.3456E-01
53.00 0.2751E-01
-0.1573 -0.1717
0.1735 0.5165E-01
54.00 0.2921E-01
-0.1059 -0.1424
0.1575 0.6009E-01
55.00 0.3116E-01
-0.8156E-01 -0.1191
0.1389 0.6003E-01
56.00 0.3297E-01
-0.7605E-01 -0.1015
0.1214 0.5338E-01
57.00 0.3436E-01
-0.8317E-01 -0.8797E-01
0.1065 0.4240E-01
58.00 0.3511E-01
-0.9968E-01 -0.7738E-01
0.9457E-01 0.2914E-01
59.00 0.3502E-01
-0.1246 -0.6949E-01
0.8579E-01 0.1508E-01
60.00 0.3396E-01
-0.1583 -0.6477E-01
0.8031E-01 0.1003E-02
61.00 0.3198E-01
-0.2021 -0.6411E-01
0.7846E-01 -0.1294E-01
62.00 0.2934E-01
-0.2563 -0.6830E-01
0.8074E-01 -0.2694E-01
63.00 0.2652E-01
-0.3182 -0.7751E-01
0.8749E-01 -0.4109E-01
64.00 0.2402E-01
-0.3789 -0.9031E-01
0.9826E-01 -0.5465E-01
65.00 0.2225E-01
-0.4234 -0.1031
0.1111 -0.6575E-01
66.00 0.2140E-01
-0.4371 -0.1114
0.1228 -0.7208E-01
67.00 0.2135E-01
-0.4175 -0.1126
0.1309 -0.7254E-01
68.00 0.2176E-01
-0.3754 -0.1080
0.1352 -0.6809E-01
69.00 0.2224E-01
-0.3257 -0.1004
0.1371 -0.6072E-01
70.00 0.2244E-01
-0.2797 -0.9247E-01
0.1384 -0.5234E-01
71.00 0.2220E-01
-0.2432 -0.8569E-01
0.1400 -0.4435E-01
72.00 0.2157E-01
-0.2189 -0.8029E-01
0.1418 -0.3790E-01
73.00 0.2071E-01
-0.2078 -0.7583E-01
0.1429 -0.3410E-01
74.00 0.1982E-01
-0.2097 -0.7175E-01
0.1421 -0.3393E-01
75.00 0.1900E-01
-0.2235 -0.6772E-01
0.1384 -0.3791E-01
76.00 0.1828E-01
-0.2475 -0.6399E-01
0.1320 -0.4585E-01
77.00 0.1760E-01
-0.2794 -0.6116E-01
0.1240 -0.5694E-01
78.00 0.1690E-01
-0.3171 -0.5977E-01
0.1160 -0.7012E-01
79.00 0.1615E-01
-0.3581 -0.5982E-01
0.1096 -0.8428E-01
80.00 0.1542E-01
-0.3983 -0.6049E-01
0.1055 -0.9820E-01
81.00 0.1480E-01
-0.4316 -0.6026E-01
0.1042 -0.1104
82.00 0.1439E-01
-0.4517 -0.5746E-01
0.1051 -0.1196
83.00 0.1419E-01
-0.4549 -0.5125E-01
0.1076 -0.1250
84.00 0.1413E-01
-0.4430 -0.4212E-01
0.1110 -0.1271
85.00 0.1407E-01
-0.4216 -0.3161E-01
0.1150 -0.1270
86.00 0.1388E-01
-0.3972 -0.2136E-01
0.1199 -0.1265
87.00 0.1349E-01
-0.3745 -0.1262E-01
0.1259 -0.1266
88.00 0.1293E-01
-0.3562 -0.6002E-02
0.1329 -0.1279
89.00 0.1229E-01
-0.3430 -0.1559E-02
0.1399 -0.1303
90.00 0.1172E-01
-0.3344 0.1196E-02
0.1450 -0.1333
91.00 0.1129E-01
-0.3299 0.3096E-02
0.1465 -0.1360
92.00 0.1104E-01
-0.3295 0.4944E-02
0.1433 -0.1378
93.00 0.1090E-01
-0.3340 0.7096E-02
0.1361 -0.1385
94.00 0.1079E-01
-0.3441 0.9371E-02
0.1266 -0.1384
95.00 0.1062E-01
-0.3603 0.1129E-01
0.1165 -0.1380
96.00 0.1037E-01
-0.3814 0.1245E-01
0.1070 -0.1374
97.00 0.1009E-01
-0.4038 0.1278E-01
0.9866E-01 -0.1365
98.00 0.9839E-02
-0.4223 0.1269E-01
0.9148E-01 -0.1351
99.00 0.9697E-02
-0.4319 0.1296E-01
0.8519E-01 -0.1335
100.0 0.9668E-02
-0.4306 0.1427E-01
0.7954E-01 -0.1321
101.0 0.9703E-02
-0.4209 0.1682E-01
0.7450E-01 -0.1322
102.0 0.9710E-02
-0.4084 0.2018E-01
0.7018E-01 -0.1349
103.0 0.9603E-02
-0.3988 0.2354E-01
0.6673E-01 -0.1411
104.0 0.9345E-02
-0.3961 0.2609E-01
0.6415E-01 -0.1509
105.0 0.8966E-02
-0.4017 0.2731E-01
0.6223E-01 -0.1641
106.0 0.8547E-02
-0.4141 0.2717E-01
0.6044E-01 -0.1789
107.0 0.8181E-02
-0.4293 0.2639E-01
0.5805E-01 -0.1929
108.0 0.7925E-02
-0.4424 0.2632E-01
0.5439E-01 -0.2030
109.0 0.7773E-02
-0.4503 0.2828E-01
0.4932E-01 -0.2077
110.0 0.7669E-02
-0.4531 0.3290E-01
0.4325E-01 -0.2073
111.0 0.7531E-02
-0.4530 0.3985E-01
0.3690E-01 -0.2036
112.0 0.7305E-02
-0.4526 0.4814E-01
0.3097E-01 -0.1989
113.0 0.6986E-02
-0.4521 0.5641E-01
0.2596E-01 -0.1944
114.0 0.6627E-02
-0.4494 0.6313E-01
0.2207E-01 -0.1909
115.0 0.6307E-02
-0.4408 0.6686E-01
0.1909E-01 -0.1885
116.0 0.6095E-02
-0.4235 0.6689E-01
0.1641E-01 -0.1870
117.0 0.6010E-02
-0.3990 0.6370E-01
0.1309E-01 -0.1865
118.0 0.6017E-02
-0.3732 0.5864E-01
0.8356E-02 -0.1874
119.0 0.6047E-02
-0.3536 0.5296E-01
0.1822E-02 -0.1901
120.0 0.6028E-02
-0.3455 0.4706E-01
-0.6477E-02 -0.1946
121.0 0.5929E-02
-0.3511 0.4061E-01
-0.1624E-01 -0.2002
122.0 0.5768E-02
-0.3692 0.3318E-01
-0.2692E-01 -0.2052
123.0 0.5600E-02
-0.3948 0.2494E-01
-0.3765E-01 -0.2071
124.0 0.5486E-02
-0.4203 0.1721E-01
-0.4741E-01 -0.2037
125.0 0.5455E-02
-0.4383 0.1203E-01
-0.5551E-01 -0.1946
126.0 0.5486E-02
-0.4458 0.1095E-01
-0.6215E-01 -0.1817
127.0 0.5520E-02
-0.4451 0.1403E-01
-0.6827E-01 -0.1686
128.0 0.5486E-02
-0.4415 0.1982E-01
-0.7504E-01 -0.1586
129.0 0.5343E-02
-0.4393 0.2595E-01
-0.8332E-01 -0.1540
130.0 0.5101E-02
-0.4401 0.2958E-01
-0.9328E-01 -0.1560
131.0 0.4817E-02
-0.4423 0.2778E-01
-0.1042 -0.1646
132.0 0.4570E-02
-0.4415 0.1863E-01
-0.1144 -0.1786
133.0 0.4421E-02
-0.4328 0.2763E-02
-0.1222 -0.1944
134.0 0.4384E-02
-0.4156 -0.1612E-01
-0.1269 -0.2081
135.0 0.4421E-02
-0.3941 -0.3352E-01
-0.1297 -0.2173
136.0 0.4462E-02
-0.3750 -0.4699E-01
-0.1329 -0.2218
137.0 0.4441E-02
-0.3629 -0.5676E-01
-0.1381 -0.2226
138.0 0.4334E-02
-0.3593 -0.6463E-01
-0.1459 -0.2199
139.0 0.4162E-02
-0.3623 -0.7258E-01
-0.1552 -0.2127
140.0 0.3987E-02
-0.3671 -0.8163E-01
-0.1638 -0.1995
141.0 0.3871E-02
-0.3674 -0.9110E-01
-0.1686 -0.1792
142.0 0.3847E-02
-0.3593 -0.9884E-01
-0.1683 -0.1537
143.0 0.3899E-02
-0.3446 -0.1029
-0.1645 -0.1273
144.0 0.3973E-02
-0.3294 -0.1033
-0.1607 -0.1043
145.0 0.4005E-02
-0.3200 -0.1018
-0.1601 -0.8707E-01
146.0 0.3956E-02
-0.3204 -0.1013
-0.1642 -0.7613E-01
147.0 0.3834E-02
-0.3315 -0.1050
-0.1727 -0.7158E-01
148.0 0.3688E-02
-0.3500 -0.1158
-0.1833 -0.7333E-01
149.0 0.3586E-02
-0.3690 -0.1352
-0.1921 -0.8066E-01
150.0 0.3572E-02
-0.3801 -0.1607
-0.1955 -0.9156E-01
151.0 0.3647E-02
-0.3790 -0.1877
-0.1929 -0.1031
152.0 0.3763E-02
-0.3682 -0.2119
-0.1870 -0.1127
153.0 0.3850E-02
-0.3533 -0.2319
-0.1816 -0.1196
154.0 0.3850E-02
-0.3385 -0.2482
-0.1789 -0.1235
155.0 0.3751E-02
-0.3246 -0.2616
-0.1792 -0.1242
156.0 0.3594E-02
-0.3088 -0.2716
-0.1808 -0.1210
157.0 0.3451E-02
-0.2862 -0.2762
-0.1804 -0.1132
158.0 0.3389E-02
-0.2534 -0.2737
-0.1751 -0.1007
159.0 0.3434E-02
-0.2131 -0.2655
-0.1644 -0.8572E-01
160.0 0.3555E-02
-0.1729 -0.2559
-0.1517 -0.7083E-01
161.0 0.3679E-02
-0.1401 -0.2495
-0.1407 -0.5759E-01
162.0 0.3730E-02
-0.1186 -0.2492
-0.1339 -0.4569E-01
163.0 0.3671E-02
-0.1099 -0.2553
-0.1314 -0.3387E-01
164.0 0.3527E-02
-0.1136 -0.2664
-0.1317 -0.2090E-01
165.0 0.3374E-02
-0.1280 -0.2788
-0.1320 -0.6666E-02
166.0 0.3304E-02
-0.1474 -0.2878
-0.1288 0.6960E-02
167.0 0.3373E-02
-0.1637 -0.2906
-0.1208 0.1683E-01
168.0 0.3572E-02
-0.1712 -0.2903
-0.1101 0.2124E-01
169.0 0.3824E-02
-0.1706 -0.2933
-0.1001 0.2136E-01
170.0 0.4018E-02
-0.1662 -0.3053
-0.9305E-01 0.1968E-01
171.0 0.4068E-02
-0.1617 -0.3291
-0.8884E-01 0.1819E-01
172.0 0.3959E-02
-0.1586 -0.3643
-0.8586E-01 0.1787E-01
173.0 0.3762E-02
-0.1555 -0.4045
-0.8117E-01 0.1865E-01
174.0 0.3611E-02
-0.1481 -0.4348
-0.7138E-01 0.1933E-01
175.0 0.3637E-02
-0.1315 -0.4358
-0.5531E-01 0.1807E-01
176.0 0.3908E-02
-0.1056 -0.4027
-0.3657E-01 0.1413E-01
177.0 0.4385E-02
-0.7589E-01 -0.3525
-0.2071E-01 0.8830E-02
178.0 0.4931E-02
-0.4780E-01 -0.3070
-0.1016E-01 0.4097E-02
179.0 0.5364E-02
-0.2287E-01 -0.2777
-0.3969E-02 0.1037E-02
180.0 0.5528E-02
0.000 -0.2678
0.000 0.000
