0.000 0.7413
0.000 -1.405
0.000 0.000
1.000 0.7326
-0.2305 -1.367
0.1141E-01 -0.1563E-01
2.000 0.7062
-0.4415 -1.258
0.1810E-01 -0.6052E-01
3.000 0.6611
-0.6174 -1.090
0.1605E-01 -0.1293
4.000 0.5971
-0.7486 -0.8810
0.2168E-02 -0.2153
5.000 0.5160
-0.8308 -0.6456
-0.2589E-01 -0.3119
6.000 0.4223
-0.8615 -0.3957
-0.7037E-01 -0.4144
7.000 0.3234
-0.8362 -0.1383
-0.1341 -0.5200
8.000 0.2286
-0.7403 0.1222
-0.2203 -0.6268
9.000 0.1472
-0.5363 0.3726
-0.3285 -0.7293
10.00 0.8648E-01
-0.1475 0.5470
-0.4307 -0.8006
11.00 0.5006E-01
0.4702 0.4013
-0.3819 -0.7405
12.00 0.3693E-01
0.8550 -0.3417
0.6453E-01 -0.4361
13.00 0.4195E-01
0.4404 -0.9570
0.5487 -0.1847
14.00 0.5728E-01
-0.1023 -0.9916
0.6817 -0.1711
15.00 0.7443E-01
-0.4251 -0.8285
0.6458 -0.2382
16.00 0.8636E-01
-0.5952 -0.6634
0.5723 -0.3060
17.00 0.8895E-01
-0.6880 -0.5370
0.4961 -0.3579
18.00 0.8149E-01
-0.7436 -0.4538
0.4218 -0.3920
19.00 0.6629E-01
-0.7819 -0.4161
0.3450 -0.4074
20.00 0.4741E-01
-0.8118 -0.4338
0.2555 -0.4000
21.00 0.2927E-01
-0.8283 -0.5347
0.1341 -0.3585
22.00 0.1526E-01
-0.7781 -0.7814
-0.5403E-01 -0.2570
23.00 0.7088E-02
-0.4092 -1.204
-0.3048 -0.8271E-01
24.00 0.4601E-02
0.5224 -1.107
-0.1679 -0.1215
25.00 0.6286E-02
0.7367 -0.2800
0.3657 -0.4612
26.00 0.1001E-01
0.4773 0.9650E-01
0.5968 -0.6161
27.00 0.1377E-01
0.2791 0.1851
0.6788 -0.6527
28.00 0.1623E-01
0.1601 0.1667
0.7275 -0.6453
29.00 0.1691E-01
0.8964E-01 0.9067E-01
0.7732 -0.6142
30.00 0.1603E-01
0.5029E-01 -0.3422E-01
0.8190 -0.5631
31.00 0.1422E-01
0.3659E-01 -0.2082
0.8552 -0.4920
32.00 0.1215E-01
0.5139E-01 -0.4245
0.8620 -0.4037
33.00 0.1033E-01
0.1013 -0.6562
0.8165 -0.3091
34.00 0.8987E-02
0.1879 -0.8566
0.7122 -0.2274
35.00 0.8094E-02
0.2998 -0.9851
0.5741 -0.1750
36.00 0.7509E-02
0.4159 -1.036
0.4465 -0.1543
37.00 0.7076E-02
0.5157 -1.031
0.3643 -0.1560
38.00 0.6703E-02
0.5849 -0.9978
0.3386 -0.1693
39.00 0.6368E-02
0.6153 -0.9516
0.3612 -0.1881
40.00 0.6098E-02
0.6058 -0.8994
0.4126 -0.2094
41.00 0.5925E-02
0.5656 -0.8468
0.4702 -0.2309
42.00 0.5864E-02
0.5127 -0.8022
0.5180 -0.2494
43.00 0.5905E-02
0.4659 -0.7733
0.5517 -0.2613
44.00 0.6028E-02
0.4359 -0.7614
0.5778 -0.2662
45.00 0.6213E-02
0.4224 -0.7592
0.6048 -0.2671
46.00 0.6442E-02
0.4170 -0.7536
0.6370 -0.2693
47.00 0.6692E-02
0.4106 -0.7334
0.6726 -0.2774
48.00 0.6923E-02
0.3975 -0.6948
0.7057 -0.2931
49.00 0.7071E-02
0.3772 -0.6428
0.7314 -0.3144
50.00 0.7068E-02
0.3534 -0.5881
0.7473 -0.3368
51.00 0.6860E-02
0.3307 -0.5426
0.7548 -0.3555
52.00 0.6436E-02
0.3139 -0.5163
0.7564 -0.3663
53.00 0.5844E-02
0.3071 -0.5162
0.7549 -0.3664
54.00 0.5182E-02
0.3140 -0.5442
0.7514 -0.3549
55.00 0.4571E-02
0.3372 -0.5928
0.7445 -0.3349
56.00 0.4116E-02
0.3757 -0.6428
0.7305 -0.3144
57.00 0.3869E-02
0.4225 -0.6689
0.7073 -0.3038
58.00 0.3822E-02
0.4667 -0.6593
0.6781 -0.3078
59.00 0.3906E-02
0.5005 -0.6254
0.6512 -0.3217
60.00 0.4030E-02
0.5223 -0.5891
0.6339 -0.3366
61.00 0.4104E-02
0.5332 -0.5661
0.6294 -0.3460
62.00 0.4075E-02
0.5338 -0.5614
0.6375 -0.3478
63.00 0.3932E-02
0.5226 -0.5716
0.6554 -0.3435
64.00 0.3703E-02
0.4976 -0.5885
0.6784 -0.3364
65.00 0.3428E-02
0.4584 -0.6021
0.7001 -0.3308
66.00 0.3149E-02
0.4079 -0.6045
0.7144 -0.3298
67.00 0.2889E-02
0.3534 -0.5952
0.7181 -0.3337
68.00 0.2659E-02
0.3038 -0.5820
0.7135 -0.3392
69.00 0.2459E-02
0.2651 -0.5772
0.7080 -0.3412
70.00 0.2293E-02
0.2382 -0.5900
0.7099 -0.3360
71.00 0.2166E-02
0.2186 -0.6190
0.7243 -0.3240
72.00 0.2089E-02
0.1999 -0.6508
0.7492 -0.3109
73.00 0.2067E-02
0.1786 -0.6660
0.7756 -0.3046
74.00 0.2091E-02
0.1559 -0.6529
0.7940 -0.3099
75.00 0.2137E-02
0.1365 -0.6145
0.8005 -0.3257
76.00 0.2174E-02
0.1242 -0.5641
0.7981 -0.3465
77.00 0.2170E-02
0.1200 -0.5156
0.7935 -0.3664
78.00 0.2108E-02
0.1222 -0.4776
0.7931 -0.3820
79.00 0.1990E-02
0.1269 -0.4520
0.8006 -0.3924
80.00 0.1837E-02
0.1292 -0.4341
0.8160 -0.3995
81.00 0.1679E-02
0.1241 -0.4148
0.8349 -0.4072
82.00 0.1540E-02
0.1089 -0.3845
0.8492 -0.4196
83.00 0.1436E-02
0.8479E-01 -0.3401
0.8513 -0.4378
84.00 0.1363E-02
0.5664E-01 -0.2893
0.8402 -0.4586
85.00 0.1311E-02
0.2936E-01 -0.2471
0.8227 -0.4760
86.00 0.1264E-02
0.4329E-02 -0.2260
0.8083 -0.4845
87.00 0.1217E-02
-0.2077E-01 -0.2296
0.8039 -0.4828
88.00 0.1170E-02
-0.4948E-01 -0.2508
0.8096 -0.4739
89.00 0.1134E-02
-0.8317E-01 -0.2731
0.8181 -0.4644
90.00 0.1116E-02
-0.1188 -0.2784
0.8183 -0.4620
91.00 0.1118E-02
-0.1500 -0.2569
0.8022 -0.4709
92.00 0.1131E-02
-0.1718 -0.2139
0.7708 -0.4887
93.00 0.1138E-02
-0.1839 -0.1642
0.7324 -0.5094
94.00 0.1123E-02
-0.1904 -0.1230
0.6972 -0.5265
95.00 0.1076E-02
-0.1978 -0.9978E-01
0.6730 -0.5360
96.00 0.1001E-02
-0.2129 -0.9757E-01
0.6639 -0.5368
97.00 0.9120E-03
-0.2408 -0.1126
0.6693 -0.5304
98.00 0.8274E-03
-0.2826 -0.1342
0.6832 -0.5213
99.00 0.7629E-03
-0.3321 -0.1473
0.6942 -0.5159
100.0 0.7246E-03
-0.3772 -0.1411
0.6916 -0.5186
101.0 0.7082E-03
-0.4091 -0.1180
0.6733 -0.5283
102.0 0.7030E-03
-0.4282 -0.9027E-01
0.6466 -0.5398
103.0 0.6980E-03
-0.4430 -0.6951E-01
0.6213 -0.5482
104.0 0.6881E-03
-0.4627 -0.5889E-01
0.6028 -0.5521
105.0 0.6752E-03
-0.4919 -0.5219E-01
0.5890 -0.5541
106.0 0.6664E-03
-0.5275 -0.3761E-01
0.5720 -0.5594
107.0 0.6680E-03
-0.5596 -0.5679E-02
0.5421 -0.5722
108.0 0.6808E-03
-0.5789 0.4256E-01
0.4946 -0.5921
109.0 0.6982E-03
-0.5832 0.9521E-01
0.4334 -0.6141
110.0 0.7091E-03
-0.5789 0.1372
0.3664 -0.6318
111.0 0.7031E-03
-0.5764 0.1570
0.3015 -0.6402
112.0 0.6765E-03
-0.5854 0.1489
0.2440 -0.6369
113.0 0.6345E-03
-0.6121 0.1129
0.1970 -0.6218
114.0 0.5895E-03
-0.6556 0.5696E-01
0.1628 -0.5982
115.0 0.5554E-03
-0.7043 -0.9099E-03
0.1412 -0.5740
116.0 0.5412E-03
-0.7393 -0.3899E-01
0.1279 -0.5583
117.0 0.5467E-03
-0.7477 -0.4749E-01
0.1157 -0.5553
118.0 0.5634E-03
-0.7341 -0.3622E-01
0.9843E-01 -0.5605
119.0 0.5785E-03
-0.7141 -0.2397E-01
0.7385E-01 -0.5660
120.0 0.5817E-03
-0.7032 -0.2535E-01
0.4222E-01 -0.5654
121.0 0.5698E-03
-0.7100 -0.4593E-01
0.4386E-02 -0.5564
122.0 0.5483E-03
-0.7347 -0.8187E-01
-0.3899E-01 -0.5408
123.0 0.5275E-03
-0.7666 -0.1207
-0.8686E-01 -0.5239
124.0 0.5174E-03
-0.7874 -0.1468
-0.1372 -0.5127
125.0 0.5222E-03
-0.7821 -0.1529
-0.1876 -0.5105
126.0 0.5383E-03
-0.7510 -0.1481
-0.2364 -0.5133
127.0 0.5566E-03
-0.7087 -0.1506
-0.2836 -0.5129
128.0 0.5678E-03
-0.6723 -0.1763
-0.3290 -0.5026
129.0 0.5672E-03
-0.6541 -0.2318
-0.3700 -0.4792
130.0 0.5579E-03
-0.6585 -0.3112
-0.4007 -0.4453
131.0 0.5485E-03
-0.6806 -0.3953
-0.4131 -0.4093
132.0 0.5486E-03
-0.7058 -0.4561
-0.4028 -0.3832
133.0 0.5632E-03
-0.7175 -0.4745
-0.3755 -0.3757
134.0 0.5894E-03
-0.7086 -0.4557
-0.3457 -0.3846
135.0 0.6173E-03
-0.6844 -0.4243
-0.3278 -0.3990
136.0 0.6348E-03
-0.6565 -0.4067
-0.3293 -0.4074
137.0 0.6336E-03
-0.6347 -0.4198
-0.3512 -0.4026
138.0 0.6134E-03
-0.6241 -0.4685
-0.3901 -0.3819
139.0 0.5829E-03
-0.6226 -0.5450
-0.4385 -0.3490
140.0 0.5552E-03
-0.6209 -0.6265
-0.4849 -0.3138
141.0 0.5418E-03
-0.6051 -0.6827
-0.5165 -0.2898
142.0 0.5471E-03
-0.5671 -0.6966
-0.5278 -0.2845
143.0 0.5664E-03
-0.5124 -0.6811
-0.5247 -0.2925
144.0 0.5886E-03
-0.4559 -0.6670
-0.5182 -0.2999
145.0 0.6021E-03
-0.4122 -0.6808
-0.5151 -0.2948
146.0 0.6012E-03
-0.3912 -0.7333
-0.5146 -0.2720
147.0 0.5886E-03
-0.3976 -0.8167
-0.5099 -0.2347
148.0 0.5739E-03
-0.4290 -0.9040
-0.4914 -0.1946
149.0 0.5684E-03
-0.4722 -0.9560
-0.4537 -0.1697
150.0 0.5786E-03
-0.5074 -0.9463
-0.4028 -0.1726
151.0 0.6022E-03
-0.5200 -0.8847
-0.3546 -0.1998
152.0 0.6287E-03
-0.5096 -0.8089
-0.3238 -0.2345
153.0 0.6444E-03
-0.4855 -0.7571
-0.3163 -0.2589
154.0 0.6398E-03
-0.4584 -0.7525
-0.3303 -0.2614
155.0 0.6143E-03
-0.4352 -0.8010
-0.3595 -0.2381
156.0 0.5775E-03
-0.4176 -0.8897
-0.3934 -0.1937
157.0 0.5448E-03
-0.4010 -0.9830
-0.4176 -0.1447
158.0 0.5300E-03
-0.3755 -1.031
-0.4194 -0.1163
159.0 0.5386E-03
-0.3341 -1.007
-0.3981 -0.1248
160.0 0.5653E-03
-0.2795 -0.9342
-0.3671 -0.1621
161.0 0.5962E-03
-0.2218 -0.8626
-0.3413 -0.2038
162.0 0.6164E-03
-0.1712 -0.8321
-0.3268 -0.2277
163.0 0.6172E-03
-0.1355 -0.8586
-0.3208 -0.2216
164.0 0.6010E-03
-0.1213 -0.9348
-0.3146 -0.1822
165.0 0.5798E-03
-0.1325 -1.029
-0.2974 -0.1177
166.0 0.5693E-03
-0.1650 -1.087
-0.2616 -0.5064E-01
167.0 0.5801E-03
-0.2034 -1.067
-0.2117 -0.9141E-02
168.0 0.6120E-03
-0.2287 -0.9722
-0.1633 -0.5473E-02
169.0 0.6531E-03
-0.2329 -0.8531
-0.1304 -0.2697E-01
170.0 0.6855E-03
-0.2206 -0.7601
-0.1167 -0.5059E-01
171.0 0.6939E-03
-0.2010 -0.7212
-0.1178 -0.5760E-01
172.0 0.6745E-03
-0.1830 -0.7417
-0.1256 -0.3746E-01
173.0 0.6375E-03
-0.1729 -0.8057
-0.1300 0.1107E-01
174.0 0.6034E-03
-0.1727 -0.8694
-0.1203 0.7483E-01
175.0 0.5938E-03
-0.1757 -0.8691
-0.9151E-01 0.1239
176.0 0.6209E-03
-0.1688 -0.7711
-0.5235E-01 0.1303
177.0 0.6809E-03
-0.1437 -0.6118
-0.1931E-01 0.9655E-01
178.0 0.7542E-03
-0.1028 -0.4589
-0.1486E-02 0.4937E-01
179.0 0.8139E-03
-0.5314E-01 -0.3570
0.2810E-02 0.1314E-01
180.0 0.8369E-03
0.000 -0.3220
0.000 0.000
