0.000 0.1074
0.000 0.7069
0.000 0.000
1.000 0.1072
0.3002E-01 0.7045
-0.2558E-01 0.1913E-01
2.000 0.1063
0.5496E-01 0.6975
-0.4357E-01 0.7261E-01
3.000 0.1045
0.7139E-01 0.6864
-0.4833E-01 0.1501
4.000 0.1013
0.7830E-01 0.6717
-0.3715E-01 0.2380
5.000 0.9645E-01
0.7707E-01 0.6534
-0.1025E-01 0.3228
6.000 0.8967E-01
0.7071E-01 0.6311
0.2990E-01 0.3928
7.000 0.8113E-01
0.6296E-01 0.6032
0.7925E-01 0.4388
8.000 0.7131E-01
0.5746E-01 0.5672
0.1324 0.4541
9.000 0.6096E-01
0.5689E-01 0.5200
0.1820 0.4338
10.00 0.5097E-01
0.6165E-01 0.4586
0.2179 0.3767
11.00 0.4220E-01
0.6812E-01 0.3832
0.2272 0.2890
12.00 0.3533E-01
0.6716E-01 0.3022
0.1971 0.1909
13.00 0.3067E-01
0.4674E-01 0.2361
0.1255 0.1181
14.00 0.2817E-01
0.1583E-02 0.2107
0.3163E-01 0.1052
15.00 0.2740E-01
-0.5819E-01 0.2373
-0.5069E-01 0.1563
16.00 0.2772E-01
-0.1130 0.3040
-0.9725E-01 0.2420
17.00 0.2837E-01
-0.1473 0.3884
-0.1054 0.3252
18.00 0.2868E-01
-0.1548 0.4726
-0.8527E-01 0.3823
19.00 0.2821E-01
-0.1354 0.5464
-0.4899E-01 0.4045
20.00 0.2680E-01
-0.9141E-01 0.6037
-0.5691E-02 0.3906
21.00 0.2454E-01
-0.2643E-01 0.6392
0.3820E-01 0.3430
22.00 0.2174E-01
0.5395E-01 0.6457
0.7746E-01 0.2667
23.00 0.1882E-01
0.1399 0.6141
0.1067 0.1712
24.00 0.1615E-01
0.2154 0.5372
0.1197 0.7375E-01
25.00 0.1399E-01
0.2604 0.4175
0.1114 -0.5275E-03
26.00 0.1243E-01
0.2597 0.2755
0.8142E-01 -0.2717E-01
27.00 0.1140E-01
0.2156 0.1462
0.3666E-01 0.1618E-02
28.00 0.1073E-01
0.1485 0.6056E-01
-0.1170E-01 0.6992E-01
29.00 0.1019E-01
0.8372E-01 0.3087E-01
-0.5444E-01 0.1494
30.00 0.9617E-02
0.3811E-01 0.5231E-01
-0.8731E-01 0.2154
31.00 0.8889E-02
0.1745E-01 0.1135
-0.1097 0.2535
32.00 0.8000E-02
0.1984E-01 0.2039
-0.1218 0.2578
33.00 0.7015E-02
0.3918E-01 0.3147
-0.1226 0.2274
34.00 0.6048E-02
0.6653E-01 0.4356
-0.1094 0.1666
35.00 0.5208E-02
0.9082E-01 0.5503
-0.7872E-01 0.8753E-01
36.00 0.4573E-02
0.1013 0.6351
-0.2989E-01 0.1243E-01
37.00 0.4163E-02
0.9303E-01 0.6679
0.3119E-01 -0.3255E-01
38.00 0.3946E-02
0.7135E-01 0.6432
0.9271E-01 -0.3266E-01
39.00 0.3852E-02
0.4781E-01 0.5771
0.1438 0.6021E-02
40.00 0.3796E-02
0.3207E-01 0.4931
0.1800 0.6468E-01
41.00 0.3705E-02
0.2811E-01 0.4093
0.2025 0.1254
42.00 0.3532E-02
0.3568E-01 0.3340
0.2144 0.1771
43.00 0.3263E-02
0.5301E-01 0.2696
0.2177 0.2146
44.00 0.2914E-02
0.7810E-01 0.2162
0.2130 0.2356
45.00 0.2521E-02
0.1087 0.1748
0.1988 0.2388
46.00 0.2127E-02
0.1409 0.1494
0.1724 0.2232
47.00 0.1774E-02
0.1674 0.1478
0.1319 0.1891
48.00 0.1493E-02
0.1757 0.1804
0.7911E-01 0.1407
49.00 0.1299E-02
0.1520 0.2526
0.2407E-01 0.8852E-01
50.00 0.1193E-02
0.9224E-01 0.3547
-0.1601E-01 0.4764E-01
51.00 0.1165E-02
0.1138E-01 0.4606
-0.2724E-01 0.2796E-01
52.00 0.1193E-02
-0.6474E-01 0.5437
-0.9607E-02 0.2694E-01
53.00 0.1251E-02
-0.1170 0.5928
0.2570E-01 0.3377E-01
54.00 0.1313E-02
-0.1402 0.6112
0.6638E-01 0.3828E-01
55.00 0.1355E-02
-0.1387 0.6073
0.1046 0.3497E-01
56.00 0.1361E-02
-0.1203 0.5888
0.1369 0.2255E-01
57.00 0.1328E-02
-0.9325E-01 0.5613
0.1626 0.2612E-02
58.00 0.1257E-02
-0.6528E-01 0.5281
0.1819 -0.2107E-01
59.00 0.1160E-02
-0.4312E-01 0.4917
0.1952 -0.4249E-01
60.00 0.1054E-02
-0.3202E-01 0.4544
0.2024 -0.5342E-01
61.00 0.9539E-03
-0.3448E-01 0.4193
0.2035 -0.4456E-01
62.00 0.8710E-03
-0.4881E-01 0.3898
0.1984 -0.9012E-02
63.00 0.8116E-03
-0.6910E-01 0.3695
0.1881 0.5272E-01
64.00 0.7752E-03
-0.8822E-01 0.3597
0.1746 0.1304
65.00 0.7566E-03
-0.1021 0.3593
0.1602 0.2083
66.00 0.7484E-03
-0.1115 0.3652
0.1460 0.2723
67.00 0.7437E-03
-0.1201 0.3746
0.1316 0.3146
68.00 0.7381E-03
-0.1312 0.3850
0.1152 0.3333
69.00 0.7301E-03
-0.1456 0.3952
0.9479E-01 0.3304
70.00 0.7213E-03
-0.1612 0.4040
0.6925E-01 0.3106
71.00 0.7144E-03
-0.1742 0.4107
0.3932E-01 0.2802
72.00 0.7119E-03
-0.1807 0.4145
0.8197E-02 0.2471
73.00 0.7150E-03
-0.1793 0.4151
-0.1918E-01 0.2193
74.00 0.7229E-03
-0.1712 0.4128
-0.3788E-01 0.2032
75.00 0.7331E-03
-0.1598 0.4081
-0.4483E-01 0.2017
76.00 0.7419E-03
-0.1483 0.4018
-0.3965E-01 0.2146
77.00 0.7457E-03
-0.1384 0.3946
-0.2435E-01 0.2391
78.00 0.7417E-03
-0.1300 0.3867
-0.2388E-02 0.2710
79.00 0.7285E-03
-0.1221 0.3780
0.2225E-01 0.3055
80.00 0.7063E-03
-0.1137 0.3681
0.4576E-01 0.3379
81.00 0.6771E-03
-0.1051 0.3566
0.6499E-01 0.3640
82.00 0.6440E-03
-0.9793E-01 0.3430
0.7774E-01 0.3808
83.00 0.6106E-03
-0.9523E-01 0.3271
0.8292E-01 0.3864
84.00 0.5804E-03
-0.1000 0.3095
0.8065E-01 0.3811
85.00 0.5564E-03
-0.1134 0.2911
0.7223E-01 0.3673
86.00 0.5402E-03
-0.1332 0.2734
0.5983E-01 0.3493
87.00 0.5319E-03
-0.1542 0.2577
0.4597E-01 0.3316
88.00 0.5305E-03
-0.1704 0.2450
0.3298E-01 0.3182
89.00 0.5340E-03
-0.1780 0.2356
0.2266E-01 0.3108
90.00 0.5397E-03
-0.1764 0.2293
0.1619E-01 0.3097
91.00 0.5452E-03
-0.1681 0.2257
0.1420E-01 0.3141
92.00 0.5488E-03
-0.1567 0.2244
0.1682E-01 0.3230
93.00 0.5494E-03
-0.1454 0.2248
0.2368E-01 0.3351
94.00 0.5467E-03
-0.1356 0.2265
0.3382E-01 0.3494
95.00 0.5410E-03
-0.1273 0.2287
0.4589E-01 0.3646
96.00 0.5329E-03
-0.1194 0.2306
0.5831E-01 0.3791
97.00 0.5230E-03
-0.1109 0.2310
0.6972E-01 0.3914
98.00 0.5119E-03
-0.1016 0.2294
0.7935E-01 0.4004
99.00 0.5001E-03
-0.9314E-01 0.2255
0.8714E-01 0.4054
100.0 0.4880E-03
-0.8780E-01 0.2194
0.9359E-01 0.4067
101.0 0.4762E-03
-0.8775E-01 0.2121
0.9941E-01 0.4050
102.0 0.4653E-03
-0.9370E-01 0.2044
0.1050 0.4017
103.0 0.4560E-03
-0.1043 0.1975
0.1104 0.3977
104.0 0.4483E-03
-0.1164 0.1919
0.1150 0.3940
105.0 0.4424E-03
-0.1264 0.1878
0.1183 0.3910
106.0 0.4379E-03
-0.1320 0.1850
0.1198 0.3884
107.0 0.4340E-03
-0.1329 0.1831
0.1201 0.3864
108.0 0.4302E-03
-0.1306 0.1819
0.1202 0.3849
109.0 0.4256E-03
-0.1277 0.1818
0.1213 0.3841
110.0 0.4198E-03
-0.1261 0.1830
0.1246 0.3844
111.0 0.4128E-03
-0.1265 0.1859
0.1305 0.3856
112.0 0.4045E-03
-0.1278 0.1907
0.1391 0.3874
113.0 0.3953E-03
-0.1282 0.1971
0.1497 0.3887
114.0 0.3855E-03
-0.1264 0.2041
0.1614 0.3881
115.0 0.3755E-03
-0.1222 0.2108
0.1737 0.3844
116.0 0.3656E-03
-0.1173 0.2161
0.1863 0.3767
117.0 0.3562E-03
-0.1142 0.2194
0.1992 0.3654
118.0 0.3476E-03
-0.1150 0.2207
0.2125 0.3515
119.0 0.3399E-03
-0.1203 0.2206
0.2260 0.3369
120.0 0.3333E-03
-0.1281 0.2200
0.2389 0.3235
121.0 0.3275E-03
-0.1347 0.2199
0.2500 0.3128
122.0 0.3225E-03
-0.1369 0.2215
0.2583 0.3057
123.0 0.3177E-03
-0.1326 0.2252
0.2632 0.3022
124.0 0.3129E-03
-0.1228 0.2318
0.2647 0.3018
125.0 0.3078E-03
-0.1104 0.2416
0.2635 0.3042
126.0 0.3023E-03
-0.9960E-01 0.2549
0.2608 0.3090
127.0 0.2967E-03
-0.9340E-01 0.2716
0.2574 0.3161
128.0 0.2910E-03
-0.9286E-01 0.2914
0.2540 0.3248
129.0 0.2855E-03
-0.9659E-01 0.3129
0.2505 0.3344
130.0 0.2802E-03
-0.1017 0.3344
0.2469 0.3432
131.0 0.2750E-03
-0.1055 0.3538
0.2431 0.3493
132.0 0.2697E-03
-0.1069 0.3693
0.2396 0.3509
133.0 0.2640E-03
-0.1065 0.3799
0.2372 0.3468
134.0 0.2579E-03
-0.1067 0.3855
0.2372 0.3369
135.0 0.2513E-03
-0.1094 0.3874
0.2403 0.3217
136.0 0.2442E-03
-0.1151 0.3873
0.2468 0.3030
137.0 0.2368E-03
-0.1218 0.3873
0.2560 0.2824
138.0 0.2293E-03
-0.1260 0.3892
0.2660 0.2615
139.0 0.2218E-03
-0.1242 0.3942
0.2751 0.2414
140.0 0.2145E-03
-0.1147 0.4026
0.2812 0.2227
141.0 0.2074E-03
-0.9901E-01 0.4140
0.2833 0.2057
142.0 0.2005E-03
-0.8153E-01 0.4276
0.2815 0.1910
143.0 0.1941E-03
-0.6764E-01 0.4424
0.2763 0.1795
144.0 0.1882E-03
-0.6136E-01 0.4573
0.2688 0.1725
145.0 0.1831E-03
-0.6338E-01 0.4713
0.2597 0.1708
146.0 0.1787E-03
-0.7069E-01 0.4832
0.2496 0.1749
147.0 0.1751E-03
-0.7819E-01 0.4922
0.2386 0.1835
148.0 0.1718E-03
-0.8140E-01 0.4976
0.2270 0.1948
149.0 0.1689E-03
-0.7878E-01 0.4993
0.2153 0.2060
150.0 0.1659E-03
-0.7227E-01 0.4979
0.2045 0.2151
151.0 0.1628E-03
-0.6593E-01 0.4946
0.1955 0.2206
152.0 0.1597E-03
-0.6347E-01 0.4911
0.1888 0.2226
153.0 0.1565E-03
-0.6592E-01 0.4890
0.1843 0.2218
154.0 0.1534E-03
-0.7083E-01 0.4893
0.1808 0.2192
155.0 0.1505E-03
-0.7336E-01 0.4922
0.1770 0.2154
156.0 0.1478E-03
-0.6897E-01 0.4973
0.1715 0.2106
157.0 0.1454E-03
-0.5624E-01 0.5032
0.1639 0.2041
158.0 0.1430E-03
-0.3809E-01 0.5089
0.1549 0.1952
159.0 0.1407E-03
-0.2061E-01 0.5136
0.1459 0.1838
160.0 0.1383E-03
-0.1011E-01 0.5174
0.1385 0.1704
161.0 0.1360E-03
-0.9734E-02 0.5205
0.1336 0.1558
162.0 0.1336E-03
-0.1751E-01 0.5233
0.1307 0.1408
163.0 0.1313E-03
-0.2706E-01 0.5256
0.1284 0.1252
164.0 0.1289E-03
-0.3074E-01 0.5266
0.1247 0.1077
165.0 0.1265E-03
-0.2383E-01 0.5249
0.1184 0.8635E-01
166.0 0.1240E-03
-0.7484E-02 0.5196
0.1093 0.5941E-01
167.0 0.1218E-03
0.1107E-01 0.5108
0.9872E-01 0.2680E-01
168.0 0.1201E-03
0.2167E-01 0.4998
0.8851E-01 -0.8792E-02
169.0 0.1195E-03
0.1671E-01 0.4896
0.8032E-01 -0.4194E-01
170.0 0.1204E-03
-0.3618E-02 0.4832
0.7438E-01 -0.6611E-01
171.0 0.1229E-03
-0.3008E-01 0.4826
0.6926E-01 -0.7651E-01
172.0 0.1269E-03
-0.4900E-01 0.4875
0.6268E-01 -0.7258E-01
173.0 0.1321E-03
-0.4990E-01 0.4954
0.5298E-01 -0.5810E-01
174.0 0.1376E-03
-0.3096E-01 0.5030
0.4009E-01 -0.3917E-01
175.0 0.1429E-03
0.7522E-03 0.5079
0.2562E-01 -0.2153E-01
176.0 0.1473E-03
0.3293E-01 0.5087
0.1213E-01 -0.8761E-02
177.0 0.1506E-03
0.5311E-01 0.5060
0.2147E-02 -0.1845E-02
178.0 0.1527E-03
0.5329E-01 0.5014
-0.2825E-02 0.4122E-03
179.0 0.1538E-03
0.3305E-01 0.4974
-0.2915E-02 0.3172E-03
180.0 0.1541E-03
0.000 0.4959
0.000 0.000
