0.000 0.8197E-04
0.000 0.1718
0.000 0.000
1.000 0.8059E-04
0.2957E-01 0.1635
0.5132E-01 -0.8824E-02
2.000 0.7659E-04
0.7151E-01 0.1395
0.1085 -0.3523E-01
3.000 0.7039E-04
0.1347 0.1022
0.1761 -0.7887E-01
4.000 0.6267E-04
0.2203 0.5508E-01
0.2560 -0.1386
5.000 0.5433E-04
0.3161 0.2241E-02
0.3445 -0.2109
6.000 0.4640E-04
0.3895 -0.5238E-01
0.4283 -0.2870
7.000 0.3984E-04
0.3869 -0.1056
0.4815 -0.3490
8.000 0.3540E-04
0.2568 -0.1556
0.4725 -0.3709
9.000 0.3344E-04
0.7346E-02 -0.2016
0.3900 -0.3357
10.00 0.3384E-04
-0.2641 -0.2429
0.2674 -0.2559
11.00 0.3604E-04
-0.4395 -0.2770
0.1605 -0.1684
12.00 0.3914E-04
-0.4656 -0.3009
0.1050 -0.1048
13.00 0.4220E-04
-0.3560 -0.3115
0.1051 -0.7802E-01
14.00 0.4446E-04
-0.1518 -0.3067
0.1481 -0.8839E-01
15.00 0.4548E-04
0.1011 -0.2855
0.2166 -0.1317
16.00 0.4526E-04
0.3544 -0.2493
0.2918 -0.2016
17.00 0.4416E-04
0.5557 -0.2027
0.3538 -0.2887
18.00 0.4268E-04
0.6523 -0.1554
0.3841 -0.3783
19.00 0.4125E-04
0.6088 -0.1206
0.3705 -0.4515
20.00 0.4008E-04
0.4280 -0.1099
0.3149 -0.4909
21.00 0.3908E-04
0.1556 -0.1282
0.2336 -0.4885
22.00 0.3792E-04
-0.1405 -0.1714
0.1502 -0.4483
23.00 0.3620E-04
-0.3988 -0.2298
0.8540E-01 -0.3821
24.00 0.3365E-04
-0.5779 -0.2930
0.5247E-01 -0.3038
25.00 0.3025E-04
-0.6528 -0.3513
0.5799E-01 -0.2264
26.00 0.2631E-04
-0.6063 -0.3951
0.1037 -0.1627
27.00 0.2239E-04
-0.4271 -0.4135
0.1850 -0.1282
28.00 0.1910E-04
-0.1273 -0.3945
0.2835 -0.1399
29.00 0.1694E-04
0.2211 -0.3340
0.3614 -0.2048
30.00 0.1607E-04
0.4873 -0.2491
0.3769 -0.3015
31.00 0.1634E-04
0.5760 -0.1716
0.3230 -0.3865
32.00 0.1724E-04
0.5053 -0.1218
0.2328 -0.4313
33.00 0.1816E-04
0.3532 -0.9850E-01
0.1424 -0.4367
34.00 0.1849E-04
0.1814 -0.9145E-01
0.6949E-01 -0.4165
35.00 0.1788E-04
0.1716E-01 -0.9234E-01
0.1781E-01 -0.3837
36.00 0.1625E-04
-0.1339 -0.9750E-01
-0.1404E-01 -0.3463
37.00 0.1386E-04
-0.2743 -0.1077
-0.2699E-01 -0.3094
38.00 0.1112E-04
-0.4050 -0.1283
-0.1864E-01 -0.2768
39.00 0.8551E-05
-0.5128 -0.1687
0.1795E-01 -0.2530
40.00 0.6535E-05
-0.5544 -0.2372
0.9058E-01 -0.2429
41.00 0.5282E-05
-0.4620 -0.3227
0.1913 -0.2478
42.00 0.4780E-05
-0.2226 -0.3802
0.2796 -0.2578
43.00 0.4836E-05
0.5973E-01 -0.3717
0.3151 -0.2586
44.00 0.5162E-05
0.2769 -0.3076
0.3005 -0.2482
45.00 0.5475E-05
0.4047 -0.2186
0.2600 -0.2342
46.00 0.5571E-05
0.4615 -0.1245
0.2104 -0.2245
47.00 0.5361E-05
0.4659 -0.3459E-01
0.1580 -0.2245
48.00 0.4872E-05
0.4255 0.4511E-01
0.1049 -0.2385
49.00 0.4204E-05
0.3389 0.1066
0.5284E-01 -0.2694
50.00 0.3487E-05
0.2006 0.1375
0.5946E-02 -0.3173
51.00 0.2836E-05
0.9564E-02 0.1220
-0.2737E-01 -0.3751
52.00 0.2323E-05
-0.2166 0.4941E-01
-0.3610E-01 -0.4235
53.00 0.1969E-05
-0.4330 -0.6963E-01
-0.1393E-01 -0.4349
54.00 0.1754E-05
-0.5856 -0.1976
0.3181E-01 -0.3922
55.00 0.1631E-05
-0.6488 -0.2922
0.8311E-01 -0.3061
56.00 0.1549E-05
-0.6370 -0.3345
0.1254 -0.2062
57.00 0.1465E-05
-0.5792 -0.3295
0.1552 -0.1196
58.00 0.1356E-05
-0.4952 -0.2892
0.1764 -0.6231E-01
59.00 0.1215E-05
-0.3905 -0.2214
0.1935 -0.4216E-01
60.00 0.1057E-05
-0.2611 -0.1274
0.2059 -0.6386E-01
61.00 0.9018E-06
-0.1025 -0.6856E-02
0.2043 -0.1301
62.00 0.7740E-06
0.7703E-01 0.1309
0.1692 -0.2366
63.00 0.6904E-06
0.2441 0.2543
0.8181E-01 -0.3614
64.00 0.6566E-06
0.3503 0.3177
-0.5201E-01 -0.4668
65.00 0.6655E-06
0.3734 0.2999
-0.1939 -0.5242
66.00 0.6991E-06
0.3346 0.2225
-0.3041 -0.5361
67.00 0.7353E-06
0.2689 0.1229
-0.3684 -0.5229
68.00 0.7546E-06
0.1968 0.2742E-01
-0.3925 -0.5025
69.00 0.7460E-06
0.1213 -0.5271E-01
-0.3879 -0.4835
70.00 0.7102E-06
0.3525E-01 -0.1156
-0.3643 -0.4681
71.00 0.6576E-06
-0.6882E-01 -0.1636
-0.3288 -0.4549
72.00 0.6032E-06
-0.1886 -0.2008
-0.2866 -0.4414
73.00 0.5608E-06
-0.3020 -0.2306
-0.2424 -0.4263
74.00 0.5373E-06
-0.3703 -0.2522
-0.2003 -0.4114
75.00 0.5311E-06
-0.3633 -0.2605
-0.1639 -0.4011
76.00 0.5339E-06
-0.2805 -0.2488
-0.1361 -0.3994
77.00 0.5349E-06
-0.1450 -0.2130
-0.1200 -0.4078
78.00 0.5261E-06
0.1438E-01 -0.1530
-0.1197 -0.4257
79.00 0.5051E-06
0.1725 -0.7402E-01
-0.1406 -0.4507
80.00 0.4758E-06
0.3071 0.1134E-01
-0.1867 -0.4791
81.00 0.4458E-06
0.3984 0.8130E-01
-0.2560 -0.5052
82.00 0.4226E-06
0.4335 0.1098
-0.3353 -0.5216
83.00 0.4107E-06
0.4156 0.8147E-01
-0.4028 -0.5227
84.00 0.4095E-06
0.3637 0.4470E-02
-0.4401 -0.5085
85.00 0.4152E-06
0.2995 -0.9429E-01
-0.4440 -0.4842
86.00 0.4226E-06
0.2340 -0.1875
-0.4253 -0.4561
87.00 0.4276E-06
0.1672 -0.2597
-0.3996 -0.4288
88.00 0.4292E-06
0.9586E-01 -0.3072
-0.3790 -0.4045
89.00 0.4283E-06
0.2255E-01 -0.3345
-0.3689 -0.3847
90.00 0.4269E-06
-0.4092E-01 -0.3488
-0.3678 -0.3703
91.00 0.4259E-06
-0.7702E-01 -0.3558
-0.3693 -0.3623
92.00 0.4240E-06
-0.7160E-01 -0.3574
-0.3667 -0.3611
93.00 0.4186E-06
-0.2119E-01 -0.3518
-0.3574 -0.3664
94.00 0.4071E-06
0.6607E-01 -0.3353
-0.3437 -0.3772
95.00 0.3887E-06
0.1739 -0.3058
-0.3317 -0.3922
96.00 0.3657E-06
0.2813 -0.2658
-0.3284 -0.4095
97.00 0.3428E-06
0.3663 -0.2240
-0.3386 -0.4260
98.00 0.3252E-06
0.4116 -0.1957
-0.3605 -0.4377
99.00 0.3169E-06
0.4153 -0.1949
-0.3842 -0.4411
100.0 0.3185E-06
0.3934 -0.2242
-0.3975 -0.4356
101.0 0.3275E-06
0.3687 -0.2718
-0.3942 -0.4236
102.0 0.3390E-06
0.3539 -0.3204
-0.3782 -0.4086
103.0 0.3480E-06
0.3465 -0.3577
-0.3588 -0.3932
104.0 0.3513E-06
0.3351 -0.3800
-0.3452 -0.3779
105.0 0.3484E-06
0.3071 -0.3897
-0.3429 -0.3626
106.0 0.3409E-06
0.2562 -0.3934
-0.3519 -0.3473
107.0 0.3312E-06
0.1872 -0.3979
-0.3668 -0.3327
108.0 0.3212E-06
0.1158 -0.4076
-0.3786 -0.3205
109.0 0.3115E-06
0.6189E-01 -0.4215
-0.3792 -0.3128
110.0 0.3011E-06
0.3879E-01 -0.4344
-0.3663 -0.3112
111.0 0.2895E-06
0.4691E-01 -0.4398
-0.3444 -0.3160
112.0 0.2768E-06
0.7429E-01 -0.4345
-0.3229 -0.3259
113.0 0.2649E-06
0.1024 -0.4207
-0.3117 -0.3383
114.0 0.2566E-06
0.1153 -0.4074
-0.3160 -0.3492
115.0 0.2544E-06
0.1091 -0.4065
-0.3318 -0.3546
116.0 0.2590E-06
0.9572E-01 -0.4247
-0.3471 -0.3525
117.0 0.2684E-06
0.9346E-01 -0.4585
-0.3503 -0.3442
118.0 0.2784E-06
0.1130 -0.4973
-0.3374 -0.3325
119.0 0.2841E-06
0.1526 -0.5308
-0.3127 -0.3201
120.0 0.2817E-06
0.2010 -0.5527
-0.2844 -0.3084
121.0 0.2702E-06
0.2429 -0.5613
-0.2615 -0.2976
122.0 0.2516E-06
0.2618 -0.5587
-0.2513 -0.2874
123.0 0.2303E-06
0.2450 -0.5502
-0.2574 -0.2779
124.0 0.2108E-06
0.1913 -0.5432
-0.2767 -0.2699
125.0 0.1966E-06
0.1181 -0.5439
-0.2978 -0.2651
126.0 0.1886E-06
0.5532E-01 -0.5521
-0.3067 -0.2652
127.0 0.1856E-06
0.2404E-01 -0.5611
-0.2971 -0.2702
128.0 0.1854E-06
0.2069E-01 -0.5627
-0.2750 -0.2787
129.0 0.1860E-06
0.2229E-01 -0.5536
-0.2535 -0.2879
130.0 0.1867E-06
0.3180E-02 -0.5380
-0.2444 -0.2951
131.0 0.1880E-06
-0.4928E-01 -0.5254
-0.2513 -0.2979
132.0 0.1905E-06
-0.1261 -0.5259
-0.2680 -0.2950
133.0 0.1942E-06
-0.2004 -0.5439
-0.2815 -0.2869
134.0 0.1977E-06
-0.2444 -0.5753
-0.2798 -0.2757
135.0 0.1985E-06
-0.2444 -0.6105
-0.2587 -0.2635
136.0 0.1940E-06
-0.2048 -0.6395
-0.2221 -0.2516
137.0 0.1828E-06
-0.1428 -0.6554
-0.1792 -0.2405
138.0 0.1660E-06
-0.8234E-01 -0.6556
-0.1425 -0.2296
139.0 0.1471E-06
-0.5041E-01 -0.6422
-0.1255 -0.2189
140.0 0.1303E-06
-0.6726E-01 -0.6247
-0.1381 -0.2090
141.0 0.1194E-06
-0.1261 -0.6186
-0.1754 -0.2026
142.0 0.1159E-06
-0.1822 -0.6342
-0.2116 -0.2023
143.0 0.1185E-06
-0.1866 -0.6643
-0.2190 -0.2083
144.0 0.1238E-06
-0.1315 -0.6912
-0.1929 -0.2178
145.0 0.1280E-06
-0.4721E-01 -0.7015
-0.1485 -0.2278
146.0 0.1286E-06
0.2436E-01 -0.6912
-0.1068 -0.2360
147.0 0.1253E-06
0.4453E-01 -0.6640
-0.8573E-01 -0.2407
148.0 0.1200E-06
-0.1261E-01 -0.6310
-0.9637E-01 -0.2407
149.0 0.1155E-06
-0.1420 -0.6086
-0.1357 -0.2350
150.0 0.1136E-06
-0.2939 -0.6109
-0.1818 -0.2250
151.0 0.1144E-06
-0.3975 -0.6375
-0.2048 -0.2135
152.0 0.1160E-06
-0.4122 -0.6738
-0.1884 -0.2033
153.0 0.1154E-06
-0.3466 -0.7017
-0.1374 -0.1951
154.0 0.1105E-06
-0.2385 -0.7093
-0.6922E-01 -0.1876
155.0 0.1014E-06
-0.1359 -0.6917
-0.5916E-02 -0.1791
156.0 0.9040E-07
-0.8949E-01 -0.6522
0.2662E-01 -0.1683
157.0 0.8133E-07
-0.1379 -0.6076
0.5644E-02 -0.1566
158.0 0.7772E-07
-0.2594 -0.5877
-0.6249E-01 -0.1493
159.0 0.8106E-07
-0.3535 -0.6086
-0.1259 -0.1519
160.0 0.9004E-07
-0.3387 -0.6498
-0.1350 -0.1630
161.0 0.1011E-06
-0.2277 -0.6799
-0.8834E-01 -0.1768
162.0 0.1103E-06
-0.7926E-01 -0.6825
-0.1259E-01 -0.1879
163.0 0.1149E-06
0.4961E-01 -0.6555
0.6424E-01 -0.1930
164.0 0.1149E-06
0.1113 -0.6058
0.1176 -0.1884
165.0 0.1129E-06
0.7173E-01 -0.5503
0.1268 -0.1711
166.0 0.1125E-06
-0.6361E-01 -0.5152
0.8571E-01 -0.1413
167.0 0.1167E-06
-0.2255 -0.5205
0.1726E-01 -0.1055
168.0 0.1257E-06
-0.3206 -0.5604
-0.3684E-01 -0.7371E-01
169.0 0.1370E-06
-0.3060 -0.6076
-0.5025E-01 -0.5123E-01
170.0 0.1467E-06
-0.2031 -0.6367
-0.2498E-01 -0.3660E-01
171.0 0.1508E-06
-0.5996E-01 -0.6349
0.2125E-01 -0.2558E-01
172.0 0.1482E-06
0.7181E-01 -0.5995
0.6615E-01 -0.1436E-01
173.0 0.1408E-06
0.1399 -0.5377
0.8584E-01 -0.1076E-02
174.0 0.1329E-06
0.9990E-01 -0.4719
0.5978E-01 0.1313E-01
175.0 0.1296E-06
-0.4719E-01 -0.4389
-0.1204E-01 0.2357E-01
176.0 0.1339E-06
-0.2207 -0.4656
-0.9373E-01 0.2540E-01
177.0 0.1454E-06
-0.3141 -0.5384
-0.1380 0.1907E-01
178.0 0.1601E-06
-0.2866 -0.6179
-0.1270 0.9814E-02
179.0 0.1723E-06
-0.1660 -0.6740
-0.7378E-01 0.2620E-02
180.0 0.1770E-06
0.000 -0.6936
0.000 0.000
