0.000 0.5893E-03
0.000 -0.1495
0.000 0.000
1.000 0.5726E-03
-0.5395E-01 -0.1493
0.5070E-02 0.1686E-02
2.000 0.5251E-03
-0.1108 -0.1485
0.1086E-01 0.6630E-02
3.000 0.4548E-03
-0.1730 -0.1470
0.1828E-01 0.1436E-01
4.000 0.3727E-03
-0.2420 -0.1444
0.2871E-01 0.2358E-01
5.000 0.2910E-03
-0.3155 -0.1392
0.4417E-01 0.3108E-01
6.000 0.2200E-03
-0.3815 -0.1284
0.6708E-01 0.2992E-01
7.000 0.1669E-03
-0.4094 -0.1067
0.9817E-01 0.8444E-02
8.000 0.1343E-03
-0.3560 -0.6893E-01
0.1313 -0.4302E-01
9.000 0.1208E-03
-0.2137 -0.1883E-01
0.1520 -0.1143
10.00 0.1215E-03
-0.4670E-01 0.2995E-01
0.1512 -0.1758
11.00 0.1302E-03
0.7529E-01 0.6786E-01
0.1344 -0.2101
12.00 0.1406E-03
0.1343 0.9513E-01
0.1115 -0.2216
13.00 0.1480E-03
0.1432 0.1151
0.8777E-01 -0.2213
14.00 0.1494E-03
0.1176 0.1298
0.6456E-01 -0.2175
15.00 0.1442E-03
0.6853E-01 0.1394
0.4180E-01 -0.2153
16.00 0.1334E-03
0.3799E-02 0.1433
0.1943E-01 -0.2180
17.00 0.1189E-03
-0.6935E-01 0.1405
-0.1755E-02 -0.2277
18.00 0.1029E-03
-0.1417 0.1312
-0.1964E-01 -0.2452
19.00 0.8739E-04
-0.2007 0.1177
-0.3051E-01 -0.2699
20.00 0.7352E-04
-0.2318 0.1059
-0.2957E-01 -0.2988
21.00 0.6198E-04
-0.2224 0.1042
-0.1254E-01 -0.3267
22.00 0.5291E-04
-0.1682 0.1203
0.2160E-01 -0.3473
23.00 0.4610E-04
-0.7930E-01 0.1563
0.6802E-01 -0.3558
24.00 0.4120E-04
0.2148E-01 0.2048
0.1159 -0.3511
25.00 0.3778E-04
0.1068 0.2507
0.1517 -0.3361
26.00 0.3538E-04
0.1568 0.2787
0.1650 -0.3156
27.00 0.3358E-04
0.1651 0.2802
0.1517 -0.2939
28.00 0.3197E-04
0.1375 0.2569
0.1145 -0.2723
29.00 0.3025E-04
0.8507E-01 0.2173
0.5960E-01 -0.2502
30.00 0.2824E-04
0.1843E-01 0.1729
-0.5485E-02 -0.2260
31.00 0.2592E-04
-0.5411E-01 0.1345
-0.7356E-01 -0.1987
32.00 0.2340E-04
-0.1258 0.1102
-0.1372 -0.1688
33.00 0.2090E-04
-0.1889 0.1052
-0.1880 -0.1390
34.00 0.1862E-04
-0.2331 0.1197
-0.2170 -0.1142
35.00 0.1671E-04
-0.2467 0.1483
-0.2172 -0.1000
36.00 0.1518E-04
-0.2209 0.1810
-0.1882 -0.9953E-01
37.00 0.1394E-04
-0.1554 0.2074
-0.1376 -0.1108
38.00 0.1282E-04
-0.5877E-01 0.2211
-0.7839E-01 -0.1272
39.00 0.1167E-04
0.5636E-01 0.2208
-0.2288E-01 -0.1406
40.00 0.1039E-04
0.1771 0.2073
0.2014E-01 -0.1438
41.00 0.9005E-05
0.2907 0.1809
0.4494E-01 -0.1305
42.00 0.7613E-05
0.3809 0.1392
0.4690E-01 -0.9556E-01
43.00 0.6362E-05
0.4243 0.7813E-01
0.2197E-01 -0.3533E-01
44.00 0.5382E-05
0.3944 -0.2159E-02
-0.3017E-01 0.4754E-01
45.00 0.4739E-05
0.2822 -0.8900E-01
-0.1001 0.1387
46.00 0.4416E-05
0.1193 -0.1572
-0.1684 0.2152
47.00 0.4319E-05
-0.3670E-01 -0.1857
-0.2183 0.2608
48.00 0.4326E-05
-0.1450 -0.1719
-0.2462 0.2746
49.00 0.4322E-05
-0.1983 -0.1267
-0.2579 0.2625
50.00 0.4239E-05
-0.2083 -0.6371E-01
-0.2593 0.2278
51.00 0.4063E-05
-0.1902 0.4124E-02
-0.2522 0.1686
52.00 0.3828E-05
-0.1565 0.6376E-01
-0.2342 0.8194E-01
53.00 0.3582E-05
-0.1167 0.1019
-0.2013 -0.2913E-01
54.00 0.3366E-05
-0.7744E-01 0.1089
-0.1523 -0.1497
55.00 0.3194E-05
-0.4169E-01 0.8391E-01
-0.9182E-01 -0.2546
56.00 0.3050E-05
-0.8965E-02 0.3697E-01
-0.2982E-01 -0.3185
57.00 0.2905E-05
0.2326E-01 -0.1714E-01
0.2236E-01 -0.3272
58.00 0.2731E-05
0.5711E-01 -0.6576E-01
0.5560E-01 -0.2797
59.00 0.2518E-05
0.9219E-01 -0.1017
0.6340E-01 -0.1844
60.00 0.2280E-05
0.1238 -0.1226
0.4122E-01 -0.5654E-01
61.00 0.2050E-05
0.1415 -0.1293
-0.1229E-01 0.7927E-01
62.00 0.1865E-05
0.1306 -0.1250
-0.9058E-01 0.1870
63.00 0.1752E-05
0.8031E-01 -0.1141
-0.1750 0.2290
64.00 0.1718E-05
-0.5078E-02 -0.1014
-0.2402 0.1901
65.00 0.1746E-05
-0.1053 -0.8942E-01
-0.2702 0.9135E-01
66.00 0.1804E-05
-0.1978 -0.7850E-01
-0.2663 -0.2821E-01
67.00 0.1851E-05
-0.2690 -0.6839E-01
-0.2402 -0.1383
68.00 0.1854E-05
-0.3140 -0.5942E-01
-0.2034 -0.2258
69.00 0.1796E-05
-0.3317 -0.5278E-01
-0.1640 -0.2884
70.00 0.1673E-05
-0.3205 -0.5015E-01
-0.1261 -0.3280
71.00 0.1501E-05
-0.2776 -0.5315E-01
-0.9249E-01 -0.3452
72.00 0.1306E-05
-0.1999 -0.6263E-01
-0.6591E-01 -0.3377
73.00 0.1114E-05
-0.8821E-01 -0.7764E-01
-0.5057E-01 -0.3004
74.00 0.9503E-06
0.4498E-01 -0.9440E-01
-0.5215E-01 -0.2292
75.00 0.8320E-06
0.1689 -0.1067
-0.7493E-01 -0.1296
76.00 0.7650E-06
0.2420 -0.1096
-0.1160 -0.2539E-01
77.00 0.7453E-06
0.2398 -0.1045
-0.1627 0.5033E-01
78.00 0.7609E-06
0.1757 -0.9849E-01
-0.2002 0.7771E-01
79.00 0.7951E-06
0.8493E-01 -0.9799E-01
-0.2208 0.6097E-01
80.00 0.8311E-06
-0.2392E-02 -0.1049
-0.2254 0.1747E-01
81.00 0.8552E-06
-0.7192E-01 -0.1170
-0.2183 -0.3562E-01
82.00 0.8597E-06
-0.1209 -0.1305
-0.2045 -0.8635E-01
83.00 0.8437E-06
-0.1517 -0.1416
-0.1882 -0.1278
84.00 0.8112E-06
-0.1681 -0.1469
-0.1727 -0.1568
85.00 0.7690E-06
-0.1728 -0.1448
-0.1603 -0.1729
86.00 0.7236E-06
-0.1669 -0.1357
-0.1528 -0.1777
87.00 0.6790E-06
-0.1500 -0.1213
-0.1504 -0.1743
88.00 0.6362E-06
-0.1216 -0.1046
-0.1527 -0.1652
89.00 0.5944E-06
-0.8258E-01 -0.8754E-01
-0.1586 -0.1514
90.00 0.5527E-06
-0.3594E-01 -0.7162E-01
-0.1671 -0.1322
91.00 0.5117E-06
0.1208E-01 -0.5805E-01
-0.1776 -0.1064
92.00 0.4740E-06
0.5215E-01 -0.4960E-01
-0.1893 -0.7490E-01
93.00 0.4435E-06
0.7343E-01 -0.5141E-01
-0.2007 -0.4220E-01
94.00 0.4237E-06
0.6803E-01 -0.6950E-01
-0.2092 -0.1640E-01
95.00 0.4156E-06
0.3651E-01 -0.1065
-0.2122 -0.4802E-02
96.00 0.4173E-06
-0.1127E-01 -0.1584
-0.2089 -0.8655E-02
97.00 0.4241E-06
-0.6217E-01 -0.2157
-0.2005 -0.2209E-01
98.00 0.4302E-06
-0.1066 -0.2684
-0.1899 -0.3624E-01
99.00 0.4309E-06
-0.1407 -0.3085
-0.1799 -0.4380E-01
100.0 0.4238E-06
-0.1640 -0.3312
-0.1722 -0.4117E-01
101.0 0.4091E-06
-0.1768 -0.3343
-0.1676 -0.2870E-01
102.0 0.3889E-06
-0.1784 -0.3188
-0.1654 -0.9974E-02
103.0 0.3657E-06
-0.1669 -0.2892
-0.1637 0.9639E-02
104.0 0.3415E-06
-0.1400 -0.2528
-0.1600 0.2541E-01
105.0 0.3171E-06
-0.9700E-01 -0.2183
-0.1516 0.3576E-01
106.0 0.2930E-06
-0.4036E-01 -0.1924
-0.1374 0.4313E-01
107.0 0.2699E-06
0.2278E-01 -0.1783
-0.1177 0.5250E-01
108.0 0.2497E-06
0.8003E-01 -0.1755
-0.9513E-01 0.6773E-01
109.0 0.2351E-06
0.1152 -0.1813
-0.7419E-01 0.8749E-01
110.0 0.2288E-06
0.1153 -0.1921
-0.6007E-01 0.1038
111.0 0.2317E-06
0.8051E-01 -0.2052
-0.5558E-01 0.1069
112.0 0.2422E-06
0.2637E-01 -0.2197
-0.5933E-01 0.9403E-01
113.0 0.2563E-06
-0.2784E-01 -0.2358
-0.6736E-01 0.7167E-01
114.0 0.2686E-06
-0.7061E-01 -0.2536
-0.7635E-01 0.5037E-01
115.0 0.2743E-06
-0.9973E-01 -0.2725
-0.8493E-01 0.3909E-01
116.0 0.2714E-06
-0.1183 -0.2913
-0.9315E-01 0.4320E-01
117.0 0.2610E-06
-0.1309 -0.3081
-0.1014 0.6407E-01
118.0 0.2470E-06
-0.1411 -0.3202
-0.1092 0.9790E-01
119.0 0.2340E-06
-0.1501 -0.3253
-0.1147 0.1348
120.0 0.2257E-06
-0.1558 -0.3229
-0.1145 0.1615
121.0 0.2229E-06
-0.1544 -0.3154
-0.1057 0.1694
122.0 0.2239E-06
-0.1436 -0.3065
-0.8794E-01 0.1610
123.0 0.2253E-06
-0.1248 -0.2989
-0.6276E-01 0.1466
124.0 0.2242E-06
-0.1015 -0.2927
-0.3244E-01 0.1369
125.0 0.2195E-06
-0.7787E-01 -0.2863
0.9197E-03 0.1370
126.0 0.2126E-06
-0.5802E-01 -0.2774
0.3495E-01 0.1451
127.0 0.2064E-06
-0.4487E-01 -0.2649
0.6633E-01 0.1530
128.0 0.2037E-06
-0.3885E-01 -0.2502
0.9122E-01 0.1501
129.0 0.2056E-06
-0.3741E-01 -0.2365
0.1072 0.1315
130.0 0.2109E-06
-0.3702E-01 -0.2272
0.1151 0.1026
131.0 0.2165E-06
-0.3602E-01 -0.2232
0.1175 0.7536E-01
132.0 0.2192E-06
-0.3578E-01 -0.2232
0.1167 0.6133E-01
133.0 0.2172E-06
-0.3985E-01 -0.2248
0.1135 0.6734E-01
134.0 0.2112E-06
-0.5205E-01 -0.2251
0.1067 0.9400E-01
135.0 0.2044E-06
-0.7385E-01 -0.2213
0.9476E-01 0.1343
136.0 0.2003E-06
-0.1013 -0.2121
0.7762E-01 0.1736
137.0 0.2014E-06
-0.1246 -0.1981
0.5860E-01 0.1956
138.0 0.2080E-06
-0.1342 -0.1820
0.4319E-01 0.1934
139.0 0.2175E-06
-0.1271 -0.1665
0.3556E-01 0.1738
140.0 0.2263E-06
-0.1078 -0.1533
0.3665E-01 0.1496
141.0 0.2310E-06
-0.8452E-01 -0.1431
0.4496E-01 0.1308
142.0 0.2308E-06
-0.6558E-01 -0.1366
0.5793E-01 0.1210
143.0 0.2272E-06
-0.5810E-01 -0.1352
0.7263E-01 0.1170
144.0 0.2238E-06
-0.6579E-01 -0.1405
0.8597E-01 0.1107
145.0 0.2240E-06
-0.8621E-01 -0.1520
0.9552E-01 0.9354E-01
146.0 0.2292E-06
-0.1108 -0.1655
0.1007 0.6343E-01
147.0 0.2382E-06
-0.1299 -0.1751
0.1031 0.2737E-01
148.0 0.2475E-06
-0.1390 -0.1752
0.1045 -0.3256E-02
149.0 0.2534E-06
-0.1395 -0.1631
0.1060 -0.1906E-01
150.0 0.2535E-06
-0.1359 -0.1381
0.1067 -0.1544E-01
151.0 0.2482E-06
-0.1330 -0.1021
0.1046 0.6949E-02
152.0 0.2408E-06
-0.1339 -0.6028E-01
0.9701E-01 0.4135E-01
153.0 0.2356E-06
-0.1381 -0.2217E-01
0.8287E-01 0.7479E-01
154.0 0.2361E-06
-0.1413 0.1849E-02
0.6450E-01 0.9273E-01
155.0 0.2432E-06
-0.1380 0.7142E-02
0.4730E-01 0.8842E-01
156.0 0.2548E-06
-0.1264 -0.1823E-02
0.3634E-01 0.6745E-01
157.0 0.2670E-06
-0.1092 -0.1576E-01
0.3341E-01 0.4195E-01
158.0 0.2761E-06
-0.9126E-01 -0.2678E-01
0.3716E-01 0.2210E-01
159.0 0.2803E-06
-0.7787E-01 -0.3116E-01
0.4458E-01 0.1239E-01
160.0 0.2807E-06
-0.7261E-01 -0.2955E-01
0.5211E-01 0.1141E-01
161.0 0.2805E-06
-0.7594E-01 -0.2607E-01
0.5653E-01 0.1330E-01
162.0 0.2830E-06
-0.8413E-01 -0.2631E-01
0.5607E-01 0.1081E-01
163.0 0.2897E-06
-0.9048E-01 -0.3394E-01
0.5141E-01 0.1415E-03
164.0 0.2992E-06
-0.8942E-01 -0.4826E-01
0.4516E-01 -0.1607E-01
165.0 0.3082E-06
-0.7994E-01 -0.6502E-01
0.3994E-01 -0.3051E-01
166.0 0.3126E-06
-0.6562E-01 -0.7937E-01
0.3689E-01 -0.3549E-01
167.0 0.3106E-06
-0.5297E-01 -0.8796E-01
0.3537E-01 -0.2612E-01
168.0 0.3039E-06
-0.4945E-01 -0.8982E-01
0.3335E-01 -0.2253E-02
169.0 0.2973E-06
-0.6098E-01 -0.8690E-01
0.2831E-01 0.2957E-01
170.0 0.2965E-06
-0.8746E-01 -0.8391E-01
0.1872E-01 0.5611E-01
171.0 0.3058E-06
-0.1199 -0.8606E-01
0.5770E-02 0.6384E-01
172.0 0.3250E-06
-0.1448 -0.9518E-01
-0.7012E-02 0.4924E-01
173.0 0.3494E-06
-0.1541 -0.1087
-0.1637E-01 0.2081E-01
174.0 0.3710E-06
-0.1474 -0.1225
-0.2115E-01 -0.8984E-02
175.0 0.3821E-06
-0.1292 -0.1334
-0.2192E-01 -0.3087E-01
176.0 0.3785E-06
-0.1044 -0.1397
-0.1981E-01 -0.4026E-01
177.0 0.3619E-06
-0.7694E-01 -0.1411
-0.1588E-01 -0.3643E-01
178.0 0.3394E-06
-0.4959E-01 -0.1387
-0.1095E-01 -0.2266E-01
179.0 0.3205E-06
-0.2397E-01 -0.1349
-0.5548E-02 -0.6987E-02
180.0 0.3131E-06
0.000 -0.1331
0.000 0.000
