0.000 2.370
0.000 -0.1273
0.000 0.000
1.000 2.325
0.1205 -0.1294
0.1897E-01 -0.2516E-02
2.000 2.193
0.2348 -0.1358
0.3667E-01 -0.1001E-01
3.000 1.989
0.3363 -0.1464
0.5176E-01 -0.2233E-01
4.000 1.732
0.4175 -0.1611
0.6278E-01 -0.3915E-01
5.000 1.449
0.4692 -0.1793
0.6797E-01 -0.5983E-01
6.000 1.167
0.4788 -0.1998
0.6521E-01 -0.8300E-01
7.000 0.9104
0.4300 -0.2190
0.5216E-01 -0.1057
8.000 0.6986
0.3056 -0.2298
0.2733E-01 -0.1218
9.000 0.5417
0.1032 -0.2208
-0.6704E-02 -0.1220
10.00 0.4400
-0.1379 -0.1821
-0.3952E-01 -0.9757E-01
11.00 0.3844
-0.3344 -0.1180
-0.5574E-01 -0.5103E-01
12.00 0.3595
-0.4216 -0.4946E-01
-0.4818E-01 0.1250E-02
13.00 0.3475
-0.4072 0.4188E-02
-0.2347E-01 0.4340E-01
14.00 0.3328
-0.3396 0.3749E-01
0.7466E-02 0.7044E-01
15.00 0.3054
-0.2595 0.5422E-01
0.3766E-01 0.8467E-01
16.00 0.2627
-0.1865 0.5972E-01
0.6451E-01 0.8915E-01
17.00 0.2088
-0.1231 0.5763E-01
0.8730E-01 0.8395E-01
18.00 0.1524
-0.5794E-01 0.4927E-01
0.1045 0.6310E-01
19.00 0.1036
0.4052E-01 0.3366E-01
0.1100 0.9455E-02
20.00 0.7009E-01
0.2272 0.9886E-02
0.8700E-01 -0.1037
21.00 0.5557E-01
0.4933 -0.1219E-01
0.2316E-01 -0.2551
22.00 0.5863E-01
0.6467 -0.1314E-01
-0.4004E-01 -0.3230
23.00 0.7400E-01
0.6145 0.1970E-02
-0.6317E-01 -0.2839
24.00 0.9451E-01
0.5083 0.1944E-01
-0.6334E-01 -0.2136
25.00 0.1134
0.3926 0.3664E-01
-0.5966E-01 -0.1477
26.00 0.1262
0.2810 0.5549E-01
-0.5913E-01 -0.9067E-01
27.00 0.1313
0.1737 0.7802E-01
-0.6350E-01 -0.4105E-01
28.00 0.1297
0.7277E-01 0.1050
-0.7260E-01 0.1260E-02
29.00 0.1240
-0.1438E-01 0.1351
-0.8495E-01 0.3329E-01
30.00 0.1167
-0.7541E-01 0.1640
-0.9781E-01 0.5001E-01
31.00 0.1097
-0.9865E-01 0.1853
-0.1077 0.4750E-01
32.00 0.1034
-0.8053E-01 0.1935
-0.1118 0.2640E-01
33.00 0.9723E-01
-0.2811E-01 0.1865
-0.1095 -0.7448E-02
34.00 0.9016E-01
0.4604E-01 0.1657
-0.1020 -0.4587E-01
35.00 0.8157E-01
0.1304 0.1338
-0.9113E-01 -0.8131E-01
36.00 0.7158E-01
0.2164 0.9306E-01
-0.7889E-01 -0.1074
37.00 0.6121E-01
0.2959 0.4547E-01
-0.6733E-01 -0.1178
38.00 0.5192E-01
0.3550 -0.5138E-02
-0.5928E-01 -0.1057
39.00 0.4513E-01
0.3715 -0.5000E-01
-0.5856E-01 -0.6783E-01
40.00 0.4164E-01
0.3276 -0.7651E-01
-0.6774E-01 -0.1241E-01
41.00 0.4142E-01
0.2333 -0.7820E-01
-0.8458E-01 0.3975E-01
42.00 0.4362E-01
0.1240 -0.6182E-01
-0.1030 0.7168E-01
43.00 0.4692E-01
0.2971E-01 -0.3941E-01
-0.1181 0.8181E-01
44.00 0.4992E-01
-0.3950E-01 -0.1856E-01
-0.1284 0.7748E-01
45.00 0.5154E-01
-0.8540E-01 -0.1423E-02
-0.1342 0.6605E-01
46.00 0.5122E-01
-0.1127 0.1259E-01
-0.1357 0.5204E-01
47.00 0.4891E-01
-0.1252 0.2480E-01
-0.1332 0.3760E-01
48.00 0.4493E-01
-0.1256 0.3632E-01
-0.1265 0.2359E-01
49.00 0.3985E-01
-0.1158 0.4767E-01
-0.1152 0.1017E-01
50.00 0.3424E-01
-0.9689E-01 0.5851E-01
-0.9902E-01 -0.2695E-02
51.00 0.2867E-01
-0.6973E-01 0.6754E-01
-0.7776E-01 -0.1504E-01
52.00 0.2360E-01
-0.3402E-01 0.7231E-01
-0.5162E-01 -0.2659E-01
53.00 0.1945E-01
0.1090E-01 0.6956E-01
-0.2211E-01 -0.3628E-01
54.00 0.1652E-01
0.6325E-01 0.5686E-01
0.6144E-02 -0.4192E-01
55.00 0.1498E-01
0.1140 0.3602E-01
0.2491E-01 -0.4086E-01
56.00 0.1479E-01
0.1477 0.1468E-01
0.2732E-01 -0.3250E-01
57.00 0.1571E-01
0.1550 0.5280E-03
0.1465E-01 -0.1957E-01
58.00 0.1732E-01
0.1388 -0.5005E-02
-0.5681E-02 -0.5616E-02
59.00 0.1910E-01
0.1080 -0.5106E-02
-0.2727E-01 0.7558E-02
60.00 0.2056E-01
0.6932E-01 -0.3311E-02
-0.4720E-01 0.1963E-01
61.00 0.2137E-01
0.2687E-01 -0.1748E-02
-0.6473E-01 0.3064E-01
62.00 0.2139E-01
-0.1717E-01 -0.1166E-02
-0.7975E-01 0.4037E-01
63.00 0.2071E-01
-0.6091E-01 -0.1271E-02
-0.9204E-01 0.4803E-01
64.00 0.1952E-01
-0.1020 -0.9564E-03
-0.1011 0.5243E-01
65.00 0.1809E-01
-0.1377 0.1433E-02
-0.1063 0.5236E-01
66.00 0.1660E-01
-0.1652 0.7597E-02
-0.1073 0.4733E-01
67.00 0.1516E-01
-0.1827 0.1856E-01
-0.1043 0.3809E-01
68.00 0.1380E-01
-0.1898 0.3412E-01
-0.9804E-01 0.2664E-01
69.00 0.1249E-01
-0.1869 0.5267E-01
-0.8937E-01 0.1546E-01
70.00 0.1125E-01
-0.1743 0.7142E-01
-0.7864E-01 0.6548E-02
71.00 0.1012E-01
-0.1518 0.8657E-01
-0.6581E-01 0.7966E-03
72.00 0.9168E-02
-0.1197 0.9375E-01
-0.5094E-01 -0.2175E-02
73.00 0.8469E-02
-0.8133E-01 0.8934E-01
-0.3514E-01 -0.3701E-02
74.00 0.8055E-02
-0.4420E-01 0.7274E-01
-0.2108E-01 -0.5143E-02
75.00 0.7893E-02
-0.1736E-01 0.4754E-01
-0.1196E-01 -0.6814E-02
76.00 0.7900E-02
-0.6333E-02 0.1975E-01
-0.9803E-02 -0.7711E-02
77.00 0.7972E-02
-0.1081E-01 -0.5425E-02
-0.1464E-01 -0.6315E-02
78.00 0.8022E-02
-0.2640E-01 -0.2491E-01
-0.2516E-01 -0.1571E-02
79.00 0.8013E-02
-0.4731E-01 -0.3728E-01
-0.3949E-01 0.6583E-02
80.00 0.7954E-02
-0.6818E-01 -0.4191E-01
-0.5564E-01 0.1712E-01
81.00 0.7880E-02
-0.8508E-01 -0.3876E-01
-0.7164E-01 0.2815E-01
82.00 0.7818E-02
-0.9628E-01 -0.2875E-01
-0.8584E-01 0.3764E-01
83.00 0.7764E-02
-0.1024 -0.1386E-01
-0.9736E-01 0.4431E-01
84.00 0.7680E-02
-0.1054 0.3317E-02
-0.1063 0.4816E-01
85.00 0.7508E-02
-0.1073 0.2044E-01
-0.1133 0.5026E-01
86.00 0.7208E-02
-0.1085 0.3591E-01
-0.1191 0.5187E-01
87.00 0.6780E-02
-0.1080 0.4877E-01
-0.1238 0.5377E-01
88.00 0.6273E-02
-0.1036 0.5833E-01
-0.1270 0.5574E-01
89.00 0.5765E-02
-0.9278E-01 0.6383E-01
-0.1277 0.5644E-01
90.00 0.5338E-02
-0.7514E-01 0.6449E-01
-0.1250 0.5395E-01
91.00 0.5041E-02
-0.5352E-01 0.5986E-01
-0.1190 0.4703E-01
92.00 0.4878E-02
-0.3331E-01 0.5024E-01
-0.1116 0.3648E-01
93.00 0.4814E-02
-0.1907E-01 0.3644E-01
-0.1050 0.2503E-01
94.00 0.4795E-02
-0.1168E-01 0.1919E-01
-0.1009 0.1574E-01
95.00 0.4777E-02
-0.8479E-02 -0.1062E-02
-0.9946E-01 0.1057E-01
96.00 0.4745E-02
-0.5355E-02 -0.2365E-01
-0.9951E-01 0.9988E-02
97.00 0.4716E-02
0.9699E-03 -0.4690E-01
-0.9950E-01 0.1317E-01
98.00 0.4718E-02
0.1127E-01 -0.6790E-01
-0.9814E-01 0.1852E-01
99.00 0.4769E-02
0.2341E-01 -0.8335E-01
-0.9520E-01 0.2441E-01
100.0 0.4863E-02
0.3375E-01 -0.9122E-01
-0.9163E-01 0.2998E-01
101.0 0.4963E-02
0.3959E-01 -0.9177E-01
-0.8891E-01 0.3540E-01
102.0 0.5023E-02
0.4062E-01 -0.8700E-01
-0.8820E-01 0.4151E-01
103.0 0.5005E-02
0.3868E-01 -0.7945E-01
-0.8995E-01 0.4899E-01
104.0 0.4903E-02
0.3678E-01 -0.7133E-01
-0.9376E-01 0.5779E-01
105.0 0.4742E-02
0.3781E-01 -0.6423E-01
-0.9857E-01 0.6671E-01
106.0 0.4573E-02
0.4340E-01 -0.5918E-01
-0.1029 0.7349E-01
107.0 0.4442E-02
0.5283E-01 -0.5673E-01
-0.1053 0.7561E-01
108.0 0.4375E-02
0.6316E-01 -0.5695E-01
-0.1053 0.7187E-01
109.0 0.4365E-02
0.7101E-01 -0.5966E-01
-0.1031 0.6340E-01
110.0 0.4378E-02
0.7486E-01 -0.6464E-01
-0.1001 0.5314E-01
111.0 0.4373E-02
0.7587E-01 -0.7179E-01
-0.9708E-01 0.4419E-01
112.0 0.4323E-02
0.7702E-01 -0.8092E-01
-0.9429E-01 0.3860E-01
113.0 0.4228E-02
0.8157E-01 -0.9140E-01
-0.9123E-01 0.3700E-01
114.0 0.4116E-02
0.9155E-01 -0.1017
-0.8708E-01 0.3876E-01
115.0 0.4026E-02
0.1064 -0.1097
-0.8128E-01 0.4228E-01
116.0 0.3987E-02
0.1228 -0.1132
-0.7410E-01 0.4572E-01
117.0 0.4007E-02
0.1363 -0.1116
-0.6666E-01 0.4789E-01
118.0 0.4065E-02
0.1440 -0.1066
-0.6027E-01 0.4872E-01
119.0 0.4129E-02
0.1461 -0.1010
-0.5560E-01 0.4883E-01
120.0 0.4170E-02
0.1453 -0.9776E-01
-0.5238E-01 0.4872E-01
121.0 0.4178E-02
0.1444 -0.9890E-01
-0.4968E-01 0.4816E-01
122.0 0.4169E-02
0.1453 -0.1049
-0.4633E-01 0.4618E-01
123.0 0.4171E-02
0.1476 -0.1146
-0.4153E-01 0.4160E-01
124.0 0.4211E-02
0.1488 -0.1252
-0.3533E-01 0.3405E-01
125.0 0.4295E-02
0.1459 -0.1336
-0.2871E-01 0.2458E-01
126.0 0.4404E-02
0.1373 -0.1376
-0.2299E-01 0.1549E-01
127.0 0.4499E-02
0.1239 -0.1370
-0.1917E-01 0.9240E-02
128.0 0.4541E-02
0.1083 -0.1326
-0.1753E-01 0.7549E-02
129.0 0.4508E-02
0.9384E-01 -0.1256
-0.1780E-01 0.1107E-01
130.0 0.4408E-02
0.8344E-01 -0.1170
-0.1933E-01 0.1931E-01
131.0 0.4274E-02
0.7896E-01 -0.1075
-0.2135E-01 0.3057E-01
132.0 0.4152E-02
0.8023E-01 -0.9754E-01
-0.2317E-01 0.4203E-01
133.0 0.4077E-02
0.8480E-01 -0.8800E-01
-0.2432E-01 0.5055E-01
134.0 0.4064E-02
0.8906E-01 -0.7994E-01
-0.2470E-01 0.5396E-01
135.0 0.4100E-02
0.9044E-01 -0.7463E-01
-0.2442E-01 0.5202E-01
136.0 0.4157E-02
0.8890E-01 -0.7318E-01
-0.2356E-01 0.4604E-01
137.0 0.4211E-02
0.8651E-01 -0.7633E-01
-0.2191E-01 0.3763E-01
138.0 0.4251E-02
0.8596E-01 -0.8416E-01
-0.1907E-01 0.2783E-01
139.0 0.4289E-02
0.8884E-01 -0.9581E-01
-0.1474E-01 0.1706E-01
140.0 0.4348E-02
0.9442E-01 -0.1092
-0.9063E-02 0.5637E-02
141.0 0.4447E-02
0.9967E-01 -0.1212
-0.2817E-02 -0.5615E-02
142.0 0.4588E-02
0.1008 -0.1289
0.2795E-02 -0.1518E-01
143.0 0.4749E-02
0.9513E-01 -0.1307
0.6710E-02 -0.2133E-01
144.0 0.4893E-02
0.8271E-01 -0.1266
0.8431E-02 -0.2272E-01
145.0 0.4982E-02
0.6540E-01 -0.1178
0.8052E-02 -0.1880E-01
146.0 0.5000E-02
0.4611E-01 -0.1060
0.6036E-02 -0.9888E-02
147.0 0.4958E-02
0.2772E-01 -0.9299E-01
0.2996E-02 0.2725E-02
148.0 0.4890E-02
0.1240E-01 -0.8083E-01
-0.4520E-03 0.1669E-01
149.0 0.4841E-02
0.9958E-03 -0.7155E-01
-0.3779E-02 0.2885E-01
150.0 0.4844E-02
-0.7223E-02 -0.6671E-01
-0.6640E-02 0.3629E-01
151.0 0.4905E-02
-0.1387E-01 -0.6684E-01
-0.8912E-02 0.3761E-01
152.0 0.5008E-02
-0.2011E-01 -0.7129E-01
-0.1061E-01 0.3350E-01
153.0 0.5120E-02
-0.2558E-01 -0.7874E-01
-0.1175E-01 0.2588E-01
154.0 0.5215E-02
-0.2844E-01 -0.8778E-01
-0.1222E-01 0.1673E-01
155.0 0.5285E-02
-0.2629E-01 -0.9723E-01
-0.1183E-01 0.7189E-02
156.0 0.5346E-02
-0.1755E-01 -0.1060
-0.1045E-01 -0.2371E-02
157.0 0.5427E-02
-0.2905E-02 -0.1130
-0.8201E-02 -0.1196E-01
158.0 0.5550E-02
0.1422E-01 -0.1176
-0.5523E-02 -0.2135E-01
159.0 0.5717E-02
0.2888E-01 -0.1191
-0.3031E-02 -0.2975E-01
160.0 0.5903E-02
0.3697E-01 -0.1179
-0.1211E-02 -0.3588E-01
161.0 0.6065E-02
0.3697E-01 -0.1142
-0.2044E-03 -0.3841E-01
162.0 0.6161E-02
0.2994E-01 -0.1085
0.1844E-03 -0.3630E-01
163.0 0.6175E-02
0.1858E-01 -0.1011
0.3188E-03 -0.2900E-01
164.0 0.6124E-02
0.6087E-02 -0.9205E-01
0.5175E-03 -0.1672E-01
165.0 0.6055E-02
-0.4836E-02 -0.8205E-01
0.8603E-03 -0.7377E-03
166.0 0.6020E-02
-0.1285E-01 -0.7237E-01
0.1080E-02 0.1651E-01
167.0 0.6058E-02
-0.1843E-01 -0.6495E-01
0.6564E-03 0.3205E-01
168.0 0.6169E-02
-0.2331E-01 -0.6174E-01
-0.8667E-03 0.4368E-01
169.0 0.6322E-02
-0.2901E-01 -0.6394E-01
-0.3552E-02 0.5088E-01
170.0 0.6466E-02
-0.3556E-01 -0.7179E-01
-0.6980E-02 0.5457E-01
171.0 0.6560E-02
-0.4129E-01 -0.8475E-01
-0.1039E-01 0.5600E-01
172.0 0.6598E-02
-0.4345E-01 -0.1017
-0.1287E-01 0.5583E-01
173.0 0.6614E-02
-0.3947E-01 -0.1207
-0.1361E-01 0.5378E-01
174.0 0.6670E-02
-0.2859E-01 -0.1390
-0.1225E-01 0.4898E-01
175.0 0.6823E-02
-0.1319E-01 -0.1537
-0.9153E-02 0.4087E-01
176.0 0.7096E-02
0.1718E-02 -0.1628
-0.5416E-02 0.3011E-01
177.0 0.7459E-02
0.1125E-01 -0.1666
-0.2264E-02 0.1866E-01
178.0 0.7832E-02
0.1318E-01 -0.1668
-0.4051E-03 0.8804E-02
179.0 0.8112E-02
0.8457E-02 -0.1659
0.1741E-03 0.2270E-02
180.0 0.8216E-02
0.000 -0.1654
0.000 0.000
