0.000 0.1107
0.000 -0.1477
0.000 0.000
1.000 0.1089
0.1835 -0.1455
0.1809E-01 -0.3005E-02
2.000 0.1037
0.3494 -0.1393
0.3113E-01 -0.1212E-01
3.000 0.9561E-01
0.4804 -0.1296
0.3422E-01 -0.2770E-01
4.000 0.8533E-01
0.5592 -0.1174
0.2287E-01 -0.5046E-01
5.000 0.7389E-01
0.5696 -0.1036
-0.6444E-02 -0.8163E-01
6.000 0.6236E-01
0.4978 -0.8937E-01
-0.5502E-01 -0.1229
7.000 0.5178E-01
0.3391 -0.7488E-01
-0.1191 -0.1760
8.000 0.4301E-01
0.1104 -0.5888E-01
-0.1854 -0.2404
9.000 0.3662E-01
-0.1326 -0.3787E-01
-0.2289 -0.3103
10.00 0.3276E-01
-0.3012 -0.7406E-02
-0.2213 -0.3724
11.00 0.3118E-01
-0.3269 0.3408E-01
-0.1541 -0.4118
12.00 0.3127E-01
-0.2195 0.8271E-01
-0.5006E-01 -0.4234
13.00 0.3221E-01
-0.4928E-01 0.1320
0.5643E-01 -0.4136
14.00 0.3310E-01
0.1148 0.1769
0.1426 -0.3925
15.00 0.3320E-01
0.2359 0.2144
0.2014 -0.3674
16.00 0.3203E-01
0.3031 0.2427
0.2347 -0.3416
17.00 0.2947E-01
0.3178 0.2588
0.2471 -0.3161
18.00 0.2573E-01
0.2849 0.2577
0.2425 -0.2907
19.00 0.2131E-01
0.2089 0.2304
0.2240 -0.2652
20.00 0.1682E-01
0.9398E-01 0.1618
0.1937 -0.2406
21.00 0.1286E-01
-0.5009E-01 0.3325E-01
0.1552 -0.2206
22.00 0.9849E-02
-0.1954 -0.1633
0.1169 -0.2138
23.00 0.7986E-02
-0.2863 -0.3859
0.9520E-01 -0.2311
24.00 0.7213E-02
-0.2744 -0.5289
0.1036 -0.2713
25.00 0.7271E-02
-0.1843 -0.5198
0.1345 -0.3142
26.00 0.7786E-02
-0.8593E-01 -0.3973
0.1671 -0.3410
27.00 0.8372E-02
-0.1912E-01 -0.2364
0.1900 -0.3489
28.00 0.8722E-02
0.1345E-01 -0.8123E-01
0.2023 -0.3426
29.00 0.8656E-02
0.2165E-01 0.5296E-01
0.2063 -0.3270
30.00 0.8140E-02
0.1482E-01 0.1625
0.2041 -0.3047
31.00 0.7259E-02
-0.1601E-02 0.2447
0.1962 -0.2771
32.00 0.6168E-02
-0.2632E-01 0.2933
0.1820 -0.2448
33.00 0.5042E-02
-0.6205E-01 0.2959
0.1595 -0.2092
34.00 0.4029E-02
-0.1147 0.2353
0.1270 -0.1732
35.00 0.3220E-02
-0.1898 0.9863E-01
0.8559E-01 -0.1427
36.00 0.2647E-02
-0.2846 -0.1025
0.4212E-01 -0.1251
37.00 0.2288E-02
-0.3816 -0.3177
0.8874E-02 -0.1250
38.00 0.2090E-02
-0.4550 -0.4792
-0.4500E-02 -0.1390
39.00 0.1986E-02
-0.4892 -0.5487
0.1253E-02 -0.1578
40.00 0.1918E-02
-0.4857 -0.5317
0.1725E-01 -0.1738
41.00 0.1842E-02
-0.4553 -0.4548
0.3352E-01 -0.1839
42.00 0.1737E-02
-0.4092 -0.3432
0.4286E-01 -0.1884
43.00 0.1596E-02
-0.3552 -0.2137
0.4096E-01 -0.1886
44.00 0.1430E-02
-0.2979 -0.7627E-01
0.2567E-01 -0.1854
45.00 0.1253E-02
-0.2401 0.6189E-01
-0.3445E-02 -0.1780
46.00 0.1083E-02
-0.1844 0.1918
-0.4492E-01 -0.1633
47.00 0.9354E-03
-0.1358 0.2988
-0.9463E-01 -0.1367
48.00 0.8224E-03
-0.1033 0.3617
-0.1451 -0.9375E-01
49.00 0.7488E-03
-0.9681E-01 0.3604
-0.1868 -0.3501E-01
50.00 0.7128E-03
-0.1205 0.2912
-0.2122 0.3079E-01
51.00 0.7062E-03
-0.1666 0.1735
-0.2200 0.9008E-01
52.00 0.7166E-03
-0.2199 0.3811E-01
-0.2151 0.1324
53.00 0.7299E-03
-0.2664 -0.9073E-01
-0.2039 0.1541
54.00 0.7332E-03
-0.2987 -0.2019
-0.1913 0.1569
55.00 0.7182E-03
-0.3157 -0.2941
-0.1802 0.1437
56.00 0.6822E-03
-0.3195 -0.3703
-0.1725 0.1170
57.00 0.6289E-03
-0.3139 -0.4342
-0.1700 0.7884E-01
58.00 0.5663E-03
-0.3020 -0.4887
-0.1749 0.3180E-01
59.00 0.5049E-03
-0.2842 -0.5342
-0.1887 -0.1877E-01
60.00 0.4544E-03
-0.2557 -0.5689
-0.2112 -0.6286E-01
61.00 0.4217E-03
-0.2074 -0.5891
-0.2384 -0.8728E-01
62.00 0.4095E-03
-0.1330 -0.5926
-0.2633 -0.8298E-01
63.00 0.4161E-03
-0.3733E-01 -0.5816
-0.2805 -0.5273E-01
64.00 0.4364E-03
0.6371E-01 -0.5612
-0.2898 -0.9385E-02
65.00 0.4638E-03
0.1519 -0.5369
-0.2950 0.3309E-01
66.00 0.4915E-03
0.2142 -0.5119
-0.3003 0.6565E-01
67.00 0.5143E-03
0.2444 -0.4878
-0.3080 0.8427E-01
68.00 0.5292E-03
0.2426 -0.4659
-0.3181 0.8795E-01
69.00 0.5354E-03
0.2137 -0.4473
-0.3285 0.7713E-01
70.00 0.5339E-03
0.1671 -0.4339
-0.3359 0.5315E-01
71.00 0.5271E-03
0.1148 -0.4278
-0.3370 0.1828E-01
72.00 0.5173E-03
0.6957E-01 -0.4310
-0.3299 -0.2403E-01
73.00 0.5066E-03
0.4192E-01 -0.4444
-0.3145 -0.6921E-01
74.00 0.4962E-03
0.3751E-01 -0.4675
-0.2931 -0.1120
75.00 0.4866E-03
0.5671E-01 -0.4981
-0.2696 -0.1476
76.00 0.4772E-03
0.9598E-01 -0.5327
-0.2479 -0.1722
77.00 0.4676E-03
0.1502 -0.5674
-0.2309 -0.1840
78.00 0.4571E-03
0.2145 -0.5985
-0.2195 -0.1828
79.00 0.4457E-03
0.2842 -0.6227
-0.2135 -0.1701
80.00 0.4342E-03
0.3536 -0.6375
-0.2120 -0.1489
81.00 0.4239E-03
0.4152 -0.6414
-0.2143 -0.1229
82.00 0.4162E-03
0.4593 -0.6344
-0.2200 -0.9668E-01
83.00 0.4127E-03
0.4776 -0.6181
-0.2287 -0.7459E-01
84.00 0.4140E-03
0.4663 -0.5959
-0.2395 -0.5999E-01
85.00 0.4199E-03
0.4301 -0.5719
-0.2508 -0.5433E-01
86.00 0.4294E-03
0.3803 -0.5503
-0.2602 -0.5706E-01
87.00 0.4405E-03
0.3308 -0.5336
-0.2653 -0.6631E-01
88.00 0.4513E-03
0.2935 -0.5230
-0.2648 -0.7982E-01
89.00 0.4599E-03
0.2748 -0.5183
-0.2584 -0.9561E-01
90.00 0.4652E-03
0.2757 -0.5186
-0.2470 -0.1122
91.00 0.4668E-03
0.2929 -0.5224
-0.2321 -0.1285
92.00 0.4651E-03
0.3207 -0.5284
-0.2155 -0.1437
93.00 0.4611E-03
0.3528 -0.5354
-0.1989 -0.1569
94.00 0.4558E-03
0.3845 -0.5423
-0.1832 -0.1674
95.00 0.4502E-03
0.4132 -0.5485
-0.1689 -0.1744
96.00 0.4449E-03
0.4379 -0.5535
-0.1561 -0.1777
97.00 0.4401E-03
0.4588 -0.5575
-0.1451 -0.1772
98.00 0.4358E-03
0.4756 -0.5605
-0.1364 -0.1734
99.00 0.4318E-03
0.4869 -0.5628
-0.1309 -0.1670
100.0 0.4277E-03
0.4913 -0.5646
-0.1296 -0.1588
101.0 0.4234E-03
0.4876 -0.5662
-0.1329 -0.1496
102.0 0.4187E-03
0.4769 -0.5672
-0.1402 -0.1403
103.0 0.4135E-03
0.4619 -0.5676
-0.1499 -0.1314
104.0 0.4081E-03
0.4469 -0.5669
-0.1597 -0.1235
105.0 0.4026E-03
0.4356 -0.5649
-0.1674 -0.1172
106.0 0.3972E-03
0.4304 -0.5615
-0.1711 -0.1129
107.0 0.3922E-03
0.4306 -0.5567
-0.1704 -0.1107
108.0 0.3879E-03
0.4337 -0.5510
-0.1659 -0.1106
109.0 0.3843E-03
0.4361 -0.5453
-0.1586 -0.1122
110.0 0.3814E-03
0.4358 -0.5404
-0.1499 -0.1148
111.0 0.3790E-03
0.4324 -0.5374
-0.1406 -0.1178
112.0 0.3767E-03
0.4281 -0.5368
-0.1312 -0.1206
113.0 0.3742E-03
0.4258 -0.5392
-0.1216 -0.1225
114.0 0.3713E-03
0.4272 -0.5444
-0.1120 -0.1236
115.0 0.3677E-03
0.4325 -0.5520
-0.1029 -0.1238
116.0 0.3636E-03
0.4395 -0.5614
-0.9526E-01 -0.1232
117.0 0.3593E-03
0.4449 -0.5716
-0.8986E-01 -0.1219
118.0 0.3552E-03
0.4461 -0.5816
-0.8708E-01 -0.1202
119.0 0.3515E-03
0.4426 -0.5904
-0.8640E-01 -0.1180
120.0 0.3484E-03
0.4363 -0.5973
-0.8643E-01 -0.1151
121.0 0.3457E-03
0.4309 -0.6019
-0.8534E-01 -0.1116
122.0 0.3431E-03
0.4294 -0.6042
-0.8165E-01 -0.1074
123.0 0.3402E-03
0.4331 -0.6045
-0.7475E-01 -0.1026
124.0 0.3365E-03
0.4406 -0.6037
-0.6519E-01 -0.9717E-01
125.0 0.3317E-03
0.4482 -0.6024
-0.5439E-01 -0.9121E-01
126.0 0.3256E-03
0.4521 -0.6016
-0.4401E-01 -0.8477E-01
127.0 0.3182E-03
0.4498 -0.6019
-0.3537E-01 -0.7788E-01
128.0 0.3098E-03
0.4411 -0.6038
-0.2897E-01 -0.7065E-01
129.0 0.3005E-03
0.4287 -0.6072
-0.2445E-01 -0.6330E-01
130.0 0.2908E-03
0.4165 -0.6118
-0.2092E-01 -0.5622E-01
131.0 0.2811E-03
0.4080 -0.6170
-0.1746E-01 -0.4985E-01
132.0 0.2717E-03
0.4045 -0.6220
-0.1369E-01 -0.4467E-01
133.0 0.2629E-03
0.4046 -0.6261
-0.9800E-02 -0.4103E-01
134.0 0.2553E-03
0.4053 -0.6288
-0.6280E-02 -0.3900E-01
135.0 0.2488E-03
0.4038 -0.6303
-0.3295E-02 -0.3834E-01
136.0 0.2436E-03
0.3995 -0.6307
-0.1624E-03 -0.3859E-01
137.0 0.2396E-03
0.3948 -0.6308
0.4672E-02 -0.3916E-01
138.0 0.2365E-03
0.3933 -0.6311
0.1306E-01 -0.3955E-01
139.0 0.2340E-03
0.3978 -0.6323
0.2623E-01 -0.3945E-01
140.0 0.2316E-03
0.4081 -0.6344
0.4404E-01 -0.3876E-01
141.0 0.2289E-03
0.4204 -0.6377
0.6482E-01 -0.3747E-01
142.0 0.2258E-03
0.4286 -0.6419
0.8583E-01 -0.3557E-01
143.0 0.2222E-03
0.4274 -0.6466
0.1042 -0.3297E-01
144.0 0.2178E-03
0.4144 -0.6515
0.1179 -0.2955E-01
145.0 0.2128E-03
0.3921 -0.6559
0.1265 -0.2519E-01
146.0 0.2071E-03
0.3669 -0.6592
0.1310 -0.1993E-01
147.0 0.2008E-03
0.3469 -0.6605
0.1334 -0.1403E-01
148.0 0.1937E-03
0.3382 -0.6594
0.1354 -0.7954E-02
149.0 0.1861E-03
0.3423 -0.6552
0.1381 -0.2257E-02
150.0 0.1781E-03
0.3554 -0.6479
0.1414 0.2554E-02
151.0 0.1700E-03
0.3698 -0.6379
0.1441 0.6187E-02
152.0 0.1621E-03
0.3777 -0.6260
0.1455 0.8652E-02
153.0 0.1547E-03
0.3747 -0.6136
0.1458 0.1023E-01
154.0 0.1483E-03
0.3627 -0.6017
0.1470 0.1133E-01
155.0 0.1428E-03
0.3489 -0.5915
0.1521 0.1222E-01
156.0 0.1383E-03
0.3415 -0.5831
0.1638 0.1292E-01
157.0 0.1348E-03
0.3446 -0.5765
0.1823 0.1312E-01
158.0 0.1321E-03
0.3550 -0.5710
0.2053 0.1242E-01
159.0 0.1301E-03
0.3631 -0.5663
0.2278 0.1057E-01
160.0 0.1289E-03
0.3585 -0.5624
0.2448 0.7696E-02
161.0 0.1284E-03
0.3356 -0.5598
0.2524 0.4325E-02
162.0 0.1287E-03
0.2976 -0.5591
0.2503 0.1198E-02
163.0 0.1296E-03
0.2557 -0.5606
0.2412 -0.1069E-02
164.0 0.1311E-03
0.2230 -0.5640
0.2288 -0.2268E-02
165.0 0.1327E-03
0.2082 -0.5681
0.2164 -0.2683E-02
166.0 0.1341E-03
0.2110 -0.5713
0.2047 -0.2926E-02
167.0 0.1350E-03
0.2228 -0.5718
0.1922 -0.3646E-02
168.0 0.1350E-03
0.2308 -0.5681
0.1761 -0.5244E-02
169.0 0.1339E-03
0.2239 -0.5588
0.1544 -0.7722E-02
170.0 0.1318E-03
0.1980 -0.5433
0.1273 -0.1068E-01
171.0 0.1285E-03
0.1577 -0.5212
0.9763E-01 -0.1347E-01
172.0 0.1244E-03
0.1149 -0.4926
0.7025E-01 -0.1537E-01
173.0 0.1196E-03
0.8404E-01 -0.4578
0.5045E-01 -0.1587E-01
174.0 0.1143E-03
0.7542E-01 -0.4173
0.4148E-01 -0.1480E-01
175.0 0.1088E-03
0.8940E-01 -0.3725
0.4275E-01 -0.1237E-01
176.0 0.1036E-03
0.1145 -0.3256
0.4928E-01 -0.9104E-02
177.0 0.9883E-04
0.1307 -0.2802
0.5320E-01 -0.5659E-02
178.0 0.9508E-04
0.1190 -0.2413
0.4710E-01 -0.2687E-02
179.0 0.9265E-04
0.7183E-01 -0.2148
0.2807E-01 -0.6974E-03
180.0 0.9182E-04
0.000 -0.2053
0.000 0.000
