0.000 1.113
0.000 0.7070
0.000 0.000
1.000 1.093
-0.5767E-02 0.7069
0.2040E-02 -0.5947E-02
2.000 1.036
-0.1170E-01 0.7052
0.9551E-02 -0.2336E-01
3.000 0.9545
-0.1771E-01 0.6980
0.2839E-01 -0.5055E-01
4.000 0.8625
-0.2317E-01 0.6783
0.6443E-01 -0.8335E-01
5.000 0.7765
-0.2659E-01 0.6362
0.1215 -0.1136
6.000 0.7104
-0.2573E-01 0.5634
0.1973 -0.1292
7.000 0.6727
-0.1866E-01 0.4597
0.2795 -0.1188
8.000 0.6654
-0.5400E-02 0.3386
0.3499 -0.7994E-01
9.000 0.6838
0.1156E-01 0.2204
0.3947 -0.2197E-01
10.00 0.7182
0.2885E-01 0.1203
0.4127 0.4055E-01
11.00 0.7559
0.4404E-01 0.4288E-01
0.4112 0.9672E-01
12.00 0.7846
0.5603E-01 -0.1515E-01
0.3995 0.1419
13.00 0.7941
0.6456E-01 -0.5938E-01
0.3849 0.1761
14.00 0.7785
0.6973E-01 -0.9504E-01
0.3715 0.2010
15.00 0.7363
0.7159E-01 -0.1261
0.3610 0.2190
16.00 0.6703
0.7007E-01 -0.1555
0.3538 0.2323
17.00 0.5867
0.6485E-01 -0.1852
0.3489 0.2427
18.00 0.4934
0.5531E-01 -0.2167
0.3443 0.2517
19.00 0.3986
0.4050E-01 -0.2506
0.3372 0.2609
20.00 0.3098
0.1903E-01 -0.2866
0.3232 0.2719
21.00 0.2327
-0.1076E-01 -0.3220
0.2969 0.2871
22.00 0.1710
-0.4992E-01 -0.3488
0.2520 0.3094
23.00 0.1259
-0.9611E-01 -0.3508
0.1859 0.3421
24.00 0.9662E-01
-0.1390 -0.3066
0.1084 0.3851
25.00 0.8075E-01
-0.1608 -0.2096
0.4706E-01 0.4296
26.00 0.7475E-01
-0.1515 -0.8940E-01
0.2829E-01 0.4616
27.00 0.7462E-01
-0.1208 0.1103E-01
0.4872E-01 0.4745
28.00 0.7656E-01
-0.8529E-01 0.7390E-01
0.8500E-01 0.4725
29.00 0.7752E-01
-0.5508E-01 0.1055
0.1186 0.4626
30.00 0.7559E-01
-0.3316E-01 0.1185
0.1418 0.4490
31.00 0.7012E-01
-0.1997E-01 0.1227
0.1539 0.4336
32.00 0.6162E-01
-0.1623E-01 0.1242
0.1564 0.4164
33.00 0.5136E-01
-0.2442E-01 0.1258
0.1526 0.3971
34.00 0.4100E-01
-0.4938E-01 0.1256
0.1468 0.3746
35.00 0.3200E-01
-0.9708E-01 0.1145
0.1461 0.3484
36.00 0.2536E-01
-0.1680 0.7398E-01
0.1588 0.3194
37.00 0.2139E-01
-0.2456 -0.1370E-01
0.1882 0.2918
38.00 0.1978E-01
-0.2978 -0.1399
0.2241 0.2711
39.00 0.1981E-01
-0.3055 -0.2670
0.2499 0.2597
40.00 0.2060E-01
-0.2772 -0.3624
0.2582 0.2559
41.00 0.2142E-01
-0.2301 -0.4147
0.2521 0.2580
42.00 0.2182E-01
-0.1760 -0.4230
0.2377 0.2667
43.00 0.2171E-01
-0.1209 -0.3875
0.2198 0.2841
44.00 0.2123E-01
-0.6900E-01 -0.3097
0.2022 0.3116
45.00 0.2067E-01
-0.2513E-01 -0.1978
0.1881 0.3483
46.00 0.2026E-01
0.5303E-02 -0.7022E-01
0.1796 0.3894
47.00 0.2011E-01
0.1868E-01 0.4761E-01
0.1776 0.4272
48.00 0.2016E-01
0.1533E-01 0.1343
0.1815 0.4552
49.00 0.2025E-01
-0.8533E-03 0.1809
0.1900 0.4705
50.00 0.2019E-01
-0.2458E-01 0.1906
0.2018 0.4740
51.00 0.1981E-01
-0.5104E-01 0.1725
0.2161 0.4686
52.00 0.1909E-01
-0.7646E-01 0.1361
0.2324 0.4571
53.00 0.1811E-01
-0.9769E-01 0.8967E-01
0.2502 0.4415
54.00 0.1700E-01
-0.1120 0.3948E-01
0.2685 0.4231
55.00 0.1595E-01
-0.1171 -0.8568E-02
0.2856 0.4028
56.00 0.1510E-01
-0.1124 -0.4857E-01
0.2995 0.3821
57.00 0.1454E-01
-0.9957E-01 -0.7507E-01
0.3081 0.3635
58.00 0.1427E-01
-0.8228E-01 -0.8447E-01
0.3107 0.3498
59.00 0.1423E-01
-0.6476E-01 -0.7628E-01
0.3078 0.3436
60.00 0.1436E-01
-0.4991E-01 -0.5307E-01
0.3006 0.3461
61.00 0.1454E-01
-0.3862E-01 -0.1936E-01
0.2906 0.3565
62.00 0.1472E-01
-0.3008E-01 0.1969E-01
0.2792 0.3730
63.00 0.1483E-01
-0.2270E-01 0.5924E-01
0.2677 0.3925
64.00 0.1484E-01
-0.1496E-01 0.9551E-01
0.2573 0.4121
65.00 0.1474E-01
-0.5947E-02 0.1261
0.2495 0.4291
66.00 0.1454E-01
0.4366E-02 0.1501
0.2460 0.4418
67.00 0.1426E-01
0.1510E-01 0.1675
0.2477 0.4490
68.00 0.1396E-01
0.2471E-01 0.1788
0.2549 0.4507
69.00 0.1368E-01
0.3137E-01 0.1845
0.2668 0.4473
70.00 0.1349E-01
0.3359E-01 0.1845
0.2812 0.4398
71.00 0.1342E-01
0.3082E-01 0.1784
0.2950 0.4295
72.00 0.1349E-01
0.2378E-01 0.1669
0.3056 0.4180
73.00 0.1368E-01
0.1423E-01 0.1515
0.3113 0.4071
74.00 0.1394E-01
0.4313E-02 0.1353
0.3120 0.3984
75.00 0.1422E-01
-0.4112E-02 0.1216
0.3088 0.3930
76.00 0.1445E-01
-0.9869E-02 0.1134
0.3034 0.3916
77.00 0.1458E-01
-0.1247E-01 0.1124
0.2973 0.3943
78.00 0.1459E-01
-0.1193E-01 0.1187
0.2915 0.4002
79.00 0.1446E-01
-0.8608E-02 0.1313
0.2868 0.4080
80.00 0.1423E-01
-0.3052E-02 0.1478
0.2834 0.4159
81.00 0.1392E-01
0.4059E-02 0.1655
0.2816 0.4219
82.00 0.1356E-01
0.1195E-01 0.1823
0.2817 0.4246
83.00 0.1319E-01
0.1980E-01 0.1969
0.2840 0.4231
84.00 0.1283E-01
0.2680E-01 0.2090
0.2885 0.4174
85.00 0.1251E-01
0.3222E-01 0.2195
0.2952 0.4086
86.00 0.1223E-01
0.3555E-01 0.2291
0.3034 0.3980
87.00 0.1202E-01
0.3655E-01 0.2379
0.3120 0.3871
88.00 0.1188E-01
0.3536E-01 0.2454
0.3198 0.3770
89.00 0.1180E-01
0.3245E-01 0.2504
0.3258 0.3681
90.00 0.1178E-01
0.2853E-01 0.2522
0.3294 0.3606
91.00 0.1179E-01
0.2442E-01 0.2508
0.3308 0.3545
92.00 0.1180E-01
0.2080E-01 0.2474
0.3306 0.3498
93.00 0.1180E-01
0.1819E-01 0.2437
0.3295 0.3465
94.00 0.1177E-01
0.1686E-01 0.2415
0.3282 0.3444
95.00 0.1170E-01
0.1687E-01 0.2420
0.3272 0.3434
96.00 0.1159E-01
0.1809E-01 0.2452
0.3264 0.3428
97.00 0.1147E-01
0.2025E-01 0.2506
0.3260 0.3420
98.00 0.1134E-01
0.2301E-01 0.2571
0.3259 0.3401
99.00 0.1122E-01
0.2595E-01 0.2639
0.3260 0.3367
100.0 0.1111E-01
0.2864E-01 0.2708
0.3266 0.3320
101.0 0.1102E-01
0.3072E-01 0.2782
0.3278 0.3264
102.0 0.1093E-01
0.3194E-01 0.2869
0.3295 0.3209
103.0 0.1086E-01
0.3221E-01 0.2972
0.3315 0.3161
104.0 0.1078E-01
0.3159E-01 0.3089
0.3334 0.3124
105.0 0.1070E-01
0.3029E-01 0.3208
0.3347 0.3099
106.0 0.1062E-01
0.2863E-01 0.3316
0.3350 0.3079
107.0 0.1053E-01
0.2697E-01 0.3402
0.3344 0.3060
108.0 0.1043E-01
0.2563E-01 0.3462
0.3330 0.3036
109.0 0.1032E-01
0.2481E-01 0.3504
0.3313 0.3004
110.0 0.1019E-01
0.2457E-01 0.3540
0.3300 0.2966
111.0 0.1005E-01
0.2480E-01 0.3585
0.3294 0.2920
112.0 0.9894E-02
0.2529E-01 0.3647
0.3296 0.2868
113.0 0.9742E-02
0.2576E-01 0.3725
0.3305 0.2808
114.0 0.9599E-02
0.2598E-01 0.3810
0.3319 0.2735
115.0 0.9473E-02
0.2581E-01 0.3887
0.3335 0.2648
116.0 0.9367E-02
0.2524E-01 0.3946
0.3350 0.2546
117.0 0.9278E-02
0.2441E-01 0.3985
0.3365 0.2434
118.0 0.9199E-02
0.2354E-01 0.4012
0.3379 0.2321
119.0 0.9123E-02
0.2291E-01 0.4039
0.3392 0.2218
120.0 0.9043E-02
0.2275E-01 0.4079
0.3401 0.2134
121.0 0.8957E-02
0.2324E-01 0.4137
0.3402 0.2074
122.0 0.8865E-02
0.2446E-01 0.4212
0.3393 0.2037
123.0 0.8771E-02
0.2640E-01 0.4294
0.3369 0.2018
124.0 0.8679E-02
0.2891E-01 0.4375
0.3332 0.2008
125.0 0.8590E-02
0.3177E-01 0.4450
0.3284 0.2001
126.0 0.8505E-02
0.3466E-01 0.4523
0.3232 0.1991
127.0 0.8420E-02
0.3725E-01 0.4602
0.3179 0.1976
128.0 0.8335E-02
0.3920E-01 0.4694
0.3132 0.1955
129.0 0.8246E-02
0.4027E-01 0.4803
0.3090 0.1928
130.0 0.8155E-02
0.4032E-01 0.4922
0.3055 0.1893
131.0 0.8062E-02
0.3939E-01 0.5038
0.3022 0.1847
132.0 0.7970E-02
0.3767E-01 0.5135
0.2992 0.1790
133.0 0.7878E-02
0.3550E-01 0.5204
0.2962 0.1722
134.0 0.7786E-02
0.3330E-01 0.5245
0.2934 0.1647
135.0 0.7690E-02
0.3153E-01 0.5268
0.2908 0.1573
136.0 0.7589E-02
0.3052E-01 0.5289
0.2883 0.1508
137.0 0.7482E-02
0.3052E-01 0.5324
0.2859 0.1458
138.0 0.7372E-02
0.3159E-01 0.5379
0.2831 0.1423
139.0 0.7260E-02
0.3367E-01 0.5450
0.2796 0.1400
140.0 0.7152E-02
0.3655E-01 0.5528
0.2753 0.1379
141.0 0.7050E-02
0.3994E-01 0.5598
0.2700 0.1350
142.0 0.6954E-02
0.4354E-01 0.5653
0.2641 0.1306
143.0 0.6861E-02
0.4704E-01 0.5695
0.2581 0.1245
144.0 0.6769E-02
0.5020E-01 0.5732
0.2524 0.1168
145.0 0.6674E-02
0.5284E-01 0.5776
0.2472 0.1083
146.0 0.6577E-02
0.5482E-01 0.5834
0.2425 0.9958E-01
147.0 0.6480E-02
0.5610E-01 0.5901
0.2380 0.9129E-01
148.0 0.6386E-02
0.5668E-01 0.5970
0.2334 0.8372E-01
149.0 0.6300E-02
0.5663E-01 0.6026
0.2285 0.7705E-01
150.0 0.6224E-02
0.5610E-01 0.6062
0.2231 0.7153E-01
151.0 0.6157E-02
0.5527E-01 0.6080
0.2173 0.6756E-01
152.0 0.6099E-02
0.5435E-01 0.6092
0.2113 0.6566E-01
153.0 0.6044E-02
0.5352E-01 0.6113
0.2051 0.6631E-01
154.0 0.5992E-02
0.5288E-01 0.6153
0.1985 0.6957E-01
155.0 0.5939E-02
0.5250E-01 0.6213
0.1912 0.7494E-01
156.0 0.5887E-02
0.5236E-01 0.6280
0.1832 0.8125E-01
157.0 0.5835E-02
0.5242E-01 0.6336
0.1743 0.8693E-01
158.0 0.5782E-02
0.5261E-01 0.6369
0.1648 0.9042E-01
159.0 0.5725E-02
0.5283E-01 0.6374
0.1553 0.9057E-01
160.0 0.5662E-02
0.5303E-01 0.6363
0.1464 0.8694E-01
161.0 0.5587E-02
0.5311E-01 0.6354
0.1385 0.7978E-01
162.0 0.5499E-02
0.5301E-01 0.6366
0.1318 0.6969E-01
163.0 0.5401E-02
0.5261E-01 0.6406
0.1261 0.5736E-01
164.0 0.5299E-02
0.5185E-01 0.6463
0.1209 0.4323E-01
165.0 0.5201E-02
0.5066E-01 0.6515
0.1158 0.2761E-01
166.0 0.5118E-02
0.4903E-01 0.6537
0.1107 0.1080E-01
167.0 0.5055E-02
0.4700E-01 0.6516
0.1056 -0.6490E-02
168.0 0.5015E-02
0.4466E-01 0.6462
0.1007 -0.2301E-01
169.0 0.4995E-02
0.4210E-01 0.6405
0.9609E-01 -0.3705E-01
170.0 0.4991E-02
0.3934E-01 0.6381
0.9174E-01 -0.4686E-01
171.0 0.5000E-02
0.3638E-01 0.6412
0.8712E-01 -0.5122E-01
172.0 0.5019E-02
0.3312E-01 0.6495
0.8150E-01 -0.4984E-01
173.0 0.5052E-02
0.2952E-01 0.6596
0.7423E-01 -0.4358E-01
174.0 0.5099E-02
0.2555E-01 0.6666
0.6502E-01 -0.3421E-01
175.0 0.5163E-02
0.2128E-01 0.6661
0.5416E-01 -0.2394E-01
176.0 0.5241E-02
0.1686E-01 0.6566
0.4240E-01 -0.1471E-01
177.0 0.5324E-02
0.1245E-01 0.6401
0.3067E-01 -0.7679E-02
178.0 0.5398E-02
0.8157E-02 0.6219
0.1964E-01 -0.3133E-02
179.0 0.5450E-02
0.4026E-02 0.6078
0.9520E-02 -0.7311E-03
180.0 0.5469E-02
0.000 0.6026
0.000 0.000
