0.000 3.872
0.000 0.7000
0.000 0.000
1.000 4.137
-0.2476 0.6046
0.6951E-02 0.4066E-01
2.000 4.858
-0.3903 0.3943
0.1413E-01 0.1303
3.000 5.835
-0.4273 0.1837
0.2167E-01 0.2203
4.000 6.797
-0.4046 0.1970E-01
0.2968E-01 0.2905
5.000 7.470
-0.3567 -0.9705E-01
0.3832E-01 0.3409
6.000 7.651
-0.3001 -0.1781
0.4785E-01 0.3764
7.000 7.255
-0.2407 -0.2337
0.5867E-01 0.4018
8.000 6.332
-0.1794 -0.2703
0.7143E-01 0.4201
9.000 5.046
-0.1144 -0.2904
0.8719E-01 0.4333
10.00 3.627
-0.4141E-01 -0.2911
0.1078 0.4421
11.00 2.311
0.4562E-01 -0.2590
0.1368 0.4452
12.00 1.282
0.1506 -0.1529
0.1796 0.4365
13.00 0.6379
0.2340 0.1293
0.2345 0.3969
14.00 0.3789
0.7603E-01 0.5589
0.2298 0.3164
15.00 0.4234
-0.2645 0.4877
0.1174 0.3050
16.00 0.6431
-0.3550 0.1703
0.5852E-01 0.3502
17.00 0.9023
-0.3263 -0.2843E-01
0.4985E-01 0.3836
18.00 1.093
-0.2787 -0.1377
0.5722E-01 0.4032
19.00 1.154
-0.2330 -0.2016
0.6986E-01 0.4149
20.00 1.077
-0.1914 -0.2413
0.8525E-01 0.4218
21.00 0.8952
-0.1527 -0.2663
0.1034 0.4254
22.00 0.6610
-0.1153 -0.2800
0.1254 0.4265
23.00 0.4299
-0.7745E-01 -0.2806
0.1541 0.4252
24.00 0.2431
-0.3947E-01 -0.2567
0.1938 0.4214
25.00 0.1204
-0.1280E-01 -0.1733
0.2478 0.4168
26.00 0.6100E-01
-0.5281E-01 0.2023E-01
0.2836 0.4233
27.00 0.4958E-01
-0.1783 0.1408
0.2093 0.4523
28.00 0.6506E-01
-0.2192 0.3756E-01
0.1273 0.4678
29.00 0.8798E-01
-0.1984 -0.6940E-01
0.1044 0.4670
30.00 0.1051
-0.1726 -0.1334
0.1050 0.4620
31.00 0.1106
-0.1537 -0.1713
0.1107 0.4565
32.00 0.1047
-0.1428 -0.1954
0.1145 0.4513
33.00 0.9078E-01
-0.1395 -0.2127
0.1123 0.4469
34.00 0.7337E-01
-0.1428 -0.2267
0.1004 0.4436
35.00 0.5601E-01
-0.1512 -0.2389
0.7432E-01 0.4411
36.00 0.4085E-01
-0.1622 -0.2484
0.2901E-01 0.4373
37.00 0.2878E-01
-0.1725 -0.2515
-0.4098E-01 0.4265
38.00 0.1984E-01
-0.1791 -0.2411
-0.1403 0.3981
39.00 0.1371E-01
-0.1792 -0.2076
-0.2661 0.3381
40.00 0.9892E-02
-0.1702 -0.1454
-0.3933 0.2435
41.00 0.7795E-02
-0.1480 -0.6453E-01
-0.4675 0.1456
42.00 0.6785E-02
-0.1092 0.1349E-01
-0.4497 0.9897E-01
43.00 0.6267E-02
-0.5369E-01 0.8180E-01
-0.3610 0.1276
44.00 0.5829E-02
0.1605E-01 0.1532
-0.2478 0.2172
45.00 0.5351E-02
0.9156E-01 0.2368
-0.1441 0.3469
46.00 0.5013E-02
0.1463 0.3106
-0.7871E-01 0.4876
47.00 0.5155E-02
0.1376 0.3149
-0.7905E-01 0.5817
48.00 0.6052E-02
0.6070E-01 0.2242
-0.1344 0.5831
49.00 0.7717E-02
-0.3201E-01 0.9871E-01
-0.1976 0.5217
50.00 0.9827E-02
-0.1022 -0.1379E-02
-0.2426 0.4498
51.00 0.1182E-01
-0.1472 -0.6102E-01
-0.2717 0.3890
52.00 0.1311E-01
-0.1756 -0.8462E-01
-0.2936 0.3395
53.00 0.1332E-01
-0.1951 -0.7700E-01
-0.3148 0.2964
54.00 0.1244E-01
-0.2097 -0.3863E-01
-0.3387 0.2551
55.00 0.1081E-01
-0.2190 0.3338E-01
-0.3650 0.2136
56.00 0.8960E-02
-0.2168 0.1398
-0.3870 0.1752
57.00 0.7371E-02
-0.1904 0.2667
-0.3901 0.1516
58.00 0.6328E-02
-0.1292 0.3751
-0.3583 0.1592
59.00 0.5838E-02
-0.4141E-01 0.4250
-0.2953 0.2011
60.00 0.5701E-02
0.4711E-01 0.4207
-0.2287 0.2585
61.00 0.5659E-02
0.1170 0.4019
-0.1828 0.3103
62.00 0.5543E-02
0.1623 0.4017
-0.1650 0.3481
63.00 0.5346E-02
0.1804 0.4305
-0.1708 0.3728
64.00 0.5196E-02
0.1687 0.4763
-0.1884 0.3874
65.00 0.5258E-02
0.1310 0.5114
-0.2007 0.3949
66.00 0.5616E-02
0.8418E-01 0.5152
-0.1948 0.3979
67.00 0.6215E-02
0.4778E-01 0.4943
-0.1723 0.3976
68.00 0.6877E-02
0.2945E-01 0.4718
-0.1444 0.3940
69.00 0.7384E-02
0.2588E-01 0.4655
-0.1208 0.3865
70.00 0.7581E-02
0.3018E-01 0.4820
-0.1073 0.3741
71.00 0.7446E-02
0.3547E-01 0.5186
-0.1066 0.3558
72.00 0.7082E-02
0.3549E-01 0.5641
-0.1199 0.3315
73.00 0.6662E-02
0.2543E-01 0.5991
-0.1451 0.3036
74.00 0.6331E-02
0.4455E-02 0.6036
-0.1752 0.2771
75.00 0.6148E-02
-0.2261E-01 0.5720
-0.2002 0.2578
76.00 0.6064E-02
-0.4809E-01 0.5205
-0.2135 0.2481
77.00 0.5972E-02
-0.6667E-01 0.4753
-0.2151 0.2460
78.00 0.5775E-02
-0.7708E-01 0.4575
-0.2091 0.2483
79.00 0.5451E-02
-0.8001E-01 0.4756
-0.2002 0.2529
80.00 0.5068E-02
-0.7562E-01 0.5244
-0.1913 0.2600
81.00 0.4744E-02
-0.6258E-01 0.5825
-0.1836 0.2716
82.00 0.4590E-02
-0.3948E-01 0.6171
-0.1768 0.2885
83.00 0.4645E-02
-0.7688E-02 0.6064
-0.1708 0.3078
84.00 0.4854E-02
0.2831E-01 0.5585
-0.1670 0.3241
85.00 0.5097E-02
0.6390E-01 0.5001
-0.1675 0.3332
86.00 0.5249E-02
0.9610E-01 0.4531
-0.1745 0.3338
87.00 0.5236E-02
0.1225 0.4264
-0.1894 0.3263
88.00 0.5074E-02
0.1397 0.4174
-0.2120 0.3125
89.00 0.4851E-02
0.1430 0.4156
-0.2388 0.2957
90.00 0.4676E-02
0.1293 0.4065
-0.2618 0.2813
91.00 0.4624E-02
0.1016 0.3807
-0.2719 0.2748
92.00 0.4694E-02
0.6926E-01 0.3433
-0.2648 0.2782
93.00 0.4819E-02
0.4226E-01 0.3099
-0.2445 0.2886
94.00 0.4899E-02
0.2533E-01 0.2963
-0.2188 0.3017
95.00 0.4860E-02
0.1807E-01 0.3111
-0.1942 0.3141
96.00 0.4688E-02
0.1781E-01 0.3552
-0.1750 0.3245
97.00 0.4438E-02
0.2163E-01 0.4208
-0.1632 0.3328
98.00 0.4200E-02
0.2737E-01 0.4897
-0.1596 0.3396
99.00 0.4051E-02
0.3414E-01 0.5371
-0.1630 0.3453
100.0 0.4014E-02
0.4230E-01 0.5467
-0.1712 0.3494
101.0 0.4051E-02
0.5251E-01 0.5227
-0.1824 0.3507
102.0 0.4082E-02
0.6458E-01 0.4837
-0.1967 0.3483
103.0 0.4035E-02
0.7698E-01 0.4470
-0.2156 0.3417
104.0 0.3883E-02
0.8683E-01 0.4198
-0.2405 0.3312
105.0 0.3660E-02
0.9002E-01 0.3985
-0.2700 0.3186
106.0 0.3446E-02
0.8251E-01 0.3714
-0.2975 0.3079
107.0 0.3320E-02
0.6378E-01 0.3257
-0.3120 0.3042
108.0 0.3322E-02
0.3981E-01 0.2606
-0.3044 0.3106
109.0 0.3427E-02
0.1991E-01 0.1910
-0.2766 0.3250
110.0 0.3560E-02
0.9849E-02 0.1358
-0.2391 0.3416
111.0 0.3633E-02
0.9672E-02 0.1059
-0.2025 0.3557
112.0 0.3591E-02
0.1615E-01 0.1033
-0.1732 0.3645
113.0 0.3435E-02
0.2514E-01 0.1237
-0.1544 0.3669
114.0 0.3223E-02
0.3246E-01 0.1569
-0.1471 0.3626
115.0 0.3039E-02
0.3482E-01 0.1859
-0.1500 0.3526
116.0 0.2946E-02
0.3171E-01 0.1930
-0.1585 0.3400
117.0 0.2953E-02
0.2626E-01 0.1733
-0.1667 0.3285
118.0 0.3018E-02
0.2264E-01 0.1394
-0.1712 0.3203
119.0 0.3064E-02
0.2271E-01 0.1105
-0.1727 0.3153
120.0 0.3027E-02
0.2536E-01 0.1006
-0.1741 0.3128
121.0 0.2888E-02
0.2774E-01 0.1165
-0.1775 0.3130
122.0 0.2684E-02
0.2639E-01 0.1578
-0.1828 0.3184
123.0 0.2487E-02
0.1893E-01 0.2138
-0.1866 0.3327
124.0 0.2368E-02
0.6895E-02 0.2631
-0.1823 0.3576
125.0 0.2357E-02
-0.3293E-02 0.2845
-0.1651 0.3885
126.0 0.2429E-02
-0.4926E-02 0.2762
-0.1374 0.4166
127.0 0.2515E-02
0.3776E-02 0.2537
-0.1054 0.4347
128.0 0.2542E-02
0.2020E-01 0.2335
-0.7463E-01 0.4400
129.0 0.2472E-02
0.4014E-01 0.2230
-0.4727E-01 0.4316
130.0 0.2319E-02
0.5868E-01 0.2185
-0.2409E-01 0.4078
131.0 0.2148E-02
0.6994E-01 0.2064
-0.5436E-02 0.3681
132.0 0.2035E-02
0.6897E-01 0.1685
0.8660E-02 0.3176
133.0 0.2030E-02
0.5693E-01 0.9947E-01
0.1955E-01 0.2698
134.0 0.2130E-02
0.4237E-01 0.1912E-01
0.3008E-01 0.2371
135.0 0.2274E-02
0.3336E-01 -0.4428E-01
0.4277E-01 0.2203
136.0 0.2379E-02
0.3163E-01 -0.7441E-01
0.5859E-01 0.2119
137.0 0.2382E-02
0.3407E-01 -0.6635E-01
0.7729E-01 0.2049
138.0 0.2269E-02
0.3546E-01 -0.1898E-01
0.9771E-01 0.1963
139.0 0.2088E-02
0.2974E-01 0.6548E-01
0.1170 0.1888
140.0 0.1922E-02
0.1240E-01 0.1721
0.1300 0.1903
141.0 0.1846E-02
-0.1344E-01 0.2654
0.1318 0.2101
142.0 0.1888E-02
-0.3484E-01 0.3104
0.1238 0.2468
143.0 0.2017E-02
-0.3974E-01 0.3082
0.1142 0.2868
144.0 0.2152E-02
-0.2612E-01 0.2891
0.1099 0.3169
145.0 0.2212E-02
0.2369E-02 0.2812
0.1125 0.3316
146.0 0.2153E-02
0.4270E-01 0.2987
0.1201 0.3296
147.0 0.1993E-02
0.9320E-01 0.3430
0.1284 0.3101
148.0 0.1806E-02
0.1499 0.3990
0.1310 0.2741
149.0 0.1682E-02
0.2014 0.4311
0.1214 0.2300
150.0 0.1683E-02
0.2320 0.4041
0.1011 0.1948
151.0 0.1807E-02
0.2386 0.3280
0.8251E-01 0.1790
152.0 0.1991E-02
0.2330 0.2484
0.7666E-01 0.1752
153.0 0.2143E-02
0.2261 0.1999
0.8622E-01 0.1695
154.0 0.2188E-02
0.2202 0.1946
0.1098 0.1518
155.0 0.2112E-02
0.2093 0.2332
0.1456 0.1177
156.0 0.1966E-02
0.1817 0.3067
0.1901 0.6991E-01
157.0 0.1847E-02
0.1260 0.3863
0.2332 0.2492E-01
158.0 0.1842E-02
0.4725E-01 0.4243
0.2585 0.1123E-01
159.0 0.1987E-02
-0.2555E-01 0.3964
0.2580 0.4184E-01
160.0 0.2244E-02
-0.6787E-01 0.3314
0.2422 0.9695E-01
161.0 0.2517E-02
-0.7923E-01 0.2722
0.2255 0.1493
162.0 0.2703E-02
-0.7049E-01 0.2417
0.2135 0.1842
163.0 0.2742E-02
-0.5074E-01 0.2442
0.2043 0.1970
164.0 0.2650E-02
-0.2505E-01 0.2734
0.1907 0.1860
165.0 0.2513E-02
0.3582E-02 0.3106
0.1629 0.1529
166.0 0.2446E-02
0.3211E-01 0.3236
0.1147 0.1086
167.0 0.2529E-02
0.5752E-01 0.2878
0.5454E-01 0.7349E-01
168.0 0.2766E-02
0.7933E-01 0.2154
0.2452E-02 0.6042E-01
169.0 0.3079E-02
0.9982E-01 0.1428
-0.2950E-01 0.6371E-01
170.0 0.3341E-02
0.1213 0.9688E-01
-0.4289E-01 0.6951E-01
171.0 0.3441E-02
0.1443 0.8829E-01
-0.4445E-01 0.6675E-01
172.0 0.3342E-02
0.1665 0.1200
-0.4007E-01 0.4861E-01
173.0 0.3106E-02
0.1813 0.1897
-0.3386E-01 0.1246E-01
174.0 0.2869E-02
0.1772 0.2805
-0.2880E-01 -0.3570E-01
175.0 0.2781E-02
0.1449 0.3504
-0.2623E-01 -0.7544E-01
176.0 0.2930E-02
0.9340E-01 0.3574
-0.2478E-01 -0.8388E-01
177.0 0.3297E-02
0.4647E-01 0.3081
-0.2174E-01 -0.6217E-01
178.0 0.3760E-02
0.1766E-01 0.2445
-0.1608E-01 -0.3127E-01
179.0 0.4142E-02
0.4794E-02 0.1985
-0.8485E-02 -0.8202E-02
180.0 0.4289E-02
0.000 0.1823
0.000 0.000
