0.000 8.589
0.000 -0.3170
0.000 0.000
1.000 8.465
0.6903E-02 -0.3123
-0.4182E-01 0.6620E-03
2.000 8.126
0.1771E-01 -0.2970
-0.8474E-01 0.2441E-02
3.000 7.658
0.3594E-01 -0.2682
-0.1286 0.4673E-02
4.000 7.173
0.6367E-01 -0.2226
-0.1708 0.6200E-02
5.000 6.780
0.9988E-01 -0.1597
-0.2058 0.5572E-02
6.000 6.544
0.1393 -0.8482E-01
-0.2269 0.1700E-02
7.000 6.478
0.1743 -0.8801E-02
-0.2297 -0.5382E-02
8.000 6.533
0.1989 0.5735E-01
-0.2156 -0.1444E-01
9.000 6.618
0.2116 0.1077
-0.1895 -0.2382E-01
10.00 6.628
0.2147 0.1423
-0.1573 -0.3223E-01
11.00 6.476
0.2120 0.1643
-0.1228 -0.3903E-01
12.00 6.112
0.2071 0.1774
-0.8784E-01 -0.4396E-01
13.00 5.540
0.2026 0.1848
-0.5265E-01 -0.4689E-01
14.00 4.808
0.2007 0.1882
-0.1673E-01 -0.4759E-01
15.00 3.995
0.2029 0.1881
0.2054E-01 -0.4547E-01
16.00 3.188
0.2100 0.1839
0.5918E-01 -0.3943E-01
17.00 2.460
0.2217 0.1731
0.9749E-01 -0.2770E-01
18.00 1.856
0.2354 0.1518
0.1306 -0.7881E-02
19.00 1.395
0.2453 0.1151
0.1492 0.2214E-01
20.00 1.068
0.2432 0.6135E-01
0.1413 0.6212E-01
21.00 0.8501
0.2240 -0.4138E-02
0.9868E-01 0.1068
22.00 0.7148
0.1924 -0.6660E-01
0.2593E-01 0.1459
23.00 0.6378
0.1641 -0.1079
-0.5836E-01 0.1679
24.00 0.6017
0.1558 -0.1162
-0.1313 0.1659
25.00 0.5950
0.1740 -0.9170E-01
-0.1772 0.1411
26.00 0.6084
0.2118 -0.4476E-01
-0.1933 0.1009
27.00 0.6318
0.2559 0.1053E-01
-0.1866 0.5552E-01
28.00 0.6528
0.2947 0.6341E-01
-0.1672 0.1284E-01
29.00 0.6583
0.3224 0.1088
-0.1431 -0.2317E-01
30.00 0.6379
0.3381 0.1462
-0.1187 -0.5165E-01
31.00 0.5867
0.3424 0.1770
-0.9515E-01 -0.7316E-01
32.00 0.5075
0.3359 0.2030
-0.7200E-01 -0.8825E-01
33.00 0.4104
0.3172 0.2250
-0.4763E-01 -0.9629E-01
34.00 0.3100
0.2821 0.2405
-0.2003E-01 -0.9389E-01
35.00 0.2212
0.2235 0.2400
0.1151E-01 -0.7247E-01
36.00 0.1553
0.1379 0.2004
0.4093E-01 -0.1740E-01
37.00 0.1176
0.5093E-01 0.9542E-01
0.4666E-01 0.7623E-01
38.00 0.1067
0.2657E-01 -0.4648E-01
0.7569E-02 0.1668
39.00 0.1162
0.7957E-01 -0.1439
-0.5493E-01 0.2014
40.00 0.1367
0.1542 -0.1761
-0.1067 0.1899
41.00 0.1593
0.2128 -0.1725
-0.1406 0.1637
42.00 0.1772
0.2480 -0.1562
-0.1620 0.1382
43.00 0.1868
0.2614 -0.1364
-0.1758 0.1174
44.00 0.1873
0.2547 -0.1155
-0.1846 0.1017
45.00 0.1801
0.2291 -0.9400E-01
-0.1892 0.9046E-01
46.00 0.1672
0.1865 -0.7193E-01
-0.1898 0.8334E-01
47.00 0.1510
0.1304 -0.5013E-01
-0.1859 0.8033E-01
48.00 0.1333
0.6695E-01 -0.3039E-01
-0.1768 0.8159E-01
49.00 0.1155
0.4515E-02 -0.1555E-01
-0.1617 0.8725E-01
50.00 0.9865E-01
-0.4719E-01 -0.9405E-02
-0.1394 0.9703E-01
51.00 0.8360E-01
-0.7807E-01 -0.1639E-01
-0.1084 0.1100
52.00 0.7104E-01
-0.7961E-01 -0.4062E-01
-0.6849E-01 0.1242
53.00 0.6139E-01
-0.4855E-01 -0.8360E-01
-0.2171E-01 0.1372
54.00 0.5475E-01
0.8633E-02 -0.1412
0.2536E-01 0.1467
55.00 0.5086E-01
0.7541E-01 -0.2029
0.6325E-01 0.1526
56.00 0.4918E-01
0.1330 -0.2556
0.8431E-01 0.1572
57.00 0.4907E-01
0.1702 -0.2901
0.8668E-01 0.1636
58.00 0.4992E-01
0.1865 -0.3033
0.7383E-01 0.1732
59.00 0.5126E-01
0.1873 -0.2968
0.5164E-01 0.1853
60.00 0.5271E-01
0.1795 -0.2747
0.2589E-01 0.1977
61.00 0.5396E-01
0.1684 -0.2421
0.1175E-02 0.2080
62.00 0.5466E-01
0.1571 -0.2049
-0.1945E-01 0.2147
63.00 0.5444E-01
0.1472 -0.1684
-0.3437E-01 0.2176
64.00 0.5296E-01
0.1392 -0.1369
-0.4295E-01 0.2176
65.00 0.5010E-01
0.1331 -0.1135
-0.4501E-01 0.2161
66.00 0.4601E-01
0.1290 -0.1002
-0.4026E-01 0.2143
67.00 0.4112E-01
0.1270 -0.9835E-01
-0.2814E-01 0.2133
68.00 0.3608E-01
0.1268 -0.1082
-0.8112E-02 0.2136
69.00 0.3157E-01
0.1283 -0.1284
0.1926E-01 0.2151
70.00 0.2810E-01
0.1307 -0.1542
0.5075E-01 0.2176
71.00 0.2589E-01
0.1333 -0.1787
0.8023E-01 0.2213
72.00 0.2486E-01
0.1358 -0.1958
0.1015 0.2267
73.00 0.2471E-01
0.1384 -0.2038
0.1121 0.2343
74.00 0.2506E-01
0.1418 -0.2058
0.1144 0.2439
75.00 0.2557E-01
0.1458 -0.2051
0.1123 0.2542
76.00 0.2605E-01
0.1497 -0.2041
0.1092 0.2631
77.00 0.2640E-01
0.1519 -0.2028
0.1073 0.2684
78.00 0.2659E-01
0.1508 -0.2008
0.1074 0.2688
79.00 0.2658E-01
0.1455 -0.1976
0.1096 0.2646
80.00 0.2628E-01
0.1360 -0.1934
0.1137 0.2574
81.00 0.2560E-01
0.1236 -0.1896
0.1197 0.2499
82.00 0.2448E-01
0.1098 -0.1875
0.1277 0.2445
83.00 0.2294E-01
0.9695E-01 -0.1883
0.1378 0.2425
84.00 0.2116E-01
0.8695E-01 -0.1922
0.1500 0.2441
85.00 0.1937E-01
0.8185E-01 -0.1979
0.1635 0.2477
86.00 0.1781E-01
0.8309E-01 -0.2027
0.1766 0.2505
87.00 0.1663E-01
0.9099E-01 -0.2035
0.1872 0.2496
88.00 0.1587E-01
0.1044 -0.1987
0.1939 0.2439
89.00 0.1542E-01
0.1213 -0.1893
0.1971 0.2349
90.00 0.1515E-01
0.1400 -0.1785
0.1988 0.2256
91.00 0.1489E-01
0.1598 -0.1692
0.2013 0.2186
92.00 0.1459E-01
0.1798 -0.1629
0.2060 0.2146
93.00 0.1426E-01
0.1985 -0.1591
0.2128 0.2127
94.00 0.1398E-01
0.2135 -0.1558
0.2203 0.2111
95.00 0.1381E-01
0.2217 -0.1506
0.2262 0.2082
96.00 0.1376E-01
0.2215 -0.1419
0.2290 0.2039
97.00 0.1379E-01
0.2136 -0.1302
0.2286 0.1998
98.00 0.1377E-01
0.2008 -0.1173
0.2261 0.1987
99.00 0.1360E-01
0.1861 -0.1054
0.2231 0.2027
100.0 0.1325E-01
0.1722 -0.9595E-01
0.2207 0.2128
101.0 0.1274E-01
0.1605 -0.8949E-01
0.2194 0.2284
102.0 0.1219E-01
0.1515 -0.8543E-01
0.2185 0.2469
103.0 0.1170E-01
0.1449 -0.8238E-01
0.2171 0.2643
104.0 0.1137E-01
0.1402 -0.7886E-01
0.2145 0.2761
105.0 0.1118E-01
0.1375 -0.7435E-01
0.2112 0.2799
106.0 0.1109E-01
0.1373 -0.6967E-01
0.2089 0.2758
107.0 0.1100E-01
0.1409 -0.6658E-01
0.2095 0.2658
108.0 0.1084E-01
0.1496 -0.6680E-01
0.2145 0.2515
109.0 0.1060E-01
0.1635 -0.7112E-01
0.2245 0.2332
110.0 0.1031E-01
0.1814 -0.7874E-01
0.2381 0.2101
111.0 0.1006E-01
0.2000 -0.8698E-01
0.2527 0.1820
112.0 0.9895E-02
0.2148 -0.9195E-01
0.2648 0.1502
113.0 0.9822E-02
0.2223 -0.9018E-01
0.2719 0.1187
114.0 0.9792E-02
0.2213 -0.8017E-01
0.2732 0.9228E-01
115.0 0.9722E-02
0.2133 -0.6267E-01
0.2698 0.7503E-01
116.0 0.9539E-02
0.2011 -0.3967E-01
0.2633 0.6901E-01
117.0 0.9224E-02
0.1874 -0.1348E-01
0.2548 0.7453E-01
118.0 0.8823E-02
0.1738 0.1354E-01
0.2440 0.9024E-01
119.0 0.8425E-02
0.1611 0.3869E-01
0.2300 0.1128
120.0 0.8130E-02
0.1497 0.5895E-01
0.2122 0.1370
121.0 0.7993E-02
0.1400 0.7172E-01
0.1914 0.1568
122.0 0.8009E-02
0.1332 0.7594E-01
0.1703 0.1680
123.0 0.8112E-02
0.1307 0.7221E-01
0.1523 0.1702
124.0 0.8215E-02
0.1339 0.6182E-01
0.1397 0.1651
125.0 0.8248E-02
0.1436 0.4586E-01
0.1336 0.1549
126.0 0.8187E-02
0.1596 0.2530E-01
0.1335 0.1409
127.0 0.8062E-02
0.1799 0.1784E-02
0.1381 0.1232
128.0 0.7926E-02
0.2006 -0.2151E-01
0.1453 0.1025
129.0 0.7825E-02
0.2168 -0.4002E-01
0.1525 0.8026E-01
130.0 0.7768E-02
0.2245 -0.4940E-01
0.1574 0.5947E-01
131.0 0.7723E-02
0.2228 -0.4741E-01
0.1589 0.4337E-01
132.0 0.7633E-02
0.2134 -0.3465E-01
0.1569 0.3431E-01
133.0 0.7458E-02
0.1996 -0.1390E-01
0.1521 0.3308E-01
134.0 0.7196E-02
0.1845 0.1076E-01
0.1448 0.3890E-01
135.0 0.6895E-02
0.1702 0.3431E-01
0.1350 0.4942E-01
136.0 0.6637E-02
0.1579 0.5115E-01
0.1227 0.6073E-01
137.0 0.6495E-02
0.1477 0.5663E-01
0.1085 0.6818E-01
138.0 0.6507E-02
0.1393 0.4947E-01
0.9371E-01 0.6847E-01
139.0 0.6652E-02
0.1327 0.3254E-01
0.8039E-01 0.6135E-01
140.0 0.6864E-02
0.1285 0.1069E-01
0.6995E-01 0.4927E-01
141.0 0.7062E-02
0.1273 -0.1212E-01
0.6275E-01 0.3523E-01
142.0 0.7190E-02
0.1297 -0.3396E-01
0.5833E-01 0.2128E-01
143.0 0.7234E-02
0.1351 -0.5427E-01
0.5578E-01 0.8309E-02
144.0 0.7225E-02
0.1419 -0.7270E-01
0.5400E-01 -0.3482E-02
145.0 0.7212E-02
0.1471 -0.8839E-01
0.5194E-01 -0.1387E-01
146.0 0.7231E-02
0.1478 -0.1000
0.4884E-01 -0.2223E-01
147.0 0.7282E-02
0.1424 -0.1066
0.4449E-01 -0.2754E-01
148.0 0.7326E-02
0.1315 -0.1080
0.3918E-01 -0.2881E-01
149.0 0.7315E-02
0.1176 -0.1051
0.3350E-01 -0.2540E-01
150.0 0.7216E-02
0.1041 -0.9936E-01
0.2809E-01 -0.1724E-01
151.0 0.7041E-02
0.9395E-01 -0.9231E-01
0.2347E-01 -0.5035E-02
152.0 0.6847E-02
0.8952E-01 -0.8556E-01
0.2014E-01 0.9426E-02
153.0 0.6714E-02
0.9148E-01 -0.8055E-01
0.1840E-01 0.2319E-01
154.0 0.6705E-02
0.9836E-01 -0.7818E-01
0.1827E-01 0.3295E-01
155.0 0.6839E-02
0.1072 -0.7853E-01
0.1939E-01 0.3678E-01
156.0 0.7076E-02
0.1152 -0.8093E-01
0.2111E-01 0.3513E-01
157.0 0.7341E-02
0.1215 -0.8456E-01
0.2285E-01 0.3011E-01
158.0 0.7559E-02
0.1264 -0.8890E-01
0.2422E-01 0.2382E-01
159.0 0.7690E-02
0.1309 -0.9377E-01
0.2489E-01 0.1736E-01
160.0 0.7754E-02
0.1349 -0.9906E-01
0.2446E-01 0.1063E-01
161.0 0.7813E-02
0.1371 -0.1045
0.2246E-01 0.2875E-02
162.0 0.7938E-02
0.1353 -0.1096
0.1850E-01 -0.6605E-02
163.0 0.8167E-02
0.1273 -0.1139
0.1256E-01 -0.1763E-01
164.0 0.8479E-02
0.1128 -0.1173
0.5000E-02 -0.2905E-01
165.0 0.8798E-02
0.9353E-01 -0.1204
-0.3603E-02 -0.3929E-01
166.0 0.9029E-02
0.7188E-01 -0.1240
-0.1275E-01 -0.4710E-01
167.0 0.9109E-02
0.5032E-01 -0.1291
-0.2207E-01 -0.5178E-01
168.0 0.9034E-02
0.3088E-01 -0.1363
-0.3111E-01 -0.5312E-01
169.0 0.8872E-02
0.1503E-01 -0.1457
-0.3910E-01 -0.5135E-01
170.0 0.8728E-02
0.3552E-02 -0.1563
-0.4497E-01 -0.4724E-01
171.0 0.8691E-02
-0.3970E-02 -0.1663
-0.4770E-01 -0.4201E-01
172.0 0.8789E-02
-0.9137E-02 -0.1740
-0.4706E-01 -0.3691E-01
173.0 0.8969E-02
-0.1390E-01 -0.1787
-0.4378E-01 -0.3257E-01
174.0 0.9117E-02
-0.1940E-01 -0.1812
-0.3906E-01 -0.2878E-01
175.0 0.9113E-02
-0.2543E-01 -0.1828
-0.3386E-01 -0.2481E-01
176.0 0.8893E-02
-0.3053E-01 -0.1847
-0.2853E-01 -0.1997E-01
177.0 0.8487E-02
-0.3234E-01 -0.1875
-0.2287E-01 -0.1400E-01
178.0 0.8012E-02
-0.2824E-01 -0.1912
-0.1637E-01 -0.7509E-02
179.0 0.7634E-02
-0.1682E-01 -0.1945
-0.8667E-02 -0.2135E-02
180.0 0.7490E-02
0.000 -0.1959
0.000 0.000
