0.000 49.00
0.000 -0.4557E-01
0.000 0.000
1.000 47.43
0.7743E-02 -0.4574E-01
-0.4324E-02 -0.2439E-05
2.000 42.95
0.1562E-01 -0.4625E-01
-0.8855E-02 -0.2368E-05
3.000 36.24
0.2380E-01 -0.4718E-01
-0.1383E-01 0.2617E-04
4.000 28.25
0.3243E-01 -0.4865E-01
-0.1956E-01 0.1425E-03
5.000 20.05
0.4171E-01 -0.5092E-01
-0.2646E-01 0.4802E-03
6.000 12.64
0.5174E-01 -0.5452E-01
-0.3511E-01 0.1370E-02
7.000 6.762
0.6180E-01 -0.6065E-01
-0.4589E-01 0.3781E-02
8.000 2.806
0.6516E-01 -0.7243E-01
-0.5483E-01 0.1140E-01
9.000 0.7978
-0.3547E-02 -0.9392E-01
-0.1431E-03 0.4260E-01
10.00 0.4374
-0.2469 -0.4387E-01
0.2945 0.6740E-01
11.00 1.215
-0.1019 -0.1722E-01
0.1790 0.1456E-01
12.00 2.544
-0.2482E-01 -0.2358E-01
0.1019 -0.1753E-03
13.00 3.887
0.1152E-01 -0.2970E-01
0.6605E-01 -0.5748E-02
14.00 4.851
0.3371E-01 -0.3489E-01
0.4522E-01 -0.9110E-02
15.00 5.232
0.4952E-01 -0.3983E-01
0.3084E-01 -0.1182E-01
16.00 5.013
0.6138E-01 -0.4507E-01
0.1956E-01 -0.1431E-01
17.00 4.320
0.6954E-01 -0.5108E-01
0.9947E-02 -0.1662E-01
18.00 3.362
0.7242E-01 -0.5831E-01
0.1558E-02 -0.1841E-01
19.00 2.358
0.6550E-01 -0.6707E-01
-0.4781E-02 -0.1862E-01
20.00 1.490
0.3805E-01 -0.7675E-01
-0.5252E-02 -0.1423E-01
21.00 0.8679
-0.3151E-01 -0.8255E-01
0.1200E-01 0.2434E-02
22.00 0.5259
-0.1546 -0.6783E-01
0.6877E-01 0.4196E-01
23.00 0.4321
-0.2273 -0.2327E-01
0.1435 0.8256E-01
24.00 0.5143
-0.1569 0.7336E-02
0.1594 0.8069E-01
25.00 0.6856
-0.5680E-01 0.9348E-02
0.1349 0.5795E-01
26.00 0.8678
0.1472E-01 0.8580E-04
0.1070 0.3695E-01
27.00 1.005
0.5992E-01 -0.1192E-01
0.8401E-01 0.2100E-01
28.00 1.068
0.8656E-01 -0.2446E-01
0.6585E-01 0.9126E-02
29.00 1.053
0.9865E-01 -0.3703E-01
0.5138E-01 0.5194E-03
30.00 0.9733
0.9725E-01 -0.4933E-01
0.4005E-01 -0.4905E-02
31.00 0.8522
0.8180E-01 -0.6072E-01
0.3204E-01 -0.6542E-02
32.00 0.7137
0.5140E-01 -0.6999E-01
0.2822E-01 -0.3182E-02
33.00 0.5783
0.6553E-02 -0.7517E-01
0.3015E-01 0.6745E-02
34.00 0.4600
-0.4828E-01 -0.7367E-01
0.3974E-01 0.2448E-01
35.00 0.3658
-0.1018 -0.6313E-01
0.5817E-01 0.4952E-01
36.00 0.2973
-0.1355 -0.4343E-01
0.8409E-01 0.7771E-01
37.00 0.2520
-0.1315 -0.1872E-01
0.1121 0.1011
38.00 0.2254
-0.8609E-01 0.3233E-02
0.1342 0.1114
39.00 0.2125
-0.1591E-01 0.1547E-01
0.1443 0.1061
40.00 0.2090
0.5253E-01 0.1603E-01
0.1419 0.8933E-01
41.00 0.2113
0.9877E-01 0.7721E-02
0.1305 0.6894E-01
42.00 0.2166
0.1154 -0.4786E-02
0.1150 0.5159E-01
43.00 0.2230
0.1056 -0.1746E-01
0.9973E-01 0.4102E-01
44.00 0.2285
0.7815E-01 -0.2783E-01
0.8721E-01 0.3813E-01
45.00 0.2315
0.4260E-01 -0.3494E-01
0.7876E-01 0.4191E-01
46.00 0.2305
0.6965E-02 -0.3884E-01
0.7474E-01 0.5045E-01
47.00 0.2245
-0.2336E-01 -0.4010E-01
0.7499E-01 0.6174E-01
48.00 0.2131
-0.4538E-01 -0.3932E-01
0.7919E-01 0.7402E-01
49.00 0.1965
-0.5783E-01 -0.3698E-01
0.8700E-01 0.8593E-01
50.00 0.1760
-0.6051E-01 -0.3326E-01
0.9820E-01 0.9639E-01
51.00 0.1535
-0.5391E-01 -0.2800E-01
0.1125 0.1045
52.00 0.1313
-0.3918E-01 -0.2081E-01
0.1292 0.1092
53.00 0.1115
-0.1872E-01 -0.1119E-01
0.1470 0.1099
54.00 0.9574E-01
0.3181E-02 0.8805E-03
0.1631 0.1062
55.00 0.8481E-01
0.2068E-01 0.1429E-01
0.1739 0.9918E-01
56.00 0.7882E-01
0.2888E-01 0.2659E-01
0.1768 0.9143E-01
57.00 0.7716E-01
0.2728E-01 0.3511E-01
0.1721 0.8577E-01
58.00 0.7875E-01
0.2001E-01 0.3862E-01
0.1633 0.8350E-01
59.00 0.8232E-01
0.1234E-01 0.3767E-01
0.1542 0.8401E-01
60.00 0.8662E-01
0.7683E-02 0.3372E-01
0.1473 0.8576E-01
61.00 0.9053E-01
0.7004E-02 0.2821E-01
0.1435 0.8736E-01
62.00 0.9323E-01
0.9705E-02 0.2225E-01
0.1427 0.8797E-01
63.00 0.9420E-01
0.1454E-01 0.1663E-01
0.1446 0.8728E-01
64.00 0.9321E-01
0.2016E-01 0.1194E-01
0.1484 0.8540E-01
65.00 0.9040E-01
0.2543E-01 0.8734E-02
0.1540 0.8271E-01
66.00 0.8613E-01
0.2956E-01 0.7534E-02
0.1606 0.7980E-01
67.00 0.8100E-01
0.3219E-01 0.8905E-02
0.1679 0.7739E-01
68.00 0.7567E-01
0.3348E-01 0.1336E-01
0.1751 0.7619E-01
69.00 0.7077E-01
0.3419E-01 0.2116E-01
0.1813 0.7680E-01
70.00 0.6677E-01
0.3550E-01 0.3206E-01
0.1857 0.7941E-01
71.00 0.6392E-01
0.3856E-01 0.4514E-01
0.1877 0.8364E-01
72.00 0.6225E-01
0.4395E-01 0.5890E-01
0.1875 0.8854E-01
73.00 0.6162E-01
0.5123E-01 0.7171E-01
0.1856 0.9292E-01
74.00 0.6177E-01
0.5901E-01 0.8219E-01
0.1829 0.9577E-01
75.00 0.6243E-01
0.6547E-01 0.8958E-01
0.1801 0.9652E-01
76.00 0.6339E-01
0.6884E-01 0.9364E-01
0.1776 0.9510E-01
77.00 0.6447E-01
0.6792E-01 0.9462E-01
0.1757 0.9191E-01
78.00 0.6554E-01
0.6233E-01 0.9315E-01
0.1744 0.8760E-01
79.00 0.6653E-01
0.5256E-01 0.9010E-01
0.1736 0.8298E-01
80.00 0.6732E-01
0.3984E-01 0.8644E-01
0.1735 0.7878E-01
81.00 0.6786E-01
0.2587E-01 0.8314E-01
0.1739 0.7558E-01
82.00 0.6807E-01
0.1252E-01 0.8094E-01
0.1748 0.7368E-01
83.00 0.6796E-01
0.1455E-02 0.8034E-01
0.1761 0.7306E-01
84.00 0.6755E-01
-0.5995E-02 0.8154E-01
0.1777 0.7344E-01
85.00 0.6693E-01
-0.9051E-02 0.8447E-01
0.1791 0.7431E-01
86.00 0.6620E-01
-0.7581E-02 0.8883E-01
0.1801 0.7505E-01
87.00 0.6543E-01
-0.2131E-02 0.9421E-01
0.1805 0.7507E-01
88.00 0.6467E-01
0.6160E-02 0.1002
0.1802 0.7392E-01
89.00 0.6394E-01
0.1576E-01 0.1063
0.1793 0.7141E-01
90.00 0.6324E-01
0.2504E-01 0.1123
0.1779 0.6760E-01
91.00 0.6257E-01
0.3251E-01 0.1180
0.1763 0.6284E-01
92.00 0.6197E-01
0.3705E-01 0.1230
0.1747 0.5766E-01
93.00 0.6149E-01
0.3805E-01 0.1274
0.1731 0.5271E-01
94.00 0.6118E-01
0.3552E-01 0.1310
0.1717 0.4865E-01
95.00 0.6107E-01
0.3003E-01 0.1340
0.1704 0.4599E-01
96.00 0.6117E-01
0.2266E-01 0.1366
0.1694 0.4506E-01
97.00 0.6142E-01
0.1468E-01 0.1389
0.1688 0.4590E-01
98.00 0.6176E-01
0.7366E-02 0.1413
0.1686 0.4826E-01
99.00 0.6210E-01
0.1695E-02 0.1439
0.1689 0.5167E-01
100.0 0.6238E-01
-0.1724E-02 0.1468
0.1694 0.5554E-01
101.0 0.6259E-01
-0.2703E-02 0.1497
0.1701 0.5923E-01
102.0 0.6272E-01
-0.1453E-02 0.1525
0.1707 0.6212E-01
103.0 0.6278E-01
0.1480E-02 0.1550
0.1709 0.6374E-01
104.0 0.6278E-01
0.5317E-02 0.1572
0.1706 0.6379E-01
105.0 0.6271E-01
0.9164E-02 0.1592
0.1698 0.6222E-01
106.0 0.6255E-01
0.1215E-01 0.1611
0.1685 0.5922E-01
107.0 0.6228E-01
0.1354E-01 0.1633
0.1668 0.5516E-01
108.0 0.6190E-01
0.1283E-01 0.1658
0.1648 0.5055E-01
109.0 0.6144E-01
0.9824E-02 0.1689
0.1626 0.4594E-01
110.0 0.6097E-01
0.4648E-02 0.1723
0.1603 0.4186E-01
111.0 0.6055E-01
-0.2194E-02 0.1761
0.1578 0.3872E-01
112.0 0.6023E-01
-0.9883E-02 0.1800
0.1552 0.3678E-01
113.0 0.6003E-01
-0.1740E-01 0.1839
0.1528 0.3603E-01
114.0 0.5994E-01
-0.2371E-01 0.1876
0.1507 0.3624E-01
115.0 0.5992E-01
-0.2795E-01 0.1911
0.1490 0.3701E-01
116.0 0.5994E-01
-0.2955E-01 0.1943
0.1479 0.3781E-01
117.0 0.5997E-01
-0.2835E-01 0.1968
0.1471 0.3815E-01
118.0 0.6002E-01
-0.2457E-01 0.1986
0.1467 0.3764E-01
119.0 0.6008E-01
-0.1879E-01 0.1995
0.1465 0.3610E-01
120.0 0.6018E-01
-0.1186E-01 0.1997
0.1462 0.3360E-01
121.0 0.6031E-01
-0.4770E-02 0.1996
0.1457 0.3046E-01
122.0 0.6044E-01
0.1542E-02 0.1995
0.1450 0.2721E-01
123.0 0.6055E-01
0.6320E-02 0.2002
0.1441 0.2446E-01
124.0 0.6059E-01
0.9101E-02 0.2021
0.1429 0.2282E-01
125.0 0.6055E-01
0.9743E-02 0.2054
0.1416 0.2275E-01
126.0 0.6045E-01
0.8419E-02 0.2102
0.1400 0.2448E-01
127.0 0.6033E-01
0.5564E-02 0.2161
0.1381 0.2794E-01
128.0 0.6023E-01
0.1805E-02 0.2226
0.1360 0.3274E-01
129.0 0.6019E-01
-0.2145E-02 0.2290
0.1337 0.3817E-01
130.0 0.6023E-01
-0.5614E-02 0.2348
0.1312 0.4334E-01
131.0 0.6032E-01
-0.8086E-02 0.2394
0.1287 0.4730E-01
132.0 0.6043E-01
-0.9276E-02 0.2427
0.1262 0.4926E-01
133.0 0.6054E-01
-0.9149E-02 0.2445
0.1239 0.4867E-01
134.0 0.6063E-01
-0.7889E-02 0.2447
0.1218 0.4533E-01
135.0 0.6072E-01
-0.5839E-02 0.2434
0.1197 0.3945E-01
136.0 0.6082E-01
-0.3412E-02 0.2409
0.1176 0.3162E-01
137.0 0.6093E-01
-0.1013E-02 0.2378
0.1156 0.2275E-01
138.0 0.6107E-01
0.1044E-02 0.2349
0.1136 0.1392E-01
139.0 0.6118E-01
0.2590E-02 0.2330
0.1116 0.6228E-02
140.0 0.6125E-01
0.3612E-02 0.2328
0.1097 0.6148E-03
141.0 0.6122E-01
0.4237E-02 0.2349
0.1079 -0.2275E-02
142.0 0.6109E-01
0.4683E-02 0.2393
0.1062 -0.2148E-02
143.0 0.6088E-01
0.5202E-02 0.2457
0.1046 0.9113E-03
144.0 0.6063E-01
0.6024E-02 0.2534
0.1029 0.6441E-02
145.0 0.6040E-01
0.7308E-02 0.2616
0.1011 0.1364E-01
146.0 0.6021E-01
0.9110E-02 0.2694
0.9924E-01 0.2147E-01
147.0 0.6010E-01
0.1137E-01 0.2760
0.9724E-01 0.2879E-01
148.0 0.6005E-01
0.1390E-01 0.2812
0.9517E-01 0.3456E-01
149.0 0.6002E-01
0.1646E-01 0.2849
0.9302E-01 0.3798E-01
150.0 0.5999E-01
0.1876E-01 0.2870
0.9078E-01 0.3861E-01
151.0 0.5996E-01
0.2049E-01 0.2876
0.8839E-01 0.3639E-01
152.0 0.5993E-01
0.2141E-01 0.2868
0.8578E-01 0.3161E-01
153.0 0.5993E-01
0.2135E-01 0.2849
0.8292E-01 0.2490E-01
154.0 0.5997E-01
0.2027E-01 0.2822
0.7982E-01 0.1711E-01
155.0 0.6003E-01
0.1827E-01 0.2793
0.7655E-01 0.9153E-02
156.0 0.6010E-01
0.1558E-01 0.2769
0.7322E-01 0.1914E-02
157.0 0.6012E-01
0.1250E-01 0.2756
0.6992E-01 -0.3909E-02
158.0 0.6006E-01
0.9385E-02 0.2762
0.6670E-01 -0.7856E-02
159.0 0.5990E-01
0.6575E-02 0.2787
0.6356E-01 -0.9713E-02
160.0 0.5967E-01
0.4363E-02 0.2828
0.6043E-01 -0.9501E-02
161.0 0.5941E-01
0.2966E-02 0.2880
0.5727E-01 -0.7451E-02
162.0 0.5917E-01
0.2509E-02 0.2933
0.5405E-01 -0.3970E-02
163.0 0.5900E-01
0.3004E-02 0.2981
0.5082E-01 0.4005E-03
164.0 0.5889E-01
0.4361E-02 0.3018
0.4766E-01 0.5059E-02
165.0 0.5883E-01
0.6399E-02 0.3043
0.4467E-01 0.9435E-02
166.0 0.5878E-01
0.8886E-02 0.3058
0.4192E-01 0.1306E-01
167.0 0.5871E-01
0.1156E-01 0.3065
0.3940E-01 0.1563E-01
168.0 0.5862E-01
0.1417E-01 0.3067
0.3706E-01 0.1700E-01
169.0 0.5855E-01
0.1647E-01 0.3065
0.3478E-01 0.1718E-01
170.0 0.5854E-01
0.1823E-01 0.3059
0.3244E-01 0.1631E-01
171.0 0.5862E-01
0.1930E-01 0.3046
0.2995E-01 0.1463E-01
172.0 0.5881E-01
0.1958E-01 0.3029
0.2725E-01 0.1244E-01
173.0 0.5905E-01
0.1906E-01 0.3010
0.2436E-01 0.1004E-01
174.0 0.5928E-01
0.1780E-01 0.2992
0.2131E-01 0.7653E-02
175.0 0.5943E-01
0.1588E-01 0.2980
0.1811E-01 0.5462E-02
176.0 0.5946E-01
0.1342E-01 0.2976
0.1478E-01 0.3571E-02
177.0 0.5938E-01
0.1049E-01 0.2979
0.1129E-01 0.2044E-02
178.0 0.5923E-01
0.7210E-02 0.2986
0.7648E-02 0.9208E-03
179.0 0.5909E-01
0.3672E-02 0.2993
0.3865E-02 0.2323E-03
180.0 0.5904E-01
0.000 0.2996
0.000 0.000
