0.000 5.709
0.000 -0.2787E-01
0.000 0.000
1.000 5.614
-0.6507E-01 -0.2714E-01
-0.1016E-01 0.1535E-03
2.000 5.342
-0.1288 -0.2489E-01
-0.2072E-01 0.5382E-03
3.000 4.933
-0.1887 -0.2098E-01
-0.3214E-01 0.8968E-03
4.000 4.448
-0.2402 -0.1510E-01
-0.4500E-01 0.7114E-03
5.000 3.958
-0.2751 -0.6669E-02
-0.5987E-01 -0.8683E-03
6.000 3.529
-0.2823 0.5077E-02
-0.7695E-01 -0.4925E-02
7.000 3.216
-0.2517 0.2066E-01
-0.9547E-01 -0.1225E-01
8.000 3.043
-0.1835 0.3965E-01
-0.1134 -0.2246E-01
9.000 3.006
-0.9293E-01 0.6046E-01
-0.1282 -0.3370E-01
10.00 3.068
-0.2585E-02 0.8116E-01
-0.1388 -0.4363E-01
11.00 3.174
0.7118E-01 0.1006
-0.1454 -0.5087E-01
12.00 3.263
0.1233 0.1187
-0.1494 -0.5529E-01
13.00 3.283
0.1560 0.1358
-0.1520 -0.5759E-01
14.00 3.206
0.1739 0.1525
-0.1540 -0.5874E-01
15.00 3.029
0.1811 0.1690
-0.1555 -0.5982E-01
16.00 2.769
0.1802 0.1850
-0.1563 -0.6195E-01
17.00 2.461
0.1726 0.2000
-0.1555 -0.6628E-01
18.00 2.140
0.1591 0.2128
-0.1518 -0.7393E-01
19.00 1.835
0.1403 0.2221
-0.1437 -0.8562E-01
20.00 1.562
0.1181 0.2264
-0.1295 -0.1012
21.00 1.328
0.9587E-01 0.2250
-0.1082 -0.1194
22.00 1.130
0.7866E-01 0.2176
-0.7932E-01 -0.1378
23.00 0.9650
0.7242E-01 0.2041
-0.4328E-01 -0.1532
24.00 0.8264
0.8275E-01 0.1845
-0.1057E-02 -0.1623
25.00 0.7118
0.1133 0.1579
0.4555E-01 -0.1618
26.00 0.6198
0.1639 0.1232
0.9338E-01 -0.1490
27.00 0.5503
0.2282 0.8068E-01
0.1374 -0.1228
28.00 0.5023
0.2939 0.3332E-01
0.1713 -0.8474E-01
29.00 0.4740
0.3463 -0.1252E-01
0.1894 -0.3945E-01
30.00 0.4626
0.3752 -0.4924E-01
0.1897 0.6376E-02
31.00 0.4647
0.3793 -0.7113E-01
0.1741 0.4662E-01
32.00 0.4767
0.3652 -0.7629E-01
0.1478 0.7749E-01
33.00 0.4953
0.3426 -0.6632E-01
0.1162 0.9774E-01
34.00 0.5177
0.3199 -0.4488E-01
0.8390E-01 0.1079
35.00 0.5413
0.3026 -0.1612E-01
0.5428E-01 0.1094
36.00 0.5640
0.2928 0.1621E-01
0.2922E-01 0.1041
37.00 0.5839
0.2903 0.4926E-01
0.9657E-02 0.9358E-01
38.00 0.5995
0.2937 0.8112E-01
-0.4170E-02 0.7959E-01
39.00 0.6095
0.3011 0.1107
-0.1248E-01 0.6357E-01
40.00 0.6130
0.3105 0.1377
-0.1573E-01 0.4682E-01
41.00 0.6094
0.3202 0.1620
-0.1448E-01 0.3046E-01
42.00 0.5987
0.3287 0.1839
-0.9308E-02 0.1546E-01
43.00 0.5814
0.3349 0.2035
-0.7191E-03 0.2668E-02
44.00 0.5584
0.3378 0.2213
0.1083E-01 -0.7140E-02
45.00 0.5309
0.3370 0.2375
0.2494E-01 -0.1329E-01
46.00 0.5001
0.3321 0.2523
0.4122E-01 -0.1518E-01
47.00 0.4677
0.3233 0.2659
0.5929E-01 -0.1237E-01
48.00 0.4347
0.3108 0.2784
0.7868E-01 -0.4564E-02
49.00 0.4025
0.2953 0.2899
0.9889E-01 0.8253E-02
50.00 0.3716
0.2776 0.3003
0.1194 0.2581E-01
51.00 0.3428
0.2584 0.3096
0.1395 0.4753E-01
52.00 0.3161
0.2387 0.3177
0.1589 0.7255E-01
53.00 0.2916
0.2192 0.3246
0.1769 0.9982E-01
54.00 0.2693
0.2006 0.3304
0.1933 0.1282
55.00 0.2490
0.1833 0.3352
0.2077 0.1566
56.00 0.2306
0.1674 0.3391
0.2199 0.1840
57.00 0.2140
0.1528 0.3424
0.2297 0.2094
58.00 0.1991
0.1392 0.3448
0.2369 0.2320
59.00 0.1859
0.1264 0.3461
0.2414 0.2513
60.00 0.1743
0.1141 0.3460
0.2433 0.2669
61.00 0.1641
0.1024 0.3443
0.2427 0.2787
62.00 0.1551
0.9153E-01 0.3406
0.2401 0.2869
63.00 0.1472
0.8200E-01 0.3352
0.2359 0.2918
64.00 0.1402
0.7444E-01 0.3282
0.2306 0.2939
65.00 0.1339
0.6940E-01 0.3199
0.2246 0.2937
66.00 0.1281
0.6725E-01 0.3107
0.2184 0.2916
67.00 0.1227
0.6812E-01 0.3007
0.2122 0.2879
68.00 0.1176
0.7187E-01 0.2899
0.2060 0.2830
69.00 0.1126
0.7819E-01 0.2784
0.2002 0.2771
70.00 0.1077
0.8666E-01 0.2661
0.1948 0.2704
71.00 0.1029
0.9680E-01 0.2528
0.1897 0.2631
72.00 0.9798E-01
0.1082 0.2385
0.1851 0.2555
73.00 0.9303E-01
0.1203 0.2233
0.1808 0.2477
74.00 0.8805E-01
0.1328 0.2072
0.1769 0.2399
75.00 0.8312E-01
0.1452 0.1901
0.1732 0.2321
76.00 0.7831E-01
0.1571 0.1721
0.1697 0.2245
77.00 0.7371E-01
0.1680 0.1533
0.1664 0.2170
78.00 0.6942E-01
0.1777 0.1336
0.1633 0.2098
79.00 0.6549E-01
0.1858 0.1134
0.1604 0.2028
80.00 0.6195E-01
0.1924 0.9305E-01
0.1579 0.1961
81.00 0.5879E-01
0.1974 0.7293E-01
0.1558 0.1897
82.00 0.5597E-01
0.2012 0.5361E-01
0.1542 0.1838
83.00 0.5344E-01
0.2040 0.3552E-01
0.1532 0.1784
84.00 0.5110E-01
0.2062 0.1899E-01
0.1527 0.1735
85.00 0.4887E-01
0.2079 0.4085E-02
0.1527 0.1694
86.00 0.4667E-01
0.2095 -0.9305E-02
0.1530 0.1658
87.00 0.4444E-01
0.2109 -0.2149E-01
0.1538 0.1629
88.00 0.4213E-01
0.2120 -0.3287E-01
0.1548 0.1606
89.00 0.3972E-01
0.2128 -0.4389E-01
0.1562 0.1589
90.00 0.3720E-01
0.2131 -0.5493E-01
0.1578 0.1576
91.00 0.3460E-01
0.2127 -0.6629E-01
0.1599 0.1565
92.00 0.3197E-01
0.2114 -0.7805E-01
0.1626 0.1555
93.00 0.2935E-01
0.2090 -0.9013E-01
0.1660 0.1545
94.00 0.2680E-01
0.2053 -0.1022
0.1703 0.1531
95.00 0.2438E-01
0.2003 -0.1136
0.1755 0.1513
96.00 0.2213E-01
0.1938 -0.1235
0.1816 0.1490
97.00 0.2007E-01
0.1862 -0.1311
0.1885 0.1462
98.00 0.1820E-01
0.1775 -0.1356
0.1959 0.1433
99.00 0.1651E-01
0.1681 -0.1365
0.2036 0.1405
100.0 0.1499E-01
0.1581 -0.1336
0.2113 0.1383
101.0 0.1362E-01
0.1472 -0.1272
0.2187 0.1368
102.0 0.1236E-01
0.1349 -0.1178
0.2253 0.1357
103.0 0.1122E-01
0.1204 -0.1064
0.2312 0.1344
104.0 0.1018E-01
0.1028 -0.9357E-01
0.2359 0.1319
105.0 0.9226E-02
0.8139E-01 -0.8003E-01
0.2392 0.1270
106.0 0.8369E-02
0.5606E-01 -0.6601E-01
0.2409 0.1183
107.0 0.7607E-02
0.2746E-01 -0.5127E-01
0.2405 0.1050
108.0 0.6938E-02
-0.2911E-02 -0.3512E-01
0.2376 0.8665E-01
109.0 0.6360E-02
-0.3277E-01 -0.1660E-01
0.2320 0.6407E-01
110.0 0.5864E-02
-0.5953E-01 0.5319E-02
0.2236 0.3902E-01
111.0 0.5437E-02
-0.8084E-01 0.3128E-01
0.2126 0.1411E-01
112.0 0.5064E-02
-0.9517E-01 0.6134E-01
0.1995 -0.7677E-02
113.0 0.4731E-02
-0.1022 0.9478E-01
0.1850 -0.2360E-01
114.0 0.4425E-02
-0.1027 0.1302
0.1698 -0.3155E-01
115.0 0.4138E-02
-0.9857E-01 0.1655
0.1545 -0.3038E-01
116.0 0.3868E-02
-0.9243E-01 0.1984
0.1394 -0.2006E-01
117.0 0.3618E-02
-0.8703E-01 0.2263
0.1248 -0.1775E-02
118.0 0.3394E-02
-0.8484E-01 0.2470
0.1106 0.2203E-01
119.0 0.3201E-02
-0.8723E-01 0.2595
0.9661E-01 0.4786E-01
120.0 0.3039E-02
-0.9394E-01 0.2641
0.8264E-01 0.7193E-01
121.0 0.2908E-02
-0.1030 0.2626
0.6840E-01 0.9108E-01
122.0 0.2802E-02
-0.1115 0.2579
0.5365E-01 0.1037
123.0 0.2714E-02
-0.1163 0.2530
0.3831E-01 0.1102
124.0 0.2639E-02
-0.1159 0.2502
0.2267E-01 0.1123
125.0 0.2572E-02
-0.1105 0.2505
0.7551E-02 0.1124
126.0 0.2514E-02
-0.1024 0.2534
-0.5606E-02 0.1131
127.0 0.2462E-02
-0.9525E-01 0.2577
-0.1495E-01 0.1159
128.0 0.2419E-02
-0.9335E-01 0.2615
-0.1858E-01 0.1214
129.0 0.2385E-02
-0.9994E-01 0.2632
-0.1512E-01 0.1293
130.0 0.2358E-02
-0.1163 0.2613
-0.4189E-02 0.1385
131.0 0.2336E-02
-0.1415 0.2555
0.1340E-01 0.1480
132.0 0.2317E-02
-0.1724 0.2457
0.3568E-01 0.1568
133.0 0.2298E-02
-0.2050 0.2327
0.5999E-01 0.1643
134.0 0.2273E-02
-0.2351 0.2175
0.8343E-01 0.1704
135.0 0.2241E-02
-0.2593 0.2011
0.1034 0.1753
136.0 0.2198E-02
-0.2757 0.1847
0.1182 0.1794
137.0 0.2143E-02
-0.2840 0.1686
0.1267 0.1831
138.0 0.2078E-02
-0.2855 0.1530
0.1291 0.1863
139.0 0.2006E-02
-0.2826 0.1371
0.1260 0.1888
140.0 0.1936E-02
-0.2791 0.1195
0.1189 0.1891
141.0 0.1879E-02
-0.2793 0.9936E-01
0.1099 0.1845
142.0 0.1847E-02
-0.2868 0.7658E-01
0.1010 0.1719
143.0 0.1848E-02
-0.3034 0.5332E-01
0.9432E-01 0.1484
144.0 0.1886E-02
-0.3277 0.3361E-01
0.9091E-01 0.1135
145.0 0.1954E-02
-0.3558 0.2198E-01
0.9052E-01 0.6920E-01
146.0 0.2038E-02
-0.3827 0.2181E-01
0.9193E-01 0.1954E-01
147.0 0.2118E-02
-0.4039 0.3463E-01
0.9363E-01 -0.3148E-01
148.0 0.2172E-02
-0.4165 0.6046E-01
0.9440E-01 -0.8084E-01
149.0 0.2184E-02
-0.4184 0.9842E-01
0.9356E-01 -0.1266
150.0 0.2146E-02
-0.4077 0.1471
0.9105E-01 -0.1677
151.0 0.2061E-02
-0.3820 0.2040
0.8746E-01 -0.2029
152.0 0.1946E-02
-0.3388 0.2643
0.8425E-01 -0.2308
153.0 0.1825E-02
-0.2759 0.3196
0.8393E-01 -0.2492
154.0 0.1727E-02
-0.1949 0.3568
0.8982E-01 -0.2558
155.0 0.1680E-02
-0.1041 0.3619
0.1047 -0.2496
156.0 0.1702E-02
-0.1850E-01 0.3289
0.1284 -0.2336
157.0 0.1800E-02
0.4699E-01 0.2661
0.1569 -0.2137
158.0 0.1966E-02
0.8606E-01 0.1923
0.1847 -0.1964
159.0 0.2177E-02
0.1022 0.1251
0.2075 -0.1852
160.0 0.2398E-02
0.1032 0.7417E-01
0.2241 -0.1806
161.0 0.2589E-02
0.9647E-01 0.4178E-01
0.2347 -0.1814
162.0 0.2710E-02
0.8684E-01 0.2676E-01
0.2403 -0.1863
163.0 0.2729E-02
0.7713E-01 0.2712E-01
0.2419 -0.1939
164.0 0.2630E-02
0.6876E-01 0.4151E-01
0.2396 -0.2034
165.0 0.2413E-02
0.6239E-01 0.6982E-01
0.2329 -0.2138
166.0 0.2102E-02
0.5827E-01 0.1134
0.2203 -0.2238
167.0 0.1738E-02
0.5624E-01 0.1747
0.1979 -0.2308
168.0 0.1372E-02
0.5520E-01 0.2551
0.1587 -0.2288
169.0 0.1061E-02
0.5190E-01 0.3459
0.9263E-01 -0.2055
170.0 0.8577E-03
0.3979E-01 0.4080
-0.3475E-02 -0.1447
171.0 0.7998E-03
0.1478E-01 0.3745
-0.9800E-01 -0.5217E-01
172.0 0.9060E-03
-0.1295E-01 0.2450
-0.1378 0.2390E-01
173.0 0.1172E-02
-0.2992E-01 0.1083
-0.1229 0.5309E-01
174.0 0.1570E-02
-0.3536E-01 0.1588E-01
-0.8972E-01 0.5094E-01
175.0 0.2056E-02
-0.3400E-01 -0.3587E-01
-0.5967E-01 0.3816E-01
176.0 0.2572E-02
-0.2929E-01 -0.6270E-01
-0.3762E-01 0.2467E-01
177.0 0.3056E-02
-0.2292E-01 -0.7602E-01
-0.2259E-01 0.1372E-01
178.0 0.3450E-02
-0.1567E-01 -0.8231E-01
-0.1254E-01 0.6003E-02
179.0 0.3708E-02
-0.7941E-02 -0.8500E-01
-0.5547E-02 0.1484E-02
180.0 0.3797E-02
0.000 -0.8574E-01
0.000 0.000
