0.000 0.2932E-01
0.000 0.1454
0.000 0.000
1.000 0.2937E-01
-0.4560E-01 0.1429
-0.6281E-02 -0.9750E-05
2.000 0.2953E-01
-0.9022E-01 0.1356
-0.1191E-01 -0.4389E-04
3.000 0.2980E-01
-0.1330 0.1241
-0.1630E-01 -0.1167E-03
4.000 0.3015E-01
-0.1732 0.1091
-0.1899E-01 -0.2511E-03
5.000 0.3058E-01
-0.2102 0.9155E-01
-0.1967E-01 -0.4767E-03
6.000 0.3107E-01
-0.2439 0.7256E-01
-0.1819E-01 -0.8286E-03
7.000 0.3160E-01
-0.2739 0.5310E-01
-0.1456E-01 -0.1345E-02
8.000 0.3216E-01
-0.3003 0.3407E-01
-0.8930E-02 -0.2065E-02
9.000 0.3273E-01
-0.3233 0.1621E-01
-0.1554E-02 -0.3028E-02
10.00 0.3330E-01
-0.3431 0.9466E-04
0.7247E-02 -0.4268E-02
11.00 0.3385E-01
-0.3599 -0.1390E-01
0.1711E-01 -0.5816E-02
12.00 0.3439E-01
-0.3740 -0.2556E-01
0.2767E-01 -0.7693E-02
13.00 0.3490E-01
-0.3857 -0.3481E-01
0.3856E-01 -0.9912E-02
14.00 0.3538E-01
-0.3951 -0.4172E-01
0.4943E-01 -0.1247E-01
15.00 0.3584E-01
-0.4025 -0.4642E-01
0.6000E-01 -0.1536E-01
16.00 0.3627E-01
-0.4081 -0.4914E-01
0.7001E-01 -0.1854E-01
17.00 0.3668E-01
-0.4120 -0.5010E-01
0.7928E-01 -0.2197E-01
18.00 0.3707E-01
-0.4144 -0.4958E-01
0.8766E-01 -0.2561E-01
19.00 0.3744E-01
-0.4154 -0.4782E-01
0.9507E-01 -0.2939E-01
20.00 0.3779E-01
-0.4152 -0.4503E-01
0.1015 -0.3323E-01
21.00 0.3812E-01
-0.4138 -0.4141E-01
0.1069 -0.3707E-01
22.00 0.3842E-01
-0.4114 -0.3709E-01
0.1113 -0.4085E-01
23.00 0.3868E-01
-0.4082 -0.3219E-01
0.1149 -0.4451E-01
24.00 0.3890E-01
-0.4043 -0.2677E-01
0.1175 -0.4800E-01
25.00 0.3908E-01
-0.3999 -0.2089E-01
0.1194 -0.5130E-01
26.00 0.3919E-01
-0.3951 -0.1460E-01
0.1206 -0.5440E-01
27.00 0.3923E-01
-0.3900 -0.7938E-02
0.1210 -0.5729E-01
28.00 0.3920E-01
-0.3849 -0.9519E-03
0.1208 -0.6001E-01
29.00 0.3907E-01
-0.3798 0.6287E-02
0.1200 -0.6257E-01
30.00 0.3885E-01
-0.3750 0.1369E-01
0.1186 -0.6504E-01
31.00 0.3853E-01
-0.3706 0.2115E-01
0.1166 -0.6747E-01
32.00 0.3810E-01
-0.3667 0.2854E-01
0.1140 -0.6991E-01
33.00 0.3756E-01
-0.3635 0.3572E-01
0.1109 -0.7244E-01
34.00 0.3691E-01
-0.3611 0.4252E-01
0.1073 -0.7512E-01
35.00 0.3614E-01
-0.3598 0.4880E-01
0.1031 -0.7801E-01
36.00 0.3527E-01
-0.3595 0.5440E-01
0.9847E-01 -0.8118E-01
37.00 0.3430E-01
-0.3605 0.5919E-01
0.9345E-01 -0.8468E-01
38.00 0.3324E-01
-0.3628 0.6303E-01
0.8809E-01 -0.8855E-01
39.00 0.3209E-01
-0.3666 0.6584E-01
0.8246E-01 -0.9282E-01
40.00 0.3087E-01
-0.3718 0.6753E-01
0.7664E-01 -0.9752E-01
41.00 0.2959E-01
-0.3785 0.6807E-01
0.7071E-01 -0.1026
42.00 0.2827E-01
-0.3867 0.6746E-01
0.6475E-01 -0.1082
43.00 0.2692E-01
-0.3962 0.6571E-01
0.5885E-01 -0.1140
44.00 0.2557E-01
-0.4069 0.6288E-01
0.5308E-01 -0.1201
45.00 0.2421E-01
-0.4185 0.5907E-01
0.4753E-01 -0.1264
46.00 0.2288E-01
-0.4307 0.5439E-01
0.4226E-01 -0.1328
47.00 0.2159E-01
-0.4430 0.4899E-01
0.3734E-01 -0.1389
48.00 0.2034E-01
-0.4548 0.4303E-01
0.3282E-01 -0.1447
49.00 0.1916E-01
-0.4655 0.3670E-01
0.2875E-01 -0.1499
50.00 0.1805E-01
-0.4743 0.3019E-01
0.2516E-01 -0.1542
51.00 0.1702E-01
-0.4806 0.2369E-01
0.2208E-01 -0.1575
52.00 0.1607E-01
-0.4835 0.1738E-01
0.1952E-01 -0.1594
53.00 0.1520E-01
-0.4824 0.1143E-01
0.1748E-01 -0.1598
54.00 0.1441E-01
-0.4769 0.5960E-02
0.1597E-01 -0.1585
55.00 0.1369E-01
-0.4666 0.1084E-02
0.1495E-01 -0.1555
56.00 0.1304E-01
-0.4517 -0.3137E-02
0.1440E-01 -0.1509
57.00 0.1246E-01
-0.4324 -0.6670E-02
0.1429E-01 -0.1448
58.00 0.1192E-01
-0.4091 -0.9510E-02
0.1459E-01 -0.1374
59.00 0.1143E-01
-0.3827 -0.1167E-01
0.1526E-01 -0.1288
60.00 0.1096E-01
-0.3538 -0.1317E-01
0.1626E-01 -0.1195
61.00 0.1052E-01
-0.3234 -0.1402E-01
0.1755E-01 -0.1097
62.00 0.1009E-01
-0.2922 -0.1425E-01
0.1911E-01 -0.9970E-01
63.00 0.9662E-02
-0.2611 -0.1384E-01
0.2088E-01 -0.8966E-01
64.00 0.9238E-02
-0.2306 -0.1277E-01
0.2285E-01 -0.7983E-01
65.00 0.8813E-02
-0.2012 -0.1103E-01
0.2497E-01 -0.7037E-01
66.00 0.8385E-02
-0.1733 -0.8581E-02
0.2722E-01 -0.6141E-01
67.00 0.7955E-02
-0.1470 -0.5386E-02
0.2955E-01 -0.5307E-01
68.00 0.7526E-02
-0.1224 -0.1427E-02
0.3192E-01 -0.4544E-01
69.00 0.7103E-02
-0.9933E-01 0.3293E-02
0.3429E-01 -0.3863E-01
70.00 0.6690E-02
-0.7754E-01 0.8731E-02
0.3660E-01 -0.3273E-01
71.00 0.6294E-02
-0.5668E-01 0.1480E-01
0.3879E-01 -0.2788E-01
72.00 0.5922E-02
-0.3628E-01 0.2133E-01
0.4079E-01 -0.2420E-01
73.00 0.5579E-02
-0.1582E-01 0.2809E-01
0.4255E-01 -0.2184E-01
74.00 0.5271E-02
0.5244E-02 0.3478E-01
0.4400E-01 -0.2094E-01
75.00 0.5003E-02
0.2739E-01 0.4102E-01
0.4508E-01 -0.2161E-01
76.00 0.4778E-02
0.5093E-01 0.4643E-01
0.4576E-01 -0.2390E-01
77.00 0.4598E-02
0.7594E-01 0.5065E-01
0.4603E-01 -0.2775E-01
78.00 0.4464E-02
0.1022 0.5338E-01
0.4589E-01 -0.3302E-01
79.00 0.4375E-02
0.1291 0.5451E-01
0.4540E-01 -0.3941E-01
80.00 0.4329E-02
0.1560 0.5407E-01
0.4461E-01 -0.4658E-01
81.00 0.4322E-02
0.1819 0.5223E-01
0.4359E-01 -0.5411E-01
82.00 0.4350E-02
0.2058 0.4933E-01
0.4240E-01 -0.6159E-01
83.00 0.4407E-02
0.2271 0.4570E-01
0.4109E-01 -0.6868E-01
84.00 0.4488E-02
0.2449 0.4172E-01
0.3968E-01 -0.7511E-01
85.00 0.4587E-02
0.2591 0.3766E-01
0.3819E-01 -0.8071E-01
86.00 0.4699E-02
0.2694 0.3374E-01
0.3661E-01 -0.8540E-01
87.00 0.4817E-02
0.2757 0.3007E-01
0.3493E-01 -0.8915E-01
88.00 0.4936E-02
0.2783 0.2666E-01
0.3314E-01 -0.9203E-01
89.00 0.5053E-02
0.2774 0.2346E-01
0.3125E-01 -0.9409E-01
90.00 0.5162E-02
0.2733 0.2038E-01
0.2924E-01 -0.9544E-01
91.00 0.5262E-02
0.2663 0.1728E-01
0.2714E-01 -0.9618E-01
92.00 0.5348E-02
0.2568 0.1402E-01
0.2498E-01 -0.9644E-01
93.00 0.5419E-02
0.2451 0.1046E-01
0.2280E-01 -0.9631E-01
94.00 0.5473E-02
0.2316 0.6474E-02
0.2067E-01 -0.9589E-01
95.00 0.5509E-02
0.2166 0.1995E-02
0.1864E-01 -0.9528E-01
96.00 0.5524E-02
0.2006 -0.3022E-02
0.1678E-01 -0.9455E-01
97.00 0.5517E-02
0.1837 -0.8571E-02
0.1517E-01 -0.9376E-01
98.00 0.5488E-02
0.1664 -0.1460E-01
0.1388E-01 -0.9297E-01
99.00 0.5434E-02
0.1488 -0.2101E-01
0.1297E-01 -0.9218E-01
100.0 0.5356E-02
0.1312 -0.2767E-01
0.1249E-01 -0.9143E-01
101.0 0.5251E-02
0.1138 -0.3441E-01
0.1247E-01 -0.9071E-01
102.0 0.5120E-02
0.9680E-01 -0.4106E-01
0.1296E-01 -0.9000E-01
103.0 0.4962E-02
0.8023E-01 -0.4741E-01
0.1394E-01 -0.8930E-01
104.0 0.4778E-02
0.6422E-01 -0.5326E-01
0.1543E-01 -0.8856E-01
105.0 0.4569E-02
0.4884E-01 -0.5844E-01
0.1741E-01 -0.8777E-01
106.0 0.4338E-02
0.3418E-01 -0.6274E-01
0.1983E-01 -0.8690E-01
107.0 0.4086E-02
0.2031E-01 -0.6602E-01
0.2264E-01 -0.8597E-01
108.0 0.3819E-02
0.7383E-02 -0.6812E-01
0.2579E-01 -0.8498E-01
109.0 0.3540E-02
-0.4422E-02 -0.6894E-01
0.2917E-01 -0.8401E-01
110.0 0.3256E-02
-0.1481E-01 -0.6838E-01
0.3268E-01 -0.8317E-01
111.0 0.2971E-02
-0.2336E-01 -0.6642E-01
0.3615E-01 -0.8266E-01
112.0 0.2692E-02
-0.2945E-01 -0.6305E-01
0.3937E-01 -0.8279E-01
113.0 0.2426E-02
-0.3225E-01 -0.5840E-01
0.4207E-01 -0.8399E-01
114.0 0.2179E-02
-0.3069E-01 -0.5265E-01
0.4389E-01 -0.8685E-01
115.0 0.1955E-02
-0.2350E-01 -0.4618E-01
0.4440E-01 -0.9210E-01
116.0 0.1759E-02
-0.9369E-02 -0.3949E-01
0.4311E-01 -0.1005
117.0 0.1595E-02
0.1270E-01 -0.3325E-01
0.3957E-01 -0.1128
118.0 0.1466E-02
0.4295E-01 -0.2818E-01
0.3351E-01 -0.1292
119.0 0.1371E-02
0.8032E-01 -0.2488E-01
0.2498E-01 -0.1494
120.0 0.1312E-02
0.1222 -0.2363E-01
0.1448E-01 -0.1721
121.0 0.1285E-02
0.1651 -0.2420E-01
0.2927E-02 -0.1952
122.0 0.1288E-02
0.2050 -0.2595E-01
-0.8586E-02 -0.2166
123.0 0.1317E-02
0.2391 -0.2799E-01
-0.1910E-01 -0.2344
124.0 0.1367E-02
0.2660 -0.2952E-01
-0.2800E-01 -0.2474
125.0 0.1433E-02
0.2858 -0.3003E-01
-0.3506E-01 -0.2556
126.0 0.1509E-02
0.2995 -0.2932E-01
-0.4038E-01 -0.2590
127.0 0.1591E-02
0.3085 -0.2751E-01
-0.4421E-01 -0.2586
128.0 0.1673E-02
0.3143 -0.2492E-01
-0.4683E-01 -0.2548
129.0 0.1750E-02
0.3181 -0.2196E-01
-0.4854E-01 -0.2485
130.0 0.1821E-02
0.3211 -0.1915E-01
-0.4954E-01 -0.2402
131.0 0.1882E-02
0.3240 -0.1701E-01
-0.4998E-01 -0.2304
132.0 0.1931E-02
0.3271 -0.1607E-01
-0.4996E-01 -0.2197
133.0 0.1969E-02
0.3310 -0.1681E-01
-0.4951E-01 -0.2083
134.0 0.1995E-02
0.3355 -0.1968E-01
-0.4865E-01 -0.1968
135.0 0.2010E-02
0.3407 -0.2502E-01
-0.4736E-01 -0.1854
136.0 0.2017E-02
0.3462 -0.3303E-01
-0.4564E-01 -0.1747
137.0 0.2016E-02
0.3516 -0.4374E-01
-0.4350E-01 -0.1651
138.0 0.2011E-02
0.3563 -0.5693E-01
-0.4097E-01 -0.1568
139.0 0.2003E-02
0.3597 -0.7218E-01
-0.3817E-01 -0.1504
140.0 0.1994E-02
0.3609 -0.8878E-01
-0.3527E-01 -0.1459
141.0 0.1985E-02
0.3592 -0.1058
-0.3249E-01 -0.1435
142.0 0.1978E-02
0.3539 -0.1224
-0.3013E-01 -0.1432
143.0 0.1974E-02
0.3445 -0.1372
-0.2854E-01 -0.1446
144.0 0.1972E-02
0.3307 -0.1495
-0.2807E-01 -0.1475
145.0 0.1972E-02
0.3122 -0.1584
-0.2908E-01 -0.1512
146.0 0.1974E-02
0.2892 -0.1634
-0.3188E-01 -0.1552
147.0 0.1976E-02
0.2619 -0.1643
-0.3675E-01 -0.1587
148.0 0.1979E-02
0.2308 -0.1612
-0.4386E-01 -0.1610
149.0 0.1982E-02
0.1965 -0.1546
-0.5332E-01 -0.1616
150.0 0.1983E-02
0.1598 -0.1452
-0.6512E-01 -0.1598
151.0 0.1983E-02
0.1216 -0.1339
-0.7915E-01 -0.1552
152.0 0.1982E-02
0.8282E-01 -0.1219
-0.9519E-01 -0.1475
153.0 0.1981E-02
0.4462E-01 -0.1103
-0.1129 -0.1366
154.0 0.1980E-02
0.8221E-02 -0.1004
-0.1317 -0.1224
155.0 0.1980E-02
-0.2505E-01 -0.9334E-01
-0.1511 -0.1053
156.0 0.1983E-02
-0.5386E-01 -0.9010E-01
-0.1702 -0.8568E-01
157.0 0.1991E-02
-0.7693E-01 -0.9142E-01
-0.1882 -0.6421E-01
158.0 0.2004E-02
-0.9320E-01 -0.9765E-01
-0.2044 -0.4175E-01
159.0 0.2025E-02
-0.1019 -0.1087
-0.2178 -0.1927E-01
160.0 0.2054E-02
-0.1027 -0.1242
-0.2277 0.2193E-02
161.0 0.2093E-02
-0.9595E-01 -0.1430
-0.2338 0.2169E-01
162.0 0.2141E-02
-0.8225E-01 -0.1639
-0.2357 0.3839E-01
163.0 0.2200E-02
-0.6288E-01 -0.1857
-0.2335 0.5174E-01
164.0 0.2267E-02
-0.3940E-01 -0.2068
-0.2275 0.6141E-01
165.0 0.2344E-02
-0.1357E-01 -0.2261
-0.2182 0.6740E-01
166.0 0.2427E-02
0.1287E-01 -0.2426
-0.2062 0.6990E-01
167.0 0.2517E-02
0.3828E-01 -0.2557
-0.1922 0.6932E-01
168.0 0.2610E-02
0.6126E-01 -0.2651
-0.1768 0.6617E-01
169.0 0.2705E-02
0.8069E-01 -0.2708
-0.1606 0.6101E-01
170.0 0.2800E-02
0.9574E-01 -0.2732
-0.1440 0.5442E-01
171.0 0.2892E-02
0.1059 -0.2725
-0.1275 0.4694E-01
172.0 0.2980E-02
0.1109 -0.2695
-0.1113 0.3906E-01
173.0 0.3062E-02
0.1107 -0.2648
-0.9555E-01 0.3120E-01
174.0 0.3137E-02
0.1055 -0.2590
-0.8039E-01 0.2372E-01
175.0 0.3202E-02
0.9570E-01 -0.2528
-0.6585E-01 0.1693E-01
176.0 0.3257E-02
0.8182E-01 -0.2468
-0.5188E-01 0.1107E-01
177.0 0.3300E-02
0.6451E-01 -0.2415
-0.3843E-01 0.6331E-02
178.0 0.3332E-02
0.4453E-01 -0.2375
-0.2538E-01 0.2846E-02
179.0 0.3351E-02
0.2273E-01 -0.2349
-0.1262E-01 0.7162E-03
180.0 0.3357E-02
0.000 -0.2340
0.000 0.000
