0.000 2.822
0.000 -0.4180E-01
0.000 0.000
1.000 2.866
0.1677 -0.4347E-01
0.1093E-01 -0.5239E-02
2.000 2.970
0.3017 -0.4739E-01
0.1798E-01 -0.1838E-01
3.000 3.060
0.3904 -0.5101E-01
0.1939E-01 -0.3419E-01
4.000 3.061
0.4404 -0.5123E-01
0.1521E-01 -0.4844E-01
5.000 2.934
0.4614 -0.4433E-01
0.5936E-02 -0.5877E-01
6.000 2.696
0.4577 -0.2565E-01
-0.7923E-02 -0.6383E-01
7.000 2.406
0.4263 0.9359E-02
-0.2514E-01 -0.6259E-01
8.000 2.126
0.3629 0.6150E-01
-0.4257E-01 -0.5478E-01
9.000 1.894
0.2712 0.1232
-0.5512E-01 -0.4197E-01
10.00 1.704
0.1677 0.1803
-0.5837E-01 -0.2752E-01
11.00 1.518
0.7228E-01 0.2207
-0.5134E-01 -0.1455E-01
12.00 1.295
-0.3810E-02 0.2407
-0.3574E-01 -0.4223E-02
13.00 1.019
-0.5941E-01 0.2418
-0.1317E-01 0.3978E-02
14.00 0.7113
-0.9712E-01 0.2234
0.1666E-01 0.1079E-01
15.00 0.4204
-0.1148 0.1731
0.5531E-01 0.1491E-01
16.00 0.2003
-0.8448E-01 0.4115E-01
0.9222E-01 0.3103E-02
17.00 0.8735E-01
0.1082 -0.2672
-0.5891E-02 -0.9251E-01
18.00 0.8651E-01
0.2528 -0.2461
-0.3281 -0.2103
19.00 0.1727
0.1095 0.3567E-01
-0.3368 -0.1618
20.00 0.3033
0.1817E-01 0.1515
-0.2743 -0.1188
21.00 0.4343
-0.2266E-01 0.1952
-0.2270 -0.9676E-01
22.00 0.5337
-0.3463E-01 0.2107
-0.1913 -0.8688E-01
23.00 0.5869
-0.2429E-01 0.2107
-0.1604 -0.8533E-01
24.00 0.5953
0.8661E-02 0.1978
-0.1295 -0.9092E-01
25.00 0.5713
0.6703E-01 0.1712
-0.9513E-01 -0.1034
26.00 0.5310
0.1526 0.1298
-0.5588E-01 -0.1220
27.00 0.4891
0.2618 0.7526E-01
-0.1282E-01 -0.1441
28.00 0.4562
0.3816 0.1480E-01
0.2946E-01 -0.1647
29.00 0.4377
0.4906 -0.3909E-01
0.6405E-01 -0.1777
30.00 0.4345
0.5681 -0.7391E-01
0.8517E-01 -0.1787
31.00 0.4441
0.6042 -0.8374E-01
0.9154E-01 -0.1681
32.00 0.4621
0.6029 -0.7097E-01
0.8638E-01 -0.1493
33.00 0.4827
0.5756 -0.4270E-01
0.7480E-01 -0.1271
34.00 0.5003
0.5344 -0.6315E-02
0.6140E-01 -0.1048
35.00 0.5101
0.4887 0.3280E-01
0.4934E-01 -0.8406E-01
36.00 0.5088
0.4439 0.7154E-01
0.4044E-01 -0.6530E-01
37.00 0.4955
0.4029 0.1084
0.3566E-01 -0.4796E-01
38.00 0.4715
0.3664 0.1428
0.3552E-01 -0.3109E-01
39.00 0.4395
0.3343 0.1742
0.4031E-01 -0.1364E-01
40.00 0.4035
0.3057 0.2020
0.5014E-01 0.5380E-02
41.00 0.3671
0.2797 0.2247
0.6481E-01 0.2666E-01
42.00 0.3331
0.2560 0.2409
0.8363E-01 0.5040E-01
43.00 0.3037
0.2347 0.2487
0.1053 0.7609E-01
44.00 0.2795
0.2166 0.2473
0.1280 0.1026
45.00 0.2606
0.2025 0.2368
0.1496 0.1286
46.00 0.2461
0.1930 0.2194
0.1684 0.1524
47.00 0.2350
0.1878 0.1978
0.1836 0.1733
48.00 0.2262
0.1860 0.1756
0.1949 0.1907
49.00 0.2185
0.1863 0.1553
0.2028 0.2049
50.00 0.2110
0.1870 0.1389
0.2078 0.2162
51.00 0.2032
0.1871 0.1270
0.2105 0.2250
52.00 0.1945
0.1859 0.1193
0.2114 0.2318
53.00 0.1847
0.1829 0.1150
0.2111 0.2370
54.00 0.1738
0.1785 0.1128
0.2098 0.2411
55.00 0.1619
0.1732 0.1117
0.2081 0.2446
56.00 0.1493
0.1676 0.1108
0.2064 0.2477
57.00 0.1363
0.1626 0.1097
0.2052 0.2506
58.00 0.1234
0.1586 0.1081
0.2045 0.2536
59.00 0.1112
0.1560 0.1061
0.2043 0.2563
60.00 0.1000
0.1543 0.1035
0.2039 0.2584
61.00 0.9037E-01
0.1526 0.1002
0.2026 0.2591
62.00 0.8234E-01
0.1499 0.9573E-01
0.1993 0.2579
63.00 0.7591E-01
0.1450 0.9015E-01
0.1937 0.2547
64.00 0.7086E-01
0.1376 0.8373E-01
0.1857 0.2501
65.00 0.6692E-01
0.1279 0.7710E-01
0.1755 0.2449
66.00 0.6379E-01
0.1166 0.7094E-01
0.1638 0.2400
67.00 0.6122E-01
0.1042 0.6559E-01
0.1506 0.2361
68.00 0.5901E-01
0.9090E-01 0.6087E-01
0.1363 0.2334
69.00 0.5701E-01
0.7676E-01 0.5610E-01
0.1211 0.2317
70.00 0.5504E-01
0.6182E-01 0.5043E-01
0.1054 0.2309
71.00 0.5297E-01
0.4636E-01 0.4319E-01
0.8987E-01 0.2307
72.00 0.5069E-01
0.3083E-01 0.3421E-01
0.7524E-01 0.2311
73.00 0.4816E-01
0.1568E-01 0.2377E-01
0.6196E-01 0.2319
74.00 0.4539E-01
0.1056E-02 0.1254E-01
0.5017E-01 0.2328
75.00 0.4248E-01
-0.1346E-01 0.1209E-02
0.3965E-01 0.2333
76.00 0.3958E-01
-0.2894E-01 -0.9783E-02
0.2993E-01 0.2327
77.00 0.3682E-01
-0.4698E-01 -0.2050E-01
0.2045E-01 0.2299
78.00 0.3432E-01
-0.6916E-01 -0.3151E-01
0.1084E-01 0.2238
79.00 0.3214E-01
-0.9643E-01 -0.4373E-01
0.1097E-02 0.2138
80.00 0.3028E-01
-0.1286 -0.5799E-01
-0.8357E-02 0.1999
81.00 0.2870E-01
-0.1643 -0.7468E-01
-0.1686E-01 0.1829
82.00 0.2731E-01
-0.2015 -0.9354E-01
-0.2374E-01 0.1641
83.00 0.2607E-01
-0.2380 -0.1138
-0.2854E-01 0.1450
84.00 0.2492E-01
-0.2720 -0.1342
-0.3109E-01 0.1267
85.00 0.2384E-01
-0.3022 -0.1537
-0.3150E-01 0.1101
86.00 0.2283E-01
-0.3281 -0.1714
-0.3003E-01 0.9551E-01
87.00 0.2188E-01
-0.3498 -0.1869
-0.2701E-01 0.8296E-01
88.00 0.2098E-01
-0.3676 -0.2002
-0.2272E-01 0.7220E-01
89.00 0.2012E-01
-0.3817 -0.2115
-0.1730E-01 0.6282E-01
90.00 0.1931E-01
-0.3920 -0.2211
-0.1082E-01 0.5433E-01
91.00 0.1853E-01
-0.3985 -0.2291
-0.3284E-02 0.4631E-01
92.00 0.1777E-01
-0.4008 -0.2359
0.5324E-02 0.3844E-01
93.00 0.1705E-01
-0.3986 -0.2416
0.1498E-01 0.3047E-01
94.00 0.1636E-01
-0.3919 -0.2464
0.2562E-01 0.2222E-01
95.00 0.1569E-01
-0.3810 -0.2505
0.3712E-01 0.1352E-01
96.00 0.1506E-01
-0.3664 -0.2544
0.4931E-01 0.4293E-02
97.00 0.1444E-01
-0.3495 -0.2582
0.6207E-01 -0.5423E-02
98.00 0.1382E-01
-0.3315 -0.2622
0.7533E-01 -0.1545E-01
99.00 0.1319E-01
-0.3141 -0.2666
0.8913E-01 -0.2551E-01
100.0 0.1253E-01
-0.2981 -0.2713
0.1036 -0.3531E-01
101.0 0.1183E-01
-0.2843 -0.2759
0.1187 -0.4462E-01
102.0 0.1112E-01
-0.2727 -0.2797
0.1345 -0.5320E-01
103.0 0.1041E-01
-0.2629 -0.2821
0.1506 -0.6087E-01
104.0 0.9742E-02
-0.2545 -0.2823
0.1665 -0.6743E-01
105.0 0.9128E-02
-0.2468 -0.2796
0.1818 -0.7275E-01
106.0 0.8597E-02
-0.2389 -0.2735
0.1956 -0.7681E-01
107.0 0.8160E-02
-0.2298 -0.2637
0.2076 -0.7980E-01
108.0 0.7815E-02
-0.2183 -0.2500
0.2176 -0.8213E-01
109.0 0.7546E-02
-0.2035 -0.2327
0.2258 -0.8442E-01
110.0 0.7325E-02
-0.1844 -0.2124
0.2328 -0.8725E-01
111.0 0.7121E-02
-0.1611 -0.1903
0.2391 -0.9102E-01
112.0 0.6908E-02
-0.1339 -0.1675
0.2450 -0.9575E-01
113.0 0.6665E-02
-0.1045 -0.1450
0.2507 -0.1011
114.0 0.6378E-02
-0.7520E-01 -0.1240
0.2562 -0.1064
115.0 0.6041E-02
-0.4872E-01 -0.1054
0.2618 -0.1109
116.0 0.5651E-02
-0.2770E-01 -0.8971E-01
0.2680 -0.1139
117.0 0.5215E-02
-0.1402E-01 -0.7696E-01
0.2753 -0.1152
118.0 0.4747E-02
-0.8465E-02 -0.6656E-01
0.2841 -0.1147
119.0 0.4264E-02
-0.1058E-01 -0.5753E-01
0.2948 -0.1127
120.0 0.3789E-02
-0.1874E-01 -0.4876E-01
0.3068 -0.1097
121.0 0.3338E-02
-0.3038E-01 -0.3952E-01
0.3196 -0.1059
122.0 0.2929E-02
-0.4250E-01 -0.2980E-01
0.3316 -0.1012
123.0 0.2575E-02
-0.5198E-01 -0.2042E-01
0.3413 -0.9541E-01
124.0 0.2284E-02
-0.5606E-01 -0.1271E-01
0.3466 -0.8878E-01
125.0 0.2061E-02
-0.5249E-01 -0.7751E-02
0.3462 -0.8220E-01
126.0 0.1902E-02
-0.3977E-01 -0.5618E-02
0.3406 -0.7744E-01
127.0 0.1793E-02
-0.1714E-01 -0.5107E-02
0.3319 -0.7648E-01
128.0 0.1719E-02
0.1550E-01 -0.4281E-02
0.3229 -0.8035E-01
129.0 0.1665E-02
0.5741E-01 -0.1315E-02
0.3154 -0.8855E-01
130.0 0.1619E-02
0.1067 0.4963E-02
0.3095 -0.9897E-01
131.0 0.1573E-02
0.1598 0.1495E-01
0.3042 -0.1084
132.0 0.1522E-02
0.2126 0.2842E-01
0.2979 -0.1133
133.0 0.1461E-02
0.2607 0.4470E-01
0.2893 -0.1109
134.0 0.1389E-02
0.3003 0.6288E-01
0.2774 -0.9939E-01
135.0 0.1308E-02
0.3288 0.8171E-01
0.2613 -0.7903E-01
136.0 0.1222E-02
0.3442 0.9940E-01
0.2407 -0.5201E-01
137.0 0.1134E-02
0.3460 0.1135
0.2166 -0.2236E-01
138.0 0.1043E-02
0.3355 0.1210
0.1910 0.4822E-02
139.0 0.9482E-03
0.3152 0.1190
0.1673 0.2452E-01
140.0 0.8516E-03
0.2874 0.1050
0.1491 0.3232E-01
141.0 0.7580E-03
0.2541 0.7833E-01
0.1402 0.2447E-01
142.0 0.6757E-03
0.2182 0.4228E-01
0.1437 -0.1480E-02
143.0 0.6130E-03
0.1865 0.5556E-02
0.1608 -0.4461E-01
144.0 0.5763E-03
0.1711 -0.1946E-01
0.1875 -0.9851E-01
145.0 0.5700E-03
0.1844 -0.2410E-01
0.2140 -0.1521
146.0 0.5968E-03
0.2297 -0.1062E-01
0.2282 -0.1945
147.0 0.6581E-03
0.2959 0.9213E-02
0.2236 -0.2199
148.0 0.7510E-03
0.3649 0.2359E-01
0.2024 -0.2290
149.0 0.8660E-03
0.4239 0.2745E-01
0.1724 -0.2260
150.0 0.9883E-03
0.4688 0.2155E-01
0.1405 -0.2149
151.0 0.1101E-02
0.5003 0.8592E-02
0.1105 -0.1980
152.0 0.1193E-02
0.5195 -0.9181E-02
0.8382E-01 -0.1762
153.0 0.1256E-02
0.5260 -0.3037E-01
0.6039E-01 -0.1506
154.0 0.1290E-02
0.5180 -0.5418E-01
0.3994E-01 -0.1225
155.0 0.1298E-02
0.4938 -0.8010E-01
0.2216E-01 -0.9433E-01
156.0 0.1284E-02
0.4522 -0.1077
0.6718E-02 -0.6879E-01
157.0 0.1252E-02
0.3925 -0.1361
-0.6662E-02 -0.4887E-01
158.0 0.1209E-02
0.3152 -0.1636
-0.1807E-01 -0.3753E-01
159.0 0.1163E-02
0.2234 -0.1868
-0.2728E-01 -0.3739E-01
160.0 0.1119E-02
0.1250 -0.2017
-0.3380E-01 -0.5028E-01
161.0 0.1077E-02
0.3274E-01 -0.2051
-0.3710E-01 -0.7703E-01
162.0 0.1038E-02
-0.3742E-01 -0.1950
-0.3672E-01 -0.1177
163.0 0.1002E-02
-0.6781E-01 -0.1719
-0.3224E-01 -0.1716
164.0 0.9764E-03
-0.4197E-01 -0.1381
-0.2325E-01 -0.2362
165.0 0.9701E-03
0.4877E-01 -0.9827E-01
-0.9822E-02 -0.3041
166.0 0.9936E-03
0.1956 -0.5962E-01
0.6868E-02 -0.3632
167.0 0.1055E-02
0.3692 -0.2922E-01
0.2434E-01 -0.3999
168.0 0.1163E-02
0.5295 -0.1137E-01
0.3953E-01 -0.4059
169.0 0.1324E-02
0.6421 -0.6379E-02
0.4993E-01 -0.3812
170.0 0.1547E-02
0.6908 -0.1156E-01
0.5445E-01 -0.3337
171.0 0.1837E-02
0.6799 -0.2306E-01
0.5362E-01 -0.2751
172.0 0.2187E-02
0.6267 -0.3741E-01
0.4904E-01 -0.2159
173.0 0.2583E-02
0.5505 -0.5221E-01
0.4245E-01 -0.1622
174.0 0.3000E-02
0.4655 -0.6609E-01
0.3518E-01 -0.1166
175.0 0.3413E-02
0.3797 -0.7830E-01
0.2801E-01 -0.7918E-01
176.0 0.3799E-02
0.2966 -0.8834E-01
0.2130E-01 -0.4957E-01
177.0 0.4136E-02
0.2173 -0.9596E-01
0.1521E-01 -0.2730E-01
178.0 0.4403E-02
0.1421 -0.1012
0.9728E-02 -0.1190E-01
179.0 0.4575E-02
0.7013E-01 -0.1041
0.4730E-02 -0.2936E-02
180.0 0.4635E-02
0.000 -0.1051
0.000 0.000
