0.000 0.6062E-02
0.000 -0.5191
0.000 0.000
1.000 0.6166E-02
-0.5619E-01 -0.5217
-0.3207E-01 -0.9279E-03
2.000 0.6454E-02
-0.9156E-01 -0.5278
-0.5582E-01 -0.3572E-02
3.000 0.6856E-02
-0.9709E-01 -0.5338
-0.6746E-01 -0.7591E-02
4.000 0.7278E-02
-0.7667E-01 -0.5362
-0.6817E-01 -0.1258E-01
5.000 0.7621E-02
-0.4064E-01 -0.5332
-0.6177E-01 -0.1815E-01
6.000 0.7806E-02
0.2170E-03 -0.5245
-0.5240E-01 -0.2386E-01
7.000 0.7783E-02
0.3750E-01 -0.5109
-0.4358E-01 -0.2923E-01
8.000 0.7540E-02
0.6567E-01 -0.4935
-0.3795E-01 -0.3365E-01
9.000 0.7098E-02
0.8168E-01 -0.4740
-0.3739E-01 -0.3638E-01
10.00 0.6498E-02
0.8435E-01 -0.4540
-0.4312E-01 -0.3668E-01
11.00 0.5796E-02
0.7388E-01 -0.4355
-0.5566E-01 -0.3395E-01
12.00 0.5049E-02
0.5137E-01 -0.4204
-0.7473E-01 -0.2812E-01
13.00 0.4310E-02
0.1867E-01 -0.4104
-0.9899E-01 -0.2012E-01
14.00 0.3626E-02
-0.2157E-01 -0.4075
-0.1257 -0.1259E-01
15.00 0.3031E-02
-0.6555E-01 -0.4130
-0.1506 -0.1028E-01
16.00 0.2546E-02
-0.1080 -0.4272
-0.1676 -0.1959E-01
17.00 0.2179E-02
-0.1426 -0.4492
-0.1712 -0.4618E-01
18.00 0.1922E-02
-0.1645 -0.4755
-0.1587 -0.9090E-01
19.00 0.1760E-02
-0.1730 -0.5016
-0.1331 -0.1471
20.00 0.1668E-02
-0.1721 -0.5239
-0.1020 -0.2029
21.00 0.1621E-02
-0.1683 -0.5406
-0.7369E-01 -0.2480
22.00 0.1594E-02
-0.1671 -0.5518
-0.5298E-01 -0.2773
23.00 0.1570E-02
-0.1715 -0.5585
-0.4102E-01 -0.2912
24.00 0.1536E-02
-0.1829 -0.5621
-0.3648E-01 -0.2930
25.00 0.1482E-02
-0.2020 -0.5635
-0.3714E-01 -0.2864
26.00 0.1408E-02
-0.2290 -0.5638
-0.4078E-01 -0.2747
27.00 0.1315E-02
-0.2639 -0.5641
-0.4568E-01 -0.2601
28.00 0.1205E-02
-0.3059 -0.5651
-0.5081E-01 -0.2446
29.00 0.1085E-02
-0.3533 -0.5678
-0.5580E-01 -0.2297
30.00 0.9613E-03
-0.4032 -0.5722
-0.6084E-01 -0.2165
31.00 0.8393E-03
-0.4515 -0.5783
-0.6649E-01 -0.2060
32.00 0.7248E-03
-0.4934 -0.5853
-0.7332E-01 -0.1992
33.00 0.6222E-03
-0.5244 -0.5921
-0.8166E-01 -0.1962
34.00 0.5338E-03
-0.5412 -0.5971
-0.9151E-01 -0.1969
35.00 0.4606E-03
-0.5436 -0.5998
-0.1027 -0.2002
36.00 0.4014E-03
-0.5354 -0.6006
-0.1151 -0.2048
37.00 0.3542E-03
-0.5231 -0.6018
-0.1294 -0.2094
38.00 0.3164E-03
-0.5130 -0.6063
-0.1462 -0.2132
39.00 0.2862E-03
-0.5074 -0.6165
-0.1656 -0.2170
40.00 0.2624E-03
-0.5029 -0.6321
-0.1862 -0.2223
41.00 0.2445E-03
-0.4917 -0.6495
-0.2048 -0.2306
42.00 0.2324E-03
-0.4655 -0.6627
-0.2171 -0.2425
43.00 0.2255E-03
-0.4205 -0.6663
-0.2198 -0.2563
44.00 0.2224E-03
-0.3605 -0.6580
-0.2121 -0.2691
45.00 0.2215E-03
-0.2932 -0.6397
-0.1958 -0.2778
46.00 0.2208E-03
-0.2268 -0.6153
-0.1740 -0.2808
47.00 0.2189E-03
-0.1661 -0.5889
-0.1497 -0.2780
48.00 0.2152E-03
-0.1130 -0.5634
-0.1251 -0.2704
49.00 0.2098E-03
-0.6724E-01 -0.5402
-0.1016 -0.2598
50.00 0.2034E-03
-0.2840E-01 -0.5206
-0.8072E-01 -0.2477
51.00 0.1967E-03
0.3732E-02 -0.5055
-0.6341E-01 -0.2354
52.00 0.1900E-03
0.2881E-01 -0.4960
-0.5030E-01 -0.2237
53.00 0.1836E-03
0.4642E-01 -0.4932
-0.4129E-01 -0.2126
54.00 0.1770E-03
0.5649E-01 -0.4976
-0.3548E-01 -0.2016
55.00 0.1698E-03
0.5945E-01 -0.5086
-0.3148E-01 -0.1903
56.00 0.1615E-03
0.5594E-01 -0.5251
-0.2770E-01 -0.1782
57.00 0.1522E-03
0.4647E-01 -0.5454
-0.2269E-01 -0.1653
58.00 0.1417E-03
0.3103E-01 -0.5676
-0.1524E-01 -0.1518
59.00 0.1304E-03
0.9215E-02 -0.5899
-0.4437E-02 -0.1382
60.00 0.1188E-03
-0.1957E-01 -0.6113
0.1051E-01 -0.1250
61.00 0.1074E-03
-0.5545E-01 -0.6310
0.3028E-01 -0.1126
62.00 0.9649E-04
-0.9742E-01 -0.6486
0.5543E-01 -0.1020
63.00 0.8654E-04
-0.1428 -0.6638
0.8614E-01 -0.9420E-01
64.00 0.7775E-04
-0.1874 -0.6758
0.1219 -0.9061E-01
65.00 0.7024E-04
-0.2261 -0.6840
0.1610 -0.9266E-01
66.00 0.6395E-04
-0.2545 -0.6876
0.2009 -0.1011
67.00 0.5874E-04
-0.2707 -0.6865
0.2384 -0.1156
68.00 0.5437E-04
-0.2760 -0.6817
0.2709 -0.1344
69.00 0.5057E-04
-0.2737 -0.6748
0.2971 -0.1553
70.00 0.4709E-04
-0.2686 -0.6674
0.3169 -0.1758
71.00 0.4377E-04
-0.2646 -0.6609
0.3313 -0.1944
72.00 0.4050E-04
-0.2643 -0.6556
0.3418 -0.2101
73.00 0.3726E-04
-0.2694 -0.6515
0.3497 -0.2228
74.00 0.3408E-04
-0.2802 -0.6479
0.3561 -0.2331
75.00 0.3103E-04
-0.2969 -0.6441
0.3619 -0.2417
76.00 0.2815E-04
-0.3191 -0.6391
0.3677 -0.2496
77.00 0.2550E-04
-0.3464 -0.6322
0.3739 -0.2576
78.00 0.2310E-04
-0.3777 -0.6227
0.3809 -0.2661
79.00 0.2095E-04
-0.4116 -0.6100
0.3888 -0.2757
80.00 0.1902E-04
-0.4456 -0.5935
0.3975 -0.2864
81.00 0.1728E-04
-0.4772 -0.5729
0.4065 -0.2983
82.00 0.1569E-04
-0.5037 -0.5484
0.4146 -0.3112
83.00 0.1421E-04
-0.5230 -0.5207
0.4209 -0.3245
84.00 0.1281E-04
-0.5341 -0.4907
0.4239 -0.3375
85.00 0.1148E-04
-0.5362 -0.4600
0.4228 -0.3492
86.00 0.1024E-04
-0.5293 -0.4296
0.4169 -0.3589
87.00 0.9093E-05
-0.5134 -0.4006
0.4060 -0.3663
88.00 0.8057E-05
-0.4891 -0.3732
0.3904 -0.3716
89.00 0.7136E-05
-0.4577 -0.3474
0.3708 -0.3754
90.00 0.6323E-05
-0.4212 -0.3223
0.3485 -0.3786
91.00 0.5599E-05
-0.3823 -0.2971
0.3248 -0.3817
92.00 0.4944E-05
-0.3434 -0.2713
0.3007 -0.3853
93.00 0.4341E-05
-0.3061 -0.2448
0.2764 -0.3892
94.00 0.3780E-05
-0.2713 -0.2187
0.2510 -0.3928
95.00 0.3262E-05
-0.2389 -0.1945
0.2230 -0.3948
96.00 0.2794E-05
-0.2091 -0.1746
0.1904 -0.3930
97.00 0.2386E-05
-0.1819 -0.1617
0.1512 -0.3851
98.00 0.2046E-05
-0.1576 -0.1581
0.1037 -0.3696
99.00 0.1781E-05
-0.1366 -0.1641
0.4710E-01 -0.3461
100.0 0.1592E-05
-0.1201 -0.1768
-0.1837E-01 -0.3162
101.0 0.1474E-05
-0.1106 -0.1899
-0.9025E-01 -0.2828
102.0 0.1422E-05
-0.1111 -0.1954
-0.1638 -0.2501
103.0 0.1426E-05
-0.1235 -0.1872
-0.2329 -0.2221
104.0 0.1476E-05
-0.1465 -0.1630
-0.2922 -0.2017
105.0 0.1560E-05
-0.1751 -0.1244
-0.3390 -0.1901
106.0 0.1667E-05
-0.2030 -0.7498E-01
-0.3726 -0.1868
107.0 0.1785E-05
-0.2246 -0.1896E-01
-0.3938 -0.1905
108.0 0.1910E-05
-0.2368 0.3910E-01
-0.4033 -0.2002
109.0 0.2039E-05
-0.2393 0.9463E-01
-0.4019 -0.2156
110.0 0.2170E-05
-0.2352 0.1434
-0.3907 -0.2357
111.0 0.2303E-05
-0.2293 0.1824
-0.3722 -0.2590
112.0 0.2434E-05
-0.2277 0.2102
-0.3494 -0.2831
113.0 0.2552E-05
-0.2353 0.2273
-0.3258 -0.3052
114.0 0.2649E-05
-0.2558 0.2350
-0.3045 -0.3235
115.0 0.2715E-05
-0.2905 0.2345
-0.2875 -0.3369
116.0 0.2750E-05
-0.3391 0.2261
-0.2754 -0.3455
117.0 0.2764E-05
-0.3986 0.2095
-0.2683 -0.3494
118.0 0.2772E-05
-0.4629 0.1839
-0.2646 -0.3492
119.0 0.2793E-05
-0.5224 0.1497
-0.2620 -0.3460
120.0 0.2842E-05
-0.5656 0.1092
-0.2578 -0.3417
121.0 0.2924E-05
-0.5828 0.6680E-01
-0.2501 -0.3387
122.0 0.3032E-05
-0.5702 0.2818E-01
-0.2382 -0.3390
123.0 0.3148E-05
-0.5307 -0.1816E-02
-0.2232 -0.3439
124.0 0.3245E-05
-0.4720 -0.2018E-01
-0.2067 -0.3535
125.0 0.3298E-05
-0.4042 -0.2583E-01
-0.1904 -0.3674
126.0 0.3288E-05
-0.3374 -0.1909E-01
-0.1753 -0.3853
127.0 0.3208E-05
-0.2817 -0.1245E-02
-0.1621 -0.4068
128.0 0.3064E-05
-0.2468 0.2560E-01
-0.1513 -0.4311
129.0 0.2875E-05
-0.2422 0.5836E-01
-0.1429 -0.4572
130.0 0.2663E-05
-0.2753 0.9264E-01
-0.1366 -0.4830
131.0 0.2459E-05
-0.3482 0.1226
-0.1319 -0.5060
132.0 0.2287E-05
-0.4536 0.1417
-0.1285 -0.5235
133.0 0.2171E-05
-0.5709 0.1447
-0.1262 -0.5338
134.0 0.2120E-05
-0.6709 0.1308
-0.1261 -0.5368
135.0 0.2134E-05
-0.7286 0.1051
-0.1291 -0.5341
136.0 0.2199E-05
-0.7353 0.7590E-01
-0.1362 -0.5282
137.0 0.2290E-05
-0.6992 0.5060E-01
-0.1472 -0.5215
138.0 0.2377E-05
-0.6364 0.3306E-01
-0.1613 -0.5155
139.0 0.2428E-05
-0.5613 0.2395E-01
-0.1776 -0.5106
140.0 0.2423E-05
-0.4827 0.2224E-01
-0.1947 -0.5061
141.0 0.2352E-05
-0.4035 0.2639E-01
-0.2108 -0.5009
142.0 0.2225E-05
-0.3227 0.3478E-01
-0.2232 -0.4941
143.0 0.2067E-05
-0.2379 0.4554E-01
-0.2278 -0.4856
144.0 0.1915E-05
-0.1494 0.5610E-01
-0.2201 -0.4769
145.0 0.1805E-05
-0.6444E-01 0.6292E-01
-0.1981 -0.4713
146.0 0.1767E-05
0.3582E-03 0.6244E-01
-0.1667 -0.4720
147.0 0.1814E-05
0.2704E-01 0.5305E-01
-0.1376 -0.4795
148.0 0.1939E-05
0.8562E-02 0.3604E-01
-0.1230 -0.4908
149.0 0.2123E-05
-0.4800E-01 0.1415E-01
-0.1282 -0.5013
150.0 0.2336E-05
-0.1292 -0.1045E-01
-0.1515 -0.5074
151.0 0.2545E-05
-0.2225 -0.3675E-01
-0.1877 -0.5072
152.0 0.2724E-05
-0.3190 -0.6458E-01
-0.2310 -0.4992
153.0 0.2857E-05
-0.4113 -0.9412E-01
-0.2757 -0.4824
154.0 0.2940E-05
-0.4920 -0.1256
-0.3159 -0.4561
155.0 0.2980E-05
-0.5519 -0.1591
-0.3446 -0.4208
156.0 0.2997E-05
-0.5794 -0.1941
-0.3546 -0.3783
157.0 0.3014E-05
-0.5629 -0.2289
-0.3395 -0.3326
158.0 0.3056E-05
-0.4950 -0.2613
-0.2965 -0.2892
159.0 0.3144E-05
-0.3788 -0.2883
-0.2286 -0.2546
160.0 0.3290E-05
-0.2302 -0.3078
-0.1455 -0.2344
161.0 0.3496E-05
-0.7473E-01 -0.3199
-0.6069E-01 -0.2308
162.0 0.3751E-05
0.6084E-01 -0.3267
0.1350E-01 -0.2425
163.0 0.4042E-05
0.1551 -0.3322
0.6883E-01 -0.2647
164.0 0.4351E-05
0.1948 -0.3406
0.1020 -0.2912
165.0 0.4669E-05
0.1741 -0.3556
0.1135 -0.3154
166.0 0.5001E-05
0.9410E-01 -0.3795
0.1061 -0.3312
167.0 0.5373E-05
-0.3626E-01 -0.4123
0.8403E-01 -0.3339
168.0 0.5825E-05
-0.1984 -0.4513
0.5274E-01 -0.3207
169.0 0.6405E-05
-0.3655 -0.4909
0.1863E-01 -0.2918
170.0 0.7159E-05
-0.5087 -0.5253
-0.1220E-01 -0.2508
171.0 0.8116E-05
-0.6066 -0.5500
-0.3540E-01 -0.2036
172.0 0.9282E-05
-0.6511 -0.5634
-0.4934E-01 -0.1566
173.0 0.1063E-04
-0.6458 -0.5670
-0.5473E-01 -0.1144
174.0 0.1210E-04
-0.6008 -0.5636
-0.5357E-01 -0.7949E-01
175.0 0.1361E-04
-0.5279 -0.5563
-0.4807E-01 -0.5222E-01
176.0 0.1504E-04
-0.4367 -0.5477
-0.4002E-01 -0.3186E-01
177.0 0.1631E-04
-0.3344 -0.5395
-0.3065E-01 -0.1728E-01
178.0 0.1729E-04
-0.2257 -0.5329
-0.2065E-01 -0.7497E-02
179.0 0.1791E-04
-0.1136 -0.5288
-0.1038E-01 -0.1850E-02
180.0 0.1813E-04
0.000 -0.5273
0.000 0.000
