0.000 2.190
0.000 -0.4900
0.000 0.000
1.000 2.169
0.1485E-01 -0.4903
0.2071E-01 0.1291E-02
2.000 2.108
0.3005E-01 -0.4915
0.3974E-01 0.5003E-02
3.000 2.013
0.4593E-01 -0.4936
0.5538E-01 0.1063E-01
4.000 1.896
0.6268E-01 -0.4971
0.6596E-01 0.1722E-01
5.000 1.767
0.8046E-01 -0.5020
0.6993E-01 0.2337E-01
6.000 1.639
0.9940E-01 -0.5083
0.6606E-01 0.2717E-01
7.000 1.522
0.1197 -0.5153
0.5379E-01 0.2651E-01
8.000 1.423
0.1414 -0.5218
0.3346E-01 0.1954E-01
9.000 1.344
0.1645 -0.5259
0.6399E-02 0.5352E-02
10.00 1.286
0.1882 -0.5256
-0.2532E-01 -0.1564E-01
11.00 1.244
0.2110 -0.5192
-0.5939E-01 -0.4173E-01
12.00 1.214
0.2306 -0.5059
-0.9373E-01 -0.7050E-01
13.00 1.186
0.2445 -0.4863
-0.1268 -0.9964E-01
14.00 1.154
0.2503 -0.4617
-0.1577 -0.1274
15.00 1.110
0.2462 -0.4343
-0.1856 -0.1529
16.00 1.052
0.2307 -0.4060
-0.2102 -0.1758
17.00 0.9789
0.2029 -0.3788
-0.2308 -0.1961
18.00 0.8922
0.1619 -0.3545
-0.2468 -0.2140
19.00 0.7971
0.1076 -0.3343
-0.2573 -0.2299
20.00 0.6999
0.4036E-01 -0.3198
-0.2610 -0.2440
21.00 0.6069
-0.3796E-01 -0.3125
-0.2561 -0.2566
22.00 0.5233
-0.1232 -0.3143
-0.2410 -0.2680
23.00 0.4527
-0.2081 -0.3270
-0.2148 -0.2781
24.00 0.3965
-0.2831 -0.3514
-0.1779 -0.2868
25.00 0.3541
-0.3384 -0.3867
-0.1336 -0.2938
26.00 0.3237
-0.3679 -0.4297
-0.8715E-01 -0.2983
27.00 0.3023
-0.3721 -0.4760
-0.4463E-01 -0.2995
28.00 0.2866
-0.3576 -0.5215
-0.1085E-01 -0.2970
29.00 0.2733
-0.3334 -0.5637
0.1167E-01 -0.2904
30.00 0.2599
-0.3081 -0.6019
0.2242E-01 -0.2797
31.00 0.2447
-0.2884 -0.6367
0.2198E-01 -0.2653
32.00 0.2271
-0.2786 -0.6691
0.1128E-01 -0.2475
33.00 0.2076
-0.2814 -0.6996
-0.8806E-02 -0.2271
34.00 0.1870
-0.2983 -0.7280
-0.3733E-01 -0.2049
35.00 0.1666
-0.3291 -0.7531
-0.7295E-01 -0.1825
36.00 0.1477
-0.3720 -0.7728
-0.1135 -0.1618
37.00 0.1310
-0.4223 -0.7845
-0.1558 -0.1451
38.00 0.1170
-0.4732 -0.7858
-0.1957 -0.1347
39.00 0.1058
-0.5167 -0.7756
-0.2289 -0.1320
40.00 0.9709E-01
-0.5457 -0.7547
-0.2522 -0.1373
41.00 0.9041E-01
-0.5562 -0.7255
-0.2639 -0.1498
42.00 0.8527E-01
-0.5480 -0.6919
-0.2645 -0.1674
43.00 0.8117E-01
-0.5240 -0.6579
-0.2558 -0.1879
44.00 0.7767E-01
-0.4888 -0.6269
-0.2406 -0.2091
45.00 0.7442E-01
-0.4473 -0.6017
-0.2215 -0.2291
46.00 0.7115E-01
-0.4037 -0.5838
-0.2010 -0.2467
47.00 0.6770E-01
-0.3612 -0.5739
-0.1812 -0.2610
48.00 0.6401E-01
-0.3220 -0.5715
-0.1635 -0.2717
49.00 0.6011E-01
-0.2874 -0.5759
-0.1488 -0.2789
50.00 0.5608E-01
-0.2582 -0.5855
-0.1375 -0.2827
51.00 0.5204E-01
-0.2347 -0.5989
-0.1294 -0.2837
52.00 0.4808E-01
-0.2169 -0.6146
-0.1243 -0.2825
53.00 0.4429E-01
-0.2045 -0.6315
-0.1213 -0.2796
54.00 0.4073E-01
-0.1971 -0.6489
-0.1197 -0.2754
55.00 0.3740E-01
-0.1940 -0.6662
-0.1189 -0.2703
56.00 0.3432E-01
-0.1950 -0.6834
-0.1183 -0.2643
57.00 0.3147E-01
-0.1999 -0.7003
-0.1176 -0.2573
58.00 0.2883E-01
-0.2086 -0.7171
-0.1162 -0.2494
59.00 0.2636E-01
-0.2213 -0.7341
-0.1138 -0.2403
60.00 0.2405E-01
-0.2379 -0.7517
-0.1098 -0.2302
61.00 0.2188E-01
-0.2582 -0.7704
-0.1034 -0.2189
62.00 0.1984E-01
-0.2815 -0.7907
-0.9399E-01 -0.2065
63.00 0.1793E-01
-0.3066 -0.8131
-0.8113E-01 -0.1931
64.00 0.1616E-01
-0.3321 -0.8379
-0.6455E-01 -0.1787
65.00 0.1455E-01
-0.3566 -0.8648
-0.4425E-01 -0.1636
66.00 0.1310E-01
-0.3785 -0.8931
-0.2042E-01 -0.1481
67.00 0.1181E-01
-0.3964 -0.9217
0.6709E-02 -0.1327
68.00 0.1070E-01
-0.4092 -0.9491
0.3692E-01 -0.1184
69.00 0.9732E-02
-0.4156 -0.9738
0.6998E-01 -0.1059
70.00 0.8906E-02
-0.4145 -0.9943
0.1055 -0.9621E-01
71.00 0.8200E-02
-0.4050 -1.009
0.1426 -0.8975E-01
72.00 0.7593E-02
-0.3868 -1.017
0.1799 -0.8668E-01
73.00 0.7065E-02
-0.3603 -1.018
0.2156 -0.8661E-01
74.00 0.6598E-02
-0.3273 -1.011
0.2479 -0.8872E-01
75.00 0.6171E-02
-0.2907 -0.9978
0.2754 -0.9198E-01
76.00 0.5769E-02
-0.2536 -0.9795
0.2978 -0.9533E-01
77.00 0.5381E-02
-0.2190 -0.9584
0.3155 -0.9798E-01
78.00 0.5000E-02
-0.1888 -0.9359
0.3297 -0.9946E-01
79.00 0.4626E-02
-0.1639 -0.9135
0.3418 -0.9967E-01
80.00 0.4262E-02
-0.1443 -0.8917
0.3533 -0.9867E-01
81.00 0.3911E-02
-0.1291 -0.8709
0.3652 -0.9665E-01
82.00 0.3577E-02
-0.1170 -0.8506
0.3783 -0.9377E-01
83.00 0.3261E-02
-0.1068 -0.8298
0.3925 -0.9016E-01
84.00 0.2963E-02
-0.9747E-01 -0.8073
0.4077 -0.8588E-01
85.00 0.2682E-02
-0.8809E-01 -0.7817
0.4232 -0.8088E-01
86.00 0.2416E-02
-0.7795E-01 -0.7521
0.4383 -0.7498E-01
87.00 0.2165E-02
-0.6647E-01 -0.7179
0.4519 -0.6781E-01
88.00 0.1927E-02
-0.5315E-01 -0.6793
0.4629 -0.5883E-01
89.00 0.1706E-02
-0.3774E-01 -0.6366
0.4697 -0.4743E-01
90.00 0.1502E-02
-0.2030E-01 -0.5910
0.4707 -0.3316E-01
91.00 0.1319E-02
-0.1308E-02 -0.5441
0.4645 -0.1599E-01
92.00 0.1159E-02
0.1842E-01 -0.4983
0.4504 0.3367E-02
93.00 0.1021E-02
0.3794E-01 -0.4567
0.4286 0.2313E-01
94.00 0.9054E-03
0.5647E-01 -0.4220
0.4006 0.4035E-01
95.00 0.8123E-03
0.7355E-01 -0.3962
0.3685 0.5128E-01
96.00 0.7394E-03
0.8893E-01 -0.3801
0.3349 0.5254E-01
97.00 0.6843E-03
0.1023 -0.3735
0.3021 0.4264E-01
98.00 0.6435E-03
0.1126 -0.3756
0.2709 0.2294E-01
99.00 0.6135E-03
0.1181 -0.3849
0.2405 -0.2635E-02
100.0 0.5907E-03
0.1162 -0.3999
0.2088 -0.2918E-01
101.0 0.5727E-03
0.1039 -0.4182
0.1732 -0.5244E-01
102.0 0.5577E-03
0.7880E-01 -0.4376
0.1318 -0.6987E-01
103.0 0.5446E-03
0.3950E-01 -0.4559
0.8384E-01 -0.8098E-01
104.0 0.5330E-03
-0.1361E-01 -0.4711
0.3037E-01 -0.8709E-01
105.0 0.5230E-03
-0.7846E-01 -0.4808
-0.2635E-01 -0.9076E-01
106.0 0.5156E-03
-0.1513 -0.4829
-0.8294E-01 -0.9516E-01
107.0 0.5119E-03
-0.2273 -0.4753
-0.1352 -0.1032
108.0 0.5135E-03
-0.3011 -0.4572
-0.1789 -0.1170
109.0 0.5214E-03
-0.3680 -0.4297
-0.2104 -0.1371
110.0 0.5365E-03
-0.4246 -0.3957
-0.2272 -0.1627
111.0 0.5596E-03
-0.4688 -0.3593
-0.2291 -0.1920
112.0 0.5908E-03
-0.4999 -0.3240
-0.2172 -0.2225
113.0 0.6295E-03
-0.5179 -0.2929
-0.1945 -0.2521
114.0 0.6738E-03
-0.5239 -0.2674
-0.1648 -0.2790
115.0 0.7206E-03
-0.5196 -0.2481
-0.1323 -0.3021
116.0 0.7660E-03
-0.5075 -0.2341
-0.1006 -0.3215
117.0 0.8061E-03
-0.4904 -0.2240
-0.7252E-01 -0.3374
118.0 0.8373E-03
-0.4714 -0.2158
-0.5022E-01 -0.3506
119.0 0.8573E-03
-0.4544 -0.2080
-0.3490E-01 -0.3618
120.0 0.8649E-03
-0.4432 -0.1995
-0.2710E-01 -0.3715
121.0 0.8607E-03
-0.4418 -0.1899
-0.2665E-01 -0.3801
122.0 0.8471E-03
-0.4530 -0.1794
-0.3272E-01 -0.3875
123.0 0.8278E-03
-0.4778 -0.1683
-0.4377E-01 -0.3941
124.0 0.8074E-03
-0.5146 -0.1568
-0.5755E-01 -0.4000
125.0 0.7903E-03
-0.5583 -0.1449
-0.7129E-01 -0.4056
126.0 0.7794E-03
-0.6015 -0.1324
-0.8219E-01 -0.4114
127.0 0.7757E-03
-0.6359 -0.1191
-0.8811E-01 -0.4180
128.0 0.7780E-03
-0.6551 -0.1043
-0.8810E-01 -0.4255
129.0 0.7838E-03
-0.6555 -0.8737E-01
-0.8245E-01 -0.4339
130.0 0.7893E-03
-0.6367 -0.6786E-01
-0.7239E-01 -0.4428
131.0 0.7909E-03
-0.6013 -0.4578E-01
-0.5961E-01 -0.4516
132.0 0.7849E-03
-0.5534 -0.2165E-01
-0.4591E-01 -0.4599
133.0 0.7688E-03
-0.4988 0.3740E-02
-0.3303E-01 -0.4672
134.0 0.7416E-03
-0.4436 0.2957E-01
-0.2256E-01 -0.4730
135.0 0.7042E-03
-0.3946 0.5517E-01
-0.1593E-01 -0.4773
136.0 0.6589E-03
-0.3589 0.7986E-01
-0.1440E-01 -0.4801
137.0 0.6094E-03
-0.3430 0.1026
-0.1905E-01 -0.4814
138.0 0.5601E-03
-0.3524 0.1216
-0.3074E-01 -0.4815
139.0 0.5153E-03
-0.3885 0.1344
-0.4982E-01 -0.4807
140.0 0.4790E-03
-0.4466 0.1378
-0.7578E-01 -0.4789
141.0 0.4544E-03
-0.5143 0.1297
-0.1067 -0.4758
142.0 0.4428E-03
-0.5743 0.1101
-0.1392 -0.4709
143.0 0.4435E-03
-0.6114 0.8183E-01
-0.1695 -0.4639
144.0 0.4539E-03
-0.6191 0.4932E-01
-0.1949 -0.4551
145.0 0.4703E-03
-0.5998 0.1707E-01
-0.2144 -0.4447
146.0 0.4886E-03
-0.5606 -0.1162E-01
-0.2282 -0.4334
147.0 0.5058E-03
-0.5090 -0.3474E-01
-0.2367 -0.4214
148.0 0.5195E-03
-0.4512 -0.5146E-01
-0.2402 -0.4089
149.0 0.5290E-03
-0.3913 -0.6180E-01
-0.2392 -0.3960
150.0 0.5344E-03
-0.3327 -0.6640E-01
-0.2335 -0.3830
151.0 0.5374E-03
-0.2780 -0.6611E-01
-0.2237 -0.3702
152.0 0.5402E-03
-0.2302 -0.6177E-01
-0.2100 -0.3582
153.0 0.5453E-03
-0.1932 -0.5438E-01
-0.1933 -0.3479
154.0 0.5549E-03
-0.1713 -0.4547E-01
-0.1748 -0.3397
155.0 0.5699E-03
-0.1683 -0.3725E-01
-0.1554 -0.3335
156.0 0.5906E-03
-0.1863 -0.3234E-01
-0.1358 -0.3283
157.0 0.6169E-03
-0.2249 -0.3328E-01
-0.1159 -0.3221
158.0 0.6491E-03
-0.2802 -0.4214E-01
-0.9513E-01 -0.3133
159.0 0.6885E-03
-0.3456 -0.6049E-01
-0.7273E-01 -0.3003
160.0 0.7366E-03
-0.4122 -0.8931E-01
-0.4842E-01 -0.2832
161.0 0.7956E-03
-0.4706 -0.1286
-0.2262E-01 -0.2630
162.0 0.8676E-03
-0.5131 -0.1770
0.3525E-02 -0.2419
163.0 0.9544E-03
-0.5347 -0.2312
0.2855E-01 -0.2222
164.0 0.1057E-02
-0.5347 -0.2871
0.5110E-01 -0.2060
165.0 0.1173E-02
-0.5158 -0.3404
0.7029E-01 -0.1943
166.0 0.1299E-02
-0.4832 -0.3878
0.8592E-01 -0.1872
167.0 0.1427E-02
-0.4425 -0.4281
0.9827E-01 -0.1838
168.0 0.1546E-02
-0.3989 -0.4611
0.1079 -0.1830
169.0 0.1644E-02
-0.3560 -0.4876
0.1154 -0.1832
170.0 0.1709E-02
-0.3161 -0.5087
0.1214 -0.1834
171.0 0.1731E-02
-0.2806 -0.5258
0.1262 -0.1824
172.0 0.1702E-02
-0.2499 -0.5404
0.1301 -0.1792
173.0 0.1622E-02
-0.2240 -0.5544
0.1333 -0.1724
174.0 0.1497E-02
-0.2021 -0.5699
0.1353 -0.1608
175.0 0.1338E-02
-0.1828 -0.5887
0.1353 -0.1428
176.0 0.1165E-02
-0.1635 -0.6121
0.1312 -0.1171
177.0 0.9990E-03
-0.1398 -0.6400
0.1192 -0.8352E-01
178.0 0.8622E-03
-0.1063 -0.6696
0.9453E-01 -0.4563E-01
179.0 0.7723E-03
-0.5878E-01 -0.6937
0.5355E-01 -0.1319E-01
180.0 0.7410E-03
0.000 -0.7034
0.000 0.000
