0.000 2.809
0.000 -0.8792E-01
0.000 0.000
1.000 2.790
-0.3885E-01 -0.8937E-01
-0.3208E-02 0.1381E-02
2.000 2.734
-0.7426E-01 -0.9376E-01
-0.5383E-02 0.5189E-02
3.000 2.646
-0.1033 -0.1011
-0.5610E-02 0.1039E-01
4.000 2.534
-0.1235 -0.1116
-0.3195E-02 0.1521E-01
5.000 2.408
-0.1331 -0.1249
0.2243E-02 0.1722E-01
6.000 2.284
-0.1305 -0.1408
0.1060E-01 0.1372E-01
7.000 2.173
-0.1143 -0.1589
0.2108E-01 0.2629E-02
8.000 2.085
-0.8414E-01 -0.1788
0.3202E-01 -0.1643E-01
9.000 2.022
-0.4129E-01 -0.1998
0.4100E-01 -0.4148E-01
10.00 1.976
0.1110E-01 -0.2214
0.4536E-01 -0.6876E-01
11.00 1.940
0.6835E-01 -0.2429
0.4275E-01 -0.9420E-01
12.00 1.900
0.1251 -0.2632
0.3154E-01 -0.1148
13.00 1.847
0.1758 -0.2811
0.1102E-01 -0.1294
14.00 1.775
0.2158 -0.2954
-0.1864E-01 -0.1380
15.00 1.681
0.2407 -0.3057
-0.5631E-01 -0.1419
16.00 1.565
0.2473 -0.3124
-0.9999E-01 -0.1425
17.00 1.433
0.2337 -0.3171
-0.1469 -0.1415
18.00 1.290
0.1992 -0.3223
-0.1938 -0.1405
19.00 1.142
0.1443 -0.3309
-0.2366 -0.1407
20.00 0.9982
0.7129E-01 -0.3457
-0.2713 -0.1428
21.00 0.8644
-0.1566E-01 -0.3685
-0.2933 -0.1475
22.00 0.7460
-0.1097 -0.3992
-0.2982 -0.1547
23.00 0.6460
-0.2009 -0.4360
-0.2827 -0.1636
24.00 0.5653
-0.2773 -0.4748
-0.2461 -0.1733
25.00 0.5030
-0.3272 -0.5107
-0.1910 -0.1825
26.00 0.4570
-0.3428 -0.5395
-0.1240 -0.1901
27.00 0.4247
-0.3230 -0.5588
-0.5419E-01 -0.1956
28.00 0.4030
-0.2747 -0.5692
0.9230E-02 -0.1992
29.00 0.3890
-0.2100 -0.5730
0.5941E-01 -0.2009
30.00 0.3795
-0.1426 -0.5739
0.9311E-01 -0.2007
31.00 0.3718
-0.8401E-01 -0.5752
0.1105 -0.1985
32.00 0.3634
-0.4152E-01 -0.5795
0.1136 -0.1939
33.00 0.3527
-0.1869E-01 -0.5885
0.1055 -0.1867
34.00 0.3391
-0.1612E-01 -0.6029
0.8882E-01 -0.1772
35.00 0.3224
-0.3244E-01 -0.6228
0.6555E-01 -0.1656
36.00 0.3032
-0.6503E-01 -0.6477
0.3719E-01 -0.1524
37.00 0.2823
-0.1104 -0.6767
0.4653E-02 -0.1384
38.00 0.2605
-0.1643 -0.7084
-0.3153E-01 -0.1242
39.00 0.2388
-0.2224 -0.7408
-0.7105E-01 -0.1108
40.00 0.2180
-0.2796 -0.7712
-0.1136 -0.9936E-01
41.00 0.1989
-0.3312 -0.7962
-0.1586 -0.9133E-01
42.00 0.1824
-0.3725 -0.8117
-0.2047 -0.8856E-01
43.00 0.1688
-0.4000 -0.8139
-0.2494 -0.9273E-01
44.00 0.1583
-0.4127 -0.8006
-0.2896 -0.1045
45.00 0.1506
-0.4124 -0.7732
-0.3221 -0.1231
46.00 0.1453
-0.4037 -0.7359
-0.3448 -0.1461
47.00 0.1413
-0.3921 -0.6950
-0.3573 -0.1703
48.00 0.1379
-0.3823 -0.6563
-0.3605 -0.1929
49.00 0.1343
-0.3769 -0.6240
-0.3563 -0.2122
50.00 0.1301
-0.3767 -0.6002
-0.3463 -0.2272
51.00 0.1252
-0.3808 -0.5857
-0.3318 -0.2380
52.00 0.1196
-0.3875 -0.5801
-0.3138 -0.2449
53.00 0.1135
-0.3943 -0.5824
-0.2931 -0.2485
54.00 0.1072
-0.3988 -0.5916
-0.2702 -0.2493
55.00 0.1010
-0.3989 -0.6065
-0.2459 -0.2480
56.00 0.9507E-01
-0.3932 -0.6260
-0.2208 -0.2451
57.00 0.8952E-01
-0.3812 -0.6489
-0.1959 -0.2410
58.00 0.8444E-01
-0.3637 -0.6742
-0.1722 -0.2363
59.00 0.7983E-01
-0.3423 -0.7007
-0.1507 -0.2310
60.00 0.7565E-01
-0.3199 -0.7275
-0.1318 -0.2254
61.00 0.7185E-01
-0.2990 -0.7539
-0.1157 -0.2194
62.00 0.6834E-01
-0.2819 -0.7794
-0.1016 -0.2129
63.00 0.6505E-01
-0.2696 -0.8040
-0.8865E-01 -0.2057
64.00 0.6190E-01
-0.2619 -0.8275
-0.7573E-01 -0.1979
65.00 0.5888E-01
-0.2577 -0.8500
-0.6192E-01 -0.1894
66.00 0.5597E-01
-0.2556 -0.8714
-0.4671E-01 -0.1804
67.00 0.5317E-01
-0.2541 -0.8913
-0.2995E-01 -0.1710
68.00 0.5046E-01
-0.2526 -0.9094
-0.1174E-01 -0.1614
69.00 0.4782E-01
-0.2506 -0.9252
0.7783E-02 -0.1518
70.00 0.4526E-01
-0.2483 -0.9385
0.2853E-01 -0.1425
71.00 0.4275E-01
-0.2457 -0.9487
0.5046E-01 -0.1335
72.00 0.4030E-01
-0.2428 -0.9554
0.7346E-01 -0.1250
73.00 0.3791E-01
-0.2391 -0.9584
0.9716E-01 -0.1173
74.00 0.3561E-01
-0.2342 -0.9576
0.1209 -0.1103
75.00 0.3339E-01
-0.2281 -0.9532
0.1437 -0.1042
76.00 0.3127E-01
-0.2211 -0.9461
0.1649 -0.9873E-01
77.00 0.2924E-01
-0.2141 -0.9373
0.1841 -0.9379E-01
78.00 0.2730E-01
-0.2078 -0.9279
0.2011 -0.8930E-01
79.00 0.2546E-01
-0.2029 -0.9190
0.2167 -0.8537E-01
80.00 0.2373E-01
-0.1990 -0.9112
0.2315 -0.8223E-01
81.00 0.2212E-01
-0.1952 -0.9048
0.2460 -0.8022E-01
82.00 0.2065E-01
-0.1901 -0.8996
0.2606 -0.7963E-01
83.00 0.1932E-01
-0.1825 -0.8951
0.2749 -0.8057E-01
84.00 0.1811E-01
-0.1715 -0.8908
0.2884 -0.8290E-01
85.00 0.1699E-01
-0.1574 -0.8861
0.3003 -0.8622E-01
86.00 0.1592E-01
-0.1412 -0.8806
0.3103 -0.9000E-01
87.00 0.1489E-01
-0.1240 -0.8741
0.3182 -0.9366E-01
88.00 0.1385E-01
-0.1074 -0.8663
0.3241 -0.9669E-01
89.00 0.1281E-01
-0.9223E-01 -0.8572
0.3283 -0.9864E-01
90.00 0.1175E-01
-0.7930E-01 -0.8467
0.3312 -0.9908E-01
91.00 0.1070E-01
-0.6899E-01 -0.8347
0.3330 -0.9760E-01
92.00 0.9666E-02
-0.6161E-01 -0.8213
0.3340 -0.9374E-01
93.00 0.8668E-02
-0.5745E-01 -0.8069
0.3345 -0.8707E-01
94.00 0.7728E-02
-0.5673E-01 -0.7918
0.3351 -0.7734E-01
95.00 0.6863E-02
-0.5941E-01 -0.7767
0.3370 -0.6464E-01
96.00 0.6087E-02
-0.6473E-01 -0.7622
0.3413 -0.4958E-01
97.00 0.5410E-02
-0.7092E-01 -0.7489
0.3494 -0.3342E-01
98.00 0.4838E-02
-0.7509E-01 -0.7377
0.3620 -0.1794E-01
99.00 0.4367E-02
-0.7373E-01 -0.7290
0.3789 -0.5058E-02
100.0 0.3988E-02
-0.6376E-01 -0.7231
0.3982 0.3685E-02
101.0 0.3687E-02
-0.4378E-01 -0.7194
0.4165 0.7726E-02
102.0 0.3446E-02
-0.1488E-01 -0.7166
0.4298 0.7704E-02
103.0 0.3245E-02
0.1948E-01 -0.7133
0.4346 0.5242E-02
104.0 0.3066E-02
0.5441E-01 -0.7075
0.4285 0.2339E-02
105.0 0.2891E-02
0.8480E-01 -0.6971
0.4106 0.7195E-03
106.0 0.2713E-02
0.1062 -0.6798
0.3810 0.1370E-02
107.0 0.2527E-02
0.1155 -0.6524
0.3406 0.4340E-02
108.0 0.2338E-02
0.1105 -0.6120
0.2904 0.8718E-02
109.0 0.2155E-02
0.9058E-01 -0.5557
0.2326 0.1268E-01
110.0 0.1989E-02
0.5638E-01 -0.4828
0.1700 0.1361E-01
111.0 0.1853E-02
0.1038E-01 -0.3959
0.1075 0.8429E-02
112.0 0.1759E-02
-0.4262E-01 -0.3026
0.5179E-01 -0.5551E-02
113.0 0.1715E-02
-0.9574E-01 -0.2151
0.9922E-02 -0.2931E-01
114.0 0.1722E-02
-0.1420 -0.1462
-0.1345E-01 -0.6120E-01
115.0 0.1774E-02
-0.1770 -0.1035
-0.1859E-01 -0.9741E-01
116.0 0.1860E-02
-0.2005 -0.8736E-01
-0.1036E-01 -0.1337
117.0 0.1963E-02
-0.2155 -0.9199E-01
0.4276E-02 -0.1669
118.0 0.2067E-02
-0.2267 -0.1098
0.1873E-01 -0.1956
119.0 0.2155E-02
-0.2389 -0.1338
0.2805E-01 -0.2193
120.0 0.2214E-02
-0.2563 -0.1590
0.2903E-01 -0.2383
121.0 0.2235E-02
-0.2826 -0.1820
0.1997E-01 -0.2535
122.0 0.2220E-02
-0.3209 -0.2009
0.4765E-03 -0.2660
123.0 0.2174E-02
-0.3731 -0.2142
-0.2848E-01 -0.2773
124.0 0.2112E-02
-0.4386 -0.2207
-0.6419E-01 -0.2892
125.0 0.2050E-02
-0.5141 -0.2201
-0.1019 -0.3038
126.0 0.2004E-02
-0.5921 -0.2130
-0.1350 -0.3224
127.0 0.1988E-02
-0.6629 -0.2014
-0.1565 -0.3452
128.0 0.2010E-02
-0.7167 -0.1879
-0.1615 -0.3704
129.0 0.2068E-02
-0.7479 -0.1752
-0.1494 -0.3956
130.0 0.2156E-02
-0.7562 -0.1650
-0.1232 -0.4180
131.0 0.2259E-02
-0.7454 -0.1577
-0.8855E-01 -0.4360
132.0 0.2362E-02
-0.7212 -0.1529
-0.5073E-01 -0.4493
133.0 0.2448E-02
-0.6890 -0.1500
-0.1394E-01 -0.4582
134.0 0.2506E-02
-0.6526 -0.1482
0.1900E-01 -0.4636
135.0 0.2527E-02
-0.6152 -0.1467
0.4623E-01 -0.4664
136.0 0.2511E-02
-0.5792 -0.1447
0.6641E-01 -0.4674
137.0 0.2465E-02
-0.5468 -0.1413
0.7852E-01 -0.4674
138.0 0.2397E-02
-0.5207 -0.1354
0.8191E-01 -0.4673
139.0 0.2318E-02
-0.5035 -0.1260
0.7653E-01 -0.4681
140.0 0.2241E-02
-0.4972 -0.1118
0.6323E-01 -0.4706
141.0 0.2174E-02
-0.5022 -0.9205E-01
0.4388E-01 -0.4753
142.0 0.2125E-02
-0.5164 -0.6688E-01
0.2133E-01 -0.4821
143.0 0.2098E-02
-0.5357 -0.3751E-01
-0.1188E-02 -0.4902
144.0 0.2094E-02
-0.5544 -0.6216E-02
-0.2074E-01 -0.4982
145.0 0.2110E-02
-0.5671 0.2429E-01
-0.3532E-01 -0.5044
146.0 0.2143E-02
-0.5697 0.5163E-01
-0.4400E-01 -0.5073
147.0 0.2189E-02
-0.5598 0.7421E-01
-0.4673E-01 -0.5059
148.0 0.2245E-02
-0.5374 0.9125E-01
-0.4393E-01 -0.4998
149.0 0.2311E-02
-0.5044 0.1026
-0.3619E-01 -0.4892
150.0 0.2383E-02
-0.4644 0.1084
-0.2413E-01 -0.4747
151.0 0.2464E-02
-0.4223 0.1092
-0.8444E-02 -0.4571
152.0 0.2555E-02
-0.3831 0.1055
0.9979E-02 -0.4373
153.0 0.2657E-02
-0.3520 0.9757E-01
0.2994E-01 -0.4163
154.0 0.2773E-02
-0.3329 0.8563E-01
0.5000E-01 -0.3949
155.0 0.2903E-02
-0.3282 0.6937E-01
0.6869E-01 -0.3740
156.0 0.3047E-02
-0.3380 0.4822E-01
0.8477E-01 -0.3540
157.0 0.3203E-02
-0.3602 0.2157E-01
0.9748E-01 -0.3350
158.0 0.3366E-02
-0.3911 -0.1098E-01
0.1066 -0.3166
159.0 0.3535E-02
-0.4254 -0.4940E-01
0.1123 -0.2985
160.0 0.3704E-02
-0.4579 -0.9319E-01
0.1150 -0.2800
161.0 0.3868E-02
-0.4840 -0.1413
0.1155 -0.2609
162.0 0.4023E-02
-0.5002 -0.1924
0.1141 -0.2409
163.0 0.4163E-02
-0.5048 -0.2446
0.1110 -0.2200
164.0 0.4288E-02
-0.4975 -0.2957
0.1063 -0.1984
165.0 0.4396E-02
-0.4791 -0.3435
0.9967E-01 -0.1766
166.0 0.4489E-02
-0.4513 -0.3857
0.9083E-01 -0.1549
167.0 0.4570E-02
-0.4167 -0.4206
0.7957E-01 -0.1340
168.0 0.4640E-02
-0.3778 -0.4470
0.6594E-01 -0.1142
169.0 0.4704E-02
-0.3374 -0.4640
0.5029E-01 -0.9572E-01
170.0 0.4764E-02
-0.2975 -0.4717
0.3339E-01 -0.7889E-01
171.0 0.4821E-02
-0.2595 -0.4705
0.1631E-01 -0.6380E-01
172.0 0.4877E-02
-0.2242 -0.4617
0.2977E-03 -0.5045E-01
173.0 0.4928E-02
-0.1918 -0.4473
-0.1337E-01 -0.3877E-01
174.0 0.4974E-02
-0.1620 -0.4295
-0.2360E-01 -0.2863E-01
175.0 0.5013E-02
-0.1340 -0.4105
-0.2963E-01 -0.1998E-01
176.0 0.5043E-02
-0.1072 -0.3920
-0.3107E-01 -0.1281E-01
177.0 0.5066E-02
-0.8074E-01 -0.3756
-0.2803E-01 -0.7196E-02
178.0 0.5083E-02
-0.5418E-01 -0.3627
-0.2110E-01 -0.3184E-02
179.0 0.5093E-02
-0.2724E-01 -0.3545
-0.1131E-01 -0.7924E-03
180.0 0.5097E-02
0.000 -0.3516
0.000 0.000
