0.000 1.127
0.000 0.7071
0.000 0.000
1.000 1.099
0.2410E-01 0.7061
0.7978E-02 0.1033E-02
2.000 1.021
0.4775E-01 0.7013
0.1766E-01 0.5006E-02
3.000 0.9108
0.6929E-01 0.6868
0.3245E-01 0.1490E-01
4.000 0.7975
0.8434E-01 0.6484
0.5906E-01 0.3635E-01
5.000 0.7118
0.8528E-01 0.5648
0.1064 0.7573E-01
6.000 0.6812
0.6632E-01 0.4243
0.1764 0.1318
7.000 0.7217
0.3402E-01 0.2539
0.2530 0.1879
8.000 0.8318
0.4892E-02 0.1044
0.3135 0.2245
9.000 0.9906
-0.1100E-01 0.1159E-02
0.3505 0.2374
10.00 1.162
-0.1397E-01 -0.6183E-01
0.3701 0.2331
11.00 1.304
-0.7804E-02 -0.9855E-01
0.3806 0.2184
12.00 1.379
0.4553E-02 -0.1191
0.3874 0.1970
13.00 1.366
0.2179E-01 -0.1284
0.3932 0.1703
14.00 1.266
0.4389E-01 -0.1274
0.3992 0.1387
15.00 1.099
0.7180E-01 -0.1141
0.4050 0.1028
16.00 0.8999
0.1068 -0.8352E-01
0.4083 0.6505E-01
17.00 0.7049
0.1494 -0.2953E-01
0.4038 0.3236E-01
18.00 0.5426
0.1960 0.5061E-01
0.3822 0.1929E-01
19.00 0.4273
0.2353 0.1448
0.3337 0.4493E-01
20.00 0.3585
0.2508 0.2196
0.2591 0.1148
21.00 0.3244
0.2361 0.2431
0.1771 0.2033
22.00 0.3090
0.2019 0.2165
0.1076 0.2725
23.00 0.2979
0.1627 0.1661
0.5594E-01 0.3028
24.00 0.2824
0.1256 0.1180
0.1610E-01 0.2938
25.00 0.2606
0.9085E-01 0.9094E-01
-0.1993E-01 0.2520
26.00 0.2354
0.5654E-01 0.9961E-01
-0.5785E-01 0.1861
27.00 0.2121
0.2207E-01 0.1547
-0.9915E-01 0.1090
28.00 0.1952
-0.9249E-02 0.2552
-0.1398 0.3989E-01
29.00 0.1870
-0.3057E-01 0.3803
-0.1715 -0.1423E-02
30.00 0.1875
-0.3597E-01 0.4957
-0.1871 -0.7589E-02
31.00 0.1945
-0.2483E-01 0.5751
-0.1853 0.1217E-01
32.00 0.2049
-0.1175E-02 0.6115
-0.1700 0.4154E-01
33.00 0.2160
0.2980E-01 0.6115
-0.1460 0.6766E-01
34.00 0.2254
0.6383E-01 0.5851
-0.1171 0.8405E-01
35.00 0.2320
0.9780E-01 0.5411
-0.8565E-01 0.8906E-01
36.00 0.2354
0.1293 0.4859
-0.5326E-01 0.8363E-01
37.00 0.2359
0.1563 0.4242
-0.2149E-01 0.6992E-01
38.00 0.2339
0.1771 0.3595
0.7928E-02 0.5054E-01
39.00 0.2301
0.1901 0.2951
0.3310E-01 0.2812E-01
40.00 0.2249
0.1947 0.2336
0.5218E-01 0.4982E-02
41.00 0.2187
0.1907 0.1773
0.6364E-01 -0.1709E-01
42.00 0.2116
0.1787 0.1276
0.6653E-01 -0.3702E-01
43.00 0.2039
0.1600 0.8525E-01
0.6060E-01 -0.5449E-01
44.00 0.1957
0.1362 0.5008E-01
0.4633E-01 -0.6978E-01
45.00 0.1871
0.1089 0.2134E-01
0.2483E-01 -0.8363E-01
46.00 0.1782
0.7992E-01 -0.2113E-02
-0.2312E-02 -0.9693E-01
47.00 0.1692
0.5081E-01 -0.2148E-01
-0.3320E-01 -0.1104
48.00 0.1604
0.2291E-01 -0.3772E-01
-0.6583E-01 -0.1246
49.00 0.1518
-0.2691E-02 -0.5131E-01
-0.9819E-01 -0.1395
50.00 0.1438
-0.2514E-01 -0.6218E-01
-0.1285 -0.1545
51.00 0.1363
-0.4380E-01 -0.6983E-01
-0.1550 -0.1690
52.00 0.1295
-0.5827E-01 -0.7360E-01
-0.1767 -0.1818
53.00 0.1235
-0.6836E-01 -0.7300E-01
-0.1924 -0.1920
54.00 0.1182
-0.7407E-01 -0.6798E-01
-0.2018 -0.1987
55.00 0.1137
-0.7564E-01 -0.5903E-01
-0.2048 -0.2011
56.00 0.1099
-0.7353E-01 -0.4712E-01
-0.2019 -0.1990
57.00 0.1067
-0.6837E-01 -0.3346E-01
-0.1940 -0.1923
58.00 0.1039
-0.6090E-01 -0.1922E-01
-0.1824 -0.1813
59.00 0.1016
-0.5187E-01 -0.5351E-02
-0.1682 -0.1666
60.00 0.9940E-01
-0.4198E-01 0.7516E-02
-0.1528 -0.1488
61.00 0.9726E-01
-0.3174E-01 0.1906E-01
-0.1371 -0.1287
62.00 0.9505E-01
-0.2147E-01 0.2918E-01
-0.1219 -0.1071
63.00 0.9268E-01
-0.1131E-01 0.3796E-01
-0.1076 -0.8447E-01
64.00 0.9013E-01
-0.1228E-02 0.4561E-01
-0.9444E-01 -0.6120E-01
65.00 0.8740E-01
0.8870E-02 0.5246E-01
-0.8232E-01 -0.3758E-01
66.00 0.8452E-01
0.1910E-01 0.5900E-01
-0.7121E-01 -0.1378E-01
67.00 0.8152E-01
0.2951E-01 0.6587E-01
-0.6101E-01 0.1004E-01
68.00 0.7845E-01
0.4008E-01 0.7386E-01
-0.5162E-01 0.3367E-01
69.00 0.7533E-01
0.5063E-01 0.8378E-01
-0.4297E-01 0.5685E-01
70.00 0.7218E-01
0.6094E-01 0.9635E-01
-0.3505E-01 0.7926E-01
71.00 0.6902E-01
0.7070E-01 0.1121
-0.2787E-01 0.1005
72.00 0.6586E-01
0.7966E-01 0.1312
-0.2151E-01 0.1204
73.00 0.6274E-01
0.8759E-01 0.1536
-0.1608E-01 0.1386
74.00 0.5968E-01
0.9440E-01 0.1789
-0.1170E-01 0.1549
75.00 0.5671E-01
0.1001 0.2064
-0.8490E-02 0.1693
76.00 0.5388E-01
0.1047 0.2355
-0.6502E-02 0.1818
77.00 0.5121E-01
0.1084 0.2654
-0.5723E-02 0.1926
78.00 0.4871E-01
0.1114 0.2953
-0.6076E-02 0.2019
79.00 0.4638E-01
0.1138 0.3245
-0.7441E-02 0.2097
80.00 0.4422E-01
0.1158 0.3526
-0.9675E-02 0.2161
81.00 0.4221E-01
0.1175 0.3789
-0.1263E-01 0.2214
82.00 0.4033E-01
0.1192 0.4031
-0.1612E-01 0.2255
83.00 0.3855E-01
0.1212 0.4249
-0.1997E-01 0.2285
84.00 0.3685E-01
0.1236 0.4441
-0.2390E-01 0.2306
85.00 0.3522E-01
0.1266 0.4610
-0.2766E-01 0.2318
86.00 0.3362E-01
0.1301 0.4757
-0.3098E-01 0.2325
87.00 0.3204E-01
0.1340 0.4889
-0.3364E-01 0.2329
88.00 0.3046E-01
0.1379 0.5011
-0.3553E-01 0.2332
89.00 0.2886E-01
0.1415 0.5127
-0.3665E-01 0.2340
90.00 0.2725E-01
0.1444 0.5240
-0.3713E-01 0.2355
91.00 0.2562E-01
0.1463 0.5353
-0.3716E-01 0.2384
92.00 0.2399E-01
0.1469 0.5465
-0.3697E-01 0.2432
93.00 0.2239E-01
0.1462 0.5574
-0.3677E-01 0.2504
94.00 0.2083E-01
0.1443 0.5678
-0.3677E-01 0.2603
95.00 0.1932E-01
0.1414 0.5775
-0.3711E-01 0.2729
96.00 0.1790E-01
0.1379 0.5860
-0.3795E-01 0.2880
97.00 0.1656E-01
0.1342 0.5930
-0.3944E-01 0.3050
98.00 0.1531E-01
0.1308 0.5985
-0.4174E-01 0.3231
99.00 0.1415E-01
0.1281 0.6023
-0.4493E-01 0.3414
100.0 0.1306E-01
0.1263 0.6043
-0.4905E-01 0.3588
101.0 0.1205E-01
0.1257 0.6047
-0.5402E-01 0.3748
102.0 0.1110E-01
0.1259 0.6035
-0.5966E-01 0.3890
103.0 0.1021E-01
0.1266 0.6009
-0.6569E-01 0.4013
104.0 0.9384E-02
0.1269 0.5968
-0.7171E-01 0.4123
105.0 0.8619E-02
0.1262 0.5913
-0.7725E-01 0.4226
106.0 0.7919E-02
0.1233 0.5841
-0.8177E-01 0.4331
107.0 0.7287E-02
0.1175 0.5750
-0.8475E-01 0.4451
108.0 0.6723E-02
0.1081 0.5636
-0.8579E-01 0.4595
109.0 0.6222E-02
0.9494E-01 0.5495
-0.8473E-01 0.4770
110.0 0.5779E-02
0.7838E-01 0.5326
-0.8170E-01 0.4978
111.0 0.5385E-02
0.5929E-01 0.5128
-0.7717E-01 0.5214
112.0 0.5031E-02
0.3898E-01 0.4899
-0.7182E-01 0.5464
113.0 0.4707E-02
0.1899E-01 0.4641
-0.6648E-01 0.5711
114.0 0.4407E-02
0.8358E-03 0.4357
-0.6191E-01 0.5932
115.0 0.4126E-02
-0.1429E-01 0.4050
-0.5870E-01 0.6107
116.0 0.3858E-02
-0.2578E-01 0.3725
-0.5708E-01 0.6216
117.0 0.3603E-02
-0.3378E-01 0.3391
-0.5690E-01 0.6246
118.0 0.3359E-02
-0.3929E-01 0.3053
-0.5760E-01 0.6193
119.0 0.3128E-02
-0.4406E-01 0.2720
-0.5825E-01 0.6056
120.0 0.2912E-02
-0.5032E-01 0.2397
-0.5758E-01 0.5847
121.0 0.2717E-02
-0.6037E-01 0.2095
-0.5412E-01 0.5578
122.0 0.2548E-02
-0.7603E-01 0.1823
-0.4631E-01 0.5275
123.0 0.2413E-02
-0.9802E-01 0.1595
-0.3300E-01 0.4966
124.0 0.2314E-02
-0.1255 0.1422
-0.1396E-01 0.4684
125.0 0.2252E-02
-0.1558 0.1308
0.9682E-02 0.4458
126.0 0.2222E-02
-0.1856 0.1253
0.3561E-01 0.4304
127.0 0.2215E-02
-0.2115 0.1247
0.6097E-01 0.4222
128.0 0.2222E-02
-0.2308 0.1277
0.8323E-01 0.4197
129.0 0.2231E-02
-0.2423 0.1331
0.1006 0.4209
130.0 0.2233E-02
-0.2459 0.1401
0.1123 0.4236
131.0 0.2221E-02
-0.2421 0.1483
0.1182 0.4258
132.0 0.2191E-02
-0.2327 0.1575
0.1188 0.4261
133.0 0.2141E-02
-0.2199 0.1676
0.1152 0.4230
134.0 0.2071E-02
-0.2065 0.1786
0.1089 0.4153
135.0 0.1984E-02
-0.1956 0.1898
0.1014 0.4017
136.0 0.1884E-02
-0.1905 0.2008
0.9488E-01 0.3806
137.0 0.1777E-02
-0.1940 0.2107
0.9114E-01 0.3510
138.0 0.1674E-02
-0.2080 0.2193
0.9204E-01 0.3127
139.0 0.1582E-02
-0.2323 0.2266
0.9890E-01 0.2676
140.0 0.1513E-02
-0.2642 0.2329
0.1119 0.2200
141.0 0.1471E-02
-0.2983 0.2386
0.1294 0.1769
142.0 0.1459E-02
-0.3277 0.2434
0.1481 0.1454
143.0 0.1476E-02
-0.3464 0.2463
0.1641 0.1305
144.0 0.1515E-02
-0.3517 0.2458
0.1737 0.1330
145.0 0.1565E-02
-0.3438 0.2404
0.1753 0.1500
146.0 0.1614E-02
-0.3253 0.2291
0.1684 0.1772
147.0 0.1653E-02
-0.2989 0.2112
0.1534 0.2101
148.0 0.1672E-02
-0.2674 0.1872
0.1309 0.2453
149.0 0.1667E-02
-0.2330 0.1578
0.1012 0.2802
150.0 0.1637E-02
-0.1973 0.1249
0.6440E-01 0.3128
151.0 0.1585E-02
-0.1619 0.9129E-01
0.2047E-01 0.3413
152.0 0.1520E-02
-0.1280 0.6149E-01
-0.3055E-01 0.3636
153.0 0.1452E-02
-0.9690E-01 0.4200E-01
-0.8773E-01 0.3770
154.0 0.1398E-02
-0.6978E-01 0.4121E-01
-0.1482 0.3792
155.0 0.1370E-02
-0.4745E-01 0.6731E-01
-0.2063 0.3688
156.0 0.1383E-02
-0.2991E-01 0.1238
-0.2539 0.3472
157.0 0.1447E-02
-0.1605E-01 0.2049
-0.2838 0.3185
158.0 0.1567E-02
-0.4046E-02 0.2968
-0.2930 0.2886
159.0 0.1740E-02
0.7896E-02 0.3835
-0.2841 0.2619
160.0 0.1955E-02
0.2089E-01 0.4541
-0.2631 0.2396
161.0 0.2195E-02
0.3538E-01 0.5042
-0.2357 0.2208
162.0 0.2438E-02
0.5144E-01 0.5346
-0.2057 0.2032
163.0 0.2661E-02
0.6902E-01 0.5479
-0.1750 0.1846
164.0 0.2842E-02
0.8811E-01 0.5471
-0.1440 0.1635
165.0 0.2964E-02
0.1087 0.5350
-0.1122 0.1387
166.0 0.3018E-02
0.1307 0.5140
-0.7903E-01 0.1095
167.0 0.3001E-02
0.1541 0.4864
-0.4338E-01 0.7572E-01
168.0 0.2920E-02
0.1785 0.4546
-0.4405E-02 0.3781E-01
169.0 0.2787E-02
0.2030 0.4218
0.3845E-01 -0.3101E-02
170.0 0.2618E-02
0.2263 0.3917
0.8501E-01 -0.4488E-01
171.0 0.2433E-02
0.2465 0.3695
0.1338 -0.8415E-01
172.0 0.2249E-02
0.2608 0.3607
0.1817 -0.1164
173.0 0.2082E-02
0.2660 0.3709
0.2233 -0.1366
174.0 0.1942E-02
0.2593 0.4033
0.2520 -0.1408
175.0 0.1835E-02
0.2391 0.4561
0.2614 -0.1276
176.0 0.1761E-02
0.2059 0.5223
0.2473 -0.1001
177.0 0.1716E-02
0.1622 0.5905
0.2095 -0.6526E-01
178.0 0.1692E-02
0.1113 0.6488
0.1514 -0.3203E-01
179.0 0.1681E-02
0.5645E-01 0.6876
0.7925E-01 -0.8473E-02
180.0 0.1679E-02
0.000 0.7011
0.000 0.000
