0.000 1.660
0.000 0.7071
0.000 0.000
1.000 1.649
0.1351E-02 0.7071
0.2445E-02 -0.1528E-02
2.000 1.615
0.1769E-02 0.7068
0.7888E-02 -0.5812E-02
3.000 1.565
0.4530E-03 0.7055
0.1900E-01 -0.1193E-01
4.000 1.507
-0.3087E-02 0.7022
0.3772E-01 -0.1837E-01
5.000 1.449
-0.8805E-02 0.6955
0.6479E-01 -0.2311E-01
6.000 1.400
-0.1593E-01 0.6843
0.9939E-01 -0.2404E-01
7.000 1.364
-0.2300E-01 0.6675
0.1392 -0.1945E-01
8.000 1.342
-0.2821E-01 0.6451
0.1810 -0.8614E-02
9.000 1.335
-0.3009E-01 0.6170
0.2218 0.8077E-02
10.00 1.337
-0.2795E-01 0.5834
0.2591 0.2942E-01
11.00 1.343
-0.2219E-01 0.5440
0.2915 0.5394E-01
12.00 1.348
-0.1406E-01 0.4988
0.3184 0.8025E-01
13.00 1.346
-0.5296E-02 0.4477
0.3391 0.1073
14.00 1.330
0.2345E-02 0.3913
0.3534 0.1344
15.00 1.297
0.7427E-02 0.3309
0.3607 0.1610
16.00 1.244
0.9031E-02 0.2678
0.3606 0.1868
17.00 1.171
0.6807E-02 0.2035
0.3525 0.2116
18.00 1.082
0.9289E-03 0.1392
0.3361 0.2352
19.00 0.9803
-0.7988E-02 0.7607E-01
0.3109 0.2573
20.00 0.8735
-0.1898E-01 0.1510E-01
0.2762 0.2773
21.00 0.7679
-0.3082E-01 -0.4218E-01
0.2319 0.2944
22.00 0.6692
-0.4222E-01 -0.9342E-01
0.1782 0.3075
23.00 0.5814
-0.5200E-01 -0.1351
0.1166 0.3154
24.00 0.5065
-0.5948E-01 -0.1629
0.4981E-01 0.3174
25.00 0.4448
-0.6469E-01 -0.1719
-0.1802E-01 0.3133
26.00 0.3953
-0.6854E-01 -0.1587
-0.8180E-01 0.3040
27.00 0.3558
-0.7254E-01 -0.1223
-0.1367 0.2910
28.00 0.3239
-0.7837E-01 -0.6480E-01
-0.1790 0.2761
29.00 0.2972
-0.8738E-01 0.8883E-02
-0.2071 0.2603
30.00 0.2739
-0.1003 0.9221E-01
-0.2209 0.2439
31.00 0.2525
-0.1173 0.1779
-0.2211 0.2261
32.00 0.2323
-0.1375 0.2587
-0.2089 0.2061
33.00 0.2132
-0.1598 0.3270
-0.1852 0.1827
34.00 0.1955
-0.1823 0.3759
-0.1515 0.1558
35.00 0.1794
-0.2023 0.3998
-0.1094 0.1262
36.00 0.1652
-0.2175 0.3954
-0.6143E-01 0.9552E-01
37.00 0.1531
-0.2255 0.3635
-0.1121E-01 0.6669E-01
38.00 0.1430
-0.2253 0.3086
0.3720E-01 0.4258E-01
39.00 0.1346
-0.2171 0.2380
0.7979E-01 0.2557E-01
40.00 0.1277
-0.2024 0.1606
0.1133 0.1691E-01
41.00 0.1218
-0.1836 0.8419E-01
0.1358 0.1656E-01
42.00 0.1165
-0.1634 0.1506E-01
0.1466 0.2345E-01
43.00 0.1115
-0.1441 -0.4267E-01
0.1462 0.3599E-01
44.00 0.1064
-0.1276 -0.8659E-01
0.1360 0.5245E-01
45.00 0.1011
-0.1149 -0.1156
0.1179 0.7134E-01
46.00 0.9540E-01
-0.1067 -0.1294
0.9388E-01 0.9148E-01
47.00 0.8938E-01
-0.1029 -0.1287
0.6614E-01 0.1120
48.00 0.8309E-01
-0.1035 -0.1148
0.3674E-01 0.1322
49.00 0.7669E-01
-0.1080 -0.8981E-01
0.7589E-02 0.1517
50.00 0.7036E-01
-0.1161 -0.5653E-01
-0.1962E-01 0.1701
51.00 0.6426E-01
-0.1270 -0.1807E-01
-0.4350E-01 0.1871
52.00 0.5851E-01
-0.1400 0.2249E-01
-0.6301E-01 0.2026
53.00 0.5320E-01
-0.1540 0.6256E-01
-0.7751E-01 0.2167
54.00 0.4836E-01
-0.1681 0.1003
-0.8673E-01 0.2296
55.00 0.4398E-01
-0.1815 0.1345
-0.9069E-01 0.2418
56.00 0.4005E-01
-0.1934 0.1645
-0.8962E-01 0.2536
57.00 0.3651E-01
-0.2035 0.1896
-0.8392E-01 0.2654
58.00 0.3335E-01
-0.2118 0.2094
-0.7423E-01 0.2771
59.00 0.3051E-01
-0.2183 0.2233
-0.6141E-01 0.2889
60.00 0.2796E-01
-0.2232 0.2315
-0.4658E-01 0.3007
61.00 0.2566E-01
-0.2266 0.2343
-0.3097E-01 0.3126
62.00 0.2358E-01
-0.2286 0.2333
-0.1576E-01 0.3247
63.00 0.2168E-01
-0.2289 0.2302
-0.1891E-02 0.3372
64.00 0.1996E-01
-0.2276 0.2271
0.1007E-01 0.3503
65.00 0.1839E-01
-0.2247 0.2258
0.1998E-01 0.3637
66.00 0.1697E-01
-0.2203 0.2273
0.2796E-01 0.3772
67.00 0.1569E-01
-0.2147 0.2320
0.3425E-01 0.3899
68.00 0.1454E-01
-0.2086 0.2398
0.3899E-01 0.4012
69.00 0.1351E-01
-0.2023 0.2504
0.4219E-01 0.4101
70.00 0.1256E-01
-0.1963 0.2638
0.4372E-01 0.4163
71.00 0.1169E-01
-0.1905 0.2801
0.4354E-01 0.4195
72.00 0.1087E-01
-0.1848 0.2993
0.4178E-01 0.4199
73.00 0.1011E-01
-0.1787 0.3215
0.3887E-01 0.4178
74.00 0.9387E-02
-0.1721 0.3461
0.3544E-01 0.4136
75.00 0.8713E-02
-0.1651 0.3723
0.3221E-01 0.4076
76.00 0.8080E-02
-0.1579 0.3989
0.2966E-01 0.4002
77.00 0.7485E-02
-0.1511 0.4249
0.2792E-01 0.3916
78.00 0.6924E-02
-0.1452 0.4493
0.2676E-01 0.3819
79.00 0.6393E-02
-0.1406 0.4716
0.2563E-01 0.3716
80.00 0.5888E-02
-0.1374 0.4915
0.2399E-01 0.3609
81.00 0.5406E-02
-0.1353 0.5096
0.2140E-01 0.3502
82.00 0.4946E-02
-0.1339 0.5262
0.1768E-01 0.3400
83.00 0.4509E-02
-0.1331 0.5416
0.1288E-01 0.3306
84.00 0.4093E-02
-0.1326 0.5558
0.7103E-02 0.3222
85.00 0.3700E-02
-0.1325 0.5684
0.4429E-03 0.3150
86.00 0.3327E-02
-0.1328 0.5790
-0.7139E-02 0.3091
87.00 0.2975E-02
-0.1334 0.5874
-0.1576E-01 0.3047
88.00 0.2645E-02
-0.1340 0.5931
-0.2548E-01 0.3020
89.00 0.2341E-02
-0.1339 0.5956
-0.3611E-01 0.3018
90.00 0.2068E-02
-0.1322 0.5938
-0.4704E-01 0.3050
91.00 0.1830E-02
-0.1276 0.5867
-0.5718E-01 0.3127
92.00 0.1631E-02
-0.1190 0.5732
-0.6516E-01 0.3261
93.00 0.1470E-02
-0.1059 0.5529
-0.6970E-01 0.3457
94.00 0.1346E-02
-0.8837E-01 0.5258
-0.7019E-01 0.3705
95.00 0.1255E-02
-0.6758E-01 0.4927
-0.6698E-01 0.3987
96.00 0.1190E-02
-0.4522E-01 0.4544
-0.6135E-01 0.4271
97.00 0.1146E-02
-0.2323E-01 0.4124
-0.5501E-01 0.4525
98.00 0.1112E-02
-0.3266E-02 0.3683
-0.4941E-01 0.4725
99.00 0.1080E-02
0.1356E-01 0.3229
-0.4534E-01 0.4859
100.0 0.1046E-02
0.2657E-01 0.2759
-0.4280E-01 0.4921
101.0 0.1004E-02
0.3525E-01 0.2259
-0.4121E-01 0.4912
102.0 0.9551E-03
0.3902E-01 0.1706
-0.3964E-01 0.4835
103.0 0.9004E-03
0.3727E-01 0.1084
-0.3701E-01 0.4694
104.0 0.8436E-03
0.2951E-01 0.3832E-01
-0.3220E-01 0.4499
105.0 0.7895E-03
0.1570E-01 -0.3823E-01
-0.2412E-01 0.4270
106.0 0.7442E-03
-0.3253E-02 -0.1171
-0.1193E-01 0.4035
107.0 0.7131E-03
-0.2513E-01 -0.1909
0.4640E-02 0.3837
108.0 0.7003E-03
-0.4661E-01 -0.2510
0.2473E-01 0.3713
109.0 0.7072E-03
-0.6446E-01 -0.2909
0.4641E-01 0.3682
110.0 0.7317E-03
-0.7697E-01 -0.3100
0.6734E-01 0.3731
111.0 0.7696E-03
-0.8449E-01 -0.3134
0.8568E-01 0.3825
112.0 0.8147E-03
-0.8871E-01 -0.3081
0.1005 0.3924
113.0 0.8607E-03
-0.9162E-01 -0.3001
0.1117 0.4000
114.0 0.9013E-03
-0.9475E-01 -0.2927
0.1197 0.4040
115.0 0.9316E-03
-0.9896E-01 -0.2868
0.1250 0.4042
116.0 0.9485E-03
-0.1045 -0.2816
0.1283 0.4014
117.0 0.9517E-03
-0.1112 -0.2756
0.1302 0.3965
118.0 0.9429E-03
-0.1188 -0.2672
0.1315 0.3905
119.0 0.9252E-03
-0.1270 -0.2553
0.1330 0.3845
120.0 0.9018E-03
-0.1359 -0.2396
0.1354 0.3792
121.0 0.8754E-03
-0.1460 -0.2199
0.1395 0.3748
122.0 0.8484E-03
-0.1578 -0.1971
0.1461 0.3712
123.0 0.8228E-03
-0.1713 -0.1725
0.1557 0.3679
124.0 0.8007E-03
-0.1862 -0.1480
0.1685 0.3640
125.0 0.7838E-03
-0.2011 -0.1257
0.1843 0.3586
126.0 0.7725E-03
-0.2142 -0.1074
0.2024 0.3514
127.0 0.7658E-03
-0.2237 -0.9340E-01
0.2216 0.3422
128.0 0.7615E-03
-0.2284 -0.8318E-01
0.2402 0.3318
129.0 0.7568E-03
-0.2275 -0.7539E-01
0.2565 0.3214
130.0 0.7487E-03
-0.2208 -0.6864E-01
0.2684 0.3120
131.0 0.7348E-03
-0.2086 -0.6175E-01
0.2748 0.3050
132.0 0.7131E-03
-0.1918 -0.5376E-01
0.2751 0.3010
133.0 0.6829E-03
-0.1717 -0.4385E-01
0.2696 0.3008
134.0 0.6449E-03
-0.1502 -0.3137E-01
0.2589 0.3046
135.0 0.6010E-03
-0.1299 -0.1593E-01
0.2441 0.3121
136.0 0.5543E-03
-0.1143 0.2669E-02
0.2259 0.3227
137.0 0.5078E-03
-0.1072 0.2457E-01
0.2052 0.3347
138.0 0.4642E-03
-0.1125 0.5007E-01
0.1826 0.3456
139.0 0.4258E-03
-0.1325 0.7941E-01
0.1592 0.3522
140.0 0.3945E-03
-0.1667 0.1121
0.1366 0.3511
141.0 0.3722E-03
-0.2108 0.1460
0.1173 0.3400
142.0 0.3601E-03
-0.2566 0.1774
0.1048 0.3189
143.0 0.3580E-03
-0.2952 0.2026
0.1024 0.2906
144.0 0.3639E-03
-0.3205 0.2196
0.1113 0.2595
145.0 0.3747E-03
-0.3310 0.2283
0.1304 0.2299
146.0 0.3868E-03
-0.3285 0.2292
0.1572 0.2043
147.0 0.3970E-03
-0.3155 0.2223
0.1886 0.1839
148.0 0.4030E-03
-0.2943 0.2073
0.2222 0.1694
149.0 0.4037E-03
-0.2665 0.1843
0.2560 0.1610
150.0 0.3990E-03
-0.2328 0.1545
0.2881 0.1596
151.0 0.3903E-03
-0.1935 0.1201
0.3160 0.1667
152.0 0.3804E-03
-0.1493 0.8417E-01
0.3362 0.1843
153.0 0.3730E-03
-0.1017 0.5110E-01
0.3437 0.2138
154.0 0.3716E-03
-0.5443E-01 0.2608E-01
0.3344 0.2549
155.0 0.3786E-03
-0.1299E-01 0.1409E-01
0.3072 0.3041
156.0 0.3948E-03
0.1765E-01 0.1801E-01
0.2658 0.3555
157.0 0.4196E-03
0.3487E-01 0.3754E-01
0.2168 0.4034
158.0 0.4519E-03
0.3897E-01 0.6976E-01
0.1671 0.4439
159.0 0.4901E-03
0.3230E-01 0.1107
0.1219 0.4752
160.0 0.5323E-03
0.1824E-01 0.1568
0.8428E-01 0.4968
161.0 0.5767E-03
0.3029E-03 0.2059
0.5541E-01 0.5092
162.0 0.6217E-03
-0.1831E-01 0.2564
0.3496E-01 0.5133
163.0 0.6662E-03
-0.3493E-01 0.3072
0.2168E-01 0.5098
164.0 0.7098E-03
-0.4756E-01 0.3570
0.1377E-01 0.4993
165.0 0.7520E-03
-0.5495E-01 0.4042
0.9175E-02 0.4828
166.0 0.7915E-03
-0.5679E-01 0.4476
0.5875E-02 0.4615
167.0 0.8258E-03
-0.5354E-01 0.4869
0.2106E-02 0.4367
168.0 0.8516E-03
-0.4618E-01 0.5223
-0.3410E-02 0.4091
169.0 0.8662E-03
-0.3592E-01 0.5536
-0.1138E-01 0.3795
170.0 0.8675E-03
-0.2396E-01 0.5807
-0.2192E-01 0.3480
171.0 0.8550E-03
-0.1145E-01 0.6032
-0.3460E-01 0.3146
172.0 0.8291E-03
0.5559E-03 0.6214
-0.4856E-01 0.2791
173.0 0.7910E-03
0.1116E-01 0.6365
-0.6253E-01 0.2413
174.0 0.7431E-03
0.1964E-01 0.6501
-0.7488E-01 0.2010
175.0 0.6897E-03
0.2536E-01 0.6629
-0.8351E-01 0.1581
176.0 0.6364E-03
0.2771E-01 0.6744
-0.8579E-01 0.1137
177.0 0.5892E-03
0.2616E-01 0.6826
-0.7898E-01 0.7075E-01
178.0 0.5528E-03
0.2050E-01 0.6865
-0.6136E-01 0.3396E-01
179.0 0.5303E-03
0.1129E-01 0.6872
-0.3372E-01 0.8903E-02
180.0 0.5227E-03
0.000 0.6870
0.000 0.000
