0.000 0.2691
0.000 0.5687E-01
0.000 0.000
1.000 0.2634
0.1569E-01 0.4267E-01
0.7253E-02 0.1624E-01
2.000 0.2491
0.1031E-01 -0.4124E-02
0.1143E-01 0.6520E-01
3.000 0.2346
-0.3963E-01 -0.9147E-01
0.6825E-02 0.1422
4.000 0.2321
-0.1460 -0.2124
-0.1437E-01 0.2226
5.000 0.2552
-0.2770 -0.3237
-0.5295E-01 0.2604
6.000 0.3140
-0.3688 -0.3755
-0.9553E-01 0.2324
7.000 0.4118
-0.3948 -0.3666
-0.1282 0.1654
8.000 0.5411
-0.3748 -0.3283
-0.1485 0.9419E-01
9.000 0.6834
-0.3348 -0.2853
-0.1603 0.3478E-01
10.00 0.8126
-0.2895 -0.2485
-0.1677 -0.1083E-01
11.00 0.9019
-0.2448 -0.2215
-0.1736 -0.4532E-01
12.00 0.9309
-0.2022 -0.2048
-0.1801 -0.7227E-01
13.00 0.8931
-0.1608 -0.1983
-0.1888 -0.9541E-01
14.00 0.7976
-0.1191 -0.2014
-0.2020 -0.1191
15.00 0.6670
-0.7508E-01 -0.2119
-0.2227 -0.1492
16.00 0.5302
-0.2813E-01 -0.2227
-0.2540 -0.1943
17.00 0.4138
0.1766E-01 -0.2159
-0.2966 -0.2628
18.00 0.3350
0.4876E-01 -0.1636
-0.3414 -0.3519
19.00 0.2975
0.4808E-01 -0.5259E-01
-0.3672 -0.4324
20.00 0.2932
0.1660E-01 0.8494E-01
-0.3607 -0.4682
21.00 0.3062
-0.2585E-01 0.2034
-0.3320 -0.4553
22.00 0.3196
-0.6398E-01 0.2870
-0.2977 -0.4130
23.00 0.3204
-0.9418E-01 0.3423
-0.2666 -0.3568
24.00 0.3029
-0.1181 0.3782
-0.2406 -0.2921
25.00 0.2686
-0.1378 0.3994
-0.2184 -0.2183
26.00 0.2241
-0.1536 0.4049
-0.1978 -0.1330
27.00 0.1777
-0.1623 0.3881
-0.1753 -0.3564E-01
28.00 0.1370
-0.1543 0.3369
-0.1460 0.6537E-01
29.00 0.1066
-0.1125 0.2414
-0.1053 0.1431
30.00 0.8827E-01
-0.2169E-01 0.1128
-0.5449E-01 0.1544
31.00 0.8074E-01
0.1080 -0.5223E-02
-0.6304E-02 0.7816E-01
32.00 0.8130E-01
0.2402 -0.7050E-01
0.2370E-01 -0.4854E-01
33.00 0.8671E-01
0.3468 -0.8190E-01
0.3132E-01 -0.1679
34.00 0.9397E-01
0.4236 -0.6383E-01
0.2172E-01 -0.2508
35.00 0.1009
0.4770 -0.3847E-01
0.9130E-03 -0.2952
36.00 0.1059
0.5134 -0.1849E-01
-0.2724E-01 -0.3093
37.00 0.1086
0.5355 -0.9994E-02
-0.6055E-01 -0.3015
38.00 0.1087
0.5439 -0.1582E-01
-0.9748E-01 -0.2785
39.00 0.1065
0.5378 -0.3720E-01
-0.1366 -0.2455
40.00 0.1025
0.5167 -0.7429E-01
-0.1766 -0.2065
41.00 0.9710E-01
0.4803 -0.1262
-0.2157 -0.1648
42.00 0.9088E-01
0.4301 -0.1909
-0.2524 -0.1233
43.00 0.8428E-01
0.3686 -0.2651
-0.2853 -0.8423E-01
44.00 0.7765E-01
0.2997 -0.3446
-0.3131 -0.4951E-01
45.00 0.7127E-01
0.2283 -0.4244
-0.3352 -0.2032E-01
46.00 0.6532E-01
0.1595 -0.5001
-0.3515 0.2715E-02
47.00 0.5992E-01
0.9778E-01 -0.5679
-0.3626 0.1956E-01
48.00 0.5514E-01
0.4642E-01 -0.6256
-0.3700 0.3057E-01
49.00 0.5100E-01
0.7211E-02 -0.6725
-0.3752 0.3635E-01
50.00 0.4753E-01
-0.1970E-01 -0.7091
-0.3800 0.3752E-01
51.00 0.4473E-01
-0.3556E-01 -0.7368
-0.3856 0.3463E-01
52.00 0.4262E-01
-0.4256E-01 -0.7572
-0.3922 0.2818E-01
53.00 0.4118E-01
-0.4332E-01 -0.7721
-0.3995 0.1869E-01
54.00 0.4038E-01
-0.4028E-01 -0.7831
-0.4060 0.6773E-02
55.00 0.4015E-01
-0.3517E-01 -0.7913
-0.4101 -0.6785E-02
56.00 0.4041E-01
-0.2885E-01 -0.7979
-0.4104 -0.2111E-01
57.00 0.4103E-01
-0.2136E-01 -0.8034
-0.4064 -0.3533E-01
58.00 0.4187E-01
-0.1228E-01 -0.8080
-0.3980 -0.4875E-01
59.00 0.4281E-01
-0.1082E-02 -0.8117
-0.3858 -0.6088E-01
60.00 0.4370E-01
0.1262E-01 -0.8138
-0.3709 -0.7147E-01
61.00 0.4445E-01
0.2901E-01 -0.8139
-0.3539 -0.8048E-01
62.00 0.4499E-01
0.4802E-01 -0.8113
-0.3356 -0.8799E-01
63.00 0.4529E-01
0.6948E-01 -0.8054
-0.3165 -0.9416E-01
64.00 0.4535E-01
0.9309E-01 -0.7958
-0.2970 -0.9918E-01
65.00 0.4521E-01
0.1184 -0.7823
-0.2774 -0.1032
66.00 0.4490E-01
0.1449 -0.7649
-0.2582 -0.1062
67.00 0.4444E-01
0.1718 -0.7438
-0.2395 -0.1082
68.00 0.4388E-01
0.1981 -0.7197
-0.2219 -0.1091
69.00 0.4321E-01
0.2229 -0.6934
-0.2056 -0.1087
70.00 0.4245E-01
0.2450 -0.6661
-0.1908 -0.1068
71.00 0.4160E-01
0.2636 -0.6388
-0.1773 -0.1032
72.00 0.4066E-01
0.2781 -0.6125
-0.1651 -0.9796E-01
73.00 0.3964E-01
0.2881 -0.5881
-0.1537 -0.9119E-01
74.00 0.3856E-01
0.2937 -0.5663
-0.1426 -0.8315E-01
75.00 0.3746E-01
0.2954 -0.5475
-0.1314 -0.7420E-01
76.00 0.3634E-01
0.2936 -0.5318
-0.1197 -0.6476E-01
77.00 0.3524E-01
0.2891 -0.5193
-0.1072 -0.5524E-01
78.00 0.3415E-01
0.2824 -0.5099
-0.9385E-01 -0.4599E-01
79.00 0.3307E-01
0.2742 -0.5032
-0.7952E-01 -0.3731E-01
80.00 0.3201E-01
0.2649 -0.4986
-0.6431E-01 -0.2943E-01
81.00 0.3094E-01
0.2550 -0.4957
-0.4840E-01 -0.2251E-01
82.00 0.2988E-01
0.2451 -0.4937
-0.3210E-01 -0.1666E-01
83.00 0.2882E-01
0.2358 -0.4918
-0.1592E-01 -0.1184E-01
84.00 0.2777E-01
0.2276 -0.4893
-0.5285E-03 -0.7905E-02
85.00 0.2673E-01
0.2208 -0.4857
0.1330E-01 -0.4500E-02
86.00 0.2567E-01
0.2154 -0.4806
0.2485E-01 -0.1157E-02
87.00 0.2460E-01
0.2112 -0.4740
0.3352E-01 0.2642E-02
88.00 0.2348E-01
0.2077 -0.4664
0.3902E-01 0.7357E-02
89.00 0.2233E-01
0.2041 -0.4582
0.4133E-01 0.1329E-01
90.00 0.2112E-01
0.1997 -0.4502
0.4076E-01 0.2055E-01
91.00 0.1986E-01
0.1940 -0.4432
0.3784E-01 0.2903E-01
92.00 0.1857E-01
0.1864 -0.4381
0.3325E-01 0.3846E-01
93.00 0.1726E-01
0.1769 -0.4356
0.2781E-01 0.4849E-01
94.00 0.1597E-01
0.1653 -0.4363
0.2234E-01 0.5867E-01
95.00 0.1471E-01
0.1520 -0.4409
0.1767E-01 0.6862E-01
96.00 0.1350E-01
0.1373 -0.4497
0.1456E-01 0.7796E-01
97.00 0.1237E-01
0.1219 -0.4629
0.1358E-01 0.8649E-01
98.00 0.1132E-01
0.1065 -0.4802
0.1501E-01 0.9416E-01
99.00 0.1036E-01
0.9183E-01 -0.5011
0.1877E-01 0.1011
100.0 0.9486E-02
0.7840E-01 -0.5244
0.2436E-01 0.1079
101.0 0.8696E-02
0.6646E-01 -0.5490
0.3095E-01 0.1149
102.0 0.7980E-02
0.5584E-01 -0.5731
0.3751E-01 0.1229
103.0 0.7329E-02
0.4589E-01 -0.5954
0.4304E-01 0.1323
104.0 0.6731E-02
0.3557E-01 -0.6144
0.4674E-01 0.1434
105.0 0.6179E-02
0.2351E-01 -0.6289
0.4818E-01 0.1562
106.0 0.5666E-02
0.8153E-02 -0.6379
0.4741E-01 0.1702
107.0 0.5187E-02
-0.1209E-01 -0.6406
0.4504E-01 0.1846
108.0 0.4739E-02
-0.3860E-01 -0.6367
0.4233E-01 0.1983
109.0 0.4323E-02
-0.7228E-01 -0.6258
0.4116E-01 0.2100
110.0 0.3940E-02
-0.1131 -0.6082
0.4399E-01 0.2183
111.0 0.3596E-02
-0.1597 -0.5848
0.5352E-01 0.2220
112.0 0.3297E-02
-0.2088 -0.5574
0.7211E-01 0.2196
113.0 0.3046E-02
-0.2555 -0.5286
0.1009 0.2106
114.0 0.2846E-02
-0.2938 -0.5019
0.1389 0.1952
115.0 0.2696E-02
-0.3189 -0.4806
0.1824 0.1748
116.0 0.2587E-02
-0.3288 -0.4667
0.2261 0.1516
117.0 0.2510E-02
-0.3251 -0.4606
0.2641 0.1281
118.0 0.2451E-02
-0.3132 -0.4607
0.2921 0.1060
119.0 0.2399E-02
-0.2995 -0.4643
0.3077 0.8588E-01
120.0 0.2343E-02
-0.2908 -0.4682
0.3109 0.6715E-01
121.0 0.2278E-02
-0.2926 -0.4693
0.3028 0.4846E-01
122.0 0.2202E-02
-0.3088 -0.4647
0.2855 0.2794E-01
123.0 0.2118E-02
-0.3416 -0.4516
0.2618 0.3622E-02
124.0 0.2030E-02
-0.3904 -0.4276
0.2351 -0.2626E-01
125.0 0.1947E-02
-0.4516 -0.3909
0.2093 -0.6294E-01
126.0 0.1874E-02
-0.5178 -0.3413
0.1893 -0.1066
127.0 0.1818E-02
-0.5782 -0.2808
0.1792 -0.1561
128.0 0.1785E-02
-0.6208 -0.2142
0.1823 -0.2082
129.0 0.1778E-02
-0.6352 -0.1487
0.1990 -0.2588
130.0 0.1797E-02
-0.6174 -0.9228E-01
0.2267 -0.3029
131.0 0.1839E-02
-0.5708 -0.5081E-01
0.2605 -0.3369
132.0 0.1896E-02
-0.5049 -0.2692E-01
0.2948 -0.3592
133.0 0.1961E-02
-0.4320 -0.1957E-01
0.3247 -0.3705
134.0 0.2022E-02
-0.3637 -0.2514E-01
0.3468 -0.3730
135.0 0.2072E-02
-0.3087 -0.3874E-01
0.3595 -0.3698
136.0 0.2103E-02
-0.2727 -0.5528E-01
0.3625 -0.3641
137.0 0.2112E-02
-0.2585 -0.7004E-01
0.3559 -0.3591
138.0 0.2097E-02
-0.2666 -0.7885E-01
0.3404 -0.3572
139.0 0.2058E-02
-0.2954 -0.7824E-01
0.3168 -0.3608
140.0 0.1998E-02
-0.3415 -0.6546E-01
0.2858 -0.3712
141.0 0.1920E-02
-0.3999 -0.3866E-01
0.2484 -0.3892
142.0 0.1829E-02
-0.4640 0.2718E-02
0.2057 -0.4149
143.0 0.1732E-02
-0.5249 0.5740E-01
0.1596 -0.4471
144.0 0.1637E-02
-0.5720 0.1215
0.1130 -0.4832
145.0 0.1552E-02
-0.5934 0.1878
0.7016E-01 -0.5190
146.0 0.1487E-02
-0.5784 0.2465
0.3665E-01 -0.5488
147.0 0.1447E-02
-0.5222 0.2867
0.1785E-01 -0.5664
148.0 0.1436E-02
-0.4287 0.3007
0.1704E-01 -0.5676
149.0 0.1456E-02
-0.3119 0.2869
0.3358E-01 -0.5515
150.0 0.1502E-02
-0.1913 0.2506
0.6280E-01 -0.5216
151.0 0.1570E-02
-0.8534E-01 0.2016
0.9768E-01 -0.4832
152.0 0.1651E-02
-0.6981E-02 0.1498
0.1311 -0.4421
153.0 0.1739E-02
0.3730E-01 0.1025
0.1573 -0.4027
154.0 0.1828E-02
0.4634E-01 0.6370E-01
0.1723 -0.3677
155.0 0.1911E-02
0.2246E-01 0.3387E-01
0.1739 -0.3378
156.0 0.1986E-02
-0.2995E-01 0.1120E-01
0.1610 -0.3131
157.0 0.2052E-02
-0.1050 -0.7696E-02
0.1335 -0.2923
158.0 0.2112E-02
-0.1956 -0.2691E-01
0.9271E-01 -0.2741
159.0 0.2169E-02
-0.2930 -0.5051E-01
0.4083E-01 -0.2570
160.0 0.2230E-02
-0.3872 -0.8181E-01
-0.1834E-01 -0.2396
161.0 0.2301E-02
-0.4674 -0.1226
-0.7983E-01 -0.2207
162.0 0.2386E-02
-0.5239 -0.1728
-0.1380 -0.1998
163.0 0.2489E-02
-0.5495 -0.2300
-0.1878 -0.1770
164.0 0.2609E-02
-0.5419 -0.2905
-0.2255 -0.1528
165.0 0.2742E-02
-0.5030 -0.3504
-0.2493 -0.1282
166.0 0.2877E-02
-0.4386 -0.4061
-0.2599 -0.1042
167.0 0.3004E-02
-0.3557 -0.4555
-0.2588 -0.8141E-01
168.0 0.3107E-02
-0.2616 -0.4976
-0.2487 -0.6044E-01
169.0 0.3176E-02
-0.1623 -0.5325
-0.2317 -0.4164E-01
170.0 0.3200E-02
-0.6260E-01 -0.5606
-0.2101 -0.2525E-01
171.0 0.3174E-02
0.3345E-01 -0.5828
-0.1853 -0.1148E-01
172.0 0.3100E-02
0.1223 -0.6000
-0.1587 -0.5601E-03
173.0 0.2981E-02
0.2001 -0.6131
-0.1313 0.7335E-02
174.0 0.2827E-02
0.2620 -0.6231
-0.1043 0.1207E-01
175.0 0.2654E-02
0.3021 -0.6307
-0.7873E-01 0.1368E-01
176.0 0.2477E-02
0.3131 -0.6367
-0.5576E-01 0.1245E-01
177.0 0.2315E-02
0.2880 -0.6413
-0.3637E-01 0.9099E-02
178.0 0.2185E-02
0.2232 -0.6445
-0.2104E-01 0.4874E-02
179.0 0.2101E-02
0.1225 -0.6465
-0.9403E-02 0.1365E-02
180.0 0.2071E-02
0.000 -0.6472
0.000 0.000
