0.000 4.923
0.000 -1.414
0.000 0.000
1.000 5.033
-0.1124 -1.319
-0.3397 -0.3869E-01
2.000 5.335
-0.1992 -1.073
-0.6045 -0.1394
3.000 5.751
-0.2491 -0.7551
-0.7619 -0.2691
4.000 6.170
-0.2655 -0.4367
-0.8215 -0.3991
5.000 6.471
-0.2575 -0.1549
-0.8108 -0.5141
6.000 6.550
-0.2338 0.7919E-01
-0.7553 -0.6097
7.000 6.341
-0.2001 0.2679
-0.6727 -0.6867
8.000 5.830
-0.1596 0.4178
-0.5726 -0.7479
9.000 5.059
-0.1133 0.5355
-0.4586 -0.7959
10.00 4.116
-0.6041E-01 0.6246
-0.3294 -0.8323
11.00 3.113
0.6076E-03 0.6841
-0.1794 -0.8566
12.00 2.167
0.7186E-01 0.7034
0.2804E-02 -0.8645
13.00 1.373
0.1524 0.6503
0.2344 -0.8428
14.00 0.7891
0.2232 0.4409
0.5286 -0.7573
15.00 0.4301
0.1934 -0.9110E-01
0.8165 -0.5401
16.00 0.2702
-0.1370 -0.9045
0.7272 -0.2081
17.00 0.2557
-0.5976 -1.114
0.8451E-01 -0.1225
18.00 0.3220
-0.7434 -0.6413
-0.3769 -0.3155
19.00 0.4089
-0.6908 -0.1634
-0.4987 -0.5106
20.00 0.4725
-0.5915 0.1688
-0.4672 -0.6462
21.00 0.4902
-0.4853 0.3939
-0.3770 -0.7381
22.00 0.4593
-0.3740 0.5492
-0.2584 -0.8016
23.00 0.3916
-0.2497 0.6516
-0.1188 -0.8433
24.00 0.3056
-0.1008 0.6986
0.4164E-01 -0.8625
25.00 0.2194
0.8491E-01 0.6663
0.2222 -0.8493
26.00 0.1465
0.3126 0.4985
0.4101 -0.7808
27.00 0.9362E-01
0.5494 0.1054
0.5546 -0.6203
28.00 0.6132E-01
0.6581 -0.5539
0.5383 -0.3511
29.00 0.4591E-01
0.4255 -1.217
0.2675 -0.8038E-01
30.00 0.4180E-01
-0.9298E-01 -1.403
-0.8134E-01 -0.4380E-02
31.00 0.4345E-01
-0.5540 -1.114
-0.2400 -0.1226
32.00 0.4660E-01
-0.8006 -0.6912
-0.1808 -0.2950
33.00 0.4878E-01
-0.8658 -0.3401
0.1047E-01 -0.4383
34.00 0.4911E-01
-0.8035 -0.1248
0.2632 -0.5262
35.00 0.4789E-01
-0.6477 -0.6646E-01
0.5247 -0.5501
36.00 0.4604E-01
-0.4263 -0.1731
0.7391 -0.5065
37.00 0.4462E-01
-0.1803 -0.4268
0.8448 -0.4029
38.00 0.4445E-01
0.3226E-01 -0.7636
0.7978 -0.2654
39.00 0.4594E-01
0.1583 -1.085
0.6067 -0.1343
40.00 0.4907E-01
0.1798 -1.307
0.3335 -0.4362E-01
41.00 0.5336E-01
0.1173 -1.402
0.5297E-01 -0.4800E-02
42.00 0.5813E-01
0.7094E-02 -1.390
-0.1847 -0.9975E-02
43.00 0.6256E-01
-0.1199 -1.306
-0.3612 -0.4406E-01
44.00 0.6589E-01
-0.2449 -1.185
-0.4782 -0.9345E-01
45.00 0.6757E-01
-0.3589 -1.050
-0.5454 -0.1486
46.00 0.6730E-01
-0.4589 -0.9154
-0.5732 -0.2036
47.00 0.6504E-01
-0.5448 -0.7898
-0.5709 -0.2548
48.00 0.6101E-01
-0.6177 -0.6787
-0.5455 -0.3002
49.00 0.5560E-01
-0.6787 -0.5860
-0.5029 -0.3380
50.00 0.4929E-01
-0.7290 -0.5151
-0.4480 -0.3670
51.00 0.4260E-01
-0.7690 -0.4697
-0.3862 -0.3855
52.00 0.3602E-01
-0.7987 -0.4532
-0.3239 -0.3922
53.00 0.2995E-01
-0.8171 -0.4681
-0.2700 -0.3861
54.00 0.2469E-01
-0.8222 -0.5129
-0.2369 -0.3678
55.00 0.2041E-01
-0.8114 -0.5778
-0.2388 -0.3412
56.00 0.1716E-01
-0.7819 -0.6403
-0.2873 -0.3157
57.00 0.1487E-01
-0.7326 -0.6670
-0.3824 -0.3047
58.00 0.1343E-01
-0.6656 -0.6266
-0.5054 -0.3212
59.00 0.1264E-01
-0.5855 -0.5076
-0.6240 -0.3698
60.00 0.1230E-01
-0.4964 -0.3251
-0.7077 -0.4443
61.00 0.1225E-01
-0.4004 -0.1095
-0.7402 -0.5323
62.00 0.1232E-01
-0.2969 0.1085
-0.7194 -0.6213
63.00 0.1242E-01
-0.1844 0.3050
-0.6520 -0.7016
64.00 0.1249E-01
-0.6246E-01 0.4638
-0.5470 -0.7664
65.00 0.1252E-01
0.6774E-01 0.5732
-0.4141 -0.8110
66.00 0.1252E-01
0.2023 0.6252
-0.2632 -0.8323
67.00 0.1251E-01
0.3349 0.6155
-0.1044 -0.8283
68.00 0.1253E-01
0.4569 0.5446
0.5187E-01 -0.7994
69.00 0.1259E-01
0.5595 0.4190
0.1958 -0.7481
70.00 0.1273E-01
0.6352 0.2513
0.3194 -0.6797
71.00 0.1294E-01
0.6795 0.5811E-01
0.4180 -0.6008
72.00 0.1321E-01
0.6922 -0.1429
0.4905 -0.5187
73.00 0.1353E-01
0.6768 -0.3362
0.5394 -0.4399
74.00 0.1387E-01
0.6395 -0.5102
0.5690 -0.3688
75.00 0.1421E-01
0.5876 -0.6587
0.5845 -0.3082
76.00 0.1451E-01
0.5280 -0.7797
0.5908 -0.2589
77.00 0.1474E-01
0.4664 -0.8744
0.5919 -0.2202
78.00 0.1491E-01
0.4073 -0.9458
0.5906 -0.1910
79.00 0.1499E-01
0.3537 -0.9980
0.5887 -0.1697
80.00 0.1499E-01
0.3075 -1.035
0.5869 -0.1547
81.00 0.1493E-01
0.2696 -1.060
0.5855 -0.1444
82.00 0.1480E-01
0.2405 -1.078
0.5840 -0.1373
83.00 0.1464E-01
0.2198 -1.090
0.5816 -0.1321
84.00 0.1444E-01
0.2064 -1.101
0.5774 -0.1278
85.00 0.1423E-01
0.1988 -1.112
0.5705 -0.1234
86.00 0.1399E-01
0.1949 -1.124
0.5603 -0.1182
87.00 0.1373E-01
0.1924 -1.140
0.5467 -0.1119
88.00 0.1345E-01
0.1891 -1.158
0.5300 -0.1045
89.00 0.1313E-01
0.1831 -1.178
0.5109 -0.9629E-01
90.00 0.1277E-01
0.1732 -1.199
0.4906 -0.8759E-01
91.00 0.1235E-01
0.1590 -1.221
0.4702 -0.7894E-01
92.00 0.1186E-01
0.1403 -1.240
0.4509 -0.7079E-01
93.00 0.1132E-01
0.1176 -1.258
0.4333 -0.6353E-01
94.00 0.1071E-01
0.9170E-01 -1.273
0.4183 -0.5745E-01
95.00 0.1004E-01
0.6340E-01 -1.285
0.4062 -0.5273E-01
96.00 0.9339E-02
0.3363E-01 -1.293
0.3972 -0.4950E-01
97.00 0.8616E-02
0.3388E-02 -1.297
0.3917 -0.4778E-01
98.00 0.7892E-02
-0.2620E-01 -1.297
0.3895 -0.4753E-01
99.00 0.7184E-02
-0.5396E-01 -1.295
0.3905 -0.4861E-01
100.0 0.6508E-02
-0.7870E-01 -1.289
0.3942 -0.5075E-01
101.0 0.5875E-02
-0.9946E-01 -1.282
0.3999 -0.5357E-01
102.0 0.5289E-02
-0.1157 -1.275
0.4064 -0.5659E-01
103.0 0.4751E-02
-0.1274 -1.268
0.4125 -0.5933E-01
104.0 0.4259E-02
-0.1354 -1.263
0.4170 -0.6141E-01
105.0 0.3808E-02
-0.1408 -1.260
0.4192 -0.6267E-01
106.0 0.3394E-02
-0.1453 -1.258
0.4188 -0.6317E-01
107.0 0.3012E-02
-0.1503 -1.258
0.4165 -0.6319E-01
108.0 0.2657E-02
-0.1568 -1.258
0.4134 -0.6322E-01
109.0 0.2328E-02
-0.1650 -1.256
0.4111 -0.6381E-01
110.0 0.2025E-02
-0.1742 -1.251
0.4118 -0.6547E-01
111.0 0.1747E-02
-0.1827 -1.243
0.4174 -0.6862E-01
112.0 0.1497E-02
-0.1877 -1.231
0.4294 -0.7343E-01
113.0 0.1276E-02
-0.1851 -1.214
0.4487 -0.7977E-01
114.0 0.1086E-02
-0.1702 -1.195
0.4741 -0.8710E-01
115.0 0.9270E-03
-0.1384 -1.176
0.5024 -0.9441E-01
116.0 0.7966E-03
-0.8646E-01 -1.160
0.5274 -0.1004
117.0 0.6910E-03
-0.1464E-01 -1.151
0.5410 -0.1037
118.0 0.6050E-03
0.7288E-01 -1.149
0.5351 -0.1037
119.0 0.5327E-03
0.1687 -1.155
0.5037 -0.1005
120.0 0.4686E-03
0.2642 -1.166
0.4441 -0.9510E-01
121.0 0.4084E-03
0.3519 -1.177
0.3562 -0.8950E-01
122.0 0.3495E-03
0.4257 -1.181
0.2410 -0.8599E-01
123.0 0.2913E-03
0.4798 -1.173
0.9927E-01 -0.8728E-01
124.0 0.2350E-03
0.5064 -1.143
-0.6903E-01 -0.9665E-01
125.0 0.1834E-03
0.4910 -1.080
-0.2624 -0.1181
126.0 0.1400E-03
0.4064 -0.9746
-0.4687 -0.1550
127.0 0.1086E-03
0.2166 -0.8345
-0.6440 -0.2046
128.0 0.9198E-04
-0.7611E-01 -0.7190
-0.6983 -0.2453
129.0 0.9186E-04
-0.3565 -0.7217
-0.5824 -0.2435
130.0 0.1080E-03
-0.4927 -0.8408
-0.4013 -0.2003
131.0 0.1381E-03
-0.4995 -0.9803
-0.2833 -0.1503
132.0 0.1784E-03
-0.4575 -1.079
-0.2525 -0.1159
133.0 0.2237E-03
-0.4154 -1.125
-0.2825 -0.1012
134.0 0.2686E-03
-0.3894 -1.123
-0.3469 -0.1045
135.0 0.3084E-03
-0.3824 -1.079
-0.4280 -0.1244
136.0 0.3399E-03
-0.3932 -0.9920
-0.5132 -0.1610
137.0 0.3621E-03
-0.4199 -0.8621
-0.5905 -0.2146
138.0 0.3762E-03
-0.4595 -0.6900
-0.6458 -0.2852
139.0 0.3850E-03
-0.5085 -0.4827
-0.6627 -0.3700
140.0 0.3927E-03
-0.5614 -0.2583
-0.6256 -0.4618
141.0 0.4034E-03
-0.6121 -0.4644E-01
-0.5268 -0.5485
142.0 0.4204E-03
-0.6545 0.1182
-0.3732 -0.6160
143.0 0.4452E-03
-0.6855 0.2088
-0.1875 -0.6535
144.0 0.4778E-03
-0.7059 0.2172
0.1264E-03 -0.6574
145.0 0.5159E-03
-0.7189 0.1536
0.1629 -0.6321
146.0 0.5561E-03
-0.7286 0.3903E-01
0.2840 -0.5858
147.0 0.5942E-03
-0.7381 -0.1038
0.3573 -0.5280
148.0 0.6260E-03
-0.7489 -0.2556
0.3831 -0.4663
149.0 0.6481E-03
-0.7611 -0.4015
0.3652 -0.4070
150.0 0.6584E-03
-0.7738 -0.5295
0.3086 -0.3548
151.0 0.6570E-03
-0.7851 -0.6296
0.2191 -0.3139
152.0 0.6460E-03
-0.7932 -0.6917
0.1032 -0.2884
153.0 0.6293E-03
-0.7959 -0.7060
-0.2923E-01 -0.2823
154.0 0.6125E-03
-0.7920 -0.6645
-0.1643 -0.2990
155.0 0.6017E-03
-0.7813 -0.5658
-0.2829 -0.3391
156.0 0.6028E-03
-0.7660 -0.4207
-0.3643 -0.3983
157.0 0.6200E-03
-0.7502 -0.2537
-0.3936 -0.4666
158.0 0.6556E-03
-0.7381 -0.9597E-01
-0.3699 -0.5314
159.0 0.7084E-03
-0.7325 0.2753E-01
-0.3058 -0.5822
160.0 0.7749E-03
-0.7337 0.1061
-0.2203 -0.6148
161.0 0.8489E-03
-0.7402 0.1418
-0.1296 -0.6299
162.0 0.9234E-03
-0.7498 0.1433
-0.4374E-01 -0.6309
163.0 0.9913E-03
-0.7604 0.1201
0.3331E-01 -0.6217
164.0 0.1047E-02
-0.7705 0.7968E-01
0.1016 -0.6054
165.0 0.1088E-02
-0.7787 0.2641E-01
0.1632 -0.5838
166.0 0.1114E-02
-0.7838 -0.3795E-01
0.2205 -0.5575
167.0 0.1128E-02
-0.7844 -0.1140
0.2753 -0.5265
168.0 0.1136E-02
-0.7788 -0.2038
0.3284 -0.4898
169.0 0.1142E-02
-0.7651 -0.3098
0.3780 -0.4465
170.0 0.1156E-02
-0.7408 -0.4329
0.4205 -0.3963
171.0 0.1181E-02
-0.7043 -0.5712
0.4505 -0.3399
172.0 0.1221E-02
-0.6545 -0.7188
0.4628 -0.2797
173.0 0.1278E-02
-0.5922 -0.8671
0.4542 -0.2194
174.0 0.1350E-02
-0.5194 -1.006
0.4245 -0.1626
175.0 0.1431E-02
-0.4390 -1.129
0.3763 -0.1127
176.0 0.1515E-02
-0.3539 -1.231
0.3141 -0.7144E-01
177.0 0.1594E-02
-0.2662 -1.309
0.2421 -0.3970E-01
178.0 0.1657E-02
-0.1776 -1.364
0.1641 -0.1745E-01
179.0 0.1699E-02
-0.8880E-01 -1.396
0.8274E-01 -0.4327E-02
180.0 0.1713E-02
0.000 -1.407
0.000 0.000
