0.000 9.219
0.000 0.7071
0.000 0.000
1.000 9.746
-0.7622E-01 0.6195
0.2268 0.2977E-01
2.000 11.16
-0.1227 0.4202
0.3709 0.9734E-01
3.000 13.03
-0.1374 0.2105
0.4266 0.1680
4.000 14.75
-0.1326 0.3804E-01
0.4281 0.2253
5.000 15.77
-0.1186 -0.9319E-01
0.4042 0.2677
6.000 15.72
-0.1008 -0.1931
0.3698 0.2986
7.000 14.49
-0.8139E-01 -0.2727
0.3305 0.3212
8.000 12.27
-0.6100E-01 -0.3406
0.2863 0.3381
9.000 9.459
-0.3964E-01 -0.4038
0.2335 0.3506
10.00 6.562
-0.1781E-01 -0.4669
0.1636 0.3585
11.00 4.024
0.7561E-03 -0.5299
0.5840E-01 0.3577
12.00 2.154
-0.2481E-02 -0.5693
-0.1166 0.3319
13.00 1.066
-0.1006 -0.4590
-0.3770 0.2300
14.00 0.6930
-0.3688 0.9269E-02
-0.4164 0.3804E-01
15.00 0.8414
-0.4797 0.3027
-0.1530E-01 0.3180E-02
16.00 1.263
-0.4078 0.2352
0.2540 0.7425E-01
17.00 1.727
-0.3297 0.1155
0.3621 0.1280
18.00 2.066
-0.2722 0.1491E-01
0.4080 0.1578
19.00 2.197
-0.2293 -0.6912E-01
0.4318 0.1720
20.00 2.113
-0.1944 -0.1465
0.4475 0.1760
21.00 1.861
-0.1632 -0.2269
0.4597 0.1727
22.00 1.515
-0.1330 -0.3200
0.4688 0.1636
23.00 1.150
-0.1025 -0.4364
0.4712 0.1501
24.00 0.8235
-0.7377E-01 -0.5860
0.4575 0.1347
25.00 0.5719
-0.5618E-01 -0.7657
0.4084 0.1233
26.00 0.4065
-0.7177E-01 -0.9281
0.2994 0.1274
27.00 0.3207
-0.1431 -0.9625
0.1341 0.1561
28.00 0.2965
-0.2524 -0.8039
-0.1978E-01 0.1971
29.00 0.3111
-0.3484 -0.5500
-0.1010 0.2245
30.00 0.3424
-0.4090 -0.3228
-0.1198 0.2295
31.00 0.3728
-0.4425 -0.1590
-0.1118 0.2177
32.00 0.3902
-0.4620 -0.4822E-01
-0.9946E-01 0.1954
33.00 0.3891
-0.4756 0.2681E-01
-0.9274E-01 0.1655
34.00 0.3691
-0.4872 0.7927E-01
-0.9580E-01 0.1286
35.00 0.3335
-0.4981 0.1180
-0.1108 0.8393E-01
36.00 0.2883
-0.5075 0.1493
-0.1396 0.2981E-01
37.00 0.2401
-0.5118 0.1788
-0.1835 -0.3514E-01
38.00 0.1945
-0.5040 0.2123
-0.2423 -0.1104
39.00 0.1560
-0.4734 0.2561
-0.3114 -0.1906
40.00 0.1269
-0.4082 0.3153
-0.3775 -0.2612
41.00 0.1077
-0.3049 0.3889
-0.4196 -0.3007
42.00 0.9722E-01
-0.1786 0.4663
-0.4198 -0.2930
43.00 0.9354E-01
-0.5763E-01 0.5323
-0.3800 -0.2429
44.00 0.9418E-01
0.3669E-01 0.5783
-0.3194 -0.1728
45.00 0.9685E-01
0.1005 0.6047
-0.2591 -0.1045
46.00 0.9968E-01
0.1412 0.6166
-0.2112 -0.4930E-01
47.00 0.1015
0.1686 0.6182
-0.1793 -0.9824E-02
48.00 0.1016
0.1904 0.6118
-0.1629 0.1562E-01
49.00 0.9993E-01
0.2121 0.5974
-0.1599 0.2999E-01
50.00 0.9694E-01
0.2367 0.5738
-0.1674 0.3641E-01
51.00 0.9316E-01
0.2659 0.5388
-0.1824 0.3793E-01
52.00 0.8926E-01
0.2999 0.4908
-0.2010 0.3747E-01
53.00 0.8584E-01
0.3373 0.4294
-0.2189 0.3773E-01
54.00 0.8335E-01
0.3754 0.3571
-0.2316 0.4081E-01
55.00 0.8196E-01
0.4111 0.2787
-0.2359 0.4769E-01
56.00 0.8164E-01
0.4415 0.2008
-0.2307 0.5801E-01
57.00 0.8210E-01
0.4653 0.1294
-0.2170 0.7034E-01
58.00 0.8294E-01
0.4827 0.6842E-01
-0.1975 0.8281E-01
59.00 0.8368E-01
0.4948 0.1919E-01
-0.1753 0.9373E-01
60.00 0.8388E-01
0.5034 -0.1887E-01
-0.1528 0.1020
61.00 0.8321E-01
0.5100 -0.4742E-01
-0.1321 0.1068
62.00 0.8145E-01
0.5157 -0.6846E-01
-0.1143 0.1082
63.00 0.7854E-01
0.5214 -0.8399E-01
-0.1001 0.1061
64.00 0.7454E-01
0.5276 -0.9581E-01
-0.8986E-01 0.1006
65.00 0.6959E-01
0.5347 -0.1056
-0.8387E-01 0.9212E-01
66.00 0.6393E-01
0.5426 -0.1150
-0.8228E-01 0.8088E-01
67.00 0.5784E-01
0.5515 -0.1257
-0.8521E-01 0.6721E-01
68.00 0.5160E-01
0.5611 -0.1395
-0.9267E-01 0.5156E-01
69.00 0.4550E-01
0.5712 -0.1586
-0.1044 0.3456E-01
70.00 0.3979E-01
0.5812 -0.1850
-0.1197 0.1718E-01
71.00 0.3468E-01
0.5905 -0.2202
-0.1371 0.8259E-03
72.00 0.3030E-01
0.5979 -0.2650
-0.1540 -0.1266E-01
73.00 0.2671E-01
0.6026 -0.3178
-0.1670 -0.2129E-01
74.00 0.2389E-01
0.6037 -0.3747
-0.1723 -0.2350E-01
75.00 0.2176E-01
0.6008 -0.4299
-0.1671 -0.1882E-01
76.00 0.2020E-01
0.5946 -0.4773
-0.1503 -0.8224E-02
77.00 0.1907E-01
0.5861 -0.5121
-0.1233 0.6182E-02
78.00 0.1822E-01
0.5766 -0.5324
-0.8908E-01 0.2188E-01
79.00 0.1753E-01
0.5673 -0.5385
-0.5098E-01 0.3671E-01
80.00 0.1688E-01
0.5591 -0.5325
-0.1217E-01 0.4921E-01
81.00 0.1619E-01
0.5523 -0.5168
0.2494E-01 0.5872E-01
82.00 0.1542E-01
0.5471 -0.4939
0.5869E-01 0.6512E-01
83.00 0.1455E-01
0.5435 -0.4659
0.8797E-01 0.6874E-01
84.00 0.1358E-01
0.5413 -0.4344
0.1120 0.7012E-01
85.00 0.1254E-01
0.5403 -0.4009
0.1304 0.7002E-01
86.00 0.1148E-01
0.5402 -0.3666
0.1426 0.6926E-01
87.00 0.1044E-01
0.5406 -0.3327
0.1486 0.6875E-01
88.00 0.9446E-02
0.5409 -0.3006
0.1484 0.6935E-01
89.00 0.8542E-02
0.5409 -0.2718
0.1425 0.7173E-01
90.00 0.7739E-02
0.5400 -0.2478
0.1318 0.7629E-01
91.00 0.7039E-02
0.5380 -0.2298
0.1176 0.8302E-01
92.00 0.6434E-02
0.5349 -0.2185
0.1013 0.9159E-01
93.00 0.5909E-02
0.5306 -0.2140
0.8421E-01 0.1014
94.00 0.5447E-02
0.5252 -0.2157
0.6749E-01 0.1120
95.00 0.5032E-02
0.5188 -0.2223
0.5192E-01 0.1229
96.00 0.4651E-02
0.5114 -0.2321
0.3783E-01 0.1339
97.00 0.4296E-02
0.5030 -0.2431
0.2516E-01 0.1449
98.00 0.3965E-02
0.4937 -0.2532
0.1349E-01 0.1561
99.00 0.3659E-02
0.4833 -0.2609
0.2116E-02 0.1680
100.0 0.3383E-02
0.4717 -0.2651
-0.9779E-02 0.1808
101.0 0.3145E-02
0.4585 -0.2655
-0.2292E-01 0.1951
102.0 0.2951E-02
0.4436 -0.2631
-0.3770E-01 0.2109
103.0 0.2806E-02
0.4267 -0.2596
-0.5392E-01 0.2278
104.0 0.2709E-02
0.4081 -0.2576
-0.7089E-01 0.2450
105.0 0.2656E-02
0.3883 -0.2591
-0.8760E-01 0.2613
106.0 0.2637E-02
0.3681 -0.2652
-0.1031 0.2759
107.0 0.2639E-02
0.3479 -0.2757
-0.1170 0.2880
108.0 0.2649E-02
0.3281 -0.2893
-0.1290 0.2979
109.0 0.2652E-02
0.3084 -0.3042
-0.1397 0.3060
110.0 0.2636E-02
0.2885 -0.3183
-0.1492 0.3131
111.0 0.2593E-02
0.2677 -0.3298
-0.1581 0.3203
112.0 0.2518E-02
0.2451 -0.3372
-0.1667 0.3283
113.0 0.2410E-02
0.2200 -0.3394
-0.1750 0.3377
114.0 0.2277E-02
0.1913 -0.3363
-0.1829 0.3490
115.0 0.2127E-02
0.1580 -0.3286
-0.1896 0.3620
116.0 0.1977E-02
0.1194 -0.3183
-0.1936 0.3761
117.0 0.1841E-02
0.7569E-01 -0.3087
-0.1926 0.3897
118.0 0.1735E-02
0.2844E-01 -0.3037
-0.1838 0.4012
119.0 0.1669E-02
-0.1885E-01 -0.3060
-0.1647 0.4086
120.0 0.1648E-02
-0.6156E-01 -0.3153
-0.1353 0.4114
121.0 0.1669E-02
-0.9571E-01 -0.3280
-0.9836E-01 0.4104
122.0 0.1723E-02
-0.1196 -0.3385
-0.5862E-01 0.4077
123.0 0.1795E-02
-0.1343 -0.3418
-0.2088E-01 0.4058
124.0 0.1867E-02
-0.1420 -0.3349
0.1140E-01 0.4066
125.0 0.1922E-02
-0.1457 -0.3168
0.3633E-01 0.4111
126.0 0.1944E-02
-0.1480 -0.2875
0.5325E-01 0.4197
127.0 0.1925E-02
-0.1510 -0.2478
0.6226E-01 0.4321
128.0 0.1861E-02
-0.1565 -0.1984
0.6404E-01 0.4475
129.0 0.1758E-02
-0.1661 -0.1403
0.5986E-01 0.4643
130.0 0.1624E-02
-0.1812 -0.7485E-01
0.5200E-01 0.4795
131.0 0.1476E-02
-0.2028 -0.4850E-02
0.4421E-01 0.4882
132.0 0.1329E-02
-0.2311 0.6500E-01
0.4224E-01 0.4833
133.0 0.1200E-02
-0.2649 0.1274
0.5354E-01 0.4562
134.0 0.1101E-02
-0.3004 0.1738
0.8512E-01 0.4003
135.0 0.1042E-02
-0.3316 0.1974
0.1391 0.3166
136.0 0.1023E-02
-0.3526 0.1986
0.2090 0.2172
137.0 0.1041E-02
-0.3608 0.1854
0.2814 0.1213
138.0 0.1087E-02
-0.3578 0.1688
0.3432 0.4524E-01
139.0 0.1146E-02
-0.3481 0.1572
0.3869 -0.3146E-02
140.0 0.1204E-02
-0.3355 0.1539
0.4111 -0.2403E-01
141.0 0.1248E-02
-0.3229 0.1583
0.4181 -0.2127E-01
142.0 0.1267E-02
-0.3117 0.1683
0.4110 0.7507E-03
143.0 0.1254E-02
-0.3025 0.1814
0.3927 0.3846E-01
144.0 0.1208E-02
-0.2952 0.1954
0.3648 0.8920E-01
145.0 0.1132E-02
-0.2897 0.2091
0.3282 0.1507
146.0 0.1032E-02
-0.2856 0.2221
0.2826 0.2202
147.0 0.9183E-03
-0.2829 0.2349
0.2270 0.2927
148.0 0.8025E-03
-0.2820 0.2496
0.1604 0.3590
149.0 0.6961E-03
-0.2846 0.2694
0.8384E-01 0.4027
150.0 0.6100E-03
-0.2935 0.2982
0.3435E-02 0.3994
151.0 0.5530E-03
-0.3118 0.3378
-0.6579E-01 0.3246
152.0 0.5311E-03
-0.3400 0.3840
-0.1027 0.1742
153.0 0.5466E-03
-0.3735 0.4261
-0.9348E-01 -0.1915E-01
154.0 0.5977E-03
-0.4047 0.4535
-0.4352E-01 -0.2021
155.0 0.6788E-03
-0.4283 0.4628
0.2848E-01 -0.3374
156.0 0.7806E-03
-0.4428 0.4564
0.1051 -0.4173
157.0 0.8919E-03
-0.4494 0.4384
0.1769 -0.4505
158.0 0.1001E-02
-0.4495 0.4119
0.2403 -0.4491
159.0 0.1097E-02
-0.4444 0.3786
0.2945 -0.4216
160.0 0.1171E-02
-0.4348 0.3395
0.3389 -0.3722
161.0 0.1219E-02
-0.4209 0.2951
0.3717 -0.3016
162.0 0.1241E-02
-0.4025 0.2470
0.3894 -0.2083
163.0 0.1245E-02
-0.3793 0.1984
0.3863 -0.9027E-01
164.0 0.1243E-02
-0.3512 0.1560
0.3550 0.5154E-01
165.0 0.1252E-02
-0.3190 0.1302
0.2900 0.2084
166.0 0.1293E-02
-0.2846 0.1333
0.1926 0.3595
167.0 0.1392E-02
-0.2513 0.1727
0.7653E-01 0.4756
168.0 0.1569E-02
-0.2222 0.2442
-0.3484E-01 0.5327
169.0 0.1845E-02
-0.1985 0.3327
-0.1202 0.5272
170.0 0.2230E-02
-0.1792 0.4206
-0.1709 0.4749
171.0 0.2726E-02
-0.1624 0.4967
-0.1906 0.3986
172.0 0.3324E-02
-0.1463 0.5572
-0.1883 0.3167
173.0 0.4001E-02
-0.1299 0.6029
-0.1729 0.2400
174.0 0.4723E-02
-0.1129 0.6364
-0.1507 0.1733
175.0 0.5449E-02
-0.9521E-01 0.6605
-0.1256 0.1181
176.0 0.6131E-02
-0.7683E-01 0.6776
-0.9966E-01 0.7427E-01
177.0 0.6723E-02
-0.5797E-01 0.6893
-0.7400E-01 0.4117E-01
178.0 0.7180E-02
-0.3880E-01 0.6968
-0.4889E-01 0.1810E-01
179.0 0.7470E-02
-0.1944E-01 0.7011
-0.2429E-01 0.4495E-02
180.0 0.7569E-02
0.000 0.7024
0.000 0.000
