0.000 0.8358E-01
0.000 -0.3218
0.000 0.000
1.000 0.8313E-01
0.2136E-02 -0.3211
0.1510E-01 0.4416E-03
2.000 0.8180E-01
0.4591E-02 -0.3190
0.3013E-01 0.1754E-02
3.000 0.7963E-01
0.7688E-02 -0.3154
0.4501E-01 0.3897E-02
4.000 0.7673E-01
0.1176E-01 -0.3103
0.5964E-01 0.6802E-02
5.000 0.7318E-01
0.1716E-01 -0.3040
0.7390E-01 0.1037E-01
6.000 0.6913E-01
0.2424E-01 -0.2963
0.8766E-01 0.1445E-01
7.000 0.6470E-01
0.3337E-01 -0.2873
0.1007 0.1886E-01
8.000 0.6004E-01
0.4493E-01 -0.2773
0.1129 0.2336E-01
9.000 0.5527E-01
0.5929E-01 -0.2663
0.1239 0.2765E-01
10.00 0.5053E-01
0.7678E-01 -0.2545
0.1335 0.3137E-01
11.00 0.4590E-01
0.9770E-01 -0.2423
0.1413 0.3411E-01
12.00 0.4148E-01
0.1222 -0.2299
0.1470 0.3541E-01
13.00 0.3733E-01
0.1504 -0.2175
0.1503 0.3476E-01
14.00 0.3350E-01
0.1821 -0.2055
0.1509 0.3166E-01
15.00 0.3001E-01
0.2169 -0.1942
0.1485 0.2560E-01
16.00 0.2687E-01
0.2540 -0.1835
0.1430 0.1616E-01
17.00 0.2411E-01
0.2921 -0.1737
0.1343 0.2976E-02
18.00 0.2170E-01
0.3291 -0.1644
0.1225 -0.1414E-01
19.00 0.1967E-01
0.3624 -0.1557
0.1077 -0.3515E-01
20.00 0.1799E-01
0.3885 -0.1471
0.9042E-01 -0.5968E-01
21.00 0.1668E-01
0.4032 -0.1384
0.7140E-01 -0.8692E-01
22.00 0.1573E-01
0.4026 -0.1296
0.5168E-01 -0.1156
23.00 0.1515E-01
0.3838 -0.1208
0.3255E-01 -0.1439
24.00 0.1493E-01
0.3459 -0.1125
0.1541E-01 -0.1701
25.00 0.1508E-01
0.2913 -0.1053
0.1384E-02 -0.1923
26.00 0.1559E-01
0.2244 -0.9958E-01
-0.8838E-02 -0.2095
27.00 0.1644E-01
0.1514 -0.9576E-01
-0.1518E-01 -0.2213
28.00 0.1761E-01
0.7813E-01 -0.9378E-01
-0.1809E-01 -0.2284
29.00 0.1907E-01
0.9185E-02 -0.9331E-01
-0.1827E-01 -0.2314
30.00 0.2078E-01
-0.5260E-01 -0.9391E-01
-0.1653E-01 -0.2314
31.00 0.2271E-01
-0.1059 -0.9508E-01
-0.1360E-01 -0.2292
32.00 0.2479E-01
-0.1506 -0.9638E-01
-0.1004E-01 -0.2256
33.00 0.2697E-01
-0.1871 -0.9746E-01
-0.6265E-02 -0.2210
34.00 0.2919E-01
-0.2162 -0.9806E-01
-0.2576E-02 -0.2157
35.00 0.3140E-01
-0.2387 -0.9803E-01
0.8402E-03 -0.2100
36.00 0.3353E-01
-0.2553 -0.9726E-01
0.3860E-02 -0.2039
37.00 0.3555E-01
-0.2669 -0.9573E-01
0.6408E-02 -0.1974
38.00 0.3740E-01
-0.2740 -0.9348E-01
0.8444E-02 -0.1906
39.00 0.3904E-01
-0.2771 -0.9056E-01
0.9947E-02 -0.1835
40.00 0.4046E-01
-0.2766 -0.8704E-01
0.1092E-01 -0.1762
41.00 0.4162E-01
-0.2730 -0.8305E-01
0.1137E-01 -0.1685
42.00 0.4250E-01
-0.2667 -0.7869E-01
0.1133E-01 -0.1606
43.00 0.4311E-01
-0.2579 -0.7408E-01
0.1085E-01 -0.1525
44.00 0.4344E-01
-0.2471 -0.6934E-01
0.9958E-02 -0.1442
45.00 0.4348E-01
-0.2346 -0.6457E-01
0.8727E-02 -0.1358
46.00 0.4325E-01
-0.2207 -0.5987E-01
0.7223E-02 -0.1274
47.00 0.4275E-01
-0.2058 -0.5531E-01
0.5517E-02 -0.1190
48.00 0.4199E-01
-0.1902 -0.5094E-01
0.3684E-02 -0.1107
49.00 0.4099E-01
-0.1743 -0.4679E-01
0.1800E-02 -0.1026
50.00 0.3976E-01
-0.1584 -0.4286E-01
-0.6006E-04 -0.9466E-01
51.00 0.3833E-01
-0.1427 -0.3914E-01
-0.1829E-02 -0.8703E-01
52.00 0.3671E-01
-0.1276 -0.3557E-01
-0.3442E-02 -0.7969E-01
53.00 0.3492E-01
-0.1132 -0.3210E-01
-0.4846E-02 -0.7268E-01
54.00 0.3300E-01
-0.9972E-01 -0.2863E-01
-0.5992E-02 -0.6598E-01
55.00 0.3096E-01
-0.8736E-01 -0.2509E-01
-0.6842E-02 -0.5960E-01
56.00 0.2883E-01
-0.7624E-01 -0.2135E-01
-0.7363E-02 -0.5349E-01
57.00 0.2665E-01
-0.6645E-01 -0.1730E-01
-0.7531E-02 -0.4763E-01
58.00 0.2444E-01
-0.5806E-01 -0.1282E-01
-0.7325E-02 -0.4195E-01
59.00 0.2224E-01
-0.5112E-01 -0.7790E-02
-0.6726E-02 -0.3640E-01
60.00 0.2007E-01
-0.4565E-01 -0.2091E-02
-0.5719E-02 -0.3090E-01
61.00 0.1797E-01
-0.4168E-01 0.4390E-02
-0.4282E-02 -0.2536E-01
62.00 0.1595E-01
-0.3919E-01 0.1175E-01
-0.2390E-02 -0.1971E-01
63.00 0.1404E-01
-0.3814E-01 0.2006E-01
-0.9401E-05 -0.1386E-01
64.00 0.1227E-01
-0.3844E-01 0.2935E-01
0.2903E-02 -0.7736E-02
65.00 0.1064E-01
-0.3992E-01 0.3958E-01
0.6404E-02 -0.1308E-02
66.00 0.9173E-02
-0.4229E-01 0.5059E-01
0.1056E-01 0.5411E-02
67.00 0.7874E-02
-0.4504E-01 0.6206E-01
0.1543E-01 0.1231E-01
68.00 0.6747E-02
-0.4739E-01 0.7343E-01
0.2106E-01 0.1914E-01
69.00 0.5790E-02
-0.4817E-01 0.8384E-01
0.2745E-01 0.2546E-01
70.00 0.5000E-02
-0.4579E-01 0.9209E-01
0.3449E-01 0.3057E-01
71.00 0.4368E-02
-0.3837E-01 0.9677E-01
0.4192E-01 0.3358E-01
72.00 0.3883E-02
-0.2411E-01 0.9651E-01
0.4926E-01 0.3354E-01
73.00 0.3533E-02
-0.1836E-02 0.9045E-01
0.5591E-01 0.2971E-01
74.00 0.3301E-02
0.2832E-01 0.7872E-01
0.6120E-01 0.2190E-01
75.00 0.3173E-02
0.6471E-01 0.6264E-01
0.6465E-01 0.1067E-01
76.00 0.3131E-02
0.1046 0.4434E-01
0.6606E-01 -0.2784E-02
77.00 0.3159E-02
0.1448 0.2612E-01
0.6558E-01 -0.1702E-01
78.00 0.3240E-02
0.1830 0.9827E-02
0.6358E-01 -0.3075E-01
79.00 0.3360E-02
0.2175 -0.3442E-02
0.6047E-01 -0.4308E-01
80.00 0.3503E-02
0.2478 -0.1327E-01
0.5666E-01 -0.5356E-01
81.00 0.3658E-02
0.2736 -0.1974E-01
0.5242E-01 -0.6204E-01
82.00 0.3814E-02
0.2953 -0.2318E-01
0.4793E-01 -0.6859E-01
83.00 0.3961E-02
0.3133 -0.2402E-01
0.4331E-01 -0.7339E-01
84.00 0.4092E-02
0.3281 -0.2269E-01
0.3860E-01 -0.7662E-01
85.00 0.4201E-02
0.3398 -0.1957E-01
0.3384E-01 -0.7851E-01
86.00 0.4284E-02
0.3489 -0.1501E-01
0.2902E-01 -0.7924E-01
87.00 0.4338E-02
0.3556 -0.9286E-02
0.2415E-01 -0.7899E-01
88.00 0.4363E-02
0.3598 -0.2642E-02
0.1923E-01 -0.7793E-01
89.00 0.4358E-02
0.3618 0.4708E-02
0.1427E-01 -0.7622E-01
90.00 0.4323E-02
0.3615 0.1257E-01
0.9303E-02 -0.7403E-01
91.00 0.4261E-02
0.3589 0.2074E-01
0.4340E-02 -0.7154E-01
92.00 0.4174E-02
0.3540 0.2903E-01
-0.5760E-03 -0.6894E-01
93.00 0.4065E-02
0.3465 0.3725E-01
-0.5404E-02 -0.6643E-01
94.00 0.3937E-02
0.3364 0.4516E-01
-0.1009E-01 -0.6426E-01
95.00 0.3793E-02
0.3234 0.5255E-01
-0.1459E-01 -0.6265E-01
96.00 0.3637E-02
0.3073 0.5915E-01
-0.1885E-01 -0.6189E-01
97.00 0.3472E-02
0.2876 0.6471E-01
-0.2283E-01 -0.6222E-01
98.00 0.3302E-02
0.2640 0.6898E-01
-0.2647E-01 -0.6392E-01
99.00 0.3129E-02
0.2361 0.7169E-01
-0.2977E-01 -0.6720E-01
100.0 0.2958E-02
0.2032 0.7263E-01
-0.3270E-01 -0.7226E-01
101.0 0.2790E-02
0.1651 0.7161E-01
-0.3527E-01 -0.7920E-01
102.0 0.2628E-02
0.1213 0.6853E-01
-0.3754E-01 -0.8799E-01
103.0 0.2474E-02
0.7145E-01 0.6339E-01
-0.3956E-01 -0.9849E-01
104.0 0.2331E-02
0.1567E-01 0.5631E-01
-0.4141E-01 -0.1104
105.0 0.2199E-02
-0.4570E-01 0.4756E-01
-0.4320E-01 -0.1230
106.0 0.2079E-02
-0.1118 0.3756E-01
-0.4505E-01 -0.1358
107.0 0.1974E-02
-0.1812 0.2686E-01
-0.4707E-01 -0.1478
108.0 0.1882E-02
-0.2520 0.1614E-01
-0.4935E-01 -0.1579
109.0 0.1806E-02
-0.3214 0.6075E-02
-0.5194E-01 -0.1651
110.0 0.1744E-02
-0.3867 -0.2670E-02
-0.5484E-01 -0.1685
111.0 0.1697E-02
-0.4444 -0.9589E-02
-0.5798E-01 -0.1675
112.0 0.1665E-02
-0.4918 -0.1439E-01
-0.6123E-01 -0.1618
113.0 0.1648E-02
-0.5263 -0.1706E-01
-0.6442E-01 -0.1515
114.0 0.1645E-02
-0.5463 -0.1786E-01
-0.6738E-01 -0.1374
115.0 0.1656E-02
-0.5511 -0.1729E-01
-0.6993E-01 -0.1204
116.0 0.1681E-02
-0.5413 -0.1599E-01
-0.7193E-01 -0.1020
117.0 0.1719E-02
-0.5183 -0.1465E-01
-0.7333E-01 -0.8333E-01
118.0 0.1769E-02
-0.4844 -0.1390E-01
-0.7411E-01 -0.6589E-01
119.0 0.1831E-02
-0.4423 -0.1422E-01
-0.7436E-01 -0.5072E-01
120.0 0.1904E-02
-0.3948 -0.1588E-01
-0.7421E-01 -0.3858E-01
121.0 0.1987E-02
-0.3447 -0.1897E-01
-0.7381E-01 -0.2990E-01
122.0 0.2078E-02
-0.2943 -0.2338E-01
-0.7335E-01 -0.2476E-01
123.0 0.2175E-02
-0.2453 -0.2885E-01
-0.7300E-01 -0.2295E-01
124.0 0.2276E-02
-0.1992 -0.3503E-01
-0.7291E-01 -0.2405E-01
125.0 0.2378E-02
-0.1565 -0.4156E-01
-0.7318E-01 -0.2751E-01
126.0 0.2478E-02
-0.1177 -0.4804E-01
-0.7390E-01 -0.3273E-01
127.0 0.2574E-02
-0.8262E-01 -0.5413E-01
-0.7510E-01 -0.3908E-01
128.0 0.2662E-02
-0.5088E-01 -0.5955E-01
-0.7679E-01 -0.4599E-01
129.0 0.2739E-02
-0.2190E-01 -0.6408E-01
-0.7894E-01 -0.5297E-01
130.0 0.2800E-02
0.5029E-02 -0.6759E-01
-0.8150E-01 -0.5956E-01
131.0 0.2844E-02
0.3067E-01 -0.6999E-01
-0.8440E-01 -0.6545E-01
132.0 0.2867E-02
0.5584E-01 -0.7131E-01
-0.8756E-01 -0.7038E-01
133.0 0.2868E-02
0.8131E-01 -0.7159E-01
-0.9086E-01 -0.7418E-01
134.0 0.2845E-02
0.1078 -0.7097E-01
-0.9419E-01 -0.7676E-01
135.0 0.2798E-02
0.1362 -0.6964E-01
-0.9744E-01 -0.7811E-01
136.0 0.2727E-02
0.1669 -0.6787E-01
-0.1005 -0.7832E-01
137.0 0.2634E-02
0.2005 -0.6597E-01
-0.1031 -0.7754E-01
138.0 0.2522E-02
0.2373 -0.6436E-01
-0.1052 -0.7606E-01
139.0 0.2393E-02
0.2775 -0.6353E-01
-0.1065 -0.7428E-01
140.0 0.2251E-02
0.3209 -0.6410E-01
-0.1070 -0.7277E-01
141.0 0.2102E-02
0.3667 -0.6675E-01
-0.1064 -0.7229E-01
142.0 0.1950E-02
0.4133 -0.7226E-01
-0.1046 -0.7383E-01
143.0 0.1801E-02
0.4584 -0.8141E-01
-0.1014 -0.7861E-01
144.0 0.1659E-02
0.4980 -0.9488E-01
-0.9707E-01 -0.8803E-01
145.0 0.1529E-02
0.5268 -0.1130
-0.9171E-01 -0.1035
146.0 0.1417E-02
0.5381 -0.1356
-0.8589E-01 -0.1263
147.0 0.1325E-02
0.5243 -0.1614
-0.8049E-01 -0.1567
148.0 0.1258E-02
0.4792 -0.1880
-0.7664E-01 -0.1939
149.0 0.1219E-02
0.3997 -0.2119
-0.7554E-01 -0.2351
150.0 0.1209E-02
0.2881 -0.2292
-0.7808E-01 -0.2761
151.0 0.1230E-02
0.1532 -0.2366
-0.8451E-01 -0.3117
152.0 0.1283E-02
0.7864E-02 -0.2325
-0.9426E-01 -0.3374
153.0 0.1370E-02
-0.1339 -0.2176
-0.1061 -0.3505
154.0 0.1492E-02
-0.2606 -0.1942
-0.1184 -0.3505
155.0 0.1649E-02
-0.3651 -0.1655
-0.1298 -0.3386
156.0 0.1843E-02
-0.4446 -0.1347
-0.1391 -0.3175
157.0 0.2074E-02
-0.4997 -0.1048
-0.1457 -0.2899
158.0 0.2345E-02
-0.5330 -0.7766E-01
-0.1494 -0.2586
159.0 0.2656E-02
-0.5480 -0.5467E-01
-0.1501 -0.2257
160.0 0.3010E-02
-0.5482 -0.3648E-01
-0.1481 -0.1932
161.0 0.3407E-02
-0.5370 -0.2328E-01
-0.1437 -0.1623
162.0 0.3849E-02
-0.5174 -0.1487E-01
-0.1374 -0.1339
163.0 0.4336E-02
-0.4919 -0.1084E-01
-0.1297 -0.1085
164.0 0.4867E-02
-0.4624 -0.1059E-01
-0.1210 -0.8634E-01
165.0 0.5440E-02
-0.4305 -0.1348E-01
-0.1116 -0.6743E-01
166.0 0.6051E-02
-0.3974 -0.1884E-01
-0.1019 -0.5164E-01
167.0 0.6695E-02
-0.3640 -0.2601E-01
-0.9214E-01 -0.3874E-01
168.0 0.7365E-02
-0.3309 -0.3441E-01
-0.8258E-01 -0.2841E-01
169.0 0.8052E-02
-0.2985 -0.4353E-01
-0.7335E-01 -0.2032E-01
170.0 0.8745E-02
-0.2669 -0.5291E-01
-0.6455E-01 -0.1414E-01
171.0 0.9433E-02
-0.2365 -0.6218E-01
-0.5624E-01 -0.9529E-02
172.0 0.1010E-01
-0.2071 -0.7106E-01
-0.4844E-01 -0.6187E-02
173.0 0.1073E-01
-0.1787 -0.7929E-01
-0.4113E-01 -0.3845E-02
174.0 0.1132E-01
-0.1513 -0.8671E-01
-0.3430E-01 -0.2266E-02
175.0 0.1185E-01
-0.1247 -0.9316E-01
-0.2790E-01 -0.1250E-02
176.0 0.1230E-01
-0.9891E-01 -0.9855E-01
-0.2186E-01 -0.6327E-03
177.0 0.1266E-01
-0.7367E-01 -0.1028
-0.1612E-01 -0.2837E-03
178.0 0.1292E-01
-0.4887E-01 -0.1059
-0.1062E-01 -0.1033E-03
179.0 0.1309E-01
-0.2436E-01 -0.1077
-0.5271E-02 -0.2245E-04
180.0 0.1314E-01
0.000 -0.1084
0.000 0.000
