# 361 angles,  3 tensor ranks for 0=projectile
@subtitle   "9Be(6Li,d)13C at 32 MeV DWBA"                                                  
@legend ON
@legend x1 0.2
@legend y1 0.8
@g0 type LOGY
@yaxis ticklabel format power
@xaxis label "Scattering angle (degrees)"
@yaxis label "Cross section (mb/sr)"
@legend string   0 "Partition=  1 Excit=  1 near/far= 1"
#legend string   0 "Lab energy =   32.0000"
@s0 linestyle   1
#  Theta       sigma       iT11        T20         T21         T22         Kyy for projectile
  0.1000E-01   1.000      0.2879E-15  0.2207E-13 -0.2369E-17 -0.8413E-19
  0.5000       1.004      0.4427E-10  0.5091E-10 -0.2742E-12 -0.4888E-12
   1.000       1.013      0.6029E-09 -0.2310E-10  0.2544E-12  0.8506E-12
   1.500       1.005      0.1368E-08 -0.3220E-09  0.5557E-11  0.3005E-10
   2.000      0.9758      0.1347E-08 -0.7044E-09  0.1729E-10  0.1278E-09
   2.500      0.9298     -0.3976E-09 -0.1017E-08  0.3434E-10  0.3268E-09
   3.000      0.8728     -0.4424E-08 -0.1146E-08  0.5337E-10  0.6329E-09
   3.500      0.8116     -0.1070E-07 -0.1032E-08  0.6949E-10  0.1008E-08
   4.000      0.7521     -0.1843E-07 -0.6929E-09  0.7715E-10  0.1358E-08
   4.500      0.6993     -0.2603E-07 -0.2351E-09  0.7169E-10  0.1534E-08
   5.000      0.6567     -0.3134E-07  0.1486E-09  0.5148E-10  0.1359E-08
   5.500      0.6270     -0.3224E-07  0.2250E-09  0.2003E-10  0.6915E-09
   6.000      0.6112     -0.2752E-07 -0.1941E-09 -0.1361E-10 -0.4967E-09
   6.500      0.6098     -0.1755E-07 -0.1158E-08 -0.3699E-10 -0.2068E-08
   7.000      0.6218     -0.4319E-08 -0.2536E-08 -0.3869E-10 -0.3736E-08
   7.500      0.6459      0.9339E-08 -0.4050E-08 -0.1243E-10 -0.5149E-08
   8.000      0.6797      0.2074E-07 -0.5375E-08  0.4124E-10 -0.5997E-08
   8.500      0.7206      0.2811E-07 -0.6226E-08  0.1160E-09 -0.6073E-08
   9.000      0.7656      0.3079E-07 -0.6410E-08  0.2022E-09 -0.5298E-08
   9.500      0.8117      0.2910E-07 -0.5839E-08  0.2890E-09 -0.3697E-08
   10.00      0.8558      0.2404E-07 -0.4516E-08  0.3664E-09 -0.1375E-08
   10.50      0.8949      0.1696E-07 -0.2515E-08  0.4256E-09  0.1512E-08
   11.00      0.9265      0.9341E-08  0.3786E-10  0.4594E-09  0.4774E-08
   11.50      0.9484      0.2625E-08  0.2981E-08  0.4627E-09  0.8199E-08
   12.00      0.9587     -0.1887E-08  0.6122E-08  0.4320E-09  0.1156E-07
   12.50      0.9566     -0.3108E-08  0.9252E-08  0.3655E-09  0.1463E-07
   13.00      0.9413     -0.2195E-09  0.1215E-07  0.2636E-09  0.1716E-07
   13.50      0.9130      0.7285E-08  0.1457E-07  0.1284E-09  0.1892E-07
   14.00      0.8723      0.1956E-07  0.1630E-07 -0.3559E-10  0.1967E-07
   14.50      0.8206      0.3634E-07  0.1709E-07 -0.2217E-09  0.1922E-07
   15.00      0.7596      0.5691E-07  0.1675E-07 -0.4206E-09  0.1737E-07
   15.50      0.6913      0.7997E-07  0.1509E-07 -0.6203E-09  0.1401E-07
   16.00      0.6183      0.1035E-06  0.1201E-07 -0.8054E-09  0.9092E-08
   16.50      0.5432      0.1247E-06  0.7482E-08 -0.9572E-09  0.2701E-08
   17.00      0.4688      0.1395E-06  0.1649E-08 -0.1054E-08 -0.4875E-08
   17.50      0.3977      0.1421E-06 -0.5088E-08 -0.1071E-08 -0.1303E-07
   18.00      0.3324      0.1252E-06 -0.1191E-07 -0.9866E-09 -0.2066E-07
   18.50      0.2753      0.7986E-07 -0.1740E-07 -0.7866E-09 -0.2601E-07
   19.00      0.2282     -0.2298E-08 -0.1939E-07 -0.4880E-09 -0.2658E-07
   19.50      0.1927     -0.1224E-06 -0.1539E-07 -0.1657E-09 -0.1979E-07
   20.00      0.1697     -0.2640E-06 -0.4091E-08  0.3035E-10 -0.4843E-08
   20.50      0.1596     -0.3880E-06  0.1221E-07 -0.6976E-10  0.1459E-07
   21.00      0.1626     -0.4511E-06  0.2721E-07 -0.5173E-09  0.3063E-07
   21.50      0.1779     -0.4388E-06  0.3459E-07 -0.1170E-08  0.3642E-07
   22.00      0.2046     -0.3714E-06  0.3234E-07 -0.1803E-08  0.3068E-07
   22.50      0.2411     -0.2816E-06  0.2249E-07 -0.2258E-08  0.1664E-07
   23.00      0.2855     -0.1934E-06  0.8340E-08 -0.2477E-08 -0.1456E-08
   23.50      0.3358     -0.1192E-06 -0.7277E-08 -0.2467E-08 -0.2026E-07
   24.00      0.3895     -0.6296E-07 -0.2240E-07 -0.2263E-08 -0.3760E-07
   24.50      0.4442     -0.2453E-07 -0.3578E-07 -0.1901E-08 -0.5216E-07
   25.00      0.4976     -0.1806E-08 -0.4660E-07 -0.1421E-08 -0.6316E-07
   25.50      0.5472      0.7920E-08 -0.5434E-07 -0.8564E-09 -0.7014E-07
   26.00      0.5909      0.7536E-08 -0.5867E-07 -0.2405E-09 -0.7285E-07
   26.50      0.6269     -0.9568E-10 -0.5940E-07  0.3948E-09 -0.7117E-07
   27.00      0.6537     -0.1221E-07 -0.5646E-07  0.1018E-08 -0.6516E-07
   27.50      0.6701     -0.2613E-07 -0.4991E-07  0.1599E-08 -0.5498E-07
   28.00      0.6754     -0.3933E-07 -0.3990E-07  0.2106E-08 -0.4095E-07
   28.50      0.6695     -0.4934E-07 -0.2676E-07  0.2511E-08 -0.2352E-07
   29.00      0.6526     -0.5386E-07 -0.1090E-07  0.2786E-08 -0.3300E-08
   29.50      0.6252     -0.5066E-07  0.7082E-08  0.2905E-08  0.1894E-07
   30.00      0.5885     -0.3763E-07  0.2647E-07  0.2844E-08  0.4228E-07
   30.50      0.5439     -0.1276E-07  0.4640E-07  0.2586E-08  0.6560E-07
   31.00      0.4930      0.2593E-07  0.6581E-07  0.2115E-08  0.8764E-07
   31.50      0.4377      0.8034E-07  0.8350E-07  0.1425E-08  0.1069E-06
   32.00      0.3801      0.1524E-06  0.9803E-07  0.5172E-09  0.1217E-06
   32.50      0.3224      0.2437E-06  0.1078E-06 -0.5922E-09  0.1301E-06
   33.00      0.2666      0.3557E-06  0.1107E-06 -0.1864E-08  0.1299E-06
   33.50      0.2147      0.4877E-06  0.1048E-06 -0.3216E-08  0.1186E-06
   34.00      0.1686      0.6343E-06  0.8777E-07 -0.4488E-08  0.9419E-07
   34.50      0.1298      0.7779E-06  0.5881E-07 -0.5378E-08  0.5638E-07
   35.00      0.9985E-01  0.8739E-06  0.2145E-07 -0.5374E-08  0.1092E-07
   35.50      0.7961E-01  0.8390E-06 -0.1012E-07 -0.3870E-08 -0.2325E-07
   36.00      0.6977E-01  0.5925E-06 -0.1000E-07 -0.8650E-09 -0.1463E-07
   36.50      0.7064E-01  0.1856E-06  0.3551E-07  0.2182E-08  0.4939E-07
   37.00      0.8215E-01 -0.1890E-06  0.1019E-06  0.3475E-08  0.1340E-06
   37.50      0.1039     -0.4067E-06  0.1538E-06  0.2824E-08  0.1958E-06
   38.00      0.1350     -0.4812E-06  0.1784E-06  0.1134E-08  0.2214E-06
   38.50      0.1746     -0.4707E-06  0.1789E-06 -0.7978E-09  0.2172E-06
   39.00      0.2212     -0.4196E-06  0.1626E-06 -0.2558E-08  0.1929E-06
   39.50      0.2734     -0.3532E-06  0.1354E-06 -0.3978E-08  0.1561E-06
   40.00      0.3295     -0.2842E-06  0.1015E-06 -0.5000E-08  0.1124E-06
   40.50      0.3876     -0.2186E-06  0.6416E-07 -0.5616E-08  0.6543E-07
   41.00      0.4460     -0.1594E-06  0.2582E-07 -0.5838E-08  0.1818E-07
   41.50      0.5030     -0.1073E-06 -0.1150E-07 -0.5692E-08 -0.2696E-07
   42.00      0.5568     -0.6271E-07 -0.4606E-07 -0.5209E-08 -0.6798E-07
   42.50      0.6058     -0.2524E-07 -0.7632E-07 -0.4432E-08 -0.1031E-06
   43.00      0.6487      0.5616E-08 -0.1010E-06 -0.3408E-08 -0.1310E-06
   43.50      0.6843      0.3046E-07 -0.1190E-06 -0.2193E-08 -0.1504E-06
   44.00      0.7117      0.4989E-07 -0.1295E-06 -0.8495E-09 -0.1604E-06
   44.50      0.7302      0.6448E-07 -0.1320E-06  0.5562E-09 -0.1605E-06
   45.00      0.7393      0.7468E-07 -0.1262E-06  0.1953E-08 -0.1506E-06
   45.50      0.7391      0.8080E-07 -0.1121E-06  0.3269E-08 -0.1309E-06
   46.00      0.7295      0.8300E-07 -0.9018E-07  0.4432E-08 -0.1019E-06
   46.50      0.7111      0.8122E-07 -0.6121E-07  0.5370E-08 -0.6477E-07
   47.00      0.6845      0.7524E-07 -0.2628E-07  0.6020E-08 -0.2096E-07
   47.50      0.6504      0.6461E-07  0.1315E-07  0.6324E-08  0.2769E-07
   48.00      0.6100      0.4870E-07  0.5530E-07  0.6232E-08  0.7895E-07
   48.50      0.5644      0.2673E-07  0.9811E-07  0.5709E-08  0.1303E-06
   49.00      0.5148     -0.2245E-08  0.1392E-06  0.4732E-08  0.1788E-06
   49.50      0.4626     -0.3920E-07  0.1761E-06  0.3296E-08  0.2213E-06
   50.00      0.4090     -0.8509E-07  0.2060E-06  0.1413E-08  0.2546E-06
   50.50      0.3553     -0.1407E-06  0.2258E-06 -0.8837E-09  0.2751E-06
   51.00      0.3030     -0.2062E-06  0.2327E-06 -0.3535E-08  0.2792E-06
   51.50      0.2530     -0.2810E-06  0.2232E-06 -0.6452E-08  0.2631E-06
   52.00      0.2064     -0.3624E-06  0.1943E-06 -0.9506E-08  0.2231E-06
   52.50      0.1642     -0.4437E-06  0.1426E-06 -0.1251E-07  0.1555E-06
   53.00      0.1272     -0.5107E-06  0.6593E-07 -0.1517E-07  0.5789E-07
   53.50      0.9589E-01 -0.5336E-06 -0.3570E-07 -0.1703E-07 -0.6893E-07
   54.00      0.7073E-01 -0.4539E-06 -0.1543E-06 -0.1740E-07 -0.2143E-06
   54.50      0.5197E-01 -0.1711E-06 -0.2624E-06 -0.1531E-07 -0.3432E-06
   55.00      0.3969E-01  0.4259E-06 -0.2977E-06 -0.1013E-07 -0.3787E-06
   55.50      0.3379E-01  0.1284E-05 -0.1861E-06 -0.3411E-08 -0.2326E-06
   56.00      0.3404E-01  0.2010E-05  0.4664E-07  0.5108E-09  0.5781E-07
   56.50      0.4005E-01  0.2245E-05  0.2531E-06 -0.7117E-09  0.3091E-06
   57.00      0.5134E-01  0.2062E-05  0.3426E-06 -0.4887E-08  0.4133E-06
   57.50      0.6731E-01  0.1705E-05  0.3313E-06 -0.9237E-08  0.3939E-06
   58.00      0.8729E-01  0.1323E-05  0.2630E-06 -0.1249E-07  0.3066E-06
   58.50      0.1106      0.9731E-06  0.1700E-06 -0.1437E-07  0.1906E-06
   59.00      0.1363      0.6692E-06  0.7074E-07 -0.1498E-07  0.6864E-07
   59.50      0.1639      0.4114E-06 -0.2433E-07 -0.1450E-07 -0.4688E-07
   60.00      0.1924      0.1957E-06 -0.1090E-06 -0.1313E-07 -0.1487E-06
   60.50      0.2213      0.1821E-07 -0.1795E-06 -0.1105E-07 -0.2324E-06
   61.00      0.2497     -0.1243E-06 -0.2333E-06 -0.8462E-08 -0.2952E-06
   61.50      0.2770     -0.2345E-06 -0.2691E-06 -0.5531E-08 -0.3356E-06
   62.00      0.3028     -0.3145E-06 -0.2862E-06 -0.2437E-08 -0.3531E-06
   62.50      0.3264     -0.3661E-06 -0.2848E-06  0.6526E-09 -0.3481E-06
   63.00      0.3476     -0.3911E-06 -0.2659E-06  0.3576E-08 -0.3220E-06
   63.50      0.3660     -0.3915E-06 -0.2312E-06  0.6186E-08 -0.2770E-06
   64.00      0.3814     -0.3695E-06 -0.1829E-06  0.8350E-08 -0.2158E-06
   64.50      0.3936     -0.3275E-06 -0.1239E-06  0.9960E-08 -0.1423E-06
   65.00      0.4025     -0.2685E-06 -0.5772E-07  0.1093E-07 -0.6050E-07
   65.50      0.4083     -0.1956E-06  0.1203E-07  0.1121E-07  0.2495E-07
   66.00      0.4109     -0.1126E-06  0.8135E-07  0.1078E-07  0.1092E-06
   66.50      0.4105     -0.2331E-07  0.1463E-06  0.9662E-08  0.1875E-06
   67.00      0.4074      0.6788E-07  0.2029E-06  0.7899E-08  0.2552E-06
   67.50      0.4016      0.1565E-06  0.2477E-06  0.5584E-08  0.3080E-06
   68.00      0.3936      0.2381E-06  0.2777E-06  0.2839E-08  0.3424E-06
   68.50      0.3836      0.3080E-06  0.2906E-06 -0.1868E-09  0.3558E-06
   69.00      0.3718      0.3620E-06  0.2850E-06 -0.3320E-08  0.3465E-06
   69.50      0.3586      0.3963E-06  0.2604E-06 -0.6374E-08  0.3141E-06
   70.00      0.3442      0.4075E-06  0.2174E-06 -0.9156E-08  0.2596E-06
   70.50      0.3290      0.3934E-06  0.1577E-06 -0.1148E-07  0.1851E-06
   71.00      0.3132      0.3528E-06  0.8431E-07 -0.1317E-07  0.9419E-07
   71.50      0.2970      0.2861E-06  0.9153E-09 -0.1408E-07 -0.8302E-08
   72.00      0.2807      0.1949E-06 -0.8777E-07 -0.1411E-07 -0.1167E-06
   72.50      0.2645      0.8292E-07 -0.1764E-06 -0.1319E-07 -0.2244E-06
   73.00      0.2485     -0.4444E-07 -0.2593E-06 -0.1132E-07 -0.3245E-06
   73.50      0.2329     -0.1801E-06 -0.3308E-06 -0.8547E-08 -0.4102E-06
   74.00      0.2178     -0.3153E-06 -0.3853E-06 -0.4982E-08 -0.4748E-06
   74.50      0.2032     -0.4406E-06 -0.4181E-06 -0.7911E-09 -0.5125E-06
   75.00      0.1894     -0.5457E-06 -0.4252E-06  0.3805E-08 -0.5187E-06
   75.50      0.1762     -0.6209E-06 -0.4040E-06  0.8544E-08 -0.4904E-06
   76.00      0.1637     -0.6578E-06 -0.3535E-06  0.1313E-07 -0.4264E-06
   76.50      0.1520     -0.6502E-06 -0.2741E-06  0.1726E-07 -0.3274E-06
   77.00      0.1411     -0.5955E-06 -0.1682E-06  0.2060E-07 -0.1965E-06
   77.50      0.1309     -0.4952E-06 -0.4020E-07  0.2287E-07 -0.3909E-07
   78.00      0.1215     -0.3558E-06  0.1039E-06  0.2379E-07  0.1374E-06
   78.50      0.1129     -0.1892E-06  0.2561E-06  0.2315E-07  0.3231E-06
   79.00      0.1051     -0.1181E-07  0.4069E-06  0.2081E-07  0.5064E-06
   79.50      0.9810E-01  0.1563E-06  0.5452E-06  0.1674E-07  0.6740E-06
   80.00      0.9186E-01  0.2937E-06  0.6595E-06  0.1102E-07  0.8116E-06
   80.50      0.8643E-01  0.3801E-06  0.7379E-06  0.3898E-08  0.9050E-06
   81.00      0.8181E-01  0.4009E-06  0.7700E-06 -0.4217E-08  0.9417E-06
   81.50      0.7802E-01  0.3504E-06  0.7478E-06 -0.1275E-07  0.9121E-06
   82.00      0.7510E-01  0.2352E-06  0.6682E-06 -0.2098E-07  0.8124E-06
   82.50      0.7305E-01  0.7533E-07  0.5335E-06 -0.2812E-07  0.6460E-06
   83.00      0.7190E-01 -0.9743E-07  0.3533E-06 -0.3342E-07  0.4244E-06
   83.50      0.7169E-01 -0.2449E-06  0.1432E-06 -0.3628E-07  0.1671E-06
   84.00      0.7241E-01 -0.3303E-06 -0.7641E-07 -0.3639E-07 -0.1012E-06
   84.50      0.7410E-01 -0.3265E-06 -0.2837E-06 -0.3378E-07 -0.3539E-06
   85.00      0.7677E-01 -0.2223E-06 -0.4589E-06 -0.2879E-07 -0.5671E-06
   85.50      0.8042E-01 -0.2500E-07 -0.5875E-06 -0.2206E-07 -0.7230E-06
   86.00      0.8504E-01  0.2421E-06 -0.6614E-06 -0.1437E-07 -0.8121E-06
   86.50      0.9064E-01  0.5446E-06 -0.6800E-06 -0.6506E-08 -0.8337E-06
   87.00      0.9718E-01  0.8439E-06 -0.6484E-06  0.8290E-09 -0.7941E-06
   87.50      0.1046      0.1103E-05 -0.5760E-06  0.7093E-08 -0.7048E-06
   88.00      0.1130      0.1292E-05 -0.4745E-06  0.1194E-07 -0.5803E-06
   88.50      0.1222      0.1390E-05 -0.3563E-06  0.1519E-07 -0.4356E-06
   89.00      0.1321      0.1387E-05 -0.2332E-06  0.1686E-07 -0.2850E-06
   89.50      0.1428      0.1282E-05 -0.1151E-06  0.1708E-07 -0.1407E-06
   90.00      0.1542      0.1083E-05 -0.1018E-07  0.1607E-07 -0.1247E-07
   90.50      0.1661      0.8075E-06  0.7596E-07  0.1411E-07  0.9279E-07
   91.00      0.1786      0.4758E-06  0.1400E-06  0.1152E-07  0.1710E-06
   91.50      0.1915      0.1127E-06  0.1808E-06  0.8616E-08  0.2209E-06
   92.00      0.2049     -0.2558E-06  0.1992E-06  0.5681E-08  0.2435E-06
   92.50      0.2185     -0.6040E-06  0.1978E-06  0.2971E-08  0.2419E-06
   93.00      0.2324     -0.9084E-06  0.1803E-06  0.6844E-09  0.2208E-06
   93.50      0.2464     -0.1149E-05  0.1515E-06 -0.1043E-08  0.1857E-06
   94.00      0.2607     -0.1310E-05  0.1165E-06 -0.2143E-08  0.1430E-06
   94.50      0.2750     -0.1383E-05  0.8029E-07 -0.2614E-08  0.9875E-07
   95.00      0.2894     -0.1364E-05  0.4760E-07 -0.2519E-08  0.5874E-07
   95.50      0.3038     -0.1255E-05  0.2224E-07 -0.1971E-08  0.2762E-07
   96.00      0.3183     -0.1067E-05  0.6944E-08 -0.1127E-08  0.8742E-08
   96.50      0.3327     -0.8125E-06  0.3105E-08 -0.1666E-09  0.3841E-08
   97.00      0.3471     -0.5114E-06  0.1068E-07  0.7252E-09  0.1290E-07
   97.50      0.3615     -0.1851E-06  0.2822E-07  0.1375E-08  0.3420E-07
   98.00      0.3759      0.1432E-06  0.5301E-07  0.1640E-08  0.6446E-07
   98.50      0.3902      0.4509E-06  0.8134E-07  0.1424E-08  0.9920E-07
   99.00      0.4044      0.7172E-06  0.1089E-06  0.6858E-09  0.1332E-06
   99.50      0.4186      0.9250E-06  0.1312E-06 -0.5517E-09  0.1609E-06
   100.0      0.4327      0.1062E-05  0.1441E-06 -0.2204E-08  0.1773E-06
   100.5      0.4466      0.1122E-05  0.1441E-06 -0.4131E-08  0.1780E-06
   101.0      0.4604      0.1103E-05  0.1288E-06 -0.6147E-08  0.1602E-06
   101.5      0.4740      0.1011E-05  0.9752E-07 -0.8042E-08  0.1227E-06
   102.0      0.4873      0.8566E-06  0.5092E-07 -0.9598E-08  0.6644E-07
   102.5      0.5002      0.6538E-06 -0.8627E-08 -0.1061E-07 -0.5862E-08
   103.0      0.5127      0.4202E-06 -0.7726E-07 -0.1091E-07 -0.8959E-07
   103.5      0.5246      0.1747E-06 -0.1499E-06 -0.1038E-07 -0.1786E-06
   104.0      0.5359     -0.6422E-07 -0.2208E-06 -0.8960E-08 -0.2659E-06
   104.5      0.5464     -0.2795E-06 -0.2836E-06 -0.6685E-08 -0.3439E-06
   105.0      0.5560     -0.4571E-06 -0.3324E-06 -0.3649E-08 -0.4051E-06
   105.5      0.5646     -0.5867E-06 -0.3618E-06 -0.1906E-10 -0.4431E-06
   106.0      0.5720     -0.6627E-06 -0.3678E-06  0.3973E-08 -0.4527E-06
   106.5      0.5781     -0.6838E-06 -0.3477E-06  0.8054E-08 -0.4307E-06
   107.0      0.5827     -0.6535E-06 -0.3009E-06  0.1192E-07 -0.3759E-06
   107.5      0.5858     -0.5792E-06 -0.2286E-06  0.1527E-07 -0.2897E-06
   108.0      0.5873     -0.4716E-06 -0.1342E-06  0.1781E-07 -0.1759E-06
   108.5      0.5870     -0.3434E-06 -0.2264E-07  0.1930E-07 -0.4064E-07
   109.0      0.5850     -0.2085E-06  0.9913E-07  0.1954E-07  0.1079E-06
   109.5      0.5812     -0.8080E-07  0.2232E-06  0.1844E-07  0.2602E-06
   110.0      0.5755      0.2745E-07  0.3407E-06  0.1597E-07  0.4056E-06
   110.5      0.5681      0.1063E-06  0.4428E-06  0.1222E-07  0.5332E-06
   111.0      0.5590      0.1491E-06  0.5212E-06  0.7346E-08  0.6327E-06
   111.5      0.5484      0.1535E-06  0.5683E-06  0.1638E-08  0.6947E-06
   112.0      0.5363      0.1215E-06  0.5787E-06 -0.4553E-08  0.7124E-06
   112.5      0.5231      0.5967E-07  0.5489E-06 -0.1080E-07  0.6813E-06
   113.0      0.5088     -0.2088E-07  0.4787E-06 -0.1666E-07  0.6004E-06
   113.5      0.4939     -0.1056E-06  0.3706E-06 -0.2165E-07  0.4727E-06
   114.0      0.4785     -0.1776E-06  0.2308E-06 -0.2533E-07  0.3052E-06
   114.5      0.4631     -0.2190E-06  0.6856E-07 -0.2734E-07  0.1089E-06
   115.0      0.4480     -0.2136E-06 -0.1037E-06 -0.2744E-07 -0.1015E-06
   115.5      0.4336     -0.1489E-06 -0.2718E-06 -0.2553E-07 -0.3085E-06
   116.0      0.4203     -0.1892E-07 -0.4205E-06 -0.2172E-07 -0.4938E-06
   116.5      0.4085      0.1737E-06 -0.5356E-06 -0.1633E-07 -0.6396E-06
   117.0      0.3985      0.4158E-06 -0.6054E-06 -0.9879E-08 -0.7314E-06
   117.5      0.3909      0.6839E-06 -0.6234E-06 -0.3042E-08 -0.7603E-06
   118.0      0.3858      0.9459E-06 -0.5891E-06  0.3426E-08 -0.7251E-06
   118.5      0.3837      0.1165E-05 -0.5092E-06  0.8805E-08 -0.6332E-06
   119.0      0.3849      0.1306E-05 -0.3970E-06  0.1253E-07 -0.5001E-06
   119.5      0.3895      0.1343E-05 -0.2699E-06  0.1431E-07 -0.3468E-06
   120.0      0.3979      0.1260E-05 -0.1470E-06  0.1415E-07 -0.1964E-06
   120.5      0.4100      0.1061E-05 -0.4488E-07  0.1237E-07 -0.6955E-07
   121.0      0.4261      0.7644E-06  0.2485E-07  0.9532E-08  0.1898E-07
   121.5      0.4459      0.4025E-06  0.5731E-07  0.6288E-08  0.6248E-07
   122.0      0.4695      0.1289E-07  0.5443E-07  0.3274E-08  0.6257E-07
   122.5      0.4967     -0.3655E-06  0.2367E-07  0.1002E-08  0.2772E-07
   123.0      0.5272     -0.6985E-06 -0.2399E-07 -0.2087E-09 -0.2911E-07
   123.5      0.5607     -0.9602E-06 -0.7639E-07 -0.2479E-09 -0.9323E-07
   124.0      0.5967     -0.1134E-05 -0.1221E-06  0.8023E-09 -0.1506E-06
   124.5      0.6348     -0.1215E-05 -0.1518E-06  0.2709E-08 -0.1897E-06
   125.0      0.6745     -0.1204E-05 -0.1595E-06  0.5143E-08 -0.2026E-06
   125.5      0.7150     -0.1111E-05 -0.1423E-06  0.7727E-08 -0.1853E-06
   126.0      0.7558     -0.9508E-06 -0.1005E-06  0.1009E-07 -0.1378E-06
   126.5      0.7962     -0.7413E-06 -0.3756E-07  0.1189E-07 -0.6360E-07
   127.0      0.8355     -0.5013E-06  0.4119E-07  0.1288E-07  0.3104E-07
   127.5      0.8729     -0.2499E-06  0.1287E-06  0.1286E-07  0.1379E-06
   128.0      0.9077     -0.4743E-08  0.2171E-06  0.1176E-07  0.2475E-06
   128.5      0.9392      0.2188E-06  0.2983E-06  0.9580E-08  0.3501E-06
   129.0      0.9668      0.4083E-06  0.3649E-06  0.6426E-08  0.4365E-06
   129.5      0.9898      0.5544E-06  0.4101E-06  0.2480E-08  0.4982E-06
   130.0       1.008      0.6515E-06  0.4288E-06 -0.2012E-08  0.5286E-06
   130.5       1.020      0.6973E-06  0.4176E-06 -0.6752E-08  0.5230E-06
   131.0       1.026      0.6930E-06  0.3749E-06 -0.1141E-07  0.4790E-06
   131.5       1.026      0.6427E-06  0.3014E-06 -0.1565E-07  0.3969E-06
   132.0       1.020      0.5532E-06  0.1999E-06 -0.1914E-07  0.2793E-06
   132.5       1.007      0.4333E-06  0.7492E-07 -0.2157E-07  0.1313E-06
   133.0      0.9880      0.2935E-06 -0.6688E-07 -0.2269E-07 -0.3959E-07
   133.5      0.9626      0.1449E-06 -0.2174E-06 -0.2231E-07 -0.2240E-06
   134.0      0.9314     -0.6718E-09 -0.3674E-06 -0.2029E-07 -0.4108E-06
   134.5      0.8948     -0.1323E-06 -0.5067E-06 -0.1662E-07 -0.5879E-06
   135.0      0.8534     -0.2398E-06 -0.6246E-06 -0.1136E-07 -0.7423E-06
   135.5      0.8079     -0.3151E-06 -0.7108E-06 -0.4675E-08 -0.8611E-06
   136.0      0.7592     -0.3524E-06 -0.7556E-06  0.3152E-08 -0.9319E-06
   136.5      0.7081     -0.3492E-06 -0.7504E-06  0.1173E-07 -0.9437E-06
   137.0      0.6556     -0.3068E-06 -0.6886E-06  0.2056E-07 -0.8875E-06
   137.5      0.6028     -0.2313E-06 -0.5667E-06  0.2904E-07 -0.7574E-06
   138.0      0.5507     -0.1339E-06 -0.3847E-06  0.3646E-07 -0.5522E-06
   138.5      0.5005     -0.3162E-07 -0.1481E-06  0.4205E-07 -0.2764E-06
   139.0      0.4533      0.5277E-07  0.1312E-06  0.4502E-07  0.5711E-07
   139.5      0.4101      0.9192E-07  0.4330E-06  0.4467E-07  0.4257E-06
   140.0      0.3721      0.5721E-07  0.7277E-06  0.4049E-07  0.7948E-06
   140.5      0.3402     -0.7480E-07  0.9780E-06  0.3244E-07  0.1119E-05
   141.0      0.3152     -0.3122E-06  0.1143E-05  0.2119E-07  0.1348E-05
   141.5      0.2981     -0.6364E-06  0.1189E-05  0.8222E-08  0.1436E-05
   142.0      0.2894     -0.9968E-06  0.1105E-05 -0.4267E-08  0.1364E-05
   142.5      0.2896     -0.1319E-05  0.9088E-06 -0.1398E-07  0.1150E-05
   143.0      0.2991     -0.1528E-05  0.6497E-06 -0.1933E-07  0.8470E-06
   143.5      0.3181     -0.1577E-05  0.3881E-06 -0.2002E-07  0.5294E-06
   144.0      0.3465     -0.1461E-05  0.1744E-06 -0.1699E-07  0.2604E-06
   144.5      0.3841     -0.1211E-05  0.3585E-07 -0.1185E-07  0.7713E-07
   145.0      0.4306     -0.8750E-06 -0.2476E-07 -0.6240E-08 -0.1250E-07
   145.5      0.4854     -0.5038E-06 -0.2107E-07 -0.1391E-08 -0.2176E-07
   146.0      0.5477     -0.1396E-06  0.2579E-07  0.1969E-08  0.2575E-07
   146.5      0.6165      0.1870E-06  0.9403E-07  0.3575E-08  0.1044E-06
   147.0      0.6908      0.4568E-06  0.1649E-06  0.3492E-08  0.1912E-06
   147.5      0.7693      0.6599E-06  0.2240E-06  0.1990E-08  0.2682E-06
   148.0      0.8506      0.7934E-06  0.2621E-06 -0.5453E-09  0.3227E-06
   148.5      0.9332      0.8593E-06  0.2736E-06 -0.3691E-08  0.3472E-06
   149.0       1.016      0.8634E-06  0.2571E-06 -0.7029E-08  0.3383E-06
   149.5       1.096      0.8135E-06  0.2139E-06 -0.1018E-07  0.2966E-06
   150.0       1.173      0.7193E-06  0.1476E-06 -0.1280E-07  0.2251E-06
   150.5       1.245      0.5910E-06  0.6337E-07 -0.1465E-07  0.1294E-06
   151.0       1.311      0.4393E-06 -0.3230E-07 -0.1554E-07  0.1651E-07
   151.5       1.368      0.2745E-06 -0.1324E-06 -0.1535E-07 -0.1056E-06
   152.0       1.416      0.1067E-06 -0.2297E-06 -0.1405E-07 -0.2285E-06
   152.5       1.453     -0.5503E-07 -0.3172E-06 -0.1168E-07 -0.3436E-06
   153.0       1.479     -0.2027E-06 -0.3885E-06 -0.8340E-08 -0.4430E-06
   153.5       1.492     -0.3296E-06 -0.4378E-06 -0.4189E-08 -0.5194E-06
   154.0       1.492     -0.4302E-06 -0.4608E-06  0.5572E-09 -0.5666E-06
   154.5       1.479     -0.5007E-06 -0.4541E-06  0.5648E-08 -0.5798E-06
   155.0       1.452     -0.5388E-06 -0.4158E-06  0.1080E-07 -0.5556E-06
   155.5       1.412     -0.5437E-06 -0.3456E-06  0.1572E-07 -0.4922E-06
   156.0       1.359     -0.5161E-06 -0.2445E-06  0.2008E-07 -0.3897E-06
   156.5       1.294     -0.4582E-06 -0.1150E-06  0.2359E-07 -0.2494E-06
   157.0       1.218     -0.3733E-06  0.3882E-07  0.2595E-07 -0.7471E-07
   157.5       1.132     -0.2664E-06  0.2117E-06  0.2686E-07  0.1297E-06
   158.0       1.039     -0.1431E-06  0.3971E-06  0.2605E-07  0.3574E-06
   158.5      0.9395     -0.1070E-07  0.5871E-06  0.2328E-07  0.6009E-06
   159.0      0.8361      0.1227E-06  0.7724E-06  0.1830E-07  0.8507E-06
   159.5      0.7312      0.2477E-06  0.9421E-06  0.1088E-07  0.1096E-05
   160.0      0.6271      0.3528E-06  0.1083E-05  0.7998E-09  0.1322E-05
   160.5      0.5266      0.4244E-06  0.1178E-05 -0.1218E-07  0.1512E-05
   161.0      0.4322      0.4453E-06  0.1205E-05 -0.2824E-07  0.1640E-05
   161.5      0.3468      0.3939E-06  0.1134E-05 -0.4735E-07  0.1671E-05
   162.0      0.2731      0.2451E-06  0.9214E-06 -0.6882E-07  0.1552E-05
   162.5      0.2137     -0.1828E-07  0.5242E-06 -0.9010E-07  0.1214E-05
   163.0      0.1712     -0.3689E-06 -0.6342E-07 -0.1048E-06  0.6079E-06
   163.5      0.1482     -0.6701E-06 -0.7063E-06 -0.1027E-06 -0.1719E-06
   164.0      0.1469     -0.7036E-06 -0.1096E-05 -0.7874E-07 -0.7935E-06
   164.5      0.1692     -0.4112E-06 -0.1041E-05 -0.4485E-07 -0.9518E-06
   165.0      0.2169      0.1560E-07 -0.7001E-06 -0.1808E-07 -0.7225E-06
   165.5      0.2916      0.3861E-06 -0.3263E-06 -0.3997E-08 -0.3687E-06
   166.0      0.3941      0.6363E-06 -0.4418E-07  0.5097E-09 -0.5821E-07
   166.5      0.5253      0.7748E-06  0.1264E-06 -0.2628E-09  0.1570E-06
   167.0      0.6855      0.8280E-06  0.2037E-06 -0.3325E-08  0.2783E-06
   167.5      0.8745      0.8198E-06  0.2125E-06 -0.6954E-08  0.3230E-06
   168.0       1.092      0.7687E-06  0.1746E-06 -0.1023E-07  0.3100E-06
   168.5       1.336      0.6881E-06  0.1073E-06 -0.1267E-07  0.2559E-06
   169.0       1.607      0.5881E-06  0.2433E-07 -0.1409E-07  0.1748E-06
   169.5       1.901      0.4767E-06 -0.6353E-07 -0.1443E-07  0.7787E-07
   170.0       2.217      0.3600E-06 -0.1479E-06 -0.1373E-07 -0.2535E-07
   170.5       2.553      0.2430E-06 -0.2221E-06 -0.1211E-07 -0.1273E-06
   171.0       2.904      0.1297E-06 -0.2814E-06 -0.9715E-08 -0.2220E-06
   171.5       3.269      0.2333E-07 -0.3223E-06 -0.6718E-08 -0.3049E-06
   172.0       3.642     -0.7361E-07 -0.3426E-06 -0.3310E-08 -0.3725E-06
   172.5       4.021     -0.1592E-06 -0.3413E-06  0.3125E-09 -0.4228E-06
   173.0       4.402     -0.2319E-06 -0.3187E-06  0.3958E-08 -0.4548E-06
   173.5       4.780     -0.2910E-06 -0.2757E-06  0.7444E-08 -0.4684E-06
   174.0       5.151     -0.3360E-06 -0.2145E-06  0.1060E-07 -0.4644E-06
   174.5       5.512     -0.3667E-06 -0.1376E-06  0.1329E-07 -0.4447E-06
   175.0       5.857     -0.3835E-06 -0.4850E-07  0.1540E-07 -0.4114E-06
   175.5       6.184     -0.3870E-06  0.4915E-07  0.1682E-07 -0.3673E-06
   176.0       6.487     -0.3779E-06  0.1513E-06  0.1751E-07 -0.3155E-06
   176.5       6.764     -0.3572E-06  0.2538E-06  0.1744E-07 -0.2595E-06
   177.0       7.012     -0.3262E-06  0.3526E-06  0.1662E-07 -0.2025E-06
   177.5       7.226     -0.2860E-06  0.4438E-06  0.1509E-07 -0.1478E-06
   178.0       7.405     -0.2382E-06  0.5237E-06  0.1292E-07 -0.9845E-07
   178.5       7.547     -0.1841E-06  0.5893E-06  0.1020E-07 -0.5710E-07
   179.0       7.650     -0.1254E-06  0.6381E-06  0.7047E-08 -0.2594E-07
   179.5       7.712     -0.6348E-07  0.6681E-06  0.3599E-08 -0.6568E-08
   180.0       7.732     -0.1274E-08  0.6783E-06  0.7245E-10 -0.2636E-11
 END
@legend string   1 "Partition=  2 Excit=  1 near/far= 1"
#legend string   0 "Lab energy =   32.0000"
@s1 linestyle   2
#  Theta       sigma       iT11        T20         T21         T22         Kyy for projectile
   0.000      0.3378       0.000     -0.1150E-04   0.000       0.000    
  0.5000      0.3375      0.1387E-03 -0.1270E-04  0.8952E-06 -0.5918E-06
   1.000      0.3367      0.2770E-03 -0.1622E-04  0.1808E-05 -0.2317E-05
   1.500      0.3353      0.4148E-03 -0.2189E-04  0.2753E-05 -0.5028E-05
   2.000      0.3334      0.5517E-03 -0.2942E-04  0.3747E-05 -0.8494E-05
   2.500      0.3310      0.6877E-03 -0.3845E-04  0.4802E-05 -0.1242E-04
   3.000      0.3280      0.8226E-03 -0.4856E-04  0.5926E-05 -0.1647E-04
   3.500      0.3245      0.9563E-03 -0.5930E-04  0.7128E-05 -0.2031E-04
   4.000      0.3205      0.1089E-02 -0.7023E-04  0.8411E-05 -0.2360E-04
   4.500      0.3161      0.1221E-02 -0.8097E-04  0.9776E-05 -0.2609E-04
   5.000      0.3112      0.1351E-02 -0.9121E-04  0.1122E-04 -0.2756E-04
   5.500      0.3058      0.1482E-02 -0.1007E-03  0.1275E-04 -0.2793E-04
   6.000      0.3000      0.1612E-02 -0.1094E-03  0.1435E-04 -0.2719E-04
   6.500      0.2939      0.1742E-02 -0.1173E-03  0.1602E-04 -0.2547E-04
   7.000      0.2873      0.1872E-02 -0.1246E-03  0.1777E-04 -0.2297E-04
   7.500      0.2805      0.2002E-02 -0.1315E-03  0.1958E-04 -0.2002E-04
   8.000      0.2733      0.2133E-02 -0.1384E-03  0.2148E-04 -0.1700E-04
   8.500      0.2658      0.2264E-02 -0.1456E-03  0.2346E-04 -0.1433E-04
   9.000      0.2581      0.2396E-02 -0.1537E-03  0.2553E-04 -0.1245E-04
   9.500      0.2502      0.2529E-02 -0.1631E-03  0.2771E-04 -0.1176E-04
   10.00      0.2421      0.2663E-02 -0.1743E-03  0.3003E-04 -0.1263E-04
   10.50      0.2338      0.2797E-02 -0.1877E-03  0.3250E-04 -0.1533E-04
   11.00      0.2254      0.2931E-02 -0.2034E-03  0.3516E-04 -0.2002E-04
   11.50      0.2169      0.3066E-02 -0.2218E-03  0.3803E-04 -0.2676E-04
   12.00      0.2084      0.3201E-02 -0.2428E-03  0.4114E-04 -0.3546E-04
   12.50      0.1999      0.3336E-02 -0.2664E-03  0.4454E-04 -0.4595E-04
   13.00      0.1913      0.3472E-02 -0.2924E-03  0.4825E-04 -0.5791E-04
   13.50      0.1828      0.3609E-02 -0.3207E-03  0.5230E-04 -0.7097E-04
   14.00      0.1744      0.3747E-02 -0.3507E-03  0.5672E-04 -0.8470E-04
   14.50      0.1661      0.3886E-02 -0.3822E-03  0.6154E-04 -0.9867E-04
   15.00      0.1579      0.4028E-02 -0.4148E-03  0.6678E-04 -0.1125E-03
   15.50      0.1498      0.4172E-02 -0.4481E-03  0.7247E-04 -0.1258E-03
   16.00      0.1419      0.4320E-02 -0.4819E-03  0.7862E-04 -0.1384E-03
   16.50      0.1342      0.4471E-02 -0.5160E-03  0.8525E-04 -0.1502E-03
   17.00      0.1267      0.4627E-02 -0.5503E-03  0.9237E-04 -0.1613E-03
   17.50      0.1194      0.4788E-02 -0.5849E-03  0.1000E-03 -0.1718E-03
   18.00      0.1124      0.4955E-02 -0.6201E-03  0.1082E-03 -0.1823E-03
   18.50      0.1057      0.5128E-02 -0.6561E-03  0.1169E-03 -0.1931E-03
   19.00      0.9915E-01  0.5306E-02 -0.6934E-03  0.1261E-03 -0.2050E-03
   19.50      0.9293E-01  0.5491E-02 -0.7323E-03  0.1360E-03 -0.2186E-03
   20.00      0.8699E-01  0.5681E-02 -0.7735E-03  0.1465E-03 -0.2347E-03
   20.50      0.8133E-01  0.5877E-02 -0.8172E-03  0.1576E-03 -0.2537E-03
   21.00      0.7598E-01  0.6079E-02 -0.8638E-03  0.1693E-03 -0.2763E-03
   21.50      0.7091E-01  0.6285E-02 -0.9133E-03  0.1818E-03 -0.3028E-03
   22.00      0.6615E-01  0.6495E-02 -0.9655E-03  0.1949E-03 -0.3331E-03
   22.50      0.6168E-01  0.6708E-02 -0.1020E-02  0.2086E-03 -0.3671E-03
   23.00      0.5750E-01  0.6924E-02 -0.1076E-02  0.2230E-03 -0.4043E-03
   23.50      0.5361E-01  0.7141E-02 -0.1132E-02  0.2379E-03 -0.4438E-03
   24.00      0.5001E-01  0.7359E-02 -0.1187E-02  0.2533E-03 -0.4844E-03
   24.50      0.4668E-01  0.7577E-02 -0.1240E-02  0.2690E-03 -0.5249E-03
   25.00      0.4363E-01  0.7791E-02 -0.1287E-02  0.2848E-03 -0.5639E-03
   25.50      0.4083E-01  0.8001E-02 -0.1328E-02  0.3004E-03 -0.5997E-03
   26.00      0.3829E-01  0.8203E-02 -0.1360E-02  0.3156E-03 -0.6309E-03
   26.50      0.3599E-01  0.8393E-02 -0.1381E-02  0.3301E-03 -0.6564E-03
   27.00      0.3392E-01  0.8566E-02 -0.1390E-02  0.3434E-03 -0.6751E-03
   27.50      0.3207E-01  0.8718E-02 -0.1387E-02  0.3552E-03 -0.6866E-03
   28.00      0.3043E-01  0.8842E-02 -0.1370E-02  0.3652E-03 -0.6908E-03
   28.50      0.2898E-01  0.8934E-02 -0.1339E-02  0.3730E-03 -0.6879E-03
   29.00      0.2771E-01  0.8988E-02 -0.1297E-02  0.3785E-03 -0.6786E-03
   29.50      0.2660E-01  0.9000E-02 -0.1243E-02  0.3814E-03 -0.6639E-03
   30.00      0.2565E-01  0.8966E-02 -0.1180E-02  0.3818E-03 -0.6448E-03
   30.50      0.2484E-01  0.8886E-02 -0.1109E-02  0.3796E-03 -0.6224E-03
   31.00      0.2415E-01  0.8760E-02 -0.1032E-02  0.3750E-03 -0.5976E-03
   31.50      0.2358E-01  0.8590E-02 -0.9526E-03  0.3683E-03 -0.5711E-03
   32.00      0.2310E-01  0.8381E-02 -0.8709E-03  0.3598E-03 -0.5432E-03
   32.50      0.2270E-01  0.8137E-02 -0.7887E-03  0.3498E-03 -0.5142E-03
   33.00      0.2237E-01  0.7865E-02 -0.7071E-03  0.3388E-03 -0.4837E-03
   33.50      0.2210E-01  0.7571E-02 -0.6271E-03  0.3271E-03 -0.4516E-03
   34.00      0.2188E-01  0.7261E-02 -0.5490E-03  0.3151E-03 -0.4176E-03
   34.50      0.2169E-01  0.6942E-02 -0.4734E-03  0.3032E-03 -0.3812E-03
   35.00      0.2153E-01  0.6616E-02 -0.4005E-03  0.2916E-03 -0.3423E-03
   35.50      0.2138E-01  0.6287E-02 -0.3309E-03  0.2807E-03 -0.3009E-03
   36.00      0.2124E-01  0.5958E-02 -0.2647E-03  0.2706E-03 -0.2572E-03
   36.50      0.2110E-01  0.5628E-02 -0.2025E-03  0.2615E-03 -0.2117E-03
   37.00      0.2095E-01  0.5298E-02 -0.1449E-03  0.2538E-03 -0.1649E-03
   37.50      0.2078E-01  0.4965E-02 -0.9257E-04  0.2474E-03 -0.1176E-03
   38.00      0.2060E-01  0.4630E-02 -0.4626E-04  0.2427E-03 -0.7085E-04
   38.50      0.2040E-01  0.4289E-02 -0.6779E-05  0.2397E-03 -0.2556E-04
   39.00      0.2017E-01  0.3940E-02  0.2506E-04  0.2386E-03  0.1730E-04
   39.50      0.1992E-01  0.3583E-02  0.4847E-04  0.2396E-03  0.5681E-04
   40.00      0.1964E-01  0.3214E-02  0.6276E-04  0.2428E-03  0.9216E-04
   40.50      0.1933E-01  0.2834E-02  0.6732E-04  0.2485E-03  0.1227E-03
   41.00      0.1899E-01  0.2442E-02  0.6169E-04  0.2568E-03  0.1480E-03
   41.50      0.1863E-01  0.2038E-02  0.4555E-04  0.2680E-03  0.1678E-03
   42.00      0.1824E-01  0.1622E-02  0.1876E-04  0.2823E-03  0.1820E-03
   42.50      0.1783E-01  0.1195E-02 -0.1871E-04  0.2998E-03  0.1908E-03
   43.00      0.1740E-01  0.7577E-03 -0.6672E-04  0.3209E-03  0.1945E-03
   43.50      0.1695E-01  0.3106E-03 -0.1250E-03  0.3457E-03  0.1935E-03
   44.00      0.1649E-01 -0.1456E-03 -0.1934E-03  0.3745E-03  0.1882E-03
   44.50      0.1602E-01 -0.6106E-03 -0.2714E-03  0.4074E-03  0.1792E-03
   45.00      0.1555E-01 -0.1084E-02 -0.3587E-03  0.4446E-03  0.1669E-03
   45.50      0.1506E-01 -0.1567E-02 -0.4550E-03  0.4864E-03  0.1516E-03
   46.00      0.1458E-01 -0.2061E-02 -0.5600E-03  0.5329E-03  0.1336E-03
   46.50      0.1411E-01 -0.2565E-02 -0.6736E-03  0.5842E-03  0.1129E-03
   47.00      0.1364E-01 -0.3081E-02 -0.7957E-03  0.6402E-03  0.8909E-04
   47.50      0.1318E-01 -0.3609E-02 -0.9262E-03  0.7012E-03  0.6191E-04
   48.00      0.1273E-01 -0.4149E-02 -0.1065E-02  0.7669E-03  0.3068E-04
   48.50      0.1230E-01 -0.4701E-02 -0.1212E-02  0.8373E-03 -0.5384E-05
   49.00      0.1189E-01 -0.5262E-02 -0.1368E-02  0.9121E-03 -0.4713E-04
   49.50      0.1149E-01 -0.5829E-02 -0.1532E-02  0.9911E-03 -0.9539E-04
   50.00      0.1112E-01 -0.6397E-02 -0.1703E-02  0.1074E-02 -0.1509E-03
   50.50      0.1076E-01 -0.6959E-02 -0.1881E-02  0.1160E-02 -0.2141E-03
   51.00      0.1043E-01 -0.7507E-02 -0.2064E-02  0.1248E-02 -0.2853E-03
   51.50      0.1012E-01 -0.8034E-02 -0.2251E-02  0.1339E-02 -0.3642E-03
   52.00      0.9838E-02 -0.8530E-02 -0.2440E-02  0.1430E-02 -0.4502E-03
   52.50      0.9576E-02 -0.8986E-02 -0.2629E-02  0.1522E-02 -0.5424E-03
   53.00      0.9337E-02 -0.9394E-02 -0.2815E-02  0.1613E-02 -0.6392E-03
   53.50      0.9120E-02 -0.9746E-02 -0.2994E-02  0.1702E-02 -0.7390E-03
   54.00      0.8925E-02 -0.1004E-01 -0.3165E-02  0.1789E-02 -0.8398E-03
   54.50      0.8751E-02 -0.1026E-01 -0.3324E-02  0.1871E-02 -0.9396E-03
   55.00      0.8598E-02 -0.1042E-01 -0.3468E-02  0.1948E-02 -0.1036E-02
   55.50      0.8464E-02 -0.1051E-01 -0.3596E-02  0.2020E-02 -0.1129E-02
   56.00      0.8350E-02 -0.1053E-01 -0.3705E-02  0.2084E-02 -0.1215E-02
   56.50      0.8253E-02 -0.1049E-01 -0.3794E-02  0.2142E-02 -0.1294E-02
   57.00      0.8173E-02 -0.1040E-01 -0.3863E-02  0.2191E-02 -0.1365E-02
   57.50      0.8110E-02 -0.1024E-01 -0.3912E-02  0.2231E-02 -0.1429E-02
   58.00      0.8061E-02 -0.1004E-01 -0.3941E-02  0.2262E-02 -0.1484E-02
   58.50      0.8025E-02 -0.9789E-02 -0.3950E-02  0.2285E-02 -0.1532E-02
   59.00      0.8003E-02 -0.9497E-02 -0.3942E-02  0.2298E-02 -0.1572E-02
   59.50      0.7992E-02 -0.9167E-02 -0.3917E-02  0.2302E-02 -0.1606E-02
   60.00      0.7992E-02 -0.8800E-02 -0.3878E-02  0.2298E-02 -0.1634E-02
   60.50      0.8001E-02 -0.8401E-02 -0.3824E-02  0.2285E-02 -0.1656E-02
   61.00      0.8018E-02 -0.7971E-02 -0.3759E-02  0.2265E-02 -0.1673E-02
   61.50      0.8043E-02 -0.7513E-02 -0.3682E-02  0.2237E-02 -0.1684E-02
   62.00      0.8073E-02 -0.7031E-02 -0.3596E-02  0.2202E-02 -0.1690E-02
   62.50      0.8109E-02 -0.6527E-02 -0.3501E-02  0.2160E-02 -0.1690E-02
   63.00      0.8149E-02 -0.6007E-02 -0.3397E-02  0.2113E-02 -0.1684E-02
   63.50      0.8192E-02 -0.5474E-02 -0.3287E-02  0.2061E-02 -0.1673E-02
   64.00      0.8238E-02 -0.4935E-02 -0.3170E-02  0.2004E-02 -0.1655E-02
   64.50      0.8285E-02 -0.4394E-02 -0.3047E-02  0.1942E-02 -0.1632E-02
   65.00      0.8333E-02 -0.3857E-02 -0.2920E-02  0.1877E-02 -0.1602E-02
   65.50      0.8381E-02 -0.3330E-02 -0.2789E-02  0.1808E-02 -0.1566E-02
   66.00      0.8428E-02 -0.2817E-02 -0.2654E-02  0.1736E-02 -0.1526E-02
   66.50      0.8473E-02 -0.2322E-02 -0.2518E-02  0.1662E-02 -0.1480E-02
   67.00      0.8516E-02 -0.1849E-02 -0.2380E-02  0.1586E-02 -0.1430E-02
   67.50      0.8556E-02 -0.1398E-02 -0.2243E-02  0.1508E-02 -0.1377E-02
   68.00      0.8591E-02 -0.9711E-03 -0.2107E-02  0.1428E-02 -0.1322E-02
   68.50      0.8622E-02 -0.5679E-03 -0.1972E-02  0.1347E-02 -0.1264E-02
   69.00      0.8647E-02 -0.1871E-03 -0.1840E-02  0.1266E-02 -0.1205E-02
   69.50      0.8665E-02  0.1732E-03 -0.1711E-02  0.1183E-02 -0.1146E-02
   70.00      0.8675E-02  0.5156E-03 -0.1585E-02  0.1100E-02 -0.1087E-02
   70.50      0.8678E-02  0.8427E-03 -0.1464E-02  0.1017E-02 -0.1028E-02
   71.00      0.8671E-02  0.1157E-02 -0.1347E-02  0.9327E-03 -0.9696E-03
   71.50      0.8655E-02  0.1462E-02 -0.1234E-02  0.8485E-03 -0.9117E-03
   72.00      0.8629E-02  0.1759E-02 -0.1126E-02  0.7639E-03 -0.8546E-03
   72.50      0.8592E-02  0.2049E-02 -0.1022E-02  0.6790E-03 -0.7981E-03
   73.00      0.8543E-02  0.2335E-02 -0.9224E-03  0.5935E-03 -0.7422E-03
   73.50      0.8484E-02  0.2615E-02 -0.8268E-03  0.5075E-03 -0.6869E-03
   74.00      0.8412E-02  0.2890E-02 -0.7353E-03  0.4207E-03 -0.6320E-03
   74.50      0.8329E-02  0.3159E-02 -0.6477E-03  0.3329E-03 -0.5776E-03
   75.00      0.8235E-02  0.3422E-02 -0.5638E-03  0.2439E-03 -0.5235E-03
   75.50      0.8128E-02  0.3677E-02 -0.4834E-03  0.1535E-03 -0.4695E-03
   76.00      0.8010E-02  0.3923E-02 -0.4064E-03  0.6131E-04 -0.4156E-03
   76.50      0.7882E-02  0.4159E-02 -0.3327E-03 -0.3287E-04 -0.3615E-03
   77.00      0.7742E-02  0.4386E-02 -0.2618E-03 -0.1294E-03 -0.3070E-03
   77.50      0.7592E-02  0.4604E-02 -0.1936E-03 -0.2287E-03 -0.2517E-03
   78.00      0.7433E-02  0.4813E-02 -0.1278E-03 -0.3311E-03 -0.1954E-03
   78.50      0.7264E-02  0.5016E-02 -0.6410E-04 -0.4370E-03 -0.1375E-03
   79.00      0.7087E-02  0.5215E-02 -0.2122E-05 -0.5470E-03 -0.7782E-04
   79.50      0.6903E-02  0.5412E-02  0.5836E-04 -0.6614E-03 -0.1579E-04
   80.00      0.6712E-02  0.5611E-02  0.1175E-03 -0.7810E-03  0.4892E-04
   80.50      0.6515E-02  0.5816E-02  0.1755E-03 -0.9061E-03  0.1166E-03
   81.00      0.6313E-02  0.6031E-02  0.2323E-03 -0.1037E-02  0.1874E-03
   81.50      0.6107E-02  0.6258E-02  0.2876E-03 -0.1176E-02  0.2614E-03
   82.00      0.5898E-02  0.6501E-02  0.3411E-03 -0.1321E-02  0.3384E-03
   82.50      0.5687E-02  0.6762E-02  0.3921E-03 -0.1475E-02  0.4180E-03
   83.00      0.5475E-02  0.7043E-02  0.4400E-03 -0.1637E-02  0.4999E-03
   83.50      0.5264E-02  0.7345E-02  0.4839E-03 -0.1809E-02  0.5833E-03
   84.00      0.5055E-02  0.7668E-02  0.5226E-03 -0.1990E-02  0.6675E-03
   84.50      0.4848E-02  0.8010E-02  0.5551E-03 -0.2181E-02  0.7519E-03
   85.00      0.4645E-02  0.8371E-02  0.5803E-03 -0.2382E-02  0.8357E-03
   85.50      0.4446E-02  0.8748E-02  0.5973E-03 -0.2594E-02  0.9185E-03
   86.00      0.4254E-02  0.9138E-02  0.6054E-03 -0.2817E-02  0.9999E-03
   86.50      0.4068E-02  0.9539E-02  0.6039E-03 -0.3049E-02  0.1080E-02
   87.00      0.3889E-02  0.9948E-02  0.5926E-03 -0.3290E-02  0.1159E-02
   87.50      0.3720E-02  0.1036E-01  0.5716E-03 -0.3538E-02  0.1237E-02
   88.00      0.3559E-02  0.1078E-01  0.5413E-03 -0.3794E-02  0.1315E-02
   88.50      0.3408E-02  0.1121E-01  0.5022E-03 -0.4053E-02  0.1393E-02
   89.00      0.3267E-02  0.1163E-01  0.4550E-03 -0.4314E-02  0.1473E-02
   89.50      0.3137E-02  0.1206E-01  0.4006E-03 -0.4573E-02  0.1556E-02
   90.00      0.3018E-02  0.1249E-01  0.3397E-03 -0.4827E-02  0.1639E-02
   90.50      0.2910E-02  0.1292E-01  0.2726E-03 -0.5072E-02  0.1724E-02
   91.00      0.2814E-02  0.1335E-01  0.1995E-03 -0.5303E-02  0.1809E-02
   91.50      0.2728E-02  0.1377E-01  0.1203E-03 -0.5516E-02  0.1890E-02
   92.00      0.2655E-02  0.1417E-01  0.3436E-04 -0.5706E-02  0.1966E-02
   92.50      0.2592E-02  0.1456E-01 -0.5893E-04 -0.5870E-02  0.2032E-02
   93.00      0.2540E-02  0.1491E-01 -0.1603E-03 -0.6002E-02  0.2086E-02
   93.50      0.2499E-02  0.1523E-01 -0.2703E-03 -0.6102E-02  0.2122E-02
   94.00      0.2468E-02  0.1549E-01 -0.3889E-03 -0.6165E-02  0.2139E-02
   94.50      0.2447E-02  0.1570E-01 -0.5156E-03 -0.6191E-02  0.2134E-02
   95.00      0.2434E-02  0.1583E-01 -0.6491E-03 -0.6181E-02  0.2107E-02
   95.50      0.2431E-02  0.1590E-01 -0.7873E-03 -0.6135E-02  0.2059E-02
   96.00      0.2435E-02  0.1590E-01 -0.9274E-03 -0.6055E-02  0.1992E-02
   96.50      0.2447E-02  0.1584E-01 -0.1066E-02 -0.5944E-02  0.1909E-02
   97.00      0.2466E-02  0.1571E-01 -0.1200E-02 -0.5805E-02  0.1814E-02
   97.50      0.2490E-02  0.1554E-01 -0.1325E-02 -0.5641E-02  0.1711E-02
   98.00      0.2519E-02  0.1533E-01 -0.1439E-02 -0.5457E-02  0.1606E-02
   98.50      0.2553E-02  0.1510E-01 -0.1539E-02 -0.5256E-02  0.1501E-02
   99.00      0.2590E-02  0.1487E-01 -0.1623E-02 -0.5042E-02  0.1401E-02
   99.50      0.2630E-02  0.1463E-01 -0.1690E-02 -0.4817E-02  0.1307E-02
   100.0      0.2673E-02  0.1440E-01 -0.1740E-02 -0.4586E-02  0.1221E-02
   100.5      0.2716E-02  0.1419E-01 -0.1773E-02 -0.4350E-02  0.1143E-02
   101.0      0.2761E-02  0.1401E-01 -0.1791E-02 -0.4112E-02  0.1074E-02
   101.5      0.2805E-02  0.1384E-01 -0.1796E-02 -0.3874E-02  0.1011E-02
   102.0      0.2849E-02  0.1370E-01 -0.1789E-02 -0.3637E-02  0.9524E-03
   102.5      0.2892E-02  0.1357E-01 -0.1774E-02 -0.3401E-02  0.8971E-03
   103.0      0.2933E-02  0.1345E-01 -0.1751E-02 -0.3169E-02  0.8427E-03
   103.5      0.2972E-02  0.1334E-01 -0.1724E-02 -0.2941E-02  0.7873E-03
   104.0      0.3008E-02  0.1322E-01 -0.1694E-02 -0.2716E-02  0.7292E-03
   104.5      0.3041E-02  0.1309E-01 -0.1662E-02 -0.2496E-02  0.6673E-03
   105.0      0.3071E-02  0.1295E-01 -0.1629E-02 -0.2279E-02  0.6009E-03
   105.5      0.3097E-02  0.1280E-01 -0.1595E-02 -0.2068E-02  0.5299E-03
   106.0      0.3120E-02  0.1262E-01 -0.1560E-02 -0.1860E-02  0.4546E-03
   106.5      0.3138E-02  0.1243E-01 -0.1523E-02 -0.1657E-02  0.3759E-03
   107.0      0.3153E-02  0.1223E-01 -0.1483E-02 -0.1458E-02  0.2950E-03
   107.5      0.3164E-02  0.1202E-01 -0.1438E-02 -0.1262E-02  0.2136E-03
   108.0      0.3170E-02  0.1180E-01 -0.1388E-02 -0.1070E-02  0.1335E-03
   108.5      0.3173E-02  0.1159E-01 -0.1330E-02 -0.8822E-03  0.5653E-04
   109.0      0.3172E-02  0.1138E-01 -0.1262E-02 -0.6978E-03 -0.1528E-04
   109.5      0.3168E-02  0.1119E-01 -0.1184E-02 -0.5170E-03 -0.8004E-04
   110.0      0.3160E-02  0.1102E-01 -0.1094E-02 -0.3399E-03 -0.1360E-03
   110.5      0.3149E-02  0.1087E-01 -0.9894E-03 -0.1667E-03 -0.1817E-03
   111.0      0.3136E-02  0.1074E-01 -0.8706E-03  0.2373E-05 -0.2158E-03
   111.5      0.3120E-02  0.1063E-01 -0.7367E-03  0.1671E-03 -0.2375E-03
   112.0      0.3101E-02  0.1053E-01 -0.5874E-03  0.3272E-03 -0.2463E-03
   112.5      0.3081E-02  0.1043E-01 -0.4231E-03  0.4823E-03 -0.2422E-03
   113.0      0.3059E-02  0.1033E-01 -0.2444E-03  0.6319E-03 -0.2257E-03
   113.5      0.3036E-02  0.1023E-01 -0.5244E-04  0.7755E-03 -0.1976E-03
   114.0      0.3012E-02  0.1009E-01  0.1511E-03  0.9127E-03 -0.1594E-03
   114.5      0.2987E-02  0.9934E-02  0.3643E-03  0.1043E-02 -0.1129E-03
   115.0      0.2962E-02  0.9737E-02  0.5847E-03  0.1166E-02 -0.6018E-04
   115.5      0.2936E-02  0.9497E-02  0.8098E-03  0.1281E-02 -0.3677E-05
   116.0      0.2910E-02  0.9212E-02  0.1037E-02  0.1388E-02  0.5415E-04
   116.5      0.2885E-02  0.8883E-02  0.1263E-02  0.1486E-02  0.1109E-03
   117.0      0.2859E-02  0.8511E-02  0.1486E-02  0.1574E-02  0.1646E-03
   117.5      0.2835E-02  0.8104E-02  0.1704E-02  0.1654E-02  0.2137E-03
   118.0      0.2811E-02  0.7666E-02  0.1915E-02  0.1723E-02  0.2572E-03
   118.5      0.2788E-02  0.7208E-02  0.2118E-02  0.1782E-02  0.2954E-03
   119.0      0.2767E-02  0.6737E-02  0.2314E-02  0.1831E-02  0.3293E-03
   119.5      0.2746E-02  0.6261E-02  0.2503E-02  0.1870E-02  0.3608E-03
   120.0      0.2727E-02  0.5788E-02  0.2686E-02  0.1899E-02  0.3931E-03
   120.5      0.2710E-02  0.5322E-02  0.2867E-02  0.1917E-02  0.4299E-03
   121.0      0.2694E-02  0.4865E-02  0.3048E-02  0.1925E-02  0.4753E-03
   121.5      0.2679E-02  0.4419E-02  0.3231E-02  0.1923E-02  0.5337E-03
   122.0      0.2666E-02  0.3979E-02  0.3419E-02  0.1911E-02  0.6092E-03
   122.5      0.2654E-02  0.3544E-02  0.3614E-02  0.1890E-02  0.7050E-03
   123.0      0.2644E-02  0.3107E-02  0.3817E-02  0.1859E-02  0.8233E-03
   123.5      0.2636E-02  0.2665E-02  0.4028E-02  0.1820E-02  0.9647E-03
   124.0      0.2628E-02  0.2211E-02  0.4245E-02  0.1773E-02  0.1128E-02
   124.5      0.2622E-02  0.1742E-02  0.4467E-02  0.1718E-02  0.1311E-02
   125.0      0.2618E-02  0.1257E-02  0.4689E-02  0.1656E-02  0.1508E-02
   125.5      0.2614E-02  0.7552E-03  0.4907E-02  0.1587E-02  0.1715E-02
   126.0      0.2611E-02  0.2393E-03  0.5114E-02  0.1513E-02  0.1924E-02
   126.5      0.2610E-02 -0.2862E-03  0.5306E-02  0.1434E-02  0.2128E-02
   127.0      0.2609E-02 -0.8153E-03  0.5477E-02  0.1351E-02  0.2320E-02
   127.5      0.2609E-02 -0.1341E-02  0.5622E-02  0.1265E-02  0.2494E-02
   128.0      0.2610E-02 -0.1855E-02  0.5738E-02  0.1176E-02  0.2646E-02
   128.5      0.2612E-02 -0.2351E-02  0.5825E-02  0.1087E-02  0.2772E-02
   129.0      0.2615E-02 -0.2822E-02  0.5881E-02  0.9979E-03  0.2872E-02
   129.5      0.2619E-02 -0.3263E-02  0.5910E-02  0.9094E-03  0.2948E-02
   130.0      0.2624E-02 -0.3671E-02  0.5915E-02  0.8227E-03  0.3002E-02
   130.5      0.2631E-02 -0.4046E-02  0.5901E-02  0.7386E-03  0.3042E-02
   131.0      0.2638E-02 -0.4386E-02  0.5876E-02  0.6578E-03  0.3073E-02
   131.5      0.2646E-02 -0.4696E-02  0.5844E-02  0.5808E-03  0.3102E-02
   132.0      0.2656E-02 -0.4978E-02  0.5814E-02  0.5083E-03  0.3136E-02
   132.5      0.2668E-02 -0.5236E-02  0.5789E-02  0.4405E-03  0.3182E-02
   133.0      0.2681E-02 -0.5475E-02  0.5774E-02  0.3776E-03  0.3242E-02
   133.5      0.2695E-02 -0.5696E-02  0.5770E-02  0.3200E-03  0.3318E-02
   134.0      0.2712E-02 -0.5902E-02  0.5777E-02  0.2676E-03  0.3410E-02
   134.5      0.2730E-02 -0.6095E-02  0.5792E-02  0.2206E-03  0.3513E-02
   135.0      0.2751E-02 -0.6271E-02  0.5810E-02  0.1789E-03  0.3622E-02
   135.5      0.2774E-02 -0.6431E-02  0.5826E-02  0.1426E-03  0.3729E-02
   136.0      0.2799E-02 -0.6569E-02  0.5832E-02  0.1116E-03  0.3825E-02
   136.5      0.2827E-02 -0.6682E-02  0.5823E-02  0.8598E-04  0.3902E-02
   137.0      0.2857E-02 -0.6765E-02  0.5793E-02  0.6580E-04  0.3951E-02
   137.5      0.2890E-02 -0.6816E-02  0.5736E-02  0.5108E-04  0.3965E-02
   138.0      0.2926E-02 -0.6831E-02  0.5650E-02  0.4183E-04  0.3941E-02
   138.5      0.2965E-02 -0.6809E-02  0.5536E-02  0.3803E-04  0.3878E-02
   139.0      0.3007E-02 -0.6751E-02  0.5395E-02  0.3959E-04  0.3777E-02
   139.5      0.3052E-02 -0.6659E-02  0.5233E-02  0.4638E-04  0.3643E-02
   140.0      0.3099E-02 -0.6536E-02  0.5056E-02  0.5813E-04  0.3484E-02
   140.5      0.3150E-02 -0.6388E-02  0.4871E-02  0.7449E-04  0.3308E-02
   141.0      0.3204E-02 -0.6221E-02  0.4687E-02  0.9500E-04  0.3125E-02
   141.5      0.3261E-02 -0.6041E-02  0.4512E-02  0.1191E-03  0.2945E-02
   142.0      0.3321E-02 -0.5853E-02  0.4352E-02  0.1462E-03  0.2777E-02
   142.5      0.3383E-02 -0.5664E-02  0.4212E-02  0.1755E-03  0.2628E-02
   143.0      0.3448E-02 -0.5477E-02  0.4096E-02  0.2063E-03  0.2501E-02
   143.5      0.3516E-02 -0.5295E-02  0.4004E-02  0.2379E-03  0.2399E-02
   144.0      0.3586E-02 -0.5121E-02  0.3934E-02  0.2696E-03  0.2320E-02
   144.5      0.3658E-02 -0.4954E-02  0.3882E-02  0.3008E-03  0.2261E-02
   145.0      0.3731E-02 -0.4793E-02  0.3843E-02  0.3309E-03  0.2216E-02
   145.5      0.3807E-02 -0.4637E-02  0.3809E-02  0.3595E-03  0.2177E-02
   146.0      0.3883E-02 -0.4483E-02  0.3775E-02  0.3863E-03  0.2138E-02
   146.5      0.3961E-02 -0.4330E-02  0.3734E-02  0.4110E-03  0.2090E-02
   147.0      0.4039E-02 -0.4175E-02  0.3680E-02  0.4338E-03  0.2026E-02
   147.5      0.4117E-02 -0.4015E-02  0.3609E-02  0.4544E-03  0.1943E-02
   148.0      0.4194E-02 -0.3852E-02  0.3518E-02  0.4731E-03  0.1836E-02
   148.5      0.4270E-02 -0.3683E-02  0.3409E-02  0.4899E-03  0.1705E-02
   149.0      0.4345E-02 -0.3511E-02  0.3281E-02  0.5050E-03  0.1552E-02
   149.5      0.4418E-02 -0.3336E-02  0.3140E-02  0.5187E-03  0.1380E-02
   150.0      0.4489E-02 -0.3161E-02  0.2989E-02  0.5309E-03  0.1196E-02
   150.5      0.4557E-02 -0.2987E-02  0.2835E-02  0.5418E-03  0.1006E-02
   151.0      0.4621E-02 -0.2818E-02  0.2682E-02  0.5515E-03  0.8173E-03
   151.5      0.4683E-02 -0.2656E-02  0.2538E-02  0.5599E-03  0.6378E-03
   152.0      0.4740E-02 -0.2504E-02  0.2408E-02  0.5669E-03  0.4741E-03
   152.5      0.4793E-02 -0.2363E-02  0.2294E-02  0.5724E-03  0.3318E-03
   153.0      0.4842E-02 -0.2234E-02  0.2201E-02  0.5763E-03  0.2149E-03
   153.5      0.4886E-02 -0.2118E-02  0.2128E-02  0.5784E-03  0.1255E-03
   154.0      0.4925E-02 -0.2015E-02  0.2074E-02  0.5784E-03  0.6340E-04
   154.5      0.4959E-02 -0.1925E-02  0.2036E-02  0.5763E-03  0.2653E-04
   155.0      0.4987E-02 -0.1844E-02  0.2012E-02  0.5719E-03  0.1098E-04
   155.5      0.5010E-02 -0.1773E-02  0.1994E-02  0.5651E-03  0.1139E-04
   156.0      0.5027E-02 -0.1709E-02  0.1978E-02  0.5560E-03  0.2142E-04
   156.5      0.5038E-02 -0.1649E-02  0.1957E-02  0.5444E-03  0.3429E-04
   157.0      0.5043E-02 -0.1593E-02  0.1925E-02  0.5306E-03  0.4338E-04
   157.5      0.5041E-02 -0.1538E-02  0.1878E-02  0.5147E-03  0.4271E-04
   158.0      0.5033E-02 -0.1484E-02  0.1812E-02  0.4968E-03  0.2751E-04
   158.5      0.5018E-02 -0.1428E-02  0.1725E-02  0.4773E-03 -0.5500E-05
   159.0      0.4997E-02 -0.1372E-02  0.1615E-02  0.4564E-03 -0.5781E-04
   159.5      0.4969E-02 -0.1315E-02  0.1483E-02  0.4344E-03 -0.1290E-03
   160.0      0.4934E-02 -0.1257E-02  0.1332E-02  0.4115E-03 -0.2170E-03
   160.5      0.4892E-02 -0.1199E-02  0.1165E-02  0.3879E-03 -0.3178E-03
   161.0      0.4845E-02 -0.1142E-02  0.9872E-03  0.3638E-03 -0.4264E-03
   161.5      0.4791E-02 -0.1087E-02  0.8028E-03  0.3393E-03 -0.5366E-03
   162.0      0.4732E-02 -0.1034E-02  0.6171E-03  0.3146E-03 -0.6420E-03
   162.5      0.4668E-02 -0.9855E-03  0.4351E-03  0.2897E-03 -0.7363E-03
   163.0      0.4599E-02 -0.9408E-03  0.2607E-03  0.2645E-03 -0.8136E-03
   163.5      0.4525E-02 -0.9004E-03  0.9658E-04  0.2389E-03 -0.8693E-03
   164.0      0.4449E-02 -0.8644E-03 -0.5580E-04  0.2130E-03 -0.9003E-03
   164.5      0.4368E-02 -0.8324E-03 -0.1968E-03  0.1866E-03 -0.9051E-03
   165.0      0.4286E-02 -0.8038E-03 -0.3284E-03  0.1596E-03 -0.8841E-03
   165.5      0.4200E-02 -0.7777E-03 -0.4541E-03  0.1320E-03 -0.8397E-03
   166.0      0.4113E-02 -0.7535E-03 -0.5789E-03  0.1037E-03 -0.7760E-03
   166.5      0.4024E-02 -0.7302E-03 -0.7088E-03  0.7484E-04 -0.6985E-03
   167.0      0.3934E-02 -0.7070E-03 -0.8501E-03  0.4544E-04 -0.6136E-03
   167.5      0.3843E-02 -0.6833E-03 -0.1009E-02  0.1571E-04 -0.5283E-03
   168.0      0.3751E-02 -0.6588E-03 -0.1193E-02 -0.1412E-04 -0.4494E-03
   168.5      0.3659E-02 -0.6333E-03 -0.1405E-02 -0.4374E-04 -0.3833E-03
   169.0      0.3566E-02 -0.6070E-03 -0.1649E-02 -0.7275E-04 -0.3350E-03
   169.5      0.3474E-02 -0.5803E-03 -0.1928E-02 -0.1007E-03 -0.3080E-03
   170.0      0.3383E-02 -0.5539E-03 -0.2239E-02 -0.1273E-03 -0.3041E-03
   170.5      0.3292E-02 -0.5284E-03 -0.2581E-02 -0.1518E-03 -0.3230E-03
   171.0      0.3203E-02 -0.5047E-03 -0.2948E-02 -0.1739E-03 -0.3623E-03
   171.5      0.3115E-02 -0.4833E-03 -0.3333E-02 -0.1930E-03 -0.4178E-03
   172.0      0.3031E-02 -0.4648E-03 -0.3726E-02 -0.2089E-03 -0.4838E-03
   172.5      0.2949E-02 -0.4493E-03 -0.4119E-02 -0.2210E-03 -0.5532E-03
   173.0      0.2871E-02 -0.4368E-03 -0.4500E-02 -0.2292E-03 -0.6188E-03
   173.5      0.2797E-02 -0.4267E-03 -0.4859E-02 -0.2332E-03 -0.6731E-03
   174.0      0.2728E-02 -0.4180E-03 -0.5186E-02 -0.2331E-03 -0.7096E-03
   174.5      0.2664E-02 -0.4095E-03 -0.5472E-02 -0.2288E-03 -0.7233E-03
   175.0      0.2605E-02 -0.3998E-03 -0.5714E-02 -0.2205E-03 -0.7111E-03
   175.5      0.2552E-02 -0.3871E-03 -0.5906E-02 -0.2085E-03 -0.6722E-03
   176.0      0.2505E-02 -0.3699E-03 -0.6051E-02 -0.1932E-03 -0.6085E-03
   176.5      0.2463E-02 -0.3469E-03 -0.6150E-02 -0.1749E-03 -0.5244E-03
   177.0      0.2428E-02 -0.3169E-03 -0.6210E-02 -0.1540E-03 -0.4263E-03
   177.5      0.2398E-02 -0.2795E-03 -0.6239E-02 -0.1312E-03 -0.3221E-03
   178.0      0.2374E-02 -0.2346E-03 -0.6245E-02 -0.1067E-03 -0.2208E-03
   178.5      0.2356E-02 -0.1828E-03 -0.6238E-02 -0.8101E-04 -0.1309E-03
   179.0      0.2342E-02 -0.1253E-03 -0.6226E-02 -0.5445E-04 -0.6041E-04
   179.5      0.2335E-02 -0.6374E-04 -0.6216E-02 -0.2736E-04 -0.1544E-04
   180.0      0.2332E-02   0.000     -0.6212E-02   0.000       0.000    
 END
