# 361 angles,  1 tensor ranks for 0=projectile
@subtitle   "9Be(6Li,d)13C"                                                                 
@legend ON
@legend x1 0.2
@legend y1 0.8
@g0 type LOGY
@yaxis ticklabel format power
@legend string   0 "Lab energy =   32.0000"
#legend string   0 "Partition=  2 Excit=  1 near/far= 1"
#  Theta       sigma       iT11        T20         T21         T22         Kyy for projectile
   0.000      0.1553    
  0.5000      0.1552    
   1.000      0.1549    
   1.500      0.1545    
   2.000      0.1539    
   2.500      0.1531    
   3.000      0.1521    
   3.500      0.1510    
   4.000      0.1497    
   4.500      0.1483    
   5.000      0.1467    
   5.500      0.1450    
   6.000      0.1431    
   6.500      0.1411    
   7.000      0.1390    
   7.500      0.1367    
   8.000      0.1344    
   8.500      0.1320    
   9.000      0.1295    
   9.500      0.1269    
   10.00      0.1242    
   10.50      0.1215    
   11.00      0.1187    
   11.50      0.1158    
   12.00      0.1130    
   12.50      0.1101    
   13.00      0.1072    
   13.50      0.1042    
   14.00      0.1013    
   14.50      0.9838E-01
   15.00      0.9545E-01
   15.50      0.9254E-01
   16.00      0.8964E-01
   16.50      0.8677E-01
   17.00      0.8393E-01
   17.50      0.8112E-01
   18.00      0.7835E-01
   18.50      0.7562E-01
   19.00      0.7292E-01
   19.50      0.7028E-01
   20.00      0.6767E-01
   20.50      0.6512E-01
   21.00      0.6262E-01
   21.50      0.6018E-01
   22.00      0.5778E-01
   22.50      0.5545E-01
   23.00      0.5317E-01
   23.50      0.5094E-01
   24.00      0.4878E-01
   24.50      0.4668E-01
   25.00      0.4465E-01
   25.50      0.4267E-01
   26.00      0.4077E-01
   26.50      0.3893E-01
   27.00      0.3716E-01
   27.50      0.3546E-01
   28.00      0.3383E-01
   28.50      0.3228E-01
   29.00      0.3081E-01
   29.50      0.2941E-01
   30.00      0.2809E-01
   30.50      0.2685E-01
   31.00      0.2569E-01
   31.50      0.2462E-01
   32.00      0.2362E-01
   32.50      0.2272E-01
   33.00      0.2189E-01
   33.50      0.2115E-01
   34.00      0.2049E-01
   34.50      0.1991E-01
   35.00      0.1940E-01
   35.50      0.1898E-01
   36.00      0.1863E-01
   36.50      0.1835E-01
   37.00      0.1814E-01
   37.50      0.1799E-01
   38.00      0.1791E-01
   38.50      0.1787E-01
   39.00      0.1789E-01
   39.50      0.1795E-01
   40.00      0.1806E-01
   40.50      0.1819E-01
   41.00      0.1836E-01
   41.50      0.1855E-01
   42.00      0.1875E-01
   42.50      0.1897E-01
   43.00      0.1919E-01
   43.50      0.1942E-01
   44.00      0.1964E-01
   44.50      0.1985E-01
   45.00      0.2006E-01
   45.50      0.2024E-01
   46.00      0.2040E-01
   46.50      0.2055E-01
   47.00      0.2066E-01
   47.50      0.2075E-01
   48.00      0.2081E-01
   48.50      0.2084E-01
   49.00      0.2084E-01
   49.50      0.2081E-01
   50.00      0.2075E-01
   50.50      0.2066E-01
   51.00      0.2054E-01
   51.50      0.2039E-01
   52.00      0.2022E-01
   52.50      0.2003E-01
   53.00      0.1982E-01
   53.50      0.1959E-01
   54.00      0.1934E-01
   54.50      0.1908E-01
   55.00      0.1881E-01
   55.50      0.1854E-01
   56.00      0.1826E-01
   56.50      0.1798E-01
   57.00      0.1771E-01
   57.50      0.1743E-01
   58.00      0.1717E-01
   58.50      0.1691E-01
   59.00      0.1666E-01
   59.50      0.1642E-01
   60.00      0.1620E-01
   60.50      0.1599E-01
   61.00      0.1580E-01
   61.50      0.1563E-01
   62.00      0.1547E-01
   62.50      0.1534E-01
   63.00      0.1522E-01
   63.50      0.1511E-01
   64.00      0.1503E-01
   64.50      0.1496E-01
   65.00      0.1492E-01
   65.50      0.1488E-01
   66.00      0.1487E-01
   66.50      0.1487E-01
   67.00      0.1489E-01
   67.50      0.1492E-01
   68.00      0.1496E-01
   68.50      0.1501E-01
   69.00      0.1508E-01
   69.50      0.1516E-01
   70.00      0.1524E-01
   70.50      0.1534E-01
   71.00      0.1544E-01
   71.50      0.1555E-01
   72.00      0.1567E-01
   72.50      0.1579E-01
   73.00      0.1592E-01
   73.50      0.1605E-01
   74.00      0.1618E-01
   74.50      0.1631E-01
   75.00      0.1645E-01
   75.50      0.1659E-01
   76.00      0.1673E-01
   76.50      0.1687E-01
   77.00      0.1701E-01
   77.50      0.1715E-01
   78.00      0.1729E-01
   78.50      0.1743E-01
   79.00      0.1757E-01
   79.50      0.1771E-01
   80.00      0.1784E-01
   80.50      0.1798E-01
   81.00      0.1811E-01
   81.50      0.1824E-01
   82.00      0.1838E-01
   82.50      0.1851E-01
   83.00      0.1864E-01
   83.50      0.1878E-01
   84.00      0.1892E-01
   84.50      0.1906E-01
   85.00      0.1920E-01
   85.50      0.1935E-01
   86.00      0.1950E-01
   86.50      0.1966E-01
   87.00      0.1983E-01
   87.50      0.2001E-01
   88.00      0.2019E-01
   88.50      0.2039E-01
   89.00      0.2060E-01
   89.50      0.2082E-01
   90.00      0.2105E-01
   90.50      0.2130E-01
   91.00      0.2156E-01
   91.50      0.2184E-01
   92.00      0.2213E-01
   92.50      0.2244E-01
   93.00      0.2276E-01
   93.50      0.2309E-01
   94.00      0.2344E-01
   94.50      0.2380E-01
   95.00      0.2417E-01
   95.50      0.2455E-01
   96.00      0.2494E-01
   96.50      0.2534E-01
   97.00      0.2574E-01
   97.50      0.2615E-01
   98.00      0.2655E-01
   98.50      0.2696E-01
   99.00      0.2735E-01
   99.50      0.2775E-01
   100.0      0.2813E-01
   100.5      0.2850E-01
   101.0      0.2885E-01
   101.5      0.2919E-01
   102.0      0.2951E-01
   102.5      0.2980E-01
   103.0      0.3007E-01
   103.5      0.3032E-01
   104.0      0.3053E-01
   104.5      0.3072E-01
   105.0      0.3088E-01
   105.5      0.3100E-01
   106.0      0.3109E-01
   106.5      0.3116E-01
   107.0      0.3119E-01
   107.5      0.3119E-01
   108.0      0.3115E-01
   108.5      0.3109E-01
   109.0      0.3100E-01
   109.5      0.3089E-01
   110.0      0.3075E-01
   110.5      0.3059E-01
   111.0      0.3041E-01
   111.5      0.3022E-01
   112.0      0.3001E-01
   112.5      0.2979E-01
   113.0      0.2956E-01
   113.5      0.2933E-01
   114.0      0.2910E-01
   114.5      0.2886E-01
   115.0      0.2863E-01
   115.5      0.2841E-01
   116.0      0.2819E-01
   116.5      0.2798E-01
   117.0      0.2779E-01
   117.5      0.2761E-01
   118.0      0.2744E-01
   118.5      0.2729E-01
   119.0      0.2715E-01
   119.5      0.2703E-01
   120.0      0.2692E-01
   120.5      0.2683E-01
   121.0      0.2676E-01
   121.5      0.2669E-01
   122.0      0.2664E-01
   122.5      0.2659E-01
   123.0      0.2656E-01
   123.5      0.2653E-01
   124.0      0.2650E-01
   124.5      0.2647E-01
   125.0      0.2644E-01
   125.5      0.2640E-01
   126.0      0.2636E-01
   126.5      0.2631E-01
   127.0      0.2625E-01
   127.5      0.2617E-01
   128.0      0.2608E-01
   128.5      0.2597E-01
   129.0      0.2584E-01
   129.5      0.2569E-01
   130.0      0.2552E-01
   130.5      0.2533E-01
   131.0      0.2512E-01
   131.5      0.2489E-01
   132.0      0.2463E-01
   132.5      0.2436E-01
   133.0      0.2406E-01
   133.5      0.2375E-01
   134.0      0.2343E-01
   134.5      0.2309E-01
   135.0      0.2274E-01
   135.5      0.2239E-01
   136.0      0.2202E-01
   136.5      0.2166E-01
   137.0      0.2129E-01
   137.5      0.2093E-01
   138.0      0.2057E-01
   138.5      0.2022E-01
   139.0      0.1988E-01
   139.5      0.1955E-01
   140.0      0.1924E-01
   140.5      0.1895E-01
   141.0      0.1868E-01
   141.5      0.1842E-01
   142.0      0.1819E-01
   142.5      0.1798E-01
   143.0      0.1779E-01
   143.5      0.1763E-01
   144.0      0.1749E-01
   144.5      0.1737E-01
   145.0      0.1727E-01
   145.5      0.1720E-01
   146.0      0.1714E-01
   146.5      0.1709E-01
   147.0      0.1706E-01
   147.5      0.1705E-01
   148.0      0.1704E-01
   148.5      0.1704E-01
   149.0      0.1705E-01
   149.5      0.1706E-01
   150.0      0.1706E-01
   150.5      0.1707E-01
   151.0      0.1707E-01
   151.5      0.1706E-01
   152.0      0.1704E-01
   152.5      0.1701E-01
   153.0      0.1697E-01
   153.5      0.1691E-01
   154.0      0.1684E-01
   154.5      0.1675E-01
   155.0      0.1664E-01
   155.5      0.1652E-01
   156.0      0.1638E-01
   156.5      0.1623E-01
   157.0      0.1607E-01
   157.5      0.1589E-01
   158.0      0.1570E-01
   158.5      0.1550E-01
   159.0      0.1530E-01
   159.5      0.1509E-01
   160.0      0.1488E-01
   160.5      0.1467E-01
   161.0      0.1446E-01
   161.5      0.1426E-01
   162.0      0.1408E-01
   162.5      0.1390E-01
   163.0      0.1374E-01
   163.5      0.1360E-01
   164.0      0.1347E-01
   164.5      0.1337E-01
   165.0      0.1330E-01
   165.5      0.1324E-01
   166.0      0.1322E-01
   166.5      0.1322E-01
   167.0      0.1325E-01
   167.5      0.1331E-01
   168.0      0.1340E-01
   168.5      0.1351E-01
   169.0      0.1364E-01
   169.5      0.1381E-01
   170.0      0.1399E-01
   170.5      0.1419E-01
   171.0      0.1442E-01
   171.5      0.1465E-01
   172.0      0.1490E-01
   172.5      0.1516E-01
   173.0      0.1542E-01
   173.5      0.1568E-01
   174.0      0.1594E-01
   174.5      0.1620E-01
   175.0      0.1645E-01
   175.5      0.1668E-01
   176.0      0.1690E-01
   176.5      0.1710E-01
   177.0      0.1729E-01
   177.5      0.1744E-01
   178.0      0.1757E-01
   178.5      0.1768E-01
   179.0      0.1776E-01
   179.5      0.1780E-01
   180.0      0.1782E-01
 END
