# 100 angles,  1 tensor ranks for 0=projectile
@subtitle   "28Si(d,p)29Si(g.s.) DWBA"                                                      
@legend ON
@legend x1 0.2
@legend y1 0.8
@g0 type LOGY
@yaxis ticklabel format power
@legend string   0 "Lab energy =   17.8500"
#legend string   0 "Partition=  2 Excit=  1 near/far= 1"
#  Theta       sigma       iT11        T20         T21         T22         Kyy for projectile
   1.000       188.9    
   2.000       183.1    
   3.000       173.8    
   4.000       161.5    
   5.000       146.7    
   6.000       130.1    
   7.000       112.6    
   8.000       94.73    
   9.000       77.32    
   10.00       60.98    
   11.00       46.21    
   12.00       33.38    
   13.00       22.75    
   14.00       14.42    
   15.00       8.337    
   16.00       4.377    
   17.00       2.306    
   18.00       1.831    
   19.00       2.621    
   20.00       4.333    
   21.00       6.634    
   22.00       9.216    
   23.00       11.82    
   24.00       14.21    
   25.00       16.25    
   26.00       17.80    
   27.00       18.82    
   28.00       19.28    
   29.00       19.22    
   30.00       18.67    
   31.00       17.70    
   32.00       16.41    
   33.00       14.89    
   34.00       13.22    
   35.00       11.49    
   36.00       9.768    
   37.00       8.126    
   38.00       6.610    
   39.00       5.258    
   40.00       4.092    
   41.00       3.123    
   42.00       2.350    
   43.00       1.765    
   44.00       1.351    
   45.00       1.089    
   46.00      0.9539    
   47.00      0.9205    
   48.00      0.9635    
   49.00       1.059    
   50.00       1.186    
   51.00       1.324    
   52.00       1.459    
   53.00       1.578    
   54.00       1.672    
   55.00       1.735    
   56.00       1.765    
   57.00       1.761    
   58.00       1.724    
   59.00       1.660    
   60.00       1.570    
   61.00       1.462    
   62.00       1.341    
   63.00       1.211    
   64.00       1.080    
   65.00      0.9504    
   66.00      0.8277    
   67.00      0.7151    
   68.00      0.6151    
   69.00      0.5297    
   70.00      0.4598    
   71.00      0.4056    
   72.00      0.3668    
   73.00      0.3424    
   74.00      0.3311    
   75.00      0.3310    
   76.00      0.3403    
   77.00      0.3569    
   78.00      0.3787    
   79.00      0.4036    
   80.00      0.4298    
   81.00      0.4556    
   82.00      0.4794    
   83.00      0.5000    
   84.00      0.5165    
   85.00      0.5282    
   86.00      0.5344    
   87.00      0.5352    
   88.00      0.5304    
   89.00      0.5202    
   90.00      0.5050    
   91.00      0.4853    
   92.00      0.4617    
   93.00      0.4348    
   94.00      0.4053    
   95.00      0.3738    
   96.00      0.3412    
   97.00      0.3081    
   98.00      0.2750    
   99.00      0.2425    
   100.0      0.2112    
 END
