# 121 angles,  1 tensor ranks for 0=projectile
@subtitle   "12C(d,p)13C | E_beam = 16MeV | DWBA | Ex = 0.0MeV"                             
@legend ON
@legend x1 0.2
@legend y1 0.8
@g0 type LOGY
@yaxis ticklabel format power
@legend string   0 "Lab energy =   16.0000"
#legend string   0 "Partition=  2 Excit=  1 near/far= 1"
#  Theta       sigma       iT11        T20         T21         T22         Kyy for projectile
   0.000       5.503    
  0.5000       5.502    
   1.000       5.498    
   1.500       5.492    
   2.000       5.483    
   2.500       5.472    
   3.000       5.459    
   3.500       5.442    
   4.000       5.424    
   4.500       5.403    
   5.000       5.379    
   5.500       5.353    
   6.000       5.324    
   6.500       5.293    
   7.000       5.260    
   7.500       5.224    
   8.000       5.186    
   8.500       5.145    
   9.000       5.102    
   9.500       5.057    
   10.00       5.009    
   10.50       4.960    
   11.00       4.908    
   11.50       4.853    
   12.00       4.797    
   12.50       4.739    
   13.00       4.679    
   13.50       4.617    
   14.00       4.553    
   14.50       4.487    
   15.00       4.420    
   15.50       4.350    
   16.00       4.280    
   16.50       4.208    
   17.00       4.134    
   17.50       4.059    
   18.00       3.983    
   18.50       3.906    
   19.00       3.828    
   19.50       3.749    
   20.00       3.669    
   20.50       3.588    
   21.00       3.507    
   21.50       3.425    
   22.00       3.342    
   22.50       3.259    
   23.00       3.176    
   23.50       3.093    
   24.00       3.009    
   24.50       2.926    
   25.00       2.843    
   25.50       2.760    
   26.00       2.677    
   26.50       2.595    
   27.00       2.513    
   27.50       2.432    
   28.00       2.352    
   28.50       2.272    
   29.00       2.193    
   29.50       2.115    
   30.00       2.039    
   30.50       1.963    
   31.00       1.888    
   31.50       1.815    
   32.00       1.743    
   32.50       1.672    
   33.00       1.603    
   33.50       1.535    
   34.00       1.469    
   34.50       1.404    
   35.00       1.341    
   35.50       1.279    
   36.00       1.220    
   36.50       1.162    
   37.00       1.106    
   37.50       1.051    
   38.00      0.9989    
   38.50      0.9482    
   39.00      0.8994    
   39.50      0.8525    
   40.00      0.8074    
   40.50      0.7641    
   41.00      0.7227    
   41.50      0.6831    
   42.00      0.6454    
   42.50      0.6094    
   43.00      0.5752    
   43.50      0.5428    
   44.00      0.5120    
   44.50      0.4830    
   45.00      0.4555    
   45.50      0.4297    
   46.00      0.4054    
   46.50      0.3827    
   47.00      0.3614    
   47.50      0.3416    
   48.00      0.3232    
   48.50      0.3062    
   49.00      0.2904    
   49.50      0.2760    
   50.00      0.2627    
   50.50      0.2507    
   51.00      0.2398    
   51.50      0.2300    
   52.00      0.2212    
   52.50      0.2135    
   53.00      0.2067    
   53.50      0.2009    
   54.00      0.1960    
   54.50      0.1918    
   55.00      0.1885    
   55.50      0.1859    
   56.00      0.1840    
   56.50      0.1828    
   57.00      0.1821    
   57.50      0.1820    
   58.00      0.1824    
   58.50      0.1833    
   59.00      0.1846    
   59.50      0.1862    
   60.00      0.1882    
 END
