# Fusion cross sections for ELAB=  16.000, ECM=  13.700
     0.0   8.986       8.988      0.1205E-02
     1.0   79.67       79.84      0.1674    
     2.0   133.1       133.5      0.3610    
     3.0   188.6       189.3      0.7782    
     4.0   220.8       221.6      0.7510    
     5.0   207.5       209.0       1.503    
     6.0   151.9       153.6       1.746    
     7.0   75.70       76.42      0.7274    
     8.0   30.70       30.90      0.2025    
     9.0   11.80       11.86      0.5388E-01
    10.0   4.440       4.454      0.1418E-01
    11.0   1.648       1.651      0.3727E-02
    12.0  0.6049      0.6059      0.9804E-03
    13.0  0.2201      0.2203      0.2586E-03
    14.0  0.7945E-01  0.7951E-01  0.6836E-04
    15.0  0.2848E-01  0.2850E-01  0.1811E-04
    16.0  0.1015E-01  0.1015E-01  0.5216E-05
    17.0  0.3593E-02  0.3598E-02  0.4838E-05
    18.0  0.1269E-02  0.1269E-02  0.3653E-06
    19.0  0.3712E-03  0.4457E-03  0.7455E-04
    20.0  0.6213E-04  0.1559E-03  0.9380E-04
 &
