           2           1           1
    0.0-     1 1   8.988       0.000      0.1854       8.802    
    1.0+     0 1   26.12       0.000      0.5571E-01   26.06    
    1.0+     2 2   26.76       0.000      0.8138       25.94    
    1.0-     1 1   26.96       0.000      0.1306       26.83    
    2.0+     2 1   43.99       0.000      0.3934       43.59    
    2.0-     1 1   44.65       0.000      0.2114       44.44    
    2.0-     3 2   44.86       0.000       1.081       43.78    
    3.0+     2 1   61.62       0.000      0.1110       61.51    
    3.0+     4 2   63.24       0.000       2.667       60.57    
    3.0-     3 1   64.49       0.000       1.468       63.02    
    4.0+     4 1   78.33       0.000      0.7821       77.55    
    4.0-     3 1   81.63       0.000      0.4653       81.16    
    4.0-     5 2   61.63       0.000       3.135       58.49    
    5.0+     4 1   95.12       0.000      0.4688       94.65    
    5.0+     6 2   35.83       0.000       1.449       34.38    
    5.0-     5 1   78.02       0.000       2.693       75.33    
    6.0+     6 1   43.28       0.000       1.168       42.12    
    6.0-     5 1   94.43       0.000      0.2581       94.17    
    6.0-     7 2   15.91       0.000      0.5098       15.40    
    7.0+     6 1   51.53       0.000      0.1282       51.40    
    7.0+     8 2   6.400       0.000      0.1654       6.235    
    7.0-     7 1   18.49       0.000      0.3879       18.10    
    8.0+     8 1   7.270       0.000      0.1216       7.149    
    8.0-     7 1   21.15       0.000      0.4402E-01   21.11    
    8.0-     9 2   2.478       0.000      0.5241E-01   2.425    
    9.0+     8 1   8.147       0.000      0.1376E-01   8.133    
    9.0+    10 2  0.9392       0.000      0.1648E-01  0.9228    
    9.0-     9 1   2.771       0.000      0.3761E-01   2.733    
   10.0+    10 1   1.038       0.000      0.1161E-01   1.027    
   10.0-     9 1   3.065       0.000      0.4204E-02   3.061    
   10.0-    11 2  0.3509       0.000      0.5165E-02  0.3457    
   11.0+    10 1   1.137       0.000      0.1280E-02   1.136    
   11.0+    12 2  0.1295       0.000      0.1617E-02  0.1279    
   11.0-    11 1  0.3843       0.000      0.3587E-02  0.3807    
   12.0+    12 1  0.1408       0.000      0.1109E-02  0.1397    
   12.0-    11 1  0.4177       0.000      0.3904E-03  0.4173    
   12.0-    13 2  0.4734E-01   0.000      0.5055E-03  0.4684E-01
   13.0+    12 1  0.1521       0.000      0.1194E-03  0.1519    
   13.0+    14 2  0.1716E-01   0.000      0.1580E-03  0.1700E-01
   13.0-    13 1  0.5113E-01   0.000      0.3431E-03  0.5079E-01
   14.0+    14 1  0.1843E-01   0.000      0.1062E-03  0.1832E-01
   14.0-    13 1  0.5492E-01   0.000      0.3664E-04  0.5488E-01
   14.0-    15 2  0.6171E-02   0.000      0.4937E-04  0.6122E-02
   15.0+    14 1  0.1970E-01   0.000      0.1126E-04  0.1969E-01
   15.0+    16 2  0.2205E-02   0.000      0.1542E-04  0.2190E-02
   15.0-    15 1  0.6597E-02   0.000      0.3291E-04  0.6564E-02
   16.0+    16 1  0.2348E-02   0.000      0.1021E-04  0.2338E-02
   16.0-    15 1  0.7022E-02   0.000      0.3462E-05  0.7019E-02
   16.0-    17 2  0.7837E-03   0.000      0.4815E-05  0.7789E-03
   17.0+    16 1  0.2490E-02   0.000      0.1066E-05  0.2489E-02
   17.0+    18 2  0.2771E-03   0.000      0.1502E-05  0.2756E-03
   17.0-    17 1  0.8312E-03   0.000      0.3173E-05  0.8280E-03
   18.0+    18 1  0.2929E-03   0.000      0.9865E-06  0.2919E-03
   18.0-    17 1  0.8787E-03   0.000      0.3284E-06  0.8784E-03
   18.0-    19 2  0.9751E-04   0.000      0.4686E-06  0.9705E-04
   19.0+    18 1  0.3087E-03   0.000      0.1013E-06  0.3086E-03
   19.0+    20 2  0.3418E-04   0.000      0.1461E-06  0.3403E-04
   19.0-    19 1  0.1028E-03   0.000      0.3066E-06  0.1025E-03
   20.0+    20 1  0.3593E-04   0.000      0.9524E-07  0.3584E-04
   20.0-    19 1  0.1081E-03   0.000      0.3128E-07  0.1080E-03
   20.0-    21 2  0.1194E-04   0.000      0.4554E-07  0.1189E-04
