# 121 angles,  1 tensor ranks for 0=projectile
@subtitle   "12C(d,p)13C | E_beam = 16MeV | DWBA | Ex = 0.0MeV"                             
@legend ON
@legend x1 0.2
@legend y1 0.8
@g0 type LOGY
@yaxis ticklabel format power
@legend string   0 "Lab energy =   16.0000"
#legend string   0 "Partition=  2 Excit=  1 near/far= 1"
#  Theta       sigma       iT11        T20         T21         T22         Kyy for projectile
   0.000       14.78    
  0.5000       14.80    
   1.000       14.83    
   1.500       14.89    
   2.000       14.98    
   2.500       15.09    
   3.000       15.21    
   3.500       15.35    
   4.000       15.51    
   4.500       15.68    
   5.000       15.85    
   5.500       16.03    
   6.000       16.22    
   6.500       16.39    
   7.000       16.57    
   7.500       16.73    
   8.000       16.88    
   8.500       17.01    
   9.000       17.13    
   9.500       17.22    
   10.00       17.28    
   10.50       17.32    
   11.00       17.32    
   11.50       17.30    
   12.00       17.24    
   12.50       17.15    
   13.00       17.02    
   13.50       16.86    
   14.00       16.67    
   14.50       16.44    
   15.00       16.17    
   15.50       15.88    
   16.00       15.55    
   16.50       15.19    
   17.00       14.81    
   17.50       14.40    
   18.00       13.97    
   18.50       13.52    
   19.00       13.05    
   19.50       12.57    
   20.00       12.07    
   20.50       11.56    
   21.00       11.05    
   21.50       10.53    
   22.00       10.01    
   22.50       9.491    
   23.00       8.974    
   23.50       8.461    
   24.00       7.956    
   24.50       7.460    
   25.00       6.975    
   25.50       6.503    
   26.00       6.045    
   26.50       5.603    
   27.00       5.178    
   27.50       4.771    
   28.00       4.383    
   28.50       4.014    
   29.00       3.665    
   29.50       3.337    
   30.00       3.029    
   30.50       2.743    
   31.00       2.477    
   31.50       2.231    
   32.00       2.007    
   32.50       1.802    
   33.00       1.617    
   33.50       1.451    
   34.00       1.303    
   34.50       1.173    
   35.00       1.060    
   35.50      0.9630    
   36.00      0.8814    
   36.50      0.8141    
   37.00      0.7604    
   37.50      0.7193    
   38.00      0.6898    
   38.50      0.6710    
   39.00      0.6620    
   39.50      0.6619    
   40.00      0.6697    
   40.50      0.6846    
   41.00      0.7058    
   41.50      0.7323    
   42.00      0.7635    
   42.50      0.7984    
   43.00      0.8365    
   43.50      0.8770    
   44.00      0.9193    
   44.50      0.9627    
   45.00       1.007    
   45.50       1.051    
   46.00       1.094    
   46.50       1.137    
   47.00       1.179    
   47.50       1.219    
   48.00       1.257    
   48.50       1.292    
   49.00       1.326    
   49.50       1.357    
   50.00       1.385    
   50.50       1.410    
   51.00       1.432    
   51.50       1.450    
   52.00       1.466    
   52.50       1.479    
   53.00       1.488    
   53.50       1.494    
   54.00       1.498    
   54.50       1.498    
   55.00       1.495    
   55.50       1.490    
   56.00       1.482    
   56.50       1.471    
   57.00       1.458    
   57.50       1.443    
   58.00       1.425    
   58.50       1.406    
   59.00       1.385    
   59.50       1.362    
   60.00       1.338    
 END
