# 121 angles,  1 tensor ranks for 0=projectile
@subtitle   "12C(d,p)13C"                                                                   
@legend ON
@legend x1 0.2
@legend y1 0.8
@g0 type LOGY
@yaxis ticklabel format power
@legend string   0 "Lab energy =   30.0000"
#legend string   0 "Partition=  1 Excit=  1 near/far= 1"
#  Theta       sigma       iT11        T20         T21         T22         Kyy for projectile
  0.1000E-01   1.000    
  0.5000      0.9916    
   1.000      0.9667    
   1.500      0.9304    
   2.000      0.8871    
   2.500      0.8411    
   3.000      0.7963    
   3.500      0.7567    
   4.000      0.7262    
   4.500      0.7083    
   5.000      0.7067    
   5.500      0.7246    
   6.000      0.7647    
   6.500      0.8297    
   7.000      0.9215    
   7.500       1.041    
   8.000       1.190    
   8.500       1.369    
   9.000       1.575    
   9.500       1.810    
   10.00       2.069    
   10.50       2.352    
   11.00       2.655    
   11.50       2.973    
   12.00       3.303    
   12.50       3.640    
   13.00       3.978    
   13.50       4.313    
   14.00       4.639    
   14.50       4.950    
   15.00       5.242    
   15.50       5.508    
   16.00       5.744    
   16.50       5.946    
   17.00       6.109    
   17.50       6.231    
   18.00       6.309    
   18.50       6.341    
   19.00       6.327    
   19.50       6.265    
   20.00       6.156    
   20.50       6.003    
   21.00       5.807    
   21.50       5.571    
   22.00       5.300    
   22.50       4.996    
   23.00       4.666    
   23.50       4.315    
   24.00       3.948    
   24.50       3.571    
   25.00       3.191    
   25.50       2.813    
   26.00       2.444    
   26.50       2.089    
   27.00       1.755    
   27.50       1.445    
   28.00       1.165    
   28.50      0.9183    
   29.00      0.7089    
   29.50      0.5393    
   30.00      0.4113    
   30.50      0.3261    
   31.00      0.2842    
   31.50      0.2851    
   32.00      0.3277    
   32.50      0.4101    
   33.00      0.5297    
   33.50      0.6833    
   34.00      0.8671    
   34.50       1.077    
   35.00       1.308    
   35.50       1.556    
   36.00       1.814    
   36.50       2.078    
   37.00       2.343    
   37.50       2.603    
   38.00       2.853    
   38.50       3.088    
   39.00       3.303    
   39.50       3.495    
   40.00       3.660    
   40.50       3.794    
   41.00       3.895    
   41.50       3.961    
   42.00       3.991    
   42.50       3.984    
   43.00       3.941    
   43.50       3.862    
   44.00       3.748    
   44.50       3.602    
   45.00       3.427    
   45.50       3.224    
   46.00       2.999    
   46.50       2.756    
   47.00       2.498    
   47.50       2.231    
   48.00       1.959    
   48.50       1.689    
   49.00       1.424    
   49.50       1.171    
   50.00      0.9349    
   50.50      0.7200    
   51.00      0.5314    
   51.50      0.3737    
   52.00      0.2508    
   52.50      0.1666    
   53.00      0.1243    
   53.50      0.1265    
   54.00      0.1756    
   54.50      0.2729    
   55.00      0.4197    
   55.50      0.6163    
   56.00      0.8625    
   56.50       1.157    
   57.00       1.500    
   57.50       1.888    
   58.00       2.318    
   58.50       2.789    
   59.00       3.296    
   59.50       3.835    
   60.00       4.403    
 END
