0.000 2.822
0.000 -0.4181E-01
0.000 0.000
1.000 2.867
0.1677 -0.4347E-01
0.1092E-01 -0.5240E-02
2.000 2.970
0.3017 -0.4738E-01
0.1796E-01 -0.1838E-01
3.000 3.060
0.3904 -0.5098E-01
0.1937E-01 -0.3420E-01
4.000 3.061
0.4404 -0.5118E-01
0.1518E-01 -0.4845E-01
5.000 2.934
0.4615 -0.4425E-01
0.5899E-02 -0.5879E-01
6.000 2.696
0.4577 -0.2555E-01
-0.7969E-02 -0.6384E-01
7.000 2.406
0.4263 0.9508E-02
-0.2520E-01 -0.6261E-01
8.000 2.126
0.3628 0.6169E-01
-0.4263E-01 -0.5480E-01
9.000 1.894
0.2711 0.1235
-0.5518E-01 -0.4198E-01
10.00 1.704
0.1675 0.1805
-0.5843E-01 -0.2752E-01
11.00 1.518
0.7206E-01 0.2209
-0.5139E-01 -0.1455E-01
12.00 1.295
-0.4079E-02 0.2410
-0.3578E-01 -0.4219E-02
13.00 1.020
-0.5974E-01 0.2421
-0.1320E-01 0.3984E-02
14.00 0.7119
-0.9754E-01 0.2238
0.1665E-01 0.1080E-01
15.00 0.4209
-0.1154 0.1737
0.5532E-01 0.1493E-01
16.00 0.2007
-0.8544E-01 0.4249E-01
0.9235E-01 0.3200E-02
17.00 0.8760E-01
0.1064 -0.2637
-0.4815E-02 -0.9196E-01
18.00 0.8653E-01
0.2525 -0.2439
-0.3267 -0.2099
19.00 0.1725
0.1102 0.3646E-01
-0.3365 -0.1618
20.00 0.3028
0.1894E-01 0.1520
-0.2742 -0.1189
21.00 0.4338
-0.2190E-01 0.1955
-0.2269 -0.9680E-01
22.00 0.5331
-0.3384E-01 0.2109
-0.1913 -0.8694E-01
23.00 0.5862
-0.2340E-01 0.2108
-0.1604 -0.8540E-01
24.00 0.5947
0.9708E-02 0.1978
-0.1294 -0.9103E-01
25.00 0.5709
0.6828E-01 0.1711
-0.9498E-01 -0.1035
26.00 0.5308
0.1541 0.1296
-0.5567E-01 -0.1221
27.00 0.4892
0.2634 0.7488E-01
-0.1259E-01 -0.1443
28.00 0.4565
0.3832 0.1433E-01
0.2969E-01 -0.1649
29.00 0.4383
0.4919 -0.3957E-01
0.6421E-01 -0.1778
30.00 0.4353
0.5690 -0.7435E-01
0.8526E-01 -0.1788
31.00 0.4451
0.6048 -0.8415E-01
0.9158E-01 -0.1681
32.00 0.4632
0.6032 -0.7138E-01
0.8640E-01 -0.1493
33.00 0.4840
0.5757 -0.4315E-01
0.7484E-01 -0.1271
34.00 0.5017
0.5345 -0.6836E-02
0.6148E-01 -0.1048
35.00 0.5115
0.4887 0.3220E-01
0.4945E-01 -0.8416E-01
36.00 0.5102
0.4439 0.7085E-01
0.4058E-01 -0.6544E-01
37.00 0.4968
0.4029 0.1076
0.3582E-01 -0.4814E-01
38.00 0.4727
0.3664 0.1420
0.3568E-01 -0.3132E-01
39.00 0.4406
0.3343 0.1733
0.4047E-01 -0.1392E-01
40.00 0.4044
0.3056 0.2010
0.5028E-01 0.5053E-02
41.00 0.3678
0.2796 0.2238
0.6493E-01 0.2629E-01
42.00 0.3337
0.2558 0.2400
0.8372E-01 0.4999E-01
43.00 0.3041
0.2344 0.2479
0.1054 0.7568E-01
44.00 0.2797
0.2162 0.2466
0.1280 0.1023
45.00 0.2606
0.2020 0.2363
0.1496 0.1282
46.00 0.2460
0.1924 0.2189
0.1685 0.1522
47.00 0.2348
0.1871 0.1975
0.1837 0.1732
48.00 0.2259
0.1854 0.1752
0.1951 0.1908
49.00 0.2182
0.1856 0.1549
0.2029 0.2051
50.00 0.2107
0.1865 0.1385
0.2079 0.2165
51.00 0.2028
0.1867 0.1265
0.2107 0.2254
52.00 0.1941
0.1856 0.1189
0.2117 0.2323
53.00 0.1844
0.1828 0.1145
0.2114 0.2377
54.00 0.1735
0.1787 0.1124
0.2101 0.2419
55.00 0.1617
0.1736 0.1114
0.2085 0.2454
56.00 0.1491
0.1683 0.1106
0.2069 0.2486
57.00 0.1361
0.1635 0.1097
0.2057 0.2517
58.00 0.1233
0.1598 0.1083
0.2050 0.2547
59.00 0.1111
0.1575 0.1066
0.2048 0.2575
60.00 0.9997E-01
0.1560 0.1044
0.2044 0.2596
61.00 0.9034E-01
0.1546 0.1013
0.2029 0.2603
62.00 0.8233E-01
0.1519 0.9720E-01
0.1995 0.2591
63.00 0.7591E-01
0.1470 0.9183E-01
0.1936 0.2559
64.00 0.7088E-01
0.1394 0.8550E-01
0.1852 0.2512
65.00 0.6694E-01
0.1293 0.7881E-01
0.1748 0.2458
66.00 0.6382E-01
0.1175 0.7243E-01
0.1627 0.2408
67.00 0.6127E-01
0.1044 0.6672E-01
0.1493 0.2366
68.00 0.5907E-01
0.9043E-01 0.6152E-01
0.1347 0.2335
69.00 0.5708E-01
0.7559E-01 0.5620E-01
0.1193 0.2315
70.00 0.5512E-01
0.6000E-01 0.4994E-01
0.1035 0.2304
71.00 0.5306E-01
0.4395E-01 0.4214E-01
0.8805E-01 0.2300
72.00 0.5078E-01
0.2790E-01 0.3264E-01
0.7355E-01 0.2301
73.00 0.4824E-01
0.1234E-01 0.2177E-01
0.6046E-01 0.2307
74.00 0.4547E-01
-0.2581E-02 0.1022E-01
0.4893E-01 0.2315
75.00 0.4255E-01
-0.1726E-01 -0.1284E-02
0.3872E-01 0.2319
76.00 0.3963E-01
-0.3276E-01 -0.1228E-01
0.2934E-01 0.2313
77.00 0.3685E-01
-0.5064E-01 -0.2282E-01
0.2021E-01 0.2287
78.00 0.3433E-01
-0.7247E-01 -0.3345E-01
0.1094E-01 0.2229
79.00 0.3213E-01
-0.9920E-01 -0.4510E-01
0.1499E-02 0.2133
80.00 0.3026E-01
-0.1307 -0.5864E-01
-0.7721E-02 0.1999
81.00 0.2867E-01
-0.1656 -0.7452E-01
-0.1607E-01 0.1834
82.00 0.2728E-01
-0.2020 -0.9254E-01
-0.2287E-01 0.1651
83.00 0.2603E-01
-0.2377 -0.1120
-0.2767E-01 0.1465
84.00 0.2488E-01
-0.2708 -0.1316
-0.3028E-01 0.1287
85.00 0.2380E-01
-0.3003 -0.1505
-0.3079E-01 0.1125
86.00 0.2280E-01
-0.3257 -0.1677
-0.2945E-01 0.9821E-01
87.00 0.2185E-01
-0.3470 -0.1829
-0.2657E-01 0.8594E-01
88.00 0.2095E-01
-0.3646 -0.1961
-0.2241E-01 0.7537E-01
89.00 0.2010E-01
-0.3786 -0.2074
-0.1710E-01 0.6606E-01
90.00 0.1928E-01
-0.3892 -0.2172
-0.1071E-01 0.5752E-01
91.00 0.1850E-01
-0.3960 -0.2258
-0.3206E-02 0.4932E-01
92.00 0.1775E-01
-0.3988 -0.2332
0.5415E-02 0.4114E-01
93.00 0.1703E-01
-0.3973 -0.2396
0.1514E-01 0.3275E-01
94.00 0.1633E-01
-0.3913 -0.2453
0.2589E-01 0.2396E-01
95.00 0.1567E-01
-0.3810 -0.2505
0.3753E-01 0.1463E-01
96.00 0.1504E-01
-0.3670 -0.2553
0.4991E-01 0.4704E-02
97.00 0.1442E-01
-0.3505 -0.2599
0.6285E-01 -0.5748E-02
98.00 0.1381E-01
-0.3328 -0.2647
0.7628E-01 -0.1652E-01
99.00 0.1319E-01
-0.3154 -0.2697
0.9020E-01 -0.2731E-01
100.0 0.1254E-01
-0.2993 -0.2748
0.1047 -0.3781E-01
101.0 0.1186E-01
-0.2850 -0.2795
0.1198 -0.4774E-01
102.0 0.1117E-01
-0.2728 -0.2833
0.1354 -0.5685E-01
103.0 0.1048E-01
-0.2622 -0.2854
0.1512 -0.6492E-01
104.0 0.9817E-02
-0.2529 -0.2851
0.1667 -0.7173E-01
105.0 0.9216E-02
-0.2442 -0.2817
0.1814 -0.7711E-01
106.0 0.8693E-02
-0.2355 -0.2749
0.1947 -0.8100E-01
107.0 0.8259E-02
-0.2256 -0.2644
0.2060 -0.8359E-01
108.0 0.7913E-02
-0.2137 -0.2500
0.2155 -0.8532E-01
109.0 0.7638E-02
-0.1987 -0.2321
0.2233 -0.8684E-01
110.0 0.7406E-02
-0.1799 -0.2114
0.2301 -0.8881E-01
111.0 0.7188E-02
-0.1569 -0.1890
0.2363 -0.9166E-01
112.0 0.6957E-02
-0.1304 -0.1660
0.2423 -0.9552E-01
113.0 0.6694E-02
-0.1016 -0.1433
0.2483 -0.1001
114.0 0.6388E-02
-0.7283E-01 -0.1222
0.2542 -0.1047
115.0 0.6031E-02
-0.4677E-01 -0.1035
0.2603 -0.1086
116.0 0.5623E-02
-0.2605E-01 -0.8774E-01
0.2670 -0.1112
117.0 0.5171E-02
-0.1260E-01 -0.7503E-01
0.2750 -0.1122
118.0 0.4689E-02
-0.7286E-02 -0.6481E-01
0.2846 -0.1115
119.0 0.4197E-02
-0.9730E-02 -0.5612E-01
0.2962 -0.1095
120.0 0.3715E-02
-0.1836E-01 -0.4787E-01
0.3093 -0.1065
121.0 0.3262E-02
-0.3064E-01 -0.3935E-01
0.3231 -0.1027
122.0 0.2854E-02
-0.4347E-01 -0.3059E-01
0.3363 -0.9811E-01
123.0 0.2503E-02
-0.5362E-01 -0.2242E-01
0.3469 -0.9261E-01
124.0 0.2220E-02
-0.5812E-01 -0.1618E-01
0.3528 -0.8632E-01
125.0 0.2006E-02
-0.5455E-01 -0.1289E-01
0.3525 -0.8019E-01
126.0 0.1857E-02
-0.4138E-01 -0.1244E-01
0.3463 -0.7602E-01
127.0 0.1760E-02
-0.1796E-01 -0.1342E-01
0.3368 -0.7571E-01
128.0 0.1699E-02
0.1552E-01 -0.1372E-01
0.3268 -0.8020E-01
129.0 0.1656E-02
0.5809E-01 -0.1149E-01
0.3185 -0.8881E-01
130.0 0.1621E-02
0.1076 -0.5626E-02
0.3120 -0.9934E-01
131.0 0.1585E-02
0.1606 0.4202E-02
0.3063 -0.1086
132.0 0.1541E-02
0.2129 0.1769E-01
0.3000 -0.1132
133.0 0.1486E-02
0.2603 0.3416E-01
0.2917 -0.1104
134.0 0.1418E-02
0.2995 0.5275E-01
0.2805 -0.9873E-01
135.0 0.1340E-02
0.3279 0.7230E-01
0.2656 -0.7850E-01
136.0 0.1255E-02
0.3439 0.9120E-01
0.2467 -0.5191E-01
137.0 0.1165E-02
0.3471 0.1072
0.2244 -0.2296E-01
138.0 0.1072E-02
0.3389 0.1175
0.2007 0.3440E-02
139.0 0.9751E-03
0.3215 0.1193
0.1788 0.2241E-01
140.0 0.8753E-03
0.2971 0.1103
0.1618 0.2966E-01
141.0 0.7783E-03
0.2673 0.9008E-01
0.1533 0.2157E-01
142.0 0.6924E-03
0.2344 0.6143E-01
0.1559 -0.4214E-02
143.0 0.6263E-03
0.2041 0.3210E-01
0.1702 -0.4678E-01
144.0 0.5863E-03
0.1875 0.1283E-01
0.1926 -0.9994E-01
145.0 0.5769E-03
0.1966 0.1076E-01
0.2138 -0.1529
146.0 0.6009E-03
0.2356 0.2304E-01
0.2230 -0.1948
147.0 0.6597E-03
0.2951 0.3864E-01
0.2145 -0.2198
148.0 0.7501E-03
0.3585 0.4721E-01
0.1908 -0.2286
149.0 0.8628E-03
0.4136 0.4504E-01
0.1596 -0.2255
150.0 0.9829E-03
0.4559 0.3363E-01
0.1273 -0.2143
151.0 0.1094E-02
0.4858 0.1586E-01
0.9747E-01 -0.1973
152.0 0.1183E-02
0.5041 -0.6140E-02
0.7114E-01 -0.1756
153.0 0.1244E-02
0.5102 -0.3119E-01
0.4827E-01 -0.1502
154.0 0.1276E-02
0.5023 -0.5867E-01
0.2856E-01 -0.1224
155.0 0.1281E-02
0.4786 -0.8821E-01
0.1169E-01 -0.9466E-01
156.0 0.1265E-02
0.4378 -0.1194
-0.2630E-02 -0.6970E-01
157.0 0.1231E-02
0.3790 -0.1514
-0.1463E-01 -0.5060E-01
158.0 0.1187E-02
0.3029 -0.1822
-0.2434E-01 -0.4037E-01
159.0 0.1141E-02
0.2126 -0.2083
-0.3147E-01 -0.4168E-01
160.0 0.1097E-02
0.1162 -0.2253
-0.3553E-01 -0.5634E-01
161.0 0.1057E-02
0.2685E-01 -0.2295
-0.3600E-01 -0.8504E-01
162.0 0.1020E-02
-0.3911E-01 -0.2190
-0.3248E-01 -0.1276
163.0 0.9885E-03
-0.6384E-01 -0.1942
-0.2464E-01 -0.1830
164.0 0.9675E-03
-0.3129E-01 -0.1576
-0.1229E-01 -0.2481
165.0 0.9671E-03
0.6571E-01 -0.1142
0.4122E-02 -0.3151
166.0 0.9973E-03
0.2162 -0.7172E-01
0.2291E-01 -0.3715
167.0 0.1067E-02
0.3893 -0.3758E-01
0.4124E-01 -0.4044
168.0 0.1182E-02
0.5452 -0.1633E-01
0.5603E-01 -0.4066
169.0 0.1352E-02
0.6518 -0.8353E-02
0.6509E-01 -0.3791
170.0 0.1584E-02
0.6950 -0.1104E-01
0.6774E-01 -0.3303
171.0 0.1883E-02
0.6803 -0.2057E-01
0.6490E-01 -0.2715
172.0 0.2243E-02
0.6250 -0.3345E-01
0.5840E-01 -0.2127
173.0 0.2647E-02
0.5479 -0.4723E-01
0.5012E-01 -0.1597
174.0 0.3072E-02
0.4628 -0.6042E-01
0.4138E-01 -0.1147
175.0 0.3493E-02
0.3771 -0.7217E-01
0.3292E-01 -0.7790E-01
176.0 0.3885E-02
0.2944 -0.8192E-01
0.2508E-01 -0.4876E-01
177.0 0.4228E-02
0.2156 -0.8938E-01
0.1795E-01 -0.2685E-01
178.0 0.4499E-02
0.1409 -0.9450E-01
0.1151E-01 -0.1171E-01
179.0 0.4674E-02
0.6954E-01 -0.9743E-01
0.5607E-02 -0.2888E-02
180.0 0.4735E-02
0.000 -0.9838E-01
0.000 0.000
