0.000 9.223
0.000 0.7071
0.000 0.000
1.000 9.750
-0.7644E-01 0.6196
0.2267 0.2976E-01
2.000 11.17
-0.1231 0.4204
0.3707 0.9729E-01
3.000 13.03
-0.1379 0.2107
0.4264 0.1679
4.000 14.75
-0.1332 0.3828E-01
0.4279 0.2252
5.000 15.78
-0.1192 -0.9294E-01
0.4041 0.2677
6.000 15.72
-0.1014 -0.1929
0.3698 0.2985
7.000 14.49
-0.8211E-01 -0.2724
0.3304 0.3212
8.000 12.26
-0.6181E-01 -0.3404
0.2863 0.3381
9.000 9.458
-0.4060E-01 -0.4035
0.2336 0.3506
10.00 6.560
-0.1899E-01 -0.4666
0.1638 0.3585
11.00 4.022
-0.7752E-03 -0.5295
0.5879E-01 0.3577
12.00 2.152
-0.4549E-02 -0.5691
-0.1158 0.3321
13.00 1.064
-0.1034 -0.4592
-0.3756 0.2305
14.00 0.6913
-0.3712 0.9109E-02
-0.4140 0.3851E-01
15.00 0.8400
-0.4799 0.3020
-0.1242E-01 0.3769E-02
16.00 1.262
-0.4067 0.2340
0.2561 0.7486E-01
17.00 1.726
-0.3282 0.1142
0.3634 0.1286
18.00 2.066
-0.2706 0.1349E-01
0.4089 0.1583
19.00 2.197
-0.2275 -0.7062E-01
0.4325 0.1725
20.00 2.113
-0.1924 -0.1482
0.4479 0.1765
21.00 1.861
-0.1610 -0.2288
0.4599 0.1732
22.00 1.516
-0.1305 -0.3221
0.4687 0.1641
23.00 1.151
-0.9968E-01 -0.4390
0.4707 0.1507
24.00 0.8246
-0.7047E-01 -0.5890
0.4562 0.1355
25.00 0.5730
-0.5241E-01 -0.7691
0.4060 0.1242
26.00 0.4076
-0.6775E-01 -0.9315
0.2955 0.1283
27.00 0.3219
-0.1394 -0.9654
0.1289 0.1568
28.00 0.2977
-0.2494 -0.8062
-0.2560E-01 0.1972
29.00 0.3122
-0.3464 -0.5518
-0.1067 0.2242
30.00 0.3436
-0.4077 -0.3241
-0.1253 0.2289
31.00 0.3740
-0.4418 -0.1597
-0.1170 0.2169
32.00 0.3915
-0.4616 -0.4839E-01
-0.1044 0.1945
33.00 0.3904
-0.4752 0.2715E-01
-0.9763E-01 0.1645
34.00 0.3703
-0.4867 0.8011E-01
-0.1007 0.1275
35.00 0.3348
-0.4973 0.1194
-0.1158 0.8272E-01
36.00 0.2896
-0.5060 0.1513
-0.1447 0.2852E-01
37.00 0.2413
-0.5094 0.1815
-0.1887 -0.3644E-01
38.00 0.1958
-0.5005 0.2156
-0.2474 -0.1116
39.00 0.1572
-0.4685 0.2600
-0.3159 -0.1915
40.00 0.1281
-0.4018 0.3194
-0.3810 -0.2617
41.00 0.1088
-0.2976 0.3927
-0.4216 -0.3008
42.00 0.9834E-01
-0.1713 0.4690
-0.4205 -0.2932
43.00 0.9459E-01
-0.5084E-01 0.5339
-0.3795 -0.2437
44.00 0.9515E-01
0.4273E-01 0.5789
-0.3182 -0.1743
45.00 0.9772E-01
0.1058 0.6048
-0.2574 -0.1065
46.00 0.1005
0.1459 0.6163
-0.2090 -0.5155E-01
47.00 0.1021
0.1727 0.6179
-0.1766 -0.1212E-01
48.00 0.1021
0.1939 0.6116
-0.1598 0.1340E-01
49.00 0.1003
0.2149 0.5976
-0.1564 0.2790E-01
50.00 0.9721E-01
0.2389 0.5745
-0.1638 0.3448E-01
51.00 0.9329E-01
0.2674 0.5403
-0.1787 0.3614E-01
52.00 0.8924E-01
0.3007 0.4932
-0.1976 0.3582E-01
53.00 0.8568E-01
0.3374 0.4327
-0.2159 0.3622E-01
54.00 0.8303E-01
0.3750 0.3611
-0.2294 0.3944E-01
55.00 0.8151E-01
0.4103 0.2832
-0.2346 0.4650E-01
56.00 0.8106E-01
0.4405 0.2055
-0.2303 0.5706E-01
57.00 0.8141E-01
0.4642 0.1340
-0.2174 0.6968E-01
58.00 0.8215E-01
0.4815 0.7275E-01
-0.1986 0.8245E-01
59.00 0.8282E-01
0.4937 0.2315E-01
-0.1768 0.9369E-01
60.00 0.8298E-01
0.5022 -0.1532E-01
-0.1548 0.1022
61.00 0.8229E-01
0.5087 -0.4427E-01
-0.1344 0.1073
62.00 0.8053E-01
0.5144 -0.6574E-01
-0.1168 0.1089
63.00 0.7765E-01
0.5201 -0.8171E-01
-0.1029 0.1070
64.00 0.7369E-01
0.5263 -0.9403E-01
-0.9291E-01 0.1017
65.00 0.6880E-01
0.5333 -0.1044
-0.8718E-01 0.9343E-01
66.00 0.6323E-01
0.5412 -0.1145
-0.8583E-01 0.8237E-01
67.00 0.5722E-01
0.5500 -0.1261
-0.8898E-01 0.6889E-01
68.00 0.5108E-01
0.5595 -0.1411
-0.9659E-01 0.5346E-01
69.00 0.4507E-01
0.5694 -0.1615
-0.1084 0.3671E-01
70.00 0.3947E-01
0.5793 -0.1894
-0.1235 0.1964E-01
71.00 0.3445E-01
0.5884 -0.2264
-0.1403 0.3644E-02
72.00 0.3015E-01
0.5958 -0.2729
-0.1563 -0.9458E-02
73.00 0.2664E-01
0.6003 -0.3270
-0.1678 -0.1774E-01
74.00 0.2389E-01
0.6013 -0.3847
-0.1712 -0.1972E-01
75.00 0.2181E-01
0.5986 -0.4399
-0.1639 -0.1504E-01
76.00 0.2030E-01
0.5926 -0.4864
-0.1452 -0.4726E-02
77.00 0.1920E-01
0.5844 -0.5197
-0.1166 0.9114E-02
78.00 0.1837E-01
0.5754 -0.5380
-0.8116E-01 0.2404E-01
79.00 0.1768E-01
0.5666 -0.5421
-0.4236E-01 0.3798E-01
80.00 0.1703E-01
0.5588 -0.5339
-0.3282E-02 0.4959E-01
81.00 0.1634E-01
0.5525 -0.5162
0.3374E-01 0.5823E-01
82.00 0.1555E-01
0.5478 -0.4914
0.6712E-01 0.6385E-01
83.00 0.1466E-01
0.5446 -0.4616
0.9579E-01 0.6677E-01
84.00 0.1367E-01
0.5428 -0.4284
0.1190 0.6755E-01
85.00 0.1262E-01
0.5423 -0.3933
0.1363 0.6691E-01
86.00 0.1153E-01
0.5426 -0.3577
0.1472 0.6571E-01
87.00 0.1047E-01
0.5434 -0.3229
0.1517 0.6483E-01
88.00 0.9463E-02
0.5442 -0.2903
0.1498 0.6515E-01
89.00 0.8545E-02
0.5445 -0.2615
0.1420 0.6736E-01
90.00 0.7732E-02
0.5440 -0.2382
0.1293 0.7186E-01
91.00 0.7026E-02
0.5423 -0.2217
0.1131 0.7864E-01
92.00 0.6418E-02
0.5393 -0.2126
0.9504E-01 0.8734E-01
93.00 0.5893E-02
0.5350 -0.2111
0.7660E-01 0.9737E-01
94.00 0.5434E-02
0.5295 -0.2163
0.5904E-01 0.1081
95.00 0.5023E-02
0.5228 -0.2267
0.4321E-01 0.1191
96.00 0.4647E-02
0.5151 -0.2402
0.2946E-01 0.1301
97.00 0.4298E-02
0.5064 -0.2548
0.1768E-01 0.1410
98.00 0.3970E-02
0.4968 -0.2681
0.7371E-02 0.1521
99.00 0.3666E-02
0.4862 -0.2782
-0.2277E-02 0.1637
100.0 0.3390E-02
0.4744 -0.2838
-0.1222E-01 0.1763
101.0 0.3149E-02
0.4613 -0.2843
-0.2336E-01 0.1905
102.0 0.2951E-02
0.4464 -0.2805
-0.3629E-01 0.2064
103.0 0.2800E-02
0.4297 -0.2741
-0.5107E-01 0.2237
104.0 0.2696E-02
0.4111 -0.2675
-0.6720E-01 0.2419
105.0 0.2634E-02
0.3912 -0.2633
-0.8375E-01 0.2596
106.0 0.2607E-02
0.3705 -0.2632
-0.9979E-01 0.2759
107.0 0.2602E-02
0.3496 -0.2675
-0.1146 0.2901
108.0 0.2606E-02
0.3287 -0.2755
-0.1280 0.3020
109.0 0.2605E-02
0.3076 -0.2856
-0.1400 0.3122
110.0 0.2589E-02
0.2861 -0.2957
-0.1509 0.3214
111.0 0.2547E-02
0.2634 -0.3040
-0.1608 0.3304
112.0 0.2477E-02
0.2388 -0.3091
-0.1700 0.3400
113.0 0.2378E-02
0.2114 -0.3098
-0.1784 0.3509
114.0 0.2254E-02
0.1805 -0.3063
-0.1857 0.3632
115.0 0.2118E-02
0.1452 -0.2995
-0.1909 0.3766
116.0 0.1981E-02
0.1052 -0.2917
-0.1927 0.3904
117.0 0.1859E-02
0.6110E-01 -0.2866
-0.1886 0.4027
118.0 0.1765E-02
0.1484E-01 -0.2878
-0.1763 0.4119
119.0 0.1711E-02
-0.2998E-01 -0.2976
-0.1540 0.4162
120.0 0.1699E-02
-0.6913E-01 -0.3147
-0.1224 0.4154
121.0 0.1727E-02
-0.9940E-01 -0.3345
-0.8458E-01 0.4110
122.0 0.1785E-02
-0.1199 -0.3512
-0.4522E-01 0.4054
123.0 0.1857E-02
-0.1318 -0.3595
-0.8632E-02 0.4012
124.0 0.1927E-02
-0.1377 -0.3567
0.2213E-01 0.4002
125.0 0.1975E-02
-0.1403 -0.3420
0.4545E-01 0.4035
126.0 0.1989E-02
-0.1419 -0.3156
0.6075E-01 0.4112
127.0 0.1959E-02
-0.1446 -0.2782
0.6807E-01 0.4231
128.0 0.1884E-02
-0.1501 -0.2307
0.6793E-01 0.4386
129.0 0.1768E-02
-0.1600 -0.1738
0.6141E-01 0.4559
130.0 0.1622E-02
-0.1759 -0.1085
0.5048E-01 0.4724
131.0 0.1461E-02
-0.1989 -0.3707E-01
0.3864E-01 0.4832
132.0 0.1303E-02
-0.2296 0.3646E-01
0.3158E-01 0.4810
133.0 0.1164E-02
-0.2671 0.1053
0.3715E-01 0.4568
134.0 0.1056E-02
-0.3075 0.1605
0.6350E-01 0.4027
135.0 0.9901E-03
-0.3438 0.1942
0.1143 0.3186
136.0 0.9664E-03
-0.3689 0.2045
0.1838 0.2167
137.0 0.9812E-03
-0.3792 0.1985
0.2580 0.1176
138.0 0.1025E-02
-0.3764 0.1869
0.3221 0.3952E-01
139.0 0.1084E-02
-0.3653 0.1789
0.3676 -0.9126E-02
140.0 0.1144E-02
-0.3508 0.1782
0.3927 -0.2874E-01
141.0 0.1191E-02
-0.3362 0.1847
0.3999 -0.2377E-01
142.0 0.1214E-02
-0.3231 0.1966
0.3923 0.8690E-03
143.0 0.1207E-02
-0.3123 0.2116
0.3732 0.4124E-01
144.0 0.1167E-02
-0.3036 0.2277
0.3442 0.9444E-01
145.0 0.1098E-02
-0.2968 0.2439
0.3065 0.1579
146.0 0.1006E-02
-0.2916 0.2600
0.2599 0.2283
147.0 0.9014E-03
-0.2877 0.2767
0.2040 0.3000
148.0 0.7950E-03
-0.2857 0.2960
0.1387 0.3626
149.0 0.6986E-03
-0.2870 0.3206
0.6621E-01 0.3988
150.0 0.6230E-03
-0.2942 0.3531
-0.5476E-02 0.3847
151.0 0.5768E-03
-0.3099 0.3929
-0.6112E-01 0.3001
152.0 0.5657E-03
-0.3343 0.4342
-0.8291E-01 0.1476
153.0 0.5918E-03
-0.3630 0.4669
-0.6283E-01 -0.3729E-01
154.0 0.6528E-03
-0.3900 0.4841
-0.9494E-02 -0.2065
155.0 0.7428E-03
-0.4106 0.4848
0.5996E-01 -0.3302
156.0 0.8522E-03
-0.4238 0.4726
0.1315 -0.4035
157.0 0.9692E-03
-0.4301 0.4510
0.1979 -0.4348
158.0 0.1082E-02
-0.4307 0.4226
0.2568 -0.4348
159.0 0.1178E-02
-0.4265 0.3885
0.3078 -0.4106
160.0 0.1250E-02
-0.4180 0.3491
0.3503 -0.3658
161.0 0.1293E-02
-0.4055 0.3045
0.3826 -0.3009
162.0 0.1308E-02
-0.3888 0.2558
0.4014 -0.2138
163.0 0.1301E-02
-0.3676 0.2056
0.4010 -0.1019
164.0 0.1284E-02
-0.3418 0.1598
0.3737 0.3504E-01
165.0 0.1277E-02
-0.3120 0.1286
0.3127 0.1904
166.0 0.1300E-02
-0.2799 0.1249
0.2173 0.3451
167.0 0.1379E-02
-0.2486 0.1583
0.9919E-01 0.4695
168.0 0.1536E-02
-0.2210 0.2269
-0.1804E-01 0.5360
169.0 0.1790E-02
-0.1983 0.3160
-0.1107 0.5371
170.0 0.2154E-02
-0.1797 0.4070
-0.1674 0.4872
171.0 0.2630E-02
-0.1633 0.4868
-0.1910 0.4103
172.0 0.3208E-02
-0.1475 0.5503
-0.1906 0.3262
173.0 0.3868E-02
-0.1312 0.5983
-0.1757 0.2471
174.0 0.4574E-02
-0.1141 0.6334
-0.1534 0.1782
175.0 0.5286E-02
-0.9624E-01 0.6586
-0.1280 0.1213
176.0 0.5957E-02
-0.7769E-01 0.6764
-0.1016 0.7619E-01
177.0 0.6539E-02
-0.5862E-01 0.6885
-0.7543E-01 0.4220E-01
178.0 0.6990E-02
-0.3924E-01 0.6963
-0.4982E-01 0.1854E-01
179.0 0.7275E-02
-0.1966E-01 0.7007
-0.2476E-01 0.4603E-02
180.0 0.7373E-02
0.000 0.7021
0.000 0.000
