0.000 0.2875E-01
0.000 0.1203
0.000 0.000
1.000 0.2880E-01
-0.4600E-01 0.1179
-0.5623E-02 -0.3820E-04
2.000 0.2897E-01
-0.9100E-01 0.1108
-0.1061E-01 -0.1560E-03
3.000 0.2923E-01
-0.1341 0.9961E-01
-0.1440E-01 -0.3629E-03
4.000 0.2959E-01
-0.1745 0.8507E-01
-0.1654E-01 -0.6743E-03
5.000 0.3003E-01
-0.2117 0.6815E-01
-0.1673E-01 -0.1111E-02
6.000 0.3053E-01
-0.2453 0.4985E-01
-0.1483E-01 -0.1697E-02
7.000 0.3107E-01
-0.2752 0.3117E-01
-0.1088E-01 -0.2460E-02
8.000 0.3164E-01
-0.3015 0.1299E-01
-0.5026E-02 -0.3431E-02
9.000 0.3223E-01
-0.3242 -0.3985E-02
0.2482E-02 -0.4637E-02
10.00 0.3281E-01
-0.3437 -0.1920E-01
0.1132E-01 -0.6106E-02
11.00 0.3339E-01
-0.3600 -0.3228E-01
0.2113E-01 -0.7859E-02
12.00 0.3394E-01
-0.3737 -0.4305E-01
0.3154E-01 -0.9911E-02
13.00 0.3448E-01
-0.3848 -0.5144E-01
0.4219E-01 -0.1227E-01
14.00 0.3498E-01
-0.3937 -0.5752E-01
0.5277E-01 -0.1493E-01
15.00 0.3547E-01
-0.4005 -0.6145E-01
0.6297E-01 -0.1787E-01
16.00 0.3593E-01
-0.4055 -0.6345E-01
0.7258E-01 -0.2106E-01
17.00 0.3636E-01
-0.4088 -0.6376E-01
0.8141E-01 -0.2445E-01
18.00 0.3678E-01
-0.4106 -0.6265E-01
0.8933E-01 -0.2799E-01
19.00 0.3718E-01
-0.4111 -0.6035E-01
0.9627E-01 -0.3163E-01
20.00 0.3755E-01
-0.4103 -0.5709E-01
0.1022 -0.3528E-01
21.00 0.3790E-01
-0.4085 -0.5305E-01
0.1072 -0.3888E-01
22.00 0.3822E-01
-0.4057 -0.4837E-01
0.1112 -0.4238E-01
23.00 0.3850E-01
-0.4022 -0.4314E-01
0.1144 -0.4572E-01
24.00 0.3874E-01
-0.3980 -0.3745E-01
0.1167 -0.4887E-01
25.00 0.3893E-01
-0.3933 -0.3133E-01
0.1183 -0.5180E-01
26.00 0.3906E-01
-0.3883 -0.2484E-01
0.1193 -0.5450E-01
27.00 0.3911E-01
-0.3831 -0.1800E-01
0.1196 -0.5699E-01
28.00 0.3908E-01
-0.3778 -0.1086E-01
0.1192 -0.5929E-01
29.00 0.3896E-01
-0.3727 -0.3483E-02
0.1184 -0.6144E-01
30.00 0.3874E-01
-0.3679 0.4041E-02
0.1169 -0.6349E-01
31.00 0.3842E-01
-0.3635 0.1161E-01
0.1150 -0.6550E-01
32.00 0.3799E-01
-0.3596 0.1910E-01
0.1125 -0.6754E-01
33.00 0.3744E-01
-0.3565 0.2637E-01
0.1095 -0.6967E-01
34.00 0.3678E-01
-0.3543 0.3328E-01
0.1060 -0.7197E-01
35.00 0.3601E-01
-0.3530 0.3967E-01
0.1020 -0.7449E-01
36.00 0.3513E-01
-0.3529 0.4539E-01
0.9760E-01 -0.7732E-01
37.00 0.3415E-01
-0.3541 0.5031E-01
0.9283E-01 -0.8049E-01
38.00 0.3308E-01
-0.3566 0.5431E-01
0.8775E-01 -0.8405E-01
39.00 0.3192E-01
-0.3606 0.5730E-01
0.8241E-01 -0.8805E-01
40.00 0.3069E-01
-0.3661 0.5921E-01
0.7690E-01 -0.9248E-01
41.00 0.2941E-01
-0.3731 0.6001E-01
0.7129E-01 -0.9736E-01
42.00 0.2808E-01
-0.3817 0.5970E-01
0.6566E-01 -0.1027
43.00 0.2672E-01
-0.3916 0.5830E-01
0.6009E-01 -0.1083
44.00 0.2536E-01
-0.4028 0.5588E-01
0.5464E-01 -0.1143
45.00 0.2400E-01
-0.4149 0.5253E-01
0.4940E-01 -0.1204
46.00 0.2267E-01
-0.4277 0.4837E-01
0.4442E-01 -0.1266
47.00 0.2137E-01
-0.4406 0.4354E-01
0.3976E-01 -0.1327
48.00 0.2013E-01
-0.4531 0.3822E-01
0.3548E-01 -0.1384
49.00 0.1895E-01
-0.4645 0.3258E-01
0.3161E-01 -0.1435
50.00 0.1785E-01
-0.4741 0.2681E-01
0.2819E-01 -0.1478
51.00 0.1682E-01
-0.4809 0.2109E-01
0.2523E-01 -0.1509
52.00 0.1588E-01
-0.4844 0.1558E-01
0.2275E-01 -0.1527
53.00 0.1503E-01
-0.4837 0.1045E-01
0.2075E-01 -0.1530
54.00 0.1425E-01
-0.4784 0.5797E-02
0.1923E-01 -0.1517
55.00 0.1355E-01
-0.4683 0.1721E-02
0.1817E-01 -0.1486
56.00 0.1293E-01
-0.4533 -0.1730E-02
0.1756E-01 -0.1439
57.00 0.1237E-01
-0.4337 -0.4536E-02
0.1736E-01 -0.1377
58.00 0.1186E-01
-0.4101 -0.6699E-02
0.1755E-01 -0.1301
59.00 0.1139E-01
-0.3831 -0.8236E-02
0.1809E-01 -0.1216
60.00 0.1095E-01
-0.3538 -0.9165E-02
0.1895E-01 -0.1123
61.00 0.1054E-01
-0.3229 -0.9503E-02
0.2008E-01 -0.1025
62.00 0.1014E-01
-0.2913 -0.9254E-02
0.2144E-01 -0.9258E-01
63.00 0.9752E-02
-0.2599 -0.8410E-02
0.2300E-01 -0.8269E-01
64.00 0.9361E-02
-0.2292 -0.6949E-02
0.2470E-01 -0.7306E-01
65.00 0.8968E-02
-0.1998 -0.4842E-02
0.2651E-01 -0.6385E-01
66.00 0.8570E-02
-0.1720 -0.2056E-02
0.2836E-01 -0.5518E-01
67.00 0.8169E-02
-0.1460 0.1435E-02
0.3021E-01 -0.4715E-01
68.00 0.7766E-02
-0.1218 0.5642E-02
0.3200E-01 -0.3984E-01
69.00 0.7366E-02
-0.9924E-01 0.1055E-01
0.3366E-01 -0.3334E-01
70.00 0.6972E-02
-0.7813E-01 0.1610E-01
0.3513E-01 -0.2772E-01
71.00 0.6591E-02
-0.5807E-01 0.2219E-01
0.3634E-01 -0.2309E-01
72.00 0.6229E-02
-0.3857E-01 0.2864E-01
0.3723E-01 -0.1953E-01
73.00 0.5891E-02
-0.1910E-01 0.3523E-01
0.3775E-01 -0.1717E-01
74.00 0.5584E-02
0.9053E-03 0.4164E-01
0.3786E-01 -0.1612E-01
75.00 0.5311E-02
0.2196E-01 0.4755E-01
0.3754E-01 -0.1647E-01
76.00 0.5076E-02
0.4443E-01 0.5257E-01
0.3681E-01 -0.1827E-01
77.00 0.4881E-02
0.6851E-01 0.5640E-01
0.3573E-01 -0.2150E-01
78.00 0.4728E-02
0.9407E-01 0.5877E-01
0.3436E-01 -0.2606E-01
79.00 0.4616E-02
0.1207 0.5957E-01
0.3282E-01 -0.3175E-01
80.00 0.4542E-02
0.1478 0.5884E-01
0.3122E-01 -0.3830E-01
81.00 0.4505E-02
0.1745 0.5673E-01
0.2965E-01 -0.4537E-01
82.00 0.4500E-02
0.1999 0.5355E-01
0.2819E-01 -0.5261E-01
83.00 0.4522E-02
0.2231 0.4964E-01
0.2690E-01 -0.5971E-01
84.00 0.4567E-02
0.2433 0.4533E-01
0.2577E-01 -0.6640E-01
85.00 0.4630E-02
0.2602 0.4093E-01
0.2481E-01 -0.7248E-01
86.00 0.4704E-02
0.2733 0.3665E-01
0.2398E-01 -0.7782E-01
87.00 0.4786E-02
0.2824 0.3263E-01
0.2324E-01 -0.8236E-01
88.00 0.4871E-02
0.2878 0.2889E-01
0.2254E-01 -0.8609E-01
89.00 0.4954E-02
0.2893 0.2540E-01
0.2185E-01 -0.8904E-01
90.00 0.5033E-02
0.2874 0.2207E-01
0.2115E-01 -0.9129E-01
91.00 0.5103E-02
0.2823 0.1876E-01
0.2044E-01 -0.9291E-01
92.00 0.5164E-02
0.2743 0.1533E-01
0.1973E-01 -0.9399E-01
93.00 0.5213E-02
0.2639 0.1163E-01
0.1906E-01 -0.9462E-01
94.00 0.5248E-02
0.2513 0.7539E-02
0.1846E-01 -0.9489E-01
95.00 0.5268E-02
0.2371 0.2979E-02
0.1799E-01 -0.9488E-01
96.00 0.5271E-02
0.2215 -0.2096E-02
0.1772E-01 -0.9466E-01
97.00 0.5256E-02
0.2050 -0.7677E-02
0.1770E-01 -0.9428E-01
98.00 0.5222E-02
0.1879 -0.1371E-01
0.1800E-01 -0.9378E-01
99.00 0.5167E-02
0.1705 -0.2007E-01
0.1868E-01 -0.9320E-01
100.0 0.5091E-02
0.1530 -0.2663E-01
0.1977E-01 -0.9253E-01
101.0 0.4991E-02
0.1358 -0.3321E-01
0.2131E-01 -0.9177E-01
102.0 0.4868E-02
0.1190 -0.3959E-01
0.2331E-01 -0.9090E-01
103.0 0.4720E-02
0.1027 -0.4556E-01
0.2579E-01 -0.8991E-01
104.0 0.4549E-02
0.8709E-01 -0.5092E-01
0.2873E-01 -0.8874E-01
105.0 0.4355E-02
0.7224E-01 -0.5544E-01
0.3209E-01 -0.8738E-01
106.0 0.4139E-02
0.5825E-01 -0.5894E-01
0.3584E-01 -0.8579E-01
107.0 0.3905E-02
0.4524E-01 -0.6123E-01
0.3991E-01 -0.8397E-01
108.0 0.3655E-02
0.3334E-01 -0.6215E-01
0.4421E-01 -0.8194E-01
109.0 0.3395E-02
0.2277E-01 -0.6159E-01
0.4863E-01 -0.7975E-01
110.0 0.3128E-02
0.1382E-01 -0.5946E-01
0.5302E-01 -0.7752E-01
111.0 0.2861E-02
0.6912E-02 -0.5572E-01
0.5718E-01 -0.7547E-01
112.0 0.2600E-02
0.2639E-02 -0.5043E-01
0.6083E-01 -0.7391E-01
113.0 0.2351E-02
0.1779E-02 -0.4373E-01
0.6362E-01 -0.7333E-01
114.0 0.2118E-02
0.5300E-02 -0.3592E-01
0.6511E-01 -0.7440E-01
115.0 0.1908E-02
0.1429E-01 -0.2750E-01
0.6477E-01 -0.7793E-01
116.0 0.1725E-02
0.2980E-01 -0.1917E-01
0.6206E-01 -0.8489E-01
117.0 0.1573E-02
0.5251E-01 -0.1181E-01
0.5650E-01 -0.9612E-01
118.0 0.1453E-02
0.8230E-01 -0.6370E-02
0.4788E-01 -0.1121
119.0 0.1366E-02
0.1179 -0.3626E-02
0.3644E-01 -0.1327
120.0 0.1312E-02
0.1567 -0.3884E-02
0.2295E-01 -0.1566
121.0 0.1289E-02
0.1956 -0.6824E-02
0.8621E-02 -0.1819
122.0 0.1295E-02
0.2312 -0.1155E-01
-0.5227E-02 -0.2062
123.0 0.1324E-02
0.2613 -0.1691E-01
-0.1750E-01 -0.2276
124.0 0.1373E-02
0.2849 -0.2183E-01
-0.2755E-01 -0.2447
125.0 0.1436E-02
0.3024 -0.2557E-01
-0.3522E-01 -0.2568
126.0 0.1509E-02
0.3149 -0.2782E-01
-0.4069E-01 -0.2643
127.0 0.1585E-02
0.3236 -0.2864E-01
-0.4431E-01 -0.2675
128.0 0.1660E-02
0.3299 -0.2832E-01
-0.4648E-01 -0.2670
129.0 0.1729E-02
0.3350 -0.2733E-01
-0.4756E-01 -0.2636
130.0 0.1791E-02
0.3397 -0.2622E-01
-0.4784E-01 -0.2578
131.0 0.1841E-02
0.3448 -0.2559E-01
-0.4752E-01 -0.2501
132.0 0.1880E-02
0.3507 -0.2604E-01
-0.4675E-01 -0.2409
133.0 0.1906E-02
0.3576 -0.2813E-01
-0.4560E-01 -0.2307
134.0 0.1920E-02
0.3655 -0.3238E-01
-0.4411E-01 -0.2199
135.0 0.1924E-02
0.3741 -0.3923E-01
-0.4229E-01 -0.2087
136.0 0.1919E-02
0.3833 -0.4896E-01
-0.4015E-01 -0.1977
137.0 0.1907E-02
0.3923 -0.6166E-01
-0.3773E-01 -0.1873
138.0 0.1891E-02
0.4004 -0.7716E-01
-0.3507E-01 -0.1778
139.0 0.1873E-02
0.4068 -0.9503E-01
-0.3228E-01 -0.1697
140.0 0.1855E-02
0.4104 -0.1145
-0.2953E-01 -0.1632
141.0 0.1839E-02
0.4103 -0.1346
-0.2704E-01 -0.1585
142.0 0.1826E-02
0.4057 -0.1541
-0.2510E-01 -0.1557
143.0 0.1816E-02
0.3958 -0.1718
-0.2403E-01 -0.1545
144.0 0.1811E-02
0.3802 -0.1866
-0.2419E-01 -0.1547
145.0 0.1809E-02
0.3589 -0.1974
-0.2587E-01 -0.1556
146.0 0.1810E-02
0.3319 -0.2036
-0.2938E-01 -0.1568
147.0 0.1813E-02
0.2998 -0.2051
-0.3491E-01 -0.1576
148.0 0.1818E-02
0.2632 -0.2019
-0.4261E-01 -0.1572
149.0 0.1824E-02
0.2230 -0.1946
-0.5252E-01 -0.1551
150.0 0.1829E-02
0.1802 -0.1839
-0.6457E-01 -0.1507
151.0 0.1834E-02
0.1357 -0.1709
-0.7860E-01 -0.1435
152.0 0.1838E-02
0.9094E-01 -0.1569
-0.9434E-01 -0.1334
153.0 0.1842E-02
0.4704E-01 -0.1432
-0.1114 -0.1203
154.0 0.1846E-02
0.5415E-02 -0.1311
-0.1293 -0.1041
155.0 0.1852E-02
-0.3251E-01 -0.1218
-0.1473 -0.8518E-01
156.0 0.1860E-02
-0.6531E-01 -0.1165
-0.1648 -0.6409E-01
157.0 0.1871E-02
-0.9163E-01 -0.1159
-0.1810 -0.4153E-01
158.0 0.1889E-02
-0.1103 -0.1203
-0.1951 -0.1837E-01
159.0 0.1912E-02
-0.1207 -0.1299
-0.2064 0.4369E-02
160.0 0.1944E-02
-0.1224 -0.1442
-0.2142 0.2567E-01
161.0 0.1984E-02
-0.1156 -0.1621
-0.2183 0.4457E-01
162.0 0.2034E-02
-0.1013 -0.1824
-0.2184 0.6031E-01
163.0 0.2093E-02
-0.8076E-01 -0.2038
-0.2147 0.7236E-01
164.0 0.2162E-02
-0.5568E-01 -0.2249
-0.2076 0.8048E-01
165.0 0.2238E-02
-0.2796E-01 -0.2444
-0.1975 0.8471E-01
166.0 0.2322E-02
0.5099E-03 -0.2612
-0.1851 0.8535E-01
167.0 0.2412E-02
0.2796E-01 -0.2748
-0.1711 0.8286E-01
168.0 0.2505E-02
0.5288E-01 -0.2848
-0.1561 0.7782E-01
169.0 0.2601E-02
0.7407E-01 -0.2912
-0.1406 0.7084E-01
170.0 0.2697E-02
0.9067E-01 -0.2943
-0.1250 0.6254E-01
171.0 0.2791E-02
0.1021 -0.2944
-0.1097 0.5349E-01
172.0 0.2880E-02
0.1082 -0.2921
-0.9501E-01 0.4420E-01
173.0 0.2964E-02
0.1088 -0.2881
-0.8095E-01 0.3511E-01
174.0 0.3040E-02
0.1043 -0.2831
-0.6762E-01 0.2657E-01
175.0 0.3107E-02
0.9491E-01 -0.2775
-0.5502E-01 0.1890E-01
176.0 0.3163E-02
0.8134E-01 -0.2721
-0.4311E-01 0.1232E-01
177.0 0.3208E-02
0.6424E-01 -0.2673
-0.3178E-01 0.7027E-02
178.0 0.3241E-02
0.4439E-01 -0.2636
-0.2092E-01 0.3153E-02
179.0 0.3261E-02
0.2267E-01 -0.2613
-0.1038E-01 0.7928E-03
180.0 0.3267E-02
0.000 -0.2604
0.000 0.000
