0.000 18.75
0.000 -0.1848
0.000 0.000
1.000 18.68
0.3862E-01 -0.1786
-0.2595E-01 -0.1772E-02
2.000 18.44
0.7536E-01 -0.1609
-0.4937E-01 -0.6792E-02
3.000 17.93
0.1089 -0.1343
-0.6839E-01 -0.1429E-01
4.000 17.06
0.1387 -0.1018
-0.8217E-01 -0.2329E-01
5.000 15.73
0.1651 -0.6605E-01
-0.9073E-01 -0.3292E-01
6.000 13.91
0.1887 -0.2880E-01
-0.9458E-01 -0.4246E-01
7.000 11.68
0.2101 0.9535E-02
-0.9427E-01 -0.5140E-01
8.000 9.187
0.2293 0.4977E-01
-0.9000E-01 -0.5923E-01
9.000 6.674
0.2445 0.9419E-01
-0.8106E-01 -0.6504E-01
10.00 4.406
0.2482 0.1467
-0.6478E-01 -0.6648E-01
11.00 2.624
0.2148 0.2112
-0.3445E-01 -0.5684E-01
12.00 1.484
0.7462E-01 0.2732
0.1996E-01 -0.2000E-01
13.00 1.024
-0.2075 0.2463
0.7374E-01 0.4489E-01
14.00 1.158
-0.3263 0.1167
0.5249E-01 0.6031E-01
15.00 1.697
-0.2273 0.4488E-01
0.3743E-02 0.2727E-01
16.00 2.403
-0.1095 0.3244E-01
-0.2697E-01 -0.4293E-02
17.00 3.044
-0.1838E-01 0.4172E-01
-0.4358E-01 -0.2632E-01
18.00 3.451
0.5275E-01 0.5806E-01
-0.5308E-01 -0.4158E-01
19.00 3.542
0.1133 0.7711E-01
-0.5917E-01 -0.5237E-01
20.00 3.327
0.1697 0.9760E-01
-0.6350E-01 -0.5974E-01
21.00 2.887
0.2262 0.1188
-0.6657E-01 -0.6369E-01
22.00 2.336
0.2849 0.1393
-0.6780E-01 -0.6321E-01
23.00 1.789
0.3441 0.1551
-0.6506E-01 -0.5615E-01
24.00 1.327
0.3947 0.1576
-0.5386E-01 -0.3964E-01
25.00 0.9911
0.4174 0.1338
-0.2787E-01 -0.1234E-01
26.00 0.7806
0.3901 0.7496E-01
0.1601E-01 0.2076E-01
27.00 0.6685
0.3144 -0.8264E-02
0.7046E-01 0.4786E-01
28.00 0.6166
0.2234 -0.8954E-01
0.1216 0.6059E-01
29.00 0.5897
0.1501 -0.1515
0.1616 0.6126E-01
30.00 0.5638
0.1068 -0.1933
0.1910 0.5744E-01
31.00 0.5286
0.9187E-01 -0.2197
0.2124 0.5569E-01
32.00 0.4846
0.1009 -0.2342
0.2269 0.6020E-01
33.00 0.4385
0.1299 -0.2357
0.2324 0.7290E-01
34.00 0.3987
0.1739 -0.2208
0.2257 0.9268E-01
35.00 0.3711
0.2241 -0.1868
0.2049 0.1144
36.00 0.3580
0.2688 -0.1364
0.1725 0.1301
37.00 0.3581
0.2978 -0.7835E-01
0.1356 0.1333
38.00 0.3672
0.3078 -0.2241E-01
0.1018 0.1224
39.00 0.3799
0.3013 0.2532E-01
0.7554E-01 0.1000
40.00 0.3908
0.2829 0.6321E-01
0.5761E-01 0.7052E-01
41.00 0.3959
0.2569 0.9229E-01
0.4688E-01 0.3742E-01
42.00 0.3931
0.2260 0.1144
0.4165E-01 0.3440E-02
43.00 0.3820
0.1917 0.1312
0.4029E-01 -0.2932E-01
44.00 0.3643
0.1552 0.1440
0.4142E-01 -0.5881E-01
45.00 0.3425
0.1178 0.1533
0.4388E-01 -0.8270E-01
46.00 0.3197
0.8168E-01 0.1595
0.4661E-01 -0.9829E-01
47.00 0.2987
0.4971E-01 0.1630
0.4869E-01 -0.1031
48.00 0.2814
0.2543E-01 0.1643
0.4940E-01 -0.9573E-01
49.00 0.2686
0.1185E-01 0.1642
0.4842E-01 -0.7712E-01
50.00 0.2602
0.1023E-01 0.1638
0.4592E-01 -0.5050E-01
51.00 0.2552
0.1960E-01 0.1639
0.4241E-01 -0.2051E-01
52.00 0.2523
0.3731E-01 0.1650
0.3858E-01 0.8312E-02
53.00 0.2501
0.6008E-01 0.1674
0.3504E-01 0.3267E-01
54.00 0.2472
0.8492E-01 0.1707
0.3222E-01 0.5081E-01
55.00 0.2428
0.1096 0.1745
0.3045E-01 0.6221E-01
56.00 0.2362
0.1326 0.1784
0.2996E-01 0.6721E-01
57.00 0.2273
0.1532 0.1823
0.3093E-01 0.6658E-01
58.00 0.2161
0.1710 0.1858
0.3355E-01 0.6134E-01
59.00 0.2031
0.1861 0.1891
0.3799E-01 0.5262E-01
60.00 0.1888
0.1986 0.1923
0.4441E-01 0.4158E-01
61.00 0.1738
0.2088 0.1956
0.5289E-01 0.2945E-01
62.00 0.1587
0.2169 0.1994
0.6347E-01 0.1747E-01
63.00 0.1441
0.2231 0.2040
0.7605E-01 0.6910E-02
64.00 0.1305
0.2277 0.2099
0.9039E-01 -0.1034E-02
65.00 0.1181
0.2308 0.2176
0.1060 -0.5336E-02
66.00 0.1072
0.2329 0.2273
0.1224 -0.5317E-02
67.00 0.9769E-01
0.2347 0.2394
0.1387 -0.7833E-03
68.00 0.8955E-01
0.2365 0.2538
0.1542 0.7898E-02
69.00 0.8261E-01
0.2390 0.2701
0.1680 0.1985E-01
70.00 0.7668E-01
0.2424 0.2874
0.1794 0.3383E-01
71.00 0.7161E-01
0.2467 0.3046
0.1878 0.4847E-01
72.00 0.6724E-01
0.2516 0.3204
0.1929 0.6248E-01
73.00 0.6342E-01
0.2570 0.3335
0.1947 0.7483E-01
74.00 0.6004E-01
0.2626 0.3429
0.1933 0.8488E-01
75.00 0.5701E-01
0.2683 0.3477
0.1890 0.9239E-01
76.00 0.5425E-01
0.2740 0.3476
0.1824 0.9744E-01
77.00 0.5171E-01
0.2799 0.3428
0.1738 0.1004
78.00 0.4934E-01
0.2862 0.3335
0.1638 0.1016
79.00 0.4712E-01
0.2932 0.3204
0.1529 0.1016
80.00 0.4503E-01
0.3011 0.3042
0.1414 0.1006
81.00 0.4306E-01
0.3102 0.2857
0.1298 0.9900E-01
82.00 0.4120E-01
0.3206 0.2657
0.1185 0.9673E-01
83.00 0.3945E-01
0.3323 0.2448
0.1076 0.9381E-01
84.00 0.3781E-01
0.3450 0.2234
0.9746E-01 0.9011E-01
85.00 0.3628E-01
0.3581 0.2020
0.8806E-01 0.8549E-01
86.00 0.3485E-01
0.3707 0.1808
0.7941E-01 0.7977E-01
87.00 0.3352E-01
0.3817 0.1597
0.7142E-01 0.7288E-01
88.00 0.3225E-01
0.3903 0.1389
0.6399E-01 0.6487E-01
89.00 0.3103E-01
0.3956 0.1181
0.5701E-01 0.5594E-01
90.00 0.2982E-01
0.3973 0.9734E-01
0.5045E-01 0.4652E-01
91.00 0.2861E-01
0.3950 0.7655E-01
0.4432E-01 0.3722E-01
92.00 0.2739E-01
0.3888 0.5578E-01
0.3867E-01 0.2878E-01
93.00 0.2616E-01
0.3788 0.3513E-01
0.3361E-01 0.2198E-01
94.00 0.2492E-01
0.3654 0.1473E-01
0.2925E-01 0.1753E-01
95.00 0.2368E-01
0.3489 -0.5325E-02
0.2572E-01 0.1597E-01
96.00 0.2246E-01
0.3303 -0.2509E-01
0.2308E-01 0.1754E-01
97.00 0.2127E-01
0.3108 -0.4483E-01
0.2139E-01 0.2210E-01
98.00 0.2011E-01
0.2918 -0.6502E-01
0.2063E-01 0.2914E-01
99.00 0.1899E-01
0.2750 -0.8632E-01
0.2075E-01 0.3783E-01
100.0 0.1791E-01
0.2617 -0.1095
0.2168E-01 0.4708E-01
101.0 0.1688E-01
0.2526 -0.1351
0.2335E-01 0.5561E-01
102.0 0.1590E-01
0.2476 -0.1634
0.2569E-01 0.6214E-01
103.0 0.1498E-01
0.2458 -0.1943
0.2870E-01 0.6550E-01
104.0 0.1412E-01
0.2453 -0.2270
0.3240E-01 0.6488E-01
105.0 0.1333E-01
0.2440 -0.2601
0.3685E-01 0.6004E-01
106.0 0.1260E-01
0.2395 -0.2918
0.4215E-01 0.5151E-01
107.0 0.1194E-01
0.2300 -0.3198
0.4835E-01 0.4061E-01
108.0 0.1134E-01
0.2144 -0.3421
0.5546E-01 0.2943E-01
109.0 0.1082E-01
0.1921 -0.3566
0.6336E-01 0.2046E-01
110.0 0.1036E-01
0.1638 -0.3622
0.7181E-01 0.1614E-01
111.0 0.9982E-02
0.1308 -0.3586
0.8038E-01 0.1831E-01
112.0 0.9675E-02
0.9528E-01 -0.3471
0.8849E-01 0.2770E-01
113.0 0.9434E-02
0.5977E-01 -0.3301
0.9554E-01 0.4365E-01
114.0 0.9245E-02
0.2687E-01 -0.3109
0.1009 0.6430E-01
115.0 0.9092E-02
-0.1258E-02 -0.2929
0.1042 0.8697E-01
116.0 0.8954E-02
-0.2321E-01 -0.2790
0.1053 0.1088
117.0 0.8812E-02
-0.3855E-01 -0.2713
0.1041 0.1274
118.0 0.8650E-02
-0.4777E-01 -0.2706
0.1011 0.1409
119.0 0.8460E-02
-0.5211E-01 -0.2765
0.9673E-01 0.1482
120.0 0.8238E-02
-0.5334E-01 -0.2877
0.9176E-01 0.1491
121.0 0.7990E-02
-0.5339E-01 -0.3020
0.8712E-01 0.1442
122.0 0.7724E-02
-0.5408E-01 -0.3169
0.8384E-01 0.1347
123.0 0.7455E-02
-0.5678E-01 -0.3294
0.8293E-01 0.1226
124.0 0.7198E-02
-0.6223E-01 -0.3371
0.8515E-01 0.1101
125.0 0.6970E-02
-0.7037E-01 -0.3378
0.9085E-01 0.9968E-01
126.0 0.6784E-02
-0.8046E-01 -0.3308
0.9971E-01 0.9354E-01
127.0 0.6649E-02
-0.9132E-01 -0.3167
0.1107 0.9295E-01
128.0 0.6566E-02
-0.1017 -0.2978
0.1220 0.9802E-01
129.0 0.6527E-02
-0.1106 -0.2774
0.1320 0.1077
130.0 0.6511E-02
-0.1177 -0.2587
0.1390 0.1200
131.0 0.6493E-02
-0.1232 -0.2447
0.1421 0.1328
132.0 0.6441E-02
-0.1276 -0.2370
0.1409 0.1444
133.0 0.6327E-02
-0.1320 -0.2359
0.1357 0.1536
134.0 0.6135E-02
-0.1373 -0.2406
0.1270 0.1595
135.0 0.5859E-02
-0.1450 -0.2494
0.1158 0.1620
136.0 0.5516E-02
-0.1563 -0.2596
0.1029 0.1608
137.0 0.5132E-02
-0.1725 -0.2678
0.8977E-01 0.1557
138.0 0.4746E-02
-0.1945 -0.2696
0.7816E-01 0.1464
139.0 0.4400E-02
-0.2219 -0.2606
0.7046E-01 0.1332
140.0 0.4128E-02
-0.2521 -0.2380
0.6924E-01 0.1167
141.0 0.3949E-02
-0.2809 -0.2026
0.7626E-01 0.9865E-01
142.0 0.3866E-02
-0.3028 -0.1594
0.9144E-01 0.8163E-01
143.0 0.3865E-02
-0.3144 -0.1161
0.1126 0.6802E-01
144.0 0.3915E-02
-0.3150 -0.7997E-01
0.1365 0.5931E-01
145.0 0.3977E-02
-0.3068 -0.5527E-01
0.1600 0.5582E-01
146.0 0.4011E-02
-0.2931 -0.4302E-01
0.1806 0.5705E-01
147.0 0.3985E-02
-0.2775 -0.4216E-01
0.1969 0.6223E-01
148.0 0.3878E-02
-0.2626 -0.5075E-01
0.2076 0.7061E-01
149.0 0.3690E-02
-0.2507 -0.6653E-01
0.2113 0.8156E-01
150.0 0.3435E-02
-0.2436 -0.8696E-01
0.2060 0.9446E-01
151.0 0.3146E-02
-0.2429 -0.1089
0.1890 0.1085
152.0 0.2862E-02
-0.2496 -0.1282
0.1580 0.1219
153.0 0.2622E-02
-0.2635 -0.1395
0.1127 0.1321
154.0 0.2459E-02
-0.2822 -0.1379
0.5765E-01 0.1354
155.0 0.2390E-02
-0.3012 -0.1224
0.3084E-02 0.1288
156.0 0.2410E-02
-0.3157 -0.9666E-01
-0.3908E-01 0.1118
157.0 0.2497E-02
-0.3234 -0.6796E-01
-0.6187E-01 0.8696E-01
158.0 0.2610E-02
-0.3247 -0.4214E-01
-0.6568E-01 0.5742E-01
159.0 0.2703E-02
-0.3217 -0.2166E-01
-0.5536E-01 0.2546E-01
160.0 0.2731E-02
-0.3165 -0.6138E-02
-0.3647E-01 -0.8383E-02
161.0 0.2662E-02
-0.3102 0.6271E-02
-0.1355E-01 -0.4506E-01
162.0 0.2485E-02
-0.3028 0.1789E-01
0.9763E-02 -0.8668E-01
163.0 0.2213E-02
-0.2933 0.3110E-01
0.2967E-01 -0.1364
164.0 0.1880E-02
-0.2785 0.4816E-01
0.4037E-01 -0.1983
165.0 0.1534E-02
-0.2525 0.7054E-01
0.3153E-01 -0.2761
166.0 0.1230E-02
-0.2057 0.9686E-01
-0.1356E-01 -0.3676
167.0 0.1010E-02
-0.1305 0.1187
-0.1114 -0.4541
168.0 0.9018E-03
-0.3615E-01 0.1204
-0.2519 -0.4939
169.0 0.9075E-03
0.4350E-01 0.9361E-01
-0.3807 -0.4580
170.0 0.1006E-02
0.8264E-01 0.5126E-01
-0.4496 -0.3707
171.0 0.1160E-02
0.8690E-01 0.1110E-01
-0.4612 -0.2774
172.0 0.1321E-02
0.7378E-01 -0.1971E-01
-0.4422 -0.2011
173.0 0.1446E-02
0.5527E-01 -0.4182E-01
-0.4125 -0.1444
174.0 0.1503E-02
0.3679E-01 -0.5803E-01
-0.3807 -0.1029
175.0 0.1483E-02
0.2038E-01 -0.7096E-01
-0.3485 -0.7202E-01
176.0 0.1396E-02
0.6964E-02 -0.8256E-01
-0.3130 -0.4812E-01
177.0 0.1268E-02
-0.2584E-02 -0.9396E-01
-0.2677 -0.2907E-01
178.0 0.1138E-02
-0.7066E-02 -0.1050
-0.2031 -0.1404E-01
179.0 0.1042E-02
-0.5712E-02 -0.1139
-0.1121 -0.3764E-02
180.0 0.1007E-02
0.000 -0.1174
0.000 0.000
