0.000 0.3995E-02
0.000 0.7071
0.000 0.000
1.000 0.4152E-02
-0.4527E-01 0.7038
0.8942E-02 0.2057E-02
2.000 0.4593E-02
-0.7426E-01 0.6953
0.2328E-01 0.6942E-02
3.000 0.5232E-02
-0.8327E-01 0.6842
0.4442E-01 0.1222E-01
4.000 0.5953E-02
-0.7836E-01 0.6723
0.7060E-01 0.1627E-01
5.000 0.6633E-02
-0.6716E-01 0.6602
0.9942E-01 0.1864E-01
6.000 0.7171E-02
-0.5516E-01 0.6477
0.1290 0.1965E-01
7.000 0.7498E-02
-0.4539E-01 0.6343
0.1582 0.1995E-01
8.000 0.7588E-02
-0.3908E-01 0.6192
0.1862 0.2033E-01
9.000 0.7447E-02
-0.3625E-01 0.6013
0.2127 0.2156E-01
10.00 0.7108E-02
-0.3615E-01 0.5796
0.2379 0.2423E-01
11.00 0.6612E-02
-0.3756E-01 0.5524
0.2622 0.2866E-01
12.00 0.6008E-02
-0.3910E-01 0.5183
0.2858 0.3493E-01
13.00 0.5346E-02
-0.3954E-01 0.4751
0.3084 0.4309E-01
14.00 0.4672E-02
-0.3809E-01 0.4207
0.3284 0.5360E-01
15.00 0.4034E-02
-0.3470E-01 0.3534
0.3417 0.6780E-01
16.00 0.3471E-02
-0.3041E-01 0.2735
0.3415 0.8811E-01
17.00 0.3012E-02
-0.2744E-01 0.1862
0.3192 0.1175
18.00 0.2672E-02
-0.2861E-01 0.1029
0.2689 0.1579
19.00 0.2447E-02
-0.3573E-01 0.3975E-01
0.1923 0.2078
20.00 0.2322E-02
-0.4811E-01 0.9785E-02
0.1014 0.2620
21.00 0.2268E-02
-0.6278E-01 0.1581E-01
0.1265E-01 0.3136
22.00 0.2254E-02
-0.7648E-01 0.4998E-01
-0.6075E-01 0.3577
23.00 0.2247E-02
-0.8751E-01 0.9959E-01
-0.1134 0.3923
24.00 0.2220E-02
-0.9613E-01 0.1528
-0.1463 0.4175
25.00 0.2155E-02
-0.1040 0.2011
-0.1631 0.4343
26.00 0.2044E-02
-0.1134 0.2392
-0.1681 0.4438
27.00 0.1887E-02
-0.1263 0.2640
-0.1649 0.4463
28.00 0.1696E-02
-0.1444 0.2731
-0.1561 0.4424
29.00 0.1487E-02
-0.1681 0.2649
-0.1432 0.4319
30.00 0.1277E-02
-0.1964 0.2373
-0.1274 0.4150
31.00 0.1080E-02
-0.2265 0.1888
-0.1095 0.3916
32.00 0.9089E-03
-0.2530 0.1196
-0.9092E-01 0.3618
33.00 0.7684E-03
-0.2694 0.3352E-01
-0.7398E-01 0.3259
34.00 0.6591E-03
-0.2694 -0.6054E-01
-0.6166E-01 0.2851
35.00 0.5776E-03
-0.2510 -0.1499
-0.5664E-01 0.2413
36.00 0.5177E-03
-0.2177 -0.2225
-0.5987E-01 0.1973
37.00 0.4724E-03
-0.1776 -0.2723
-0.6979E-01 0.1557
38.00 0.4357E-03
-0.1394 -0.3001
-0.8286E-01 0.1185
39.00 0.4031E-03
-0.1093 -0.3120
-0.9465E-01 0.8702E-01
40.00 0.3727E-03
-0.9011E-01 -0.3151
-0.1006 0.6247E-01
41.00 0.3444E-03
-0.8205E-01 -0.3158
-0.9663E-01 0.4598E-01
42.00 0.3191E-03
-0.8353E-01 -0.3183
-0.7942E-01 0.3833E-01
43.00 0.2979E-03
-0.9202E-01 -0.3245
-0.4792E-01 0.3884E-01
44.00 0.2808E-03
-0.1047 -0.3344
-0.4137E-02 0.4459E-01
45.00 0.2669E-03
-0.1189 -0.3461
0.4715E-01 0.5081E-01
46.00 0.2549E-03
-0.1325 -0.3575
0.9999E-01 0.5258E-01
47.00 0.2432E-03
-0.1442 -0.3663
0.1491 0.4663E-01
48.00 0.2311E-03
-0.1525 -0.3705
0.1907 0.3233E-01
49.00 0.2186E-03
-0.1562 -0.3686
0.2223 0.1168E-01
50.00 0.2063E-03
-0.1546 -0.3592
0.2429 -0.1113E-01
51.00 0.1950E-03
-0.1474 -0.3416
0.2527 -0.3081E-01
52.00 0.1854E-03
-0.1359 -0.3166
0.2533 -0.4253E-01
53.00 0.1775E-03
-0.1219 -0.2856
0.2479 -0.4352E-01
54.00 0.1711E-03
-0.1079 -0.2514
0.2398 -0.3373E-01
55.00 0.1653E-03
-0.9572E-01 -0.2166
0.2318 -0.1522E-01
56.00 0.1597E-03
-0.8648E-01 -0.1833
0.2254 0.9268E-02
57.00 0.1537E-03
-0.8056E-01 -0.1530
0.2205 0.3725E-01
58.00 0.1469E-03
-0.7809E-01 -0.1268
0.2166 0.6685E-01
59.00 0.1393E-03
-0.7922E-01 -0.1051
0.2129 0.9650E-01
60.00 0.1311E-03
-0.8416E-01 -0.8762E-01
0.2087 0.1246
61.00 0.1222E-03
-0.9302E-01 -0.7373E-01
0.2037 0.1495
62.00 0.1131E-03
-0.1055 -0.6187E-01
0.1979 0.1697
63.00 0.1040E-03
-0.1208 -0.4981E-01
0.1915 0.1842
64.00 0.9532E-04
-0.1374 -0.3499E-01
0.1845 0.1931
65.00 0.8741E-04
-0.1531 -0.1517E-01
0.1771 0.1975
66.00 0.8052E-04
-0.1659 0.1076E-01
0.1698 0.1993
67.00 0.7469E-04
-0.1745 0.4220E-01
0.1629 0.2006
68.00 0.6981E-04
-0.1787 0.7699E-01
0.1572 0.2024
69.00 0.6561E-04
-0.1794 0.1123
0.1532 0.2050
70.00 0.6178E-04
-0.1783 0.1457
0.1513 0.2076
71.00 0.5806E-04
-0.1768 0.1757
0.1514 0.2093
72.00 0.5432E-04
-0.1759 0.2021
0.1532 0.2096
73.00 0.5053E-04
-0.1759 0.2249
0.1560 0.2088
74.00 0.4676E-04
-0.1768 0.2445
0.1590 0.2078
75.00 0.4308E-04
-0.1782 0.2612
0.1614 0.2077
76.00 0.3957E-04
-0.1804 0.2748
0.1625 0.2095
77.00 0.3626E-04
-0.1835 0.2857
0.1621 0.2132
78.00 0.3314E-04
-0.1880 0.2940
0.1600 0.2186
79.00 0.3019E-04
-0.1940 0.3006
0.1564 0.2247
80.00 0.2740E-04
-0.2015 0.3067
0.1513 0.2312
81.00 0.2478E-04
-0.2099 0.3136
0.1451 0.2379
82.00 0.2234E-04
-0.2180 0.3225
0.1380 0.2453
83.00 0.2009E-04
-0.2247 0.3338
0.1302 0.2541
84.00 0.1803E-04
-0.2288 0.3471
0.1220 0.2647
85.00 0.1618E-04
-0.2296 0.3614
0.1134 0.2772
86.00 0.1452E-04
-0.2264 0.3754
0.1048 0.2916
87.00 0.1306E-04
-0.2192 0.3880
0.9601E-01 0.3076
88.00 0.1179E-04
-0.2080 0.3987
0.8730E-01 0.3247
89.00 0.1069E-04
-0.1934 0.4072
0.7883E-01 0.3421
90.00 0.9736E-05
-0.1760 0.4137
0.7083E-01 0.3586
91.00 0.8872E-05
-0.1564 0.4184
0.6346E-01 0.3729
92.00 0.8056E-05
-0.1351 0.4212
0.5656E-01 0.3836
93.00 0.7253E-05
-0.1123 0.4213
0.4965E-01 0.3897
94.00 0.6447E-05
-0.8755E-01 0.4168
0.4201E-01 0.3905
95.00 0.5645E-05
-0.6035E-01 0.4048
0.3290E-01 0.3850
96.00 0.4873E-05
-0.2987E-01 0.3809
0.2189E-01 0.3723
97.00 0.4166E-05
0.4613E-02 0.3394
0.9284E-02 0.3519
98.00 0.3561E-05
0.4322E-01 0.2746
-0.3331E-02 0.3245
99.00 0.3087E-05
0.8458E-01 0.1831
-0.1272E-01 0.2931
100.0 0.2761E-05
0.1250 0.6799E-01
-0.1443E-01 0.2629
101.0 0.2579E-05
0.1591 -0.5879E-01
-0.4873E-02 0.2403
102.0 0.2527E-05
0.1821 -0.1807
0.1626E-01 0.2287
103.0 0.2572E-05
0.1927 -0.2854
0.4573E-01 0.2267
104.0 0.2678E-05
0.1929 -0.3702
0.7920E-01 0.2297
105.0 0.2803E-05
0.1864 -0.4402
0.1136 0.2323
106.0 0.2911E-05
0.1767 -0.5025
0.1477 0.2307
107.0 0.2977E-05
0.1667 -0.5635
0.1814 0.2226
108.0 0.2988E-05
0.1579 -0.6260
0.2147 0.2076
109.0 0.2952E-05
0.1512 -0.6894
0.2473 0.1872
110.0 0.2884E-05
0.1461 -0.7494
0.2779 0.1645
111.0 0.2807E-05
0.1409 -0.7989
0.3051 0.1437
112.0 0.2742E-05
0.1333 -0.8303
0.3274 0.1288
113.0 0.2701E-05
0.1211 -0.8380
0.3443 0.1223
114.0 0.2693E-05
0.1031 -0.8206
0.3566 0.1246
115.0 0.2717E-05
0.7973E-01 -0.7815
0.3659 0.1343
116.0 0.2769E-05
0.5228E-01 -0.7276
0.3741 0.1481
117.0 0.2842E-05
0.2263E-01 -0.6676
0.3832 0.1619
118.0 0.2922E-05
-0.7481E-02 -0.6095
0.3943 0.1717
119.0 0.3000E-05
-0.3658E-01 -0.5579
0.4081 0.1745
120.0 0.3066E-05
-0.6335E-01 -0.5134
0.4243 0.1691
121.0 0.3113E-05
-0.8638E-01 -0.4733
0.4414 0.1563
122.0 0.3138E-05
-0.1041 -0.4329
0.4571 0.1385
123.0 0.3140E-05
-0.1150 -0.3881
0.4688 0.1194
124.0 0.3119E-05
-0.1183 -0.3361
0.4742 0.1030
125.0 0.3074E-05
-0.1143 -0.2766
0.4720 0.9349E-01
126.0 0.3005E-05
-0.1048 -0.2111
0.4621 0.9436E-01
127.0 0.2913E-05
-0.9325E-01 -0.1420
0.4459 0.1075
128.0 0.2799E-05
-0.8419E-01 -0.7230E-01
0.4252 0.1325
129.0 0.2668E-05
-0.8226E-01 -0.4821E-02
0.4019 0.1666
130.0 0.2528E-05
-0.9123E-01 0.5757E-01
0.3774 0.2047
131.0 0.2392E-05
-0.1129 0.1120
0.3523 0.2412
132.0 0.2274E-05
-0.1459 0.1553
0.3265 0.2703
133.0 0.2188E-05
-0.1858 0.1847
0.3002 0.2880
134.0 0.2141E-05
-0.2252 0.1983
0.2743 0.2925
135.0 0.2134E-05
-0.2567 0.1966
0.2507 0.2843
136.0 0.2157E-05
-0.2756 0.1828
0.2310 0.2662
137.0 0.2190E-05
-0.2809 0.1622
0.2165 0.2419
138.0 0.2213E-05
-0.2747 0.1404
0.2071 0.2155
139.0 0.2206E-05
-0.2598 0.1223
0.2021 0.1907
140.0 0.2155E-05
-0.2391 0.1120
0.2007 0.1703
141.0 0.2056E-05
-0.2140 0.1123
0.2022 0.1568
142.0 0.1915E-05
-0.1853 0.1260
0.2062 0.1530
143.0 0.1751E-05
-0.1535 0.1558
0.2113 0.1631
144.0 0.1592E-05
-0.1201 0.2035
0.2151 0.1931
145.0 0.1469E-05
-0.8951E-01 0.2660
0.2134 0.2473
146.0 0.1408E-05
-0.6936E-01 0.3319
0.2019 0.3226
147.0 0.1427E-05
-0.6638E-01 0.3826
0.1800 0.4041
148.0 0.1534E-05
-0.8057E-01 0.4045
0.1535 0.4723
149.0 0.1719E-05
-0.1050 0.3978
0.1308 0.5156
150.0 0.1963E-05
-0.1316 0.3731
0.1178 0.5345
151.0 0.2233E-05
-0.1554 0.3412
0.1161 0.5344
152.0 0.2495E-05
-0.1746 0.3088
0.1245 0.5204
153.0 0.2710E-05
-0.1886 0.2789
0.1410 0.4948
154.0 0.2851E-05
-0.1975 0.2523
0.1636 0.4581
155.0 0.2904E-05
-0.2003 0.2294
0.1900 0.4095
156.0 0.2868E-05
-0.1955 0.2113
0.2177 0.3483
157.0 0.2761E-05
-0.1803 0.1997
0.2435 0.2743
158.0 0.2610E-05
-0.1510 0.1979
0.2629 0.1892
159.0 0.2454E-05
-0.1039 0.2105
0.2694 0.9985E-01
160.0 0.2332E-05
-0.3784E-01 0.2423
0.2559 0.2208E-01
161.0 0.2287E-05
0.4080E-01 0.2955
0.2178 -0.1941E-01
162.0 0.2359E-05
0.1158 0.3656
0.1591 -0.1801E-02
163.0 0.2578E-05
0.1677 0.4403
0.9309E-01 0.7709E-01
164.0 0.2961E-05
0.1863 0.5062
0.3592E-01 0.1934
165.0 0.3509E-05
0.1753 0.5565
-0.3423E-02 0.3144
166.0 0.4206E-05
0.1457 0.5914
-0.2453E-01 0.4169
167.0 0.5020E-05
0.1080 0.6147
-0.3148E-01 0.4912
168.0 0.5903E-05
0.6918E-01 0.6303
-0.2903E-01 0.5366
169.0 0.6800E-05
0.3287E-01 0.6412
-0.2100E-01 0.5556
170.0 0.7648E-05
0.7764E-03 0.6494
-0.1009E-01 0.5513
171.0 0.8392E-05
-0.2637E-01 0.6562
0.1835E-02 0.5266
172.0 0.8992E-05
-0.4819E-01 0.6624
0.1342E-01 0.4840
173.0 0.9426E-05
-0.6434E-01 0.6686
0.2355E-01 0.4261
174.0 0.9697E-05
-0.7446E-01 0.6750
0.3125E-01 0.3561
175.0 0.9823E-05
-0.7810E-01 0.6815
0.3567E-01 0.2781
176.0 0.9838E-05
-0.7488E-01 0.6879
0.3615E-01 0.1975
177.0 0.9783E-05
-0.6462E-01 0.6937
0.3234E-01 0.1213
178.0 0.9701E-05
-0.4769E-01 0.6984
0.2440E-01 0.5767E-01
179.0 0.9633E-05
-0.2538E-01 0.7014
0.1314E-01 0.1505E-01
180.0 0.9607E-05
0.000 0.7024
0.000 0.000
