0.000 3.944
0.000 0.7071
0.000 0.000
1.000 4.000
-0.1345 0.6781
0.4191E-01 0.1631E-01
2.000 4.126
-0.2406 0.6055
0.7569E-01 0.5756E-01
3.000 4.219
-0.3079 0.5190
0.9886E-01 0.1081
4.000 4.163
-0.3425 0.4421
0.1141 0.1557
5.000 3.881
-0.3549 0.3856
0.1260 0.1945
6.000 3.373
-0.3535 0.3519
0.1393 0.2231
7.000 2.709
-0.3423 0.3389
0.1590 0.2419
8.000 2.007
-0.3207 0.3405
0.1910 0.2510
9.000 1.378
-0.2830 0.3428
0.2426 0.2502
10.00 0.8988
-0.2194 0.3134
0.3188 0.2394
11.00 0.5873
-0.1240 0.1961
0.4072 0.2231
12.00 0.4160
-0.1921E-01 -0.4069E-01
0.4594 0.2144
13.00 0.3326
0.4726E-01 -0.3172
0.4288 0.2253
14.00 0.2862
0.6161E-01 -0.5162
0.3356 0.2500
15.00 0.2429
0.5105E-01 -0.6150
0.2257 0.2767
16.00 0.1905
0.4109E-01 -0.6455
0.1170 0.2999
17.00 0.1328
0.4355E-01 -0.6300
0.3228E-02 0.3184
18.00 0.8054E-01
0.5915E-01 -0.5591
-0.1351 0.3280
19.00 0.4276E-01
0.5968E-01 -0.3717
-0.3182 0.3064
20.00 0.2327E-01
-0.8755E-01 0.8232E-02
-0.4623 0.1921
21.00 0.2029E-01
-0.4266 0.1992
-0.2686 0.4508E-01
22.00 0.2863E-01
-0.5533 -0.3332E-01
-0.6176E-02 0.5699E-01
23.00 0.4226E-01
-0.5164 -0.2515
0.8357E-01 0.1249
24.00 0.5613E-01
-0.4491 -0.3787
0.9019E-01 0.1859
25.00 0.6707E-01
-0.3786 -0.4503
0.6705E-01 0.2370
26.00 0.7370E-01
-0.3056 -0.4886
0.3161E-01 0.2811
27.00 0.7606E-01
-0.2275 -0.5027
-0.9852E-02 0.3195
28.00 0.7503E-01
-0.1424 -0.4959
-0.5331E-01 0.3513
29.00 0.7198E-01
-0.4959E-01 -0.4695
-0.9363E-01 0.3739
30.00 0.6840E-01
0.4932E-01 -0.4270
-0.1234 0.3839
31.00 0.6572E-01
0.1494 -0.3773
-0.1342 0.3777
32.00 0.6510E-01
0.2424 -0.3356
-0.1214 0.3540
33.00 0.6727E-01
0.3204 -0.3169
-0.8923E-01 0.3156
34.00 0.7245E-01
0.3810 -0.3271
-0.5051E-01 0.2687
35.00 0.8035E-01
0.4284 -0.3593
-0.1883E-01 0.2193
36.00 0.9037E-01
0.4691 -0.4003
-0.1808E-02 0.1704
37.00 0.1017
0.5078 -0.4381
-0.5383E-03 0.1226
38.00 0.1138
0.5461 -0.4649
-0.1243E-01 0.7562E-01
39.00 0.1259
0.5833 -0.4767
-0.3365E-01 0.2944E-01
40.00 0.1378
0.6174 -0.4724
-0.6036E-01 -0.1523E-01
41.00 0.1489
0.6464 -0.4531
-0.8923E-01 -0.5726E-01
42.00 0.1588
0.6689 -0.4208
-0.1177 -0.9543E-01
43.00 0.1671
0.6842 -0.3779
-0.1441 -0.1288
44.00 0.1732
0.6921 -0.3270
-0.1679 -0.1570
45.00 0.1766
0.6931 -0.2702
-0.1892 -0.1799
46.00 0.1770
0.6874 -0.2097
-0.2090 -0.1979
47.00 0.1743
0.6753 -0.1473
-0.2285 -0.2116
48.00 0.1686
0.6572 -0.8526E-01
-0.2491 -0.2210
49.00 0.1605
0.6331 -0.2614E-01
-0.2719 -0.2264
50.00 0.1504
0.6036 0.2740E-01
-0.2972 -0.2272
51.00 0.1392
0.5694 0.7278E-01
-0.3250 -0.2231
52.00 0.1273
0.5317 0.1079
-0.3544 -0.2134
53.00 0.1153
0.4919 0.1311
-0.3842 -0.1979
54.00 0.1035
0.4516 0.1417
-0.4133 -0.1768
55.00 0.9230E-01
0.4123 0.1388
-0.4405 -0.1508
56.00 0.8196E-01
0.3760 0.1215
-0.4650 -0.1211
57.00 0.7274E-01
0.3444 0.8864E-01
-0.4859 -0.8919E-01
58.00 0.6482E-01
0.3200 0.3973E-01
-0.5018 -0.5670E-01
59.00 0.5830E-01
0.3049 -0.2399E-01
-0.5106 -0.2539E-01
60.00 0.5314E-01
0.3007 -0.9838E-01
-0.5104 0.3267E-02
61.00 0.4922E-01
0.3073 -0.1767
-0.4996 0.2814E-01
62.00 0.4629E-01
0.3229 -0.2514
-0.4786 0.4855E-01
63.00 0.4409E-01
0.3444 -0.3168
-0.4495 0.6421E-01
64.00 0.4236E-01
0.3688 -0.3704
-0.4154 0.7515E-01
65.00 0.4086E-01
0.3936 -0.4130
-0.3793 0.8175E-01
66.00 0.3946E-01
0.4173 -0.4467
-0.3433 0.8475E-01
67.00 0.3804E-01
0.4388 -0.4737
-0.3086 0.8518E-01
68.00 0.3654E-01
0.4579 -0.4959
-0.2751 0.8414E-01
69.00 0.3491E-01
0.4743 -0.5138
-0.2428 0.8259E-01
70.00 0.3309E-01
0.4881 -0.5279
-0.2113 0.8104E-01
71.00 0.3108E-01
0.4997 -0.5387
-0.1807 0.7953E-01
72.00 0.2888E-01
0.5096 -0.5470
-0.1512 0.7780E-01
73.00 0.2655E-01
0.5181 -0.5541
-0.1231 0.7545E-01
74.00 0.2419E-01
0.5256 -0.5611
-0.9624E-01 0.7225E-01
75.00 0.2187E-01
0.5320 -0.5691
-0.7043E-01 0.6828E-01
76.00 0.1969E-01
0.5372 -0.5779
-0.4493E-01 0.6397E-01
77.00 0.1768E-01
0.5410 -0.5867
-0.1883E-01 0.5995E-01
78.00 0.1588E-01
0.5431 -0.5932
0.8674E-02 0.5677E-01
79.00 0.1426E-01
0.5435 -0.5953
0.3785E-01 0.5465E-01
80.00 0.1281E-01
0.5428 -0.5909
0.6821E-01 0.5326E-01
81.00 0.1149E-01
0.5415 -0.5790
0.9853E-01 0.5196E-01
82.00 0.1029E-01
0.5406 -0.5593
0.1271 0.5018E-01
83.00 0.9210E-02
0.5405 -0.5323
0.1519 0.4790E-01
84.00 0.8247E-02
0.5411 -0.4989
0.1711 0.4589E-01
85.00 0.7410E-02
0.5416 -0.4602
0.1832 0.4561E-01
86.00 0.6697E-02
0.5410 -0.4174
0.1876 0.4878E-01
87.00 0.6102E-02
0.5383 -0.3719
0.1845 0.5667E-01
88.00 0.5609E-02
0.5329 -0.3252
0.1749 0.6975E-01
89.00 0.5207E-02
0.5251 -0.2789
0.1602 0.8756E-01
90.00 0.4883E-02
0.5150 -0.2346
0.1420 0.1090
91.00 0.4628E-02
0.5034 -0.1939
0.1213 0.1324
92.00 0.4431E-02
0.4910 -0.1578
0.9920E-01 0.1563
93.00 0.4282E-02
0.4785 -0.1269
0.7638E-01 0.1794
94.00 0.4167E-02
0.4664 -0.1010
0.5320E-01 0.2008
95.00 0.4073E-02
0.4545 -0.7921E-01
0.2970E-01 0.2206
96.00 0.3985E-02
0.4425 -0.6082E-01
0.5741E-02 0.2388
97.00 0.3890E-02
0.4300 -0.4508E-01
-0.1896E-01 0.2558
98.00 0.3777E-02
0.4163 -0.3169E-01
-0.4469E-01 0.2719
99.00 0.3642E-02
0.4011 -0.2088E-01
-0.7163E-01 0.2874
100.0 0.3488E-02
0.3838 -0.1338E-01
-0.9958E-01 0.3026
101.0 0.3326E-02
0.3634 -0.1014E-01
-0.1277 0.3180
102.0 0.3168E-02
0.3391 -0.1169E-01
-0.1545 0.3343
103.0 0.3026E-02
0.3107 -0.1755E-01
-0.1778 0.3522
104.0 0.2910E-02
0.2784 -0.2603E-01
-0.1956 0.3719
105.0 0.2822E-02
0.2434 -0.3488E-01
-0.2065 0.3935
106.0 0.2760E-02
0.2075 -0.4246E-01
-0.2100 0.4162
107.0 0.2722E-02
0.1724 -0.4866E-01
-0.2068 0.4387
108.0 0.2702E-02
0.1394 -0.5495E-01
-0.1981 0.4593
109.0 0.2693E-02
0.1096 -0.6345E-01
-0.1856 0.4763
110.0 0.2686E-02
0.8366E-01 -0.7582E-01
-0.1707 0.4885
111.0 0.2673E-02
0.6135E-01 -0.9228E-01
-0.1545 0.4960
112.0 0.2645E-02
0.4212E-01 -0.1114
-0.1377 0.4995
113.0 0.2595E-02
0.2499E-01 -0.1308
-0.1210 0.5004
114.0 0.2518E-02
0.8750E-02 -0.1475
-0.1048 0.5000
115.0 0.2411E-02
-0.7887E-02 -0.1597
-0.8946E-01 0.4994
116.0 0.2277E-02
-0.2623E-01 -0.1671
-0.7528E-01 0.4989
117.0 0.2125E-02
-0.4754E-01 -0.1710
-0.6189E-01 0.4977
118.0 0.1969E-02
-0.7295E-01 -0.1742
-0.4824E-01 0.4942
119.0 0.1826E-02
-0.1031 -0.1792
-0.3254E-01 0.4866
120.0 0.1707E-02
-0.1377 -0.1865
-0.1270E-01 0.4735
121.0 0.1621E-02
-0.1750 -0.1935
0.1277E-01 0.4550
122.0 0.1564E-02
-0.2121 -0.1948
0.4379E-01 0.4326
123.0 0.1529E-02
-0.2455 -0.1855
0.7861E-01 0.4088
124.0 0.1505E-02
-0.2726 -0.1634
0.1145 0.3856
125.0 0.1482E-02
-0.2923 -0.1303
0.1487 0.3644
126.0 0.1447E-02
-0.3050 -0.8978E-01
0.1791 0.3454
127.0 0.1393E-02
-0.3123 -0.4604E-01
0.2046 0.3284
128.0 0.1316E-02
-0.3161 -0.2175E-02
0.2247 0.3131
129.0 0.1217E-02
-0.3182 0.4010E-01
0.2388 0.2994
130.0 0.1102E-02
-0.3201 0.8016E-01
0.2467 0.2873
131.0 0.9821E-03
-0.3231 0.1179
0.2484 0.2759
132.0 0.8650E-03
-0.3285 0.1533
0.2453 0.2626
133.0 0.7589E-03
-0.3379 0.1855
0.2400 0.2425
134.0 0.6703E-03
-0.3528 0.2121
0.2367 0.2089
135.0 0.6037E-03
-0.3747 0.2290
0.2384 0.1561
136.0 0.5607E-03
-0.4039 0.2326
0.2452 0.8472E-01
137.0 0.5387E-03
-0.4394 0.2230
0.2526 0.2824E-02
138.0 0.5316E-03
-0.4796 0.2049
0.2540 -0.7744E-01
139.0 0.5311E-03
-0.5218 0.1837
0.2446 -0.1461
140.0 0.5300E-03
-0.5624 0.1619
0.2227 -0.1973
141.0 0.5236E-03
-0.5971 0.1390
0.1902 -0.2270
142.0 0.5099E-03
-0.6212 0.1137
0.1516 -0.2328
143.0 0.4881E-03
-0.6316 0.8677E-01
0.1128 -0.2139
144.0 0.4580E-03
-0.6274 0.6176E-01
0.7939E-01 -0.1717
145.0 0.4207E-03
-0.6084 0.4442E-01
0.5453E-01 -0.1083
146.0 0.3796E-03
-0.5737 0.4094E-01
0.3787E-01 -0.2540E-01
147.0 0.3401E-03
-0.5222 0.5628E-01
0.2575E-01 0.7494E-01
148.0 0.3082E-03
-0.4574 0.9205E-01
0.1282E-01 0.1844
149.0 0.2881E-03
-0.3921 0.1442
-0.4269E-02 0.2839
150.0 0.2813E-03
-0.3460 0.2026
-0.2238E-01 0.3474
151.0 0.2877E-03
-0.3333 0.2543
-0.3164E-01 0.3564
152.0 0.3064E-03
-0.3531 0.2875
-0.2110E-01 0.3094
153.0 0.3361E-03
-0.3924 0.2962
0.1434E-01 0.2199
154.0 0.3744E-03
-0.4366 0.2822
0.7191E-01 0.1066
155.0 0.4169E-03
-0.4767 0.2534
0.1442 -0.1574E-01
156.0 0.4583E-03
-0.5090 0.2187
0.2235 -0.1376
157.0 0.4950E-03
-0.5316 0.1851
0.3027 -0.2512
158.0 0.5260E-03
-0.5417 0.1573
0.3745 -0.3453
159.0 0.5528E-03
-0.5366 0.1389
0.4313 -0.4060
160.0 0.5770E-03
-0.5157 0.1327
0.4664 -0.4210
161.0 0.5988E-03
-0.4816 0.1406
0.4770 -0.3846
162.0 0.6173E-03
-0.4391 0.1626
0.4632 -0.2986
163.0 0.6329E-03
-0.3923 0.1970
0.4260 -0.1688
164.0 0.6490E-03
-0.3446 0.2403
0.3664 -0.4472E-02
165.0 0.6715E-03
-0.2985 0.2891
0.2870 0.1786
166.0 0.7066E-03
-0.2562 0.3413
0.1941 0.3561
167.0 0.7598E-03
-0.2179 0.3968
0.9813E-01 0.5008
168.0 0.8359E-03
-0.1818 0.4552
0.1019E-01 0.5919
169.0 0.9396E-03
-0.1450 0.5130
-0.6058E-01 0.6217
170.0 0.1076E-02
-0.1064 0.5644
-0.1091 0.5962
171.0 0.1247E-02
-0.6739E-01 0.6046
-0.1348 0.5314
172.0 0.1449E-02
-0.3137E-01 0.6333
-0.1414 0.4460
173.0 0.1672E-02
-0.1340E-02 0.6532
-0.1344 0.3550
174.0 0.1902E-02
0.2092E-01 0.6681
-0.1193 0.2677
175.0 0.2125E-02
0.3476E-01 0.6799
-0.9990E-01 0.1890
176.0 0.2329E-02
0.4025E-01 0.6886
-0.7897E-01 0.1220
177.0 0.2504E-02
0.3801E-01 0.6939
-0.5803E-01 0.6871E-01
178.0 0.2641E-02
0.2927E-01 0.6962
-0.3786E-01 0.3043E-01
179.0 0.2729E-02
0.1585E-01 0.6966
-0.1863E-01 0.7574E-02
180.0 0.2760E-02
0.000 0.6965
0.000 0.000
