0.000 0.2710
0.000 0.6256E-01
0.000 0.000
1.000 0.2651
0.1661E-01 0.4862E-01
0.7072E-02 0.1626E-01
2.000 0.2506
0.1232E-01 0.2527E-02
0.1109E-01 0.6535E-01
3.000 0.2357
-0.3635E-01 -0.8396E-01
0.6354E-02 0.1427
4.000 0.2328
-0.1418 -0.2047
-0.1490E-01 0.2239
5.000 0.2554
-0.2730 -0.3171
-0.5354E-01 0.2625
6.000 0.3138
-0.3659 -0.3709
-0.9619E-01 0.2350
7.000 0.4112
-0.3931 -0.3637
-0.1289 0.1676
8.000 0.5402
-0.3739 -0.3266
-0.1491 0.9581E-01
9.000 0.6824
-0.3343 -0.2843
-0.1608 0.3587E-01
10.00 0.8116
-0.2893 -0.2480
-0.1682 -0.1015E-01
11.00 0.9010
-0.2448 -0.2213
-0.1740 -0.4495E-01
12.00 0.9302
-0.2023 -0.2049
-0.1804 -0.7215E-01
13.00 0.8926
-0.1612 -0.1986
-0.1891 -0.9549E-01
14.00 0.7973
-0.1197 -0.2020
-0.2023 -0.1193
15.00 0.6669
-0.7619E-01 -0.2128
-0.2229 -0.1496
16.00 0.5302
-0.2990E-01 -0.2240
-0.2542 -0.1948
17.00 0.4138
0.1500E-01 -0.2178
-0.2968 -0.2634
18.00 0.3349
0.4513E-01 -0.1659
-0.3417 -0.3523
19.00 0.2974
0.4383E-01 -0.5500E-01
-0.3676 -0.4325
20.00 0.2929
0.1232E-01 0.8288E-01
-0.3612 -0.4679
21.00 0.3058
-0.2973E-01 0.2019
-0.3325 -0.4547
22.00 0.3191
-0.6732E-01 0.2862
-0.2983 -0.4121
23.00 0.3198
-0.9697E-01 0.3420
-0.2672 -0.3555
24.00 0.3023
-0.1203 0.3783
-0.2412 -0.2905
25.00 0.2681
-0.1394 0.3998
-0.2191 -0.2164
26.00 0.2237
-0.1544 0.4054
-0.1985 -0.1306
27.00 0.1775
-0.1619 0.3885
-0.1760 -0.3296E-01
28.00 0.1369
-0.1520 0.3370
-0.1468 0.6796E-01
29.00 0.1068
-0.1077 0.2411
-0.1063 0.1448
30.00 0.8864E-01
-0.1461E-01 0.1122
-0.5577E-01 0.1542
31.00 0.8131E-01
0.1159 -0.5281E-02
-0.8119E-02 0.7623E-01
32.00 0.8204E-01
0.2473 -0.6995E-01
0.2145E-01 -0.5117E-01
33.00 0.8758E-01
0.3524 -0.8107E-01
0.2895E-01 -0.1705
34.00 0.9493E-01
0.4277 -0.6298E-01
0.1948E-01 -0.2531
35.00 0.1019
0.4801 -0.3764E-01
-0.1058E-02 -0.2975
36.00 0.1069
0.5157 -0.1757E-01
-0.2890E-01 -0.3118
37.00 0.1096
0.5374 -0.8836E-02
-0.6190E-01 -0.3042
38.00 0.1096
0.5456 -0.1429E-01
-0.9856E-01 -0.2816
39.00 0.1073
0.5396 -0.3518E-01
-0.1375 -0.2490
40.00 0.1032
0.5186 -0.7174E-01
-0.1773 -0.2103
41.00 0.9770E-01
0.4825 -0.1232
-0.2163 -0.1689
42.00 0.9139E-01
0.4324 -0.1875
-0.2530 -0.1275
43.00 0.8469E-01
0.3708 -0.2615
-0.2858 -0.8852E-01
44.00 0.7799E-01
0.3017 -0.3410
-0.3137 -0.5369E-01
45.00 0.7156E-01
0.2298 -0.4212
-0.3357 -0.2429E-01
46.00 0.6558E-01
0.1603 -0.4975
-0.3518 -0.9782E-03
47.00 0.6017E-01
0.9767E-01 -0.5662
-0.3626 0.1618E-01
48.00 0.5538E-01
0.4544E-01 -0.6248
-0.3695 0.2752E-01
49.00 0.5126E-01
0.5443E-02 -0.6727
-0.3740 0.3363E-01
50.00 0.4781E-01
-0.2204E-01 -0.7103
-0.3780 0.3515E-01
51.00 0.4503E-01
-0.3815E-01 -0.7389
-0.3827 0.3266E-01
52.00 0.4293E-01
-0.4500E-01 -0.7600
-0.3886 0.2666E-01
53.00 0.4149E-01
-0.4519E-01 -0.7754
-0.3953 0.1767E-01
54.00 0.4068E-01
-0.4114E-01 -0.7866
-0.4015 0.6274E-02
55.00 0.4043E-01
-0.3469E-01 -0.7947
-0.4056 -0.6791E-02
56.00 0.4065E-01
-0.2679E-01 -0.8009
-0.4064 -0.2070E-01
57.00 0.4124E-01
-0.1765E-01 -0.8058
-0.4030 -0.3464E-01
58.00 0.4204E-01
-0.6990E-02 -0.8097
-0.3955 -0.4791E-01
59.00 0.4293E-01
0.5603E-02 -0.8124
-0.3845 -0.6003E-01
60.00 0.4379E-01
0.2044E-01 -0.8137
-0.3706 -0.7070E-01
61.00 0.4450E-01
0.3764E-01 -0.8129
-0.3548 -0.7986E-01
62.00 0.4502E-01
0.5712E-01 -0.8095
-0.3377 -0.8754E-01
63.00 0.4530E-01
0.7869E-01 -0.8029
-0.3197 -0.9388E-01
64.00 0.4535E-01
0.1020 -0.7928
-0.3012 -0.9902E-01
65.00 0.4520E-01
0.1267 -0.7788
-0.2826 -0.1031
66.00 0.4489E-01
0.1522 -0.7611
-0.2641 -0.1061
67.00 0.4444E-01
0.1779 -0.7399
-0.2460 -0.1080
68.00 0.4388E-01
0.2027 -0.7158
-0.2289 -0.1088
69.00 0.4323E-01
0.2257 -0.6897
-0.2128 -0.1081
70.00 0.4247E-01
0.2459 -0.6627
-0.1979 -0.1058
71.00 0.4162E-01
0.2626 -0.6357
-0.1843 -0.1019
72.00 0.4067E-01
0.2750 -0.6098
-0.1716 -0.9618E-01
73.00 0.3964E-01
0.2831 -0.5857
-0.1596 -0.8891E-01
74.00 0.3855E-01
0.2869 -0.5642
-0.1478 -0.8032E-01
75.00 0.3743E-01
0.2869 -0.5455
-0.1357 -0.7081E-01
76.00 0.3628E-01
0.2837 -0.5298
-0.1230 -0.6080E-01
77.00 0.3515E-01
0.2780 -0.5171
-0.1094 -0.5072E-01
78.00 0.3402E-01
0.2704 -0.5073
-0.9494E-01 -0.4097E-01
79.00 0.3290E-01
0.2616 -0.5001
-0.7952E-01 -0.3186E-01
80.00 0.3180E-01
0.2520 -0.4950
-0.6327E-01 -0.2363E-01
81.00 0.3070E-01
0.2423 -0.4915
-0.4639E-01 -0.1649E-01
82.00 0.2960E-01
0.2328 -0.4889
-0.2924E-01 -0.1052E-01
83.00 0.2852E-01
0.2243 -0.4866
-0.1235E-01 -0.5718E-02
84.00 0.2745E-01
0.2172 -0.4839
0.3605E-02 -0.1901E-02
85.00 0.2639E-01
0.2117 -0.4802
0.1784E-01 0.1287E-02
86.00 0.2533E-01
0.2079 -0.4754
0.2963E-01 0.4338E-02
87.00 0.2425E-01
0.2054 -0.4694
0.3839E-01 0.7789E-02
88.00 0.2315E-01
0.2036 -0.4626
0.4386E-01 0.1212E-01
89.00 0.2201E-01
0.2018 -0.4555
0.4605E-01 0.1763E-01
90.00 0.2083E-01
0.1991 -0.4489
0.4529E-01 0.2443E-01
91.00 0.1960E-01
0.1950 -0.4437
0.4218E-01 0.3240E-01
92.00 0.1835E-01
0.1888 -0.4404
0.3744E-01 0.4126E-01
93.00 0.1709E-01
0.1804 -0.4399
0.3192E-01 0.5062E-01
94.00 0.1584E-01
0.1697 -0.4428
0.2649E-01 0.6006E-01
95.00 0.1463E-01
0.1570 -0.4495
0.2198E-01 0.6917E-01
96.00 0.1347E-01
0.1426 -0.4602
0.1914E-01 0.7761E-01
97.00 0.1238E-01
0.1273 -0.4748
0.1849E-01 0.8521E-01
98.00 0.1137E-01
0.1117 -0.4931
0.2028E-01 0.9196E-01
99.00 0.1044E-01
0.9672E-01 -0.5141
0.2433E-01 0.9811E-01
100.0 0.9590E-02
0.8287E-01 -0.5369
0.3007E-01 0.1041
101.0 0.8818E-02
0.7049E-01 -0.5601
0.3661E-01 0.1106
102.0 0.8113E-02
0.5952E-01 -0.5821
0.4289E-01 0.1182
103.0 0.7463E-02
0.4941E-01 -0.6016
0.4788E-01 0.1276
104.0 0.6861E-02
0.3924E-01 -0.6175
0.5080E-01 0.1389
105.0 0.6297E-02
0.2772E-01 -0.6288
0.5120E-01 0.1523
106.0 0.5766E-02
0.1333E-01 -0.6348
0.4913E-01 0.1673
107.0 0.5264E-02
-0.5534E-02 -0.6351
0.4520E-01 0.1831
108.0 0.4791E-02
-0.3037E-01 -0.6294
0.4064E-01 0.1988
109.0 0.4348E-02
-0.6230E-01 -0.6175
0.3735E-01 0.2131
110.0 0.3939E-02
-0.1017 -0.5999
0.3786E-01 0.2244
111.0 0.3570E-02
-0.1475 -0.5775
0.4509E-01 0.2312
112.0 0.3249E-02
-0.1969 -0.5521
0.6175E-01 0.2318
113.0 0.2982E-02
-0.2451 -0.5264
0.8939E-01 0.2250
114.0 0.2772E-02
-0.2861 -0.5038
0.1273 0.2104
115.0 0.2617E-02
-0.3148 -0.4875
0.1719 0.1891
116.0 0.2510E-02
-0.3286 -0.4793
0.2172 0.1636
117.0 0.2441E-02
-0.3293 -0.4790
0.2570 0.1366
118.0 0.2394E-02
-0.3219 -0.4845
0.2865 0.1103
119.0 0.2358E-02
-0.3132 -0.4925
0.3032 0.8563E-01
120.0 0.2320E-02
-0.3097 -0.4994
0.3070 0.6246E-01
121.0 0.2273E-02
-0.3168 -0.5020
0.2993 0.3960E-01
122.0 0.2216E-02
-0.3378 -0.4974
0.2826 0.1542E-01
123.0 0.2148E-02
-0.3742 -0.4828
0.2597 -0.1181E-01
124.0 0.2074E-02
-0.4248 -0.4561
0.2339 -0.4356E-01
125.0 0.2000E-02
-0.4856 -0.4156
0.2092 -0.8078E-01
126.0 0.1932E-02
-0.5493 -0.3611
0.1899 -0.1235
127.0 0.1877E-02
-0.6058 -0.2948
0.1798 -0.1706
128.0 0.1839E-02
-0.6436 -0.2215
0.1820 -0.2193
129.0 0.1824E-02
-0.6535 -0.1485
0.1969 -0.2659
130.0 0.1831E-02
-0.6313 -0.8377E-01
0.2227 -0.3062
131.0 0.1858E-02
-0.5800 -0.3412E-01
0.2547 -0.3369
132.0 0.1900E-02
-0.5090 -0.2971E-02
0.2879 -0.3563
133.0 0.1948E-02
-0.4303 0.9973E-02
0.3172 -0.3650
134.0 0.1995E-02
-0.3559 0.7974E-02
0.3393 -0.3651
135.0 0.2031E-02
-0.2950 -0.4082E-02
0.3524 -0.3595
136.0 0.2051E-02
-0.2541 -0.2083E-01
0.3556 -0.3516
137.0 0.2051E-02
-0.2363 -0.3712E-01
0.3494 -0.3444
138.0 0.2031E-02
-0.2424 -0.4838E-01
0.3342 -0.3409
139.0 0.1989E-02
-0.2709 -0.5073E-01
0.3108 -0.3432
140.0 0.1929E-02
-0.3183 -0.4107E-01
0.2803 -0.3530
141.0 0.1853E-02
-0.3794 -0.1734E-01
0.2435 -0.3712
142.0 0.1767E-02
-0.4468 0.2114E-01
0.2018 -0.3979
143.0 0.1676E-02
-0.5112 0.7303E-01
0.1573 -0.4320
144.0 0.1589E-02
-0.5613 0.1342
0.1131 -0.4709
145.0 0.1513E-02
-0.5846 0.1972
0.7355E-01 -0.5100
146.0 0.1457E-02
-0.5705 0.2519
0.4412E-01 -0.5436
147.0 0.1428E-02
-0.5144 0.2876
0.2975E-01 -0.5654
148.0 0.1428E-02
-0.4212 0.2970
0.3298E-01 -0.5707
149.0 0.1459E-02
-0.3057 0.2793
0.5238E-01 -0.5591
150.0 0.1516E-02
-0.1876 0.2405
0.8279E-01 -0.5335
151.0 0.1594E-02
-0.8491E-01 0.1902
0.1172 -0.4995
152.0 0.1686E-02
-0.9851E-02 0.1382
0.1489 -0.4626
153.0 0.1783E-02
0.3174E-01 0.9129E-01
0.1726 -0.4270
154.0 0.1880E-02
0.3910E-01 0.5286E-01
0.1849 -0.3952
155.0 0.1970E-02
0.1465E-01 0.2324E-01
0.1840 -0.3681
156.0 0.2050E-02
-0.3731E-01 0.5239E-03
0.1690 -0.3454
157.0 0.2120E-02
-0.1112 -0.1861E-01
0.1401 -0.3263
158.0 0.2181E-02
-0.2004 -0.3811E-01
0.9856E-01 -0.3091
159.0 0.2238E-02
-0.2967 -0.6185E-01
0.4649E-01 -0.2925
160.0 0.2295E-02
-0.3907 -0.9300E-01
-0.1252E-01 -0.2750
161.0 0.2359E-02
-0.4722 -0.1334
-0.7380E-01 -0.2554
162.0 0.2435E-02
-0.5315 -0.1828
-0.1320 -0.2332
163.0 0.2526E-02
-0.5612 -0.2394
-0.1822 -0.2085
164.0 0.2632E-02
-0.5583 -0.2994
-0.2207 -0.1819
165.0 0.2747E-02
-0.5240 -0.3591
-0.2456 -0.1546
166.0 0.2864E-02
-0.4633 -0.4149
-0.2572 -0.1275
167.0 0.2970E-02
-0.3828 -0.4647
-0.2572 -0.1016
168.0 0.3051E-02
-0.2896 -0.5075
-0.2477 -0.7768E-01
169.0 0.3097E-02
-0.1896 -0.5430
-0.2311 -0.5603E-01
170.0 0.3098E-02
-0.8776E-01 -0.5718
-0.2096 -0.3698E-01
171.0 0.3049E-02
0.1191E-01 -0.5947
-0.1846 -0.2075E-01
172.0 0.2952E-02
0.1058 -0.6124
-0.1575 -0.7564E-02
173.0 0.2813E-02
0.1899 -0.6261
-0.1295 0.2361E-02
174.0 0.2641E-02
0.2591 -0.6365
-0.1017 0.8862E-02
175.0 0.2451E-02
0.3069 -0.6446
-0.7528E-01 0.1190E-01
176.0 0.2261E-02
0.3248 -0.6509
-0.5170E-01 0.1171E-01
177.0 0.2088E-02
0.3041 -0.6558
-0.3218E-01 0.8958E-02
178.0 0.1951E-02
0.2389 -0.6594
-0.1749E-01 0.4940E-02
179.0 0.1862E-02
0.1323 -0.6616
-0.7337E-02 0.1407E-02
180.0 0.1831E-02
0.000 -0.6623
0.000 0.000
