0.000 5.721
0.000 -0.2809E-01
0.000 0.000
1.000 5.626
-0.6502E-01 -0.2736E-01
-0.1015E-01 0.1546E-03
2.000 5.353
-0.1287 -0.2511E-01
-0.2070E-01 0.5429E-03
3.000 4.944
-0.1886 -0.2122E-01
-0.3211E-01 0.9087E-03
4.000 4.458
-0.2401 -0.1535E-01
-0.4496E-01 0.7359E-03
5.000 3.966
-0.2751 -0.6925E-02
-0.5982E-01 -0.8238E-03
6.000 3.536
-0.2824 0.4809E-02
-0.7692E-01 -0.4851E-02
7.000 3.221
-0.2520 0.2038E-01
-0.9546E-01 -0.1214E-01
8.000 3.047
-0.1841 0.3937E-01
-0.1134 -0.2232E-01
9.000 3.008
-0.9366E-01 0.6019E-01
-0.1283 -0.3354E-01
10.00 3.070
-0.3357E-02 0.8090E-01
-0.1389 -0.4347E-01
11.00 3.175
0.7046E-01 0.1004
-0.1455 -0.5070E-01
12.00 3.263
0.1226 0.1185
-0.1495 -0.5513E-01
13.00 3.283
0.1554 0.1356
-0.1521 -0.5743E-01
14.00 3.206
0.1734 0.1523
-0.1541 -0.5858E-01
15.00 3.028
0.1807 0.1687
-0.1556 -0.5964E-01
16.00 2.769
0.1799 0.1847
-0.1564 -0.6175E-01
17.00 2.461
0.1724 0.1997
-0.1555 -0.6605E-01
18.00 2.140
0.1590 0.2125
-0.1518 -0.7367E-01
19.00 1.834
0.1403 0.2218
-0.1436 -0.8532E-01
20.00 1.561
0.1182 0.2262
-0.1293 -0.1009
21.00 1.327
0.9614E-01 0.2248
-0.1079 -0.1190
22.00 1.130
0.7906E-01 0.2174
-0.7903E-01 -0.1374
23.00 0.9652
0.7295E-01 0.2041
-0.4299E-01 -0.1527
24.00 0.8268
0.8340E-01 0.1845
-0.8324E-03 -0.1617
25.00 0.7124
0.1141 0.1579
0.4561E-01 -0.1611
26.00 0.6206
0.1646 0.1232
0.9317E-01 -0.1483
27.00 0.5513
0.2289 0.8058E-01
0.1368 -0.1221
28.00 0.5034
0.2944 0.3308E-01
0.1703 -0.8407E-01
29.00 0.4753
0.3466 -0.1295E-01
0.1881 -0.3891E-01
30.00 0.4639
0.3753 -0.4992E-01
0.1882 0.6757E-02
31.00 0.4660
0.3793 -0.7210E-01
0.1726 0.4685E-01
32.00 0.4778
0.3652 -0.7755E-01
0.1464 0.7761E-01
33.00 0.4962
0.3427 -0.6784E-01
0.1150 0.9782E-01
34.00 0.5183
0.3201 -0.4658E-01
0.8297E-01 0.1080
35.00 0.5416
0.3027 -0.1790E-01
0.5355E-01 0.1096
36.00 0.5639
0.2928 0.1446E-01
0.2865E-01 0.1042
37.00 0.5835
0.2903 0.4763E-01
0.9223E-02 0.9376E-01
38.00 0.5988
0.2937 0.7969E-01
-0.4506E-02 0.7979E-01
39.00 0.6085
0.3011 0.1096
-0.1274E-01 0.6377E-01
40.00 0.6117
0.3105 0.1368
-0.1592E-01 0.4701E-01
41.00 0.6079
0.3202 0.1615
-0.1462E-01 0.3063E-01
42.00 0.5971
0.3288 0.1836
-0.9384E-02 0.1560E-01
43.00 0.5798
0.3350 0.2036
-0.7317E-03 0.2801E-02
44.00 0.5568
0.3380 0.2217
0.1089E-01 -0.7010E-02
45.00 0.5293
0.3372 0.2382
0.2506E-01 -0.1314E-01
46.00 0.4988
0.3324 0.2533
0.4142E-01 -0.1501E-01
47.00 0.4665
0.3237 0.2671
0.5954E-01 -0.1215E-01
48.00 0.4338
0.3113 0.2797
0.7898E-01 -0.4294E-02
49.00 0.4018
0.2959 0.2913
0.9921E-01 0.8567E-02
50.00 0.3713
0.2782 0.3017
0.1197 0.2615E-01
51.00 0.3427
0.2591 0.3110
0.1398 0.4785E-01
52.00 0.3162
0.2396 0.3189
0.1591 0.7279E-01
53.00 0.2920
0.2202 0.3256
0.1770 0.9993E-01
54.00 0.2698
0.2018 0.3311
0.1932 0.1281
55.00 0.2496
0.1846 0.3355
0.2075 0.1563
56.00 0.2313
0.1687 0.3392
0.2196 0.1834
57.00 0.2147
0.1541 0.3420
0.2294 0.2085
58.00 0.1998
0.1404 0.3441
0.2365 0.2309
59.00 0.1865
0.1274 0.3451
0.2410 0.2500
60.00 0.1747
0.1149 0.3448
0.2429 0.2655
61.00 0.1644
0.1028 0.3428
0.2424 0.2773
62.00 0.1553
0.9143E-01 0.3390
0.2398 0.2854
63.00 0.1473
0.8138E-01 0.3334
0.2357 0.2904
64.00 0.1402
0.7327E-01 0.3263
0.2305 0.2926
65.00 0.1338
0.6770E-01 0.3180
0.2246 0.2925
66.00 0.1280
0.6506E-01 0.3088
0.2184 0.2905
67.00 0.1225
0.6553E-01 0.2988
0.2121 0.2870
68.00 0.1174
0.6898E-01 0.2882
0.2060 0.2821
69.00 0.1124
0.7513E-01 0.2768
0.2001 0.2763
70.00 0.1076
0.8357E-01 0.2646
0.1946 0.2696
71.00 0.1028
0.9384E-01 0.2515
0.1894 0.2623
72.00 0.9793E-01
0.1055 0.2374
0.1847 0.2547
73.00 0.9304E-01
0.1181 0.2224
0.1802 0.2469
74.00 0.8814E-01
0.1311 0.2064
0.1761 0.2390
75.00 0.8327E-01
0.1442 0.1895
0.1722 0.2312
76.00 0.7853E-01
0.1570 0.1718
0.1684 0.2235
77.00 0.7399E-01
0.1689 0.1532
0.1649 0.2160
78.00 0.6974E-01
0.1796 0.1338
0.1616 0.2087
79.00 0.6583E-01
0.1888 0.1139
0.1585 0.2018
80.00 0.6229E-01
0.1964 0.9379E-01
0.1559 0.1952
81.00 0.5911E-01
0.2023 0.7394E-01
0.1538 0.1891
82.00 0.5626E-01
0.2069 0.5484E-01
0.1522 0.1835
83.00 0.5367E-01
0.2102 0.3693E-01
0.1512 0.1785
84.00 0.5126E-01
0.2127 0.2049E-01
0.1509 0.1742
85.00 0.4896E-01
0.2144 0.5607E-02
0.1511 0.1705
86.00 0.4669E-01
0.2156 -0.7834E-02
0.1517 0.1674
87.00 0.4438E-01
0.2164 -0.2013E-01
0.1528 0.1650
88.00 0.4201E-01
0.2167 -0.3169E-01
0.1542 0.1632
89.00 0.3954E-01
0.2163 -0.4293E-01
0.1560 0.1619
90.00 0.3699E-01
0.2153 -0.5423E-01
0.1581 0.1609
91.00 0.3437E-01
0.2134 -0.6587E-01
0.1607 0.1601
92.00 0.3173E-01
0.2105 -0.7794E-01
0.1639 0.1592
93.00 0.2912E-01
0.2064 -0.9032E-01
0.1678 0.1581
94.00 0.2660E-01
0.2010 -0.1026
0.1725 0.1564
95.00 0.2423E-01
0.1944 -0.1142
0.1782 0.1541
96.00 0.2202E-01
0.1866 -0.1242
0.1847 0.1511
97.00 0.2002E-01
0.1779 -0.1317
0.1918 0.1474
98.00 0.1820E-01
0.1687 -0.1359
0.1994 0.1435
99.00 0.1657E-01
0.1594 -0.1365
0.2071 0.1396
100.0 0.1510E-01
0.1499 -0.1332
0.2145 0.1363
101.0 0.1376E-01
0.1403 -0.1264
0.2215 0.1337
102.0 0.1254E-01
0.1297 -0.1167
0.2276 0.1318
103.0 0.1141E-01
0.1173 -0.1051
0.2329 0.1299
104.0 0.1036E-01
0.1021 -0.9232E-01
0.2370 0.1273
105.0 0.9396E-02
0.8328E-01 -0.7897E-01
0.2398 0.1226
106.0 0.8515E-02
0.6043E-01 -0.6533E-01
0.2411 0.1147
107.0 0.7719E-02
0.3392E-01 -0.5115E-01
0.2405 0.1025
108.0 0.7011E-02
0.4961E-02 -0.3575E-01
0.2376 0.8564E-01
109.0 0.6390E-02
-0.2445E-01 -0.1808E-01
0.2322 0.6462E-01
110.0 0.5851E-02
-0.5183E-01 0.2959E-02
0.2240 0.4093E-01
111.0 0.5382E-02
-0.7475E-01 0.2818E-01
0.2133 0.1695E-01
112.0 0.4973E-02
-0.9139E-01 0.5780E-01
0.2005 -0.4461E-02
113.0 0.4610E-02
-0.1010 0.9122E-01
0.1861 -0.2050E-01
114.0 0.4281E-02
-0.1039 0.1270
0.1709 -0.2890E-01
115.0 0.3980E-02
-0.1016 0.1631
0.1553 -0.2829E-01
116.0 0.3705E-02
-0.9661E-01 0.1968
0.1399 -0.1846E-01
117.0 0.3459E-02
-0.9155E-01 0.2253
0.1247 -0.5572E-03
118.0 0.3246E-02
-0.8891E-01 0.2462
0.1099 0.2285E-01
119.0 0.3070E-02
-0.9013E-01 0.2583
0.9538E-01 0.4810E-01
120.0 0.2932E-02
-0.9502E-01 0.2619
0.8086E-01 0.7119E-01
121.0 0.2827E-02
-0.1017 0.2591
0.6616E-01 0.8898E-01
122.0 0.2748E-02
-0.1075 0.2533
0.5111E-01 0.1001
123.0 0.2688E-02
-0.1096 0.2477
0.3568E-01 0.1051
124.0 0.2638E-02
-0.1069 0.2444
0.2021E-01 0.1062
125.0 0.2594E-02
-0.1001 0.2445
0.5529E-02 0.1059
126.0 0.2554E-02
-0.9158E-01 0.2475
-0.7001E-02 0.1065
127.0 0.2518E-02
-0.8518E-01 0.2521
-0.1564E-01 0.1097
128.0 0.2484E-02
-0.8485E-01 0.2564
-0.1866E-01 0.1157
129.0 0.2455E-02
-0.9353E-01 0.2588
-0.1480E-01 0.1243
130.0 0.2429E-02
-0.1123 0.2580
-0.3755E-02 0.1341
131.0 0.2405E-02
-0.1398 0.2532
0.1370E-01 0.1442
132.0 0.2380E-02
-0.1731 0.2446
0.3572E-01 0.1534
133.0 0.2352E-02
-0.2079 0.2327
0.5976E-01 0.1613
134.0 0.2319E-02
-0.2402 0.2183
0.8307E-01 0.1676
135.0 0.2276E-02
-0.2664 0.2025
0.1031 0.1726
136.0 0.2223E-02
-0.2844 0.1862
0.1181 0.1767
137.0 0.2158E-02
-0.2939 0.1701
0.1270 0.1802
138.0 0.2083E-02
-0.2960 0.1542
0.1297 0.1832
139.0 0.2002E-02
-0.2933 0.1378
0.1269 0.1855
140.0 0.1925E-02
-0.2894 0.1200
0.1201 0.1857
141.0 0.1862E-02
-0.2888 0.9955E-01
0.1112 0.1812
142.0 0.1825E-02
-0.2954 0.7679E-01
0.1024 0.1688
143.0 0.1823E-02
-0.3112 0.5391E-01
0.9575E-01 0.1458
144.0 0.1858E-02
-0.3351 0.3498E-01
0.9235E-01 0.1114
145.0 0.1924E-02
-0.3630 0.2453E-01
0.9201E-01 0.6778E-01
146.0 0.2007E-02
-0.3899 0.2589E-01
0.9350E-01 0.1877E-01
147.0 0.2087E-02
-0.4112 0.4048E-01
0.9532E-01 -0.3161E-01
148.0 0.2142E-02
-0.4238 0.6825E-01
0.9625E-01 -0.8033E-01
149.0 0.2155E-02
-0.4254 0.1083
0.9562E-01 -0.1255
150.0 0.2119E-02
-0.4141 0.1591
0.9337E-01 -0.1660
151.0 0.2037E-02
-0.3874 0.2181
0.9014E-01 -0.2008
152.0 0.1925E-02
-0.3423 0.2804
0.8738E-01 -0.2283
153.0 0.1807E-02
-0.2766 0.3372
0.8762E-01 -0.2465
154.0 0.1713E-02
-0.1919 0.3748
0.9412E-01 -0.2530
155.0 0.1669E-02
-0.9688E-01 0.3790
0.1095 -0.2472
156.0 0.1694E-02
-0.7158E-02 0.3437
0.1336 -0.2318
157.0 0.1794E-02
0.6165E-01 0.2779
0.1624 -0.2127
158.0 0.1960E-02
0.1029 0.2011
0.1902 -0.1962
159.0 0.2170E-02
0.1203 0.1313
0.2131 -0.1857
160.0 0.2389E-02
0.1218 0.7823E-01
0.2298 -0.1816
161.0 0.2578E-02
0.1151 0.4428E-01
0.2407 -0.1829
162.0 0.2695E-02
0.1053 0.2818E-01
0.2468 -0.1880
163.0 0.2711E-02
0.9525E-01 0.2791E-01
0.2490 -0.1959
164.0 0.2609E-02
0.8649E-01 0.4212E-01
0.2475 -0.2055
165.0 0.2391E-02
0.7961E-01 0.7074E-01
0.2419 -0.2160
166.0 0.2080E-02
0.7466E-01 0.1152
0.2306 -0.2260
167.0 0.1718E-02
0.7102E-01 0.1781
0.2096 -0.2326
168.0 0.1358E-02
0.6667E-01 0.2605
0.1718 -0.2290
169.0 0.1057E-02
0.5683E-01 0.3522
0.1068 -0.2024
170.0 0.8663E-03
0.3411E-01 0.4110
0.1173E-01 -0.1369
171.0 0.8251E-03
-0.1673E-02 0.3709
-0.8100E-01 -0.4267E-01
172.0 0.9512E-03
-0.3369E-01 0.2399
-0.1209 0.3018E-01
173.0 0.1239E-02
-0.4879E-01 0.1065
-0.1096 0.5588E-01
174.0 0.1662E-02
-0.5038E-01 0.1698E-01
-0.8082E-01 0.5204E-01
175.0 0.2171E-02
-0.4532E-01 -0.3357E-01
-0.5415E-01 0.3863E-01
176.0 0.2710E-02
-0.3753E-01 -0.6019E-01
-0.3430E-01 0.2490E-01
177.0 0.3213E-02
-0.2864E-01 -0.7368E-01
-0.2065E-01 0.1384E-01
178.0 0.3623E-02
-0.1927E-01 -0.8022E-01
-0.1148E-01 0.6056E-02
179.0 0.3890E-02
-0.9684E-02 -0.8311E-01
-0.5078E-02 0.1497E-02
180.0 0.3983E-02
0.000 -0.8391E-01
0.000 0.000
