0.000 1.659
0.000 0.7071
0.000 0.000
1.000 1.647
0.1348E-02 0.7071
0.2454E-02 -0.1528E-02
2.000 1.613
0.1763E-02 0.7068
0.7908E-02 -0.5810E-02
3.000 1.563
0.4421E-03 0.7055
0.1903E-01 -0.1193E-01
4.000 1.505
-0.3106E-02 0.7022
0.3777E-01 -0.1835E-01
5.000 1.448
-0.8832E-02 0.6955
0.6486E-01 -0.2308E-01
6.000 1.399
-0.1596E-01 0.6842
0.9947E-01 -0.2397E-01
7.000 1.363
-0.2303E-01 0.6675
0.1393 -0.1934E-01
8.000 1.342
-0.2825E-01 0.6451
0.1811 -0.8456E-02
9.000 1.334
-0.3012E-01 0.6170
0.2218 0.8280E-02
10.00 1.337
-0.2798E-01 0.5834
0.2590 0.2967E-01
11.00 1.343
-0.2221E-01 0.5440
0.2914 0.5421E-01
12.00 1.348
-0.1408E-01 0.4988
0.3182 0.8053E-01
13.00 1.346
-0.5319E-02 0.4478
0.3390 0.1076
14.00 1.330
0.2319E-02 0.3915
0.3532 0.1347
15.00 1.297
0.7395E-02 0.3311
0.3605 0.1613
16.00 1.244
0.8992E-02 0.2681
0.3603 0.1871
17.00 1.172
0.6761E-02 0.2038
0.3523 0.2119
18.00 1.082
0.8731E-03 0.1396
0.3359 0.2355
19.00 0.9807
-0.8056E-02 0.7650E-01
0.3107 0.2576
20.00 0.8739
-0.1906E-01 0.1559E-01
0.2760 0.2776
21.00 0.7682
-0.3093E-01 -0.4163E-01
0.2318 0.2946
22.00 0.6694
-0.4235E-01 -0.9284E-01
0.1782 0.3077
23.00 0.5815
-0.5217E-01 -0.1346
0.1166 0.3157
24.00 0.5065
-0.5968E-01 -0.1623
0.4990E-01 0.3177
25.00 0.4448
-0.6494E-01 -0.1714
-0.1786E-01 0.3136
26.00 0.3951
-0.6883E-01 -0.1583
-0.8160E-01 0.3042
27.00 0.3555
-0.7286E-01 -0.1220
-0.1364 0.2912
28.00 0.3236
-0.7872E-01 -0.6455E-01
-0.1788 0.2762
29.00 0.2969
-0.8776E-01 0.9089E-02
-0.2070 0.2603
30.00 0.2735
-0.1007 0.9241E-01
-0.2207 0.2438
31.00 0.2521
-0.1177 0.1782
-0.2210 0.2260
32.00 0.2319
-0.1380 0.2590
-0.2087 0.2059
33.00 0.2128
-0.1603 0.3273
-0.1851 0.1824
34.00 0.1951
-0.1828 0.3762
-0.1513 0.1554
35.00 0.1790
-0.2028 0.4000
-0.1092 0.1257
36.00 0.1649
-0.2179 0.3956
-0.6122E-01 0.9501E-01
37.00 0.1529
-0.2259 0.3636
-0.1101E-01 0.6618E-01
38.00 0.1428
-0.2255 0.3084
0.3734E-01 0.4213E-01
39.00 0.1346
-0.2172 0.2378
0.7980E-01 0.2523E-01
40.00 0.1277
-0.2023 0.1603
0.1132 0.1670E-01
41.00 0.1219
-0.1834 0.8394E-01
0.1354 0.1649E-01
42.00 0.1166
-0.1631 0.1496E-01
0.1460 0.2349E-01
43.00 0.1116
-0.1438 -0.4257E-01
0.1455 0.3611E-01
44.00 0.1066
-0.1272 -0.8628E-01
0.1352 0.5261E-01
45.00 0.1013
-0.1145 -0.1151
0.1169 0.7150E-01
46.00 0.9565E-01
-0.1062 -0.1287
0.9290E-01 0.9160E-01
47.00 0.8963E-01
-0.1023 -0.1279
0.6520E-01 0.1120
48.00 0.8334E-01
-0.1028 -0.1140
0.3587E-01 0.1322
49.00 0.7692E-01
-0.1072 -0.8900E-01
0.6832E-02 0.1516
50.00 0.7057E-01
-0.1152 -0.5576E-01
-0.2025E-01 0.1699
51.00 0.6443E-01
-0.1259 -0.1737E-01
-0.4398E-01 0.1867
52.00 0.5866E-01
-0.1387 0.2312E-01
-0.6333E-01 0.2021
53.00 0.5332E-01
-0.1525 0.6314E-01
-0.7769E-01 0.2161
54.00 0.4845E-01
-0.1665 0.1009
-0.8676E-01 0.2290
55.00 0.4404E-01
-0.1797 0.1351
-0.9057E-01 0.2412
56.00 0.4008E-01
-0.1916 0.1651
-0.8935E-01 0.2530
57.00 0.3653E-01
-0.2017 0.1903
-0.8352E-01 0.2648
58.00 0.3335E-01
-0.2099 0.2101
-0.7369E-01 0.2766
59.00 0.3050E-01
-0.2165 0.2241
-0.6076E-01 0.2885
60.00 0.2794E-01
-0.2216 0.2323
-0.4583E-01 0.3004
61.00 0.2564E-01
-0.2252 0.2351
-0.3014E-01 0.3124
62.00 0.2356E-01
-0.2273 0.2340
-0.1490E-01 0.3247
63.00 0.2167E-01
-0.2279 0.2308
-0.1055E-02 0.3373
64.00 0.1995E-01
-0.2270 0.2276
0.1084E-01 0.3505
65.00 0.1838E-01
-0.2244 0.2260
0.2063E-01 0.3641
66.00 0.1697E-01
-0.2203 0.2273
0.2846E-01 0.3777
67.00 0.1569E-01
-0.2151 0.2317
0.3456E-01 0.3906
68.00 0.1455E-01
-0.2093 0.2392
0.3910E-01 0.4019
69.00 0.1351E-01
-0.2033 0.2495
0.4210E-01 0.4110
70.00 0.1257E-01
-0.1976 0.2625
0.4345E-01 0.4173
71.00 0.1170E-01
-0.1920 0.2785
0.4311E-01 0.4206
72.00 0.1088E-01
-0.1864 0.2975
0.4123E-01 0.4210
73.00 0.1012E-01
-0.1804 0.3194
0.3823E-01 0.4189
74.00 0.9399E-02
-0.1738 0.3438
0.3477E-01 0.4147
75.00 0.8723E-02
-0.1666 0.3699
0.3152E-01 0.4086
76.00 0.8089E-02
-0.1593 0.3965
0.2900E-01 0.4011
77.00 0.7493E-02
-0.1522 0.4225
0.2732E-01 0.3923
78.00 0.6932E-02
-0.1460 0.4470
0.2622E-01 0.3825
79.00 0.6400E-02
-0.1411 0.4695
0.2518E-01 0.3720
80.00 0.5894E-02
-0.1374 0.4898
0.2360E-01 0.3610
81.00 0.5412E-02
-0.1348 0.5082
0.2107E-01 0.3501
82.00 0.4953E-02
-0.1330 0.5253
0.1738E-01 0.3396
83.00 0.4516E-02
-0.1318 0.5412
0.1256E-01 0.3299
84.00 0.4100E-02
-0.1310 0.5560
0.6724E-02 0.3213
85.00 0.3706E-02
-0.1306 0.5691
-0.6245E-04 0.3138
86.00 0.3333E-02
-0.1307 0.5802
-0.7833E-02 0.3075
87.00 0.2981E-02
-0.1312 0.5890
-0.1670E-01 0.3027
88.00 0.2651E-02
-0.1319 0.5950
-0.2671E-01 0.2998
89.00 0.2347E-02
-0.1321 0.5977
-0.3765E-01 0.2993
90.00 0.2073E-02
-0.1308 0.5960
-0.4888E-01 0.3022
91.00 0.1835E-02
-0.1268 0.5886
-0.5926E-01 0.3098
92.00 0.1634E-02
-0.1190 0.5748
-0.6736E-01 0.3232
93.00 0.1472E-02
-0.1069 0.5540
-0.7187E-01 0.3427
94.00 0.1347E-02
-0.9039E-01 0.5265
-0.7212E-01 0.3678
95.00 0.1255E-02
-0.7050E-01 0.4928
-0.6847E-01 0.3963
96.00 0.1189E-02
-0.4878E-01 0.4540
-0.6221E-01 0.4252
97.00 0.1143E-02
-0.2711E-01 0.4116
-0.5510E-01 0.4511
98.00 0.1108E-02
-0.7103E-02 0.3672
-0.4866E-01 0.4717
99.00 0.1075E-02
0.1009E-01 0.3216
-0.4371E-01 0.4857
100.0 0.1040E-02
0.2374E-01 0.2745
-0.4028E-01 0.4924
101.0 0.9979E-03
0.3327E-01 0.2245
-0.3781E-01 0.4921
102.0 0.9487E-03
0.3807E-01 0.1694
-0.3537E-01 0.4848
103.0 0.8941E-03
0.3749E-01 0.1073
-0.3189E-01 0.4712
104.0 0.8376E-03
0.3098E-01 0.3754E-01
-0.2629E-01 0.4520
105.0 0.7841E-03
0.1847E-01 -0.3860E-01
-0.1754E-01 0.4294
106.0 0.7395E-03
0.7686E-03 -0.1169
-0.4895E-02 0.4062
107.0 0.7094E-03
-0.2001E-01 -0.1900
0.1175E-01 0.3866
108.0 0.6977E-03
-0.4068E-01 -0.2493
0.3145E-01 0.3745
109.0 0.7057E-03
-0.5809E-01 -0.2884
0.5225E-01 0.3715
110.0 0.7315E-03
-0.7056E-01 -0.3071
0.7194E-01 0.3763
111.0 0.7705E-03
-0.7840E-01 -0.3103
0.8886E-01 0.3855
112.0 0.8167E-03
-0.8320E-01 -0.3052
0.1023 0.3951
113.0 0.8635E-03
-0.8681E-01 -0.2977
0.1122 0.4024
114.0 0.9047E-03
-0.9070E-01 -0.2910
0.1190 0.4060
115.0 0.9354E-03
-0.9568E-01 -0.2861
0.1233 0.4059
116.0 0.9525E-03
-0.1020 -0.2819
0.1258 0.4027
117.0 0.9554E-03
-0.1095 -0.2770
0.1270 0.3974
118.0 0.9462E-03
-0.1178 -0.2699
0.1277 0.3910
119.0 0.9278E-03
-0.1268 -0.2595
0.1288 0.3844
120.0 0.9035E-03
-0.1365 -0.2453
0.1309 0.3783
121.0 0.8763E-03
-0.1474 -0.2272
0.1350 0.3731
122.0 0.8483E-03
-0.1599 -0.2057
0.1418 0.3687
123.0 0.8218E-03
-0.1742 -0.1823
0.1518 0.3645
124.0 0.7989E-03
-0.1897 -0.1586
0.1652 0.3598
125.0 0.7812E-03
-0.2051 -0.1367
0.1819 0.3538
126.0 0.7694E-03
-0.2184 -0.1181
0.2010 0.3460
127.0 0.7625E-03
-0.2281 -0.1035
0.2212 0.3366
128.0 0.7582E-03
-0.2326 -0.9211E-01
0.2408 0.3263
129.0 0.7537E-03
-0.2313 -0.8282E-01
0.2578 0.3161
130.0 0.7461E-03
-0.2240 -0.7431E-01
0.2703 0.3072
131.0 0.7328E-03
-0.2112 -0.6545E-01
0.2769 0.3009
132.0 0.7119E-03
-0.1937 -0.5532E-01
0.2773 0.2979
133.0 0.6826E-03
-0.1730 -0.4316E-01
0.2716 0.2989
134.0 0.6455E-03
-0.1510 -0.2834E-01
0.2607 0.3040
135.0 0.6025E-03
-0.1303 -0.1049E-01
0.2453 0.3131
136.0 0.5566E-03
-0.1144 0.1052E-01
0.2265 0.3253
137.0 0.5108E-03
-0.1072 0.3474E-01
0.2050 0.3391
138.0 0.4677E-03
-0.1123 0.6230E-01
0.1815 0.3519
139.0 0.4296E-03
-0.1321 0.9327E-01
0.1571 0.3603
140.0 0.3985E-03
-0.1662 0.1269
0.1335 0.3611
141.0 0.3763E-03
-0.2100 0.1610
0.1133 0.3516
142.0 0.3642E-03
-0.2556 0.1917
0.1001 0.3316
143.0 0.3620E-03
-0.2942 0.2155
0.9720E-01 0.3038
144.0 0.3677E-03
-0.3197 0.2307
0.1059 0.2726
145.0 0.3783E-03
-0.3305 0.2375
0.1252 0.2422
146.0 0.3902E-03
-0.3284 0.2368
0.1523 0.2155
147.0 0.4002E-03
-0.3159 0.2285
0.1843 0.1939
148.0 0.4061E-03
-0.2950 0.2124
0.2186 0.1778
149.0 0.4067E-03
-0.2675 0.1886
0.2531 0.1679
150.0 0.4019E-03
-0.2339 0.1582
0.2859 0.1648
151.0 0.3932E-03
-0.1948 0.1232
0.3147 0.1699
152.0 0.3833E-03
-0.1505 0.8691E-01
0.3357 0.1852
153.0 0.3760E-03
-0.1028 0.5345E-01
0.3442 0.2123
154.0 0.3748E-03
-0.5543E-01 0.2800E-01
0.3360 0.2507
155.0 0.3820E-03
-0.1383E-01 0.1551E-01
0.3100 0.2972
156.0 0.3984E-03
0.1700E-01 0.1883E-01
0.2697 0.3463
157.0 0.4233E-03
0.3448E-01 0.3768E-01
0.2217 0.3923
158.0 0.4557E-03
0.3887E-01 0.6915E-01
0.1727 0.4315
159.0 0.4938E-03
0.3252E-01 0.1094
0.1279 0.4618
160.0 0.5359E-03
0.1878E-01 0.1548
0.9057E-01 0.4831
161.0 0.5801E-03
0.1160E-02 0.2033
0.6171E-01 0.4955
162.0 0.6248E-03
-0.1716E-01 0.2533
0.4112E-01 0.4998
163.0 0.6689E-03
-0.3351E-01 0.3038
0.2758E-01 0.4967
164.0 0.7120E-03
-0.4589E-01 0.3533
0.1933E-01 0.4869
165.0 0.7537E-03
-0.5307E-01 0.4003
0.1434E-01 0.4712
166.0 0.7926E-03
-0.5472E-01 0.4438
0.1061E-01 0.4508
167.0 0.8263E-03
-0.5130E-01 0.4833
0.6401E-02 0.4269
168.0 0.8515E-03
-0.4380E-01 0.5189
0.4319E-03 0.4004
169.0 0.8653E-03
-0.3340E-01 0.5506
-0.7994E-02 0.3718
170.0 0.8659E-03
-0.2132E-01 0.5781
-0.1900E-01 0.3413
171.0 0.8527E-03
-0.8691E-02 0.6009
-0.3218E-01 0.3089
172.0 0.8260E-03
0.3421E-02 0.6195
-0.4664E-01 0.2744
173.0 0.7870E-03
0.1411E-01 0.6349
-0.6114E-01 0.2376
174.0 0.7384E-03
0.2264E-01 0.6488
-0.7403E-01 0.1982
175.0 0.6844E-03
0.2832E-01 0.6618
-0.8319E-01 0.1561
176.0 0.6305E-03
0.3052E-01 0.6734
-0.8592E-01 0.1125
177.0 0.5828E-03
0.2860E-01 0.6816
-0.7942E-01 0.7007E-01
178.0 0.5461E-03
0.2234E-01 0.6855
-0.6188E-01 0.3366E-01
179.0 0.5233E-03
0.1228E-01 0.6861
-0.3407E-01 0.8832E-02
180.0 0.5156E-03
0.000 0.6858
0.000 0.000
