0.000 3.801
0.000 -1.414
0.000 0.000
1.000 3.909
-0.9608E-01 -1.310
-0.3609 -0.4234E-01
2.000 4.192
-0.1655 -1.053
-0.6298 -0.1475
3.000 4.536
-0.2004 -0.7441
-0.7798 -0.2736
4.000 4.795
-0.2084 -0.4564
-0.8364 -0.3910
5.000 4.835
-0.2000 -0.2155
-0.8350 -0.4894
6.000 4.580
-0.1833 -0.2024E-01
-0.8015 -0.5691
7.000 4.027
-0.1632 0.1402
-0.7489 -0.6346
8.000 3.252
-0.1432 0.2781
-0.6808 -0.6909
9.000 2.382
-0.1278 0.4047
-0.5919 -0.7426
10.00 1.557
-0.1266 0.5273
-0.4655 -0.7926
11.00 0.8953
-0.1688 0.6345
-0.2658 -0.8364
12.00 0.4642
-0.3386 0.6209
0.4805E-01 -0.8308
13.00 0.2744
-0.7126 0.1518
0.2681 -0.6393
14.00 0.2854
-0.8512 -0.4910
-0.1129 -0.3769
15.00 0.4254
-0.6553 -0.5886
-0.5326 -0.3370
16.00 0.6148
-0.4712 -0.4861
-0.7185 -0.3789
17.00 0.7855
-0.3451 -0.3845
-0.7939 -0.4204
18.00 0.8936
-0.2533 -0.3094
-0.8274 -0.4510
19.00 0.9223
-0.1784 -0.2549
-0.8436 -0.4733
20.00 0.8773
-0.1104 -0.2115
-0.8511 -0.4910
21.00 0.7788
-0.4379E-01 -0.1698
-0.8518 -0.5080
22.00 0.6526
0.2344E-01 -0.1197
-0.8444 -0.5284
23.00 0.5226
0.8891E-01 -0.4958E-01
-0.8249 -0.5571
24.00 0.4065
0.1428 0.5219E-01
-0.7873 -0.5986
25.00 0.3143
0.1642 0.1900
-0.7252 -0.6549
26.00 0.2488
0.1246 0.3477
-0.6375 -0.7193
27.00 0.2077
0.5675E-02 0.4802
-0.5351 -0.7733
28.00 0.1857
-0.1755 0.5350
-0.4390 -0.7957
29.00 0.1762
-0.3714 0.4936
-0.3653 -0.7788
30.00 0.1730
-0.5405 0.3800
-0.3146 -0.7324
31.00 0.1713
-0.6669 0.2316
-0.2771 -0.6718
32.00 0.1675
-0.7539 0.7567E-01
-0.2421 -0.6082
33.00 0.1600
-0.8106 -0.7393E-01
-0.2017 -0.5471
34.00 0.1484
-0.8449 -0.2126
-0.1509 -0.4905
35.00 0.1333
-0.8615 -0.3405
-0.8663E-01 -0.4383
36.00 0.1161
-0.8615 -0.4600
-0.6899E-02 -0.3895
37.00 0.9833E-01
-0.8422 -0.5744
0.8854E-01 -0.3428
38.00 0.8144E-01
-0.7979 -0.6873
0.1971 -0.2967
39.00 0.6658E-01
-0.7204 -0.8016
0.3112 -0.2500
40.00 0.5445E-01
-0.6037 -0.9179
0.4157 -0.2025
41.00 0.4527E-01
-0.4498 -1.033
0.4892 -0.1554
42.00 0.3889E-01
-0.2755 -1.140
0.5113 -0.1119
43.00 0.3488E-01
-0.1107 -1.229
0.4758 -0.7552E-01
44.00 0.3267E-01
0.1627E-01 -1.294
0.3984 -0.4870E-01
45.00 0.3167E-01
0.9346E-01 -1.338
0.3077 -0.3105E-01
46.00 0.3136E-01
0.1273 -1.364
0.2292 -0.2043E-01
47.00 0.3133E-01
0.1333 -1.378
0.1769 -0.1453E-01
48.00 0.3128E-01
0.1272 -1.385
0.1542 -0.1182E-01
49.00 0.3105E-01
0.1211 -1.385
0.1582 -0.1173E-01
50.00 0.3059E-01
0.1229 -1.378
0.1832 -0.1439E-01
51.00 0.2992E-01
0.1373 -1.364
0.2226 -0.2032E-01
52.00 0.2911E-01
0.1665 -1.340
0.2695 -0.3010E-01
53.00 0.2824E-01
0.2103 -1.306
0.3166 -0.4405E-01
54.00 0.2740E-01
0.2668 -1.262
0.3573 -0.6194E-01
55.00 0.2662E-01
0.3321 -1.211
0.3859 -0.8286E-01
56.00 0.2592E-01
0.4010 -1.156
0.3989 -0.1053
57.00 0.2527E-01
0.4683 -1.102
0.3955 -0.1274
58.00 0.2463E-01
0.5297 -1.053
0.3773 -0.1473
59.00 0.2393E-01
0.5820 -1.013
0.3472 -0.1638
60.00 0.2312E-01
0.6239 -0.9829
0.3092 -0.1758
61.00 0.2217E-01
0.6547 -0.9648
0.2667 -0.1833
62.00 0.2105E-01
0.6750 -0.9579
0.2227 -0.1860
63.00 0.1977E-01
0.6855 -0.9617
0.1798 -0.1845
64.00 0.1835E-01
0.6869 -0.9749
0.1398 -0.1791
65.00 0.1681E-01
0.6799 -0.9963
0.1040 -0.1703
66.00 0.1520E-01
0.6654 -1.025
0.7386E-01 -0.1587
67.00 0.1356E-01
0.6437 -1.058
0.5057E-01 -0.1449
68.00 0.1193E-01
0.6158 -1.096
0.3550E-01 -0.1296
69.00 0.1036E-01
0.5825 -1.135
0.3013E-01 -0.1135
70.00 0.8894E-02
0.5455 -1.173
0.3589E-01 -0.9775E-01
71.00 0.7555E-02
0.5070 -1.208
0.5386E-01 -0.8362E-01
72.00 0.6368E-02
0.4704 -1.235
0.8424E-01 -0.7258E-01
73.00 0.5341E-02
0.4401 -1.250
0.1257 -0.6616E-01
74.00 0.4471E-02
0.4209 -1.251
0.1749 -0.6565E-01
75.00 0.3747E-02
0.4174 -1.235
0.2257 -0.7177E-01
76.00 0.3148E-02
0.4327 -1.204
0.2705 -0.8434E-01
77.00 0.2656E-02
0.4673 -1.160
0.3000 -0.1022
78.00 0.2250E-02
0.5184 -1.107
0.3056 -0.1235
79.00 0.1913E-02
0.5798 -1.051
0.2800 -0.1460
80.00 0.1630E-02
0.6425 -0.9978
0.2187 -0.1674
81.00 0.1391E-02
0.6950 -0.9512
0.1206 -0.1860
82.00 0.1190E-02
0.7244 -0.9139
-0.1142E-01 -0.2008
83.00 0.1022E-02
0.7177 -0.8862
-0.1694 -0.2116
84.00 0.8818E-03
0.6641 -0.8663
-0.3401 -0.2192
85.00 0.7675E-03
0.5581 -0.8505
-0.5053 -0.2250
86.00 0.6759E-03
0.4021 -0.8344
-0.6443 -0.2310
87.00 0.6042E-03
0.2081 -0.8144
-0.7386 -0.2386
88.00 0.5493E-03
-0.4042E-02 -0.7888
-0.7768 -0.2486
89.00 0.5079E-03
-0.2115 -0.7581
-0.7582 -0.2607
90.00 0.4771E-03
-0.3950 -0.7251
-0.6924 -0.2738
91.00 0.4538E-03
-0.5428 -0.6926
-0.5955 -0.2869
92.00 0.4353E-03
-0.6524 -0.6629
-0.4846 -0.2989
93.00 0.4195E-03
-0.7280 -0.6365
-0.3734 -0.3095
94.00 0.4050E-03
-0.7769 -0.6124
-0.2706 -0.3193
95.00 0.3912E-03
-0.8069 -0.5884
-0.1796 -0.3289
96.00 0.3782E-03
-0.8247 -0.5621
-0.9999E-01 -0.3396
97.00 0.3668E-03
-0.8344 -0.5313
-0.2849E-01 -0.3520
98.00 0.3581E-03
-0.8383 -0.4956
0.3942E-01 -0.3665
99.00 0.3534E-03
-0.8361 -0.4561
0.1082 -0.3827
100.0 0.3536E-03
-0.8266 -0.4157
0.1808 -0.3992
101.0 0.3595E-03
-0.8077 -0.3786
0.2580 -0.4146
102.0 0.3712E-03
-0.7786 -0.3483
0.3380 -0.4274
103.0 0.3884E-03
-0.7396 -0.3271
0.4174 -0.4365
104.0 0.4104E-03
-0.6926 -0.3153
0.4923 -0.4417
105.0 0.4359E-03
-0.6405 -0.3115
0.5597 -0.4437
106.0 0.4636E-03
-0.5864 -0.3131
0.6175 -0.4435
107.0 0.4915E-03
-0.5334 -0.3171
0.6651 -0.4422
108.0 0.5178E-03
-0.4842 -0.3209
0.7029 -0.4410
109.0 0.5402E-03
-0.4409 -0.3223
0.7319 -0.4406
110.0 0.5568E-03
-0.4048 -0.3193
0.7532 -0.4420
111.0 0.5661E-03
-0.3768 -0.3103
0.7680 -0.4457
112.0 0.5673E-03
-0.3571 -0.2937
0.7771 -0.4524
113.0 0.5611E-03
-0.3454 -0.2675
0.7810 -0.4631
114.0 0.5494E-03
-0.3402 -0.2293
0.7799 -0.4785
115.0 0.5352E-03
-0.3388 -0.1773
0.7737 -0.4995
116.0 0.5222E-03
-0.3370 -0.1104
0.7624 -0.5266
117.0 0.5143E-03
-0.3291 -0.3017E-01
0.7460 -0.5592
118.0 0.5142E-03
-0.3100 0.5837E-01
0.7252 -0.5953
119.0 0.5234E-03
-0.2765 0.1473
0.7016 -0.6316
120.0 0.5414E-03
-0.2296 0.2283
0.6773 -0.6647
121.0 0.5661E-03
-0.1729 0.2951
0.6543 -0.6921
122.0 0.5937E-03
-0.1113 0.3450
0.6341 -0.7127
123.0 0.6201E-03
-0.4956E-01 0.3782
0.6175 -0.7264
124.0 0.6408E-03
0.8967E-02 0.3968
0.6049 -0.7340
125.0 0.6521E-03
0.6172E-01 0.4034
0.5966 -0.7367
126.0 0.6513E-03
0.1068 0.4008
0.5926 -0.7356
127.0 0.6370E-03
0.1424 0.3919
0.5926 -0.7317
128.0 0.6090E-03
0.1670 0.3797
0.5962 -0.7263
129.0 0.5691E-03
0.1788 0.3678
0.6021 -0.7209
130.0 0.5200E-03
0.1759 0.3608
0.6081 -0.7173
131.0 0.4659E-03
0.1571 0.3639
0.6102 -0.7176
132.0 0.4113E-03
0.1228 0.3833
0.6019 -0.7242
133.0 0.3612E-03
0.7726E-01 0.4244
0.5735 -0.7395
134.0 0.3197E-03
0.3124E-01 0.4881
0.5138 -0.7639
135.0 0.2898E-03
0.2782E-02 0.5665
0.4147 -0.7943
136.0 0.2735E-03
0.1188E-01 0.6392
0.2794 -0.8229
137.0 0.2710E-03
0.6868E-01 0.6810
0.1272 -0.8396
138.0 0.2811E-03
0.1652 0.6760
-0.1494E-01 -0.8378
139.0 0.3018E-03
0.2806 0.6258
-0.1266 -0.8182
140.0 0.3299E-03
0.3939 0.5454
-0.2014 -0.7863
141.0 0.3619E-03
0.4918 0.4527
-0.2439 -0.7495
142.0 0.3936E-03
0.5689 0.3626
-0.2633 -0.7136
143.0 0.4208E-03
0.6251 0.2849
-0.2686 -0.6825
144.0 0.4396E-03
0.6625 0.2258
-0.2677 -0.6587
145.0 0.4466E-03
0.6831 0.1885
-0.2666 -0.6436
146.0 0.4399E-03
0.6881 0.1749
-0.2707 -0.6377
147.0 0.4194E-03
0.6765 0.1852
-0.2846 -0.6412
148.0 0.3872E-03
0.6445 0.2174
-0.3137 -0.6532
149.0 0.3474E-03
0.5852 0.2643
-0.3643 -0.6706
150.0 0.3061E-03
0.4896 0.3077
-0.4430 -0.6861
151.0 0.2707E-03
0.3526 0.3115
-0.5516 -0.6850
152.0 0.2484E-03
0.1889 0.2245
-0.6772 -0.6474
153.0 0.2458E-03
0.4543E-01 0.1756E-01
-0.7843 -0.5623
154.0 0.2671E-03
-0.2210E-01 -0.2661
-0.8352 -0.4480
155.0 0.3139E-03
-0.1393E-03 -0.5330
-0.8253 -0.3419
156.0 0.3844E-03
0.7932E-01 -0.7207
-0.7817 -0.2684
157.0 0.4731E-03
0.1784 -0.8220
-0.7319 -0.2297
158.0 0.5717E-03
0.2747 -0.8550
-0.6907 -0.2181
159.0 0.6695E-03
0.3593 -0.8387
-0.6628 -0.2261
160.0 0.7548E-03
0.4297 -0.7853
-0.6483 -0.2488
161.0 0.8165E-03
0.4848 -0.7001
-0.6455 -0.2840
162.0 0.8463E-03
0.5225 -0.5835
-0.6520 -0.3317
163.0 0.8406E-03
0.5369 -0.4320
-0.6648 -0.3934
164.0 0.8021E-03
0.5161 -0.2409
-0.6783 -0.4708
165.0 0.7409E-03
0.4383 -0.1114E-01
-0.6822 -0.5638
166.0 0.6743E-03
0.2716 0.2351
-0.6575 -0.6633
167.0 0.6257E-03
-0.8968E-02 0.4269
-0.5769 -0.7409
168.0 0.6222E-03
-0.3706 0.4426
-0.4244 -0.7472
169.0 0.6906E-03
-0.6890 0.2085
-0.2317 -0.6527
170.0 0.8539E-03
-0.8450 -0.1842
-0.6708E-01 -0.4943
171.0 0.1127E-02
-0.8397 -0.5717
0.3210E-01 -0.3379
172.0 0.1512E-02
-0.7461 -0.8686
0.7516E-01 -0.2181
173.0 0.1999E-02
-0.6247 -1.071
0.8525E-01 -0.1365
174.0 0.2562E-02
-0.5049 -1.203
0.7958E-01 -0.8341E-01
175.0 0.3162E-02
-0.3965 -1.287
0.6753E-01 -0.4940E-01
176.0 0.3753E-02
-0.3009 -1.341
0.5353E-01 -0.2772E-01
177.0 0.4283E-02
-0.2161 -1.375
0.3943E-01 -0.1407E-01
178.0 0.4703E-02
-0.1396 -1.395
0.2582E-01 -0.5810E-02
179.0 0.4973E-02
-0.6846E-01 -1.406
0.1275E-01 -0.1390E-02
180.0 0.5066E-02
0.000 -1.410
0.000 0.000
