0.000 0.7005E-02
0.000 -0.2750
0.000 0.000
1.000 0.6983E-02
0.1140 -0.2679
-0.6536E-02 0.3329E-02
2.000 0.6919E-02
0.2062 -0.2463
-0.1766E-01 0.1259E-01
3.000 0.6822E-02
0.2596 -0.2104
-0.3680E-01 0.2569E-01
4.000 0.6709E-02
0.2653 -0.1605
-0.6529E-01 0.3935E-01
5.000 0.6605E-02
0.2241 -0.9896E-01
-0.1016 0.4952E-01
6.000 0.6546E-02
0.1461 -0.3021E-01
-0.1412 0.5204E-01
7.000 0.6565E-02
0.4853E-01 0.3841E-01
-0.1775 0.4381E-01
8.000 0.6685E-02
-0.4839E-01 0.9837E-01
-0.2038 0.2415E-01
9.000 0.6909E-02
-0.1275 0.1429
-0.2158 -0.4628E-02
10.00 0.7209E-02
-0.1788 0.1695
-0.2136 -0.3805E-01
11.00 0.7538E-02
-0.2003 0.1803
-0.2001 -0.7136E-01
12.00 0.7831E-02
-0.1946 0.1801
-0.1796 -0.1009
13.00 0.8029E-02
-0.1657 0.1739
-0.1555 -0.1247
14.00 0.8092E-02
-0.1173 0.1662
-0.1302 -0.1418
15.00 0.8007E-02
-0.5236E-01 0.1597
-0.1050 -0.1522
16.00 0.7787E-02
0.2589E-01 0.1558
-0.8039E-01 -0.1561
17.00 0.7469E-02
0.1130 0.1549
-0.5692E-01 -0.1540
18.00 0.7097E-02
0.2024 0.1560
-0.3517E-01 -0.1467
19.00 0.6716E-02
0.2849 0.1572
-0.1597E-01 -0.1352
20.00 0.6359E-02
0.3501 0.1563
-0.1751E-03 -0.1213
21.00 0.6043E-02
0.3891 0.1512
0.1162E-01 -0.1067
22.00 0.5764E-02
0.3977 0.1411
0.1944E-01 -0.9299E-01
23.00 0.5501E-02
0.3779 0.1268
0.2395E-01 -0.8122E-01
24.00 0.5222E-02
0.3372 0.1104
0.2625E-01 -0.7142E-01
25.00 0.4893E-02
0.2858 0.9472E-01
0.2746E-01 -0.6291E-01
26.00 0.4490E-02
0.2331 0.8255E-01
0.2842E-01 -0.5459E-01
27.00 0.4009E-02
0.1868 0.7639E-01
0.2952E-01 -0.4530E-01
28.00 0.3469E-02
0.1517 0.7849E-01
0.3072E-01 -0.3405E-01
29.00 0.2904E-02
0.1309 0.9113E-01
0.3158E-01 -0.2014E-01
30.00 0.2356E-02
0.1263 0.1166
0.3136E-01 -0.3259E-02
31.00 0.1864E-02
0.1383 0.1566
0.2923E-01 0.1641E-01
32.00 0.1452E-02
0.1653 0.2112
0.2467E-01 0.3808E-01
33.00 0.1131E-02
0.2022 0.2759
0.1818E-01 0.6041E-01
34.00 0.8957E-03
0.2393 0.3399
0.1189E-01 0.8180E-01
35.00 0.7331E-03
0.2638 0.3876
0.9319E-02 0.1011
36.00 0.6260E-03
0.2654 0.4054
0.1357E-01 0.1181
37.00 0.5579E-03
0.2423 0.3901
0.2526E-01 0.1330
38.00 0.5150E-03
0.2023 0.3506
0.4222E-01 0.1460
39.00 0.4866E-03
0.1578 0.3019
0.6111E-01 0.1566
40.00 0.4651E-03
0.1202 0.2585
0.7910E-01 0.1649
41.00 0.4452E-03
0.9680E-01 0.2303
0.9435E-01 0.1711
42.00 0.4239E-03
0.9008E-01 0.2220
0.1056 0.1755
43.00 0.4003E-03
0.9905E-01 0.2336
0.1118 0.1791
44.00 0.3746E-03
0.1202 0.2620
0.1117 0.1822
45.00 0.3480E-03
0.1489 0.3009
0.1044 0.1856
46.00 0.3219E-03
0.1798 0.3424
0.8982E-01 0.1894
47.00 0.2975E-03
0.2087 0.3782
0.6935E-01 0.1943
48.00 0.2755E-03
0.2323 0.4020
0.4573E-01 0.2004
49.00 0.2564E-03
0.2485 0.4102
0.2240E-01 0.2077
50.00 0.2404E-03
0.2562 0.4033
0.2538E-02 0.2157
51.00 0.2274E-03
0.2545 0.3842
-0.1190E-01 0.2231
52.00 0.2171E-03
0.2435 0.3573
-0.2057E-01 0.2288
53.00 0.2089E-03
0.2244 0.3267
-0.2451E-01 0.2320
54.00 0.2020E-03
0.1995 0.2958
-0.2537E-01 0.2326
55.00 0.1957E-03
0.1720 0.2664
-0.2470E-01 0.2315
56.00 0.1894E-03
0.1449 0.2398
-0.2352E-01 0.2297
57.00 0.1826E-03
0.1204 0.2167
-0.2230E-01 0.2280
58.00 0.1750E-03
0.9943E-01 0.1975
-0.2117E-01 0.2272
59.00 0.1666E-03
0.8220E-01 0.1822
-0.2013E-01 0.2275
60.00 0.1574E-03
0.6859E-01 0.1706
-0.1919E-01 0.2293
61.00 0.1471E-03
0.5867E-01 0.1621
-0.1845E-01 0.2330
62.00 0.1361E-03
0.5271E-01 0.1561
-0.1807E-01 0.2389
63.00 0.1245E-03
0.5084E-01 0.1515
-0.1828E-01 0.2470
64.00 0.1128E-03
0.5226E-01 0.1475
-0.1937E-01 0.2566
65.00 0.1017E-03
0.5463E-01 0.1433
-0.2177E-01 0.2659
66.00 0.9185E-04
0.5404E-01 0.1378
-0.2585E-01 0.2719
67.00 0.8352E-04
0.4608E-01 0.1300
-0.3183E-01 0.2716
68.00 0.7680E-04
0.2801E-01 0.1191
-0.3944E-01 0.2629
69.00 0.7145E-04
0.3866E-03 0.1051
-0.4798E-01 0.2464
70.00 0.6705E-04
-0.3295E-01 0.8874E-01
-0.5656E-01 0.2248
71.00 0.6312E-04
-0.6681E-01 0.7147E-01
-0.6446E-01 0.2016
72.00 0.5931E-04
-0.9678E-01 0.5493E-01
-0.7140E-01 0.1800
73.00 0.5548E-04
-0.1204 0.4058E-01
-0.7750E-01 0.1616
74.00 0.5162E-04
-0.1374 0.2955E-01
-0.8310E-01 0.1467
75.00 0.4782E-04
-0.1485 0.2248E-01
-0.8859E-01 0.1346
76.00 0.4413E-04
-0.1554 0.1957E-01
-0.9429E-01 0.1247
77.00 0.4055E-04
-0.1591 0.2070E-01
-0.1004 0.1165
78.00 0.3702E-04
-0.1600 0.2564E-01
-0.1071 0.1104
79.00 0.3348E-04
-0.1580 0.3426E-01
-0.1145 0.1068
80.00 0.2998E-04
-0.1534 0.4651E-01
-0.1229 0.1058
81.00 0.2661E-04
-0.1473 0.6224E-01
-0.1324 0.1061
82.00 0.2352E-04
-0.1430 0.8083E-01
-0.1427 0.1053
83.00 0.2083E-04
-0.1443 0.1011
-0.1533 0.1004
84.00 0.1859E-04
-0.1544 0.1213
-0.1633 0.8907E-01
85.00 0.1677E-04
-0.1737 0.1403
-0.1718 0.7118E-01
86.00 0.1527E-04
-0.1986 0.1577
-0.1782 0.4906E-01
87.00 0.1398E-04
-0.2240 0.1745
-0.1823 0.2651E-01
88.00 0.1279E-04
-0.2454 0.1920
-0.1844 0.7058E-02
89.00 0.1166E-04
-0.2602 0.2111
-0.1850 -0.7274E-02
90.00 0.1054E-04
-0.2682 0.2321
-0.1847 -0.1636E-01
91.00 0.9465E-05
-0.2706 0.2536
-0.1839 -0.2173E-01
92.00 0.8433E-05
-0.2689 0.2736
-0.1829 -0.2594E-01
93.00 0.7464E-05
-0.2643 0.2899
-0.1816 -0.3171E-01
94.00 0.6564E-05
-0.2568 0.3008
-0.1799 -0.4104E-01
95.00 0.5737E-05
-0.2449 0.3057
-0.1774 -0.5486E-01
96.00 0.4989E-05
-0.2257 0.3050
-0.1734 -0.7314E-01
97.00 0.4337E-05
-0.1948 0.2990
-0.1666 -0.9516E-01
98.00 0.3802E-05
-0.1490 0.2880
-0.1561 -0.1196
99.00 0.3396E-05
-0.8840E-01 0.2727
-0.1416 -0.1439
100.0 0.3117E-05
-0.1843E-01 0.2555
-0.1247 -0.1646
101.0 0.2942E-05
0.5248E-01 0.2397
-0.1085 -0.1781
102.0 0.2842E-05
0.1175 0.2280
-0.9604E-01 -0.1830
103.0 0.2788E-05
0.1737 0.2204
-0.8880E-01 -0.1803
104.0 0.2758E-05
0.2211 0.2147
-0.8658E-01 -0.1736
105.0 0.2737E-05
0.2609 0.2067
-0.8810E-01 -0.1672
106.0 0.2712E-05
0.2951 0.1924
-0.9177E-01 -0.1649
107.0 0.2675E-05
0.3266 0.1687
-0.9606E-01 -0.1690
108.0 0.2626E-05
0.3580 0.1336
-0.9946E-01 -0.1803
109.0 0.2572E-05
0.3908 0.8739E-01
-0.1005 -0.1980
110.0 0.2526E-05
0.4241 0.3229E-01
-0.9771E-01 -0.2194
111.0 0.2499E-05
0.4551 -0.2677E-01
-0.9044E-01 -0.2408
112.0 0.2499E-05
0.4808 -0.8359E-01
-0.7886E-01 -0.2577
113.0 0.2523E-05
0.4993 -0.1327
-0.6405E-01 -0.2669
114.0 0.2566E-05
0.5093 -0.1705
-0.4747E-01 -0.2671
115.0 0.2620E-05
0.5098 -0.1952
-0.3058E-01 -0.2591
116.0 0.2675E-05
0.4999 -0.2066
-0.1472E-01 -0.2448
117.0 0.2715E-05
0.4801 -0.2050
-0.1152E-02 -0.2267
118.0 0.2725E-05
0.4530 -0.1921
0.8981E-02 -0.2062
119.0 0.2695E-05
0.4228 -0.1701
0.1475E-01 -0.1840
120.0 0.2625E-05
0.3932 -0.1421
0.1558E-01 -0.1603
121.0 0.2530E-05
0.3670 -0.1128
0.1166E-01 -0.1354
122.0 0.2431E-05
0.3441 -0.8805E-01
0.4458E-02 -0.1105
123.0 0.2347E-05
0.3229 -0.7412E-01
-0.3018E-02 -0.8764E-01
124.0 0.2289E-05
0.3009 -0.7492E-01
-0.6800E-02 -0.6936E-01
125.0 0.2264E-05
0.2764 -0.9026E-01
-0.3392E-02 -0.5814E-01
126.0 0.2271E-05
0.2493 -0.1158
0.8802E-02 -0.5572E-01
127.0 0.2308E-05
0.2204 -0.1450
0.2893E-01 -0.6270E-01
128.0 0.2368E-05
0.1910 -0.1719
0.5428E-01 -0.7825E-01
129.0 0.2440E-05
0.1625 -0.1926
0.8163E-01 -0.1004
130.0 0.2509E-05
0.1364 -0.2052
0.1082 -0.1268
131.0 0.2564E-05
0.1143 -0.2091
0.1321 -0.1551
132.0 0.2595E-05
0.9767E-01 -0.2035
0.1516 -0.1832
133.0 0.2594E-05
0.8770E-01 -0.1876
0.1655 -0.2089
134.0 0.2553E-05
0.8553E-01 -0.1608
0.1727 -0.2293
135.0 0.2465E-05
0.9267E-01 -0.1237
0.1727 -0.2419
136.0 0.2327E-05
0.1113 -0.7834E-01
0.1659 -0.2440
137.0 0.2149E-05
0.1433 -0.2842E-01
0.1532 -0.2339
138.0 0.1955E-05
0.1882 0.1958E-01
0.1365 -0.2111
139.0 0.1777E-05
0.2394 0.5621E-01
0.1197 -0.1785
140.0 0.1645E-05
0.2821 0.7121E-01
0.1083 -0.1441
141.0 0.1576E-05
0.2985 0.5956E-01
0.1074 -0.1196
142.0 0.1579E-05
0.2795 0.2677E-01
0.1179 -0.1152
143.0 0.1652E-05
0.2322 -0.1330E-01
0.1349 -0.1334
144.0 0.1789E-05
0.1747 -0.4698E-01
0.1508 -0.1682
145.0 0.1979E-05
0.1243 -0.6714E-01
0.1599 -0.2100
146.0 0.2205E-05
0.9142E-01 -0.7363E-01
0.1599 -0.2505
147.0 0.2444E-05
0.7899E-01 -0.7003E-01
0.1518 -0.2850
148.0 0.2672E-05
0.8599E-01 -0.6072E-01
0.1370 -0.3120
149.0 0.2867E-05
0.1096 -0.4939E-01
0.1172 -0.3316
150.0 0.3012E-05
0.1461 -0.3866E-01
0.9330E-01 -0.3443
151.0 0.3091E-05
0.1921 -0.3019E-01
0.6620E-01 -0.3506
152.0 0.3090E-05
0.2448 -0.2493E-01
0.3675E-01 -0.3508
153.0 0.3002E-05
0.3028 -0.2328E-01
0.5730E-02 -0.3451
154.0 0.2829E-05
0.3655 -0.2532E-01
-0.2604E-01 -0.3329
155.0 0.2595E-05
0.4310 -0.3061E-01
-0.5762E-01 -0.3140
156.0 0.2336E-05
0.4915 -0.3760E-01
-0.8760E-01 -0.2880
157.0 0.2100E-05
0.5306 -0.4310E-01
-0.1141 -0.2567
158.0 0.1931E-05
0.5242 -0.4294E-01
-0.1353 -0.2247
159.0 0.1870E-05
0.4551 -0.3558E-01
-0.1501 -0.2004
160.0 0.1950E-05
0.3346 -0.2625E-01
-0.1590 -0.1917
161.0 0.2194E-05
0.2055 -0.2455E-01
-0.1628 -0.1994
162.0 0.2611E-05
0.1096 -0.3590E-01
-0.1622 -0.2166
163.0 0.3188E-05
0.6264E-01 -0.5813E-01
-0.1576 -0.2351
164.0 0.3894E-05
0.5859E-01 -0.8566E-01
-0.1496 -0.2501
165.0 0.4681E-05
0.8523E-01 -0.1137
-0.1387 -0.2603
166.0 0.5496E-05
0.1319 -0.1393
-0.1253 -0.2659
167.0 0.6289E-05
0.1905 -0.1610
-0.1101 -0.2676
168.0 0.7012E-05
0.2551 -0.1779
-0.9353E-01 -0.2660
169.0 0.7621E-05
0.3217 -0.1893
-0.7599E-01 -0.2612
170.0 0.8071E-05
0.3875 -0.1946
-0.5793E-01 -0.2531
171.0 0.8329E-05
0.4510 -0.1927
-0.3968E-01 -0.2410
172.0 0.8385E-05
0.5103 -0.1825
-0.2155E-01 -0.2243
173.0 0.8252E-05
0.5616 -0.1625
-0.4072E-02 -0.2024
174.0 0.7964E-05
0.5985 -0.1316
0.1186E-01 -0.1752
175.0 0.7570E-05
0.6114 -0.8957E-01
0.2487E-01 -0.1428
176.0 0.7122E-05
0.5884 -0.3792E-01
0.3327E-01 -0.1065
177.0 0.6675E-05
0.5179 0.1901E-01
0.3533E-01 -0.6887E-01
178.0 0.6290E-05
0.3918 0.7323E-01
0.2987E-01 -0.3433E-01
179.0 0.6028E-05
0.2127 0.1134
0.1722E-01 -0.9270E-02
180.0 0.5934E-05
0.000 0.1284
0.000 0.000
