0.000 4.916
0.000 -1.414
0.000 0.000
1.000 5.026
-0.1130 -1.319
-0.3398 -0.3876E-01
2.000 5.328
-0.2001 -1.072
-0.6046 -0.1396
3.000 5.745
-0.2503 -0.7542
-0.7618 -0.2694
4.000 6.165
-0.2668 -0.4356
-0.8212 -0.3995
5.000 6.467
-0.2588 -0.1537
-0.8102 -0.5146
6.000 6.547
-0.2351 0.8034E-01
-0.7545 -0.6101
7.000 6.339
-0.2015 0.2689
-0.6716 -0.6871
8.000 5.829
-0.1610 0.4188
-0.5713 -0.7483
9.000 5.060
-0.1147 0.5363
-0.4572 -0.7963
10.00 4.117
-0.6195E-01 0.6252
-0.3279 -0.8326
11.00 3.114
-0.1081E-02 0.6845
-0.1777 -0.8568
12.00 2.168
0.6994E-01 0.7036
0.4619E-02 -0.8646
13.00 1.374
0.1501 0.6502
0.2363 -0.8428
14.00 0.7902
0.2207 0.4404
0.5302 -0.7571
15.00 0.4309
0.1914 -0.9184E-01
0.8171 -0.5398
16.00 0.2705
-0.1365 -0.9058
0.7266 -0.2075
17.00 0.2557
-0.5948 -1.118
0.8253E-01 -0.1210
18.00 0.3216
-0.7407 -0.6450
-0.3803 -0.3140
19.00 0.4083
-0.6885 -0.1660
-0.5025 -0.5096
20.00 0.4717
-0.5894 0.1672
-0.4709 -0.6456
21.00 0.4892
-0.4833 0.3931
-0.3805 -0.7378
22.00 0.4584
-0.3719 0.5491
-0.2617 -0.8015
23.00 0.3907
-0.2474 0.6518
-0.1220 -0.8434
24.00 0.3048
-0.9820E-01 0.6992
0.3863E-01 -0.8628
25.00 0.2188
0.8809E-01 0.6668
0.2195 -0.8495
26.00 0.1461
0.3163 0.4981
0.4078 -0.7807
27.00 0.9339E-01
0.5526 0.1028
0.5528 -0.6192
28.00 0.6129E-01
0.6583 -0.5590
0.5369 -0.3490
29.00 0.4606E-01
0.4204 -1.220
0.2680 -0.7892E-01
30.00 0.4209E-01
-0.9945E-01 -1.403
-0.7627E-01 -0.4493E-02
31.00 0.4384E-01
-0.5577 -1.114
-0.2314 -0.1226
32.00 0.4707E-01
-0.8017 -0.6946
-0.1718 -0.2936
33.00 0.4927E-01
-0.8657 -0.3467
0.1771E-01 -0.4357
34.00 0.4958E-01
-0.8035 -0.1330
0.2678 -0.5229
35.00 0.4830E-01
-0.6484 -0.7434E-01
0.5266 -0.5468
36.00 0.4637E-01
-0.4276 -0.1787
0.7393 -0.5042
37.00 0.4483E-01
-0.1810 -0.4291
0.8445 -0.4020
38.00 0.4453E-01
0.3367E-01 -0.7633
0.7979 -0.2656
39.00 0.4589E-01
0.1629 -1.083
0.6067 -0.1349
40.00 0.4889E-01
0.1872 -1.306
0.3319 -0.4412E-01
41.00 0.5309E-01
0.1261 -1.401
0.4890E-01 -0.5275E-02
42.00 0.5778E-01
0.1598E-01 -1.388
-0.1913 -0.1074E-01
43.00 0.6217E-01
-0.1118 -1.303
-0.3697 -0.4542E-01
44.00 0.6550E-01
-0.2379 -1.180
-0.4878 -0.9558E-01
45.00 0.6721E-01
-0.3531 -1.043
-0.5554 -0.1516
46.00 0.6700E-01
-0.4542 -0.9061
-0.5830 -0.2074
47.00 0.6484E-01
-0.5411 -0.7786
-0.5801 -0.2594
48.00 0.6091E-01
-0.6148 -0.6658
-0.5538 -0.3055
49.00 0.5561E-01
-0.6766 -0.5714
-0.5101 -0.3440
50.00 0.4941E-01
-0.7276 -0.4991
-0.4541 -0.3735
51.00 0.4282E-01
-0.7683 -0.4523
-0.3910 -0.3926
52.00 0.3632E-01
-0.7988 -0.4345
-0.3273 -0.3999
53.00 0.3031E-01
-0.8184 -0.4478
-0.2719 -0.3944
54.00 0.2507E-01
-0.8251 -0.4908
-0.2368 -0.3768
55.00 0.2078E-01
-0.8167 -0.5541
-0.2358 -0.3509
56.00 0.1749E-01
-0.7903 -0.6164
-0.2803 -0.3255
57.00 0.1514E-01
-0.7447 -0.6459
-0.3708 -0.3134
58.00 0.1362E-01
-0.6811 -0.6117
-0.4905 -0.3273
59.00 0.1274E-01
-0.6029 -0.5010
-0.6089 -0.3725
60.00 0.1232E-01
-0.5139 -0.3259
-0.6958 -0.4440
61.00 0.1217E-01
-0.4159 -0.1148
-0.7333 -0.5302
62.00 0.1216E-01
-0.3089 0.1021
-0.7176 -0.6188
63.00 0.1219E-01
-0.1920 0.3000
-0.6537 -0.6995
64.00 0.1221E-01
-0.6512E-01 0.4608
-0.5501 -0.7652
65.00 0.1221E-01
0.6990E-01 0.5716
-0.4167 -0.8105
66.00 0.1220E-01
0.2086 0.6234
-0.2636 -0.8316
67.00 0.1219E-01
0.3438 0.6114
-0.1017 -0.8267
68.00 0.1223E-01
0.4668 0.5366
0.5761E-01 -0.7962
69.00 0.1232E-01
0.5682 0.4065
0.2039 -0.7431
70.00 0.1249E-01
0.6409 0.2346
0.3289 -0.6730
71.00 0.1274E-01
0.6811 0.3876E-01
0.4279 -0.5930
72.00 0.1305E-01
0.6893 -0.1629
0.5002 -0.5107
73.00 0.1341E-01
0.6699 -0.3549
0.5485 -0.4323
74.00 0.1378E-01
0.6294 -0.5262
0.5775 -0.3624
75.00 0.1414E-01
0.5755 -0.6711
0.5925 -0.3033
76.00 0.1445E-01
0.5149 -0.7881
0.5986 -0.2555
77.00 0.1470E-01
0.4533 -0.8791
0.5997 -0.2184
78.00 0.1487E-01
0.3950 -0.9472
0.5986 -0.1906
79.00 0.1494E-01
0.3428 -0.9964
0.5968 -0.1705
80.00 0.1494E-01
0.2983 -1.031
0.5952 -0.1564
81.00 0.1487E-01
0.2625 -1.055
0.5938 -0.1468
82.00 0.1473E-01
0.2355 -1.071
0.5922 -0.1402
83.00 0.1456E-01
0.2170 -1.083
0.5896 -0.1353
84.00 0.1435E-01
0.2058 -1.093
0.5849 -0.1310
85.00 0.1413E-01
0.2001 -1.104
0.5773 -0.1265
86.00 0.1389E-01
0.1980 -1.117
0.5663 -0.1211
87.00 0.1364E-01
0.1969 -1.134
0.5516 -0.1144
88.00 0.1336E-01
0.1946 -1.153
0.5337 -0.1065
89.00 0.1305E-01
0.1892 -1.175
0.5134 -0.9779E-01
90.00 0.1271E-01
0.1796 -1.197
0.4920 -0.8858E-01
91.00 0.1230E-01
0.1652 -1.219
0.4706 -0.7945E-01
92.00 0.1184E-01
0.1460 -1.240
0.4504 -0.7089E-01
93.00 0.1132E-01
0.1228 -1.259
0.4323 -0.6330E-01
94.00 0.1073E-01
0.9612E-01 -1.274
0.4168 -0.5697E-01
95.00 0.1009E-01
0.6706E-01 -1.286
0.4045 -0.5210E-01
96.00 0.9404E-02
0.3659E-01 -1.294
0.3956 -0.4877E-01
97.00 0.8696E-02
0.5772E-02 -1.299
0.3903 -0.4703E-01
98.00 0.7984E-02
-0.2423E-01 -1.299
0.3884 -0.4680E-01
99.00 0.7284E-02
-0.5220E-01 -1.296
0.3899 -0.4792E-01
100.0 0.6611E-02
-0.7694E-01 -1.291
0.3941 -0.5012E-01
101.0 0.5976E-02
-0.9745E-01 -1.284
0.4003 -0.5298E-01
102.0 0.5384E-02
-0.1132 -1.276
0.4073 -0.5603E-01
103.0 0.4838E-02
-0.1242 -1.270
0.4137 -0.5876E-01
104.0 0.4334E-02
-0.1312 -1.265
0.4186 -0.6079E-01
105.0 0.3870E-02
-0.1355 -1.262
0.4208 -0.6191E-01
106.0 0.3441E-02
-0.1385 -1.261
0.4204 -0.6216E-01
107.0 0.3044E-02
-0.1418 -1.262
0.4175 -0.6180E-01
108.0 0.2675E-02
-0.1464 -1.263
0.4134 -0.6126E-01
109.0 0.2333E-02
-0.1528 -1.263
0.4095 -0.6105E-01
110.0 0.2017E-02
-0.1605 -1.261
0.4079 -0.6170E-01
111.0 0.1730E-02
-0.1679 -1.256
0.4104 -0.6357E-01
112.0 0.1472E-02
-0.1725 -1.248
0.4187 -0.6688E-01
113.0 0.1247E-02
-0.1705 -1.236
0.4335 -0.7149E-01
114.0 0.1054E-02
-0.1575 -1.222
0.4540 -0.7691E-01
115.0 0.8943E-03
-0.1290 -1.208
0.4771 -0.8218E-01
116.0 0.7648E-03
-0.8186E-01 -1.198
0.4967 -0.8601E-01
117.0 0.6615E-03
-0.1647E-01 -1.194
0.5051 -0.8716E-01
118.0 0.5786E-03
0.6274E-01 -1.198
0.4943 -0.8491E-01
119.0 0.5099E-03
0.1481 -1.210
0.4587 -0.7947E-01
120.0 0.4495E-03
0.2310 -1.227
0.3962 -0.7194E-01
121.0 0.3927E-03
0.3039 -1.244
0.3075 -0.6410E-01
122.0 0.3367E-03
0.3609 -1.256
0.1943 -0.5804E-01
123.0 0.2806E-03
0.3969 -1.257
0.5833E-01 -0.5609E-01
124.0 0.2255E-03
0.4052 -1.240
-0.9957E-01 -0.6099E-01
125.0 0.1740E-03
0.3735 -1.195
-0.2772 -0.7619E-01
126.0 0.1299E-03
0.2788 -1.111
-0.4634 -0.1054
127.0 0.9673E-04
0.8926E-01 -0.9900
-0.6164 -0.1482
128.0 0.7767E-04
-0.1926 -0.8766
-0.6441 -0.1876
129.0 0.7455E-04
-0.4441 -0.8703
-0.4886 -0.1881
130.0 0.8743E-04
-0.5234 -0.9859
-0.2807 -0.1452
131.0 0.1145E-03
-0.4728 -1.120
-0.1727 -0.9700E-01
132.0 0.1521E-03
-0.3956 -1.206
-0.1724 -0.6721E-01
133.0 0.1955E-03
-0.3386 -1.236
-0.2347 -0.5840E-01
134.0 0.2396E-03
-0.3103 -1.219
-0.3263 -0.6788E-01
135.0 0.2800E-03
-0.3082 -1.159
-0.4286 -0.9399E-01
136.0 0.3137E-03
-0.3282 -1.056
-0.5290 -0.1366
137.0 0.3397E-03
-0.3669 -0.9120
-0.6156 -0.1961
138.0 0.3590E-03
-0.4207 -0.7273
-0.6742 -0.2718
139.0 0.3746E-03
-0.4850 -0.5118
-0.6892 -0.3599
140.0 0.3902E-03
-0.5534 -0.2859
-0.6473 -0.4523
141.0 0.4095E-03
-0.6183 -0.7972E-01
-0.5447 -0.5366
142.0 0.4353E-03
-0.6728 0.7518E-01
-0.3926 -0.6001
143.0 0.4690E-03
-0.7137 0.1578
-0.2149 -0.6342
144.0 0.5096E-03
-0.7414 0.1649
-0.3988E-01 -0.6375
145.0 0.5549E-03
-0.7595 0.1084
0.1095 -0.6149
146.0 0.6008E-03
-0.7722 0.7711E-02
0.2200 -0.5741
147.0 0.6428E-03
-0.7829 -0.1173
0.2867 -0.5234
148.0 0.6765E-03
-0.7933 -0.2500
0.3105 -0.4694
149.0 0.6984E-03
-0.8038 -0.3774
0.2945 -0.4174
150.0 0.7065E-03
-0.8136 -0.4891
0.2431 -0.3717
151.0 0.7010E-03
-0.8211 -0.5756
0.1610 -0.3362
152.0 0.6840E-03
-0.8243 -0.6275
0.5410E-01 -0.3147
153.0 0.6598E-03
-0.8209 -0.6351
-0.6907E-01 -0.3112
154.0 0.6342E-03
-0.8093 -0.5899
-0.1957 -0.3291
155.0 0.6137E-03
-0.7892 -0.4890
-0.3075 -0.3699
156.0 0.6044E-03
-0.7629 -0.3409
-0.3835 -0.4300
157.0 0.6110E-03
-0.7355 -0.1684
-0.4074 -0.5003
158.0 0.6359E-03
-0.7128 -0.3408E-02
-0.3758 -0.5679
159.0 0.6785E-03
-0.6989 0.1268
-0.3007 -0.6213
160.0 0.7353E-03
-0.6949 0.2090
-0.2018 -0.6554
161.0 0.8006E-03
-0.6988 0.2446
-0.9734E-01 -0.6703
162.0 0.8677E-03
-0.7076 0.2426
0.1465E-02 -0.6699
163.0 0.9297E-03
-0.7184 0.2135
0.9012E-01 -0.6583
164.0 0.9816E-03
-0.7290 0.1652
0.1686 -0.6388
165.0 0.1021E-02
-0.7375 0.1025
0.2389 -0.6133
166.0 0.1047E-02
-0.7423 0.2705E-01
0.3035 -0.5826
167.0 0.1064E-02
-0.7419 -0.6180E-01
0.3640 -0.5463
168.0 0.1077E-02
-0.7345 -0.1661
0.4200 -0.5037
169.0 0.1092E-02
-0.7182 -0.2876
0.4692 -0.4541
170.0 0.1116E-02
-0.6913 -0.4259
0.5070 -0.3977
171.0 0.1155E-02
-0.6524 -0.5771
0.5280 -0.3361
172.0 0.1210E-02
-0.6018 -0.7337
0.5281 -0.2723
173.0 0.1283E-02
-0.5406 -0.8860
0.5057 -0.2104
174.0 0.1371E-02
-0.4713 -1.025
0.4626 -0.1539
175.0 0.1469E-02
-0.3965 -1.144
0.4030 -0.1055
176.0 0.1568E-02
-0.3185 -1.241
0.3317 -0.6629E-01
177.0 0.1658E-02
-0.2390 -1.314
0.2530 -0.3660E-01
178.0 0.1731E-02
-0.1593 -1.365
0.1703 -0.1601E-01
179.0 0.1779E-02
-0.7956E-01 -1.395
0.8553E-01 -0.3962E-02
180.0 0.1795E-02
0.000 -1.404
0.000 0.000
