0.000 1.964
0.000 -0.2083
0.000 0.000
1.000 1.955
0.2389E-01 -0.2029
-0.2138E-01 0.8606E-03
2.000 1.933
0.4548E-01 -0.1863
-0.4429E-01 0.3122E-02
3.000 1.908
0.6303E-01 -0.1571
-0.6960E-01 0.5775E-02
4.000 1.896
0.7577E-01 -0.1147
-0.9684E-01 0.7095E-02
5.000 1.915
0.8392E-01 -0.6056E-01
-0.1237 0.4991E-02
6.000 1.985
0.8842E-01 -0.9699E-04
-0.1465 -0.2055E-02
7.000 2.113
0.9045E-01 0.5853E-01
-0.1623 -0.1394E-01
8.000 2.300
0.9101E-01 0.1081
-0.1701 -0.2880E-01
9.000 2.533
0.9085E-01 0.1453
-0.1715 -0.4406E-01
10.00 2.793
0.9057E-01 0.1711
-0.1689 -0.5757E-01
11.00 3.061
0.9081E-01 0.1886
-0.1648 -0.6811E-01
12.00 3.316
0.9221E-01 0.2014
-0.1603 -0.7524E-01
13.00 3.544
0.9534E-01 0.2124
-0.1559 -0.7913E-01
14.00 3.732
0.1006 0.2236
-0.1513 -0.8029E-01
15.00 3.863
0.1082 0.2360
-0.1461 -0.7946E-01
16.00 3.925
0.1182 0.2499
-0.1398 -0.7746E-01
17.00 3.902
0.1304 0.2650
-0.1317 -0.7504E-01
18.00 3.791
0.1451 0.2805
-0.1213 -0.7289E-01
19.00 3.595
0.1624 0.2954
-0.1083 -0.7147E-01
20.00 3.330
0.1825 0.3086
-0.9194E-01 -0.7106E-01
21.00 3.022
0.2057 0.3187
-0.7199E-01 -0.7164E-01
22.00 2.696
0.2318 0.3247
-0.4824E-01 -0.7275E-01
23.00 2.375
0.2606 0.3257
-0.2094E-01 -0.7340E-01
24.00 2.076
0.2911 0.3219
0.9153E-02 -0.7205E-01
25.00 1.807
0.3218 0.3146
0.4086E-01 -0.6679E-01
26.00 1.572
0.3501 0.3059
0.7271E-01 -0.5578E-01
27.00 1.369
0.3731 0.2984
0.1032 -0.3770E-01
28.00 1.197
0.3866 0.2941
0.1309 -0.1231E-01
29.00 1.052
0.3864 0.2938
0.1544 0.1931E-01
30.00 0.9342
0.3687 0.2970
0.1725 0.5467E-01
31.00 0.8400
0.3318 0.3023
0.1843 0.9028E-01
32.00 0.7663
0.2778 0.3074
0.1895 0.1226
33.00 0.7097
0.2124 0.3108
0.1889 0.1490
34.00 0.6660
0.1438 0.3118
0.1839 0.1688
35.00 0.6315
0.8028E-01 0.3107
0.1764 0.1828
36.00 0.6032
0.2801E-01 0.3084
0.1678 0.1929
37.00 0.5787
-0.9283E-02 0.3060
0.1592 0.2012
38.00 0.5567
-0.3038E-01 0.3044
0.1510 0.2097
39.00 0.5361
-0.3587E-01 0.3044
0.1434 0.2195
40.00 0.5164
-0.2747E-01 0.3069
0.1361 0.2314
41.00 0.4973
-0.7658E-02 0.3123
0.1290 0.2454
42.00 0.4789
0.2058E-01 0.3208
0.1217 0.2611
43.00 0.4612
0.5373E-01 0.3321
0.1141 0.2773
44.00 0.4446
0.8782E-01 0.3452
0.1062 0.2925
45.00 0.4294
0.1188 0.3586
0.9795E-01 0.3051
46.00 0.4153
0.1432 0.3706
0.8985E-01 0.3138
47.00 0.4020
0.1588 0.3798
0.8247E-01 0.3182
48.00 0.3887
0.1653 0.3853
0.7645E-01 0.3184
49.00 0.3745
0.1638 0.3871
0.7233E-01 0.3156
50.00 0.3588
0.1565 0.3859
0.7047E-01 0.3111
51.00 0.3411
0.1457 0.3825
0.7093E-01 0.3063
52.00 0.3216
0.1336 0.3775
0.7358E-01 0.3023
53.00 0.3008
0.1216 0.3714
0.7816E-01 0.2999
54.00 0.2793
0.1107 0.3641
0.8428E-01 0.2993
55.00 0.2578
0.1015 0.3556
0.9154E-01 0.3007
56.00 0.2369
0.9446E-01 0.3455
0.9956E-01 0.3039
57.00 0.2170
0.8984E-01 0.3332
0.1079 0.3089
58.00 0.1983
0.8789E-01 0.3185
0.1162 0.3153
59.00 0.1812
0.8859E-01 0.3010
0.1239 0.3230
60.00 0.1657
0.9142E-01 0.2805
0.1306 0.3311
61.00 0.1521
0.9540E-01 0.2568
0.1359 0.3389
62.00 0.1403
0.9919E-01 0.2302
0.1395 0.3453
63.00 0.1302
0.1015 0.2015
0.1415 0.3493
64.00 0.1215
0.1018 0.1717
0.1425 0.3505
65.00 0.1139
0.9989E-01 0.1423
0.1428 0.3491
66.00 0.1070
0.9659E-01 0.1142
0.1432 0.3457
67.00 0.1006
0.9274E-01 0.8839E-01
0.1438 0.3414
68.00 0.9447E-01
0.8909E-01 0.6529E-01
0.1449 0.3368
69.00 0.8849E-01
0.8602E-01 0.4503E-01
0.1465 0.3328
70.00 0.8265E-01
0.8361E-01 0.2751E-01
0.1485 0.3295
71.00 0.7692E-01
0.8182E-01 0.1250E-01
0.1511 0.3270
72.00 0.7131E-01
0.8073E-01 -0.2340E-03
0.1542 0.3251
73.00 0.6583E-01
0.8059E-01 -0.1097E-01
0.1581 0.3236
74.00 0.6051E-01
0.8183E-01 -0.2001E-01
0.1625 0.3224
75.00 0.5539E-01
0.8476E-01 -0.2769E-01
0.1674 0.3214
76.00 0.5055E-01
0.8939E-01 -0.3450E-01
0.1721 0.3206
77.00 0.4604E-01
0.9527E-01 -0.4096E-01
0.1762 0.3197
78.00 0.4191E-01
0.1015 -0.4758E-01
0.1793 0.3185
79.00 0.3819E-01
0.1070 -0.5476E-01
0.1813 0.3169
80.00 0.3483E-01
0.1109 -0.6260E-01
0.1822 0.3146
81.00 0.3179E-01
0.1130 -0.7094E-01
0.1826 0.3118
82.00 0.2901E-01
0.1133 -0.7942E-01
0.1827 0.3088
83.00 0.2644E-01
0.1125 -0.8756E-01
0.1829 0.3059
84.00 0.2405E-01
0.1110 -0.9499E-01
0.1830 0.3035
85.00 0.2182E-01
0.1092 -0.1016
0.1826 0.3018
86.00 0.1974E-01
0.1071 -0.1075
0.1811 0.3009
87.00 0.1782E-01
0.1042 -0.1133
0.1782 0.3004
88.00 0.1603E-01
0.1000 -0.1197
0.1737 0.2998
89.00 0.1438E-01
0.9421E-01 -0.1274
0.1678 0.2982
90.00 0.1286E-01
0.8655E-01 -0.1370
0.1609 0.2946
91.00 0.1147E-01
0.7708E-01 -0.1489
0.1536 0.2880
92.00 0.1021E-01
0.6599E-01 -0.1630
0.1465 0.2776
93.00 0.9081E-02
0.5350E-01 -0.1788
0.1402 0.2628
94.00 0.8087E-02
0.3981E-01 -0.1953
0.1353 0.2437
95.00 0.7224E-02
0.2504E-01 -0.2113
0.1322 0.2209
96.00 0.6482E-02
0.9265E-02 -0.2251
0.1314 0.1956
97.00 0.5845E-02
-0.7360E-02 -0.2351
0.1330 0.1694
98.00 0.5293E-02
-0.2460E-01 -0.2400
0.1372 0.1444
99.00 0.4804E-02
-0.4211E-01 -0.2394
0.1438 0.1220
100.0 0.4360E-02
-0.5954E-01 -0.2332
0.1523 0.1034
101.0 0.3951E-02
-0.7653E-01 -0.2218
0.1618 0.8849E-01
102.0 0.3573E-02
-0.9280E-01 -0.2057
0.1709 0.7687E-01
103.0 0.3228E-02
-0.1081 -0.1859
0.1780 0.6745E-01
104.0 0.2918E-02
-0.1221 -0.1631
0.1813 0.5899E-01
105.0 0.2647E-02
-0.1343 -0.1385
0.1795 0.5041E-01
106.0 0.2415E-02
-0.1437 -0.1123
0.1721 0.4108E-01
107.0 0.2223E-02
-0.1491 -0.8385E-01
0.1594 0.3108E-01
108.0 0.2067E-02
-0.1490 -0.5125E-01
0.1425 0.2134E-01
109.0 0.1944E-02
-0.1427 -0.1236E-01
0.1231 0.1345E-01
110.0 0.1848E-02
-0.1304 0.3428E-01
0.1027 0.9139E-02
111.0 0.1772E-02
-0.1137 0.8836E-01
0.8222E-01 0.9641E-02
112.0 0.1714E-02
-0.9531E-01 0.1472
0.6243E-01 0.1522E-01
113.0 0.1671E-02
-0.7798E-01 0.2062
0.4398E-01 0.2507E-01
114.0 0.1640E-02
-0.6374E-01 0.2594
0.2785E-01 0.3762E-01
115.0 0.1618E-02
-0.5290E-01 0.3017
0.1542E-01 0.5097E-01
116.0 0.1600E-02
-0.4376E-01 0.3296
0.8126E-02 0.6331E-01
117.0 0.1584E-02
-0.3304E-01 0.3420
0.7135E-02 0.7306E-01
118.0 0.1570E-02
-0.1707E-01 0.3397
0.1289E-01 0.7890E-01
119.0 0.1562E-02
0.6924E-02 0.3248
0.2477E-01 0.7989E-01
120.0 0.1565E-02
0.3961E-01 0.3012
0.4097E-01 0.7589E-01
121.0 0.1584E-02
0.7897E-01 0.2734
0.5871E-01 0.6800E-01
122.0 0.1618E-02
0.1208 0.2464
0.7508E-01 0.5847E-01
123.0 0.1668E-02
0.1601 0.2240
0.8783E-01 0.5006E-01
124.0 0.1730E-02
0.1921 0.2086
0.9583E-01 0.4530E-01
125.0 0.1798E-02
0.2134 0.2011
0.9904E-01 0.4572E-01
126.0 0.1867E-02
0.2222 0.2007
0.9818E-01 0.5166E-01
127.0 0.1927E-02
0.2183 0.2056
0.9434E-01 0.6224E-01
128.0 0.1971E-02
0.2025 0.2138
0.8871E-01 0.7566E-01
129.0 0.1994E-02
0.1769 0.2230
0.8252E-01 0.8948E-01
130.0 0.1989E-02
0.1442 0.2315
0.7706E-01 0.1011
131.0 0.1957E-02
0.1081 0.2385
0.7376E-01 0.1082
132.0 0.1896E-02
0.7289E-01 0.2440
0.7425E-01 0.1090
133.0 0.1810E-02
0.4346E-01 0.2491
0.8026E-01 0.1024
134.0 0.1708E-02
0.2483E-01 0.2554
0.9335E-01 0.8797E-01
135.0 0.1605E-02
0.2161E-01 0.2646
0.1142 0.6618E-01
136.0 0.1516E-02
0.3671E-01 0.2779
0.1417 0.3874E-01
137.0 0.1460E-02
0.6925E-01 0.2949
0.1714 0.9421E-02
138.0 0.1450E-02
0.1130 0.3134
0.1965 -0.1630E-01
139.0 0.1491E-02
0.1578 0.3298
0.2103 -0.3338E-01
140.0 0.1578E-02
0.1946 0.3410
0.2101 -0.3969E-01
141.0 0.1701E-02
0.2187 0.3457
0.1977 -0.3653E-01
142.0 0.1842E-02
0.2302 0.3446
0.1772 -0.2700E-01
143.0 0.1980E-02
0.2315 0.3393
0.1528 -0.1428E-01
144.0 0.2094E-02
0.2253 0.3317
0.1272 -0.8125E-03
145.0 0.2165E-02
0.2139 0.3229
0.1021 0.1158E-01
146.0 0.2181E-02
0.1988 0.3139
0.7766E-01 0.2132E-01
147.0 0.2139E-02
0.1810 0.3053
0.5388E-01 0.2667E-01
148.0 0.2043E-02
0.1614 0.2980
0.3046E-01 0.2554E-01
149.0 0.1905E-02
0.1412 0.2932
0.7367E-02 0.1539E-01
150.0 0.1743E-02
0.1222 0.2932
-0.1477E-01 -0.6651E-02
151.0 0.1578E-02
0.1071 0.3007
-0.3426E-01 -0.4328E-01
152.0 0.1433E-02
0.9991E-01 0.3187
-0.4799E-01 -0.9550E-01
153.0 0.1329E-02
0.1052 0.3479
-0.5197E-01 -0.1598
154.0 0.1283E-02
0.1262 0.3848
-0.4350E-01 -0.2262
155.0 0.1303E-02
0.1618 0.4208
-0.2412E-01 -0.2806
156.0 0.1389E-02
0.2067 0.4470
0.2317E-03 -0.3132
157.0 0.1532E-02
0.2538 0.4584
0.2296E-01 -0.3235
158.0 0.1718E-02
0.2980 0.4555
0.4021E-01 -0.3175
159.0 0.1926E-02
0.3366 0.4414
0.5127E-01 -0.3024
160.0 0.2138E-02
0.3686 0.4197
0.5716E-01 -0.2834
161.0 0.2331E-02
0.3934 0.3931
0.5944E-01 -0.2635
162.0 0.2488E-02
0.4109 0.3637
0.5948E-01 -0.2438
163.0 0.2597E-02
0.4204 0.3326
0.5834E-01 -0.2244
164.0 0.2652E-02
0.4210 0.3001
0.5675E-01 -0.2052
165.0 0.2655E-02
0.4112 0.2666
0.5524E-01 -0.1855
166.0 0.2611E-02
0.3893 0.2322
0.5425E-01 -0.1651
167.0 0.2532E-02
0.3537 0.1978
0.5423E-01 -0.1437
168.0 0.2428E-02
0.3031 0.1646
0.5563E-01 -0.1212
169.0 0.2310E-02
0.2374 0.1345
0.5884E-01 -0.9812E-01
170.0 0.2191E-02
0.1579 0.1101
0.6403E-01 -0.7533E-01
171.0 0.2077E-02
0.6888E-01 0.9458E-01
0.7093E-01 -0.5411E-01
172.0 0.1975E-02
-0.2303E-01 0.9108E-01
0.7868E-01 -0.3579E-01
173.0 0.1884E-02
-0.1089 0.1019
0.8585E-01 -0.2126E-01
174.0 0.1802E-02
-0.1794 0.1274
0.9059E-01 -0.1080E-01
175.0 0.1730E-02
-0.2256 0.1657
0.9096E-01 -0.4078E-02
176.0 0.1667E-02
-0.2409 0.2121
0.8530E-01 -0.4528E-03
177.0 0.1616E-02
-0.2219 0.2599
0.7260E-01 0.8789E-03
178.0 0.1578E-02
-0.1700 0.3012
0.5303E-01 0.8142E-03
179.0 0.1555E-02
-0.9210E-01 0.3292
0.2801E-01 0.2752E-03
180.0 0.1548E-02
0.000 0.3390
0.000 0.000
