0.000 1.484
0.000 -0.3055E-01
0.000 0.000
1.000 1.471
-0.8219E-01 -0.2808E-01
-0.2436E-01 -0.1220E-02
2.000 1.438
-0.1602 -0.2035E-01
-0.4994E-01 -0.5012E-02
3.000 1.394
-0.2285 -0.6533E-02
-0.7740E-01 -0.1167E-01
4.000 1.352
-0.2795 0.1422E-01
-0.1062 -0.2138E-01
5.000 1.325
-0.3051 0.4193E-01
-0.1345 -0.3376E-01
6.000 1.327
-0.3010 0.7499E-01
-0.1592 -0.4755E-01
7.000 1.361
-0.2701 0.1101
-0.1777 -0.6089E-01
8.000 1.428
-0.2227 0.1437
-0.1891 -0.7200E-01
9.000 1.523
-0.1711 0.1730
-0.1942 -0.7996E-01
10.00 1.635
-0.1250 0.1970
-0.1950 -0.8486E-01
11.00 1.754
-0.8944E-01 0.2160
-0.1934 -0.8739E-01
12.00 1.869
-0.6493E-01 0.2311
-0.1904 -0.8845E-01
13.00 1.968
-0.4964E-01 0.2434
-0.1864 -0.8880E-01
14.00 2.040
-0.4066E-01 0.2539
-0.1815 -0.8900E-01
15.00 2.075
-0.3496E-01 0.2635
-0.1754 -0.8939E-01
16.00 2.065
-0.2994E-01 0.2731
-0.1678 -0.9009E-01
17.00 2.005
-0.2353E-01 0.2830
-0.1584 -0.9113E-01
18.00 1.895
-0.1416E-01 0.2938
-0.1469 -0.9246E-01
19.00 1.743
-0.6486E-03 0.3058
-0.1330 -0.9393E-01
20.00 1.560
0.1786E-01 0.3191
-0.1164 -0.9531E-01
21.00 1.361
0.4192E-01 0.3337
-0.9667E-01 -0.9621E-01
22.00 1.160
0.7165E-01 0.3493
-0.7344E-01 -0.9598E-01
23.00 0.9704
0.1066 0.3651
-0.4664E-01 -0.9361E-01
24.00 0.7994
0.1455 0.3802
-0.1656E-01 -0.8765E-01
25.00 0.6524
0.1860 0.3929
0.1582E-01 -0.7619E-01
26.00 0.5308
0.2241 0.4006
0.4850E-01 -0.5706E-01
27.00 0.4341
0.2546 0.4006
0.7822E-01 -0.2835E-01
28.00 0.3602
0.2710 0.3895
0.1004 0.1055E-01
29.00 0.3064
0.2675 0.3653
0.1102 0.5764E-01
30.00 0.2698
0.2420 0.3288
0.1039 0.1074
31.00 0.2472
0.1991 0.2850
0.8209E-01 0.1521
32.00 0.2353
0.1493 0.2416
0.4950E-01 0.1847
33.00 0.2307
0.1047 0.2059
0.1342E-01 0.2024
34.00 0.2303
0.7386E-01 0.1819
-0.1991E-01 0.2067
35.00 0.2311
0.5980E-01 0.1700
-0.4705E-01 0.2015
36.00 0.2308
0.6139E-01 0.1682
-0.6714E-01 0.1904
37.00 0.2281
0.7536E-01 0.1733
-0.8075E-01 0.1763
38.00 0.2226
0.9774E-01 0.1820
-0.8895E-01 0.1607
39.00 0.2146
0.1246 0.1912
-0.9273E-01 0.1445
40.00 0.2046
0.1524 0.1982
-0.9287E-01 0.1283
41.00 0.1935
0.1782 0.2011
-0.8990E-01 0.1128
42.00 0.1817
0.2003 0.1987
-0.8430E-01 0.9878E-01
43.00 0.1696
0.2178 0.1908
-0.7646E-01 0.8733E-01
44.00 0.1573
0.2307 0.1778
-0.6689E-01 0.7925E-01
45.00 0.1451
0.2395 0.1605
-0.5611E-01 0.7507E-01
46.00 0.1330
0.2447 0.1394
-0.4473E-01 0.7490E-01
47.00 0.1214
0.2466 0.1151
-0.3337E-01 0.7846E-01
48.00 0.1104
0.2450 0.8818E-01
-0.2261E-01 0.8512E-01
49.00 0.1002
0.2401 0.5946E-01
-0.1293E-01 0.9404E-01
50.00 0.9095E-01
0.2321 0.3021E-01
-0.4631E-02 0.1043
51.00 0.8271E-01
0.2216 0.1866E-02
0.2235E-02 0.1150
52.00 0.7538E-01
0.2095 -0.2422E-01
0.7818E-02 0.1254
53.00 0.6888E-01
0.1968 -0.4723E-01
0.1241E-01 0.1349
54.00 0.6310E-01
0.1840 -0.6700E-01
0.1634E-01 0.1429
55.00 0.5798E-01
0.1716 -0.8391E-01
0.1991E-01 0.1492
56.00 0.5344E-01
0.1600 -0.9857E-01
0.2337E-01 0.1537
57.00 0.4939E-01
0.1496 -0.1115
0.2692E-01 0.1566
58.00 0.4573E-01
0.1415 -0.1228
0.3075E-01 0.1585
59.00 0.4234E-01
0.1366 -0.1324
0.3504E-01 0.1603
60.00 0.3914E-01
0.1360 -0.1400
0.3996E-01 0.1627
61.00 0.3607E-01
0.1406 -0.1452
0.4560E-01 0.1664
62.00 0.3310E-01
0.1503 -0.1477
0.5199E-01 0.1715
63.00 0.3026E-01
0.1646 -0.1478
0.5903E-01 0.1776
64.00 0.2757E-01
0.1823 -0.1457
0.6650E-01 0.1841
65.00 0.2508E-01
0.2017 -0.1417
0.7411E-01 0.1903
66.00 0.2279E-01
0.2211 -0.1361
0.8145E-01 0.1955
67.00 0.2073E-01
0.2387 -0.1293
0.8815E-01 0.1992
68.00 0.1887E-01
0.2532 -0.1213
0.9396E-01 0.2012
69.00 0.1718E-01
0.2638 -0.1125
0.9878E-01 0.2017
70.00 0.1565E-01
0.2700 -0.1033
0.1027 0.2009
71.00 0.1425E-01
0.2721 -0.9411E-01
0.1061 0.1991
72.00 0.1295E-01
0.2703 -0.8548E-01
0.1089 0.1963
73.00 0.1177E-01
0.2649 -0.7761E-01
0.1113 0.1926
74.00 0.1068E-01
0.2563 -0.7055E-01
0.1130 0.1880
75.00 0.9699E-02
0.2447 -0.6412E-01
0.1139 0.1826
76.00 0.8810E-02
0.2307 -0.5799E-01
0.1136 0.1768
77.00 0.8005E-02
0.2150 -0.5173E-01
0.1123 0.1711
78.00 0.7269E-02
0.1985 -0.4479E-01
0.1100 0.1660
79.00 0.6590E-02
0.1818 -0.3656E-01
0.1072 0.1619
80.00 0.5956E-02
0.1657 -0.2639E-01
0.1043 0.1591
81.00 0.5360E-02
0.1502 -0.1365E-01
0.1014 0.1577
82.00 0.4798E-02
0.1348 0.2298E-02
0.9836E-01 0.1575
83.00 0.4273E-02
0.1184 0.2200E-01
0.9483E-01 0.1581
84.00 0.3790E-02
0.9918E-01 0.4586E-01
0.9010E-01 0.1587
85.00 0.3352E-02
0.7491E-01 0.7394E-01
0.8346E-01 0.1580
86.00 0.2963E-02
0.4379E-01 0.1058
0.7444E-01 0.1546
87.00 0.2624E-02
0.4837E-02 0.1404
0.6299E-01 0.1468
88.00 0.2335E-02
-0.4158E-01 0.1763
0.4956E-01 0.1333
89.00 0.2095E-02
-0.9353E-01 0.2114
0.3502E-01 0.1128
90.00 0.1904E-02
-0.1476 0.2437
0.2052E-01 0.8536E-01
91.00 0.1761E-02
-0.1993 0.2710
0.7255E-02 0.5234E-01
92.00 0.1662E-02
-0.2444 0.2920
-0.3803E-02 0.1676E-01
93.00 0.1600E-02
-0.2801 0.3063
-0.1215E-01 -0.1758E-01
94.00 0.1564E-02
-0.3054 0.3145
-0.1782E-01 -0.4744E-01
95.00 0.1545E-02
-0.3211 0.3179
-0.2118E-01 -0.7110E-01
96.00 0.1534E-02
-0.3289 0.3178
-0.2279E-01 -0.8833E-01
97.00 0.1523E-02
-0.3306 0.3152
-0.2318E-01 -0.9994E-01
98.00 0.1503E-02
-0.3278 0.3108
-0.2268E-01 -0.1072
99.00 0.1470E-02
-0.3216 0.3046
-0.2143E-01 -0.1115
100.0 0.1423E-02
-0.3121 0.2964
-0.1935E-01 -0.1140
101.0 0.1364E-02
-0.2991 0.2856
-0.1622E-01 -0.1161
102.0 0.1298E-02
-0.2820 0.2715
-0.1187E-01 -0.1187
103.0 0.1231E-02
-0.2600 0.2542
-0.6243E-02 -0.1226
104.0 0.1167E-02
-0.2325 0.2342
0.4934E-03 -0.1280
105.0 0.1108E-02
-0.1989 0.2126
0.7979E-02 -0.1346
106.0 0.1058E-02
-0.1592 0.1913
0.1568E-01 -0.1408
107.0 0.1018E-02
-0.1144 0.1726
0.2289E-01 -0.1445
108.0 0.9883E-03
-0.6757E-01 0.1586
0.2886E-01 -0.1436
109.0 0.9694E-03
-0.2316E-01 0.1512
0.3290E-01 -0.1368
110.0 0.9590E-03
0.1429E-01 0.1506
0.3469E-01 -0.1245
111.0 0.9540E-03
0.4173E-01 0.1558
0.3438E-01 -0.1084
112.0 0.9511E-03
0.5842E-01 0.1648
0.3253E-01 -0.9097E-01
113.0 0.9472E-03
0.6577E-01 0.1753
0.2999E-01 -0.7455E-01
114.0 0.9395E-03
0.6669E-01 0.1852
0.2777E-01 -0.6080E-01
115.0 0.9257E-03
0.6472E-01 0.1930
0.2680E-01 -0.5040E-01
116.0 0.9042E-03
0.6336E-01 0.1978
0.2786E-01 -0.4330E-01
117.0 0.8756E-03
0.6552E-01 0.1991
0.3136E-01 -0.3920E-01
118.0 0.8423E-03
0.7322E-01 0.1970
0.3725E-01 -0.3790E-01
119.0 0.8081E-03
0.8735E-01 0.1914
0.4494E-01 -0.3940E-01
120.0 0.7762E-03
0.1077 0.1828
0.5338E-01 -0.4377E-01
121.0 0.7482E-03
0.1329 0.1714
0.6143E-01 -0.5076E-01
122.0 0.7238E-03
0.1613 0.1582
0.6821E-01 -0.5962E-01
123.0 0.7019E-03
0.1905 0.1443
0.7330E-01 -0.6912E-01
124.0 0.6809E-03
0.2180 0.1315
0.7650E-01 -0.7765E-01
125.0 0.6591E-03
0.2411 0.1224
0.7757E-01 -0.8342E-01
126.0 0.6353E-03
0.2574 0.1193
0.7612E-01 -0.8470E-01
127.0 0.6082E-03
0.2655 0.1238
0.7171E-01 -0.8016E-01
128.0 0.5774E-03
0.2649 0.1360
0.6415E-01 -0.6930E-01
129.0 0.5441E-03
0.2553 0.1540
0.5370E-01 -0.5275E-01
130.0 0.5106E-03
0.2368 0.1742
0.4142E-01 -0.3261E-01
131.0 0.4796E-03
0.2096 0.1920
0.2912E-01 -0.1244E-01
132.0 0.4527E-03
0.1753 0.2028
0.1904E-01 0.3386E-02
133.0 0.4302E-03
0.1372 0.2039
0.1318E-01 0.1096E-01
134.0 0.4113E-03
0.9972E-01 0.1945
0.1256E-01 0.7961E-02
135.0 0.3951E-03
0.6801E-01 0.1760
0.1712E-01 -0.6026E-02
136.0 0.3809E-03
0.4667E-01 0.1514
0.2593E-01 -0.2970E-01
137.0 0.3682E-03
0.3939E-01 0.1240
0.3767E-01 -0.6050E-01
138.0 0.3565E-03
0.4862E-01 0.9705E-01
0.5095E-01 -0.9516E-01
139.0 0.3454E-03
0.7539E-01 0.7266E-01
0.6447E-01 -0.1302
140.0 0.3348E-03
0.1190 0.5215E-01
0.7687E-01 -0.1624
141.0 0.3252E-03
0.1761 0.3628E-01
0.8644E-01 -0.1879
142.0 0.3173E-03
0.2402 0.2584E-01
0.9114E-01 -0.2028
143.0 0.3115E-03
0.3024 0.2135E-01
0.8918E-01 -0.2034
144.0 0.3076E-03
0.3537 0.2223E-01
0.7991E-01 -0.1877
145.0 0.3046E-03
0.3870 0.2631E-01
0.6418E-01 -0.1564
146.0 0.3021E-03
0.3982 0.3010E-01
0.4416E-01 -0.1135
147.0 0.3002E-03
0.3844 0.2986E-01
0.2270E-01 -0.6586E-01
148.0 0.3000E-03
0.3452 0.2284E-01
0.2714E-02 -0.2243E-01
149.0 0.3025E-03
0.2835 0.8144E-02
-0.1364E-01 0.7502E-02
150.0 0.3083E-03
0.2066 -0.1323E-01
-0.2565E-01 0.1713E-01
151.0 0.3180E-03
0.1251 -0.3915E-01
-0.3410E-01 0.4060E-02
152.0 0.3322E-03
0.5089E-01 -0.6722E-01
-0.4059E-01 -0.2935E-01
153.0 0.3519E-03
-0.5039E-02 -0.9516E-01
-0.4661E-01 -0.7679E-01
154.0 0.3777E-03
-0.3474E-01 -0.1211
-0.5287E-01 -0.1297
155.0 0.4092E-03
-0.3482E-01 -0.1439
-0.5929E-01 -0.1799
156.0 0.4447E-03
-0.6385E-02 -0.1633
-0.6523E-01 -0.2218
157.0 0.4821E-03
0.4630E-01 -0.1792
-0.6996E-01 -0.2528
158.0 0.5189E-03
0.1172 -0.1914
-0.7292E-01 -0.2727
159.0 0.5528E-03
0.1990 -0.1993
-0.7389E-01 -0.2827
160.0 0.5820E-03
0.2843 -0.2020
-0.7310E-01 -0.2840
161.0 0.6045E-03
0.3659 -0.1989
-0.7114E-01 -0.2780
162.0 0.6195E-03
0.4371 -0.1896
-0.6883E-01 -0.2659
163.0 0.6277E-03
0.4914 -0.1741
-0.6699E-01 -0.2483
164.0 0.6321E-03
0.5210 -0.1531
-0.6635E-01 -0.2260
165.0 0.6372E-03
0.5180 -0.1281
-0.6743E-01 -0.1998
166.0 0.6476E-03
0.4772 -0.1021
-0.7039E-01 -0.1713
167.0 0.6666E-03
0.3997 -0.7934E-01
-0.7485E-01 -0.1428
168.0 0.6953E-03
0.2944 -0.6354E-01
-0.7992E-01 -0.1166
169.0 0.7327E-03
0.1748 -0.5694E-01
-0.8437E-01 -0.9434E-01
170.0 0.7760E-03
0.5454E-01 -0.5941E-01
-0.8706E-01 -0.7665E-01
171.0 0.8205E-03
-0.5538E-01 -0.6893E-01
-0.8729E-01 -0.6322E-01
172.0 0.8605E-03
-0.1482 -0.8267E-01
-0.8495E-01 -0.5303E-01
173.0 0.8895E-03
-0.2206 -0.9806E-01
-0.8032E-01 -0.4471E-01
174.0 0.9031E-03
-0.2705 -0.1134
-0.7381E-01 -0.3705E-01
175.0 0.9002E-03
-0.2958 -0.1277
-0.6564E-01 -0.2924E-01
176.0 0.8839E-03
-0.2934 -0.1407
-0.5581E-01 -0.2111E-01
177.0 0.8606E-03
-0.2603 -0.1519
-0.4420E-01 -0.1315E-01
178.0 0.8378E-03
-0.1960 -0.1608
-0.3078E-01 -0.6301E-02
179.0 0.8217E-03
-0.1056 -0.1666
-0.1583E-01 -0.1649E-02
180.0 0.8159E-03
0.000 -0.1686
0.000 0.000
