0.000 19.33
0.000 -0.2665
0.000 0.000
1.000 19.23
-0.9112E-02 -0.2606
-0.3770E-01 -0.5135E-03
2.000 18.95
-0.1415E-01 -0.2428
-0.7489E-01 -0.2117E-02
3.000 18.55
-0.1170E-01 -0.2131
-0.1105 -0.4965E-02
4.000 18.08
0.2882E-03 -0.1722
-0.1429 -0.9200E-02
5.000 17.60
0.2197E-01 -0.1222
-0.1698 -0.1484E-01
6.000 17.11
0.5156E-01 -0.6654E-01
-0.1891 -0.2169E-01
7.000 16.57
0.8613E-01 -0.9371E-02
-0.1996 -0.2941E-01
8.000 15.90
0.1228 0.4573E-01
-0.2013 -0.3761E-01
9.000 15.02
0.1595 0.9653E-01
-0.1949 -0.4599E-01
10.00 13.88
0.1955 0.1423
-0.1816 -0.5441E-01
11.00 12.47
0.2311 0.1834
-0.1622 -0.6282E-01
12.00 10.87
0.2666 0.2207
-0.1366 -0.7117E-01
13.00 9.176
0.3022 0.2547
-0.1042 -0.7922E-01
14.00 7.522
0.3372 0.2851
-0.6371E-01 -0.8625E-01
15.00 6.024
0.3691 0.3103
-0.1399E-01 -0.9076E-01
16.00 4.758
0.3940 0.3268
0.4498E-01 -0.9021E-01
17.00 3.747
0.4073 0.3301
0.1105 -0.8120E-01
18.00 2.973
0.4056 0.3163
0.1765 -0.6040E-01
19.00 2.386
0.3893 0.2844
0.2348 -0.2587E-01
20.00 1.934
0.3619 0.2373
0.2782 0.2237E-01
21.00 1.573
0.3272 0.1795
0.3016 0.8301E-01
22.00 1.278
0.2862 0.1164
0.3014 0.1540
23.00 1.039
0.2374 0.5467E-01
0.2732 0.2313
24.00 0.8549
0.1799 0.4850E-02
0.2134 0.3064
25.00 0.7246
0.1193 -0.1816E-01
0.1246 0.3643
26.00 0.6437
0.6964E-01 -0.1817E-02
0.2187E-01 0.3891
27.00 0.6029
0.4599E-01 0.5312E-01
-0.7089E-01 0.3749
28.00 0.5899
0.5306E-01 0.1306
-0.1353 0.3309
29.00 0.5924
0.8310E-01 0.2102
-0.1675 0.2733
30.00 0.5996
0.1234 0.2772
-0.1745 0.2150
31.00 0.6038
0.1635 0.3252
-0.1660 0.1627
32.00 0.5997
0.1972 0.3530
-0.1501 0.1186
33.00 0.5843
0.2222 0.3626
-0.1317 0.8226E-01
34.00 0.5565
0.2388 0.3566
-0.1142 0.5258E-01
35.00 0.5170
0.2481 0.3379
-0.9929E-01 0.2810E-01
36.00 0.4679
0.2516 0.3084
-0.8832E-01 0.7360E-02
37.00 0.4126
0.2502 0.2695
-0.8261E-01 -0.1113E-01
38.00 0.3550
0.2454 0.2223
-0.8367E-01 -0.2896E-01
39.00 0.2994
0.2389 0.1681
-0.9325E-01 -0.4791E-01
40.00 0.2493
0.2340 0.1103
-0.1128 -0.6992E-01
41.00 0.2075
0.2360 0.5582E-01
-0.1422 -0.9686E-01
42.00 0.1755
0.2501 0.1580E-01
-0.1785 -0.1295
43.00 0.1538
0.2778 0.2102E-02
-0.2148 -0.1660
44.00 0.1417
0.3122 0.1931E-01
-0.2426 -0.2014
45.00 0.1377
0.3401 0.5852E-01
-0.2566 -0.2294
46.00 0.1399
0.3508 0.1018
-0.2584 -0.2463
47.00 0.1459
0.3426 0.1334
-0.2539 -0.2517
48.00 0.1536
0.3212 0.1458
-0.2485 -0.2478
49.00 0.1613
0.2950 0.1384
-0.2452 -0.2370
50.00 0.1676
0.2711 0.1136
-0.2448 -0.2209
51.00 0.1722
0.2542 0.7532E-01
-0.2468 -0.2011
52.00 0.1749
0.2462 0.2731E-01
-0.2498 -0.1788
53.00 0.1757
0.2474 -0.2637E-01
-0.2528 -0.1554
54.00 0.1750
0.2560 -0.8159E-01
-0.2549 -0.1325
55.00 0.1729
0.2697 -0.1342
-0.2555 -0.1113
56.00 0.1695
0.2857 -0.1802
-0.2545 -0.9258E-01
57.00 0.1648
0.3010 -0.2157
-0.2513 -0.7664E-01
58.00 0.1594
0.3123 -0.2368
-0.2452 -0.6327E-01
59.00 0.1536
0.3161 -0.2395
-0.2353 -0.5202E-01
60.00 0.1482
0.3083 -0.2206
-0.2205 -0.4247E-01
61.00 0.1439
0.2855 -0.1786
-0.2003 -0.3437E-01
62.00 0.1412
0.2459 -0.1155
-0.1753 -0.2772E-01
63.00 0.1404
0.1910 -0.3689E-01
-0.1471 -0.2257E-01
64.00 0.1415
0.1256 0.4902E-01
-0.1186 -0.1880E-01
65.00 0.1441
0.5622E-01 0.1338
-0.9209E-01 -0.1596E-01
66.00 0.1476
-0.1042E-01 0.2108
-0.6944E-01 -0.1337E-01
67.00 0.1517
-0.6942E-01 0.2766
-0.5121E-01 -0.1026E-01
68.00 0.1558
-0.1180 0.3298
-0.3713E-01 -0.5999E-02
69.00 0.1595
-0.1553 0.3710
-0.2647E-01 -0.2370E-03
70.00 0.1626
-0.1820 0.4012
-0.1840E-01 0.7045E-02
71.00 0.1649
-0.1994 0.4221
-0.1215E-01 0.1559E-01
72.00 0.1662
-0.2094 0.4351
-0.7159E-02 0.2498E-01
73.00 0.1663
-0.2139 0.4419
-0.3001E-02 0.3477E-01
74.00 0.1652
-0.2145 0.4442
0.6917E-03 0.4463E-01
75.00 0.1627
-0.2124 0.4434
0.4290E-02 0.5434E-01
76.00 0.1588
-0.2083 0.4410
0.8200E-02 0.6385E-01
77.00 0.1536
-0.2028 0.4380
0.1283E-01 0.7313E-01
78.00 0.1476
-0.1964 0.4354
0.1853E-01 0.8211E-01
79.00 0.1409
-0.1896 0.4338
0.2544E-01 0.9057E-01
80.00 0.1341
-0.1833 0.4334
0.3350E-01 0.9815E-01
81.00 0.1274
-0.1782 0.4342
0.4236E-01 0.1044
82.00 0.1211
-0.1750 0.4361
0.5147E-01 0.1089
83.00 0.1154
-0.1741 0.4388
0.6022E-01 0.1114
84.00 0.1101
-0.1757 0.4422
0.6802E-01 0.1119
85.00 0.1054
-0.1795 0.4462
0.7445E-01 0.1107
86.00 0.1012
-0.1849 0.4506
0.7922E-01 0.1082
87.00 0.9736E-01
-0.1912 0.4551
0.8219E-01 0.1048
88.00 0.9392E-01
-0.1977 0.4595
0.8330E-01 0.1009
89.00 0.9074E-01
-0.2036 0.4634
0.8264E-01 0.9695E-01
90.00 0.8769E-01
-0.2080 0.4666
0.8036E-01 0.9325E-01
91.00 0.8462E-01
-0.2102 0.4688
0.7675E-01 0.9014E-01
92.00 0.8137E-01
-0.2094 0.4702
0.7218E-01 0.8795E-01
93.00 0.7782E-01
-0.2049 0.4711
0.6712E-01 0.8700E-01
94.00 0.7386E-01
-0.1963 0.4715
0.6207E-01 0.8750E-01
95.00 0.6947E-01
-0.1831 0.4719
0.5753E-01 0.8960E-01
96.00 0.6470E-01
-0.1651 0.4723
0.5399E-01 0.9332E-01
97.00 0.5964E-01
-0.1423 0.4727
0.5189E-01 0.9858E-01
98.00 0.5447E-01
-0.1152 0.4728
0.5166E-01 0.1051
99.00 0.4938E-01
-0.8422E-01 0.4721
0.5363E-01 0.1126
100.0 0.4457E-01
-0.5078E-01 0.4699
0.5798E-01 0.1205
101.0 0.4023E-01
-0.1683E-01 0.4652
0.6461E-01 0.1280
102.0 0.3648E-01
0.1508E-01 0.4569
0.7293E-01 0.1343
103.0 0.3339E-01
0.4230E-01 0.4446
0.8186E-01 0.1387
104.0 0.3094E-01
0.6297E-01 0.4283
0.8998E-01 0.1407
105.0 0.2904E-01
0.7682E-01 0.4093
0.9594E-01 0.1409
106.0 0.2756E-01
0.8521E-01 0.3892
0.9888E-01 0.1403
107.0 0.2635E-01
0.9047E-01 0.3697
0.9861E-01 0.1400
108.0 0.2529E-01
0.9478E-01 0.3517
0.9551E-01 0.1414
109.0 0.2427E-01
0.9948E-01 0.3354
0.9037E-01 0.1448
110.0 0.2325E-01
0.1047 0.3199
0.8410E-01 0.1501
111.0 0.2218E-01
0.1100 0.3039
0.7762E-01 0.1565
112.0 0.2106E-01
0.1142 0.2857
0.7177E-01 0.1628
113.0 0.1990E-01
0.1166 0.2637
0.6725E-01 0.1683
114.0 0.1871E-01
0.1168 0.2364
0.6452E-01 0.1722
115.0 0.1754E-01
0.1149 0.2030
0.6384E-01 0.1746
116.0 0.1643E-01
0.1111 0.1635
0.6523E-01 0.1758
117.0 0.1545E-01
0.1053 0.1190
0.6844E-01 0.1765
118.0 0.1467E-01
0.9760E-01 0.7186E-01
0.7286E-01 0.1772
119.0 0.1412E-01
0.8771E-01 0.2547E-01
0.7758E-01 0.1782
120.0 0.1379E-01
0.7591E-01 -0.1655E-01
0.8159E-01 0.1795
121.0 0.1365E-01
0.6304E-01 -0.5153E-01
0.8405E-01 0.1810
122.0 0.1362E-01
0.5029E-01 -0.7850E-01
0.8454E-01 0.1825
123.0 0.1363E-01
0.3857E-01 -0.9815E-01
0.8304E-01 0.1841
124.0 0.1359E-01
0.2800E-01 -0.1122
0.7979E-01 0.1859
125.0 0.1346E-01
0.1774E-01 -0.1225
0.7515E-01 0.1876
126.0 0.1322E-01
0.6224E-02 -0.1309
0.6955E-01 0.1885
127.0 0.1286E-01
-0.8347E-02 -0.1387
0.6361E-01 0.1875
128.0 0.1241E-01
-0.2739E-01 -0.1466
0.5816E-01 0.1836
129.0 0.1190E-01
-0.5144E-01 -0.1547
0.5423E-01 0.1756
130.0 0.1137E-01
-0.7994E-01 -0.1627
0.5295E-01 0.1634
131.0 0.1085E-01
-0.1114 -0.1694
0.5538E-01 0.1475
132.0 0.1043E-01
-0.1438 -0.1730
0.6221E-01 0.1291
133.0 0.1017E-01
-0.1749 -0.1716
0.7350E-01 0.1103
134.0 0.1015E-01
-0.2026 -0.1642
0.8832E-01 0.9303E-01
135.0 0.1042E-01
-0.2254 -0.1516
0.1049 0.7864E-01
136.0 0.1098E-01
-0.2428 -0.1365
0.1213 0.6730E-01
137.0 0.1176E-01
-0.2547 -0.1219
0.1363 0.5827E-01
138.0 0.1263E-01
-0.2610 -0.1102
0.1498 0.5065E-01
139.0 0.1342E-01
-0.2615 -0.1022
0.1624 0.4392E-01
140.0 0.1395E-01
-0.2557 -0.9808E-01
0.1752 0.3808E-01
141.0 0.1410E-01
-0.2427 -0.9786E-01
0.1887 0.3337E-01
142.0 0.1379E-01
-0.2221 -0.1019
0.2035 0.3009E-01
143.0 0.1305E-01
-0.1932 -0.1111
0.2194 0.2826E-01
144.0 0.1198E-01
-0.1561 -0.1269
0.2355 0.2736E-01
145.0 0.1074E-01
-0.1127 -0.1508
0.2499 0.2597E-01
146.0 0.9547E-02
-0.6746E-01 -0.1832
0.2587 0.2155E-01
147.0 0.8587E-02
-0.2986E-01 -0.2210
0.2570 0.1074E-01
148.0 0.8027E-02
-0.1264E-01 -0.2549
0.2405 -0.8753E-02
149.0 0.7983E-02
-0.2455E-01 -0.2718
0.2103 -0.3525E-01
150.0 0.8499E-02
-0.6115E-01 -0.2632
0.1752 -0.6257E-01
151.0 0.9548E-02
-0.1070 -0.2324
0.1452 -0.8447E-01
152.0 0.1103E-01
-0.1478 -0.1894
0.1259 -0.9866E-01
153.0 0.1276E-01
-0.1770 -0.1429
0.1169 -0.1064
154.0 0.1454E-01
-0.1940 -0.9755E-01
0.1156 -0.1101
155.0 0.1614E-01
-0.2005 -0.5436E-01
0.1191 -0.1116
156.0 0.1734E-01
-0.1984 -0.1299E-01
0.1255 -0.1122
157.0 0.1800E-01
-0.1890 0.2725E-01
0.1334 -0.1124
158.0 0.1805E-01
-0.1728 0.6671E-01
0.1419 -0.1123
159.0 0.1751E-01
-0.1502 0.1050
0.1504 -0.1118
160.0 0.1647E-01
-0.1214 0.1407
0.1584 -0.1108
161.0 0.1511E-01
-0.8680E-01 0.1709
0.1652 -0.1092
162.0 0.1359E-01
-0.4746E-01 0.1911
0.1702 -0.1070
163.0 0.1211E-01
-0.5498E-02 0.1957
0.1723 -0.1046
164.0 0.1082E-01
0.3560E-01 0.1793
0.1710 -0.1022
165.0 0.9791E-02
0.7126E-01 0.1396
0.1658 -0.1001
166.0 0.9085E-02
0.9714E-01 0.8040E-01
0.1572 -0.9836E-01
167.0 0.8695E-02
0.1110 0.1272E-01
0.1465 -0.9651E-01
168.0 0.8581E-02
0.1138 -0.4962E-01
0.1354 -0.9379E-01
169.0 0.8685E-02
0.1090 -0.9575E-01
0.1252 -0.8950E-01
170.0 0.8937E-02
0.1001 -0.1212
0.1163 -0.8329E-01
171.0 0.9269E-02
0.8982E-01 -0.1274
0.1085 -0.7519E-01
172.0 0.9626E-02
0.7948E-01 -0.1187
0.1009 -0.6554E-01
173.0 0.9967E-02
0.6942E-01 -0.1002
0.9274E-01 -0.5484E-01
174.0 0.1027E-01
0.5961E-01 -0.7658E-01
0.8333E-01 -0.4365E-01
175.0 0.1052E-01
0.4996E-01 -0.5160E-01
0.7244E-01 -0.3256E-01
176.0 0.1072E-01
0.4034E-01 -0.2816E-01
0.6008E-01 -0.2218E-01
177.0 0.1087E-01
0.3061E-01 -0.8335E-02
0.4639E-01 -0.1314E-01
178.0 0.1097E-01
0.2066E-01 0.6542E-02
0.3160E-01 -0.6078E-02
179.0 0.1102E-01
0.1043E-01 0.1571E-01
0.1601E-01 -0.1558E-02
180.0 0.1104E-01
0.000 0.1880E-01
0.000 0.000
