# 361 angles,  3 tensor ranks for 0=projectile
@subtitle   "9Be(6Li,d)13C at 32 MeV DWBA"                                                  
@legend ON
@legend x1 0.2
@legend y1 0.8
@g0 type LOGY
@yaxis ticklabel format power
@legend string   0 "Lab energy =   32.0000"
#legend string   0 "Partition=  2 Excit=  1 near/far= 1"
#  Theta       sigma       iT11        T20         T21         T22         Kyy for projectile
   0.000      0.5692E-02   0.000      0.7368E-03   0.000       0.000    
  0.5000      0.5694E-02  0.1353E-02  0.7346E-03  0.5021E-06 -0.8383E-06
   1.000      0.5701E-02  0.2694E-02  0.7281E-03  0.1030E-05 -0.3341E-05
   1.500      0.5711E-02  0.4009E-02  0.7173E-03  0.1608E-05 -0.7471E-05
   2.000      0.5727E-02  0.5288E-02  0.7025E-03  0.2261E-05 -0.1317E-04
   2.500      0.5746E-02  0.6518E-02  0.6838E-03  0.3010E-05 -0.2036E-04
   3.000      0.5768E-02  0.7690E-02  0.6614E-03  0.3878E-05 -0.2893E-04
   3.500      0.5794E-02  0.8794E-02  0.6356E-03  0.4882E-05 -0.3878E-04
   4.000      0.5823E-02  0.9823E-02  0.6068E-03  0.6038E-05 -0.4978E-04
   4.500      0.5855E-02  0.1077E-01  0.5752E-03  0.7360E-05 -0.6179E-04
   5.000      0.5888E-02  0.1163E-01  0.5413E-03  0.8860E-05 -0.7466E-04
   5.500      0.5923E-02  0.1240E-01  0.5053E-03  0.1054E-04 -0.8827E-04
   6.000      0.5958E-02  0.1308E-01  0.4677E-03  0.1242E-04 -0.1025E-03
   6.500      0.5994E-02  0.1366E-01  0.4287E-03  0.1449E-04 -0.1171E-03
   7.000      0.6029E-02  0.1415E-01  0.3888E-03  0.1677E-04 -0.1321E-03
   7.500      0.6062E-02  0.1455E-01  0.3482E-03  0.1923E-04 -0.1473E-03
   8.000      0.6094E-02  0.1486E-01  0.3073E-03  0.2190E-04 -0.1625E-03
   8.500      0.6123E-02  0.1508E-01  0.2662E-03  0.2477E-04 -0.1778E-03
   9.000      0.6148E-02  0.1522E-01  0.2253E-03  0.2783E-04 -0.1930E-03
   9.500      0.6168E-02  0.1528E-01  0.1847E-03  0.3108E-04 -0.2081E-03
   10.00      0.6183E-02  0.1526E-01  0.1446E-03  0.3452E-04 -0.2230E-03
   10.50      0.6192E-02  0.1517E-01  0.1051E-03  0.3816E-04 -0.2376E-03
   11.00      0.6195E-02  0.1502E-01  0.6644E-04  0.4198E-04 -0.2520E-03
   11.50      0.6190E-02  0.1481E-01  0.2858E-04  0.4599E-04 -0.2661E-03
   12.00      0.6176E-02  0.1454E-01 -0.8392E-05  0.5020E-04 -0.2800E-03
   12.50      0.6154E-02  0.1422E-01 -0.4445E-04  0.5460E-04 -0.2936E-03
   13.00      0.6122E-02  0.1386E-01 -0.7958E-04  0.5921E-04 -0.3070E-03
   13.50      0.6081E-02  0.1345E-01 -0.1138E-03  0.6403E-04 -0.3203E-03
   14.00      0.6029E-02  0.1301E-01 -0.1472E-03  0.6906E-04 -0.3334E-03
   14.50      0.5967E-02  0.1254E-01 -0.1798E-03  0.7433E-04 -0.3464E-03
   15.00      0.5895E-02  0.1203E-01 -0.2116E-03  0.7986E-04 -0.3594E-03
   15.50      0.5811E-02  0.1150E-01 -0.2429E-03  0.8565E-04 -0.3725E-03
   16.00      0.5717E-02  0.1094E-01 -0.2736E-03  0.9173E-04 -0.3858E-03
   16.50      0.5612E-02  0.1037E-01 -0.3039E-03  0.9813E-04 -0.3993E-03
   17.00      0.5497E-02  0.9770E-02 -0.3339E-03  0.1049E-03 -0.4132E-03
   17.50      0.5371E-02  0.9158E-02 -0.3639E-03  0.1120E-03 -0.4275E-03
   18.00      0.5236E-02  0.8531E-02 -0.3939E-03  0.1196E-03 -0.4424E-03
   18.50      0.5093E-02  0.7892E-02 -0.4242E-03  0.1276E-03 -0.4580E-03
   19.00      0.4940E-02  0.7240E-02 -0.4549E-03  0.1362E-03 -0.4745E-03
   19.50      0.4781E-02  0.6579E-02 -0.4862E-03  0.1453E-03 -0.4919E-03
   20.00      0.4614E-02  0.5909E-02 -0.5184E-03  0.1551E-03 -0.5105E-03
   20.50      0.4442E-02  0.5231E-02 -0.5517E-03  0.1656E-03 -0.5304E-03
   21.00      0.4265E-02  0.4546E-02 -0.5864E-03  0.1770E-03 -0.5519E-03
   21.50      0.4084E-02  0.3855E-02 -0.6227E-03  0.1892E-03 -0.5749E-03
   22.00      0.3900E-02  0.3160E-02 -0.6609E-03  0.2024E-03 -0.5999E-03
   22.50      0.3714E-02  0.2462E-02 -0.7013E-03  0.2168E-03 -0.6270E-03
   23.00      0.3527E-02  0.1763E-02 -0.7442E-03  0.2324E-03 -0.6563E-03
   23.50      0.3341E-02  0.1064E-02 -0.7900E-03  0.2494E-03 -0.6882E-03
   24.00      0.3157E-02  0.3680E-03 -0.8390E-03  0.2680E-03 -0.7227E-03
   24.50      0.2974E-02 -0.3221E-03 -0.8915E-03  0.2883E-03 -0.7603E-03
   25.00      0.2795E-02 -0.1003E-02 -0.9480E-03  0.3105E-03 -0.8009E-03
   25.50      0.2620E-02 -0.1669E-02 -0.1009E-02  0.3349E-03 -0.8448E-03
   26.00      0.2451E-02 -0.2315E-02 -0.1074E-02  0.3616E-03 -0.8920E-03
   26.50      0.2287E-02 -0.2934E-02 -0.1144E-02  0.3909E-03 -0.9427E-03
   27.00      0.2130E-02 -0.3518E-02 -0.1218E-02  0.4230E-03 -0.9967E-03
   27.50      0.1980E-02 -0.4057E-02 -0.1298E-02  0.4581E-03 -0.1054E-02
   28.00      0.1838E-02 -0.4537E-02 -0.1382E-02  0.4963E-03 -0.1114E-02
   28.50      0.1704E-02 -0.4946E-02 -0.1471E-02  0.5380E-03 -0.1176E-02
   29.00      0.1579E-02 -0.5266E-02 -0.1564E-02  0.5830E-03 -0.1239E-02
   29.50      0.1462E-02 -0.5480E-02 -0.1659E-02  0.6315E-03 -0.1303E-02
   30.00      0.1355E-02 -0.5567E-02 -0.1755E-02  0.6833E-03 -0.1365E-02
   30.50      0.1256E-02 -0.5507E-02 -0.1850E-02  0.7380E-03 -0.1423E-02
   31.00      0.1167E-02 -0.5280E-02 -0.1941E-02  0.7951E-03 -0.1475E-02
   31.50      0.1087E-02 -0.4867E-02 -0.2026E-02  0.8538E-03 -0.1518E-02
   32.00      0.1015E-02 -0.4254E-02 -0.2100E-02  0.9132E-03 -0.1549E-02
   32.50      0.9526E-03 -0.3433E-02 -0.2159E-02  0.9718E-03 -0.1564E-02
   33.00      0.8981E-03 -0.2403E-02 -0.2199E-02  0.1028E-02 -0.1560E-02
   33.50      0.8517E-03 -0.1177E-02 -0.2216E-02  0.1081E-02 -0.1533E-02
   34.00      0.8129E-03  0.2246E-03 -0.2207E-02  0.1128E-02 -0.1482E-02
   34.50      0.7812E-03  0.1767E-02 -0.2168E-02  0.1167E-02 -0.1404E-02
   35.00      0.7563E-03  0.3406E-02 -0.2100E-02  0.1198E-02 -0.1301E-02
   35.50      0.7375E-03  0.5094E-02 -0.2000E-02  0.1219E-02 -0.1172E-02
   36.00      0.7245E-03  0.6777E-02 -0.1873E-02  0.1231E-02 -0.1021E-02
   36.50      0.7167E-03  0.8405E-02 -0.1720E-02  0.1232E-02 -0.8512E-03
   37.00      0.7135E-03  0.9934E-02 -0.1545E-02  0.1224E-02 -0.6662E-03
   37.50      0.7145E-03  0.1133E-01 -0.1354E-02  0.1207E-02 -0.4708E-03
   38.00      0.7192E-03  0.1257E-01 -0.1151E-02  0.1183E-02 -0.2692E-03
   38.50      0.7269E-03  0.1363E-01 -0.9406E-03  0.1152E-02 -0.6550E-04
   39.00      0.7373E-03  0.1451E-01 -0.7268E-03  0.1117E-02  0.1368E-03
   39.50      0.7498E-03  0.1522E-01 -0.5133E-03  0.1078E-02  0.3349E-03
   40.00      0.7640E-03  0.1576E-01 -0.3029E-03  0.1036E-02  0.5266E-03
   40.50      0.7795E-03  0.1614E-01 -0.9792E-04  0.9929E-03  0.7103E-03
   41.00      0.7959E-03  0.1639E-01  0.1000E-03  0.9490E-03  0.8850E-03
   41.50      0.8127E-03  0.1650E-01  0.2898E-03  0.9050E-03  0.1050E-02
   42.00      0.8298E-03  0.1651E-01  0.4708E-03  0.8614E-03  0.1205E-02
   42.50      0.8466E-03  0.1643E-01  0.6424E-03  0.8185E-03  0.1350E-02
   43.00      0.8630E-03  0.1626E-01  0.8046E-03  0.7767E-03  0.1484E-02
   43.50      0.8787E-03  0.1603E-01  0.9573E-03  0.7361E-03  0.1609E-02
   44.00      0.8935E-03  0.1574E-01  0.1101E-02  0.6968E-03  0.1725E-02
   44.50      0.9071E-03  0.1541E-01  0.1235E-02  0.6590E-03  0.1831E-02
   45.00      0.9195E-03  0.1504E-01  0.1359E-02  0.6226E-03  0.1928E-02
   45.50      0.9304E-03  0.1464E-01  0.1475E-02  0.5876E-03  0.2016E-02
   46.00      0.9396E-03  0.1423E-01  0.1582E-02  0.5541E-03  0.2095E-02
   46.50      0.9472E-03  0.1379E-01  0.1681E-02  0.5221E-03  0.2166E-02
   47.00      0.9531E-03  0.1335E-01  0.1771E-02  0.4915E-03  0.2229E-02
   47.50      0.9571E-03  0.1290E-01  0.1852E-02  0.4624E-03  0.2283E-02
   48.00      0.9593E-03  0.1245E-01  0.1924E-02  0.4347E-03  0.2329E-02
   48.50      0.9596E-03  0.1200E-01  0.1989E-02  0.4085E-03  0.2367E-02
   49.00      0.9580E-03  0.1155E-01  0.2044E-02  0.3837E-03  0.2397E-02
   49.50      0.9546E-03  0.1111E-01  0.2090E-02  0.3605E-03  0.2419E-02
   50.00      0.9494E-03  0.1068E-01  0.2128E-02  0.3387E-03  0.2432E-02
   50.50      0.9423E-03  0.1026E-01  0.2156E-02  0.3186E-03  0.2437E-02
   51.00      0.9336E-03  0.9850E-02  0.2176E-02  0.3002E-03  0.2434E-02
   51.50      0.9232E-03  0.9455E-02  0.2185E-02  0.2835E-03  0.2422E-02
   52.00      0.9113E-03  0.9075E-02  0.2184E-02  0.2686E-03  0.2401E-02
   52.50      0.8979E-03  0.8710E-02  0.2174E-02  0.2558E-03  0.2371E-02
   53.00      0.8831E-03  0.8362E-02  0.2152E-02  0.2450E-03  0.2332E-02
   53.50      0.8671E-03  0.8030E-02  0.2120E-02  0.2366E-03  0.2284E-02
   54.00      0.8500E-03  0.7716E-02  0.2076E-02  0.2306E-03  0.2226E-02
   54.50      0.8319E-03  0.7419E-02  0.2020E-02  0.2272E-03  0.2159E-02
   55.00      0.8130E-03  0.7140E-02  0.1952E-02  0.2268E-03  0.2082E-02
   55.50      0.7934E-03  0.6878E-02  0.1872E-02  0.2294E-03  0.1995E-02
   56.00      0.7732E-03  0.6634E-02  0.1778E-02  0.2353E-03  0.1898E-02
   56.50      0.7526E-03  0.6406E-02  0.1671E-02  0.2449E-03  0.1791E-02
   57.00      0.7318E-03  0.6195E-02  0.1551E-02  0.2583E-03  0.1675E-02
   57.50      0.7109E-03  0.5998E-02  0.1417E-02  0.2758E-03  0.1549E-02
   58.00      0.6900E-03  0.5816E-02  0.1269E-02  0.2977E-03  0.1415E-02
   58.50      0.6694E-03  0.5646E-02  0.1108E-02  0.3243E-03  0.1272E-02
   59.00      0.6491E-03  0.5487E-02  0.9331E-03  0.3558E-03  0.1121E-02
   59.50      0.6294E-03  0.5337E-02  0.7461E-03  0.3923E-03  0.9643E-03
   60.00      0.6102E-03  0.5194E-02  0.5476E-03  0.4340E-03  0.8024E-03
   60.50      0.5919E-03  0.5055E-02  0.3388E-03  0.4809E-03  0.6372E-03
   61.00      0.5744E-03  0.4917E-02  0.1217E-03  0.5329E-03  0.4706E-03
   61.50      0.5580E-03  0.4777E-02 -0.1017E-03  0.5900E-03  0.3051E-03
   62.00      0.5427E-03  0.4632E-02 -0.3288E-03  0.6517E-03  0.1433E-03
   62.50      0.5286E-03  0.4479E-02 -0.5564E-03  0.7177E-03 -0.1187E-04
   63.00      0.5158E-03  0.4315E-02 -0.7812E-03  0.7872E-03 -0.1573E-03
   63.50      0.5043E-03  0.4136E-02 -0.9995E-03  0.8596E-03 -0.2898E-03
   64.00      0.4942E-03  0.3941E-02 -0.1207E-02  0.9339E-03 -0.4061E-03
   64.50      0.4856E-03  0.3726E-02 -0.1400E-02  0.1009E-02 -0.5030E-03
   65.00      0.4784E-03  0.3491E-02 -0.1575E-02  0.1084E-02 -0.5779E-03
   65.50      0.4726E-03  0.3234E-02 -0.1728E-02  0.1157E-02 -0.6282E-03
   66.00      0.4684E-03  0.2956E-02 -0.1856E-02  0.1228E-02 -0.6522E-03
   66.50      0.4656E-03  0.2658E-02 -0.1956E-02  0.1294E-02 -0.6486E-03
   67.00      0.4641E-03  0.2339E-02 -0.2026E-02  0.1356E-02 -0.6170E-03
   67.50      0.4640E-03  0.2004E-02 -0.2066E-02  0.1411E-02 -0.5577E-03
   68.00      0.4652E-03  0.1654E-02 -0.2075E-02  0.1460E-02 -0.4715E-03
   68.50      0.4676E-03  0.1293E-02 -0.2053E-02  0.1501E-02 -0.3600E-03
   69.00      0.4711E-03  0.9230E-03 -0.2003E-02  0.1535E-02 -0.2252E-03
   69.50      0.4756E-03  0.5486E-03 -0.1925E-02  0.1561E-02 -0.6945E-04
   70.00      0.4811E-03  0.1727E-03 -0.1823E-02  0.1579E-02  0.1045E-03
   70.50      0.4873E-03 -0.2017E-03 -0.1698E-02  0.1590E-02  0.2940E-03
   71.00      0.4942E-03 -0.5718E-03 -0.1553E-02  0.1593E-02  0.4964E-03
   71.50      0.5016E-03 -0.9351E-03 -0.1392E-02  0.1589E-02  0.7089E-03
   72.00      0.5094E-03 -0.1290E-02 -0.1216E-02  0.1579E-02  0.9291E-03
   72.50      0.5175E-03 -0.1634E-02 -0.1029E-02  0.1562E-02  0.1155E-02
   73.00      0.5257E-03 -0.1966E-02 -0.8326E-03  0.1541E-02  0.1384E-02
   73.50      0.5340E-03 -0.2286E-02 -0.6293E-03  0.1514E-02  0.1615E-02
   74.00      0.5421E-03 -0.2593E-02 -0.4210E-03  0.1483E-02  0.1847E-02
   74.50      0.5499E-03 -0.2886E-02 -0.2092E-03  0.1448E-02  0.2077E-02
   75.00      0.5574E-03 -0.3166E-02  0.4441E-05  0.1409E-02  0.2306E-02
   75.50      0.5644E-03 -0.3433E-02  0.2189E-03  0.1367E-02  0.2533E-02
   76.00      0.5707E-03 -0.3687E-02  0.4331E-03  0.1322E-02  0.2756E-02
   76.50      0.5764E-03 -0.3928E-02  0.6462E-03  0.1274E-02  0.2976E-02
   77.00      0.5812E-03 -0.4157E-02  0.8576E-03  0.1224E-02  0.3191E-02
   77.50      0.5852E-03 -0.4375E-02  0.1067E-02  0.1172E-02  0.3403E-02
   78.00      0.5882E-03 -0.4582E-02  0.1273E-02  0.1117E-02  0.3610E-02
   78.50      0.5902E-03 -0.4778E-02  0.1477E-02  0.1060E-02  0.3812E-02
   79.00      0.5912E-03 -0.4965E-02  0.1677E-02  0.1001E-02  0.4010E-02
   79.50      0.5910E-03 -0.5144E-02  0.1874E-02  0.9398E-03  0.4203E-02
   80.00      0.5898E-03 -0.5314E-02  0.2067E-02  0.8765E-03  0.4390E-02
   80.50      0.5874E-03 -0.5476E-02  0.2256E-02  0.8109E-03  0.4573E-02
   81.00      0.5839E-03 -0.5632E-02  0.2441E-02  0.7431E-03  0.4750E-02
   81.50      0.5793E-03 -0.5781E-02  0.2622E-02  0.6729E-03  0.4921E-02
   82.00      0.5737E-03 -0.5925E-02  0.2798E-02  0.6002E-03  0.5086E-02
   82.50      0.5670E-03 -0.6064E-02  0.2969E-02  0.5249E-03  0.5244E-02
   83.00      0.5593E-03 -0.6198E-02  0.3135E-02  0.4468E-03  0.5395E-02
   83.50      0.5507E-03 -0.6328E-02  0.3296E-02  0.3658E-03  0.5538E-02
   84.00      0.5412E-03 -0.6454E-02  0.3451E-02  0.2816E-03  0.5673E-02
   84.50      0.5309E-03 -0.6578E-02  0.3599E-02  0.1942E-03  0.5797E-02
   85.00      0.5198E-03 -0.6698E-02  0.3740E-02  0.1034E-03  0.5911E-02
   85.50      0.5082E-03 -0.6817E-02  0.3872E-02  0.9053E-05  0.6012E-02
   86.00      0.4960E-03 -0.6934E-02  0.3996E-02 -0.8899E-04  0.6100E-02
   86.50      0.4833E-03 -0.7049E-02  0.4110E-02 -0.1908E-03  0.6173E-02
   87.00      0.4703E-03 -0.7162E-02  0.4213E-02 -0.2965E-03  0.6228E-02
   87.50      0.4570E-03 -0.7274E-02  0.4304E-02 -0.4060E-03  0.6264E-02
   88.00      0.4436E-03 -0.7386E-02  0.4381E-02 -0.5193E-03  0.6279E-02
   88.50      0.4301E-03 -0.7496E-02  0.4443E-02 -0.6364E-03  0.6269E-02
   89.00      0.4166E-03 -0.7604E-02  0.4488E-02 -0.7570E-03  0.6234E-02
   89.50      0.4032E-03 -0.7711E-02  0.4515E-02 -0.8808E-03  0.6169E-02
   90.00      0.3900E-03 -0.7817E-02  0.4521E-02 -0.1007E-02  0.6073E-02
   90.50      0.3771E-03 -0.7919E-02  0.4506E-02 -0.1136E-02  0.5942E-02
   91.00      0.3646E-03 -0.8018E-02  0.4467E-02 -0.1267E-02  0.5774E-02
   91.50      0.3524E-03 -0.8113E-02  0.4403E-02 -0.1398E-02  0.5567E-02
   92.00      0.3407E-03 -0.8203E-02  0.4313E-02 -0.1530E-02  0.5318E-02
   92.50      0.3296E-03 -0.8285E-02  0.4195E-02 -0.1660E-02  0.5026E-02
   93.00      0.3190E-03 -0.8360E-02  0.4049E-02 -0.1787E-02  0.4691E-02
   93.50      0.3091E-03 -0.8424E-02  0.3874E-02 -0.1911E-02  0.4310E-02
   94.00      0.2998E-03 -0.8476E-02  0.3671E-02 -0.2029E-02  0.3886E-02
   94.50      0.2912E-03 -0.8514E-02  0.3440E-02 -0.2141E-02  0.3420E-02
   95.00      0.2832E-03 -0.8535E-02  0.3184E-02 -0.2244E-02  0.2914E-02
   95.50      0.2760E-03 -0.8539E-02  0.2904E-02 -0.2337E-02  0.2372E-02
   96.00      0.2694E-03 -0.8522E-02  0.2604E-02 -0.2419E-02  0.1798E-02
   96.50      0.2635E-03 -0.8482E-02  0.2286E-02 -0.2488E-02  0.1198E-02
   97.00      0.2583E-03 -0.8419E-02  0.1955E-02 -0.2544E-02  0.5787E-03
   97.50      0.2537E-03 -0.8330E-02  0.1616E-02 -0.2585E-02 -0.5300E-04
   98.00      0.2497E-03 -0.8214E-02  0.1273E-02 -0.2612E-02 -0.6898E-03
   98.50      0.2463E-03 -0.8070E-02  0.9314E-03 -0.2623E-02 -0.1324E-02
   99.00      0.2435E-03 -0.7898E-02  0.5960E-03 -0.2620E-02 -0.1948E-02
   99.50      0.2412E-03 -0.7697E-02  0.2714E-03 -0.2603E-02 -0.2555E-02
   100.0      0.2393E-03 -0.7468E-02 -0.3809E-04 -0.2571E-02 -0.3138E-02
   100.5      0.2378E-03 -0.7210E-02 -0.3285E-03 -0.2527E-02 -0.3692E-02
   101.0      0.2367E-03 -0.6924E-02 -0.5966E-03 -0.2472E-02 -0.4212E-02
   101.5      0.2359E-03 -0.6611E-02 -0.8396E-03 -0.2405E-02 -0.4693E-02
   102.0      0.2353E-03 -0.6272E-02 -0.1055E-02 -0.2330E-02 -0.5132E-02
   102.5      0.2350E-03 -0.5906E-02 -0.1242E-02 -0.2246E-02 -0.5528E-02
   103.0      0.2348E-03 -0.5516E-02 -0.1400E-02 -0.2156E-02 -0.5878E-02
   103.5      0.2348E-03 -0.5101E-02 -0.1527E-02 -0.2060E-02 -0.6182E-02
   104.0      0.2348E-03 -0.4663E-02 -0.1623E-02 -0.1960E-02 -0.6440E-02
   104.5      0.2349E-03 -0.4202E-02 -0.1690E-02 -0.1857E-02 -0.6653E-02
   105.0      0.2350E-03 -0.3718E-02 -0.1727E-02 -0.1751E-02 -0.6821E-02
   105.5      0.2350E-03 -0.3213E-02 -0.1736E-02 -0.1644E-02 -0.6945E-02
   106.0      0.2350E-03 -0.2685E-02 -0.1717E-02 -0.1536E-02 -0.7026E-02
   106.5      0.2349E-03 -0.2137E-02 -0.1672E-02 -0.1428E-02 -0.7067E-02
   107.0      0.2346E-03 -0.1568E-02 -0.1602E-02 -0.1320E-02 -0.7068E-02
   107.5      0.2343E-03 -0.9784E-03 -0.1507E-02 -0.1213E-02 -0.7031E-02
   108.0      0.2338E-03 -0.3688E-03 -0.1391E-02 -0.1107E-02 -0.6958E-02
   108.5      0.2332E-03  0.2603E-03 -0.1253E-02 -0.1002E-02 -0.6850E-02
   109.0      0.2324E-03  0.9080E-03 -0.1096E-02 -0.8986E-03 -0.6708E-02
   109.5      0.2315E-03  0.1574E-02 -0.9212E-03 -0.7969E-03 -0.6535E-02
   110.0      0.2304E-03  0.2256E-02 -0.7300E-03 -0.6971E-03 -0.6331E-02
   110.5      0.2292E-03  0.2953E-02 -0.5242E-03 -0.5991E-03 -0.6098E-02
   111.0      0.2279E-03  0.3664E-02 -0.3057E-03 -0.5030E-03 -0.5837E-02
   111.5      0.2265E-03  0.4386E-02 -0.7640E-04 -0.4089E-03 -0.5550E-02
   112.0      0.2250E-03  0.5116E-02  0.1618E-03 -0.3168E-03 -0.5239E-02
   112.5      0.2235E-03  0.5853E-02  0.4066E-03 -0.2268E-03 -0.4906E-02
   113.0      0.2219E-03  0.6591E-02  0.6559E-03 -0.1387E-03 -0.4552E-02
   113.5      0.2203E-03  0.7327E-02  0.9071E-03 -0.5278E-04 -0.4180E-02
   114.0      0.2187E-03  0.8057E-02  0.1158E-02  0.3111E-04 -0.3793E-02
   114.5      0.2171E-03  0.8776E-02  0.1405E-02  0.1129E-03 -0.3392E-02
   115.0      0.2155E-03  0.9478E-02  0.1647E-02  0.1925E-03 -0.2982E-02
   115.5      0.2141E-03  0.1016E-01  0.1879E-02  0.2700E-03 -0.2565E-02
   116.0      0.2127E-03  0.1081E-01  0.2100E-02  0.3453E-03 -0.2144E-02
   116.5      0.2114E-03  0.1143E-01  0.2307E-02  0.4184E-03 -0.1724E-02
   117.0      0.2102E-03  0.1201E-01  0.2496E-02  0.4892E-03 -0.1307E-02
   117.5      0.2092E-03  0.1255E-01  0.2665E-02  0.5578E-03 -0.8982E-03
   118.0      0.2083E-03  0.1303E-01  0.2813E-02  0.6240E-03 -0.5011E-03
   118.5      0.2076E-03  0.1346E-01  0.2936E-02  0.6880E-03 -0.1192E-03
   119.0      0.2070E-03  0.1384E-01  0.3034E-02  0.7498E-03  0.2436E-03
   119.5      0.2065E-03  0.1415E-01  0.3103E-02  0.8093E-03  0.5842E-03
   120.0      0.2062E-03  0.1439E-01  0.3145E-02  0.8667E-03  0.8993E-03
   120.5      0.2061E-03  0.1457E-01  0.3157E-02  0.9220E-03  0.1186E-02
   121.0      0.2061E-03  0.1468E-01  0.3140E-02  0.9753E-03  0.1443E-02
   121.5      0.2062E-03  0.1472E-01  0.3093E-02  0.1027E-02  0.1667E-02
   122.0      0.2064E-03  0.1469E-01  0.3017E-02  0.1076E-02  0.1857E-02
   122.5      0.2067E-03  0.1459E-01  0.2914E-02  0.1124E-02  0.2012E-02
   123.0      0.2070E-03  0.1443E-01  0.2783E-02  0.1171E-02  0.2132E-02
   123.5      0.2074E-03  0.1421E-01  0.2627E-02  0.1216E-02  0.2217E-02
   124.0      0.2079E-03  0.1393E-01  0.2446E-02  0.1261E-02  0.2266E-02
   124.5      0.2083E-03  0.1359E-01  0.2243E-02  0.1304E-02  0.2281E-02
   125.0      0.2087E-03  0.1320E-01  0.2019E-02  0.1346E-02  0.2262E-02
   125.5      0.2091E-03  0.1275E-01  0.1777E-02  0.1388E-02  0.2210E-02
   126.0      0.2093E-03  0.1227E-01  0.1517E-02  0.1429E-02  0.2127E-02
   126.5      0.2095E-03  0.1173E-01  0.1241E-02  0.1470E-02  0.2013E-02
   127.0      0.2096E-03  0.1116E-01  0.9524E-03  0.1511E-02  0.1871E-02
   127.5      0.2095E-03  0.1055E-01  0.6512E-03  0.1551E-02  0.1701E-02
   128.0      0.2092E-03  0.9897E-02  0.3394E-03  0.1591E-02  0.1506E-02
   128.5      0.2088E-03  0.9216E-02  0.1841E-04  0.1632E-02  0.1287E-02
   129.0      0.2082E-03  0.8503E-02 -0.3103E-03  0.1672E-02  0.1044E-02
   129.5      0.2074E-03  0.7760E-02 -0.6456E-03  0.1712E-02  0.7802E-03
   130.0      0.2063E-03  0.6989E-02 -0.9861E-03  0.1752E-02  0.4960E-03
   130.5      0.2051E-03  0.6190E-02 -0.1331E-02  0.1792E-02  0.1929E-03
   131.0      0.2036E-03  0.5364E-02 -0.1679E-02  0.1832E-02 -0.1278E-03
   131.5      0.2019E-03  0.4512E-02 -0.2028E-02  0.1871E-02 -0.4650E-03
   132.0      0.2000E-03  0.3634E-02 -0.2378E-02  0.1909E-02 -0.8173E-03
   132.5      0.1979E-03  0.2731E-02 -0.2728E-02  0.1947E-02 -0.1183E-02
   133.0      0.1957E-03  0.1803E-02 -0.3076E-02  0.1983E-02 -0.1562E-02
   133.5      0.1932E-03  0.8517E-03 -0.3421E-02  0.2018E-02 -0.1952E-02
   134.0      0.1906E-03 -0.1230E-03 -0.3761E-02  0.2051E-02 -0.2351E-02
   134.5      0.1879E-03 -0.1119E-02 -0.4095E-02  0.2082E-02 -0.2758E-02
   135.0      0.1851E-03 -0.2136E-02 -0.4420E-02  0.2109E-02 -0.3171E-02
   135.5      0.1822E-03 -0.3171E-02 -0.4736E-02  0.2133E-02 -0.3586E-02
   136.0      0.1793E-03 -0.4221E-02 -0.5038E-02  0.2152E-02 -0.4003E-02
   136.5      0.1763E-03 -0.5282E-02 -0.5325E-02  0.2167E-02 -0.4417E-02
   137.0      0.1734E-03 -0.6350E-02 -0.5594E-02  0.2175E-02 -0.4826E-02
   137.5      0.1705E-03 -0.7419E-02 -0.5842E-02  0.2177E-02 -0.5225E-02
   138.0      0.1677E-03 -0.8483E-02 -0.6066E-02  0.2172E-02 -0.5611E-02
   138.5      0.1651E-03 -0.9532E-02 -0.6261E-02  0.2159E-02 -0.5979E-02
   139.0      0.1626E-03 -0.1056E-01 -0.6426E-02  0.2137E-02 -0.6324E-02
   139.5      0.1603E-03 -0.1155E-01 -0.6557E-02  0.2105E-02 -0.6641E-02
   140.0      0.1582E-03 -0.1250E-01 -0.6650E-02  0.2063E-02 -0.6925E-02
   140.5      0.1563E-03 -0.1340E-01 -0.6703E-02  0.2011E-02 -0.7172E-02
   141.0      0.1548E-03 -0.1423E-01 -0.6713E-02  0.1948E-02 -0.7377E-02
   141.5      0.1535E-03 -0.1498E-01 -0.6680E-02  0.1875E-02 -0.7535E-02
   142.0      0.1526E-03 -0.1563E-01 -0.6601E-02  0.1792E-02 -0.7643E-02
   142.5      0.1520E-03 -0.1619E-01 -0.6477E-02  0.1699E-02 -0.7698E-02
   143.0      0.1518E-03 -0.1664E-01 -0.6310E-02  0.1597E-02 -0.7699E-02
   143.5      0.1520E-03 -0.1697E-01 -0.6100E-02  0.1488E-02 -0.7646E-02
   144.0      0.1525E-03 -0.1719E-01 -0.5852E-02  0.1373E-02 -0.7539E-02
   144.5      0.1534E-03 -0.1728E-01 -0.5567E-02  0.1252E-02 -0.7380E-02
   145.0      0.1547E-03 -0.1725E-01 -0.5252E-02  0.1129E-02 -0.7173E-02
   145.5      0.1564E-03 -0.1710E-01 -0.4911E-02  0.1004E-02 -0.6921E-02
   146.0      0.1585E-03 -0.1684E-01 -0.4549E-02  0.8800E-03 -0.6631E-02
   146.5      0.1609E-03 -0.1647E-01 -0.4171E-02  0.7574E-03 -0.6306E-02
   147.0      0.1637E-03 -0.1601E-01 -0.3783E-02  0.6381E-03 -0.5954E-02
   147.5      0.1669E-03 -0.1546E-01 -0.3389E-02  0.5234E-03 -0.5579E-02
   148.0      0.1703E-03 -0.1483E-01 -0.2995E-02  0.4144E-03 -0.5189E-02
   148.5      0.1740E-03 -0.1414E-01 -0.2604E-02  0.3121E-03 -0.4789E-02
   149.0      0.1781E-03 -0.1340E-01 -0.2220E-02  0.2172E-03 -0.4384E-02
   149.5      0.1823E-03 -0.1261E-01 -0.1845E-02  0.1303E-03 -0.3978E-02
   150.0      0.1867E-03 -0.1178E-01 -0.1483E-02  0.5152E-04 -0.3577E-02
   150.5      0.1914E-03 -0.1094E-01 -0.1134E-02 -0.1881E-04 -0.3182E-02
   151.0      0.1961E-03 -0.1007E-01 -0.7998E-03 -0.8068E-04 -0.2798E-02
   151.5      0.2010E-03 -0.9191E-02 -0.4810E-03 -0.1342E-03 -0.2426E-02
   152.0      0.2060E-03 -0.8308E-02 -0.1780E-03 -0.1795E-03 -0.2069E-02
   152.5      0.2110E-03 -0.7424E-02  0.1095E-03 -0.2169E-03 -0.1728E-02
   153.0      0.2160E-03 -0.6545E-02  0.3817E-03 -0.2467E-03 -0.1403E-02
   153.5      0.2209E-03 -0.5672E-02  0.6393E-03 -0.2692E-03 -0.1096E-02
   154.0      0.2259E-03 -0.4809E-02  0.8830E-03 -0.2848E-03 -0.8057E-03
   154.5      0.2307E-03 -0.3958E-02  0.1114E-02 -0.2939E-03 -0.5337E-03
   155.0      0.2354E-03 -0.3119E-02  0.1332E-02 -0.2968E-03 -0.2793E-03
   155.5      0.2399E-03 -0.2295E-02  0.1540E-02 -0.2940E-03 -0.4223E-04
   156.0      0.2443E-03 -0.1486E-02  0.1738E-02 -0.2858E-03  0.1778E-03
   156.5      0.2484E-03 -0.6931E-03  0.1927E-02 -0.2726E-03  0.3812E-03
   157.0      0.2524E-03  0.8417E-04  0.2108E-02 -0.2548E-03  0.5684E-03
   157.5      0.2561E-03  0.8452E-03  0.2282E-02 -0.2327E-03  0.7400E-03
   158.0      0.2595E-03  0.1590E-02  0.2451E-02 -0.2067E-03  0.8965E-03
   158.5      0.2627E-03  0.2317E-02  0.2615E-02 -0.1771E-03  0.1038E-02
   159.0      0.2655E-03  0.3028E-02  0.2775E-02 -0.1441E-03  0.1166E-02
   159.5      0.2681E-03  0.3721E-02  0.2932E-02 -0.1083E-03  0.1280E-02
   160.0      0.2704E-03  0.4396E-02  0.3087E-02 -0.6974E-04  0.1382E-02
   160.5      0.2724E-03  0.5053E-02  0.3240E-02 -0.2889E-04  0.1470E-02
   161.0      0.2741E-03  0.5691E-02  0.3393E-02  0.1397E-04  0.1546E-02
   161.5      0.2755E-03  0.6309E-02  0.3546E-02  0.5853E-04  0.1611E-02
   162.0      0.2766E-03  0.6905E-02  0.3699E-02  0.1045E-03  0.1663E-02
   162.5      0.2774E-03  0.7480E-02  0.3853E-02  0.1514E-03  0.1705E-02
   163.0      0.2780E-03  0.8031E-02  0.4009E-02  0.1991E-03  0.1736E-02
   163.5      0.2783E-03  0.8556E-02  0.4167E-02  0.2471E-03  0.1757E-02
   164.0      0.2783E-03  0.9054E-02  0.4326E-02  0.2951E-03  0.1768E-02
   164.5      0.2781E-03  0.9524E-02  0.4489E-02  0.3427E-03  0.1769E-02
   165.0      0.2777E-03  0.9961E-02  0.4654E-02  0.3896E-03  0.1760E-02
   165.5      0.2771E-03  0.1037E-01  0.4822E-02  0.4353E-03  0.1743E-02
   166.0      0.2763E-03  0.1073E-01  0.4992E-02  0.4795E-03  0.1717E-02
   166.5      0.2753E-03  0.1106E-01  0.5166E-02  0.5218E-03  0.1683E-02
   167.0      0.2742E-03  0.1135E-01  0.5342E-02  0.5618E-03  0.1642E-02
   167.5      0.2729E-03  0.1160E-01  0.5520E-02  0.5990E-03  0.1592E-02
   168.0      0.2716E-03  0.1179E-01  0.5701E-02  0.6331E-03  0.1537E-02
   168.5      0.2701E-03  0.1194E-01  0.5883E-02  0.6636E-03  0.1475E-02
   169.0      0.2686E-03  0.1204E-01  0.6066E-02  0.6902E-03  0.1407E-02
   169.5      0.2670E-03  0.1208E-01  0.6251E-02  0.7126E-03  0.1334E-02
   170.0      0.2654E-03  0.1206E-01  0.6435E-02  0.7303E-03  0.1257E-02
   170.5      0.2637E-03  0.1199E-01  0.6619E-02  0.7431E-03  0.1176E-02
   171.0      0.2621E-03  0.1186E-01  0.6802E-02  0.7507E-03  0.1092E-02
   171.5      0.2605E-03  0.1166E-01  0.6982E-02  0.7529E-03  0.1006E-02
   172.0      0.2588E-03  0.1140E-01  0.7160E-02  0.7494E-03  0.9189E-03
   172.5      0.2573E-03  0.1108E-01  0.7333E-02  0.7401E-03  0.8311E-03
   173.0      0.2557E-03  0.1069E-01  0.7502E-02  0.7250E-03  0.7437E-03
   173.5      0.2542E-03  0.1025E-01  0.7665E-02  0.7039E-03  0.6575E-03
   174.0      0.2528E-03  0.9736E-02  0.7820E-02  0.6770E-03  0.5733E-03
   174.5      0.2515E-03  0.9166E-02  0.7968E-02  0.6444E-03  0.4921E-03
   175.0      0.2503E-03  0.8539E-02  0.8107E-02  0.6061E-03  0.4147E-03
   175.5      0.2492E-03  0.7857E-02  0.8236E-02  0.5626E-03  0.3419E-03
   176.0      0.2481E-03  0.7124E-02  0.8355E-02  0.5140E-03  0.2745E-03
   176.5      0.2472E-03  0.6344E-02  0.8461E-02  0.4607E-03  0.2131E-03
   177.0      0.2464E-03  0.5521E-02  0.8555E-02  0.4032E-03  0.1585E-03
   177.5      0.2457E-03  0.4660E-02  0.8636E-02  0.3420E-03  0.1112E-03
   178.0      0.2451E-03  0.3768E-02  0.8704E-02  0.2775E-03  0.7175E-04
   178.5      0.2447E-03  0.2849E-02  0.8756E-02  0.2105E-03  0.4062E-04
   179.0      0.2443E-03  0.1910E-02  0.8794E-02  0.1414E-03  0.1814E-04
   179.5      0.2441E-03  0.9586E-03  0.8817E-02  0.7106E-04  0.4548E-05
   180.0      0.2441E-03   0.000      0.8825E-02   0.000       0.000    
 END
