# Fusion cross sections for ELAB=  16.000, ECM=  13.700
     0.0   8.969     -1
     1.0   52.81      1
     1.0   79.75     -1
     2.0   43.90      1
     2.0   132.8     -1
     3.0   124.2      1
     3.0   188.0     -1
     4.0   78.08      1
     4.0   220.1     -1
     5.0   130.3      1
     5.0   207.4     -1
     6.0   43.05      1
     6.0   153.0     -1
     7.0   57.84      1
     7.0   76.08     -1
     8.0   7.216      1
     8.0   30.83     -1
     9.0   9.081      1
     9.0   11.84     -1
    10.0   1.036      1
    10.0   4.450     -1
    11.0   1.267      1
    11.0   1.650     -1
    12.0  0.1407      1
    12.0  0.6057     -1
    13.0  0.1692      1
    13.0  0.2203     -1
    14.0  0.1842E-01  1
    14.0  0.7950E-01 -1
    15.0  0.2190E-01  1
    15.0  0.2850E-01 -1
    16.0  0.2347E-02  1
    16.0  0.1015E-01 -1
    17.0  0.2767E-02  1
    17.0  0.3570E-02 -1
    18.0  0.8730E-04  1
    18.0  0.1063E-02 -1
    19.0  0.3428E-03  1
    19.0 -0.1812E-03 -1
    20.0 -0.9443E-05  1
    20.0  0.1092E-03 -1
 &
