           2           1           1
    0.0-     1 1   8.988       0.000      0.1895E-01   8.969    
    1.0+     0 1   26.12       0.000      0.4871E-02   26.11    
    1.0+     2 2   26.76       0.000      0.5998E-01   26.70    
    1.0-     1 1   26.96       0.000      0.2329E-01   26.94    
    2.0+     2 1   43.99       0.000      0.8458E-01   43.90    
    2.0-     1 1   44.65       0.000      0.5496E-01   44.59    
    2.0-     3 2   44.86       0.000      0.5719       44.29    
    3.0+     2 1   61.62       0.000      0.8917E-01   61.53    
    3.0+     4 2   63.24       0.000      0.5691       62.67    
    3.0-     3 1   64.49       0.000      0.6968       63.79    
    4.0+     4 1   78.33       0.000      0.2454       78.08    
    4.0-     3 1   81.63       0.000      0.3830E-01   81.59    
    4.0-     5 2   61.63       0.000       1.210       60.42    
    5.0+     4 1   95.12       0.000      0.7603E-01   95.04    
    5.0+     6 2   35.83       0.000      0.5638       35.27    
    5.0-     5 1   78.02       0.000      0.9437       77.08    
    6.0+     6 1   43.28       0.000      0.2371       43.05    
    6.0-     5 1   94.43       0.000      0.7971E-01   94.35    
    6.0-     7 2   15.91       0.000      0.3125       15.59    
    7.0+     6 1   51.53       0.000      0.2590E-01   51.51    
    7.0+     8 2   6.400       0.000      0.7001E-01   6.330    
    7.0-     7 1   18.49       0.000      0.2455       18.25    
    8.0+     8 1   7.270       0.000      0.5377E-01   7.216    
    8.0-     7 1   21.15       0.000      0.5654E-02   21.15    
    8.0-     9 2   2.478       0.000      0.1567E-01   2.462    
    9.0+     8 1   8.147       0.000      0.1163E-02   8.146    
    9.0+    10 2  0.9392       0.000      0.3561E-02  0.9357    
    9.0-     9 1   2.771       0.000      0.1176E-01   2.759    
   10.0+    10 1   1.038       0.000      0.2619E-02   1.036    
   10.0-     9 1   3.065       0.000      0.2384E-03   3.065    
   10.0-    11 2  0.3509       0.000      0.8174E-03  0.3500    
   11.0+    10 1   1.137       0.000      0.4957E-04   1.137    
   11.0+    12 2  0.1295       0.000      0.1891E-03  0.1293    
   11.0-    11 1  0.3843       0.000      0.5906E-03  0.3837    
   12.0+    12 1  0.1408       0.000      0.1345E-03  0.1407    
   12.0-    11 1  0.4177       0.000      0.1048E-04  0.4177    
   12.0-    13 2  0.4734E-01   0.000      0.4401E-04  0.4730E-01
   13.0+    12 1  0.1521       0.000      0.2251E-05  0.1521    
   13.0+    14 2  0.1716E-01   0.000      0.1030E-04  0.1715E-01
   13.0-    13 1  0.5113E-01   0.000      0.3087E-04  0.5110E-01
   14.0+    14 1  0.1843E-01   0.000      0.7135E-05  0.1842E-01
   14.0-    13 1  0.5492E-01   0.000      0.4906E-06  0.5492E-01
   14.0-    15 2  0.6171E-02   0.000      0.2420E-05  0.6169E-02
   15.0+    14 1  0.1970E-01   0.000      0.1082E-06  0.1970E-01
   15.0+    16 2  0.2205E-02   0.000      0.5716E-06  0.2205E-02
   15.0-    15 1  0.6597E-02   0.000      0.1660E-05  0.6595E-02
   16.0+    16 1  0.2348E-02   0.000      0.3887E-06  0.2347E-02
   16.0-    15 1  0.7022E-02   0.000      0.2417E-07  0.7022E-02
   16.0-    17 2  0.7837E-03   0.000      0.1357E-06  0.7836E-03
   17.0+    16 1  0.2490E-02   0.000      0.5435E-08  0.2490E-02
   17.0+    18 2  0.2771E-03   0.000      0.3238E-07  0.2770E-03
   17.0-    17 1  0.8312E-03   0.000      0.2788E-04  0.8033E-03
   18.0+    18 1  0.2929E-03   0.000      0.2056E-03  0.8730E-04
   18.0-    17 1  0.8787E-03   0.000      0.1296E-06  0.8786E-03
   18.0-    19 2  0.9751E-04   0.000      0.7793E-08  0.9751E-04
   19.0+    18 1  0.3087E-03   0.000      0.1223E-06  0.3086E-03
   19.0+    20 2  0.3418E-04   0.000      0.2686E-08  0.3418E-04
   19.0-    19 1  0.1028E-03   0.000      0.6268E-03 -0.5240E-03
   20.0+    20 1  0.3593E-04   0.000      0.4538E-04 -0.9443E-05
   20.0-    19 1  0.1081E-03   0.000      0.1340E-05  0.1067E-03
   20.0-    21 2  0.1194E-04   0.000      0.6872E-09  0.1194E-04
