# 121 angles,  1 tensor ranks for 0=projectile
@subtitle   "12C(d,p)13C | E_beam = 16MeV | DWBA | Ex = 0.0MeV"                             
@legend ON
@legend x1 0.2
@legend y1 0.8
@g0 type LOGY
@yaxis ticklabel format power
@legend string   0 "Lab energy =   16.0000"
#legend string   0 "Partition=  2 Excit=  1 near/far= 1"
#  Theta       sigma       iT11        T20         T21         T22         Kyy for projectile
   0.000       1.384    
  0.5000       1.383    
   1.000       1.383    
   1.500       1.381    
   2.000       1.380    
   2.500       1.378    
   3.000       1.375    
   3.500       1.372    
   4.000       1.369    
   4.500       1.366    
   5.000       1.362    
   5.500       1.359    
   6.000       1.355    
   6.500       1.351    
   7.000       1.347    
   7.500       1.343    
   8.000       1.339    
   8.500       1.335    
   9.000       1.331    
   9.500       1.327    
   10.00       1.324    
   10.50       1.320    
   11.00       1.316    
   11.50       1.312    
   12.00       1.308    
   12.50       1.305    
   13.00       1.301    
   13.50       1.297    
   14.00       1.292    
   14.50       1.288    
   15.00       1.284    
   15.50       1.279    
   16.00       1.275    
   16.50       1.270    
   17.00       1.265    
   17.50       1.260    
   18.00       1.255    
   18.50       1.250    
   19.00       1.245    
   19.50       1.239    
   20.00       1.234    
   20.50       1.229    
   21.00       1.224    
   21.50       1.219    
   22.00       1.214    
   22.50       1.210    
   23.00       1.205    
   23.50       1.201    
   24.00       1.197    
   24.50       1.193    
   25.00       1.189    
   25.50       1.185    
   26.00       1.181    
   26.50       1.178    
   27.00       1.174    
   27.50       1.170    
   28.00       1.167    
   28.50       1.163    
   29.00       1.160    
   29.50       1.156    
   30.00       1.153    
   30.50       1.149    
   31.00       1.145    
   31.50       1.141    
   32.00       1.137    
   32.50       1.133    
   33.00       1.129    
   33.50       1.125    
   34.00       1.120    
   34.50       1.116    
   35.00       1.111    
   35.50       1.107    
   36.00       1.102    
   36.50       1.097    
   37.00       1.093    
   37.50       1.088    
   38.00       1.083    
   38.50       1.078    
   39.00       1.073    
   39.50       1.068    
   40.00       1.063    
   40.50       1.058    
   41.00       1.053    
   41.50       1.048    
   42.00       1.043    
   42.50       1.037    
   43.00       1.031    
   43.50       1.026    
   44.00       1.020    
   44.50       1.013    
   45.00       1.007    
   45.50       1.000    
   46.00      0.9934    
   46.50      0.9863    
   47.00      0.9790    
   47.50      0.9715    
   48.00      0.9637    
   48.50      0.9558    
   49.00      0.9477    
   49.50      0.9394    
   50.00      0.9309    
   50.50      0.9223    
   51.00      0.9136    
   51.50      0.9047    
   52.00      0.8958    
   52.50      0.8868    
   53.00      0.8777    
   53.50      0.8685    
   54.00      0.8592    
   54.50      0.8500    
   55.00      0.8406    
   55.50      0.8313    
   56.00      0.8218    
   56.50      0.8123    
   57.00      0.8028    
   57.50      0.7932    
   58.00      0.7836    
   58.50      0.7738    
   59.00      0.7641    
   59.50      0.7542    
   60.00      0.7443    
 END
