# Fusion cross sections for ELAB=  16.000, ECM=  13.700
     0.0   8.969       8.988      0.1895E-01
     1.0   79.75       79.84      0.8815E-01
     2.0   132.8       133.5      0.7114    
     3.0   188.0       189.3       1.355    
     4.0   220.1       221.6       1.494    
     5.0   207.4       209.0       1.584    
     6.0   153.0       153.6      0.6293    
     7.0   76.08       76.42      0.3414    
     8.0   30.83       30.90      0.7510E-01
     9.0   11.84       11.86      0.1648E-01
    10.0   4.450       4.454      0.3675E-02
    11.0   1.650       1.651      0.8293E-03
    12.0  0.6057      0.6059      0.1890E-03
    13.0  0.2203      0.2203      0.4342E-04
    14.0  0.7950E-01  0.7951E-01  0.1005E-04
    15.0  0.2850E-01  0.2850E-01  0.2339E-05
    16.0  0.1015E-01  0.1015E-01  0.5485E-06
    17.0  0.3570E-02  0.3598E-02  0.2791E-04
    18.0  0.1063E-02  0.1269E-02  0.2057E-03
    19.0 -0.1812E-03  0.4457E-03  0.6269E-03
    20.0  0.1092E-03  0.1559E-03  0.4672E-04
 &
