# 121 angles,  1 tensor ranks for 0=projectile
@subtitle   "12C(d,p)13C | E_beam = 16MeV | DWBA | Ex = 0.0MeV"                             
@legend ON
@legend x1 0.2
@legend y1 0.8
@g0 type LOGY
@yaxis ticklabel format power
@xaxis label "Scattering angle (degrees)"
@yaxis label "Cross section (mb/sr)"
@legend string   0 "Partition=  1 Excit=  1 near/far= 1"
#legend string   0 "Lab energy =   16.0000"
@s0 linestyle   1
#  Theta       sigma       iT11        T20         T21         T22         Kyy for projectile
  0.1000E-01   1.000    
  0.5000      0.9975    
   1.000      0.9861    
   1.500      0.9665    
   2.000      0.9405    
   2.500      0.9101    
   3.000      0.8769    
   3.500      0.8425    
   4.000      0.8085    
   4.500      0.7762    
   5.000      0.7472    
   5.500      0.7226    
   6.000      0.7036    
   6.500      0.6913    
   7.000      0.6868    
   7.500      0.6908    
   8.000      0.7040    
   8.500      0.7272    
   9.000      0.7608    
   9.500      0.8050    
   10.00      0.8601    
   10.50      0.9260    
   11.00       1.003    
   11.50       1.090    
   12.00       1.186    
   12.50       1.293    
   13.00       1.407    
   13.50       1.529    
   14.00       1.658    
   14.50       1.792    
   15.00       1.930    
   15.50       2.071    
   16.00       2.213    
   16.50       2.355    
   17.00       2.496    
   17.50       2.633    
   18.00       2.766    
   18.50       2.892    
   19.00       3.011    
   19.50       3.121    
   20.00       3.221    
   20.50       3.309    
   21.00       3.385    
   21.50       3.447    
   22.00       3.495    
   22.50       3.529    
   23.00       3.547    
   23.50       3.549    
   24.00       3.536    
   24.50       3.507    
   25.00       3.462    
   25.50       3.402    
   26.00       3.327    
   26.50       3.239    
   27.00       3.137    
   27.50       3.023    
   28.00       2.898    
   28.50       2.763    
   29.00       2.619    
   29.50       2.468    
   30.00       2.311    
   30.50       2.150    
   31.00       1.986    
   31.50       1.821    
   32.00       1.657    
   32.50       1.494    
   33.00       1.334    
   33.50       1.179    
   34.00       1.030    
   34.50      0.8877    
   35.00      0.7543    
   35.50      0.6302    
   36.00      0.5166    
   36.50      0.4141    
   37.00      0.3236    
   37.50      0.2454    
   38.00      0.1801    
   38.50      0.1279    
   39.00      0.8900E-01
   39.50      0.6329E-01
   40.00      0.5068E-01
   40.50      0.5088E-01
   41.00      0.6351E-01
   41.50      0.8805E-01
   42.00      0.1239    
   42.50      0.1703    
   43.00      0.2264    
   43.50      0.2915    
   44.00      0.3645    
   44.50      0.4444    
   45.00      0.5301    
   45.50      0.6207    
   46.00      0.7149    
   46.50      0.8117    
   47.00      0.9100    
   47.50       1.009    
   48.00       1.107    
   48.50       1.203    
   49.00       1.297    
   49.50       1.387    
   50.00       1.472    
   50.50       1.553    
   51.00       1.627    
   51.50       1.695    
   52.00       1.756    
   52.50       1.809    
   53.00       1.854    
   53.50       1.892    
   54.00       1.920    
   54.50       1.940    
   55.00       1.952    
   55.50       1.956    
   56.00       1.951    
   56.50       1.938    
   57.00       1.918    
   57.50       1.890    
   58.00       1.855    
   58.50       1.815    
   59.00       1.768    
   59.50       1.716    
   60.00       1.660    
 END
@legend string   1 "Partition=  2 Excit=  1 near/far= 1"
#legend string   0 "Lab energy =   16.0000"
@s1 linestyle   2
#  Theta       sigma       iT11        T20         T21         T22         Kyy for projectile
   0.000       1.384    
  0.5000       1.383    
   1.000       1.383    
   1.500       1.381    
   2.000       1.380    
   2.500       1.378    
   3.000       1.375    
   3.500       1.372    
   4.000       1.369    
   4.500       1.366    
   5.000       1.362    
   5.500       1.359    
   6.000       1.355    
   6.500       1.351    
   7.000       1.347    
   7.500       1.343    
   8.000       1.339    
   8.500       1.335    
   9.000       1.331    
   9.500       1.327    
   10.00       1.324    
   10.50       1.320    
   11.00       1.316    
   11.50       1.312    
   12.00       1.308    
   12.50       1.305    
   13.00       1.301    
   13.50       1.297    
   14.00       1.292    
   14.50       1.288    
   15.00       1.284    
   15.50       1.279    
   16.00       1.275    
   16.50       1.270    
   17.00       1.265    
   17.50       1.260    
   18.00       1.255    
   18.50       1.250    
   19.00       1.245    
   19.50       1.239    
   20.00       1.234    
   20.50       1.229    
   21.00       1.224    
   21.50       1.219    
   22.00       1.214    
   22.50       1.210    
   23.00       1.205    
   23.50       1.201    
   24.00       1.197    
   24.50       1.193    
   25.00       1.189    
   25.50       1.185    
   26.00       1.181    
   26.50       1.178    
   27.00       1.174    
   27.50       1.170    
   28.00       1.167    
   28.50       1.163    
   29.00       1.160    
   29.50       1.156    
   30.00       1.153    
   30.50       1.149    
   31.00       1.145    
   31.50       1.141    
   32.00       1.137    
   32.50       1.133    
   33.00       1.129    
   33.50       1.125    
   34.00       1.120    
   34.50       1.116    
   35.00       1.111    
   35.50       1.107    
   36.00       1.102    
   36.50       1.097    
   37.00       1.093    
   37.50       1.088    
   38.00       1.083    
   38.50       1.078    
   39.00       1.073    
   39.50       1.068    
   40.00       1.063    
   40.50       1.058    
   41.00       1.053    
   41.50       1.048    
   42.00       1.043    
   42.50       1.037    
   43.00       1.031    
   43.50       1.026    
   44.00       1.020    
   44.50       1.013    
   45.00       1.007    
   45.50       1.000    
   46.00      0.9934    
   46.50      0.9863    
   47.00      0.9790    
   47.50      0.9715    
   48.00      0.9637    
   48.50      0.9558    
   49.00      0.9477    
   49.50      0.9394    
   50.00      0.9309    
   50.50      0.9223    
   51.00      0.9136    
   51.50      0.9047    
   52.00      0.8958    
   52.50      0.8868    
   53.00      0.8777    
   53.50      0.8685    
   54.00      0.8592    
   54.50      0.8500    
   55.00      0.8406    
   55.50      0.8313    
   56.00      0.8218    
   56.50      0.8123    
   57.00      0.8028    
   57.50      0.7932    
   58.00      0.7836    
   58.50      0.7738    
   59.00      0.7641    
   59.50      0.7542    
   60.00      0.7443    
 END
