# Fusion cross sections for ELAB=  30.000, ECM=  25.688
     0.0   4.523     -1
     1.0   27.23      1
     1.0   40.92     -1
     2.0   22.97      1
     2.0   68.73     -1
     3.0   65.38      1
     3.0   98.06     -1
     4.0   42.47      1
     4.0   127.3     -1
     5.0   99.80      1
     5.0   153.2     -1
     6.0   58.25      1
     6.0   158.7     -1
     7.0   97.04      1
     7.0   144.2     -1
     8.0   30.05      1
     8.0   101.1     -1
     9.0   42.23      1
     9.0   58.89     -1
    10.0   8.618      1
    10.0   31.18     -1
    11.0   11.44      1
    11.0   15.74     -1
    12.0   2.109      1
    12.0   7.748     -1
    13.0   2.738      1
    13.0   3.758     -1
    14.0  0.4889      1
    14.0   1.804     -1
    15.0  0.6266      1
    15.0  0.8593     -1
    16.0  0.1100      1
    16.0  0.4067     -1
    17.0  0.1397      1
    17.0  0.1915     -1
    18.0  0.2424E-01  1
    18.0  0.8971E-01 -1
    19.0  0.3055E-01  1
    19.0  0.4185E-01 -1
    20.0  0.5250E-02  1
    20.0  0.1945E-01 -1
 &
