# 361 angles,  1 tensor ranks for 0=projectile
@subtitle   "12C(d,p)13C at 30 MeV DWBA"                                                    
@legend ON
@legend x1 0.2
@legend y1 0.8
@g0 type LOGY
@yaxis ticklabel format power
@legend string   0 "Lab energy =   30.0000"
#legend string   0 "Partition=  1 Excit=  1 near/far= 1"
#  Theta       sigma       iT11        T20         T21         T22         Kyy for projectile
  0.1000E-01   1.000    
  0.5000      0.9914    
   1.000      0.9642    
   1.500      0.9227    
   2.000      0.8717    
   2.500      0.8153    
   3.000      0.7581    
   3.500      0.7045    
   4.000      0.6587    
   4.500      0.6249    
   5.000      0.6073    
   5.500      0.6094    
   6.000      0.6347    
   6.500      0.6859    
   7.000      0.7654    
   7.500      0.8748    
   8.000       1.015    
   8.500       1.186    
   9.000       1.388    
   9.500       1.619    
   10.00       1.876    
   10.50       2.157    
   11.00       2.459    
   11.50       2.777    
   12.00       3.105    
   12.50       3.440    
   13.00       3.774    
   13.50       4.103    
   14.00       4.421    
   14.50       4.721    
   15.00       4.999    
   15.50       5.248    
   16.00       5.463    
   16.50       5.642    
   17.00       5.779    
   17.50       5.872    
   18.00       5.918    
   18.50       5.917    
   19.00       5.869    
   19.50       5.772    
   20.00       5.630    
   20.50       5.443    
   21.00       5.216    
   21.50       4.952    
   22.00       4.655    
   22.50       4.331    
   23.00       3.985    
   23.50       3.623    
   24.00       3.251    
   24.50       2.876    
   25.00       2.503    
   25.50       2.140    
   26.00       1.791    
   26.50       1.462    
   27.00       1.159    
   27.50      0.8859    
   28.00      0.6472    
   28.50      0.4461    
   29.00      0.2851    
   29.50      0.1663    
   30.00      0.9073E-01
   30.50      0.5873E-01
   31.00      0.6993E-01
   31.50      0.1232    
   32.00      0.2167    
   32.50      0.3479    
   33.00      0.5139    
   33.50      0.7109    
   34.00      0.9351    
   34.50       1.182    
   35.00       1.447    
   35.50       1.725    
   36.00       2.012    
   36.50       2.301    
   37.00       2.590    
   37.50       2.872    
   38.00       3.144    
   38.50       3.402    
   39.00       3.641    
   39.50       3.858    
   40.00       4.051    
   40.50       4.218    
   41.00       4.356    
   41.50       4.464    
   42.00       4.542    
   42.50       4.589    
   43.00       4.607    
   43.50       4.596    
   44.00       4.557    
   44.50       4.492    
   45.00       4.405    
   45.50       4.297    
   46.00       4.172    
   46.50       4.032    
   47.00       3.883    
   47.50       3.727    
   48.00       3.567    
   48.50       3.409    
   49.00       3.255    
   49.50       3.110    
   50.00       2.977    
   50.50       2.860    
   51.00       2.762    
   51.50       2.685    
   52.00       2.633    
   52.50       2.607    
   53.00       2.610    
   53.50       2.644    
   54.00       2.710    
   54.50       2.808    
   55.00       2.939    
   55.50       3.103    
   56.00       3.300    
   56.50       3.529    
   57.00       3.790    
   57.50       4.080    
   58.00       4.397    
   58.50       4.741    
   59.00       5.109    
   59.50       5.498    
   60.00       5.906    
   60.50       6.330    
   61.00       6.766    
   61.50       7.213    
   62.00       7.666    
   62.50       8.124    
   63.00       8.582    
   63.50       9.038    
   64.00       9.488    
   64.50       9.931    
   65.00       10.36    
   65.50       10.78    
   66.00       11.18    
   66.50       11.57    
   67.00       11.93    
   67.50       12.28    
   68.00       12.60    
   68.50       12.89    
   69.00       13.16    
   69.50       13.41    
   70.00       13.63    
   70.50       13.82    
   71.00       13.98    
   71.50       14.11    
   72.00       14.22    
   72.50       14.31    
   73.00       14.37    
   73.50       14.40    
   74.00       14.41    
   74.50       14.40    
   75.00       14.36    
   75.50       14.31    
   76.00       14.24    
   76.50       14.16    
   77.00       14.06    
   77.50       13.94    
   78.00       13.82    
   78.50       13.69    
   79.00       13.55    
   79.50       13.40    
   80.00       13.25    
   80.50       13.10    
   81.00       12.94    
   81.50       12.79    
   82.00       12.64    
   82.50       12.49    
   83.00       12.34    
   83.50       12.20    
   84.00       12.07    
   84.50       11.95    
   85.00       11.83    
   85.50       11.72    
   86.00       11.62    
   86.50       11.52    
   87.00       11.44    
   87.50       11.37    
   88.00       11.30    
   88.50       11.24    
   89.00       11.20    
   89.50       11.16    
   90.00       11.13    
   90.50       11.10    
   91.00       11.09    
   91.50       11.07    
   92.00       11.07    
   92.50       11.07    
   93.00       11.07    
   93.50       11.08    
   94.00       11.09    
   94.50       11.10    
   95.00       11.11    
   95.50       11.12    
   96.00       11.13    
   96.50       11.14    
   97.00       11.14    
   97.50       11.15    
   98.00       11.15    
   98.50       11.15    
   99.00       11.14    
   99.50       11.13    
   100.0       11.11    
   100.5       11.09    
   101.0       11.06    
   101.5       11.03    
   102.0       10.99    
   102.5       10.94    
   103.0       10.89    
   103.5       10.83    
   104.0       10.77    
   104.5       10.70    
   105.0       10.63    
   105.5       10.55    
   106.0       10.46    
   106.5       10.38    
   107.0       10.28    
   107.5       10.18    
   108.0       10.08    
   108.5       9.978    
   109.0       9.871    
   109.5       9.760    
   110.0       9.647    
   110.5       9.532    
   111.0       9.414    
   111.5       9.295    
   112.0       9.175    
   112.5       9.053    
   113.0       8.930    
   113.5       8.807    
   114.0       8.682    
   114.5       8.556    
   115.0       8.430    
   115.5       8.303    
   116.0       8.175    
   116.5       8.046    
   117.0       7.916    
   117.5       7.785    
   118.0       7.653    
   118.5       7.519    
   119.0       7.385    
   119.5       7.249    
   120.0       7.111    
   120.5       6.972    
   121.0       6.832    
   121.5       6.690    
   122.0       6.546    
   122.5       6.401    
   123.0       6.254    
   123.5       6.106    
   124.0       5.957    
   124.5       5.807    
   125.0       5.656    
   125.5       5.505    
   126.0       5.354    
   126.5       5.204    
   127.0       5.054    
   127.5       4.906    
   128.0       4.760    
   128.5       4.616    
   129.0       4.475    
   129.5       4.338    
   130.0       4.205    
   130.5       4.076    
   131.0       3.953    
   131.5       3.836    
   132.0       3.725    
   132.5       3.621    
   133.0       3.524    
   133.5       3.435    
   134.0       3.354    
   134.5       3.281    
   135.0       3.216    
   135.5       3.161    
   136.0       3.114    
   136.5       3.075    
   137.0       3.045    
   137.5       3.024    
   138.0       3.010    
   138.5       3.004    
   139.0       3.005    
   139.5       3.012    
   140.0       3.026    
   140.5       3.044    
   141.0       3.068    
   141.5       3.094    
   142.0       3.123    
   142.5       3.154    
   143.0       3.186    
   143.5       3.218    
   144.0       3.248    
   144.5       3.276    
   145.0       3.301    
   145.5       3.322    
   146.0       3.338    
   146.5       3.348    
   147.0       3.351    
   147.5       3.347    
   148.0       3.335    
   148.5       3.315    
   149.0       3.286    
   149.5       3.248    
   150.0       3.201    
   150.5       3.145    
   151.0       3.080    
   151.5       3.007    
   152.0       2.925    
   152.5       2.835    
   153.0       2.739    
   153.5       2.636    
   154.0       2.529    
   154.5       2.417    
   155.0       2.303    
   155.5       2.187    
   156.0       2.071    
   156.5       1.956    
   157.0       1.844    
   157.5       1.737    
   158.0       1.635    
   158.5       1.541    
   159.0       1.456    
   159.5       1.382    
   160.0       1.319    
   160.5       1.270    
   161.0       1.235    
   161.5       1.216    
   162.0       1.214    
   162.5       1.230    
   163.0       1.264    
   163.5       1.317    
   164.0       1.389    
   164.5       1.481    
   165.0       1.592    
   165.5       1.723    
   166.0       1.872    
   166.5       2.040    
   167.0       2.225    
   167.5       2.426    
   168.0       2.643    
   168.5       2.873    
   169.0       3.115    
   169.5       3.368    
   170.0       3.630    
   170.5       3.898    
   171.0       4.171    
   171.5       4.446    
   172.0       4.721    
   172.5       4.994    
   173.0       5.263    
   173.5       5.526    
   174.0       5.779    
   174.5       6.022    
   175.0       6.251    
   175.5       6.465    
   176.0       6.662    
   176.5       6.840    
   177.0       6.998    
   177.5       7.134    
   178.0       7.247    
   178.5       7.336    
   179.0       7.400    
   179.5       7.439    
   180.0       7.452    
 END
