# KN1=   3
  0.3967876   0.6054   0.0000    3.553700  -0.0266
  0.3970086   0.6102   0.0000    3.557660  -0.0268
  0.3972296   0.6150   0.0000    3.561623  -0.0270
  0.3974506   0.6198   0.0000    3.565588  -0.0272
  0.3976717   0.6247   0.0000    3.569554  -0.0274
  0.3978927   0.6297   0.0000    3.573524  -0.0276
  0.3981137   0.6347   0.0000    3.577495  -0.0278
  0.3983348   0.6397   0.0000    3.581468  -0.0280
  0.3985558   0.6447   0.0000    3.585444  -0.0282
  0.3987768   0.6499   0.0000    3.589422  -0.0284
  0.3989979   0.6551   0.0000    3.593402  -0.0287
  0.3992189   0.6603   0.0000    3.597385  -0.0289
  0.3994399   0.6656   0.0000    3.601369  -0.0291
  0.3996610   0.6710   0.0000    3.605356  -0.0293
  0.3998820   0.6764   0.0000    3.609345  -0.0295
  0.4001030   0.6819   0.0000    3.613336  -0.0297
  0.4003241   0.6873   0.0000    3.617330  -0.0300
  0.4005451   0.6929   0.0000    3.621325  -0.0302
  0.4007661   0.6985   0.0000    3.625323  -0.0304
  0.4009872   0.7043   0.0000    3.629323  -0.0307
  0.4012082   0.7100   0.0000    3.633325  -0.0309
  0.4014292   0.7158   0.0000    3.637330  -0.0311
  0.4016503   0.7217   0.0000    3.641336  -0.0314
  0.4018713   0.7276   0.0000    3.645345  -0.0316
  0.4020923   0.7336   0.0000    3.649356  -0.0318
  0.4023134   0.7396   0.0000    3.653369  -0.0321
  0.4025344   0.7458   0.0000    3.657385  -0.0323
  0.4027554   0.7519   0.0000    3.661403  -0.0326
  0.4029765   0.7582   0.0000    3.665422  -0.0328
  0.4031975   0.7645   0.0000    3.669444  -0.0331
  0.4034185   0.7709   0.0000    3.673469  -0.0334
  0.4036396   0.7773   0.0000    3.677495  -0.0336
  0.4038606   0.7839   0.0000    3.681524  -0.0339
  0.4040816   0.7904   0.0000    3.685555  -0.0341
  0.4043027   0.7971   0.0000    3.689588  -0.0344
  0.4045237   0.8039   0.0000    3.693623  -0.0347
  0.4047447   0.8107   0.0000    3.697661  -0.0350
  0.4049657   0.8176   0.0000    3.701700  -0.0352
  0.4051868   0.8245   0.0000    3.705742  -0.0355
  0.4054078   0.8316   0.0000    3.709786  -0.0358
  0.4056288   0.8387   0.0000    3.713833  -0.0361
  0.4058499   0.8459   0.0000    3.717881  -0.0364
  0.4060709   0.8532   0.0000    3.721932  -0.0367
  0.4062919   0.8605   0.0000    3.725985  -0.0370
  0.4065130   0.8680   0.0000    3.730040  -0.0373
  0.4067340   0.8755   0.0000    3.734097  -0.0376
  0.4069550   0.8831   0.0000    3.738157  -0.0379
  0.4071761   0.8908   0.0000    3.742219  -0.0382
  0.4073971   0.8986   0.0000    3.746283  -0.0385
  0.4076181   0.9065   0.0000    3.750349  -0.0388
  0.4078392   0.9145   0.0000    3.754417  -0.0391
  0.4080602   0.9226   0.0000    3.758488  -0.0395
  0.4082812   0.9308   0.0000    3.762561  -0.0398
  0.4085023   0.9390   0.0000    3.766636  -0.0401
  0.4087233   0.9474   0.0000    3.770713  -0.0405
  0.4089443   0.9559   0.0000    3.774792  -0.0408
  0.4091654   0.9644   0.0000    3.778874  -0.0411
  0.4093864   0.9731   0.0000    3.782958  -0.0415
  0.4096074   0.9819   0.0000    3.787044  -0.0418
  0.4098285   0.9907   0.0000    3.791132  -0.0422
  0.4100495   0.9997   0.0000    3.795222  -0.0426
  0.4102705   1.0088   0.0000    3.799315  -0.0429
  0.4104916   1.0180   0.0000    3.803410  -0.0433
  0.4107126   1.0274   0.0000    3.807507  -0.0437
  0.4109336   1.0368   0.0000    3.811606  -0.0440
  0.4111547   1.0464   0.0000    3.815708  -0.0444
  0.4113757   1.0561   0.0000    3.819811  -0.0448
  0.4115967   1.0659   0.0000    3.823917  -0.0452
  0.4118177   1.0758   0.0000    3.828025  -0.0456
  0.4120388   1.0859   0.0000    3.832136  -0.0460
  0.4122598   1.0961   0.0000    3.836248  -0.0464
  0.4124808   1.1064   0.0000    3.840363  -0.0468
  0.4127019   1.1168   0.0000    3.844480  -0.0472
  0.4129229   1.1274   0.0000    3.848599  -0.0477
  0.4131439   1.1382   0.0000    3.852720  -0.0481
  0.4133650   1.1490   0.0000    3.856844  -0.0485
  0.4135860   1.1600   0.0000    3.860969  -0.0490
  0.4138070   1.1711   0.0000    3.865097  -0.0494
  0.4140281   1.1824   0.0000    3.869227  -0.0499
  0.4142491   1.1940   0.0000    3.873360  -0.0503
  0.4144701   1.2056   0.0000    3.877494  -0.0508
  0.4146912   1.2174   0.0000    3.881631  -0.0512
  0.4149122   1.2293   0.0000    3.885770  -0.0517
  0.4151332   1.2414   0.0000    3.889911  -0.0522
  0.4153543   1.2537   0.0000    3.894055  -0.0527
  0.4155753   1.2661   0.0000    3.898200  -0.0532
  0.4157963   1.2788   0.0000    3.902348  -0.0537
  0.4160174   1.2916   0.0000    3.906498  -0.0542
  0.4162384   1.3045   0.0000    3.910650  -0.0547
  0.4164594   1.3177   0.0000    3.914804  -0.0552
  0.4166805   1.3311   0.0000    3.918961  -0.0558
  0.4169015   1.3446   0.0000    3.923120  -0.0563
  0.4171225   1.3583   0.0000    3.927281  -0.0568
  0.4173436   1.3722   0.0000    3.931444  -0.0574
  0.4175646   1.3864   0.0000    3.935610  -0.0580
  0.4177856   1.4008   0.0000    3.939777  -0.0585
  0.4180067   1.4154   0.0000    3.943947  -0.0591
  0.4182277   1.4302   0.0000    3.948119  -0.0597
  0.4184487   1.4452   0.0000    3.952293  -0.0603
  0.4186698   1.4604   0.0000    3.956470  -0.0609
  0.4188908   1.4759   0.0000    3.960648  -0.0615
  0.4191118   1.4916   0.0000    3.964829  -0.0621
  0.4193328   1.5076   0.0000    3.969012  -0.0628
  0.4195539   1.5238   0.0000    3.973198  -0.0634
  0.4197749   1.5402   0.0000    3.977385  -0.0641
  0.4199959   1.5570   0.0000    3.981575  -0.0647
  0.4202170   1.5740   0.0000    3.985767  -0.0654
  0.4204380   1.5913   0.0000    3.989961  -0.0661
  0.4206590   1.6089   0.0000    3.994157  -0.0668
  0.4208801   1.6267   0.0000    3.998356  -0.0675
  0.4211011   1.6449   0.0000    4.002556  -0.0682
  0.4213221   1.6632   0.0000    4.006759  -0.0689
  0.4215432   1.6820   0.0000    4.010964  -0.0697
  0.4217642   1.7010   0.0000    4.015172  -0.0704
  0.4219852   1.7205   0.0000    4.019381  -0.0712
  0.4222063   1.7401   0.0000    4.023593  -0.0720
  0.4224273   1.7600   0.0000    4.027807  -0.0727
  0.4226483   1.7805   0.0000    4.032023  -0.0735
  0.4228694   1.8013   0.0000    4.036241  -0.0744
  0.4230904   1.8224   0.0000    4.040462  -0.0752
  0.4233114   1.8438   0.0000    4.044685  -0.0760
  0.4235325   1.8657   0.0000    4.048910  -0.0769
  0.4237535   1.8880   0.0000    4.053137  -0.0778
  0.4239745   1.9106   0.0000    4.057366  -0.0787
  0.4241956   1.9337   0.0000    4.061598  -0.0796
  0.4244166   1.9572   0.0000    4.065832  -0.0805
  0.4246376   1.9812   0.0000    4.070068  -0.0815
  0.4248587   2.0056   0.0000    4.074306  -0.0824
  0.4250797   2.0304   0.0000    4.078546  -0.0834
  0.4253007   2.0557   0.0000    4.082789  -0.0844
  0.4255218   2.0815   0.0000    4.087034  -0.0854
  0.4257428   2.1079   0.0000    4.091281  -0.0865
  0.4259638   2.1347   0.0000    4.095530  -0.0875
  0.4261848   2.1620   0.0000    4.099781  -0.0886
  0.4264059   2.1899   0.0000    4.104035  -0.0897
  0.4266269   2.2184   0.0000    4.108291  -0.0908
  0.4268479   2.2474   0.0000    4.112549  -0.0919
  0.4270690   2.2770   0.0000    4.116809  -0.0931
  0.4272900   2.3073   0.0000    4.121072  -0.0943
  0.4275110   2.3382   0.0000    4.125336  -0.0955
  0.4277321   2.3698   0.0000    4.129603  -0.0968
  0.4279531   2.4019   0.0000    4.133872  -0.0980
  0.4281741   2.4349   0.0000    4.138143  -0.0993
  0.4283952   2.4684   0.0000    4.142417  -0.1006
  0.4286162   2.5028   0.0000    4.146693  -0.1020
  0.4288372   2.5379   0.0000    4.150971  -0.1034
  0.4290583   2.5738   0.0000    4.155251  -0.1048
  0.4292793   2.6106   0.0000    4.159533  -0.1062
  0.4295003   2.6481   0.0000    4.163818  -0.1077
  0.4297214   2.6865   0.0000    4.168104  -0.1092
  0.4299424   2.7258   0.0000    4.172393  -0.1107
  0.4301634   2.7661   0.0000    4.176684  -0.1123
  0.4303845   2.8073   0.0000    4.180978  -0.1139
  0.4306055   2.8495   0.0000    4.185273  -0.1156
  0.4308265   2.8928   0.0000    4.189571  -0.1173
  0.4310476   2.9371   0.0000    4.193871  -0.1190
  0.4312686   2.9825   0.0000    4.198173  -0.1208
  0.4314896   3.0291   0.0000    4.202477  -0.1226
  0.4317107   3.0769   0.0000    4.206784  -0.1245
  0.4319317   3.1259   0.0000    4.211093  -0.1264
  0.4321527   3.1761   0.0000    4.215404  -0.1284
  0.4323738   3.2278   0.0000    4.219717  -0.1304
  0.4325948   3.2809   0.0000    4.224032  -0.1325
  0.4328158   3.3353   0.0000    4.228350  -0.1346
  0.4330368   3.3913   0.0000    4.232670  -0.1368
  0.4332579   3.4489   0.0000    4.236992  -0.1391
  0.4334789   3.5081   0.0000    4.241316  -0.1414
  0.4336999   3.5690   0.0000    4.245642  -0.1438
  0.4339210   3.6317   0.0000    4.249971  -0.1463
  0.4341420   3.6962   0.0000    4.254302  -0.1488
  0.4343630   3.7627   0.0000    4.258635  -0.1514
  0.4345841   3.8312   0.0000    4.262970  -0.1541
  0.4348051   3.9018   0.0000    4.267308  -0.1569
  0.4350261   3.9747   0.0000    4.271647  -0.1597
  0.4352472   4.0498   0.0000    4.275989  -0.1627
  0.4354682   4.1274   0.0000    4.280333  -0.1657
  0.4356892   4.2076   0.0000    4.284680  -0.1689
  0.4359103   4.2904   0.0000    4.289028  -0.1721
  0.4361313   4.3761   0.0000    4.293379  -0.1755
  0.4363523   4.4647   0.0000    4.297732  -0.1789
  0.4365734   4.5564   0.0000    4.302087  -0.1825
  0.4367944   4.6514   0.0000    4.306444  -0.1863
  0.4370154   4.7499   0.0000    4.310803  -0.1901
  0.4372365   4.8520   0.0000    4.315165  -0.1941
  0.4374575   4.9579   0.0000    4.319529  -0.1983
  0.4376785   5.0679   0.0000    4.323895  -0.2026
  0.4378996   5.1822   0.0000    4.328264  -0.2071
  0.4381206   5.3011   0.0000    4.332634  -0.2118
  0.4383416   5.4248   0.0000    4.337007  -0.2166
  0.4385627   5.5536   0.0000    4.341382  -0.2217
  0.4387837   5.6879   0.0000    4.345759  -0.2270
  0.4390047   5.8279   0.0000    4.350138  -0.2325
  0.4392258   5.9742   0.0000    4.354520  -0.2383
  0.4394468   6.1271   0.0000    4.358904  -0.2443
  0.4396678   6.2869   0.0000    4.363290  -0.2506
  0.4398889   6.4544   0.0000    4.367678  -0.2572
  0.4401099   6.6299   0.0000    4.372068  -0.2641
  0.4403309   6.8141   0.0000    4.376461  -0.2714
  0.4405519   7.0076   0.0000    4.380856  -0.2790
  0.4407730   7.2111   0.0000    4.385253  -0.2871
  0.4409940   7.4255   0.0000    4.389652  -0.2955
  0.4412150   7.6515   0.0000    4.394053  -0.3045
  0.4414361   7.8903   0.0000    4.398457  -0.3139
  0.4416571   8.1428   0.0000    4.402863  -0.3240
  0.4418781   8.4103   0.0000    4.407271  -0.3346
  0.4420992   8.6942   0.0000    4.411681  -0.3459
  0.4423202   8.9959   0.0000    4.416093  -0.3579
  0.4425412   9.3171   0.0000    4.420508  -0.3707
  0.4427623   9.6599   0.0000    4.424925  -0.3844
  0.4429833  10.0265   0.0000    4.429344  -0.3991
  0.4432043  10.4192   0.0000    4.433765  -0.4149
  0.4434254  10.8410   0.0000    4.438189  -0.4319
  0.4436464  11.2952   0.0000    4.442614  -0.4502
  0.4438674  11.7857   0.0000    4.447042  -0.4701
  0.4440885  12.3167   0.0000    4.451472  -0.4917
  0.4443095  12.8936   0.0000    4.455904  -0.5152
  0.4445305  13.5222   0.0000    4.460339  -0.5410
  0.4447516  14.2098   0.0000    4.464776  -0.5694
  0.4449726  14.9647   0.0000    4.469215  -0.6007
  0.4451936  15.7972   0.0000    4.473656  -0.6355
  0.4454147  16.7193   0.0000    4.478099  -0.6744
  0.4456357  17.7457   0.0000    4.482545  -0.7181
  0.4458567  18.8946   0.0000    4.486992  -0.7677
  0.4460778  20.1878   0.0000    4.491442  -0.8243
  0.4462988  21.6530   0.0000    4.495894  -0.8895
  0.4465198  23.3243   0.0000    4.500349  -0.9656
  0.4467409  25.2451   0.0000    4.504805  -1.0555
  0.4469619  27.4702   0.0000    4.509264  -1.1632
  0.4471829  30.0696   0.0000    4.513725  -1.2947
  0.4474039  33.1321   0.0000    4.518188  -1.4588
  0.4476250  36.7706   0.0000    4.522653  -1.6695
  0.4478460  41.1249   0.0000    4.527121  -1.9496
  0.4480670  46.3612   0.0000    4.531591  -2.3405
  0.4482881  52.6583   0.0000    4.536063  -2.9238
  0.4485091  60.1695   0.0000    4.540537  -3.8883
  0.4487301  68.9448   0.0000    4.545013  -5.7888
  0.4489512  78.8218   0.0000    4.549492 -11.2717
  0.4491722  89.3508   0.0000    4.553973-196.4891
  0.4493932 -80.1362   0.0000    4.558456  12.7977
  0.4496143 -70.3017   0.0000    4.562941   6.2123
  0.4498353 -61.5822   0.0000    4.567428   4.1084
  0.4500563 -54.1283   0.0000    4.571918   3.0727
  0.4502774 -47.8831   0.0000    4.576410   2.4564
  0.4504984 -42.6907   0.0000    4.580904   2.0477
  0.4507194 -38.3722   0.0000    4.585400   1.7568
  0.4509405 -34.7627   0.0000    4.589899   1.5391
  0.4511615 -31.7234   0.0000    4.594399   1.3702
  0.4513825 -29.1429   0.0000    4.598902   1.2353
  0.4516036 -26.9330   0.0000    4.603407   1.1250
  0.4518246 -25.0246   0.0000    4.607915   1.0332
  0.4520456 -23.3634   0.0000    4.612424   0.9556
  0.4522667 -21.9068   0.0000    4.616936   0.8892
  0.4524877 -20.6207   0.0000    4.621450   0.8316
  0.4527087 -19.4779   0.0000    4.625966   0.7813
  0.4529298 -18.4565   0.0000    4.630484   0.7369
  0.4531508 -17.5388   0.0000    4.635005   0.6974
  0.4533718 -16.7101   0.0000    4.639527   0.6622
  0.4535929 -15.9584   0.0000    4.644052   0.6304
  0.4538139 -15.2737   0.0000    4.648579   0.6017
  0.4540349 -14.6475   0.0000    4.653109   0.5757
  0.4542560 -14.0729   0.0000    4.657640   0.5518
  0.4544770 -13.5438   0.0000    4.662174   0.5300
  0.4546980 -13.0551   0.0000    4.666710   0.5100
  0.4549190 -12.6024   0.0000    4.671248   0.4915
  0.4551401 -12.1820   0.0000    4.675788   0.4743
  0.4553611 -11.7906   0.0000    4.680331   0.4584
  0.4555821 -11.4252   0.0000    4.684876   0.4436
  0.4558032 -11.0834   0.0000    4.689423   0.4298
  0.4560242 -10.7631   0.0000    4.693972   0.4168
  0.4562452 -10.4623   0.0000    4.698523   0.4047
  0.4564663 -10.1793   0.0000    4.703077   0.3934
  0.4566873  -9.9125   0.0000    4.707633   0.3827
  0.4569083  -9.6606   0.0000    4.712191   0.3726
  0.4571294  -9.4225   0.0000    4.716751   0.3630
  0.4573504  -9.1970   0.0000    4.721313   0.3540
  0.4575714  -8.9831   0.0000    4.725878   0.3455
  0.4577925  -8.7801   0.0000    4.730445   0.3374
  0.4580135  -8.5870   0.0000    4.735014   0.3297
  0.4582345  -8.4033   0.0000    4.739585   0.3224
  0.4584556  -8.2282   0.0000    4.744158   0.3154
  0.4586766  -8.0611   0.0000    4.748734   0.3088
  0.4588976  -7.9016   0.0000    4.753312   0.3024
  0.4591187  -7.7491   0.0000    4.757892   0.2964
  0.4593397  -7.6031   0.0000    4.762474   0.2906
  0.4595607  -7.4634   0.0000    4.767059   0.2851
  0.4597818  -7.3294   0.0000    4.771645   0.2798
  0.4600028  -7.2008   0.0000    4.776234   0.2747
  0.4602238  -7.0773   0.0000    4.780825   0.2698
  0.4604449  -6.9587   0.0000    4.785419   0.2651
  0.4606659  -6.8447   0.0000    4.790014   0.2606
  0.4608869  -6.7349   0.0000    4.794612   0.2562
  0.4611080  -6.6291   0.0000    4.799212   0.2520
  0.4613290  -6.5272   0.0000    4.803814   0.2480
  0.4615500  -6.4290   0.0000    4.808418   0.2441
  0.4617710  -6.3342   0.0000    4.813025   0.2404
  0.4619921  -6.2426   0.0000    4.817633   0.2368
  0.4622131  -6.1542   0.0000    4.822244   0.2333
  0.4624341  -6.0687   0.0000    4.826857   0.2299
  0.4626552  -5.9860   0.0000    4.831473   0.2266
  0.4628762  -5.9060   0.0000    4.836090   0.2235
  0.4630972  -5.8285   0.0000    4.840710   0.2204
  0.4633183  -5.7535   0.0000    4.845332   0.2175
  0.4635393  -5.6808   0.0000    4.849956   0.2146
  0.4637603  -5.6103   0.0000    4.854583   0.2118
  0.4639814  -5.5420   0.0000    4.859211   0.2091
  0.4642024  -5.4756   0.0000    4.863842   0.2065
  0.4644234  -5.4112   0.0000    4.868475   0.2040
  0.4646445  -5.3486   0.0000    4.873110   0.2015
  0.4648655  -5.2878   0.0000    4.877747   0.1991
  0.4650865  -5.2287   0.0000    4.882387   0.1968
  0.4653076  -5.1713   0.0000    4.887029   0.1945
  0.4655286  -5.1154   0.0000    4.891673   0.1923
  0.4657496  -5.0610   0.0000    4.896319   0.1901
  0.4659707  -5.0081   0.0000    4.900968   0.1881
  0.4661917  -4.9566   0.0000    4.905618   0.1860
  0.4664127  -4.9064   0.0000    4.910271   0.1840
  0.4666338  -4.8574   0.0000    4.914926   0.1821
  0.4668548  -4.8098   0.0000    4.919583   0.1802
  0.4670758  -4.7633   0.0000    4.924243   0.1784
  0.4672969  -4.7179   0.0000    4.928904   0.1766
  0.4675179  -4.6737   0.0000    4.933568   0.1749
  0.4677389  -4.6306   0.0000    4.938234   0.1732
  0.4679600  -4.5884   0.0000    4.942903   0.1715
  0.4681810  -4.5473   0.0000    4.947573   0.1699
  0.4684020  -4.5072   0.0000    4.952246   0.1683
  0.4686230  -4.4679   0.0000    4.956921   0.1667
  0.4688441  -4.4296   0.0000    4.961598   0.1652
  0.4690651  -4.3921   0.0000    4.966277   0.1637
  0.4692861  -4.3555   0.0000    4.970959   0.1623
  0.4695072  -4.3197   0.0000    4.975642   0.1609
  0.4697282  -4.2846   0.0000    4.980328   0.1595
  0.4699492  -4.2504   0.0000    4.985016   0.1581
  0.4701703  -4.2168   0.0000    4.989707   0.1568
  0.4703913  -4.1840   0.0000    4.994399   0.1555
  0.4706123  -4.1519   0.0000    4.999094   0.1542
  0.4708334  -4.1204   0.0000    5.003791   0.1530
  0.4710544  -4.0896   0.0000    5.008490   0.1518
  0.4712754  -4.0595   0.0000    5.013191   0.1506
  0.4714965  -4.0299   0.0000    5.017895   0.1494
  0.4717175  -4.0009   0.0000    5.022601   0.1483
  0.4719385  -3.9726   0.0000    5.027309   0.1471
  0.4721596  -3.9447   0.0000    5.032019   0.1460
  0.4723806  -3.9175   0.0000    5.036731   0.1450
  0.4726016  -3.8907   0.0000    5.041446   0.1439
  0.4728227  -3.8645   0.0000    5.046163   0.1429
  0.4730437  -3.8388   0.0000    5.050882   0.1418
  0.4732647  -3.8135   0.0000    5.055603   0.1408
  0.4734858  -3.7887   0.0000    5.060326   0.1399
  0.4737068  -3.7644   0.0000    5.065052   0.1389
  0.4739278  -3.7406   0.0000    5.069780   0.1379
  0.4741489  -3.7171   0.0000    5.074510   0.1370
  0.4743699  -3.6941   0.0000    5.079242   0.1361
  0.4745909  -3.6716   0.0000    5.083976   0.1352
  0.4748120  -3.6494   0.0000    5.088713   0.1343
  0.4750330  -3.6276   0.0000    5.093452   0.1335
  0.4752540  -3.6062   0.0000    5.098193   0.1326
  0.4754751  -3.5852   0.0000    5.102936   0.1318
  0.4756961  -3.5645   0.0000    5.107682   0.1310
  0.4759171  -3.5442   0.0000    5.112429   0.1301
  0.4761381  -3.5242   0.0000    5.117179   0.1293
  0.4763592  -3.5046   0.0000    5.121931   0.1286
  0.4765802  -3.4853   0.0000    5.126686   0.1278
  0.4768012  -3.4663   0.0000    5.131442   0.1270
  0.4770223  -3.4477   0.0000    5.136201   0.1263
  0.4772433  -3.4294   0.0000    5.140962   0.1256
  0.4774643  -3.4113   0.0000    5.145725   0.1248
  0.4776854  -3.3935   0.0000    5.150490   0.1241
  0.4779064  -3.3760   0.0000    5.155258   0.1234
  0.4781274  -3.3589   0.0000    5.160027   0.1228
  0.4783485  -3.3420   0.0000    5.164799   0.1221
  0.4785695  -3.3253   0.0000    5.169574   0.1214
  0.4787905  -3.3089   0.0000    5.174350   0.1208
  0.4790116  -3.2927   0.0000    5.179128   0.1201
  0.4792326  -3.2769   0.0000    5.183909   0.1195
  0.4794536  -3.2612   0.0000    5.188692   0.1188
  0.4796747  -3.2459   0.0000    5.193477   0.1182
  0.4798957  -3.2307   0.0000    5.198265   0.1176
  0.4801167  -3.2157   0.0000    5.203054   0.1170
  0.4803378  -3.2011   0.0000    5.207846   0.1164
  0.4805588  -3.1866   0.0000    5.212640   0.1159
  0.4807798  -3.1723   0.0000    5.217436   0.1153
  0.4810009  -3.1582   0.0000    5.222235   0.1147
  0.4812219  -3.1443   0.0000    5.227035   0.1142
  0.4814429  -3.1307   0.0000    5.231838   0.1136
  0.4816640  -3.1172   0.0000    5.236643   0.1131
  0.4818850  -3.1039   0.0000    5.241450   0.1125
  0.4821060  -3.0909   0.0000    5.246260   0.1120
  0.4823271  -3.0780   0.0000    5.251071   0.1115
  0.4825481  -3.0652   0.0000    5.255885   0.1110
  0.4827691  -3.0527   0.0000    5.260701   0.1105
  0.4829901  -3.0403   0.0000    5.265520   0.1100
  0.4832112  -3.0281   0.0000    5.270340   0.1095
  0.4834322  -3.0161   0.0000    5.275163   0.1090
  0.4836532  -3.0043   0.0000    5.279987   0.1085
  0.4838743  -2.9927   0.0000    5.284815   0.1080
  0.4840953  -2.9811   0.0000    5.289644   0.1076
  0.4843163  -2.9697   0.0000    5.294475   0.1071
  0.4845374  -2.9585   0.0000    5.299309   0.1067
  0.4847584  -2.9473   0.0000    5.304145   0.1062
  0.4849794  -2.9364   0.0000    5.308983   0.1058
  0.4852005  -2.9257   0.0000    5.313823   0.1053
  0.4854215  -2.9150   0.0000    5.318666   0.1049
  0.4856425  -2.9045   0.0000    5.323511   0.1045
  0.4858636  -2.8943   0.0000    5.328357   0.1041
  0.4860846  -2.8839   0.0000    5.333207   0.1036
  0.4863056  -2.8739   0.0000    5.338058   0.1032
  0.4865267  -2.8639   0.0000    5.342911   0.1028
  0.4867477  -2.8540   0.0000    5.347767   0.1024
  0.4869687  -2.8443   0.0000    5.352625   0.1020
  0.4871898  -2.8348   0.0000    5.357485   0.1016
  0.4874108  -2.8252   0.0000    5.362348   0.1012
  0.4876318  -2.8159   0.0000    5.367212   0.1009
  0.4878529  -2.8067   0.0000    5.372079   0.1005
  0.4880739  -2.7975   0.0000    5.376948   0.1001
  0.4882949  -2.7885   0.0000    5.381819   0.0998
  0.4885160  -2.7797   0.0000    5.386693   0.0994
  0.4887370  -2.7708   0.0000    5.391568   0.0990
  0.4889580  -2.7622   0.0000    5.396446   0.0987
  0.4891791  -2.7536   0.0000    5.401326   0.0983
  0.4894001  -2.7451   0.0000    5.406208   0.0980
  0.4896211  -2.7368   0.0000    5.411093   0.0976
  0.4898422  -2.7285   0.0000    5.415979   0.0973
  0.4900632  -2.7203   0.0000    5.420868   0.0970
  0.4902842  -2.7123   0.0000    5.425759   0.0966
  0.4905052  -2.7043   0.0000    5.430652   0.0963
  0.4907263  -2.6963   0.0000    5.435548   0.0960
  0.4909473  -2.6886   0.0000    5.440445   0.0957
  0.4911683  -2.6809   0.0000    5.445345   0.0953
  0.4913894  -2.6732   0.0000    5.450247   0.0950
  0.4916104  -2.6657   0.0000    5.455152   0.0947
  0.4918314  -2.6583   0.0000    5.460058   0.0944
  0.4920525  -2.6510   0.0000    5.464967   0.0941
  0.4922735  -2.6437   0.0000    5.469878   0.0938
  0.4924945  -2.6365   0.0000    5.474791   0.0935
  0.4927156  -2.6294   0.0000    5.479706   0.0932
  0.4929366  -2.6224   0.0000    5.484623   0.0929
  0.4931576  -2.6154   0.0000    5.489543   0.0926
  0.4933787  -2.6086   0.0000    5.494465   0.0923
  0.4935997  -2.6018   0.0000    5.499389   0.0921
  0.4938207  -2.5951   0.0000    5.504315   0.0918
  0.4940418  -2.5885   0.0000    5.509244   0.0915
  0.4942628  -2.5819   0.0000    5.514175   0.0912
  0.4944838  -2.5754   0.0000    5.519108   0.0910
  0.4947049  -2.5690   0.0000    5.524043   0.0907
  0.4949259  -2.5627   0.0000    5.528980   0.0904
  0.4951469  -2.5563   0.0000    5.533920   0.0902
  0.4953680  -2.5501   0.0000    5.538861   0.0899
  0.4955890  -2.5440   0.0000    5.543805   0.0897
  0.4958100  -2.5379   0.0000    5.548752   0.0894
  0.4960311  -2.5319   0.0000    5.553700   0.0891
 &
# KN1=   4
  0.0535803   0.0892   0.0000    0.064800  -0.0291
  0.0536513   0.0902   0.0000    0.064972  -0.0294
  0.0537222   0.0911   0.0000    0.065144  -0.0296
  0.0537932   0.0920   0.0000    0.065316  -0.0299
  0.0538642   0.0929   0.0000    0.065488  -0.0301
  0.0539352   0.0938   0.0000    0.065661  -0.0303
  0.0540061   0.0948   0.0000    0.065834  -0.0306
  0.0540771   0.0957   0.0000    0.066007  -0.0309
  0.0541481   0.0967   0.0000    0.066181  -0.0312
  0.0542191   0.0977   0.0000    0.066354  -0.0314
  0.0542900   0.0987   0.0000    0.066528  -0.0317
  0.0543610   0.0997   0.0000    0.066702  -0.0320
  0.0544320   0.1007   0.0000    0.066876  -0.0323
  0.0545029   0.1017   0.0000    0.067051  -0.0326
  0.0545739   0.1027   0.0000    0.067226  -0.0329
  0.0546449   0.1038   0.0000    0.067401  -0.0332
  0.0547159   0.1049   0.0000    0.067576  -0.0335
  0.0547868   0.1059   0.0000    0.067751  -0.0337
  0.0548578   0.1070   0.0000    0.067927  -0.0340
  0.0549288   0.1081   0.0000    0.068103  -0.0344
  0.0549997   0.1092   0.0000    0.068279  -0.0347
  0.0550707   0.1103   0.0000    0.068455  -0.0350
  0.0551417   0.1115   0.0000    0.068632  -0.0353
  0.0552127   0.1126   0.0000    0.068809  -0.0356
  0.0552836   0.1137   0.0000    0.068986  -0.0359
  0.0553546   0.1149   0.0000    0.069163  -0.0362
  0.0554256   0.1161   0.0000    0.069340  -0.0366
  0.0554966   0.1173   0.0000    0.069518  -0.0369
  0.0555675   0.1185   0.0000    0.069696  -0.0372
  0.0556385   0.1197   0.0000    0.069874  -0.0376
  0.0557095   0.1210   0.0000    0.070052  -0.0379
  0.0557804   0.1222   0.0000    0.070231  -0.0382
  0.0558514   0.1235   0.0000    0.070410  -0.0386
  0.0559224   0.1248   0.0000    0.070589  -0.0389
  0.0559934   0.1261   0.0000    0.070768  -0.0393
  0.0560643   0.1274   0.0000    0.070948  -0.0397
  0.0561353   0.1287   0.0000    0.071127  -0.0400
  0.0562063   0.1301   0.0000    0.071307  -0.0404
  0.0562773   0.1314   0.0000    0.071488  -0.0408
  0.0563482   0.1328   0.0000    0.071668  -0.0411
  0.0564192   0.1342   0.0000    0.071849  -0.0415
  0.0564902   0.1356   0.0000    0.072030  -0.0419
  0.0565611   0.1370   0.0000    0.072211  -0.0423
  0.0566321   0.1385   0.0000    0.072392  -0.0427
  0.0567031   0.1399   0.0000    0.072573  -0.0431
  0.0567741   0.1414   0.0000    0.072755  -0.0435
  0.0568450   0.1429   0.0000    0.072937  -0.0439
  0.0569160   0.1444   0.0000    0.073120  -0.0443
  0.0569870   0.1460   0.0000    0.073302  -0.0447
  0.0570579   0.1475   0.0000    0.073485  -0.0451
  0.0571289   0.1491   0.0000    0.073668  -0.0455
  0.0571999   0.1507   0.0000    0.073851  -0.0460
  0.0572709   0.1523   0.0000    0.074034  -0.0464
  0.0573418   0.1539   0.0000    0.074218  -0.0469
  0.0574128   0.1556   0.0000    0.074402  -0.0473
  0.0574838   0.1572   0.0000    0.074586  -0.0477
  0.0575548   0.1589   0.0000    0.074770  -0.0482
  0.0576257   0.1607   0.0000    0.074954  -0.0487
  0.0576967   0.1624   0.0000    0.075139  -0.0491
  0.0577677   0.1641   0.0000    0.075324  -0.0496
  0.0578386   0.1659   0.0000    0.075509  -0.0501
  0.0579096   0.1677   0.0000    0.075695  -0.0506
  0.0579806   0.1696   0.0000    0.075880  -0.0510
  0.0580516   0.1714   0.0000    0.076066  -0.0515
  0.0581225   0.1733   0.0000    0.076252  -0.0520
  0.0581935   0.1752   0.0000    0.076439  -0.0525
  0.0582645   0.1771   0.0000    0.076625  -0.0530
  0.0583355   0.1790   0.0000    0.076812  -0.0536
  0.0584064   0.1810   0.0000    0.076999  -0.0541
  0.0584774   0.1830   0.0000    0.077186  -0.0546
  0.0585484   0.1850   0.0000    0.077374  -0.0552
  0.0586193   0.1871   0.0000    0.077562  -0.0557
  0.0586903   0.1892   0.0000    0.077749  -0.0563
  0.0587613   0.1913   0.0000    0.077938  -0.0568
  0.0588323   0.1934   0.0000    0.078126  -0.0574
  0.0589032   0.1956   0.0000    0.078315  -0.0580
  0.0589742   0.1978   0.0000    0.078503  -0.0585
  0.0590452   0.2000   0.0000    0.078693  -0.0591
  0.0591161   0.2022   0.0000    0.078882  -0.0597
  0.0591871   0.2045   0.0000    0.079071  -0.0603
  0.0592581   0.2069   0.0000    0.079261  -0.0609
  0.0593291   0.2092   0.0000    0.079451  -0.0615
  0.0594000   0.2116   0.0000    0.079641  -0.0622
  0.0594710   0.2140   0.0000    0.079832  -0.0628
  0.0595420   0.2164   0.0000    0.080022  -0.0634
  0.0596130   0.2189   0.0000    0.080213  -0.0641
  0.0596839   0.2214   0.0000    0.080404  -0.0648
  0.0597549   0.2240   0.0000    0.080596  -0.0654
  0.0598259   0.2266   0.0000    0.080787  -0.0661
  0.0598968   0.2292   0.0000    0.080979  -0.0668
  0.0599678   0.2319   0.0000    0.081171  -0.0675
  0.0600388   0.2346   0.0000    0.081363  -0.0682
  0.0601098   0.2373   0.0000    0.081556  -0.0689
  0.0601807   0.2401   0.0000    0.081748  -0.0696
  0.0602517   0.2429   0.0000    0.081941  -0.0704
  0.0603227   0.2458   0.0000    0.082135  -0.0711
  0.0603936   0.2487   0.0000    0.082328  -0.0719
  0.0604646   0.2516   0.0000    0.082522  -0.0726
  0.0605356   0.2546   0.0000    0.082715  -0.0734
  0.0606066   0.2577   0.0000    0.082909  -0.0742
  0.0606775   0.2608   0.0000    0.083104  -0.0750
  0.0607485   0.2639   0.0000    0.083298  -0.0758
  0.0608195   0.2670   0.0000    0.083493  -0.0766
  0.0608905   0.2703   0.0000    0.083688  -0.0775
  0.0609614   0.2736   0.0000    0.083883  -0.0783
  0.0610324   0.2770   0.0000    0.084079  -0.0792
  0.0611034   0.2803   0.0000    0.084274  -0.0801
  0.0611743   0.2838   0.0000    0.084470  -0.0810
  0.0612453   0.2873   0.0000    0.084666  -0.0819
  0.0613163   0.2907   0.0000    0.084863  -0.0828
  0.0613873   0.2943   0.0000    0.085059  -0.0837
  0.0614582   0.2980   0.0000    0.085256  -0.0846
  0.0615292   0.3017   0.0000    0.085453  -0.0856
  0.0616002   0.3056   0.0000    0.085650  -0.0866
  0.0616712   0.3093   0.0000    0.085848  -0.0875
  0.0617421   0.3133   0.0000    0.086045  -0.0886
  0.0618131   0.3173   0.0000    0.086243  -0.0896
  0.0618841   0.3212   0.0000    0.086442  -0.0906
  0.0619550   0.3253   0.0000    0.086640  -0.0917
  0.0620260   0.3295   0.0000    0.086839  -0.0927
  0.0620970   0.3337   0.0000    0.087037  -0.0938
  0.0621680   0.3381   0.0000    0.087236  -0.0949
  0.0622389   0.3425   0.0000    0.087436  -0.0960
  0.0623099   0.3470   0.0000    0.087635  -0.0972
  0.0623809   0.3515   0.0000    0.087835  -0.0983
  0.0624518   0.3561   0.0000    0.088035  -0.0995
  0.0625228   0.3609   0.0000    0.088235  -0.1008
  0.0625938   0.3656   0.0000    0.088436  -0.1019
  0.0626648   0.3704   0.0000    0.088636  -0.1032
  0.0627357   0.3755   0.0000    0.088837  -0.1045
  0.0628067   0.3805   0.0000    0.089038  -0.1057
  0.0628777   0.3855   0.0000    0.089240  -0.1070
  0.0629487   0.3908   0.0000    0.089441  -0.1084
  0.0630196   0.3963   0.0000    0.089643  -0.1097
  0.0630906   0.4015   0.0000    0.089845  -0.1111
  0.0631616   0.4071   0.0000    0.090047  -0.1125
  0.0632325   0.4129   0.0000    0.090250  -0.1140
  0.0633035   0.4185   0.0000    0.090452  -0.1154
  0.0633745   0.4244   0.0000    0.090655  -0.1169
  0.0634455   0.4302   0.0000    0.090859  -0.1184
  0.0635164   0.4364   0.0000    0.091062  -0.1199
  0.0635874   0.4429   0.0000    0.091266  -0.1216
  0.0636584   0.4491   0.0000    0.091469  -0.1231
  0.0637293   0.4553   0.0000    0.091673  -0.1247
  0.0638003   0.4622   0.0000    0.091878  -0.1264
  0.0638713   0.4687   0.0000    0.092082  -0.1281
  0.0639423   0.4756   0.0000    0.092287  -0.1298
  0.0640132   0.4826   0.0000    0.092492  -0.1316
  0.0640842   0.4899   0.0000    0.092697  -0.1334
  0.0641552   0.4972   0.0000    0.092903  -0.1353
  0.0642262   0.5045   0.0000    0.093108  -0.1371
  0.0642971   0.5123   0.0000    0.093314  -0.1391
  0.0643681   0.5200   0.0000    0.093520  -0.1410
  0.0644391   0.5282   0.0000    0.093727  -0.1431
  0.0645100   0.5361   0.0000    0.093933  -0.1450
  0.0645810   0.5443   0.0000    0.094140  -0.1471
  0.0646520   0.5530   0.0000    0.094347  -0.1493
  0.0647230   0.5617   0.0000    0.094554  -0.1515
  0.0647939   0.5705   0.0000    0.094762  -0.1537
  0.0648649   0.5797   0.0000    0.094970  -0.1560
  0.0649359   0.5886   0.0000    0.095177  -0.1582
  0.0650069   0.5984   0.0000    0.095386  -0.1607
  0.0650778   0.6082   0.0000    0.095594  -0.1631
  0.0651488   0.6181   0.0000    0.095803  -0.1656
  0.0652198   0.6281   0.0000    0.096011  -0.1681
  0.0652907   0.6389   0.0000    0.096221  -0.1708
  0.0653617   0.6495   0.0000    0.096430  -0.1734
  0.0654327   0.6605   0.0000    0.096639  -0.1762
  0.0655037   0.6720   0.0000    0.096849  -0.1791
  0.0655746   0.6833   0.0000    0.097059  -0.1819
  0.0656456   0.6955   0.0000    0.097269  -0.1849
  0.0657166   0.7078   0.0000    0.097480  -0.1880
  0.0657875   0.7200   0.0000    0.097690  -0.1910
  0.0658585   0.7330   0.0000    0.097901  -0.1943
  0.0659295   0.7462   0.0000    0.098112  -0.1975
  0.0660005   0.7599   0.0000    0.098324  -0.2010
  0.0660714   0.7739   0.0000    0.098535  -0.2044
  0.0661424   0.7884   0.0000    0.098747  -0.2081
  0.0662134   0.8032   0.0000    0.098959  -0.2117
  0.0662844   0.8182   0.0000    0.099171  -0.2155
  0.0663553   0.8342   0.0000    0.099384  -0.2194
  0.0664263   0.8501   0.0000    0.099597  -0.2234
  0.0664973   0.8666   0.0000    0.099810  -0.2275
  0.0665682   0.8835   0.0000    0.100023  -0.2317
  0.0666392   0.9014   0.0000    0.100236  -0.2361
  0.0667102   0.9197   0.0000    0.100450  -0.2406
  0.0667812   0.9384   0.0000    0.100664  -0.2453
  0.0668521   0.9578   0.0000    0.100878  -0.2501
  0.0669231   0.9776   0.0000    0.101092  -0.2550
  0.0669941   0.9982   0.0000    0.101307  -0.2601
  0.0670651   1.0197   0.0000    0.101521  -0.2654
  0.0671360   1.0421   0.0000    0.101736  -0.2709
  0.0672070   1.0654   0.0000    0.101952  -0.2767
  0.0672780   1.0888   0.0000    0.102167  -0.2825
  0.0673489   1.1133   0.0000    0.102383  -0.2885
  0.0674199   1.1392   0.0000    0.102599  -0.2949
  0.0674909   1.1658   0.0000    0.102815  -0.3015
  0.0675619   1.1931   0.0000    0.103031  -0.3082
  0.0676328   1.2215   0.0000    0.103248  -0.3153
  0.0677038   1.2517   0.0000    0.103464  -0.3227
  0.0677748   1.2827   0.0000    0.103681  -0.3304
  0.0678457   1.3147   0.0000    0.103899  -0.3383
  0.0679167   1.3486   0.0000    0.104116  -0.3466
  0.0679877   1.3836   0.0000    0.104334  -0.3553
  0.0680587   1.4202   0.0000    0.104552  -0.3643
  0.0681296   1.4585   0.0000    0.104770  -0.3737
  0.0682006   1.4982   0.0000    0.104988  -0.3835
  0.0682716   1.5403   0.0000    0.105207  -0.3939
  0.0683426   1.5841   0.0000    0.105426  -0.4046
  0.0684135   1.6304   0.0000    0.105645  -0.4161
  0.0684845   1.6792   0.0000    0.105864  -0.4281
  0.0685555   1.7296   0.0000    0.106084  -0.4405
  0.0686264   1.7836   0.0000    0.106304  -0.4538
  0.0686974   1.8401   0.0000    0.106524  -0.4677
  0.0687684   1.8997   0.0000    0.106744  -0.4823
  0.0688394   1.9633   0.0000    0.106964  -0.4980
  0.0689103   2.0301   0.0000    0.107185  -0.5144
  0.0689813   2.1010   0.0000    0.107406  -0.5318
  0.0690523   2.1768   0.0000    0.107627  -0.5505
  0.0691232   2.2569   0.0000    0.107848  -0.5702
  0.0691942   2.3424   0.0000    0.108070  -0.5912
  0.0692652   2.4343   0.0000    0.108292  -0.6138
  0.0693362   2.5326   0.0000    0.108514  -0.6379
  0.0694071   2.6382   0.0000    0.108736  -0.6639
  0.0694781   2.7518   0.0000    0.108958  -0.6918
  0.0695491   2.8744   0.0000    0.109181  -0.7219
  0.0696201   3.0076   0.0000    0.109404  -0.7547
  0.0696910   3.1522   0.0000    0.109627  -0.7902
  0.0697620   3.3099   0.0000    0.109851  -0.8290
  0.0698330   3.4829   0.0000    0.110074  -0.8716
  0.0699039   3.6725   0.0000    0.110298  -0.9182
  0.0699749   3.8824   0.0000    0.110522  -0.9698
  0.0700459   4.1153   0.0000    0.110746  -1.0272
  0.0701169   4.3758   0.0000    0.110971  -1.0913
  0.0701878   4.6689   0.0000    0.111196  -1.1636
  0.0702588   5.0001   0.0000    0.111421  -1.2453
  0.0703298   5.3786   0.0000    0.111646  -1.3387
  0.0704008   5.8148   0.0000    0.111871  -1.4465
  0.0704717   6.3227   0.0000    0.112097  -1.5723
  0.0705427   6.9212   0.0000    0.112323  -1.7208
  0.0706137   7.6375   0.0000    0.112549  -1.8990
  0.0706846   8.5097   0.0000    0.112776  -2.1168
  0.0707556   9.5939   0.0000    0.113002  -2.3889
  0.0708266  10.9765   0.0000    0.113229  -2.7384
  0.0708976  12.7982   0.0000    0.113456  -3.2041
  0.0709685  15.3004   0.0000    0.113683  -3.8549
  0.0710395  18.9368   0.0000    0.113911  -4.8296
  0.0711105  24.6355   0.0000    0.114138  -6.4489
  0.0711814  34.5360   0.0000    0.114366  -9.6683
  0.0712524  53.8012   0.0000    0.114595 -19.1767
  0.0713234  89.0270   0.0000    0.114823-825.5269
  0.0713944 -55.3322   0.0000    0.115052  20.2526
  0.0714653 -35.6549   0.0000    0.115280  10.0382
  0.0715363 -25.5681   0.0000    0.115510   6.6880
  0.0716073 -19.7831   0.0000    0.115739   5.0231
  0.0716783 -16.1021   0.0000    0.115968   4.0274
  0.0717492 -13.5725   0.0000    0.116198   3.3648
  0.0718202 -11.7348   0.0000    0.116428   2.8923
  0.0718912 -10.3412   0.0000    0.116658   2.5382
  0.0719621  -9.2500   0.0000    0.116889   2.2631
  0.0720331  -8.3720   0.0000    0.117119   2.0431
  0.0721041  -7.6523   0.0000    0.117350   1.8634
  0.0721751  -7.0500   0.0000    0.117581   1.7135
  0.0722460  -6.5407   0.0000    0.117813   1.5870
  0.0723170  -6.1015   0.0000    0.118044   1.4782
  0.0723880  -5.7218   0.0000    0.118276   1.3842
  0.0724589  -5.3890   0.0000    0.118508   1.3019
  0.0725299  -5.0948   0.0000    0.118741   1.2292
  0.0726009  -4.8338   0.0000    0.118973   1.1648
  0.0726719  -4.6000   0.0000    0.119206   1.1071
  0.0727428  -4.3901   0.0000    0.119439   1.0554
  0.0728138  -4.1990   0.0000    0.119672   1.0083
  0.0728848  -4.0260   0.0000    0.119905   0.9657
  0.0729558  -3.8678   0.0000    0.120139   0.9267
  0.0730267  -3.7235   0.0000    0.120373   0.8912
  0.0730977  -3.5896   0.0000    0.120607   0.8582
  0.0731687  -3.4668   0.0000    0.120841   0.8280
  0.0732396  -3.3529   0.0000    0.121076   0.7999
  0.0733106  -3.2471   0.0000    0.121311   0.7739
  0.0733816  -3.1484   0.0000    0.121546   0.7496
  0.0734526  -3.0561   0.0000    0.121781   0.7269
  0.0735235  -2.9707   0.0000    0.122016   0.7058
  0.0735945  -2.8906   0.0000    0.122252   0.6861
  0.0736655  -2.8153   0.0000    0.122488   0.6675
  0.0737365  -2.7444   0.0000    0.122724   0.6501
  0.0738074  -2.6766   0.0000    0.122960   0.6334
  0.0738784  -2.6134   0.0000    0.123197   0.6178
  0.0739494  -2.5537   0.0000    0.123434   0.6031
  0.0740203  -2.4972   0.0000    0.123671   0.5892
  0.0740913  -2.4436   0.0000    0.123908   0.5760
  0.0741623  -2.3928   0.0000    0.124145   0.5634
  0.0742333  -2.3445   0.0000    0.124383   0.5515
  0.0743042  -2.2977   0.0000    0.124621   0.5400
  0.0743752  -2.2541   0.0000    0.124859   0.5292
  0.0744462  -2.2117   0.0000    0.125098   0.5188
  0.0745171  -2.1723   0.0000    0.125336   0.5090
  0.0745881  -2.1338   0.0000    0.125575   0.4995
  0.0746591  -2.0980   0.0000    0.125814   0.4907
  0.0747301  -2.0621   0.0000    0.126054   0.4818
  0.0748010  -2.0288   0.0000    0.126293   0.4736
  0.0748720  -1.9970   0.0000    0.126533   0.4657
  0.0749430  -1.9649   0.0000    0.126773   0.4578
  0.0750140  -1.9351   0.0000    0.127013   0.4504
  0.0750849  -1.9068   0.0000    0.127254   0.4434
  0.0751559  -1.8798   0.0000    0.127494   0.4367
  0.0752269  -1.8533   0.0000    0.127735   0.4301
  0.0752978  -1.8279   0.0000    0.127976   0.4238
  0.0753688  -1.8029   0.0000    0.128218   0.4176
  0.0754398  -1.7801   0.0000    0.128459   0.4120
  0.0755108  -1.7566   0.0000    0.128701   0.4061
  0.0755817  -1.7342   0.0000    0.128943   0.4006
  0.0756527  -1.7130   0.0000    0.129185   0.3953
  0.0757237  -1.6929   0.0000    0.129428   0.3903
  0.0757946  -1.6721   0.0000    0.129671   0.3851
  0.0758656  -1.6532   0.0000    0.129914   0.3804
  0.0759366  -1.6346   0.0000    0.130157   0.3758
  0.0760076  -1.6170   0.0000    0.130400   0.3714
  0.0760785  -1.5995   0.0000    0.130644   0.3670
  0.0761495  -1.5813   0.0000    0.130888   0.3625
  0.0762205  -1.5651   0.0000    0.131132   0.3585
  0.0762915  -1.5489   0.0000    0.131376   0.3544
  0.0763624  -1.5339   0.0000    0.131621   0.3507
  0.0764334  -1.5189   0.0000    0.131865   0.3469
  0.0765044  -1.5041   0.0000    0.132110   0.3432
  0.0765753  -1.4903   0.0000    0.132356   0.3397
  0.0766463  -1.4757   0.0000    0.132601   0.3361
  0.0767173  -1.4622   0.0000    0.132847   0.3327
  0.0767883  -1.4497   0.0000    0.133093   0.3296
  0.0768592  -1.4365   0.0000    0.133339   0.3263
  0.0769302  -1.4243   0.0000    0.133585   0.3232
  0.0770012  -1.4123   0.0000    0.133832   0.3202
  0.0770722  -1.4004   0.0000    0.134079   0.3172
  0.0771431  -1.3887   0.0000    0.134326   0.3143
  0.0772141  -1.3776   0.0000    0.134573   0.3115
  0.0772851  -1.3672   0.0000    0.134820   0.3088
  0.0773560  -1.3561   0.0000    0.135068   0.3060
  0.0774270  -1.3460   0.0000    0.135316   0.3035
  0.0774980  -1.3358   0.0000    0.135564   0.3009
  0.0775690  -1.3262   0.0000    0.135813   0.2985
  0.0776399  -1.3164   0.0000    0.136061   0.2960
  0.0777109  -1.3073   0.0000    0.136310   0.2937
  0.0777819  -1.2980   0.0000    0.136559   0.2913
  0.0778528  -1.2889   0.0000    0.136809   0.2890
  0.0779238  -1.2798   0.0000    0.137058   0.2867
  0.0779948  -1.2713   0.0000    0.137308   0.2845
  0.0780658  -1.2632   0.0000    0.137558   0.2825
  0.0781367  -1.2553   0.0000    0.137808   0.2804
  0.0782077  -1.2474   0.0000    0.138059   0.2784
  0.0782787  -1.2394   0.0000    0.138309   0.2764
  0.0783497  -1.2321   0.0000    0.138560   0.2745
  0.0784206  -1.2244   0.0000    0.138811   0.2725
  0.0784916  -1.2170   0.0000    0.139063   0.2707
  0.0785626  -1.2096   0.0000    0.139314   0.2688
  0.0786335  -1.2027   0.0000    0.139566   0.2670
  0.0787045  -1.1961   0.0000    0.139818   0.2653
  0.0787755  -1.1895   0.0000    0.140071   0.2636
  0.0788465  -1.1826   0.0000    0.140323   0.2618
  0.0789174  -1.1765   0.0000    0.140576   0.2602
  0.0789884  -1.1705   0.0000    0.140829   0.2587
  0.0790594  -1.1641   0.0000    0.141082   0.2570
  0.0791304  -1.1579   0.0000    0.141335   0.2554
  0.0792013  -1.1521   0.0000    0.141589   0.2539
  0.0792723  -1.1464   0.0000    0.141843   0.2524
  0.0793433  -1.1405   0.0000    0.142097   0.2509
  0.0794142  -1.1351   0.0000    0.142351   0.2495
  0.0794852  -1.1295   0.0000    0.142606   0.2480
  0.0795562  -1.1244   0.0000    0.142861   0.2467
  0.0796272  -1.1192   0.0000    0.143116   0.2453
  0.0796981  -1.1141   0.0000    0.143371   0.2440
  0.0797691  -1.1089   0.0000    0.143626   0.2426
  0.0798401  -1.1038   0.0000    0.143882   0.2413
  0.0799110  -1.0991   0.0000    0.144138   0.2401
  0.0799820  -1.0945   0.0000    0.144394   0.2389
  0.0800530  -1.0895   0.0000    0.144650   0.2376
  0.0801240  -1.0852   0.0000    0.144907   0.2364
  0.0801949  -1.0804   0.0000    0.145164   0.2352
  0.0802659  -1.0763   0.0000    0.145421   0.2341
  0.0803369  -1.0721   0.0000    0.145678   0.2329
  0.0804079  -1.0675   0.0000    0.145936   0.2317
  0.0804788  -1.0637   0.0000    0.146193   0.2307
  0.0805498  -1.0594   0.0000    0.146451   0.2296
  0.0806208  -1.0556   0.0000    0.146710   0.2285
  0.0806917  -1.0514   0.0000    0.146968   0.2274
  0.0807627  -1.0476   0.0000    0.147227   0.2264
  0.0808337  -1.0439   0.0000    0.147486   0.2254
  0.0809047  -1.0398   0.0000    0.147745   0.2243
  0.0809756  -1.0366   0.0000    0.148004   0.2235
  0.0810466  -1.0327   0.0000    0.148264   0.2224
  0.0811176  -1.0294   0.0000    0.148523   0.2215
  0.0811885  -1.0258   0.0000    0.148783   0.2205
  0.0812595  -1.0223   0.0000    0.149044   0.2196
  0.0813305  -1.0190   0.0000    0.149304   0.2187
  0.0814015  -1.0158   0.0000    0.149565   0.2178
  0.0814724  -1.0125   0.0000    0.149826   0.2169
  0.0815434  -1.0094   0.0000    0.150087   0.2161
  0.0816144  -1.0061   0.0000    0.150348   0.2152
  0.0816854  -1.0031   0.0000    0.150610   0.2143
  0.0817563  -0.9999   0.0000    0.150872   0.2135
  0.0818273  -0.9970   0.0000    0.151134   0.2127
  0.0818983  -0.9940   0.0000    0.151396   0.2119
  0.0819692  -0.9913   0.0000    0.151658   0.2111
  0.0820402  -0.9885   0.0000    0.151921   0.2103
  0.0821112  -0.9857   0.0000    0.152184   0.2095
  0.0821822  -0.9829   0.0000    0.152447   0.2088
  0.0822531  -0.9801   0.0000    0.152711   0.2080
  0.0823241  -0.9776   0.0000    0.152974   0.2073
  0.0823951  -0.9748   0.0000    0.153238   0.2065
  0.0824661  -0.9726   0.0000    0.153502   0.2059
  0.0825370  -0.9699   0.0000    0.153767   0.2051
  0.0826080  -0.9675   0.0000    0.154031   0.2044
  0.0826790  -0.9649   0.0000    0.154296   0.2037
  0.0827499  -0.9627   0.0000    0.154561   0.2031
  0.0828209  -0.9603   0.0000    0.154826   0.2024
  0.0828919  -0.9580   0.0000    0.155092   0.2017
  0.0829629  -0.9558   0.0000    0.155357   0.2011
  0.0830338  -0.9537   0.0000    0.155623   0.2005
  0.0831048  -0.9512   0.0000    0.155890   0.1998
  0.0831758  -0.9491   0.0000    0.156156   0.1992
  0.0832467  -0.9469   0.0000    0.156423   0.1985
  0.0833177  -0.9449   0.0000    0.156689   0.1979
  0.0833887  -0.9430   0.0000    0.156956   0.1974
  0.0834597  -0.9408   0.0000    0.157224   0.1968
  0.0835306  -0.9390   0.0000    0.157491   0.1962
  0.0836016  -0.9367   0.0000    0.157759   0.1956
  0.0836726  -0.9351   0.0000    0.158027   0.1951
  0.0837436  -0.9332   0.0000    0.158295   0.1945
  0.0838145  -0.9312   0.0000    0.158564   0.1939
  0.0838855  -0.9295   0.0000    0.158832   0.1934
  0.0839565  -0.9278   0.0000    0.159101   0.1929
  0.0840274  -0.9259   0.0000    0.159370   0.1923
  0.0840984  -0.9242   0.0000    0.159639   0.1918
  0.0841694  -0.9225   0.0000    0.159909   0.1913
  0.0842404  -0.9208   0.0000    0.160179   0.1908
  0.0843113  -0.9192   0.0000    0.160449   0.1903
  0.0843823  -0.9174   0.0000    0.160719   0.1898
  0.0844533  -0.9159   0.0000    0.160990   0.1893
  0.0845242  -0.9143   0.0000    0.161260   0.1888
  0.0845952  -0.9127   0.0000    0.161531   0.1883
  0.0846662  -0.9112   0.0000    0.161802   0.1878
  0.0847372  -0.9095   0.0000    0.162074   0.1874
  0.0848081  -0.9082   0.0000    0.162345   0.1869
  0.0848791  -0.9068   0.0000    0.162617   0.1865
  0.0849501  -0.9053   0.0000    0.162889   0.1860
  0.0850211  -0.9039   0.0000    0.163161   0.1856
  0.0850920  -0.9024   0.0000    0.163434   0.1851
  0.0851630  -0.9012   0.0000    0.163707   0.1847
  0.0852340  -0.8998   0.0000    0.163980   0.1843
  0.0853049  -0.8985   0.0000    0.164253   0.1839
  0.0853759  -0.8972   0.0000    0.164526   0.1834
  0.0854469  -0.8960   0.0000    0.164800   0.1830
 &
