# Fusion cross sections for ELAB=  32.000, ECM=  19.191
     0.5   4.608      1
     0.5   9.216     -1
     1.5   15.37      1
     1.5   30.77     -1
     2.5   27.75      1
     2.5   55.50     -1
     3.5   37.04      1
     3.5   74.23     -1
     4.5   46.49      1
     4.5   93.07     -1
     5.5   55.82      1
     5.5   111.9     -1
     6.5   65.09      1
     6.5   130.6     -1
     7.5   73.95      1
     7.5   146.5     -1
     8.5   76.58      1
     8.5   155.3     -1
     9.5   77.83      1
     9.5   151.5     -1
    10.5   63.79      1
    10.5   132.8     -1
    11.5   54.11      1
    11.5   102.7     -1
    12.5   31.69      1
    12.5   69.33     -1
    13.5   23.08      1
    13.5   41.24     -1
    14.5   9.508      1
    14.5   22.24     -1
    15.5   6.524      1
    15.5   11.24     -1
    16.5   2.262      1
    16.5   5.453     -1
    17.5   1.520      1
    17.5   2.587     -1
    18.5  0.4978      1
    18.5   1.211     -1
    19.5  0.3313      1
    19.5  0.5621     -1
    20.5  0.1064      1
    20.5  0.2595     -1
    21.5  0.7040E-01  1
    21.5  0.1193     -1
    22.5  0.2239E-01  1
    22.5  0.5466E-01 -1
    23.5  0.1474E-01  1
    23.5  0.2497E-01 -1
    24.5  0.4657E-02  1
    24.5  0.1138E-01 -1
    25.5  0.3053E-02  1
    25.5  0.5168E-02 -1
 &
