           2           1           1
    0.5+     0 1   30.50       0.000       0.000       30.50    
    0.5-     1 1   39.55       0.000       0.000       39.55    
    1.5+     2 1   55.17       0.000       0.000       55.17    
    1.5-     1 1   80.40       0.000       0.000       80.40    
    2.5+     2 1   80.81       0.000       0.000       80.81    
    2.5-     3 1   109.3       0.000       0.000       109.3    
    3.5+     4 1   70.09       0.000       0.000       70.09    
    3.5-     3 1   145.7       0.000       0.000       145.7    
    4.5+     4 1   94.94       0.000       0.000       94.94    
    4.5-     5 1   80.87       0.000       0.000       80.87    
    5.5+     6 1   24.56       0.000       0.000       24.56    
    5.5-     5 1   81.44       0.000       0.000       81.44    
    6.5+     6 1   37.03       0.000       0.000       37.03    
    6.5-     7 1   8.833       0.000       0.000       8.833    
    7.5+     8 1   2.110       0.000       0.000       2.110    
    7.5-     7 1   8.189       0.000       0.000       8.189    
    8.5+     8 1   2.574       0.000       0.000       2.574    
    8.5-     9 1  0.4608       0.000       0.000      0.4608    
    9.5+    10 1  0.1055       0.000       0.000      0.1055    
    9.5-     9 1  0.5536       0.000       0.000      0.5536    
   10.5+    10 1  0.1186       0.000       0.000      0.1186    
   10.5-    11 1  0.2423E-01   0.000       0.000      0.2423E-01
   11.5+    12 1  0.5515E-02   0.000       0.000      0.5515E-02
   11.5-    11 1  0.2659E-01   0.000       0.000      0.2659E-01
   12.5+    12 1  0.5982E-02   0.000       0.000      0.5982E-02
   12.5-    13 1  0.1241E-02   0.000       0.000      0.1241E-02
   13.5+    14 1  0.2761E-03   0.000       0.000      0.2761E-03
   13.5-    13 1  0.1336E-02   0.000       0.000      0.1336E-02
   14.5+    14 1  0.2956E-03   0.000       0.000      0.2956E-03
   14.5-    15 1  0.6081E-04   0.000       0.000      0.6081E-04
   15.5+    16 1  0.1328E-04   0.000       0.000      0.1328E-04
   15.5-    15 1  0.6482E-04   0.000       0.000      0.6482E-04
   16.5+    16 1  0.1410E-04   0.000       0.000      0.1410E-04
   16.5-    17 1  0.2877E-05   0.000       0.000      0.2877E-05
   17.5+    18 1  0.6193E-06   0.000       0.000      0.6193E-06
   17.5-    17 1  0.3045E-05   0.000       0.000      0.3045E-05
   18.5+    18 1  0.6534E-06   0.000       0.000      0.6534E-06
   18.5-    19 1  0.1325E-06   0.000       0.000      0.1325E-06
   19.5+    20 1  0.2820E-07   0.000       0.000      0.2820E-07
   19.5-    19 1  0.1394E-06   0.000       0.000      0.1394E-06
   20.5+    20 1  0.2961E-07   0.000       0.000      0.2961E-07
   20.5-    21 1  0.5976E-08   0.000       0.000      0.5976E-08
