# 181 angles,  3 tensor ranks for 0=projectile
@subtitle   "9Be(6Li,d)13C CDCC+CRC, adapted from 58Ni(6Li,d) 31-channel card"              
@legend ON
@legend x1 0.2
@legend y1 0.8
@g0 type LOGY
@yaxis ticklabel format power
@legend string   0 "Lab energy =   32.0000"
#legend string   0 "Partition=  1 Excit=  2 near/far= 1"
#  Theta       sigma       iT11        T20         T21         T22         Kyy for projectile
   0.000       15.80       0.000     -0.2793       0.000       0.000    
   1.000       15.79     -0.1043     -0.2758     -0.1596E-01  0.3020E-02
   2.000       15.76     -0.1902     -0.2649     -0.3238E-01  0.1206E-01
   3.000       15.68     -0.2433     -0.2458     -0.4983E-01  0.2686E-01
   4.000       15.59     -0.2539     -0.2161     -0.6871E-01  0.4636E-01
   5.000       15.64     -0.2177     -0.1723     -0.8852E-01  0.6734E-01
   6.000       16.16     -0.1396     -0.1128     -0.1068      0.8342E-01
   7.000       17.53     -0.3926E-01 -0.4323E-01 -0.1193      0.8678E-01
   8.000       20.11      0.5313E-01  0.2314E-01 -0.1225      0.7395E-01
   9.000       24.04      0.1156      0.7388E-01 -0.1170      0.4911E-01
   10.00       29.12      0.1456      0.1053     -0.1062      0.1999E-01
   11.00       34.78      0.1523      0.1209     -0.9345E-01 -0.7731E-02
   12.00       40.17      0.1457      0.1259     -0.8092E-01 -0.3174E-01
   13.00       44.34      0.1328      0.1242     -0.6940E-01 -0.5188E-01
   14.00       46.48      0.1171      0.1185     -0.5904E-01 -0.6885E-01
   15.00       46.13      0.9976E-01  0.1099     -0.4972E-01 -0.8351E-01
   16.00       43.26      0.8095E-01  0.9921E-01 -0.4123E-01 -0.9667E-01
   17.00       38.29      0.5992E-01  0.8636E-01 -0.3327E-01 -0.1090    
   18.00       31.93      0.3529E-01  0.7106E-01 -0.2550E-01 -0.1213    
   19.00       25.01      0.4785E-02  0.5253E-01 -0.1743E-01 -0.1341    
   20.00       18.33     -0.3539E-01  0.2936E-01 -0.8431E-02 -0.1480    
   21.00       12.51     -0.9194E-01 -0.8946E-03  0.2331E-02 -0.1636    
   22.00       7.920     -0.1766     -0.4165E-01  0.1548E-01 -0.1798    
   23.00       4.718     -0.3055     -0.9408E-01  0.2921E-01 -0.1900    
   24.00       2.852     -0.4692     -0.1387      0.3123E-01 -0.1697    
   25.00       2.134     -0.5382     -0.1086     -0.3601E-02 -0.8751E-01
   26.00       2.300     -0.4011      0.8212E-03 -0.5851E-01  0.3935E-02
   27.00       3.049     -0.2280      0.8671E-01 -0.8915E-01  0.4055E-01
   28.00       4.085     -0.1196      0.1271     -0.9772E-01  0.4375E-01
   29.00       5.138     -0.6115E-01  0.1432     -0.9690E-01  0.3781E-01
   30.00       5.985     -0.2959E-01  0.1487     -0.9248E-01  0.3129E-01
   31.00       6.470     -0.1198E-01  0.1496     -0.8636E-01  0.2644E-01
   32.00       6.518     -0.1969E-02  0.1484     -0.7901E-01  0.2382E-01
   33.00       6.132      0.3496E-02  0.1461     -0.7028E-01  0.2367E-01
   34.00       5.389      0.5789E-02  0.1434     -0.5958E-01  0.2636E-01
   35.00       4.419      0.5200E-02  0.1405     -0.4578E-01  0.3248E-01
   36.00       3.371      0.9381E-03  0.1373     -0.2674E-01  0.4289E-01
   37.00       2.387     -0.9493E-02  0.1330      0.1344E-02  0.5845E-01
   38.00       1.576     -0.3174E-01  0.1246      0.4473E-01  0.7840E-01
   39.00       1.003     -0.7539E-01  0.1041      0.1090      0.9423E-01
   40.00      0.6843     -0.1416      0.6011E-01  0.1774      0.7753E-01
   41.00      0.5992     -0.1868      0.5519E-02  0.1852      0.4655E-02
   42.00      0.7003     -0.1705     -0.1934E-01  0.1200     -0.7274E-01
   43.00      0.9273     -0.1280     -0.1505E-01  0.5077E-01 -0.1105    
   44.00       1.218     -0.9024E-01 -0.1885E-02  0.5327E-02 -0.1206    
   45.00       1.515     -0.6207E-01  0.1131E-01 -0.2116E-01 -0.1196    
   46.00       1.773     -0.4111E-01  0.2251E-01 -0.3605E-01 -0.1153    
   47.00       1.956     -0.2478E-01  0.3151E-01 -0.4384E-01 -0.1107    
   48.00       2.043     -0.1127E-01  0.3839E-01 -0.4697E-01 -0.1072    
   49.00       2.028      0.7222E-03  0.4324E-01 -0.4675E-01 -0.1052    
   50.00       1.914      0.1222E-01  0.4612E-01 -0.4388E-01 -0.1050    
   51.00       1.719      0.2415E-01  0.4712E-01 -0.3869E-01 -0.1064    
   52.00       1.468      0.3753E-01  0.4636E-01 -0.3121E-01 -0.1092    
   53.00       1.193      0.5352E-01  0.4388E-01 -0.2114E-01 -0.1128    
   54.00      0.9225      0.7369E-01  0.3959E-01 -0.7908E-02 -0.1161    
   55.00      0.6820      0.9995E-01  0.3295E-01  0.9228E-02 -0.1170    
   56.00      0.4894      0.1339      0.2277E-01  0.3022E-01 -0.1111    
   57.00      0.3540      0.1736      0.7469E-02  0.5138E-01 -0.9133E-01
   58.00      0.2769      0.2070     -0.1209E-01  0.6147E-01 -0.5277E-01
   59.00      0.2527      0.2149     -0.2875E-01  0.4817E-01 -0.6216E-02
   60.00      0.2714      0.1956     -0.3485E-01  0.1745E-01  0.2580E-01
   61.00      0.3208      0.1676     -0.3171E-01 -0.1275E-01  0.3649E-01
   62.00      0.3879      0.1438     -0.2486E-01 -0.3373E-01  0.3422E-01
   63.00      0.4612      0.1262     -0.1789E-01 -0.4575E-01  0.2692E-01
   64.00      0.5309      0.1129     -0.1236E-01 -0.5118E-01  0.1825E-01
   65.00      0.5897      0.1015     -0.8993E-02 -0.5192E-01  0.9378E-02
   66.00      0.6326      0.9046E-01 -0.8201E-02 -0.4927E-01  0.4856E-03
   67.00      0.6572      0.7858E-01 -0.1021E-01 -0.4404E-01 -0.8480E-02
   68.00      0.6634      0.6515E-01 -0.1502E-01 -0.3682E-01 -0.1754E-01
   69.00      0.6527      0.4970E-01 -0.2239E-01 -0.2807E-01 -0.2657E-01
   70.00      0.6280      0.3194E-01 -0.3184E-01 -0.1811E-01 -0.3528E-01
   71.00      0.5928      0.1183E-01 -0.4273E-01 -0.7212E-02 -0.4316E-01
   72.00      0.5512     -0.1045E-01 -0.5434E-01  0.4346E-02 -0.4958E-01
   73.00      0.5068     -0.3445E-01 -0.6596E-01  0.1622E-01 -0.5378E-01
   74.00      0.4629     -0.5929E-01 -0.7689E-01  0.2790E-01 -0.5497E-01
   75.00      0.4223     -0.8368E-01 -0.8645E-01  0.3862E-01 -0.5246E-01
   76.00      0.3868     -0.1059     -0.9397E-01  0.4741E-01 -0.4584E-01
   77.00      0.3575     -0.1241     -0.9887E-01  0.5328E-01 -0.3519E-01
   78.00      0.3347     -0.1366     -0.1007      0.5549E-01 -0.2117E-01
   79.00      0.3177     -0.1427     -0.9948E-01  0.5387E-01 -0.5023E-02
   80.00      0.3056     -0.1425     -0.9543E-01  0.4893E-01  0.1172E-01
   81.00      0.2973     -0.1369     -0.8922E-01  0.4179E-01  0.2754E-01
   82.00      0.2915     -0.1276     -0.8172E-01  0.3384E-01  0.4122E-01
   83.00      0.2872     -0.1161     -0.7388E-01  0.2641E-01  0.5189E-01
   84.00      0.2836     -0.1039     -0.6655E-01  0.2051E-01  0.5907E-01
   85.00      0.2803     -0.9233E-01 -0.6032E-01  0.1680E-01  0.6252E-01
   86.00      0.2770     -0.8234E-01 -0.5547E-01  0.1557E-01  0.6221E-01
   87.00      0.2739     -0.7458E-01 -0.5196E-01  0.1685E-01  0.5826E-01
   88.00      0.2712     -0.6939E-01 -0.4955E-01  0.2048E-01  0.5102E-01
   89.00      0.2689     -0.6677E-01 -0.4791E-01  0.2616E-01  0.4105E-01
   90.00      0.2672     -0.6646E-01 -0.4675E-01  0.3344E-01  0.2912E-01
   91.00      0.2662     -0.6802E-01 -0.4580E-01  0.4178E-01  0.1609E-01
   92.00      0.2659     -0.7089E-01 -0.4486E-01  0.5057E-01  0.2852E-02
   93.00      0.2661     -0.7456E-01 -0.4380E-01  0.5926E-01 -0.9800E-02
   94.00      0.2666     -0.7856E-01 -0.4259E-01  0.6735E-01 -0.2121E-01
   95.00      0.2671     -0.8255E-01 -0.4137E-01  0.7451E-01 -0.3092E-01
   96.00      0.2670     -0.8625E-01 -0.4033E-01  0.8051E-01 -0.3868E-01
   97.00      0.2661     -0.8944E-01 -0.3973E-01  0.8525E-01 -0.4440E-01
   98.00      0.2638     -0.9196E-01 -0.3981E-01  0.8872E-01 -0.4815E-01
   99.00      0.2599     -0.9368E-01 -0.4077E-01  0.9096E-01 -0.5007E-01
   100.0      0.2544     -0.9462E-01 -0.4279E-01  0.9206E-01 -0.5039E-01
   101.0      0.2472     -0.9486E-01 -0.4601E-01  0.9210E-01 -0.4938E-01
   102.0      0.2386     -0.9459E-01 -0.5049E-01  0.9118E-01 -0.4740E-01
   103.0      0.2287     -0.9397E-01 -0.5612E-01  0.8941E-01 -0.4484E-01
   104.0      0.2181     -0.9298E-01 -0.6258E-01  0.8703E-01 -0.4210E-01
   105.0      0.2070     -0.9140E-01 -0.6925E-01  0.8439E-01 -0.3955E-01
   106.0      0.1962     -0.8871E-01 -0.7530E-01  0.8198E-01 -0.3744E-01
   107.0      0.1860     -0.8431E-01 -0.7961E-01  0.8034E-01 -0.3587E-01
   108.0      0.1772     -0.7772E-01 -0.8095E-01  0.7992E-01 -0.3484E-01
   109.0      0.1703     -0.6900E-01 -0.7815E-01  0.8095E-01 -0.3427E-01
   110.0      0.1659     -0.5899E-01 -0.7045E-01  0.8335E-01 -0.3415E-01
   111.0      0.1642     -0.4919E-01 -0.5799E-01  0.8676E-01 -0.3453E-01
   112.0      0.1653     -0.4128E-01 -0.4197E-01  0.9067E-01 -0.3556E-01
   113.0      0.1688     -0.3642E-01 -0.2436E-01  0.9459E-01 -0.3733E-01
   114.0      0.1741     -0.3476E-01 -0.7213E-02  0.9823E-01 -0.3982E-01
   115.0      0.1803     -0.3553E-01  0.7809E-02  0.1015     -0.4280E-01
   116.0      0.1864     -0.3751E-01  0.1969E-01  0.1046     -0.4595E-01
   117.0      0.1914     -0.3952E-01  0.2789E-01  0.1076     -0.4888E-01
   118.0      0.1946     -0.4079E-01  0.3214E-01  0.1107     -0.5129E-01
   119.0      0.1953     -0.4105E-01  0.3226E-01  0.1138     -0.5305E-01
   120.0      0.1932     -0.4045E-01  0.2809E-01  0.1170     -0.5424E-01
   121.0      0.1884     -0.3938E-01  0.1950E-01  0.1202     -0.5516E-01
   122.0      0.1810     -0.3815E-01  0.6475E-02  0.1234     -0.5622E-01
   123.0      0.1715     -0.3683E-01 -0.1083E-01  0.1266     -0.5791E-01
   124.0      0.1604     -0.3502E-01 -0.3195E-01  0.1301     -0.6059E-01
   125.0      0.1484     -0.3196E-01 -0.5585E-01  0.1340     -0.6437E-01
   126.0      0.1365     -0.2675E-01 -0.8062E-01  0.1383     -0.6905E-01
   127.0      0.1258     -0.1890E-01 -0.1030      0.1426     -0.7403E-01
   128.0      0.1172     -0.9121E-02 -0.1186      0.1458     -0.7841E-01
   129.0      0.1118      0.1427E-03 -0.1226      0.1466     -0.8132E-01
   130.0      0.1100      0.5272E-02 -0.1122      0.1436     -0.8241E-01
   131.0      0.1122      0.3317E-02 -0.8880E-01  0.1365     -0.8209E-01
   132.0      0.1180     -0.6136E-02 -0.5719E-01  0.1264     -0.8123E-01
   133.0      0.1267     -0.2082E-01 -0.2354E-01  0.1153     -0.8059E-01
   134.0      0.1373     -0.3733E-01  0.7392E-02  0.1050     -0.8039E-01
   135.0      0.1482     -0.5272E-01  0.3312E-01  0.9677E-01 -0.8037E-01
   136.0      0.1583     -0.6526E-01  0.5287E-01  0.9111E-01 -0.8010E-01
   137.0      0.1661     -0.7439E-01  0.6680E-01  0.8810E-01 -0.7920E-01
   138.0      0.1707     -0.8034E-01  0.7530E-01  0.8758E-01 -0.7747E-01
   139.0      0.1715     -0.8370E-01  0.7867E-01  0.8941E-01 -0.7497E-01
   140.0      0.1680     -0.8511E-01  0.7697E-01  0.9356E-01 -0.7189E-01
   141.0      0.1605     -0.8494E-01  0.6995E-01  0.1003     -0.6861E-01
   142.0      0.1493     -0.8309E-01  0.5695E-01  0.1100     -0.6555E-01
   143.0      0.1353     -0.7878E-01  0.3695E-01  0.1237     -0.6317E-01
   144.0      0.1197     -0.7045E-01  0.8592E-02  0.1422     -0.6198E-01
   145.0      0.1037     -0.5593E-01 -0.2942E-01  0.1667     -0.6257E-01
   146.0      0.8917E-01 -0.3341E-01 -0.7703E-01  0.1968     -0.6571E-01
   147.0      0.7758E-01 -0.3828E-02 -0.1300      0.2288     -0.7237E-01
   148.0      0.7047E-01  0.2541E-01 -0.1762      0.2530     -0.8320E-01
   149.0      0.6906E-01  0.4030E-01 -0.1982      0.2565     -0.9731E-01
   150.0      0.7412E-01  0.3014E-01 -0.1860      0.2340     -0.1118    
   151.0      0.8585E-01 -0.1741E-02 -0.1481      0.1943     -0.1235    
   152.0      0.1038     -0.4275E-01 -0.1015      0.1516     -0.1312    
   153.0      0.1270     -0.8247E-01 -0.5830E-01  0.1147     -0.1355    
   154.0      0.1538     -0.1164     -0.2277E-01  0.8598E-01 -0.1373    
   155.0      0.1823     -0.1438      0.5141E-02  0.6468E-01 -0.1372    
   156.0      0.2104     -0.1658      0.2689E-01  0.4915E-01 -0.1356    
   157.0      0.2362     -0.1838      0.4404E-01  0.3786E-01 -0.1329    
   158.0      0.2577     -0.1990      0.5783E-01  0.2965E-01 -0.1291    
   159.0      0.2733     -0.2123      0.6918E-01  0.2370E-01 -0.1243    
   160.0      0.2821     -0.2242      0.7868E-01  0.1949E-01 -0.1184    
   161.0      0.2837     -0.2348      0.8674E-01  0.1675E-01 -0.1114    
   162.0      0.2780     -0.2436      0.9351E-01  0.1544E-01 -0.1028    
   163.0      0.2661     -0.2493      0.9895E-01  0.1567E-01 -0.9240E-01
   164.0      0.2493     -0.2501      0.1027      0.1775E-01 -0.7947E-01
   165.0      0.2293     -0.2434      0.1038      0.2205E-01 -0.6340E-01
   166.0      0.2084     -0.2257      0.1011      0.2892E-01 -0.4363E-01
   167.0      0.1888     -0.1935      0.9255E-01  0.3842E-01 -0.2022E-01
   168.0      0.1727     -0.1447      0.7635E-01  0.4994E-01  0.5522E-02
   169.0      0.1619     -0.8102E-01  0.5159E-01  0.6184E-01  0.3047E-01
   170.0      0.1575     -0.1083E-01  0.1985E-01  0.7151E-01  0.5020E-01
   171.0      0.1601      0.5332E-01 -0.1453E-01  0.7646E-01  0.6093E-01
   172.0      0.1694      0.1003     -0.4626E-01  0.7567E-01  0.6176E-01
   173.0      0.1846      0.1258     -0.7165E-01  0.6993E-01  0.5487E-01
   174.0      0.2041      0.1317     -0.8973E-01  0.6103E-01  0.4381E-01
   175.0      0.2261      0.1233     -0.1014      0.5070E-01  0.3172E-01
   176.0      0.2482      0.1056     -0.1085      0.4004E-01  0.2065E-01
   177.0      0.2682      0.8246E-01 -0.1124      0.2960E-01  0.1166E-01
   178.0      0.2842      0.5625E-01 -0.1144      0.1951E-01  0.5174E-02
   179.0      0.2944      0.2846E-01 -0.1154      0.9681E-02  0.1290E-02
   180.0      0.2980       0.000     -0.1157       0.000       0.000    
 END
