 Integrated cross sections for all states
  1  1  3  3.2000E+01  1.4737
   1  31
  1.0  1  0.0000  1.5 -1  0.0000  1.7077E+03  2.8810E+03  1.1733E+03
  3.0  1  2.1860  1.5 -1  0.0000  2.1560E+01
  1.0  1  1.5571  1.5 -1  0.0000  1.0507E-01
  1.0  1  1.8657  1.5 -1  0.0000  2.4187E+00
  1.0  1  2.4930  1.5 -1  0.0000  2.0374E+00
  1.0  1  3.4338  1.5 -1  0.0000  6.9645E+00
  0.0 -1  1.5571  1.5 -1  0.0000  5.3625E-03
  1.0 -1  1.5571  1.5 -1  0.0000  1.5970E-02
  2.0 -1  1.5571  1.5 -1  0.0000  4.7359E-02
  0.0 -1  1.8657  1.5 -1  0.0000  2.6088E-01
  1.0 -1  1.8657  1.5 -1  0.0000  7.0373E-01
  2.0 -1  1.8657  1.5 -1  0.0000  1.4498E+00
  0.0 -1  2.4930  1.5 -1  0.0000  8.6605E-01
  1.0 -1  2.4930  1.5 -1  0.0000  2.5541E+00
  2.0 -1  2.4930  1.5 -1  0.0000  2.7531E+00
  0.0 -1  3.4338  1.5 -1  0.0000  1.0827E+00
  1.0 -1  3.4338  1.5 -1  0.0000  4.3275E+00
  2.0 -1  3.4338  1.5 -1  0.0000  3.4340E+00
  3.0  1  3.2182  1.5 -1  0.0000  4.8724E+00
  2.0 -1  1.5571  1.5 -1  0.0000  3.0088E-03
  3.0 -1  1.5571  1.5 -1  0.0000  3.6504E-03
  4.0 -1  1.5571  1.5 -1  0.0000  6.0892E-03
  2.0 -1  1.8657  1.5 -1  0.0000  8.4910E-01
  3.0 -1  1.8657  1.5 -1  0.0000  9.6369E-01
  4.0 -1  1.8657  1.5 -1  0.0000  1.3579E+00
  2.0 -1  2.4930  1.5 -1  0.0000  1.4504E+00
  3.0 -1  2.4930  1.5 -1  0.0000  1.8272E+00
  4.0 -1  2.4930  1.5 -1  0.0000  3.2874E+00
  2.0 -1  3.4338  1.5 -1  0.0000  6.1531E-01
  3.0 -1  3.4338  1.5 -1  0.0000  1.0708E+00
  4.0 -1  3.4338  1.5 -1  0.0000  2.7480E+00
   2   1
  0.0  1  0.0000  1.5 -1  0.0000  0.0000E+00
   3   2
  1.0  1  0.0000  0.5 -1  0.0000  1.2261E-01
  1.0  1  0.0000  1.5  1  7.6880  1.3827E-01
