# 181 angles,  3 tensor ranks for 0=projectile
@subtitle   "9Be(6Li,d)13C CDCC+CRC, adapted from 58Ni(6Li,d) 31-channel card"              
@legend ON
@legend x1 0.2
@legend y1 0.8
@g0 type LOGY
@yaxis ticklabel format power
@legend string   0 "Lab energy =   32.0000"
#legend string   0 "Partition=  1 Excit=  8 near/far= 1"
#  Theta       sigma       iT11        T20         T21         T22         Kyy for projectile
   0.000      0.1182       0.000      0.7071       0.000       0.000    
   1.000      0.1166     -0.4432E-01  0.7043     -0.3821E-02  0.3549E-02
   2.000      0.1118     -0.8334E-01  0.6970     -0.4322E-02  0.1365E-01
   3.000      0.1040     -0.1125      0.6884      0.1267E-02  0.2897E-01
   4.000      0.9353E-01 -0.1280      0.6819      0.1484E-01  0.4806E-01
   5.000      0.8104E-01 -0.1270      0.6798      0.3727E-01  0.7014E-01
   6.000      0.6769E-01 -0.1065      0.6813      0.6813E-01  0.9564E-01
   7.000      0.5467E-01 -0.6389E-01  0.6817      0.1050      0.1265    
   8.000      0.4302E-01  0.1135E-02  0.6710      0.1422      0.1655    
   9.000      0.3332E-01  0.8372E-01  0.6362      0.1703      0.2150    
   10.00      0.2563E-01  0.1711      0.5677      0.1777      0.2747    
   11.00      0.1961E-01  0.2448      0.4665      0.1555      0.3397    
   12.00      0.1480E-01  0.2879      0.3467      0.1018      0.4021    
   13.00      0.1082E-01  0.2906      0.2282      0.2034E-01  0.4534    
   14.00      0.7505E-02  0.2480      0.1302     -0.8342E-01  0.4852    
   15.00      0.4864E-02  0.1524      0.7331E-01 -0.2027      0.4830    
   16.00      0.2967E-02 -0.7756E-02  0.9291E-01 -0.3140      0.4186    
   17.00      0.1829E-02 -0.2132      0.2425     -0.3345      0.2614    
   18.00      0.1345E-02 -0.3219      0.4850     -0.1446      0.8743E-01
   19.00      0.1316E-02 -0.2161      0.5980      0.1352      0.8941E-01
   20.00      0.1511E-02 -0.5111E-01  0.5346      0.2753      0.2381    
   21.00      0.1739E-02  0.5353E-01  0.4169      0.2822      0.3992    
   22.00      0.1883E-02  0.9804E-01  0.3033      0.2224      0.5218    
   23.00      0.1903E-02  0.1064      0.2018      0.1275      0.5928    
   24.00      0.1816E-02  0.1002      0.1083      0.6513E-02  0.6009    
   25.00      0.1664E-02  0.1009      0.1892E-01 -0.1377      0.5332    
   26.00      0.1496E-02  0.1318     -0.6572E-01 -0.2959      0.3842    
   27.00      0.1356E-02  0.2124     -0.1378     -0.4414      0.1732    
   28.00      0.1278E-02  0.3406     -0.1823     -0.5278     -0.4053E-01
   29.00      0.1284E-02  0.4784     -0.1870     -0.5140     -0.1746    
   30.00      0.1388E-02  0.5710     -0.1576     -0.4061     -0.1826    
   31.00      0.1588E-02  0.5922     -0.1171     -0.2587     -0.9120E-01
   32.00      0.1878E-02  0.5581     -0.8805E-01 -0.1283      0.3621E-01
   33.00      0.2240E-02  0.5021     -0.8028E-01 -0.4198E-01  0.1497    
   34.00      0.2657E-02  0.4514     -0.9156E-01  0.2712E-03  0.2274    
   35.00      0.3108E-02  0.4205     -0.1136      0.1094E-01  0.2668    
   36.00      0.3570E-02  0.4126     -0.1367      0.4689E-02  0.2743    
   37.00      0.4020E-02  0.4241     -0.1523     -0.6573E-02  0.2588    
   38.00      0.4433E-02  0.4481     -0.1550     -0.1522E-01  0.2285    
   39.00      0.4785E-02  0.4771     -0.1421     -0.1767E-01  0.1906    
   40.00      0.5049E-02  0.5050     -0.1138     -0.1338E-01  0.1501    
   41.00      0.5204E-02  0.5274     -0.7189E-01 -0.3615E-02  0.1106    
   42.00      0.5236E-02  0.5417     -0.1901E-01  0.9551E-02  0.7450E-01
   43.00      0.5138E-02  0.5467      0.4207E-01  0.2387E-01  0.4309E-01
   44.00      0.4919E-02  0.5422      0.1089      0.3724E-01  0.1719E-01
   45.00      0.4595E-02  0.5284      0.1792      0.4774E-01 -0.2647E-02
   46.00      0.4195E-02  0.5061      0.2511      0.5365E-01 -0.1589E-01
   47.00      0.3750E-02  0.4761      0.3224      0.5350E-01 -0.2185E-01
   48.00      0.3294E-02  0.4397      0.3905      0.4621E-01 -0.1956E-01
   49.00      0.2855E-02  0.3989      0.4525      0.3140E-01 -0.7974E-02
   50.00      0.2454E-02  0.3561      0.5051      0.9782E-02  0.1379E-01
   51.00      0.2104E-02  0.3146      0.5460     -0.1663E-01  0.4587E-01
   52.00      0.1806E-02  0.2773      0.5737     -0.4473E-01  0.8711E-01
   53.00      0.1560E-02  0.2468      0.5887     -0.7108E-01  0.1348    
   54.00      0.1360E-02  0.2247      0.5929     -0.9286E-01  0.1850    
   55.00      0.1197E-02  0.2113      0.5889     -0.1085      0.2330    
   56.00      0.1066E-02  0.2067      0.5785     -0.1179      0.2743    
   57.00      0.9610E-03  0.2106      0.5629     -0.1213      0.3053    
   58.00      0.8772E-03  0.2226      0.5427     -0.1190      0.3238    
   59.00      0.8105E-03  0.2419      0.5184     -0.1107      0.3291    
   60.00      0.7574E-03  0.2669      0.4908     -0.9574E-01  0.3221    
   61.00      0.7146E-03  0.2951      0.4612     -0.7387E-01  0.3044    
   62.00      0.6793E-03  0.3241      0.4306     -0.4541E-01  0.2785    
   63.00      0.6491E-03  0.3516      0.4002     -0.1150E-01  0.2467    
   64.00      0.6220E-03  0.3761      0.3704      0.2633E-01  0.2113    
   65.00      0.5965E-03  0.3967      0.3416      0.6654E-01  0.1744    
   66.00      0.5714E-03  0.4129      0.3142      0.1079      0.1378    
   67.00      0.5457E-03  0.4242      0.2884      0.1496      0.1031    
   68.00      0.5186E-03  0.4304      0.2650      0.1907      0.7139E-01
   69.00      0.4891E-03  0.4314      0.2450      0.2307      0.4292E-01
   70.00      0.4565E-03  0.4273      0.2292      0.2689      0.1736E-01
   71.00      0.4204E-03  0.4187      0.2182      0.3050     -0.6122E-02
   72.00      0.3815E-03  0.4065      0.2120      0.3385     -0.2851E-01
   73.00      0.3406E-03  0.3912      0.2101      0.3695     -0.5064E-01
   74.00      0.2997E-03  0.3735      0.2118      0.3980     -0.7303E-01
   75.00      0.2605E-03  0.3532      0.2165      0.4244     -0.9583E-01
   76.00      0.2246E-03  0.3297      0.2242      0.4490     -0.1189    
   77.00      0.1930E-03  0.3018      0.2357      0.4717     -0.1419    
   78.00      0.1663E-03  0.2680      0.2525      0.4916     -0.1645    
   79.00      0.1444E-03  0.2275      0.2764      0.5063     -0.1862    
   80.00      0.1265E-03  0.1809      0.3086      0.5129     -0.2064    
   81.00      0.1121E-03  0.1302      0.3492      0.5082     -0.2240    
   82.00      0.1001E-03  0.7828E-01  0.3969      0.4901     -0.2367    
   83.00      0.9007E-04  0.2794E-01  0.4490      0.4578     -0.2414    
   84.00      0.8144E-04 -0.1863E-01  0.5020      0.4116     -0.2339    
   85.00      0.7396E-04 -0.5973E-01  0.5520      0.3527     -0.2102    
   86.00      0.6747E-04 -0.9394E-01  0.5959      0.2834     -0.1671    
   87.00      0.6189E-04 -0.1199      0.6314      0.2070     -0.1035    
   88.00      0.5719E-04 -0.1363      0.6566      0.1277     -0.2050E-01
   89.00      0.5335E-04 -0.1421      0.6702      0.5085E-01  0.7815E-01
   90.00      0.5036E-04 -0.1370      0.6714     -0.1796E-01  0.1858    
   91.00      0.4812E-04 -0.1223      0.6611     -0.7368E-01  0.2937    
   92.00      0.4646E-04 -0.1008      0.6422     -0.1134      0.3931    
   93.00      0.4515E-04 -0.7655E-01  0.6189     -0.1372      0.4779    
   94.00      0.4391E-04 -0.5351E-01  0.5949     -0.1477      0.5453    
   95.00      0.4254E-04 -0.3490E-01  0.5720     -0.1490      0.5961    
   96.00      0.4089E-04 -0.2267E-01  0.5502     -0.1450      0.6324    
   97.00      0.3895E-04 -0.1762E-01  0.5283     -0.1390      0.6572    
   98.00      0.3678E-04 -0.1980E-01  0.5041     -0.1331      0.6727    
   99.00      0.3457E-04 -0.2895E-01  0.4753     -0.1273      0.6802    
   100.0      0.3255E-04 -0.4451E-01  0.4387     -0.1207      0.6798    
   101.0      0.3098E-04 -0.6535E-01  0.3920     -0.1113      0.6711    
   102.0      0.3005E-04 -0.8932E-01  0.3342     -0.9799E-01  0.6542    
   103.0      0.2982E-04 -0.1135      0.2677     -0.8064E-01  0.6307    
   104.0      0.3023E-04 -0.1353      0.1966     -0.6052E-01  0.6033    
   105.0      0.3112E-04 -0.1526      0.1252     -0.3922E-01  0.5748    
   106.0      0.3231E-04 -0.1645      0.5615E-01 -0.1798E-01  0.5475    
   107.0      0.3364E-04 -0.1702     -0.9319E-02  0.2396E-02  0.5228    
   108.0      0.3493E-04 -0.1690     -0.6996E-01  0.2139E-01  0.5019    
   109.0      0.3601E-04 -0.1607     -0.1240      0.3854E-01  0.4853    
   110.0      0.3674E-04 -0.1452     -0.1688      0.5344E-01  0.4736    
   111.0      0.3698E-04 -0.1233     -0.2018      0.6551E-01  0.4671    
   112.0      0.3669E-04 -0.9670E-01 -0.2207      0.7400E-01  0.4660    
   113.0      0.3588E-04 -0.6762E-01 -0.2247      0.7796E-01  0.4699    
   114.0      0.3466E-04 -0.3921E-01 -0.2155      0.7670E-01  0.4779    
   115.0      0.3317E-04 -0.1512E-01 -0.1985      0.7044E-01  0.4878    
   116.0      0.3160E-04  0.1019E-02 -0.1828      0.6125E-01  0.4962    
   117.0      0.3017E-04  0.6588E-02 -0.1800      0.5355E-01  0.4985    
   118.0      0.2905E-04  0.1351E-02 -0.1998      0.5374E-01  0.4906    
   119.0      0.2836E-04 -0.1167E-01 -0.2445      0.6828E-01  0.4700    
   120.0      0.2809E-04 -0.2680E-01 -0.3061      0.1010      0.4377    
   121.0      0.2812E-04 -0.3776E-01 -0.3685      0.1513      0.3974    
   122.0      0.2828E-04 -0.3981E-01 -0.4146      0.2145      0.3539    
   123.0      0.2839E-04 -0.3052E-01 -0.4318      0.2834      0.3111    
   124.0      0.2832E-04 -0.9472E-02 -0.4149      0.3497      0.2717    
   125.0      0.2798E-04  0.2221E-01 -0.3650      0.4053      0.2376    
   126.0      0.2731E-04  0.6223E-01 -0.2883      0.4437      0.2104    
   127.0      0.2625E-04  0.1075     -0.1933      0.4606      0.1918    
   128.0      0.2481E-04  0.1543     -0.8962E-01  0.4544      0.1841    
   129.0      0.2301E-04  0.1989      0.1301E-01  0.4260      0.1898    
   130.0      0.2097E-04  0.2377      0.1041      0.3784      0.2108    
   131.0      0.1881E-04  0.2677      0.1720      0.3181      0.2473    
   132.0      0.1668E-04  0.2864      0.2048      0.2559      0.2947    
   133.0      0.1471E-04  0.2919      0.1932      0.2079      0.3427    
   134.0      0.1302E-04  0.2828      0.1355      0.1928      0.3747    
   135.0      0.1167E-04  0.2588      0.4429E-01  0.2255      0.3713    
   136.0      0.1073E-04  0.2219     -0.5148E-01  0.3071      0.3182    
   137.0      0.1014E-04  0.1776     -0.1140      0.4190      0.2157    
   138.0      0.9855E-05  0.1338     -0.1147      0.5291      0.8007E-01
   139.0      0.9757E-05  0.9695E-01 -0.4787E-01  0.6076     -0.6428E-01
   140.0      0.9768E-05  0.7011E-01  0.7065E-01  0.6370     -0.1944    
   141.0      0.9831E-05  0.5388E-01  0.2134      0.6146     -0.2930    
   142.0      0.9911E-05  0.4753E-01  0.3526      0.5489     -0.3494    
   143.0      0.9965E-05  0.4992E-01  0.4687      0.4563     -0.3605    
   144.0      0.9937E-05  0.5972E-01  0.5547      0.3547     -0.3289    
   145.0      0.9787E-05  0.7552E-01  0.6128      0.2581     -0.2590    
   146.0      0.9515E-05  0.9573E-01  0.6483      0.1748     -0.1538    
   147.0      0.9169E-05  0.1183      0.6647      0.1079     -0.1536E-01
   148.0      0.8825E-05  0.1398      0.6624      0.5751E-01  0.1503    
   149.0      0.8553E-05  0.1555      0.6417      0.2283E-01  0.3291    
   150.0      0.8399E-05  0.1585      0.6037      0.3743E-02  0.4985    
   151.0      0.8389E-05  0.1423      0.5506      0.1966E-02  0.6327    
   152.0      0.8542E-05  0.1030      0.4846      0.2034E-01  0.7100    
   153.0      0.8861E-05  0.4268E-01  0.4099      0.6040E-01  0.7183    
   154.0      0.9325E-05 -0.3030E-01  0.3355      0.1202      0.6591    
   155.0      0.9877E-05 -0.1047      0.2740      0.1945      0.5437    
   156.0      0.1045E-04 -0.1698      0.2386      0.2759      0.3872    
   157.0      0.1104E-04 -0.2161      0.2391      0.3546      0.2054    
   158.0      0.1167E-04 -0.2342      0.2792      0.4171      0.1736E-01
   159.0      0.1246E-04 -0.2159      0.3543      0.4475     -0.1506    
   160.0      0.1354E-04 -0.1590      0.4494      0.4334     -0.2686    
   161.0      0.1503E-04 -0.7147E-01  0.5435      0.3731     -0.3136    
   162.0      0.1704E-04  0.2989E-01  0.6153      0.2779     -0.2785    
   163.0      0.1966E-04  0.1252      0.6502      0.1671     -0.1726    
   164.0      0.2302E-04  0.1978      0.6428      0.6125E-01 -0.1795E-01
   165.0      0.2720E-04  0.2382      0.5983     -0.2289E-01  0.1578    
   166.0      0.3227E-04  0.2454      0.5292     -0.7570E-01  0.3281    
   167.0      0.3819E-04  0.2240      0.4503     -0.9454E-01  0.4734    
   168.0      0.4482E-04  0.1815      0.3748     -0.8188E-01  0.5820    
   169.0      0.5201E-04  0.1258      0.3122     -0.4323E-01  0.6490    
   170.0      0.5958E-04  0.6412E-01  0.2690      0.1406E-01  0.6742    
   171.0      0.6729E-04  0.3219E-02  0.2494      0.8137E-01  0.6603    
   172.0      0.7487E-04 -0.5130E-01  0.2557      0.1496      0.6127    
   173.0      0.8202E-04 -0.9511E-01  0.2878      0.2098      0.5383    
   174.0      0.8846E-04 -0.1252      0.3432      0.2541      0.4449    
   175.0      0.9401E-04 -0.1397      0.4159      0.2756      0.3412    
   176.0      0.9859E-04 -0.1378      0.4972      0.2699      0.2368    
   177.0      0.1022E-03 -0.1202      0.5763      0.2353      0.1417    
   178.0      0.1048E-03 -0.8869E-01  0.6420      0.1741      0.6579E-01
   179.0      0.1065E-03 -0.4704E-01  0.6853      0.9252E-01  0.1688E-01
   180.0      0.1070E-03   0.000      0.7004       0.000       0.000    
 END
